0.131253
0.135007
0.151753
0.143384
0.151753
0.145235
0.153022
0.16798
0.220674
0.220674
0.188686
0.173115
0.141024
0.170635
0.210997
0.210997
0.15758
0.143987
0.171356
0.171356
0.153291
0.170525
0.170525
0.154778
0.173115
0.160657
0.189489
0.148702
0.161902
0.161902
0.154582
0.189489
0.138103
0.130667
0.143818
0.143818
0.143557
0.135571
0.132591
0.14925
0.147137
0.156471
0.146537
0.138242
0.144881
0.138242
0.156471
0.148932
0.132711
0.202416
0.202416
0.144954
0.13928
0.18
0.138886
0.133066
0.133066
0.136406
0.124407
0.134821
0.132105
0.135308
0.132245
0.181904
0.143659
0.153892
0.182538
0.162074
0.164331
0.201449
0.28825
0.28825
0.153266
0.182538
0.186881
0.181904
0.162602
0.164456
0.164019
0.164456
0.17532
0.242722
0.242722
0.186881
0.164019
0.163809
0.163809
0.170155
0.170155
0.159617
0.171218
0.171218
0.18
0.146542
0.13904
0.141782
0.165159
0.165159
0.150422
0.198424
0.203872
0.203872
0.134405
0.159425
0.159425
0.145968
0.133348
0.156422
0.148932
0.143253
0.15527
0.15527
0.170308
0.170308
0.139047
0.139837
0.148421
0.136279
0.134114
0.118267
0.148421
0.128368
0.126947
0.125071
0.146816
0.146816
0.115309
0.140757
0.140757
0.120013
0.116943
0.119869
0.105408
0.113166
0.113166
0.119103
0.119103
0.131858
0.131858
0.11916
0.114991
0.120131
0.120131
0.121855
0.114976
0.102121
0.115999
0.115999
0.107484
0.121521
0.117846
0.140429
0.153401
0.153401
0.165871
0.147127
0.15068
0.156249
0.286853
0.286853
0.160587
0.143431
0.165871
0.136151
0.130391
0.113773
0.136151
0.113773
0.108685
0.108685
0.106664
0.121855
0.0871806
0.101788
0.101788
0.111674
0.111674
0.0949564
0.0951385
0.137386
0.137386
0.114936
0.107412
0.107114
0.122779
0.122779
0.0962414
0.0918384
0.112992
0.112992
0.0967188
0.122455
0.122455
0.10675
0.111121
0.111121
0.113645
0.117543
0.152834
0.152834
0.118573
0.12573
0.12573
0.115759
0.123174
0.134545
0.136303
0.136303
0.111878
0.101371
0.101371
0.093187
0.110006
0.121138
0.121138
0.0992082
0.0995292
0.0937744
0.079762
0.0802618
0.0919845
0.138041
0.138041
0.131736
0.0911799
0.105444
0.105444
0.090005
0.105192
0.107242
0.10226
0.107242
0.129541
0.129541
0.136794
0.136794
0.134028
0.13395
0.13373
0.119241
0.109956
0.119241
0.125118
0.125118
0.127434
0.127434
0.120225
0.120225
0.120723
0.15594
0.15594
0.123733
0.126978
0.126978
0.126832
0.1274
0.121807
0.1274
0.120428
0.120428
0.112903
0.127753
0.127753
0.107199
0.122307
0.122307
0.111198
0.111198
0.0956405
0.106446
0.106446
0.107582
0.118043
0.118043
0.11897
0.103664
0.11897
0.10153
0.10153
0.108943
0.120789
0.120789
0.112996
0.112996
0.106677
0.12417
0.129065
0.14473
0.14473
0.161983
0.161983
0.138186
0.114961
0.150843
0.150843
0.126005
0.101347
0.0971019
0.0969063
0.10797
0.11938
0.11938
0.100796
0.100796
0.0949053
0.107857
0.107857
0.109169
0.109169
0.140542
0.140542
0.132609
0.147401
0.147401
0.144556
0.148031
0.155955
0.155955
0.159643
0.159643
0.149568
0.146481
0.146791
0.146791
0.14606
0.138019
0.131898
0.129636
0.148689
0.149293
0.149293
0.156842
0.153664
0.156842
0.163474
0.163474
0.163324
0.163324
0.169792
0.174538
0.174538
0.166742
0.169792
0.177121
0.177121
0.174261
0.189003
0.195862
0.196896
0.196896
0.186864
0.156762
0.155247
0.163508
0.163508
0.153733
0.153733
0.141041
0.131376
0.128141
0.10893
0.0967441
0.0903129
0.102522
0.102522
0.106904
0.11753
0.11753
0.135584
0.135584
0.115706
0.115706
0.10303
0.113184
0.130175
0.130175
0.102956
0.125799
0.131812
0.131812
0.129181
0.136208
0.167708
0.167708
0.1461
0.134525
0.120471
0.12466
0.12466
0.121959
0.130452
0.177224
0.177224
0.140495
0.136829
0.146762
0.146762
0.137309
0.136494
0.136494
0.151753
0.151753
0.134156
0.134156
0.136781
0.136781
0.123239
0.123239
0.154528
0.157875
0.157875
0.166568
0.166568
0.1493
0.126341
0.124831
0.123986
0.126403
0.138969
0.140985
0.140985
0.133152
0.133152
0.13261
0.126633
0.131836
0.146517
0.146517
0.153608
0.153608
0.123021
0.124059
0.124059
0.119901
0.138208
0.143677
0.143677
0.140332
0.1377
0.129809
0.122303
0.131946
0.147682
0.147682
0.139422
0.139422
0.137258
0.13767
0.13767
0.0980994
0.133805
0.133805
0.125411
0.122756
0.122756
0.114633
0.117634
0.117634
0.118197
0.131113
0.131113
0.134926
0.134926
0.140477
0.140477
0.124179
0.117303
0.110356
0.106708
0.116912
0.116912
0.0980354
0.0997518
0.112447
0.112447
0.107117
0.10661
0.118607
0.118607
0.111536
0.154483
0.154483
0.147457
0.130457
0.129439
0.131737
0.131737
0.129663
0.11682
0.103565
0.0954103
0.112217
0.125155
0.125155
0.119467
0.138185
0.138185
0.11668
0.124801
0.148903
0.148903
0.137876
0.137876
0.138736
0.144945
0.144945
0.162787
0.162787
0.132609
0.143009
0.121729
0.123543
0.138231
0.133703
0.133165
0.138231
0.120739
0.127013
0.11815
0.11815
0.109691
0.113449
0.117687
0.143493
0.143493
0.142195
0.142195
0.133533
0.154714
0.154714
0.145925
0.139112
0.148531
0.148531
0.119124
0.119124
0.100475
0.10162
0.10162
0.0954045
0.0969577
0.103617
0.114486
0.141268
0.141268
0.136823
0.122324
0.123445
0.123445
0.129239
0.135397
0.138659
0.138659
0.125504
0.125504
0.140286
0.140286
0.133766
0.127505
0.122391
0.150547
0.150547
0.127628
0.127628
0.169519
0.169519
0.167585
0.10456
0.0939065
0.0939065
0.0903454
0.0903454
0.0783836
0.0883142
0.0883142
0.0975336
0.115835
0.115835
0.0702502
0.0636706
0.0968055
0.093749
0.125256
0.127388
0.129706
0.129706
0.145751
0.145751
0.115872
0.111038
0.120045
0.120045
0.113943
0.100818
0.100622
0.100622
0.0737145
0.0844908
0.0808439
0.0771816
0.0771816
0.0841253
0.0942021
0.105603
0.0911896
0.101734
0.119693
0.14231
0.150603
0.143537
0.150603
0.150761
0.150761
0.124477
0.124477
0.103048
0.0861343
0.0861343
0.0836825
0.0953507
0.0953507
0.0876159
0.083091
0.0961185
0.0961185
0.101972
0.101972
0.0993182
0.0958723
0.0971821
0.108255
0.108255
0.103451
0.104354
0.122618
0.129467
0.139404
0.139404
0.134015
0.130648
0.101176
0.105091
0.105091
0.111628
0.111628
0.138419
0.145327
0.145327
0.140781
0.152677
0.148723
0.158316
0.169642
0.169642
0.130381
0.137376
0.16718
0.16718
0.153837
0.130376
0.126597
0.130777
0.113089
0.122292
0.126283
0.129773
0.133932
0.133932
0.124905
0.124905
0.105072
0.105072
0.120292
0.120292
0.122326
0.130077
0.130077
0.105062
0.211285
0.211285
0.200137
0.200137
0.13866
0.123584
0.116593
0.116593
0.102919
0.102919
0.0973059
0.0973059
0.0904434
0.0669152
0.0792695
0.0792695
0.092882
0.113853
0.113853
0.0858497
0.072717
0.068395
0.088209
0.106003
0.106003
0.0983654
0.109641
0.109641
0.122645
0.12493
0.12493
0.105265
0.105265
0.12956
0.146614
0.146614
0.109232
0.107915
0.107915
0.125719
0.125719
0.11666
0.11666
0.109286
0.11008
0.11008
0.0988653
0.0851166
0.0905929
0.107076
0.107076
0.089773
0.0946413
0.0946413
0.0887018
0.0984831
0.0984831
0.139808
0.139808
0.140277
0.140277
0.116016
0.119768
0.0979151
0.0979151
0.116375
0.116375
0.0911967
0.0911967
0.0949328
0.0860284
0.0932642
0.131408
0.131408
0.0900128
0.103421
0.0812343
0.0714528
0.0714528
0.0959748
0.0959748
0.0940991
0.0927081
0.10971
0.10971
0.0966099
0.0966099
0.0869663
0.0835681
0.0746422
0.0823542
0.079023
0.105733
0.105733
0.0896588
0.0766498
0.0990923
0.0990923
0.101018
0.100835
0.101018
0.0975074
0.101727
0.111915
0.123857
0.123857
0.108341
0.12899
0.12899
0.142467
0.142467
0.134686
0.134686
0.123058
0.146071
0.146071
0.130296
0.130296
0.133815
0.133815
0.134767
0.128068
0.134767
0.131429
0.131429
0.121833
0.127941
0.142505
0.142505
0.140944
0.140944
0.121938
0.118702
0.118702
0.0911665
0.0956633
0.0956633
0.0884827
0.0761131
0.0612832
0.0761131
0.114417
0.114417
0.129204
0.129204
0.108729
0.108729
0.135529
0.135529
0.119038
0.108459
0.142717
0.151891
0.151891
0.136794
0.109313
0.112298
0.112298
0.118079
0.118079
0.11991
0.11991
0.121703
0.121703
0.142036
0.142036
0.121676
0.136581
0.123445
0.149041
0.149041
0.138513
0.132084
0.13242
0.13242
0.120147
0.154576
0.154576
0.139295
0.139295
0.1413
0.1413
0.120786
0.10524
0.105083
0.105083
0.100168
0.100168
0.0868403
0.0868403
0.118866
0.118866
0.111748
0.107212
0.107474
0.146425
0.146425
0.142923
0.135583
0.144302
0.144302
0.142084
0.159713
0.159713
0.13459
0.141953
0.147706
0.147706
0.12192
0.119934
0.134079
0.134079
0.123883
0.123883
0.126704
0.126704
0.116196
0.119813
0.126854
0.126854
0.113449
0.130111
0.130111
0.099992
0.126465
0.135002
0.140745
0.140745
0.128857
0.123007
0.147109
0.155492
0.155492
0.130837
0.126298
0.140756
0.140756
0.16762
0.16762
0.156303
0.17287
0.17287
0.169325
0.187758
0.211829
0.211829
0.200601
0.166336
0.205292
0.2062
0.218776
0.218776
0.207883
0.219154
0.219154
0.213149
0.194312
0.230163
0.230163
0.190245
0.169195
0.153479
0.149563
0.150541
0.193147
0.196881
0.196881
0.18713
0.192991
0.192991
0.196676
0.196676
0.173254
0.212084
0.212084
0.190676
0.19749
0.19749
0.197346
0.185104
0.185104
0.190248
0.207517
0.207517
0.175013
0.175013
0.186546
0.186546
0.181165
0.181328
0.181328
0.182895
0.182895
0.177668
0.186103
0.186103
0.166587
0.186905
0.215908
0.215908
0.178868
0.207155
0.207155
0.157498
0.172739
0.188829
0.188829
0.181812
0.181812
0.170903
0.170903
0.193253
0.193253
0.186741
0.190556
0.190556
0.187372
0.187372
0.18322
0.19803
0.19803
0.216751
0.216751
0.190616
0.217571
0.217571
0.20297
0.234379
0.234379
0.203827
0.194936
0.194936
0.190406
0.19442
0.19442
0.164681
0.187904
0.226761
0.226761
0.229938
0.229938
0.211451
0.212916
0.212916
0.168564
0.168564
0.197371
0.197371
0.164877
0.170945
0.163905
0.139343
0.142981
0.14958
0.14958
0.121758
0.113278
0.114715
0.114715
0.113192
0.124802
0.124802
0.107864
0.116984
0.116984
0.108826
0.124996
0.124996
0.095243
0.095243
0.0901472
0.105427
0.117277
0.11743
0.11743
0.0864754
0.091404
0.103013
0.103013
0.102199
0.102199
0.105973
0.111394
0.111394
0.100683
0.120557
0.120557
0.116855
0.0990991
0.0990991
0.0803929
0.106395
0.106395
0.0920374
0.129362
0.137832
0.137832
0.0899363
0.106775
0.106775
0.106639
0.127382
0.127382
0.130709
0.13947
0.13947
0.146168
0.146168
0.106877
0.125129
0.125129
0.121363
0.118038
0.117856
0.120627
0.126129
0.126129
0.133655
0.133655
0.117746
0.151582
0.151582
0.124914
0.14796
0.14796
0.125429
0.125594
0.137744
0.141713
0.143793
0.143793
0.128314
0.145749
0.145749
0.157703
0.160575
0.178985
0.178985
0.171771
0.140612
0.140612
0.138976
0.164859
0.164859
0.156457
0.17661
0.17661
0.153209
0.141474
0.122844
0.120152
0.120152
0.13159
0.13159
0.128222
0.118528
0.130105
0.130105
0.113441
0.113441
0.112192
0.131666
0.131666
0.102392
0.0870354
0.0787749
0.0809788
0.0809788
0.0697166
0.0520856
0.0569779
0.0569779
0.0680284
0.0680284
0.0587518
0.0661323
0.0661323
0.0677454
0.0802276
0.0870169
0.0870169
0.087697
0.087697
0.0940882
0.100625
0.100625
0.0925017
0.0612883
0.0687464
0.069193
0.069193
0.0590497
0.074048
0.074048
0.0603925
0.0544336
0.080727
0.080727
0.0502195
0.0518378
0.0518378
0.0453202
0.0399096
0.0378198
0.0501896
0.0501896
0.0467995
0.0467995
0.0408471
0.038836
0.0505126
0.0505126
0.0422193
0.0481163
0.0481163
0.0459412
0.0542481
0.0568943
0.0446325
0.0660725
0.0774797
0.0774797
0.0750571
0.0705658
0.0790351
0.107037
0.107037
0.101206
0.120922
0.120922
0.110178
0.0944751
0.116177
0.116177
0.0882147
0.100358
0.100358
0.0999181
0.119907
0.119907
0.122856
0.122856
0.115889
0.115889
0.126494
0.132472
0.132472
0.112279
0.123037
0.12575
0.13114
0.13114
0.127187
0.127187
0.120975
0.107781
0.0971119
0.110122
0.1208
0.162387
0.162387
0.133961
0.119315
0.123581
0.100355
0.100355
0.114288
0.114288
0.137718
0.159809
0.159809
0.127676
0.126222
0.117001
0.112954
0.112954
0.120832
0.120832
0.113552
0.113552
0.102462
0.114476
0.122047
0.122047
0.119353
0.102701
0.110444
0.11515
0.11515
0.127914
0.127914
0.115939
0.12442
0.12442
0.152806
0.152806
0.119131
0.0956576
0.12058
0.122415
0.122415
0.138704
0.138704
0.0926579
0.109277
0.109277
0.0980313
0.0909521
0.112816
0.116664
0.116664
0.11373
0.11373
0.106989
0.123685
0.123685
0.129617
0.129617
0.0994512
0.101945
0.101945
0.125509
0.149836
0.149836
0.147548
0.106914
0.121491
0.121491
0.108152
0.108152
0.112251
0.128303
0.153762
0.153762
0.123008
0.112044
0.115119
0.115119
0.101907
0.0957447
0.0957447
0.102577
0.10433
0.116809
0.116809
0.0976274
0.109143
0.109143
0.110557
0.110557
0.112506
0.112506
0.107034
0.107034
0.0899931
0.0959045
0.101932
0.133003
0.133003
0.107651
0.103803
0.13565
0.13565
0.106986
0.115643
0.115643
0.119265
0.119265
0.115503
0.115503
0.112528
0.107423
0.109202
0.109202
0.126904
0.126904
0.112364
0.113899
0.113899
0.111275
0.114386
0.114386
0.111999
0.115507
0.120713
0.122644
0.13085
0.132052
0.132052
0.108126
0.108126
0.100688
0.0946877
0.104108
0.11316
0.121763
0.122499
0.123242
0.123242
0.11789
0.108486
0.108486
0.100121
0.0873796
0.0873796
0.0902505
0.0871383
0.0981569
0.0981569
0.115765
0.115765
0.104812
0.0893158
0.085126
0.0909719
0.114907
0.119901
0.119901
0.105217
0.0960546
0.100678
0.100678
0.0975171
0.102703
0.11264
0.11264
0.100989
0.1149
0.119894
0.150752
0.150752
0.125318
0.125318
0.112171
0.0979327
0.0989899
0.121253
0.121253
0.113706
0.110705
0.110705
0.0952704
0.0952704
0.0875435
0.0773219
0.0773219
0.111523
0.114825
0.123156
0.123156
0.113436
0.107344
0.107344
0.0818489
0.0929084
0.0929084
0.0894238
0.0952527
0.0952527
0.0716649
0.0866519
0.0955281
0.0974366
0.0974366
0.104519
0.104519
0.10625
0.111271
0.111271
0.0940721
0.11289
0.12082
0.12082
0.127447
0.127447
0.124701
0.108351
0.120655
0.120655
0.0996982
0.0873064
0.0873064
0.10192
0.10192
0.0989896
0.0989896
0.0964199
0.108284
0.108284
0.096414
0.0948935
0.0842351
0.0910561
0.12675
0.12675
0.136146
0.136146
0.126993
0.124133
0.119012
0.119012
0.119899
0.119899
0.0931382
0.0885451
0.0948574
0.0948739
0.100142
0.100142
0.099246
0.0958033
0.0906259
0.0906259
0.0791393
0.111111
0.111111
0.0890989
0.0947398
0.114569
0.104687
0.114569
0.137792
0.137792
0.110936
0.100687
0.100687
0.105993
0.108991
0.113812
0.113812
0.0975066
0.107823
0.107823
0.107428
0.0989628
0.0982747
0.0982747
0.104255
0.111166
0.111166
0.11316
0.11316
0.094016
0.105881
0.105881
0.0856867
0.0895525
0.0895525
0.107771
0.109655
0.109655
0.115642
0.115642
0.106971
0.125342
0.125342
0.0947192
0.112394
0.112394
0.112928
0.119504
0.119504
0.102969
0.119594
0.119594
0.0884059
0.0735113
0.0993507
0.0993507
0.0932933
0.0961974
0.0984998
0.0984998
0.134977
0.134977
0.138596
0.138596
0.103576
0.111179
0.107058
0.111179
0.108545
0.126142
0.126142
0.108513
0.1093
0.1093
0.0964397
0.102483
0.106596
0.106596
0.103326
0.101507
0.123324
0.123324
0.115405
0.131027
0.131027
0.104326
0.104722
0.104722
0.1096
0.113442
0.13053
0.11195
0.122753
0.166186
0.166186
0.153651
0.144873
0.143977
0.10882
0.110301
0.123477
0.106846
0.123477
0.111971
0.112232
0.128973
0.128973
0.129507
0.129507
0.113445
0.113445
0.121732
0.142319
0.142319
0.11554
0.116875
0.133775
0.133775
0.102004
0.0960512
0.0960512
0.0959071
0.0996925
0.121298
0.121298
0.100671
0.100671
0.106305
0.106305
0.102413
0.081771
0.081771
0.0810449
0.0783679
0.0609471
0.0609471
0.0692629
0.0914684
0.107753
0.107753
0.0643243
0.0643243
0.0767441
0.0767441
0.0782361
0.0782361
0.0623913
0.0754535
0.0754535
0.0512114
0.0571093
0.0571093
0.0483923
0.074329
0.075663
0.075663
0.0551245
0.0552501
0.0552501
0.0647494
0.0647494
0.0642194
0.0656769
0.0710166
0.0710166
0.0827287
0.0827287
0.0731596
0.0731596
0.0572949
0.0510167
0.0531143
0.070025
0.0735976
0.0735976
0.0599231
0.0599231
0.0592455
0.0673259
0.0673259
0.0665322
0.0711424
0.0711424
0.0774501
0.0774501
0.0809848
0.0879568
0.0879568
0.0818707
0.0800906
0.0591689
0.0593727
0.0593727
0.063271
0.0746231
0.0784097
0.0810371
0.0810371
0.0954371
0.0977974
0.0977974
0.0912137
0.0912137
0.0981892
0.0981892
0.0959957
0.0959957
0.0837661
0.0917275
0.0917275
0.0890735
0.0917009
0.0917009
0.104636
0.108878
0.129395
0.129395
0.117636
0.114938
0.108925
0.122574
0.1291
0.1291
0.108473
0.114822
0.114822
0.112874
0.118036
0.118036
0.117475
0.117475
0.131137
0.131137
0.10171
0.0851013
0.0851013
0.119916
0.119916
0.0951323
0.089727
0.0834832
0.080035
0.104868
0.104868
0.102779
0.102779
0.110417
0.110417
0.0844705
0.0947124
0.0947124
0.122902
0.122902
0.0916629
0.0931265
0.0970628
0.0970628
0.0857212
0.0857212
0.0873499
0.0873499
0.0788143
0.0788143
0.0999089
0.0999089
0.0826271
0.0869672
0.0830758
0.113935
0.129909
0.129909
0.116626
0.116626
0.0970382
0.0990775
0.0990775
0.0895971
0.0895971
0.083232
0.0700588
0.0700588
0.0781841
0.0781841
0.0750147
0.0821191
0.125288
0.125288
0.126782
0.126782
0.125978
0.111039
0.106188
0.130753
0.130753
0.101534
0.101534
0.0997394
0.0800861
0.0756011
0.0756011
0.0705179
0.0861414
0.0861414
0.0832161
0.0958165
0.107356
0.107356
0.122623
0.122623
0.0997192
0.113844
0.113844
0.109283
0.0974092
0.0790595
0.0815483
0.0815483
0.0883121
0.0921857
0.0921857
0.0793349
0.0793349
0.0681422
0.067619
0.0708327
0.0708327
0.0669017
0.0887532
0.0887532
0.0814569
0.0896188
0.0896188
0.0756924
0.0964722
0.0964722
0.0921077
0.0915382
0.0915382
0.0893274
0.0893274
0.076819
0.0915958
0.101321
0.101321
0.0898192
0.0898192
0.0911852
0.0999541
0.105258
0.107288
0.107288
0.0882738
0.0833888
0.0832081
0.0832081
0.0901665
0.0901665
0.0774127
0.0685206
0.0700995
0.0700995
0.0728252
0.0728252
0.0880871
0.0880871
0.0848314
0.0848314
0.0932537
0.0980478
0.0980478
0.0991102
0.0991102
0.0977782
0.0958415
0.0857331
0.0858172
0.0858172
0.0756348
0.0778692
0.0877992
0.0877992
0.0770098
0.0782181
0.0804343
0.0949734
0.1141
0.1141
0.105063
0.0937012
0.117112
0.117112
0.0996965
0.100697
0.100697
0.0914859
0.114654
0.114654
0.1115
0.0950215
0.0932331
0.0932331
0.0931305
0.100062
0.102745
0.102745
0.109306
0.11489
0.11489
0.112899
0.107049
0.107049
0.126292
0.126292
0.0992708
0.101808
0.117817
0.117817
0.113615
0.113615
0.0880623
0.0891116
0.0891116
0.0789127
0.105033
0.131824
0.131824
0.150303
0.150303
0.171534
0.171534
0.198167
0.198167
0.17994
0.15575
0.153446
0.156002
0.156002
0.157955
0.194192
0.194192
0.177058
0.166111
0.157293
0.162731
0.162731
0.144409
0.147063
0.137346
0.137346
0.159301
0.180176
0.180176
0.175988
0.177781
0.163773
0.150951
0.152293
0.142174
0.16605
0.173073
0.173073
0.162944
0.162944
0.129826
0.151132
0.151132
0.145373
0.168609
0.168609
0.149676
0.132397
0.168683
0.168683
0.154354
0.154354
0.139595
0.139595
0.15801
0.15801
0.134927
0.160382
0.182956
0.16985
0.182956
0.16026
0.184882
0.184882
0.144252
0.144252
0.113892
0.123051
0.126215
0.120747
0.147104
0.160384
0.160384
0.169205
0.169205
0.168993
0.168993
0.194888
0.194888
0.142775
0.162494
0.162494
0.140212
0.129586
0.136597
0.161805
0.206026
0.206026
0.156333
0.165093
0.165093
0.155603
0.154564
0.154564
0.166382
0.166382
0.152095
0.146786
0.174905
0.174905
0.147548
0.155929
0.155929
0.179915
0.179915
0.177526
0.176215
0.159805
0.165199
0.166576
0.192487
0.192487
0.154932
0.155783
0.166732
0.184837
0.158424
0.184837
0.173536
0.164047
0.165121
0.165121
0.172483
0.161118
0.172483
0.15809
0.164775
0.166272
0.166272
0.201928
0.201928
0.15444
0.161564
0.161502
0.161502
0.181203
0.181203
0.186529
0.186529
0.180609
0.180609
0.142593
0.146909
0.151338
0.151338
0.147601
0.151898
0.181364
0.181364
0.177005
0.160812
0.13856
0.135307
0.151542
0.139541
0.151542
0.139541
0.153879
0.153879
0.152926
0.152926
0.16894
0.16894
0.152355
0.154058
0.149131
0.182309
0.182309
0.142589
0.136731
0.136731
0.117052
0.126775
0.145871
0.145871
0.127782
0.127782
0.150371
0.150371
0.117919
0.131569
0.131569
0.130938
0.148804
0.187714
0.187714
0.128989
0.12947
0.12947
0.145726
0.145726
0.134464
0.132129
0.123223
0.143226
0.143226
0.144479
0.144479
0.155345
0.155345
0.155399
0.170444
0.170444
0.147185
0.126206
0.143222
0.143222
0.157207
0.157207
0.156944
0.142687
0.149864
0.149864
0.131529
0.121521
0.144223
0.162834
0.162834
0.144437
0.144437
0.122825
0.123434
0.114634
0.134281
0.134611
0.134611
0.133792
0.105643
0.105018
0.0971132
0.115222
0.115222
0.0931527
0.0950876
0.0950876
0.0887117
0.0915048
0.109818
0.109818
0.0943864
0.0943864
0.106029
0.106029
0.0951376
0.0865587
0.0763284
0.0990051
0.0990051
0.0904156
0.0765036
0.0821914
0.0821914
0.0785988
0.106452
0.106452
0.0844045
0.0844045
0.0928864
0.100495
0.100495
0.0919624
0.0787736
0.0778727
0.0733205
0.0836503
0.0836503
0.0659012
0.05857
0.05857
0.0589433
0.0802919
0.0802919
0.0760317
0.0760317
0.0881804
0.0881804
0.0842875
0.0842875
0.0749038
0.0883681
0.0883681
0.0615867
0.0910183
0.0910183
0.0876997
0.0678538
0.0678538
0.0650624
0.0609416
0.0614297
0.0622568
0.0622568
0.0713394
0.0713394
0.0511526
0.0534639
0.0552169
0.0552169
0.0434392
0.0518249
0.0518249
0.0383319
0.0466801
0.0466801
0.057343
0.057343
0.0448262
0.048268
0.048268
0.0456776
0.0456776
0.0426957
0.0331061
0.051037
0.051037
0.0618275
0.0618275
0.0306994
0.0687534
0.0687534
0.0635357
0.0516331
0.064789
0.064789
0.101138
0.116415
0.220223
0.220223
0.221001
0.280158
0.247988
0.247988
0.301409
0.280158
0.301409
0.252528
0.252528
0.210801
0.212399
0.231957
0.231957
0.200415
0.200229
0.183558
0.197967
0.102679
0.197967
0.147134
0.0878169
0.0954214
0.0658245
0.13838
0.170016
0.170016
0.160662
0.160662
0.428869
0.265593
0.436543
0.285354
0.506825
0.506825
0.516647
0.516647
0.21868
0.281273
0.266172
0.281273
0.162611
0.13498
0.156053
0.13498
0.0909434
0.00499942
0.117802
0.00342379
0.137812
0.117117
0.00478416
0.035451
0.00465184
0.00300339
0.00280476
0.332937
0.00338185
0.305341
0.181803
0.249597
0.40367
0.264006
0.40367
0.207895
0.305341
0.23484
0.477318
0.477318
0.352715
0.512127
0.512127
0.332937
0.491642
0.361657
0.307408
0.256404
0.491465
0.44419
0.339512
0.605193
0.605193
0.549324
0.549324
0.363103
0.421968
0.498708
0.463661
0.421968
0.300638
0.453873
0.453873
0.359481
0.23687
0.262333
0.297369
0.297369
0.251118
0.251118
0.225249
0.186378
0.197451
0.197451
0.185305
0.167065
0.167065
0.158406
0.151856
0.145674
0.145857
0.145857
0.105163
0.0722295
0.0623939
0.061662
0.0648592
0.0648592
0.0821169
0.0821169
0.0858693
0.0858693
0.0849568
0.0680896
0.076872
0.076872
0.0736444
0.0665752
0.0525938
0.0525938
0.0808205
0.0808205
0.0957707
0.0957707
0.0846524
0.0955927
0.0955927
0.0795646
0.139524
0.139524
0.117755
0.10909
0.113904
0.116958
0.129405
0.129405
0.130174
0.138142
0.138142
0.12187
0.156168
0.156168
0.142381
0.134421
0.185223
0.185223
0.17201
0.17201
0.134696
0.136599
0.147623
0.147623
0.15997
0.15997
0.159276
0.165668
0.161743
0.165668
0.156886
0.153154
0.136758
0.131065
0.135085
0.128988
0.164272
0.164272
0.142201
0.142201
0.137385
0.117366
0.134552
0.157872
0.157872
0.120373
0.135763
0.135763
0.133223
0.154585
0.154585
0.142674
0.150836
0.150836
0.150538
0.166694
0.166694
0.156833
0.162677
0.168757
0.292181
0.292181
0.156511
0.168757
0.156833
0.145938
0.145938
0.142387
0.137832
0.125401
0.125131
0.120544
0.150992
0.192126
0.18277
0.192126
0.145913
0.145913
0.148253
0.148253
0.116283
0.135587
0.109541
0.143167
0.138545
0.146566
0.146566
0.173095
0.173095
0.130074
0.141428
0.141428
0.190212
0.190212
0.138189
0.155761
0.155761
0.111084
0.13597
0.141408
0.141408
0.153999
0.149023
0.167781
0.167781
0.150469
0.150469
0.145478
0.166402
0.166402
0.153787
0.16642
0.16642
0.156258
0.144911
0.159072
0.159072
0.152732
0.152732
0.133438
0.140391
0.127543
0.140603
0.1576
0.1576
0.135601
0.145719
0.145719
0.135294
0.135294
0.132339
0.109854
0.141859
0.142478
0.142478
0.135739
0.136537
0.136537
0.127015
0.130723
0.124575
0.114512
0.161022
0.161022
0.138346
0.138346
0.132077
0.143063
0.143063
0.141666
0.126089
0.13604
0.139366
0.145232
0.154303
0.154303
0.127953
0.138964
0.138964
0.149341
0.159118
0.159118
0.218505
0.218505
0.163716
0.162846
0.162846
0.150937
0.150937
0.145663
0.129707
0.142373
0.136405
0.142373
0.150206
0.145185
0.156169
0.156169
0.175008
0.175008
0.13868
0.143101
0.146129
0.146129
0.128524
0.147738
0.204169
0.204169
0.147469
0.147469
0.129372
0.129372
0.139313
0.139313
0.132136
0.121358
0.127576
0.135718
0.172555
0.172555
0.144381
0.151936
0.151936
0.116633
0.129701
0.14272
0.14272
0.149688
0.149688
0.149167
0.17003
0.17003
0.135488
0.115394
0.143655
0.143655
0.143783
0.152634
0.152634
0.133572
0.132326
0.138648
0.138648
0.139612
0.136269
0.139612
0.124489
0.124489
0.136867
0.136867
0.164906
0.164906
0.140526
0.123812
0.104764
0.139695
0.139695
0.119529
0.121542
0.121542
0.15446
0.15446
0.124491
0.121914
0.118485
0.105036
0.14042
0.145761
0.145761
0.125389
0.162414
0.162414
0.114642
0.114642
0.111841
0.101362
0.111841
0.124873
0.124873
0.123257
0.135393
0.135393
0.117537
0.129532
0.129532
0.114517
0.14011
0.14011
0.124
0.124
0.128549
0.161867
0.161867
0.140836
0.140836
0.118039
0.134437
0.134437
0.124776
0.123908
0.113468
0.132126
0.132126
0.12135
0.10238
0.102045
0.10401
0.117377
0.117377
0.124828
0.124828
0.147236
0.147236
0.121833
0.114049
0.114046
0.12964
0.136797
0.136797
0.128985
0.126041
0.120063
0.118184
0.118184
0.106395
0.11517
0.11517
0.146685
0.146685
0.12918
0.12918
0.130178
0.130178
0.113296
0.115642
0.115642
0.111647
0.132554
0.132554
0.154389
0.154389
0.112712
0.0890567
0.0958009
0.109116
0.109116
0.0910856
0.0865111
0.0807381
0.100391
0.112401
0.112401
0.111396
0.111396
0.106836
0.115216
0.115216
0.116039
0.121433
0.121433
0.110025
0.122144
0.122144
0.114594
0.110338
0.126149
0.126149
0.119725
0.110308
0.0960373
0.100347
0.130101
0.130101
0.121521
0.168877
0.168877
0.095296
0.107928
0.110808
0.129021
0.129021
0.122466
0.109911
0.110117
0.118617
0.126257
0.149324
0.149324
0.113514
0.113514
0.13165
0.152349
0.152349
0.136349
0.122232
0.104376
0.0877522
0.126974
0.126974
0.0989179
0.116709
0.119733
0.119733
0.112137
0.101951
0.0960414
0.110566
0.129653
0.129653
0.117939
0.109165
0.109165
0.10392
0.10787
0.10787
0.122787
0.122787
0.0992541
0.0992541
0.0897968
0.104542
0.109925
0.109925
0.107135
0.0990468
0.0982839
0.105822
0.105822
0.0934047
0.136717
0.136717
0.120516
0.0983694
0.108876
0.114557
0.114557
0.1129
0.1129
0.107462
0.107462
0.102877
0.102877
0.0941365
0.103262
0.114647
0.114647
0.111989
0.107504
0.107504
0.100642
0.0978611
0.0927488
0.0929453
0.116517
0.116517
0.105228
0.105228
0.0839722
0.0761402
0.101199
0.101199
0.095912
0.095912
0.104083
0.109171
0.109171
0.0958053
0.0889509
0.103053
0.103053
0.0987529
0.0987529
0.0917533
0.0917533
0.104494
0.106645
0.106645
0.0886548
0.0969476
0.0986764
0.103616
0.103616
0.138264
0.138264
0.134882
0.105233
0.0971697
0.0944884
0.12523
0.12523
0.106824
0.0996301
0.119321
0.119321
0.114177
0.121679
0.121679
0.0978558
0.0988702
0.0997014
0.0997014
0.101106
0.101106
0.100889
0.102568
0.11429
0.11429
0.107932
0.107932
0.0960122
0.0757227
0.12552
0.12552
0.121755
0.0970584
0.083427
0.0990436
0.0990436
0.0992011
0.0992011
0.122125
0.122125
0.110584
0.100091
0.100091
0.114505
0.114505
0.110142
0.118745
0.118745
0.107237
0.121767
0.121767
0.111483
0.111483
0.101584
0.14053
0.145755
0.145755
0.118261
0.118261
0.106065
0.1064
0.1064
0.140624
0.140624
0.149557
0.149557
0.154346
0.154346
0.113379
0.107749
0.107749
0.100602
0.112624
0.124611
0.124611
0.129459
0.129459
0.125211
0.125211
0.108459
0.131969
0.131969
0.0904195
0.126545
0.126545
0.0968551
0.0812917
0.106501
0.106501
0.101155
0.101155
0.0883204
0.0883204
0.111052
0.116934
0.127369
0.127369
0.137833
0.137833
0.115561
0.115561
0.114121
0.102082
0.102082
0.0944476
0.0944476
0.0985307
0.0985307
0.0964474
0.0917446
0.0917446
0.0880456
0.0880456
0.0856987
0.0848721
0.0848721
0.0752785
0.0804612
0.10245
0.10245
0.0888001
0.0888001
0.0937666
0.0937666
0.0919783
0.0845772
0.0823818
0.10035
0.10035
0.0896335
0.0762722
0.0735462
0.0842944
0.0842944
0.0697515
0.0788784
0.0821807
0.0821807
0.101192
0.101192
0.083091
0.0792581
0.093914
0.093914
0.0870253
0.0873168
0.0887962
0.0887962
0.0831751
0.0831751
0.0756817
0.0756817
0.0848753
0.0848753
0.0887761
0.0959756
0.0959756
0.122648
0.122648
0.0884258
0.0906352
0.126947
0.129438
0.129438
0.124616
0.120169
0.0887529
0.124169
0.124169
0.109432
0.109432
0.12126
0.12126
0.130038
0.134259
0.134259
0.117722
0.116765
0.14392
0.14392
0.138849
0.145359
0.145359
0.11476
0.107564
0.168575
0.168575
0.169595
0.169595
0.221163
0.221163
0.133968
0.133968
0.127959
0.127959
0.119174
0.127286
0.134514
0.134514
0.128295
0.122563
0.123551
0.123551
0.135521
0.135521
0.133977
0.148781
0.148781
0.134902
0.159062
0.159062
0.118691
0.133736
0.133736
0.12802
0.131794
0.131794
0.114764
0.140417
0.140417
0.194563
0.194563
0.126667
0.126667
0.117237
0.121799
0.126074
0.126074
0.108952
0.164035
0.169214
0.169214
0.162553
0.138933
0.122952
0.142298
0.142298
0.122314
0.122314
0.1215
0.11888
0.129219
0.129219
0.131474
0.134365
0.154342
0.154342
0.166945
0.166945
0.143313
0.161501
0.161501
0.153369
0.128626
0.157149
0.157149
0.136627
0.136193
0.13914
0.139937
0.139937
0.140136
0.150563
0.173063
0.173063
0.130114
0.143153
0.143153
0.141026
0.136932
0.123759
0.122545
0.122545
0.119916
0.136014
0.136014
0.130961
0.162413
0.162413
0.140614
0.150396
0.188842
0.188842
0.148791
0.156633
0.156633
0.180526
0.180526
0.133617
0.135075
0.135075
0.134831
0.151401
0.151401
0.12272
0.12272
0.118674
0.109271
0.11432
0.125937
0.125937
0.110864
0.13141
0.141697
0.141697
0.141321
0.120769
0.120769
0.120453
0.123388
0.134094
0.136637
0.136637
0.1177
0.112599
0.0980655
0.0980655
0.100654
0.100654
0.111786
0.111786
0.112906
0.112906
0.112961
0.112961
0.104453
0.0893672
0.0889608
0.0917638
0.114529
0.114529
0.100998
0.100998
0.0976468
0.0896843
0.123725
0.123725
0.113644
0.113644
0.110108
0.0958712
0.0958712
0.103979
0.103979
0.0866705
0.101628
0.113951
0.113951
0.0948587
0.1201
0.1201
0.0902834
0.084325
0.083532
0.0852236
0.0930762
0.0930762
0.106437
0.117004
0.117004
0.110595
0.098842
0.0747704
0.0861664
0.0861664
0.079563
0.103855
0.103855
0.0958548
0.110548
0.110548
0.0941134
0.0696396
0.0696396
0.0776937
0.0872683
0.0872683
0.114261
0.126021
0.126021
0.124832
0.118485
0.10925
0.0921934
0.0943284
0.102284
0.102284
0.0929052
0.112982
0.112982
0.118656
0.122418
0.122418
0.102881
0.10343
0.10343
0.116946
0.116946
0.127011
0.127011
0.12269
0.133778
0.133778
0.118054
0.118054
0.0818239
0.0818239
0.0900332
0.0900332
0.0779683
0.0658416
0.0672728
0.0735428
0.0735428
0.0682969
0.0663179
0.0584875
0.0584875
0.0642929
0.0645596
0.0872504
0.0891192
0.0891192
0.0866264
0.122737
0.122737
0.0950304
0.0847031
0.0946357
0.0946357
0.0816564
0.0872145
0.0872145
0.0765028
0.110676
0.110676
0.0713734
0.0713734
0.0751894
0.0779252
0.0811058
0.0811058
0.0726621
0.0785259
0.0785259
0.09956
0.115412
0.115412
0.0841447
0.0841447
0.0832841
0.0780429
0.0808802
0.0808802
0.0929002
0.0929002
0.0918443
0.0918443
0.0578064
0.0707085
0.0825615
0.0825615
0.0806401
0.0839696
0.0839696
0.0709868
0.0901849
0.0901849
0.0806143
0.076547
0.0648616
0.0672105
0.0768971
0.0768971
0.0631806
0.0637031
0.0649547
0.0829306
0.0829306
0.0657601
0.0630449
0.0644004
0.0644004
0.0719169
0.0719169
0.0684604
0.075498
0.0918734
0.0918734
0.0795988
0.0795988
0.0666959
0.0679983
0.0679983
0.063566
0.0751745
0.0962621
0.0962621
0.0843352
0.0843352
0.0780328
0.0734002
0.0734002
0.0562299
0.0537787
0.0728628
0.0728628
0.102639
0.102639
0.0770271
0.0806448
0.0806448
0.0678961
0.0810521
0.0810521
0.0994655
0.0994655
0.0978924
0.0978924
0.0802387
0.116341
0.116341
0.092343
0.0738006
0.0738006
0.0649581
0.0575712
0.102575
0.102575
0.0836679
0.0899092
0.0899092
0.108619
0.108619
0.0725472
0.0602318
0.0602318
0.0809999
0.0809999
0.0752427
0.0752427
0.0633284
0.0718779
0.0718779
0.0593419
0.0593419
0.0705593
0.0705593
0.0750367
0.0876181
0.0876181
0.0833289
0.0951157
0.0951157
0.0930391
0.0855321
0.0789791
0.0737859
0.0832085
0.0832085
0.0882686
0.107796
0.127943
0.127943
0.124561
0.0791394
0.0757892
0.0605591
0.0752621
0.0882264
0.0909257
0.0986863
0.0814548
0.111096
0.129688
0.129688
0.095699
0.0837218
0.0830949
0.0823193
0.100619
0.113625
0.113625
0.110969
0.113646
0.107674
0.113646
0.108197
0.108197
0.0860283
0.0813792
0.0859508
0.108862
0.148556
0.148556
0.112947
0.112947
0.107388
0.0930108
0.0930108
0.0909714
0.113228
0.0925804
0.139225
0.139225
0.129047
0.131341
0.131341
0.123556
0.119571
0.0997824
0.0997824
0.066635
0.0818525
0.0911188
0.0953523
0.0862371
0.13406
0.13406
0.126137
0.111901
0.111901
0.0952107
0.0990208
0.0990208
0.126075
0.126075
0.101449
0.1137
0.0989673
0.1137
0.0874945
0.0946824
0.0946824
0.110962
0.110962
0.118805
0.10747
0.112278
0.122511
0.136956
0.136956
0.11097
0.123848
0.123848
0.109863
0.114176
0.118867
0.162243
0.162243
0.15935
0.15935
0.111123
0.108253
0.108253
0.104275
0.120588
0.126824
0.135383
0.135383
0.131047
0.110837
0.144202
0.144202
0.114626
0.114626
0.0995331
0.101863
0.0925981
0.10817
0.108145
0.114848
0.140994
0.140994
0.114737
0.117514
0.117514
0.103298
0.100335
0.12357
0.12357
0.132389
0.12237
0.132389
0.131986
0.131986
0.144807
0.144807
0.131995
0.111401
0.108111
0.104044
0.120643
0.137311
0.137311
0.118815
0.150666
0.150666
0.11611
0.122895
0.122895
0.105249
0.10431
0.116777
0.115114
0.122763
0.121878
0.128964
0.128525
0.151598
0.162807
0.166573
0.166573
0.144232
0.12213
0.137637
0.137637
0.136743
0.159396
0.159396
0.140305
0.140305
0.11428
0.115213
0.0992048
0.134373
0.134373
0.145704
0.118013
0.145704
0.13554
0.13554
0.146712
0.146712
0.136966
0.105923
0.0896655
0.109401
0.125978
0.134898
0.134898
0.146198
0.156449
0.156449
0.14216
0.135005
0.119915
0.0994354
0.115014
0.115014
0.108367
0.105138
0.119739
0.119507
0.119628
0.119628
0.118689
0.122261
0.122261
0.145159
0.145159
0.135259
0.132061
0.126094
0.187231
0.187231
0.18539
0.116411
0.113853
0.109641
0.109633
0.124746
0.13308
0.126321
0.13308
0.133073
0.135797
0.135797
0.128779
0.144846
0.144846
0.107645
0.108855
0.108855
0.124017
0.154605
0.154605
0.190067
0.190067
0.1195
0.124397
0.108677
0.0930326
0.12945
0.12945
0.12112
0.119526
0.123583
0.125371
0.135976
0.135976
0.130419
0.130419
0.116497
0.129965
0.129965
0.128618
0.132692
0.132692
0.134905
0.134905
0.140853
0.140853
0.0931751
0.107171
0.108118
0.108118
0.111371
0.108756
0.111371
0.118516
0.120645
0.120645
0.106191
0.0794817
0.0840107
0.135898
0.135898
0.124276
0.140413
0.140413
0.139331
0.131614
0.11525
0.0985485
0.0985635
0.0985635
0.0941833
0.113978
0.109929
0.114644
0.164809
0.164809
0.130665
0.151776
0.118521
0.118292
0.117243
0.12596
0.12341
0.12596
0.12341
0.13677
0.13985
0.13985
0.128895
0.128895
0.146626
0.146626
0.135611
0.135651
0.146449
0.142514
0.142514
0.163168
0.163168
0.147874
0.149812
0.118771
0.126352
0.139924
0.139924
0.13472
0.153651
0.1475
0.153651
0.136957
0.14465
0.14465
0.141906
0.12663
0.134677
0.130391
0.149241
0.149241
0.144218
0.144218
0.128656
0.147707
0.147707
0.126319
0.113563
0.122106
0.139912
0.139912
0.131091
0.131091
0.123166
0.103293
0.103453
0.118868
0.118868
0.111591
0.14423
0.14423
0.119794
0.122179
0.122179
0.110232
0.103032
0.103032
0.092818
0.0934487
0.0907964
0.126013
0.126013
0.110763
0.116354
0.116354
0.108264
0.0880067
0.0881822
0.0947807
0.0947807
0.090488
0.110797
0.110797
0.0881923
0.114995
0.153967
0.153967
0.125434
0.116117
0.107301
0.0991916
0.107737
0.107737
0.100063
0.122748
0.159787
0.159787
0.132277
0.132277
0.117734
0.102144
0.102661
0.102661
0.101777
0.0918582
0.104884
0.104884
0.112842
0.112842
0.114651
0.114651
0.113923
0.0842807
0.0827446
0.0969789
0.108625
0.108625
0.126141
0.130097
0.130097
0.119368
0.0944521
0.0944521
0.076365
0.0827701
0.0827701
0.0746056
0.105038
0.105038
0.0935285
0.0935285
0.0795898
0.0795898
0.0838862
0.0838862
0.0870983
0.0881959
0.115575
0.115575
0.113053
0.113053
0.109568
0.109568
0.103643
0.0880214
0.0880214
0.102049
0.102049
0.090029
0.0823651
0.0830937
0.0830937
0.0781366
0.0781366
0.0759572
0.0759572
0.0920432
0.0929018
0.0929018
0.0980059
0.0980059
0.0923699
0.0689486
0.0822185
0.109657
0.109657
0.101175
0.123778
0.123778
0.135724
0.135724
0.13948
0.198668
0.198668
0.186886
0.173549
0.175545
0.197779
0.203987
0.208304
0.208304
0.228969
0.228969
0.216913
0.208718
0.206636
0.20644
0.20644
0.197706
0.190454
0.19697
0.19697
0.186756
0.171155
0.181477
0.182839
0.182839
0.166625
0.161993
0.161993
0.148562
0.188096
0.188096
0.182652
0.171175
0.168552
0.168552
0.164948
0.168791
0.168791
0.185759
0.185759
0.173575
0.174989
0.174989
0.166633
0.166633
0.15594
0.141823
0.129673
0.12548
0.107591
0.0960226
0.091519
0.117525
0.14412
0.149291
0.154974
0.184332
0.199817
0.199817
0.234749
0.248669
0.276627
0.276627
0.270908
0.241958
0.245197
0.245197
0.213687
0.226493
0.226493
0.199639
0.199639
0.167127
0.172218
0.167359
0.167359
0.143592
0.155482
0.155482
0.194271
0.194271
0.172265
0.162158
0.157498
0.136677
0.136677
0.136787
0.142566
0.152563
0.152563
0.12499
0.121768
0.144079
0.144079
0.106098
0.101074
0.101074
0.0919093
0.114754
0.114754
0.115061
0.148823
0.148823
0.130834
0.139919
0.145992
0.145992
0.125621
0.125621
0.117596
0.14686
0.159477
0.159477
0.124727
0.129022
0.13866
0.143757
0.143757
0.15781
0.15884
0.15884
0.161151
0.161151
0.158875
0.158875
0.157172
0.157172
0.180309
0.180309
0.170287
0.161853
0.155176
0.152302
0.128882
0.157884
0.167034
0.167034
0.161538
0.195991
0.195991
0.157378
0.170103
0.215548
0.215548
0.2014
0.178011
0.195125
0.195125
0.160752
0.20154
0.20154
0.208691
0.208691
0.200002
0.187526
0.176108
0.174335
0.24688
0.24688
0.325878
0.325878
0.221594
0.218386
0.218216
0.196416
0.231657
0.231657
0.260306
0.260306
0.175619
0.1714
0.1714
0.154927
0.151841
0.165609
0.165609
0.157235
0.15383
0.171931
0.171931
0.127663
0.164216
0.169191
0.169191
0.155987
0.244299
0.251096
0.251096
0.178294
0.178294
0.171429
0.179542
0.179542
0.163991
0.180298
0.180298
0.152445
0.156431
0.167038
0.167038
0.172901
0.172901
0.168402
0.160265
0.160265
0.176125
0.176125
0.151925
0.158105
0.159004
0.159004
0.152007
0.155709
0.164242
0.164242
0.149091
0.144247
0.155655
0.155655
0.15311
0.15311
0.144952
0.156246
0.156246
0.139751
0.15267
0.15267
0.119519
0.128671
0.128671
0.115942
0.131346
0.131346
0.148444
0.160831
0.160831
0.148163
0.21078
0.21078
0.103957
0.131925
0.131925
0.126837
0.136559
0.16425
0.16425
0.155767
0.140243
0.140243
0.130323
0.117174
0.107813
0.11564
0.11564
0.11243
0.112717
0.114081
0.114081
0.119587
0.119587
0.109353
0.112111
0.135018
0.135018
0.153168
0.160741
0.17544
0.17544
0.167412
0.153366
0.162973
0.151468
0.146969
0.146969
0.145784
0.147307
0.147307
0.155145
0.158344
0.158344
0.167339
0.167339
0.134937
0.134937
0.119256
0.135807
0.136483
0.136483
0.174828
0.174828
0.161991
0.161991
0.161083
0.142837
0.172473
0.172473
0.167579
0.197797
0.197797
0.174151
0.174035
0.181823
0.181823
0.1774
0.1774
0.173337
0.173337
0.205581
0.205581
0.189314
0.190429
0.197008
0.197008
0.159375
0.170379
0.170379
0.178642
0.178642
0.154934
0.181768
0.181768
0.182477
0.182477
0.159392
0.162739
0.192777
0.192777
0.190987
0.190987
0.190081
0.190081
0.147788
0.116355
0.114528
0.103032
0.112239
0.108225
0.0822109
0.0822109
0.0807753
0.0994192
0.0994192
0.0715129
0.0715129
0.082466
0.0848893
0.108603
0.108603
0.0840618
0.0769607
0.0679817
0.0731481
0.0708041
0.0731481
0.0586133
0.0625652
0.0530093
0.0625652
0.0667078
0.0858568
0.0858568
0.0667078
0.0737178
0.081394
0.081394
0.0577317
0.0656303
0.060505
0.0696665
0.0696665
0.0548024
0.0808777
0.0860367
0.0860367
0.0740885
0.0698091
0.117687
0.117687
0.10039
0.10039
0.107738
0.107738
0.113035
0.113035
0.114837
0.114837
0.0891578
0.108931
0.114703
0.101153
0.114703
0.09537
0.104343
0.104343
0.17837
0.17837
0.144043
0.166154
0.166154
0.140847
0.122586
0.136454
0.147321
0.144265
0.147321
0.161664
0.161664
0.186308
0.186308
0.167429
0.167429
0.165762
0.165762
0.158221
0.158221
0.151672
0.164381
0.168229
0.168229
0.144107
0.158536
0.158536
0.197954
0.197954
0.184537
0.199749
0.199749
0.172751
0.172751
0.193616
0.196414
0.196414
0.171098
0.170054
0.170054
0.170344
0.188844
0.188844
0.167411
0.163803
0.152859
0.151129
0.15223
0.159704
0.159704
0.119998
0.140419
0.140419
0.116362
0.130726
0.130726
0.0925635
0.117159
0.117159
0.0961849
0.116452
0.118106
0.118106
0.150717
0.150717
0.128854
0.117421
0.111152
0.114796
0.114796
0.112316
0.117998
0.117998
0.0970925
0.121787
0.121787
0.107027
0.0967479
0.0967479
0.0876118
0.0958377
0.0958377
0.0805059
0.11619
0.119345
0.119345
0.11449
0.113685
0.113685
0.119075
0.119075
0.0981204
0.0953823
0.106349
0.106349
0.101552
0.0972311
0.090985
0.0952806
0.117425
0.129902
0.129902
0.121784
0.120368
0.121882
0.121882
0.202572
0.202572
0.214518
0.214518
0.177654
0.150806
0.148833
0.157192
0.157192
0.139693
0.139705
0.146405
0.178414
0.178414
0.159462
0.153325
0.142148
0.163426
0.156054
0.167862
0.167862
0.157988
0.173292
0.173292
0.162791
0.162791
0.164792
0.152439
0.180246
0.180246
0.178195
0.178195
0.161458
0.167209
0.167209
0.149145
0.148616
0.154616
0.201909
0.201909
0.195059
0.183917
0.175357
0.149075
0.132844
0.124859
0.111897
0.100603
0.105957
0.118446
0.135321
0.135321
0.144628
0.170788
0.170788
0.111155
0.122927
0.144504
0.144504
0.107085
0.149134
0.149134
0.134664
0.134664
0.115497
0.119516
0.119516
0.11766
0.105808
0.105808
0.088709
0.105614
0.101293
0.160498
0.179447
0.181936
0.181936
0.171805
0.153809
0.1686
0.1686
0.162895
0.158212
0.162803
0.18254
0.18254
0.145503
0.147644
0.129349
0.106514
0.149491
0.149491
0.124997
0.124997
0.117981
0.117981
0.112428
0.0978866
0.0922148
0.113449
0.113449
0.106951
0.111928
0.129027
0.129027
0.116221
0.106741
0.112559
0.112559
0.122669
0.122669
0.116655
0.116655
0.106936
0.124026
0.149881
0.149881
0.0916927
0.0996426
0.101867
0.101867
0.0996426
0.116929
0.116929
0.106572
0.1183
0.110256
0.115349
0.134279
0.134279
0.125405
0.114135
0.148816
0.148816
0.121746
0.122593
0.122593
0.106148
0.10457
0.0965493
0.106027
0.0992367
0.11196
0.122802
0.128029
0.162502
0.162502
0.158415
0.158415
0.14607
0.123062
0.121059
0.130995
0.203822
0.203822
0.138303
0.124015
0.126311
0.133032
0.133032
0.139101
0.139615
0.139615
0.15113
0.183611
0.196069
0.196069
0.173568
0.161329
0.161329
0.153403
0.15948
0.15948
0.127564
0.127564
0.111057
0.106567
0.0966529
0.0880369
0.0919784
0.0996715
0.0996715
0.0992693
0.102642
0.0854518
0.102642
0.0952167
0.0784009
0.0784009
0.0782234
0.0633455
0.0782234
0.0668485
0.0680248
0.0680248
0.0715423
0.0557072
0.0783634
0.0826032
0.0783634
0.0826032
0.0722903
0.0872428
0.0872428
0.126782
0.126782
0.125253
0.111982
0.11998
0.133747
0.133747
0.12027
0.158653
0.158653
0.124411
0.126575
0.126575
0.117753
0.139902
0.143757
0.14202
0.14202
0.158866
0.173634
0.173634
0.162896
0.162896
0.160021
0.117099
0.12493
0.12493
0.112577
0.113554
0.136053
0.140367
0.147702
0.147702
0.135396
0.132163
0.151675
0.151675
0.158334
0.18406
0.18406
0.161422
0.241232
0.241232
0.191535
0.191535
0.199359
0.199359
0.181671
0.181671
0.156115
0.154035
0.147044
0.139953
0.139687
0.121027
0.127036
0.12336
0.128321
0.132238
0.132238
0.143993
0.143993
0.134399
0.12603
0.151808
0.151808
0.128978
0.129476
0.129476
0.125777
0.118043
0.125644
0.11923
0.118205
0.117117
0.134611
0.138225
0.147482
0.150062
0.150062
0.121586
0.132683
0.135876
0.135876
0.138856
0.13612
0.138856
0.143302
0.158455
0.158455
0.130931
0.138741
0.130378
0.158295
0.141376
0.173509
0.173509
0.143149
0.126882
0.138871
0.162053
0.147034
0.162053
0.162682
0.162682
0.133562
0.123668
0.114718
0.144992
0.144992
0.127092
0.140871
0.140871
0.146592
0.146592
0.123182
0.125706
0.125138
0.138818
0.138818
0.129621
0.129621
0.103575
0.0994241
0.150524
0.110099
0.150524
0.109133
0.110169
0.110169
0.117471
0.127153
0.110651
0.127153
0.118561
0.130628
0.129698
0.130628
0.127329
0.126034
0.117252
0.123348
0.140928
0.140928
0.123348
0.126218
0.126218
0.129717
0.136916
0.136916
0.143418
0.137403
0.149115
0.163649
0.163649
0.143178
0.105719
0.116806
0.108733
0.126816
0.126807
0.130775
0.130775
0.130651
0.125866
0.14364
0.14364
0.131196
0.128022
0.135054
0.135054
0.132685
0.133628
0.133628
0.146579
0.160448
0.160064
0.160064
0.159791
0.160072
0.177675
0.177675
0.197624
0.197624
0.197332
0.196859
0.184536
0.195584
0.195584
0.177462
0.210316
0.210316
0.186799
0.189542
0.189415
0.189415
0.163956
0.167097
0.16419
0.16955
0.177162
0.177162
0.160085
0.161022
0.162751
0.157422
0.168988
0.160246
0.153371
0.186154
0.186154
0.183316
0.201229
0.201229
0.165768
0.168706
0.168706
0.169578
0.172444
0.172444
0.162889
0.166691
0.166164
0.17106
0.176409
0.176409
0.200358
0.174942
0.19799
0.202617
0.202617
0.19799
0.190727
0.181547
0.200358
0.164014
0.169299
0.166691
0.177381
0.177381
0.152601
0.151715
0.149427
0.190396
0.190396
0.18443
0.169129
0.156173
0.157126
0.157126
0.143243
0.145617
0.145617
0.13514
0.154423
0.154423
0.16978
0.181682
0.188913
0.188913
0.199174
0.199174
0.165042
0.172179
0.171084
0.171084
0.172179
0.170079
0.173647
0.173647
0.163407
0.167994
0.14681
0.155454
0.157152
0.171478
0.167994
0.171478
0.189703
0.201893
0.201893
0.159543
0.175464
0.175464
0.173131
0.156344
0.186364
0.206286
0.178659
0.182084
0.171122
0.200409
0.191977
0.192985
0.224256
0.243778
0.243778
0.212259
0.224256
0.20333
0.184517
0.206683
0.206683
0.200409
0.22434
0.22434
0.212259
0.205089
0.19326
0.206662
0.20333
0.194184
0.206851