0.134137
0.163718
0.163718
0.156986
0.145949
0.146173
0.159872
0.157344
0.145595
0.160371
0.148504
0.146981
0.14207
0.159872
0.152336
0.157415
0.157415
0.139209
0.175288
0.160371
0.175288
0.149354
0.150083
0.145923
0.181426
0.255531
0.255531
0.134926
0.151699
0.153634
0.166525
0.147777
0.153634
0.160602
0.166525
0.159267
0.153042
0.156079
0.155052
0.146886
0.14546
0.153433
0.162102
0.160151
0.15696
0.156057
0.153042
0.166007
0.17699
0.146724
0.160151
0.17699
0.166007
0.16169
0.169138
0.203685
0.203685
0.161678
0.161113
0.14658
0.20486
0.169138
0.161678
0.181406
0.20486
0.181526
0.207336
0.207336
0.177193
0.147
0.150072
0.210563
0.210563
0.170265
0.135691
0.170265
0.168194
0.172268
0.159211
0.152224
0.154127
0.151699
0.16547
0.183049
0.183049
0.164972
0.152537
0.1483
0.149653
0.181526
0.14623
0.136516
0.137717
0.133034
0.127878
0.129009
0.121406
0.142259
0.142259
0.134338
0.10804
0.125926
0.125926
0.114037
0.120684
0.137574
0.137574
0.123875
0.125124
0.135176
0.135176
0.127445
0.127445
0.121897
0.146819
0.121197
0.146819
0.116546
0.12987
0.165365
0.165365
0.144049
0.137693
0.13703
0.144049
0.143838
0.136479
0.112404
0.10754
0.1053
0.1053
0.0993712
0.0993712
0.106726
0.106726
0.095588
0.111926
0.111926
0.10711
0.126138
0.136853
0.136853
0.106586
0.101947
0.0990143
0.126355
0.126355
0.111605
0.119766
0.119766
0.136245
0.136245
0.126744
0.126776
0.119235
0.114049
0.100999
0.121417
0.121417
0.127802
0.14417
0.15016
0.15016
0.136224
0.136224
0.143123
0.143123
0.149177
0.139546
0.149177
0.122738
0.111598
0.109754
0.113704
0.12718
0.12718
0.141675
0.141675
0.108363
0.116839
0.116839
0.102419
0.0942116
0.11232
0.11232
0.10817
0.107617
0.118958
0.118958
0.108707
0.108975
0.108975
0.104389
0.1161
0.1161
0.111996
0.126405
0.126405
0.103019
0.103019
0.102795
0.129833
0.129833
0.113945
0.113945
0.121099
0.142868
0.142868
0.137755
0.137755
0.112223
0.126898
0.160786
0.160786
0.121393
0.127746
0.127746
0.108879
0.113772
0.11622
0.120206
0.120206
0.116411
0.114874
0.124889
0.124889
0.124929
0.122456
0.154757
0.154757
0.157085
0.157085
0.164198
0.184284
0.184284
0.151316
0.150983
0.14246
0.122763
0.122763
0.120988
0.120988
0.115985
0.100363
0.100363
0.101701
0.101701
0.107584
0.107584
0.0904482
0.0945829
0.0945829
0.0922597
0.0829901
0.0992297
0.108491
0.108491
0.113247
0.113247
0.105959
0.0989697
0.0883887
0.104664
0.104664
0.0880797
0.0880797
0.0862034
0.085256
0.0752037
0.0753193
0.0753193
0.082708
0.0834997
0.0873031
0.0962762
0.0962762
0.0935373
0.0935373
0.0837833
0.0837833
0.0775976
0.0943523
0.0943523
0.0852811
0.0894318
0.102623
0.102623
0.0999901
0.0999901
0.0800322
0.0998458
0.0998458
0.0917284
0.0917284
0.0746596
0.0796936
0.0843523
0.0816238
0.117167
0.125464
0.134748
0.134748
0.130167
0.130167
0.129523
0.11754
0.102233
0.0943011
0.0943011
0.079902
0.0795991
0.0746175
0.0833783
0.0833783
0.0748666
0.100423
0.100423
0.0719193
0.0738359
0.0738359
0.0804312
0.110724
0.110724
0.10657
0.106239
0.106239
0.0995824
0.108423
0.108423
0.103658
0.109934
0.109934
0.107058
0.107058
0.13245
0.13245
0.117701
0.117701
0.13185
0.143833
0.171856
0.171856
0.128673
0.114608
0.110395
0.10865
0.108634
0.11431
0.11431
0.102843
0.0978411
0.10433
0.117508
0.117508
0.105462
0.100351
0.108744
0.108744
0.115674
0.147992
0.147992
0.134085
0.115904
0.103831
0.103831
0.102912
0.110427
0.110427
0.120451
0.120451
0.117428
0.113318
0.115113
0.115113
0.111382
0.119492
0.141575
0.141575
0.1102
0.1102
0.100053
0.108951
0.115617
0.115617
0.0993919
0.0868176
0.0948194
0.0948194
0.0864018
0.0949869
0.0949869
0.0783872
0.0538171
0.070837
0.0957839
0.0957839
0.0856481
0.0856481
0.135713
0.135713
0.131729
0.141384
0.141384
0.143399
0.143399
0.142228
0.151201
0.151201
0.163444
0.163444
0.120716
0.114106
0.113795
0.116953
0.116953
0.0986747
0.0909614
0.0854252
0.0997085
0.0997085
0.0986122
0.112099
0.12177
0.125482
0.125482
0.125962
0.125962
0.106179
0.09062
0.132252
0.132252
0.148353
0.148353
0.122403
0.139255
0.139255
0.126075
0.129714
0.129714
0.103381
0.145489
0.145489
0.128475
0.128586
0.128586
0.100558
0.104624
0.104624
0.117183
0.10099
0.117183
0.0874086
0.0996212
0.104276
0.151355
0.151355
0.138662
0.138662
0.121096
0.163507
0.163507
0.127956
0.127956
0.119364
0.122822
0.100632
0.116479
0.116479
0.115167
0.115167
0.0974814
0.0974814
0.0683021
0.083856
0.0897349
0.0995526
0.0995526
0.0819575
0.0893372
0.0893372
0.0770383
0.0815274
0.0815274
0.0716508
0.0716508
0.072012
0.0792163
0.0820547
0.0855027
0.0850053
0.0913415
0.106637
0.125223
0.125223
0.104456
0.115786
0.125501
0.14942
0.143703
0.136674
0.148888
0.150873
0.151435
0.16234
0.163096
0.198494
0.198494
0.187895
0.134114
0.14284
0.146773
0.146773
0.137286
0.151433
0.151433
0.121551
0.13076
0.160257
0.160257
0.139585
0.138139
0.138139
0.13272
0.151533
0.151533
0.124477
0.112239
0.136699
0.133127
0.133127
0.140556
0.140556
0.126741
0.114578
0.113046
0.105518
0.11635
0.0874688
0.116632
0.115286
0.13426
0.132536
0.129195
0.184603
0.184603
0.178852
0.187914
0.187914
0.192396
0.185448
0.186266
0.178886
0.159962
0.182292
0.182292
0.162246
0.167282
0.174835
0.172955
0.177687
0.198096
0.198096
0.17364
0.170784
0.175734
0.170561
0.170561
0.157486
0.161066
0.157663
0.163943
0.163943
0.174186
0.174186
0.157944
0.158567
0.178293
0.178293
0.160365
0.174721
0.174721
0.171528
0.171528
0.155826
0.15486
0.160021
0.159397
0.173208
0.173208
0.143408
0.133191
0.142707
0.139909
0.145381
0.166184
0.144735
0.144735
0.124427
0.14504
0.12963
0.13264
0.13264
0.132598
0.127472
0.119981
0.114687
0.0898236
0.098236
0.103575
0.103575
0.114081
0.114081
0.107146
0.0958203
0.0957204
0.115307
0.105953
0.110704
0.111942
0.111942
0.102885
0.10802
0.0997849
0.102906
0.0942143
0.0994582
0.11794
0.111023
0.0993333
0.101727
0.106684
0.106684
0.0897494
0.0872024
0.0830229
0.0978278
0.104592
0.104592
0.0893034
0.0994004
0.0994004
0.0971371
0.109493
0.109493
0.103737
0.120142
0.110442
0.109904
0.131902
0.120902
0.127111
0.122158
0.136544
0.141948
0.141948
0.154022
0.154022
0.158553
0.16635
0.176557
0.143782
0.169305
0.172555
0.176498
0.184015
0.17837
0.204298
0.204298
0.184706
0.184706
0.155175
0.169783
0.15694
0.156369
0.150559
0.143955
0.164733
0.145469
0.164733
0.15391
0.16109
0.16109
0.155564
0.155564
0.168738
0.168738
0.155908
0.155908
0.12324
0.121969
0.131312
0.131312
0.125508
0.130516
0.130516
0.108279
0.114578
0.0967231
0.110065
0.110065
0.106317
0.119566
0.111218
0.125784
0.127033
0.127033
0.108492
0.101427
0.113713
0.140576
0.154507
0.162061
0.162061
0.179891
0.219823
0.219823
0.199709
0.207966
0.211701
0.211701
0.171383
0.193527
0.193527
0.177254
0.178382
0.183511
0.192109
0.192109
0.18026
0.163673
0.177213
0.199385
0.199385
0.200189
0.195152
0.179512
0.200638
0.191764
0.17981
0.205053
0.205053
0.156009
0.151714
0.167116
0.167116
0.172621
0.172621
0.171895
0.171895
0.166409
0.166409
0.168425
0.15745
0.169303
0.181771
0.183075
0.183075
0.177107
0.179563
0.177939
0.170654
0.18223
0.18223
0.145136
0.141104
0.141104
0.138337
0.147993
0.154768
0.154768
0.158538
0.158538
0.144289
0.144278
0.141455
0.152369
0.152369
0.125716
0.120698
0.116129
0.127287
0.127287
0.0976247
0.104284
0.106317
0.120869
0.120869
0.126871
0.0984621
0.107029
0.115307
0.130424
0.130424
0.0944156
0.110704
0.109738
0.109632
0.106709
0.0996926
0.102906
0.0970195
0.0977227
0.11794
0.103912
0.111023
0.0901941
0.101727
0.0980482
0.0884597
0.0852469
0.0800655
0.0889708
0.0889708
0.10818
0.107161
0.0947653
0.0968879
0.107184
0.0930524
0.103138
0.105407
0.113047
0.110936
0.110442
0.0987469
0.116129
0.115799
0.128347
0.126536
0.128822
0.153121
0.137675
0.13953
0.133303
0.148302
0.145678
0.144268
0.151367
0.154355
0.16247
0.178701
0.182261
0.173127
0.164409
0.179722
0.172365
0.172365
0.181231
0.18256
0.18256
0.182264
0.161327
0.161327
0.150982
0.147291
0.162166
0.170742
0.159392
0.170742
0.128197
0.137156
0.129467
0.126727
0.158921
0.119842
0.132574
0.132574
0.117747
0.123168
0.107508
0.146911
0.107538
0.113516
0.112451
0.112451
0.104638
0.106691
0.106691
0.107415
0.105638
0.119566
0.109285
0.10479
0.106723
0.106723
0.0952192
0.0950423
0.0931835
0.123338
0.128063
0.146661
0.158452
0.188936
0.219408
0.221501
0.221501
0.183957
0.167524
0.175386
0.175386
0.182074
0.178831
0.194155
0.197241
0.197241
0.17844
0.17844
0.172839
0.188862
0.188862
0.168332
0.19527
0.19527
0.189732
0.190689
0.197289
0.204367
0.189308
0.189115
0.179892
0.179892
0.173036
0.176189
0.176189
0.169385
0.17741
0.150827
0.160239
0.17326
0.17326
0.164757
0.165273
0.168425
0.153526
0.169303
0.165871
0.199036
0.199036
0.158101
0.156953
0.173922
0.173922
0.152424
0.152424
0.153772
0.153772
0.130962
0.126005
0.123347
0.129257
0.166184
0.156346
0.135771
0.118376
0.139267
0.109805
0.104387
0.116137
0.116137
0.104863
0.111134
0.103448
0.111134
0.10486
0.103077
0.11957
0.11957
0.103348
0.0897103
0.0849998
0.100036
0.0916879
0.101515
0.101823
0.101823
0.0918975
0.0874126
0.112224
0.112224
0.0984934
0.0863407
0.0896215
0.0886574
0.0886574
0.0861281
0.0948891
0.0948891
0.0853599
0.0949977
0.0928125
0.0955364
0.0969341
0.092875
0.0968879
0.107184
0.0971371
0.0979689
0.115556
0.115556
0.120142
0.109774
0.108666
0.126979
0.117523
0.128347
0.13697
0.138238
0.144593
0.135353
0.144849
0.154995
0.154995
0.143745
0.156667
0.176557
0.159923
0.160665
0.161741
0.162122
0.16638
0.16638
0.170258
0.195795
0.195795
0.154556
0.159145
0.162233
0.150986
0.16434
0.16434
0.161377
0.161377
0.143451
0.141751
0.135495
0.139738
0.138058
0.15295
0.155314
0.154954
0.154954
0.139891
0.142747
0.142747
0.125508
0.110348
0.113516
0.119112
0.106152
0.111765
0.111765
0.102978
0.107415
0.0880285
0.106441
0.110505
0.125784
0.0965579
0.101346
0.105991
0.114504
0.114504
0.147736
0.166418
0.190314
0.190314
0.178731
0.175959
0.221088
0.221088
0.20131
0.188127
0.173401
0.178223
0.178223
0.185987
0.185987
0.185144
0.185144
0.180441
0.180441
0.164487
0.189805
0.189805
0.182329
0.208798
0.208798
0.193946
0.204367
0.191764
0.182562
0.184971
0.184971
0.17235
0.154132
0.160154
0.17741
0.162085
0.162085
0.158732
0.164327
0.164757
0.155142
0.168466
0.168439
0.168466
0.166531
0.187467
0.187467
0.167074
0.149017
0.173109
0.179563
0.174502
0.173747
0.173747
0.143746
0.140086
0.140012
0.140012
0.11515
0.114583
0.142707
0.142658
0.140194
0.144289
0.138042
0.141455
0.141384
0.122751
0.114707
0.115507
0.103687
0.0994996
0.0976966
0.0976247
0.120439
0.106317
0.126871
0.102267
0.113047
0.103818
0.0970668
0.105764
0.109864
0.109864
0.0960145
0.117938
0.117938
0.0997882
0.102756
0.102756
0.110457
0.103226
0.0890472
0.085829
0.0938569
0.0938569
0.0817354
0.106098
0.0894082
0.11082
0.0971531
0.0894185
0.0952758
0.0964217
0.0992483
0.0992483
0.104307
0.107206
0.0925024
0.0996341
0.107352
0.107352
0.114594
0.108644
0.13697
0.120472
0.127411
0.133257
0.133257
0.152823
0.152823
0.139888
0.14728
0.154732
0.143322
0.166147
0.166147
0.18122
0.184015
0.17837
0.182722
0.182722
0.176433
0.161032
0.182758
0.182264
0.162879
0.15694
0.175329
0.175329
0.158801
0.144896
0.137837
0.15161
0.165232
0.165232
0.164418
0.150785
0.145813
0.153063
0.153063
0.13548
0.129756
0.132235
0.129787
0.129787
0.128555
0.128555
0.146911
0.145977
0.109978
0.114413
0.126128
0.109364
0.105518
0.102873
0.102873
0.11635
0.121039
0.121039
0.117694
0.107461
0.123788
0.13426
0.151091
0.151091
0.160068
0.169212
0.169212
0.169885
0.19437
0.19437
0.19239
0.192396
0.17973
0.202295
0.202295
0.179335
0.189054
0.189054
0.21379
0.21379
0.18465
0.187625
0.187625
0.187408
0.187408
0.188436
0.188436
0.166685
0.189962
0.189962
0.182136
0.162709
0.155198
0.167136
0.167651
0.173199
0.179522
0.179522
0.163683
0.176508
0.176508
0.165623
0.15954
0.15954
0.153257
0.153257
0.154939
0.154939
0.19733
0.19733
0.155136
0.169581
0.169581
0.149193
0.160958
0.160958
0.138492
0.135741
0.135772
0.135772
0.130122
0.12539
0.12539
0.127423
0.147768
0.147768
0.140454
0.136175
0.117751
0.123546
0.123546
0.11246
0.11246
0.112275
0.112275
0.101011
0.102151
0.102412
0.0989632
0.0989632
0.117277
0.117277
0.0901396
0.0970763
0.0970763
0.0884435
0.0820057
0.0849941
0.0863777
0.0959347
0.0962922
0.0962922
0.0764684
0.0856907
0.102741
0.102741
0.0845869
0.0997025
0.101669
0.101669
0.095982
0.0903724
0.0884333
0.0884333
0.104238
0.110344
0.110344
0.118143
0.118143
0.0981943
0.0943816
0.088235
0.102499
0.111738
0.13607
0.13607
0.146519
0.146519
0.139047
0.139047
0.128888
0.143262
0.136675
0.145704
0.145704
0.156962
0.184964
0.184964
0.188237
0.206985
0.206985
0.209058
0.209058
0.223643
0.223643
0.197273
0.205748
0.212386
0.213087
0.213087
0.185728
0.197492
0.197492
0.151992
0.183117
0.183117
0.151795
0.157824
0.157824
0.142134
0.137288
0.130064
0.152351
0.152351
0.131792
0.131792
0.132635
0.146176
0.146176
0.168948
0.168948
0.146217
0.146217
0.132384
0.116435
0.128303
0.13118
0.13118
0.130366
0.130366
0.123722
0.107338
0.100968
0.102929
0.102929
0.0972213
0.120196
0.13352
0.144108
0.203365
0.203365
0.138996
0.130323
0.128601
0.179864
0.179864
0.184319
0.184319
0.157513
0.158124
0.158124
0.152874
0.140105
0.178795
0.178795
0.178248
0.189634
0.189634
0.189545
0.189545
0.183018
0.183018
0.165591
0.176517
0.180051
0.180051
0.169999
0.189665
0.189665
0.158196
0.203915
0.203915
0.17841
0.147821
0.159374
0.179108
0.179108
0.141667
0.141667
0.135431
0.149263
0.149263
0.142714
0.175799
0.175799
0.172457
0.172457
0.182299
0.182299
0.139595
0.140025
0.140025
0.152716
0.152716
0.121748
0.120728
0.106877
0.120073
0.120073
0.135323
0.135323
0.116227
0.116506
0.129187
0.145465
0.145465
0.120398
0.0912483
0.0961526
0.0961526
0.119404
0.119404
0.112592
0.118891
0.118891
0.0902811
0.100918
0.124211
0.124211
0.107431
0.0933718
0.115314
0.115314
0.097662
0.103188
0.103188
0.0821659
0.078087
0.0944787
0.101381
0.0894273
0.0946624
0.0946624
0.0785392
0.0945171
0.0850002
0.0797645
0.0903724
0.080281
0.0977508
0.0977508
0.092708
0.092671
0.0987759
0.09348
0.11161
0.114724
0.114724
0.114679
0.129012
0.129844
0.129886
0.128771
0.14302
0.146225
0.147592
0.146546
0.146546
0.161073
0.175654
0.163912
0.17983
0.187432
0.19091
0.190304
0.195453
0.176158
0.149311
0.142189
0.127568
0.132202
0.135381
0.135381
0.127955
0.130329
0.134166
0.13341
0.124774
0.133112
0.133112
0.118889
0.121339
0.126219
0.123299
0.114668
0.104771
0.121701
0.126346
0.108431
0.106543
0.0927096
0.112601
0.0976708
0.0955774
0.0938609
0.0956108
0.100453
0.0981805
0.0935647
0.101434
0.101434
0.0954516
0.162701
0.164617
0.164617
0.15875
0.166897
0.169455
0.169455
0.160919
0.170325
0.19096
0.19096
0.17363
0.17447
0.198418
0.214819
0.214819
0.189014
0.189014
0.1898
0.1898
0.1812
0.168448
0.168448
0.166011
0.16659
0.171321
0.171321
0.169319
0.169319
0.188087
0.188087
0.166849
0.162245
0.166849
0.147513
0.140696
0.16791
0.156114
0.156114
0.156722
0.156722
0.153769
0.168956
0.173253
0.173253
0.173608
0.173608
0.152406
0.155858
0.155858
0.158792
0.158792
0.153004
0.153004
0.118917
0.137657
0.146131
0.146131
0.141664
0.125061
0.125061
0.118821
0.123926
0.125334
0.125334
0.139997
0.139997
0.108317
0.0985462
0.085378
0.0867161
0.0935177
0.0956292
0.095899
0.095899
0.0923132
0.0870422
0.0870422
0.0861777
0.097807
0.0900891
0.0896709
0.0896722
0.0808648
0.0844079
0.0831826
0.0944787
0.101381
0.0943038
0.101924
0.107161
0.107215
0.0984224
0.0939976
0.0842516
0.0870658
0.0888334
0.0965037
0.0862819
0.0860352
0.0969548
0.0949306
0.0961575
0.102826
0.103009
0.122342
0.12319
0.128511
0.148195
0.146445
0.14302
0.142476
0.149033
0.149033
0.150123
0.162667
0.169582
0.169582
0.151203
0.158327
0.177055
0.168861
0.168861
0.138066
0.120256
0.124282
0.112984
0.120069
0.113874
0.11917
0.134322
0.139599
0.126798
0.121167
0.11735
0.1211
0.103648
0.140584
0.124312
0.0954349
0.112025
0.126346
0.11906
0.130446
0.0933368
0.10639
0.107161
0.0843397
0.0884191
0.0937774
0.100453
0.101208
0.110343
0.109854
0.10812
0.112179
0.112179
0.12958
0.152899
0.152899
0.156062
0.16186
0.161121
0.173755
0.173755
0.183573
0.183573
0.173429
0.188699
0.188699
0.167113
0.167113
0.18231
0.197604
0.197604
0.168444
0.161965
0.160013
0.186004
0.186004
0.168896
0.185237
0.185237
0.171126
0.157012
0.146353
0.156804
0.156804
0.166805
0.166805
0.153821
0.141645
0.16077
0.163036
0.175902
0.175902
0.173878
0.173878
0.160668
0.163221
0.171455
0.171455
0.143127
0.147133
0.161026
0.18214
0.18214
0.139207
0.139207
0.119658
0.11409
0.107121
0.137826
0.137826
0.112638
0.125031
0.109462
0.124496
0.147772
0.147772
0.125191
0.107116
0.110203
0.107848
0.102197
0.0974423
0.0995052
0.0995052
0.116848
0.116848
0.0940343
0.085428
0.0877612
0.0877612
0.110747
0.0898772
0.102786
0.0999641
0.107628
0.113469
0.113469
0.103793
0.0959641
0.0872473
0.0879709
0.0836849
0.106098
0.104183
0.101924
0.105788
0.107215
0.0951514
0.0953061
0.0929575
0.0846256
0.0948751
0.107206
0.0984827
0.101257
0.0940616
0.107353
0.0993337
0.119767
0.124055
0.127111
0.148472
0.148472
0.125772
0.144849
0.147962
0.141863
0.136683
0.152489
0.152633
0.157186
0.187635
0.194369
0.194369
0.187432
0.19091
0.175995
0.161293
0.139678
0.139049
0.14697
0.135752
0.15519
0.135938
0.135938
0.138126
0.138728
0.134024
0.117145
0.125266
0.127055
0.127613
0.127613
0.131253
0.129938
0.110858
0.112025
0.111423
0.112661
0.107479
0.130446
0.0980456
0.103499
0.112601
0.108458
0.0989406
0.0975245
0.0995351
0.110343
0.100243
0.10812
0.0943046
0.0964562
0.117607
0.147238
0.150113
0.146626
0.159137
0.155706
0.131942
0.171335
0.171335
0.162135
0.163154
0.163154
0.203061
0.203061
0.170571
0.162682
0.161801
0.187703
0.187703
0.184117
0.183189
0.173281
0.177491
0.177491
0.169678
0.165755
0.176881
0.176881
0.1695
0.155677
0.143283
0.143283
0.140529
0.138173
0.15033
0.188753
0.188753
0.185382
0.185382
0.168492
0.168492
0.154624
0.175128
0.175128
0.140262
0.1361
0.131238
0.13804
0.13804
0.182194
0.182194
0.150905
0.157211
0.162943
0.162943
0.153873
0.131139
0.137119
0.124978
0.11615
0.11615
0.112254
0.112254
0.115567
0.115567
0.101233
0.101233
0.0798194
0.0783494
0.0783494
0.0812987
0.0848974
0.097807
0.116418
0.0985069
0.106313
0.106313
0.0948596
0.0993773
0.0984082
0.0936212
0.0986718
0.126553
0.104908
0.0929068
0.0929068
0.0879745
0.078696
0.0936481
0.0979778
0.0944565
0.122847
0.103162
0.12963
0.107952
0.102062
0.109379
0.120094
0.130252
0.136071
0.138449
0.127838
0.142398
0.149952
0.158553
0.151849
0.159334
0.164611
0.16715
0.17185
0.201803
0.201803
0.166794
0.181704
0.185029
0.179109
0.161372
0.145784
0.159572
0.159572
0.160965
0.144734
0.149429
0.159724
0.140318
0.159724
0.14038
0.125266
0.133132
0.133132
0.108714
0.109429
0.109429
0.140584
0.108083
0.105215
0.0975682
0.112615
0.11906
0.109128
0.108431
0.106543
0.102642
0.0928709
0.0967664
0.0900254
0.100412
0.105216
0.105216
0.102431
0.0988475
0.0943479
0.0904561
0.0978514
0.0978514
0.145836
0.198795
0.198795
0.181872
0.181872
0.185617
0.185617
0.183558
0.188712
0.188712
0.17197
0.190785
0.190785
0.183533
0.183533
0.17543
0.169188
0.189746
0.171222
0.189485
0.189485
0.176032
0.177678
0.177678
0.151139
0.169046
0.169046
0.146607
0.135176
0.126266
0.150815
0.150815
0.150649
0.158365
0.158365
0.15915
0.165269
0.165269
0.157214
0.162051
0.182813
0.182813
0.175441
0.166139
0.153021
0.140367
0.138407
0.147934
0.147934
0.123608
0.134866
0.134866
0.131708
0.119083
0.122224
0.126439
0.137211
0.137211
0.117443
0.132711
0.132711
0.152189
0.152189
0.125304
0.124334
0.124334
0.102032
0.100542
0.103018
0.118254
0.118254
0.0989759
0.0833728
0.1168
0.0893174
0.100133
0.100133
0.0762715
0.0838755
0.110747
0.105477
0.0999641
0.107628
0.0930857
0.0863909
0.0869869
0.0858237
0.107882
0.107882
0.0984082
0.0936212
0.0986718
0.126553
0.104908
0.0998931
0.0899195
0.0953061
0.0936481
0.0901698
0.0964612
0.122847
0.117803
0.12963
0.107952
0.0910489
0.0961575
0.0968916
0.105521
0.113166
0.114285
0.121797
0.121797
0.148044
0.148044
0.147952
0.147952
0.154355
0.148601
0.182261
0.16295
0.173984
0.165567
0.186629
0.186629
0.164305
0.164305
0.163538
0.163538
0.155498
0.148201
0.125916
0.123984
0.140823
0.140823
0.12416
0.129026
0.136594
0.136594
0.120546
0.120546
0.114509
0.126219
0.118288
0.107184
0.112998
0.111423
0.0979
0.117282
0.105311
0.112386
0.112386
0.113507
0.12378
0.12378
0.109412
0.125567
0.125567
0.126552
0.11059
0.128646
0.130658
0.161084
0.161084
0.151561
0.144398
0.162254
0.162254
0.155494
0.166697
0.166697
0.155416
0.189206
0.189206
0.164638
0.158772
0.158772
0.168646
0.168646
0.126787
0.140364
0.150565
0.185745
0.185745
0.14931
0.180337
0.180337
0.189791
0.173897
0.170315
0.170315
0.163554
0.160369
0.160369
0.167657
0.173366
0.173366
0.151365
0.165696
0.165696
0.149577
0.167846
0.142543
0.14432
0.146597
0.157209
0.157209
0.141463
0.157828
0.15256
0.146741
0.152247
0.152247
0.144578
0.144578
0.121564
0.121564
0.137119
0.118329
0.11265
0.147824
0.147824
0.117053
0.139028
0.139028
0.132006
0.109617
0.0996901
0.0789784
0.0789784
0.0828904
0.0828904
0.0952004
0.0962263
0.116418
0.104033
0.102847
0.102847
0.104515
0.0901524
0.0876006
0.0900965
0.0930133
0.100663
0.100663
0.0909575
0.0998931
0.0899195
0.0889965
0.0881064
0.105407
0.0970817
0.105966
0.0951412
0.087347
0.104064
0.108191
0.131902
0.118882
0.124402
0.12514
0.138449
0.118403
0.129844
0.148195
0.138975
0.14842
0.142478
0.14815
0.14815
0.147273
0.154654
0.169305
0.176072
0.190906
0.194361
0.216826
0.216826
0.176967
0.192074
0.192074
0.154764
0.150893
0.160965
0.140653
0.139599
0.124019
0.134322
0.136711
0.136711
0.134055
0.134055
0.131428
0.131428
0.129662
0.11916
0.126053
0.112998
0.10021
0.10021
0.105977
0.117746
0.117746
0.119061
0.119061
0.103058
0.110715
0.104436
0.109644
0.134466
0.134466
0.11079
0.114097
0.159102
0.159102
0.156468
0.156468
0.154741
0.154741
0.151029
0.162182
0.162182
0.182739
0.182739
0.168957
0.178122
0.178122
0.15951
0.180946
0.180946
0.174824
0.178388
0.178388
0.171262
0.152175
0.163202
0.182802
0.182802
0.141191
0.148097
0.168644
0.168644
0.166747
0.15458
0.150718
0.163521
0.164212
0.162594
0.168026
0.168026
0.155063
0.148153
0.148461
0.169076
0.178471
0.178471
0.170941
0.134996
0.150487
0.14974
0.14974
0.157828
0.152687
0.12833
0.122708
0.142107
0.149125
0.153873
0.143841
0.124088
0.137537
0.137537
0.0977059
0.0977059
0.0947678
0.0748687
0.108102
0.108102
0.0782384
0.0957479
0.0957479
0.076455
0.091737
0.091737
0.0870258
0.0870258
0.0969954
0.0969954
0.084079
0.084079
0.0795255
0.0693761
0.0757648
0.0910709
0.0943709
0.0943709
0.118138
0.118138
0.101383
0.104881
0.104881
0.117233
0.124565
0.124565
0.147601
0.147601
0.143161
0.143161
0.136014
0.129165
0.142528
0.151472
0.156682
0.170033
0.170033
0.171792
0.188822
0.194487
0.197905
0.245084
0.245084
0.217495
0.204316
0.202802
0.193948
0.202802
0.14117
0.14117
0.1396
0.13972
0.151685
0.151685
0.149616
0.148816
0.146246
0.146246
0.146836
0.146836
0.132202
0.155128
0.155128
0.137806
0.125203
0.125203
0.110728
0.110728
0.0993682
0.0946317
0.0957311
0.105311
0.112023
0.118123
0.10363
0.121216
0.121216
0.123323
0.126552
0.110909
0.110909
0.148189
0.148189
0.175715
0.175715
0.164009
0.187949
0.187949
0.16505
0.16505
0.163108
0.15474
0.15474
0.217942
0.217942
0.179969
0.170222
0.199194
0.199194
0.161133
0.158422
0.161133
0.15582
0.170892
0.170892
0.167492
0.157609
0.155108
0.174776
0.189791
0.175769
0.142448
0.142766
0.166747
0.158369
0.167057
0.167057
0.162105
0.167251
0.167785
0.167785
0.161781
0.178834
0.178834
0.139317
0.145216
0.148102
0.142328
0.123146
0.123146
0.102991
0.154699
0.154699
0.132212
0.125777
0.108473
0.124079
0.124079
0.113048
0.113998
0.143843
0.143843
0.118234
0.107848
0.0984927
0.0816745
0.0786107
0.120766
0.120766
0.0760325
0.0905231
0.0989087
0.0989087
0.0903922
0.109183
0.109183
0.0896651
0.092636
0.0890861
0.0896722
0.0959559
0.0804659
0.0879709
0.0914147
0.0970075
0.0931083
0.11082
0.0971531
0.092875
0.0850002
0.090586
0.0939461
0.083174
0.0854176
0.0980501
0.102648
0.102648
0.0905615
0.101049
0.111947
0.114368
0.115993
0.129531
0.137412
0.137412
0.13309
0.13309
0.156931
0.172024
0.173002
0.173002
0.158648
0.147843
0.148253
0.154325
0.154325
0.121816
0.134081
0.126598
0.113484
0.117497
0.112323
0.115606
0.127964
0.122773
0.127964
0.110328
0.120278
0.143657
0.143657
0.126346
0.138102
0.141952
0.15424
0.15424
0.153868
0.160236
0.160236
0.139267
0.139267
0.118554
0.118554
0.0975325
0.0956478
0.111265
0.111265
0.137841
0.137841
0.114104
0.114104
0.156876
0.156876
0.166374
0.166374
0.157552
0.157552
0.159169
0.159169
0.154122
0.136216
0.134646
0.142548
0.142956
0.142956
0.15412
0.177274
0.186147
0.186147
0.192785
0.192785
0.158359
0.158359
0.134914
0.135031
0.135031
0.124013
0.116583
0.114894
0.101246
0.101894
0.0728101
0.0636144
0.084928
0.084928
0.107296
0.107296
0.104206
0.104206
0.101799
0.101083
0.11677
0.11677
0.113114
0.148373
0.148373
0.135368
0.119599
0.109094
0.109094
0.106537
0.119205
0.119205
0.118263
0.118263
0.108866
0.117584
0.148985
0.148985
0.135685
0.151983
0.146512
0.12592
0.0957074
0.133688
0.179131
0.179131
0.138475
0.155369
0.155369
0.137528
0.125138
0.137368
0.137368
0.136953
0.143808
0.159558
0.159558
0.128653
0.131729
0.131729
0.174482
0.193271
0.193271
0.181068
0.160073
0.160073
0.126088
0.09805
0.14667
0.14667
0.128142
0.056369
0.128142
0.0826227
0.0826227
0.0617986
0.0919372
0.0816919
0.0776918
0.0816919
0.108917
0.108917
0.0988467
0.1033
0.119166
0.137819
0.137819
0.11209
0.12284
0.12871
0.12871
0.115362
0.131711
0.131711
0.131368
0.128046
0.118325
0.143407
0.185248
0.185248
0.158711
0.188191
0.188191
0.150013
0.160436
0.116213
0.121805
0.121805
0.103981
0.0842267
0.0842267
0.0824815
0.0746143
0.0768656
0.100562
0.110619
0.135631
0.151237
0.151237
0.141544
0.147954
0.131672
0.147954
0.141561
0.127702
0.160436
0.173678
0.173678
0.149159
0.161227
0.169976
0.166123
0.169976
0.174392
0.178206
0.178206
0.145968
0.146466
0.146466
0.118
0.130746
0.116919
0.134553
0.129898
0.138993
0.143631
0.143631
0.129437
0.122812
0.122812
0.145618
0.145618
0.143358
0.141037
0.171951
0.171951
0.13007
0.123612
0.129473
0.129473
0.133715
0.125467
0.143817
0.132423
0.143817
0.126687
0.131727
0.146198
0.146198
0.130097
0.13803
0.143381
0.143381
0.106754
0.0999984
0.0999984
0.128061
0.128061
0.125367
0.125367
0.118531
0.131909
0.154947
0.163253
0.165109
0.165109
0.163494
0.163494
0.166269
0.166269
0.20513
0.210686
0.210686
0.222974
0.227216
0.243292
0.243292
0.23939
0.23939
0.208597
0.208597
0.178658
0.187212
0.189736
0.195471
0.195471
0.178636