0.104228
0.104248
0.104253
0.104249
0.104249
0.104249
0.104251
0.104249
0.104383
0.104246
0.104248
0.104272
0.104229
0.104249
0.104251
0.104252
0.104246
0.104251
0.104252
0.10425
0.104249
0.104253
0.104248
0.104252
0.10427
0.104229
0.10425
0.104248
0.104254
0.104123
0.104247
0.104251
0.104253
0.104125
0.104248
0.104124
0.104253
0.104251
0.104121
0.104252
0.104248
0.104128
0.10425
0.104125
0.104248
0.10415
0.104103
0.104251
0.104125
0.104279
0.104098
0.104247
0.104125
0.104252
0.104245
0.104253
0.104125
0.104249
0.104247
0.104127
0.10425
0.104252
0.104126
0.10425
0.104126
0.104246
0.104128
0.104122
0.104255
0.104121
0.10415
0.104227
0.104124
0.10425
0.104124
0.104146
0.104229
0.104129
0.104126
0.104124
0.104126
0.104247
0.104128
0.104125
0.104123
0.104125
0.104127
0.104251
0.104122
0.104127
0.104123
0.104125
0.104128
0.104123
0.104123
0.104261
0.10412
0.10412
0.10413
0.10415
0.10422
0.10413
0.10425
0.10412
0.10425
0.10415
0.10423
0.10425
0.10427
0.10435
0.10425
0.10438
0.10437
0.10426
0.10449
0.10438
0.1045
0.10437
0.10453
0.10448
0.10462
0.1045
0.10462
0.10451
0.10449
0.1045
0.10452
0.10449
0.10437
0.1045
0.10437
0.1044
0.10435
0.10438
0.10438
0.10437
0.10429
0.10434
0.10437
0.10425
0.10437
0.10426
0.10424
0.10438
0.10415
0.1041
0.104
0.10388
0.104
0.10389
0.10388
0.10398
0.10389
0.10398
0.10397
0.10382
0.10386
0.10373
0.10387
0.10386
0.10379
0.10397
0.10388
0.104
0.10413
0.104
0.10412
0.104
0.10413
0.10413
0.10412
0.10425
0.10412
0.10413
0.10414
0.10411
0.10413
0.10425
0.10412
0.10413
0.10424
0.10416
0.10422
0.10415
0.10423
0.1043
0.10411
0.10443
0.10405
0.10426
0.10428
0.1042
0.10428
0.10425
0.10433
0.10462
0.10398
0.10453
0.10437
0.10382
0.1042
0.10424
0.10424
0.10429
0.10424
0.10433
0.10416
0.1045
0.10412
0.10426
0.10467
0.10397
0.10425
0.10443
0.1042
0.10436
0.10437
0.10478
0.10376
0.10423
0.10435
0.10446
0.10394
0.10428
0.10421
0.10423
0.10413
0.10425
0.10424
0.10426
0.10417
0.10423
0.10423
0.10428
0.10424
0.10422
0.10425
0.10425
0.10425
0.10464
0.10395
0.10418
0.10428
0.10431
0.10415
0.10425
0.10427
0.10436
0.10426
0.10422
0.10428
0.10427
0.10424
0.10423
0.10428
0.10421
0.10424
0.10431
0.10412
0.10426
0.1042
0.1043
0.10422
0.10423
0.10424
0.10453
0.104
0.10423
0.10433
0.10418
0.10426
0.10422
0.10428
0.10423
0.10424
0.10442
0.10421
0.10426
0.10424
0.10429
0.10431
0.10416
0.10429
0.10423
0.1043
0.10418
0.10439
0.10425
0.10423
0.10428
0.10425
0.10425
0.10422
0.10426
0.10436
0.10427
0.10423
0.10413
0.10423
0.10427
0.10425
0.10425
0.10424
0.10427
0.10472
0.10397
0.10448
0.10415
0.10434
0.10437
0.10438
0.10428
0.10433
0.10422
0.1044
0.10422
0.10428
0.10414
0.10426
0.10407
0.10413
0.10421
0.10427
0.10413
0.10425
0.10428
0.10404
0.10412
0.10397
0.10411
0.10415
0.10413
0.10408
0.10428
0.10413
0.10475
0.10395
0.10402
0.10418
0.10453
0.10371
0.10422
0.10412
0.10412
0.10413
0.10412
0.104
0.10413
0.104
0.10412
0.10412
0.10414
0.10424
0.10425
0.10437
0.10491
0.10426
0.10448
0.10454
0.10447
0.1045
0.10448
0.10449
0.1044
0.10483
0.10457
0.10359
0.10433
0.10426
0.10428
0.10414
0.10412
0.10428
0.10413
0.10423
0.10412
0.10425
0.10425
0.10422
0.10426
0.10439
0.10422
0.10446
0.10423
0.10436
0.10425
0.10424
0.10425
0.10425
0.10427
0.10425
0.10421
0.10427
0.10422
0.10416
0.10426
0.10409
0.10411
0.10428
0.1041
0.10416
0.10413
0.10422
0.10415
0.10414
0.10411
0.10422
0.10418
0.10408
0.10416
0.10397
0.10413
0.10401
0.104
0.10397
0.10484
0.10321
0.10413
0.10385
0.10414
0.10399
0.10398
0.10413
0.10398
0.104
0.104
0.10399
0.104
0.10431
0.10413
0.10388
0.10377
0.10411
0.10397
0.10398
0.10415
0.10424
0.104
0.10416
0.10406
0.10425
0.10435
0.10521
0.1034
0.10432
0.10451
0.10456
0.10443
0.10439
0.1045
0.10433
0.10438
0.10437
0.10438
0.10452
0.1045
0.10454
0.10444
0.10437
0.10453
0.10424
0.10442
0.10433
0.10422
0.10427
0.10426
0.10428
0.10425
0.10427
0.10428
0.10418
0.1041
0.10425
0.11028
0.09817
0.1042
0.10409
0.10429
0.10428
0.10411
0.10413
0.10425
0.1041
0.10424
0.10413
0.10423
0.10418
0.10411
0.10423
0.10416
0.1042
0.10413
0.10585
0.10256
0.10421
0.10424
0.10413
0.10427
0.10423
0.10438
0.10433
0.10409
0.10426
0.10424
0.10425
0.10441
0.10417
0.10424
0.10426
0.10539
0.10302
0.10427
0.10412
0.10414
0.10396
0.10387
0.10404
0.10402
0.1038
0.10402
0.10386
0.10391
0.10397
0.10389
0.10401
0.10385
0.10401
0.10402
0.10404
0.10391
0.10403
0.10402
0.10417
0.10391
0.10416
0.10419
0.1041
0.10414
0.10422
0.10409
0.10424
0.10429
0.10428
0.10418
0.10439
0.10451
0.10436
0.10464
0.10451
0.10461
0.10451
0.10449
0.10447
0.10478
0.10416
0.10433
0.10439
0.10437
0.1044
0.10436
0.10451
0.10447
0.1045
0.10438
0.1045
0.10448
0.10449
0.10451
0.1045
0.10459
0.10479
0.10419
0.10423
0.1042
0.10439
0.10426
0.10425
0.10429
0.1042
0.10424
0.10424
0.10412
0.10433
0.10409
0.10414
0.10422
0.10413
0.10423
0.10413
0.10411
0.10428
0.10434
0.1042
0.10396
0.10416
0.10421
0.10415
0.10411
0.10422
0.1043
0.10423
0.10421
0.10689
0.10164
0.10433
0.10424
0.10418
0.10423
0.10413
0.10427
0.10425
0.10423
0.10452
0.10403
0.10423
0.10425
0.10423
0.10423
0.1046
0.10448
0.10375
0.10419
0.10415
0.10421
0.10425
0.10426
0.10458
0.104
0.10425
0.10406
0.10423
0.10501
0.1034
0.10411
0.10426
0.10421
0.1043
0.10423
0.10431
0.10419
0.10411
0.10425
0.10601
0.10254
0.10421
0.10428
0.10422
0.1043
0.10423
0.10422
0.1041
0.10426
0.1043
0.10425
0.10412
0.10426
0.10422
0.1041
0.10427
0.10413
0.10429
0.10408
0.10413
0.10423
0.10416
0.10426
0.10414
0.10412
0.10424
0.10407
0.10425
0.10415
0.10428
0.1041
0.10433
0.10414
0.10425
0.10416
0.10421
0.10438
0.10434
0.10609
0.10212
0.10408
0.10425
0.10412
0.10459
0.10382
0.10413
0.10412
0.10422
0.10412
0.10413
0.10424
0.10433
0.10407
0.10429
0.1041
0.10426
0.10414
0.10408
0.10428
0.10415
0.10409
0.1042
0.10414
0.10418
0.10427
0.10409
0.10428
0.10409
0.10425
0.10423
0.10425
0.10413
0.10431
0.10421
0.10416
0.10421
0.1041
0.10425
0.10413
0.10415
0.10435
0.10402
0.10413
0.10413
0.1041
0.10414
0.10412
0.1043
0.10406
0.10424
0.10416
0.10444
0.10437
0.10385
0.10435
0.10385
0.10427
0.10409
0.10412
0.10531
0.1031
0.10412
0.1043
0.10407
0.10411
0.10429
0.10422
0.10426
0.10421
0.10436
0.10427
0.10429
0.10427
0.10419
0.10444
0.10413
0.10435
0.1042
0.10426
0.10577
0.10276
0.10428
0.10426
0.10419
0.10425
0.10425
0.10427
0.10422
0.10444
0.10427
0.10418
0.10424
0.10448
0.10416
0.10439
0.10422
0.10437
0.10429
0.10439
0.10442
0.10417
0.10443
0.10433
0.10424
0.10437
0.10436
0.10446
0.10435
0.10438
0.10432
0.10871
0.10011
0.10429
0.10451
0.10459
0.10445
0.1043
0.10472
0.10406
0.10443
0.10432
0.1044
0.1045
0.10432
0.10435
0.10419
0.10438
0.10427
0.10432
0.10498
0.1035
0.10417
0.10628
0.10304
0.10345
0.10428
0.10413
0.10396
0.10403
0.10399
0.10388
0.10386
0.10386
0.10386
0.10398
0.10392
0.10364
0.10388
0.10384
0.10391
0.10396
0.10387
0.1041
0.10421
0.104
0.10404
0.10394
0.1041
0.10412
0.10412
0.10424
0.10426
0.10402
0.10415
0.10409
0.10412
0.1043
0.10409
0.10424
0.10414
0.10431
0.10429
0.10416
0.10413
0.10421
0.10426
0.10424
0.10426
0.10424
0.10425
0.10438
0.10404
0.10426
0.10411
0.10425
0.1041
0.10425
0.10411
0.10437
0.10425
0.10421
0.10421
0.10428
0.10435
0.10438
0.10437
0.10472
0.10404
0.10459
0.10443
0.10436
0.10466
0.10443
0.10452
0.10463
0.10455
0.10446
0.10446
0.10537
0.10371
0.10433
0.10447
0.10437
0.10451
0.1044
0.10434
0.10437
0.10441
0.10432
0.10427
0.10428
0.1044
0.10421
0.10437
0.10679
0.10174
0.10411
0.10425
0.10403
0.10409
0.10403
0.10384
0.10389
0.10396
0.10408
0.104
0.10402
0.10378
0.10404
0.10388
0.10387
0.10396
0.10377
0.1039
0.10397
0.10386
0.10394
0.10398
0.10387
0.10474
0.10311
0.10392
0.10396
0.10403
0.10399
0.10398
0.10406
0.10405
0.10538
0.10271
0.10406
0.10414
0.10413
0.10408
0.10419
0.10411
0.10409
0.10413
0.10413
0.10427
0.10407
0.10428
0.10429
0.10413
0.1041
0.10423
0.10411
0.1041
0.1043
0.1042
0.1041
0.1041
0.1042
0.1041
0.1044
0.1044
0.1045
0.1035
0.1041
0.1043
0.1041
0.1043
0.1041
0.1041
0.1042
0.1042
0.1041
0.1043
0.1041
0.1052
0.1032
0.1041
0.1041
0.1043
0.1042
0.1041
0.1042
0.1041
0.1042
0.1041
0.1044
0.1042
0.1041
0.1043
0.1042
0.1041
0.1043
0.1041
0.1042
0.104
0.1041
0.1042
0.1042
0.1042
0.1041
0.1043
0.1042
0.1042
0.1042
0.1042
0.1042
0.1044
0.1042
0.1042
0.1043
0.1043
0.1043
0.1043
0.1042
0.1043
0.1042
0.1042
0.1043
0.1042
0.1042
0.1042
0.1041
0.1043
0.1042
0.1042
0.1041
0.1041
0.1042
0.1054
0.1028
0.1042
0.104
0.1041
0.1041
0.1041
0.104
0.1041
0.1041
0.104
0.1041
0.1041
0.1041
0.1042
0.1042
0.1041
0.1041
0.1042
0.104
0.1042
0.1041
0.105
0.1044
0.103
0.1041
0.1043
0.1041
0.1042
0.104
0.1041
0.1042
0.1041
0.1041
0.1042
0.1042
0.1046
0.1036
0.1041
0.1042
0.1041
0.1041
0.1042
0.1041
0.1046
0.1038
0.1042
0.1044
0.104
0.104
0.1041
0.1041
0.1043
0.1042
0.1041
0.1042
0.1043
0.1041
0.1042
0.1042
0.1042
0.1054
0.103
0.1043
0.1042
0.1041
0.1042
0.1042
0.1043
0.104
0.1041
0.1039
0.1042
0.104
0.1039
0.1039
0.104
0.104
0.1041
0.104
0.1041
0.104
0.104
0.1041
0.104
0.1041
0.1043
0.1042
0.1042
0.1041
0.1042
0.1043
0.1041
0.1042
0.1043
0.1042
0.1042
0.1042
0.1043
0.1042
0.1043
0.1042
0.1043
0.1042
0.1045
0.1044
0.1043
0.1035
0.1042
0.1048
0.1035
0.1041
0.1043
0.1041
0.1041
0.1043
0.104
0.1043
0.1042
0.1043
0.1041
0.1042
0.1043
0.1042
0.1042
0.1041
0.1043
0.1043
0.104
0.1043
0.1043
0.1043
0.1042
0.1043
0.1043
0.1043
0.1077
0.1009
0.1044
0.1042
0.1048
0.1049
0.1032
0.1042
0.1043
0.1044
0.1042
0.1043
0.1042
0.1051
0.1035
0.1043
0.1042
0.1047
0.1041
0.1042
0.1044
0.1042
0.1045
0.1043
0.1043
0.1043
0.1044
0.1042
0.1045
0.1043
0.1045
0.1042
0.1043
0.1044
0.1044
0.1049
0.1037
0.1042
0.1043
0.1042
0.1052
0.1034
0.1043
0.1043
0.1042
0.1043
0.1041
0.1042
0.1043
0.1042
0.1042
0.1043
0.1043
0.1042
0.1045
0.1042
0.1041
0.1043
0.104
0.1041
0.1043
0.104
0.1042
0.1039
0.1041
0.1041
0.104
0.104
0.1041
0.104
0.1042
0.104
0.1041
0.104
0.1041
0.104
0.104
0.1041
0.104
0.104
0.1041
0.1046
0.1066
0.101
0.1041
0.104
0.1039
0.1052
0.1029
0.1041
0.104
0.104
0.1041
0.1042
0.104
0.1041
0.1041
0.1042
0.1058
0.1027
0.1042
0.1058
0.1048
0.1021
0.1049
0.1055
0.1025
0.1052
0.1035
0.1043
0.1045
0.1042
0.1044
0.1045
0.1044
0.1046
0.1045
0.1045
0.1045
0.1047
0.1045
0.1045
0.1046
0.1045
0.1043
0.1046
0.1042
0.1044
0.1044
0.1043
0.1044
0.1043
0.1042
0.1042
0.1043
0.1041
0.104
0.1056
0.1025
0.1066
0.1012
0.104
0.1039
0.1054
0.1024
0.104
0.104
0.1039
0.104
0.1039
0.104
0.104
0.104
0.104
0.104
0.1042
0.1041
0.1041
0.1041
0.1041
0.1042
0.1041
0.1043
0.1041
0.1042
0.1043
0.1042
0.1042
0.1042
0.1041
0.1041
0.1042
0.1041
0.1042
0.1042
0.1041
0.1041
0.1041
0.1042
0.1042
0.1042
0.1041
0.1041
0.1041
0.1041
0.1043
0.1041
0.1042
0.1041
0.1041
0.1041
0.1042
0.1042
0.1041
0.1042
0.1042
0.1043
0.1042
0.1043
0.1041
0.1042
0.1042
0.1043
0.1043
0.1042
0.1043
0.1042
0.1043
0.1041
0.1043
0.1042
0.1041
0.1042
0.1041
0.1042
0.1042
0.104
0.1049
0.1034
0.1045
0.1039
0.1041
0.1043
0.1041
0.1042
0.1043
0.1041
0.1043
0.1042
0.1042
0.1042
0.1041
0.1043
0.1041
0.1041
0.1042
0.1042
0.1041
0.1042
0.1042
0.1041
0.1042
0.1041
0.1042
0.1041
0.1041
0.1042
0.1043
0.1041
0.1041
0.1043
0.104
0.1043
0.1043
0.1041
0.1042
0.1042
0.1043
0.104
0.1042
0.1043
0.1042
0.104
0.1041
0.1041
0.1041
0.1043
0.1042
0.1038
0.1044
0.1038
0.1042
0.104
0.1041
0.1041
0.1043
0.104
0.1042
0.1041
0.1041
0.1041
0.1041
0.1041
0.1041
0.104
0.1042
0.1041
0.1042
0.1041
0.1041
0.1041
0.1041
0.1041
0.1042
0.1041
0.1041
0.1043
0.1041
0.1041
0.1042
0.1041
0.1041
0.1041
0.1045
0.1038
0.1042
0.1041
0.1041
0.1042
0.1041
0.1042
0.1046
0.1036
0.1042
0.104
0.1042
0.1044
0.104
0.1041
0.1042
0.1042
0.1042
0.1042
0.1043
0.1042
0.1044
0.1043
0.1042
0.1044
0.1044
0.1044
0.1042
0.1043
0.1043
0.1043
0.1042
0.1041
0.1043
0.1041
0.1041
0.1042
0.1041
0.1042
0.1041
0.1041
0.1041
0.1041
0.1042
0.1042
0.1042
0.1042
0.1041
0.1042
0.1043
0.1041
0.1043
0.1042
0.1043
0.1042
0.1041
0.1045
0.104
0.1043
0.1043
0.1042
0.1043
0.1042
0.1043
0.1043
0.1043
0.1043
0.1041
0.1042
0.1043
0.1041
0.1042
0.1045
0.1039
0.1043
0.1041
0.1043
0.1041
0.1042
0.1043
0.1043
0.1042
0.1042
0.1042
0.1042
0.1043
0.1042
0.1042
0.1044
0.1042
0.1042
0.1043
0.1041
0.1042
0.1041
0.1043
0.1041
0.1042
0.1043
0.1042
0.1043
0.1042
0.1043
0.1047
0.1038
0.1043
0.1042
0.1041
0.1043
0.1042
0.1043
0.1042
0.1043
0.1043
0.1042
0.1042
0.1043
0.1043
0.1043
0.104
0.1043
0.1042
0.1041
0.1042
0.1042
0.1041
0.1044
0.1041
0.1041
0.1044
0.104
0.104
0.1042
0.1042
0.1041
0.1041
0.1042
0.1041
0.1041
0.1041
0.1043
0.1041
0.1042
0.1042
0.1041
0.1043
0.1044
0.1042
0.104
0.1041
0.1041
0.1042
0.1041
0.1043
0.1041
0.1042
0.1042
0.1042
0.1041
0.1043
0.1042
0.1041
0.1042
0.1041
0.1041
0.1042
0.1042
0.104
0.1043
0.1041
0.1041
0.1041
0.1043
0.1041
0.1041
0.1045
0.1047
0.104
0.1034
0.1041
0.1041
0.1041
0.1041
0.1042
0.1041
0.1041
0.1041
0.1041
0.1042
0.1041
0.1041
0.1041
0.1042
0.1041
0.1041
0.1042
0.1043
0.1041
0.1041
0.1042
0.1042
0.1041
0.1041
0.1042
0.1041
0.1042
0.1041
0.1041
0.1041
0.1042
0.1045
0.1038
0.1043
0.1039
0.1041
0.1042
0.104
0.1041
0.1041
0.1041
0.1041
0.1042
0.104
0.1043
0.104
0.1041
0.1039
0.1044
0.104
0.104
0.1041
0.1046
0.1037
0.1041
0.1041
0.1042
0.1041
0.1042
0.1041
0.1041
0.1042
0.1041
0.1039
0.1043
0.104
0.1041
0.104
0.1041
0.1055
0.1028
0.1041
0.1042
0.1041
0.1041
0.1041
0.1041
0.1041
0.1042
0.1041
0.1041
0.1043
0.1045
0.1041
0.1038
0.1041
0.1041
0.1042
0.104
0.1041
0.1041
0.1042
0.1039
0.104
0.1041
0.1042
0.1039
0.1042
0.1041
0.1041
0.1041
0.1042
0.1041
0.1043
0.104
0.1044
0.1044
0.1044
0.1042
0.1042
0.1042
0.1045
0.1042
0.1045
0.1042
0.1044
0.1043
0.1043
0.1046
0.104
0.1043
0.1042
0.1044
0.1043
0.1043
0.1043
0.1042
0.1043
0.1042
0.1042
0.1042
0.1042
0.1042
0.1042
0.1043
0.1041
0.1041
0.1041
0.1042
0.1039
0.1042
0.104
0.104
0.104
0.1039
0.1039
0.1041
0.1038
0.104
0.104
0.1039
0.1039
0.104
0.104
0.1039
0.104
0.104
0.104
0.104
0.1041
0.1041
0.1042
0.1042
0.1041
0.1041
0.1041
0.1042
0.1041
0.1043
0.1043
0.1042
0.1048
0.1038
0.1045
0.1041
0.1043
0.1043
0.1043
0.1044
0.104
0.1042
0.1044
0.1039
0.1042
0.1062
0.1019
0.1046
0.1044
0.1039
0.1035
0.1042
0.1041
0.1041
0.1041
0.1046
0.1038
0.1044
0.1044
0.1044
0.1042
0.1043
0.1042
0.1041
0.1042
0.1043
0.1043
0.1042
0.1042
0.1043
0.1044
0.1043
0.1044
0.1043
0.1043
0.1042
0.1044
0.1042
0.1043
0.1042
0.1042
0.1043
0.1042
0.1044
0.1042
0.1041
0.1042
0.1041
0.1043
0.1042
0.1042
0.1042
0.1041
0.1042
0.1043
0.104
0.1043
0.1042
0.1043
0.104
0.1043
0.1041
0.1043
0.1041
0.1042
0.1041
0.1042
0.1041
0.1042
0.104
0.1041
0.1042
0.1041
0.1041
0.1041
0.104
0.1042
0.1041
0.1042
0.1043
0.1039
0.1042
0.1041
0.1042
0.1043
0.1043
0.1041
0.1041
0.1042
0.1041
0.1041
0.1042
0.1041
0.1041
0.1041
0.1041
0.1043
0.1041
0.1042
0.1041
0.1042
0.1044
0.1039
0.1041
0.1042
0.1041
0.1042
0.1041
0.1042
0.1041
0.1042
0.1042
0.1041
0.1042
0.1042
0.1042
0.1042
0.1042
0.1041
0.1043
0.1041
0.1043
0.1042
0.1043
0.1042
0.1042
0.1043
0.1042
0.1043
0.1043
0.1042
0.1041
0.1042
0.1041
0.1041
0.1041
0.1041
0.1042
0.1041
0.104
0.104
0.104
0.104
0.104
0.1041
0.104
0.1039
0.104
0.1042
0.1042
0.1037
0.104
0.1038
0.104
0.104
0.104
0.1041
0.104
0.1039
0.104
0.104
0.1039
0.1041
0.104
0.104
0.1041
0.104
0.104
0.1043
0.1042
0.1036
0.1044
0.1039
0.1041
0.1042
0.1042
0.1046
0.104
0.1042
0.1043
0.1042
0.1043
0.1045
0.104
0.1041
0.1043
0.1058
0.1026
0.1042
0.1043
0.1041
0.1043
0.1043
0.104
0.1042
0.1043
0.1041
0.1043
0.1043
0.104
0.104
0.1042
0.104
0.1041
0.1042
0.104
0.104
0.104
0.1042
0.104
0.1041
0.1041
0.104
0.1041
0.1041
0.1041
0.104
0.104
0.104
0.104
0.104
0.104
0.104
0.1041
0.104
0.104
0.1042
0.1039
0.1042
0.107
0.1012
0.1041
0.1044
0.104
0.1039
0.1039
0.1042
0.104
0.104
0.1041
0.1046
0.1034
0.1041
0.104
0.1039
0.1041
0.104
0.1047
0.1035
0.1041
0.1041
0.1042
0.1041
0.1041
0.1042
0.1041
0.1041
0.1041
0.1042
0.1041
0.1041
0.1041
0.1041
0.1042
0.1041
0.1041
0.1041
0.1041
0.1041
0.1041
0.1042
0.1041
0.1042
0.1041
0.1058
0.1026
0.1043
0.1042
0.1048
0.1037
0.1041
0.1043
0.1041
0.1041
0.1041
0.1044
0.104
0.1043
0.1042
0.1042
0.1045
0.1043
0.1044
0.1043
0.1044
0.1045
0.1044
0.1045
0.109
0.0998
0.1042
0.1047
0.104
0.1042
0.1043
0.1042
0.1043
0.1043
0.1042
0.1043
0.1043
0.1041
0.1042
0.1044
0.104
0.1042
0.1044
0.1039
0.1041
0.1042
0.1041
0.1041
0.104
0.104
0.1041
0.104
0.104
0.1039
0.104
0.1042
0.1039
0.1039
0.104
0.104
0.1044
0.1038
0.104
0.1039
0.1041
0.104
0.1041
0.1041
0.104
0.104
0.104
0.1041
0.1044
0.1038
0.1039
0.104
0.1042
0.104
0.1041
0.104
0.1041
0.1042
0.1041
0.1041
0.1041
0.1042
0.1043
0.1042
0.1042
0.1045
0.1045
0.1034
0.1041
0.104
0.1041
0.1042
0.1041
0.1041
0.104
0.1041
0.104
0.1041
0.1041
0.1042
0.1041
0.1042
0.1041
0.1042
0.1041
0.1044
0.1042
0.1043
0.1042
0.1039
0.1044
0.1041
0.1041
0.1042
0.104
0.1041
0.1041
0.1042
0.104
0.1041
0.1071
0.1012
0.104
0.104
0.1041
0.1041
0.104
0.104
0.1041
0.1041
0.1041
0.1038
0.104
0.104
0.104
0.1041
0.1039
0.104
0.1041
0.1041
0.1039
0.1044
0.1042
0.1035
0.104
0.1039
0.1042
0.104
0.104
0.104
0.1039
0.1042
0.104
0.104
0.1043
0.1046
0.1041
0.1032
0.104
0.1041
0.104
0.1041
0.104
0.1041
0.104
0.1041
0.104
0.1041
0.104
0.1051
0.1031
0.1041
0.1041
0.104
0.1042
0.1041
0.1041
0.1042
0.1041
0.1041
0.1041
0.1042
0.1042
0.1042
0.1044
0.1042
0.104
0.1043
0.1042
0.1042
0.1042
0.1041
0.1043
0.1041
0.1043
0.1041
0.1041
0.1041
0.1042
0.104
0.1041
0.104
0.104
0.104
0.104
0.104
0.104
0.1041
0.1041
0.1042
0.1042
0.1043
0.1042
0.1044
0.1042
0.1043
0.1042
0.1044
0.1043
0.1041
0.1042
0.1044
0.1043
0.1042
0.1043
0.1042
0.1041
0.1043
0.1042
0.1043
0.1042
0.1043
0.1042
0.1043
0.1042
0.1042
0.1042
0.1043
0.1042
0.1043
0.1041
0.1042
0.1043
0.1042
0.1043
0.1042
0.1042
0.1042
0.1043
0.1041
0.1042
0.1042
0.1042
0.1043
0.1041
0.1042
0.1043
0.1041
0.1043
0.1042
0.1041
0.1043
0.1042
0.1042
0.1042
0.1043
0.1041
0.1042
0.1043
0.1042
0.1042
0.1042
0.1041
0.1043
0.1041
0.1043
0.1041
0.1043
0.1041
0.1042
0.1041
0.1043
0.1041
0.1043
0.1041
0.1042
0.1042
0.1041
0.104
0.1041
0.104
0.104
0.1039
0.104
0.1039
0.1037
0.1039
0.1039
0.1037
0.1039
0.1039
0.1037
0.1038
0.1038
0.1039
0.1039
0.1039
0.104
0.104
0.1041
0.104
0.1041
0.1043
0.1042
0.1043
0.1042
0.1043
0.1042
0.1041
0.1044
0.1043
0.1042
0.1043
0.1043
0.1044
0.1044
0.1044
0.1045
0.1044
0.1044
0.1044
0.1044
0.1044
0.1042
0.1043
0.1042
0.1044
0.1041
0.1043
0.1042
0.1043
0.1041
0.1042
0.1042
0.1041
0.1043
0.1041
0.1041
0.1041
0.1043
0.1041
0.1041
0.1041
0.1042
0.1042
0.1041
0.1042
0.1041
0.104
0.1041
0.1041
0.1043
0.1041
0.1041
0.1042
0.1041
0.1041
0.1041
0.1042
0.1041
0.1041
0.1041
0.1042
0.1041
0.1042
0.1042
0.1041
0.1042
0.1042
0.1041
0.1041
0.1041
0.1042
0.1041
0.1041
0.1043
0.1041
0.1041
0.1041
0.1042
0.1042
0.1041
0.1042
0.1041
0.1042
0.1042
0.1042
0.1041
0.1043
0.1041
0.1041
0.1042
0.1041
0.1041
0.1043
0.1041
0.1041
0.1041
0.1042
0.1041
0.1042
0.1042
0.1041
0.1042
0.1043
0.1041
0.1043
0.1041
0.1041
0.1041
0.1042
0.1042
0.1042
0.1041
0.1041
0.1041
0.1041
0.1042
0.1041
0.1041
0.1041
0.1043
0.1041
0.1041
0.1042
0.1041
0.1041
0.1041
0.1042
0.1041
0.1041
0.1041
0.1043
0.1041
0.1043
0.1041
0.1041
0.1043
0.1041
0.1041
0.1043
0.1041
0.1042
0.1042
0.1042
0.1042
0.1042
0.1041
0.1041
0.1042
0.1041
0.1041
0.1043
0.1041
0.1041
0.1043
0.1041
0.1041
0.1041
0.1043
0.1041
0.1043
0.1041
0.1042
0.1042
0.1041
0.1041
0.1043
0.1041
0.1041
0.1043
0.1041
0.1041
0.1042
0.1041
0.1042
0.1042
0.1041
0.1041
0.1041
0.1041
0.1042
0.1041
0.1041
0.1042
0.1041
0.1042
0.1042
0.1041
0.1041
0.1041
0.1042
0.1042
0.1041
0.1043
0.1041
0.1042
0.1042
0.1042
0.1043
0.1041
0.1043
0.1042
0.1043
0.1041
0.1042
0.1042
0.1041
0.1041
0.1041
0.1041
0.1042
0.1041
0.1041
0.1043
0.1042
0.1044
0.1044
0.1042
0.1044
0.1043
0.1042
0.1043
0.1042
0.1043
0.1042
0.1043
0.1042
0.1043
0.1041
0.1042
0.1043
0.1041
0.1043
0.1041
0.1041
0.1043
0.1041
0.1042
0.1042
0.1041
0.1042
0.1042
0.1042
0.1041
0.1042
0.1042
0.1041
0.1042
0.1041
0.1042
0.1042
0.1041
0.1041
0.1041
0.104
0.1042
0.1041
0.1041
0.1042
0.1041
0.1041
0.1041
0.1043
0.1041
0.1042
0.1043
0.1041
0.1043
0.1042
0.1042
0.1042
0.1042
0.1042
0.1042
0.1041
0.1043
0.1041
0.1043
0.1042
0.1041
0.1043
0.1043
0.1041
0.1042
0.1043
0.1041
0.1042
0.1043
0.1041
0.1043
0.1041
0.1042
0.1043
0.1041
0.1041
0.1043
0.1042
0.1042
0.1042
0.1042
0.1041
0.1041
0.1041
0.1041
0.1042
0.1041
0.1041
0.1041
0.1042
0.1041
0.1041
0.104
0.1041
0.1042
0.104
0.1041
0.1041
0.1041
0.104
0.1042
0.1041
0.1041
0.1041
0.1042
0.104
0.1041
0.1041
0.1041
0.1042
0.1042
0.1041
0.1042
0.1041
0.1041
0.1041
0.1042
0.1041