0.103992
0.103874
0.103861
0.104001
0.103873
0.104004
0.103997
0.104002
0.103875
0.104001
0.103997
0.103875
0.104003
0.103997
0.104002
0.103998
0.104
0.104005
0.103998
0.104003
0.103874
0.103998
0.103998
0.103897
0.103978
0.103999
0.104033
0.103845
0.104003
0.104011
0.10401
0.103974
0.103875
0.103897
0.103981
0.104
0.103999
0.103873
0.104001
0.103777
0.103975
0.103877
0.103873
0.103999
0.103872
0.103754
0.103747
0.103751
0.103627
0.103772
0.103612
0.103494
0.103767
0.103607
0.103495
0.103628
0.103588
0.103682
0.103602
0.103775
0.103601
0.103903
0.103597
0.103775
0.103725
0.103777
0.103722
0.103901
0.103786
0.10382
0.103787
0.103836
0.10375
0.103873
0.104002
0.104048
0.103955
0.104125
0.104243
0.104257
0.10425
0.104497
0.104396
0.104501
0.104356
0.104496
0.104374
0.104394
0.104233
0.104253
0.104247
0.104127
0.104127
0.103996
0.104125
0.104014
0.104114
0.104
0.104
0.104
0.10388
0.10387
0.10388
0.10399
0.10388
0.10387
0.104
0.10388
0.10402
0.10398
0.10402
0.10387
0.10401
0.10385
0.104
0.104
0.104
0.104
0.104
0.104
0.10402
0.104
0.10398
0.104
0.10387
0.10402
0.10386
0.104
0.10387
0.10388
0.10388
0.104
0.10389
0.10373
0.10388
0.10375
0.10375
0.10375
0.10377
0.10373
0.10375
0.10375
0.10375
0.10374
0.10376
0.10377
0.10373
0.10375
0.10375
0.10375
0.10377
0.10373
0.10388
0.10375
0.10387
0.10376
0.10386
0.10389
0.10374
0.10388
0.10375
0.10387
0.10377
0.10385
0.1038
0.10383
0.10376
0.10391
0.10383
0.1039
0.10372
0.10398
0.10377
0.10388
0.10375
0.10387
0.10375
0.10376
0.10374
0.1039
0.10373
0.10375
0.10377
0.10386
0.10377
0.10375
0.10373
0.10362
0.10375
0.10375
0.10375
0.10387
0.10376
0.10375
0.10387
0.10378
0.10372
0.10387
0.10377
0.10376
0.10373
0.10362
0.10375
0.10375
0.10377
0.10373
0.10375
0.10376
0.10374
0.10388
0.10375
0.10375
0.10387
0.10375
0.10376
0.10377
0.10385
0.10375
0.10375
0.10387
0.10375
0.10388
0.10375
0.10375
0.10388
0.10387
0.10387
0.10375
0.10388
0.10375
0.1039
0.10373
0.10387
0.10388
0.10374
0.10375
0.10378
0.10385
0.10375
0.10388
0.10387
0.10377
0.10385
0.10388
0.10388
0.10387
0.10388
0.10399
0.10388
0.10388
0.10389
0.10398
0.10388
0.10387
0.104
0.10388
0.104
0.10388
0.10398
0.10388
0.10401
0.10399
0.10411
0.104
0.104
0.1039
0.10398
0.10399
0.10381
0.10384
0.10388
0.10375
0.10387
0.10388
0.10374
0.1039
0.10373
0.10375
0.10377
0.10363
0.1036
0.10377
0.10361
0.10387
0.10353
0.10359
0.10378
0.10367
0.1038
0.10376
0.10394
0.10346
0.10385
0.10375
0.10377
0.10373
0.10387
0.1039
0.10373
0.10375
0.10389
0.10386
0.10375
0.10388
0.10374
0.10388
0.10375
0.10389
0.10374
0.10374
0.10376
0.10374
0.10376
0.10375
0.10374
0.10375
0.10376
0.10376
0.10377
0.10371
0.10376
0.10379
0.10372
0.10374
0.10383
0.10357
0.10372
0.10362
0.10376
0.10379
0.10675
0.10078
0.1037
0.10376
0.10373
0.10377
0.10375
0.10373
0.1038
0.10372
0.1038
0.10367
0.10376
0.10391
0.10376
0.10375
0.10377
0.10373
0.10371
0.10748
0.10045
0.10333
0.10379
0.10371
0.10391
0.10372
0.10533
0.10207
0.10372
0.10374
0.10381
0.1037
0.10377
0.1039
0.10374
0.10372
0.10374
0.10388
0.10387
0.10383
0.1038
0.10381
0.10389
0.10375
0.10378
0.10385
0.10377
0.10376
0.10387
0.10375
0.10375
0.10374
0.10375
0.10376
0.10375
0.10375
0.10374
0.10375
0.10375
0.10388
0.10387
0.10388
0.10387
0.104
0.10413
0.10427
0.10411
0.10415
0.10424
0.10423
0.10426
0.10415
0.10434
0.10437
0.10416
0.10437
0.10436
0.10424
0.10412
0.10425
0.10415
0.10421
0.10433
0.10391
0.10409
0.10416
0.10394
0.10397
0.10408
0.10404
0.10382
0.10398
0.10384
0.10396
0.10391
0.10386
0.10376
0.1041
0.10341
0.10364
0.10363
0.10372
0.10375
0.10383
0.10355
0.10363
0.10363
0.10374
0.10375
0.10361
0.10377
0.10365
0.10376
0.10392
0.10411
0.10313
0.10368
0.10378
0.10371
0.10377
0.10397
0.1037
0.10374
0.10372
0.10388
0.10374
0.10385
0.10375
0.10375
0.10375
0.10389
0.10375
0.10374
0.10375
0.10387
0.10375
0.10388
0.10375
0.10387
0.10388
0.10387
0.10393
0.10382
0.10401
0.10399
0.10402
0.10411
0.10402
0.10411
0.10414
0.1041
0.10415
0.10411
0.10412
0.10412
0.10428
0.1041
0.10412
0.10413
0.10412
0.10425
0.10425
0.10425
0.10426
0.10412
0.10412
0.10413
0.10415
0.10412
0.10399
0.10399
0.10388
0.10387
0.10391
0.10374
0.10385
0.10375
0.10375
0.10375
0.10375
0.10363
0.10378
0.10359
0.10363
0.10364
0.10373
0.10363
0.10362
0.10375
0.10375
0.10363
0.10375
0.10375
0.10375
0.10375
0.10362
0.10375
0.10375
0.10375
0.10363
0.10375
0.10375
0.10363
0.10374
0.10363
0.10375
0.10375
0.10363
0.10375
0.10376
0.10373
0.10363
0.10375
0.10375
0.10375
0.10375
0.10375
0.10387
0.10376
0.10387
0.10375
0.10375
0.10389
0.10386
0.10375
0.10388
0.10374
0.10388
0.10388
0.10387
0.10387
0.1039
0.10386
0.10387
0.10375
0.10388
0.10374
0.10388
0.10375
0.10375
0.10375
0.10375
0.10375
0.10375
0.10375
0.10375
0.10388
0.10375
0.10378
0.10384
0.10388
0.10375
0.10387
0.10375
0.10388
0.10375
0.10387
0.10375
0.10387
0.10389
0.10387
0.10389
0.10373
0.10388
0.10389
0.10386
0.10389
0.10398
0.10388
0.10387
0.10388
0.10402
0.10385
0.104
0.10388
0.10401
0.10401
0.10398
0.104
0.104
0.10402
0.10385
0.10401
0.104
0.10387
0.10375
0.10388
0.10387
0.10387
0.10388
0.10387
0.10388
0.10388
0.10387
0.10388
0.10387
0.10388
0.10387
0.10388
0.10387
0.10388
0.10387
0.10375
0.10377
0.10385
0.10376
0.10375
0.10374
0.10376
0.10387
0.10375
0.10388
0.10375
0.10387
0.10375
0.10375
0.10375
0.10388
0.10387
0.10387
0.10388
0.10389
0.10386
0.10388
0.10387
0.10406
0.10383
0.10399
0.104
0.104
0.10387
0.104
0.104
0.10389
0.10399
0.104
0.10387
0.104
0.104
0.10388
0.10389
0.10386
0.10387
0.10376
0.10387
0.10375
0.10387
0.10375
0.10375
0.10376
0.10387
0.10375
0.10375
0.10377
0.10385
0.10377
0.10374
0.10374
0.10375
0.10375
0.10379
0.10359
0.10375
0.10364
0.10361
0.10362
0.10363
0.10363
0.10363
0.10362
0.10375
0.10362
0.10375
0.10375
0.10377
0.10373
0.10375
0.10375
0.10375
0.10375
0.10375
0.10375
0.10375
0.10375
0.10375
0.10375
0.10375
0.10377
0.10386
0.10375
0.10397
0.10394
0.10398
0.10398
0.10388
0.104
0.104
0.104
0.10401
0.10411
0.10413
0.10412
0.10413
0.10412
0.10413
0.10412
0.10425
0.10413
0.10427
0.10423
0.10425
0.10425
0.10425
0.10425
0.10412
0.10425
0.10413
0.10413
0.10412
0.104
0.10403
0.10397
0.104
0.10401
0.10387
0.10401
0.10388
0.10398
0.10387
0.10389
0.10374
0.10387
0.10388
0.10388
0.10387
0.10388
0.10387
0.10388
0.10387
0.10387
0.10389
0.10374
0.10389
0.10374
0.10387
0.10375
0.10375
0.10388
0.10362
0.10376
0.10376
0.10361
0.10375
0.10362
0.10375
0.10363
0.10375
0.10362
0.10363
0.10375
0.10362
0.10375
0.10375
0.10376
0.10362
0.10375
0.10375
0.10375
0.10362
0.10375
0.10363
0.10375
0.10362
0.10375
0.10376
0.10374
0.10388
0.10387
0.10388
0.104
0.104
0.10415
0.1041
0.10425
0.10425
0.10438
0.10437
0.10427
0.10437
0.10423
0.10438
0.10425
0.10425
0.10413
0.10412
0.10425
0.10412
0.10401
0.10412
0.104
0.10413
0.104
0.104
0.10387
0.104
0.10389
0.10386
0.10388
0.10387
0.10388
0.10387
0.10388
0.10387
0.10387
0.10388
0.10388
0.10375
0.10387
0.10388
0.10388
0.10387
0.10387
0.10388
0.10387
0.104
0.104
0.10401
0.10387
0.104
0.10402
0.10385
0.10413
0.104
0.104
0.104
0.104
0.104
0.104
0.10402
0.10398
0.104
0.10402
0.10398
0.10404
0.10408
0.10401
0.10399
0.10415
0.10398
0.104
0.10402
0.10386
0.104
0.10399
0.1039
0.10398
0.10388
0.10399
0.1039
0.10398
0.10388
0.104
0.104
0.104
0.10399
0.104
0.104
0.10388
0.104
0.104
0.104
0.104
0.10388
0.104
0.10389
0.10398
0.104
0.104
0.10388
0.104
0.104
0.10387
0.104
0.10388
0.10388
0.10399
0.10387
0.10388
0.10388
0.10387
0.104
0.10388
0.10387
0.104
0.10388
0.104
0.10388
0.10399
0.10388
0.104
0.10387
0.104
0.10388
0.10404
0.10383
0.104
0.10402
0.10399
0.10399
0.10388
0.104
0.104
0.104
0.10387
0.104
0.10388
0.104
0.104
0.10389
0.10398
0.10401
0.10399
0.10388
0.104
0.104
0.10387
0.10401
0.10399
0.104
0.10388
0.10401
0.10387
0.10405
0.1038
0.104
0.1039
0.1039
0.104
0.1038
0.1039
0.104
0.104
0.104
0.1039
0.104
0.104
0.1039
0.104
0.104
0.1039
0.104
0.1038
0.1042
0.104
0.1041
0.1041
0.1041
0.1042
0.1041
0.104
0.1041
0.1041
0.1041
0.1042
0.1042
0.1042
0.1042
0.1044
0.1041
0.1043
0.1042
0.1041
0.1043
0.104
0.1041
0.1041
0.104
0.104
0.1041
0.1042
0.104
0.1041
0.1041
0.1041
0.1042
0.104
0.1041
0.104
0.1039
0.1038
0.1038
0.1038
0.1037
0.1036
0.1038
0.1036
0.1036
0.1037
0.1037
0.1036
0.1037
0.1037
0.1037
0.1036
0.1037
0.1037
0.1038
0.1036
0.1038
0.1037
0.1038
0.1039
0.1037
0.1038
0.1038
0.1039
0.1038
0.1038
0.1039
0.1039
0.1038
0.1038
0.1038
0.1037
0.1039
0.1037
0.1039
0.1038
0.1038
0.1039
0.1039
0.1039
0.1038
0.1039
0.104
0.104
0.104
0.1041
0.1042
0.1042
0.1043
0.1042
0.1044
0.1044
0.1043
0.1044
0.1043
0.1042
0.1043
0.1041
0.1041
0.1043
0.1041
0.1041
0.1041
0.1042
0.1041
0.104
0.104
0.104
0.1039
0.1039
0.1037
0.1039
0.1037
0.1038
0.1038
0.1037
0.1037
0.1036
0.1038
0.1037
0.1038
0.1036
0.1038
0.1036
0.1037
0.1037
0.1037
0.1038
0.1037
0.1039
0.1037
0.1038
0.1039
0.1037
0.1038
0.1039
0.1037
0.1039
0.1037
0.1039
0.1038
0.1038
0.1038
0.1037
0.1039
0.1037
0.1038
0.1039
0.1038
0.1038
0.1039
0.1038
0.1039
0.1039
0.1039
0.1037
0.1039
0.1039
0.1038
0.1039
0.1038
0.1037
0.1038
0.1039
0.1037
0.1039
0.1037
0.1038
0.1037
0.1039
0.1037
0.1038
0.1037
0.1039
0.1038
0.1037
0.1039
0.1039
0.1037
0.1039
0.1039
0.104
0.1038
0.1039
0.104
0.1039
0.1039
0.104
0.1038
0.104
0.1039
0.1043
0.1038
0.1038
0.1039
0.104
0.1038
0.1041
0.1037
0.104
0.104
0.1048
0.1039
0.103
0.1038
0.104
0.1039
0.104
0.1039
0.1039
0.1041
0.1039
0.1038
0.1039
0.1041
0.1038
0.104
0.1038
0.1039
0.104
0.1039
0.1039
0.104
0.1038
0.1039
0.1039
0.104
0.1039
0.104
0.1038
0.1042
0.1039
0.1039
0.104
0.1039
0.1041
0.1039
0.104
0.104
0.104
0.1043
0.1038
0.1039
0.104
0.104
0.1041
0.104
0.1041
0.1041
0.1039
0.1042
0.1044
0.1038
0.104
0.1039
0.1043
0.104
0.1039
0.104
0.1041
0.104
0.104
0.104
0.1039
0.1047
0.1042
0.1032
0.104
0.104
0.1041
0.104
0.104
0.104
0.1044
0.1038
0.1039
0.104
0.104
0.1041
0.104
0.1048
0.1042
0.1032
0.104
0.1039
0.1041
0.104
0.104
0.1041
0.1043
0.1055
0.1021
0.1045
0.1049
0.1027
0.1041
0.1039
0.104
0.104
0.104
0.104
0.104
0.1041
0.1041
0.1041
0.1042
0.104
0.1042
0.1041
0.1042
0.1042
0.1042
0.1042
0.1041
0.1043
0.1041
0.1041
0.104
0.1041
0.104
0.1042
0.1041
0.1041
0.1042
0.1041
0.1041
0.1041
0.1043
0.1041
0.1041
0.1043
0.1041
0.1043
0.1042
0.1042
0.1042
0.1043
0.1042
0.1042
0.1042
0.1042
0.104
0.1041
0.104
0.104
0.1039
0.1039
0.1039
0.1038
0.1038
0.1039
0.1038
0.1038
0.1037
0.1038
0.1037
0.1037
0.1036
0.1036
0.1038
0.1036
0.1037
0.1038
0.1038
0.1037
0.1037
0.1038
0.1039
0.1037
0.1038
0.1038
0.1039
0.1039
0.1039
0.1038
0.104
0.1039
0.104
0.1039
0.104
0.104
0.1039
0.104
0.104
0.1038
0.1041
0.1039
0.104
0.104
0.1039
0.104
0.104
0.1039
0.104
0.104
0.104
0.104
0.104
0.104
0.104
0.104
0.104
0.104
0.104
0.104
0.104
0.104
0.104
0.1041
0.104
0.104
0.1041
0.104
0.104
0.1041
0.1039
0.1041
0.1039
0.104
0.1039
0.1039
0.104
0.1039
0.104
0.1038
0.104
0.1039
0.104
0.1039
0.1039
0.104
0.104
0.104
0.1038
0.104
0.104
0.1041
0.1039
0.1042
0.104
0.104
0.1041
0.104
0.1041
0.104
0.1041
0.1042
0.1041
0.1041
0.1041
0.1042
0.104
0.104
0.104
0.1038
0.1039
0.1039
0.1039
0.1038
0.1039
0.1039
0.1039
0.1037
0.1039
0.1039
0.1038
0.104
0.1039
0.1039
0.1039
0.1038
0.1039
0.1038
0.1038
0.1038
0.1039
0.1037
0.1039
0.1039
0.1038
0.1039
0.1039
0.104
0.1039
0.104
0.104
0.1038
0.1039
0.104
0.104
0.104
0.104
0.104
0.104
0.104
0.1039
0.104
0.104
0.1039
0.104
0.1038
0.104
0.1039
0.104
0.1039
0.104
0.1039
0.104
0.104
0.104
0.104
0.1039
0.1039
0.1039
0.1039
0.104
0.1039
0.104
0.1039
0.104
0.1039
0.104
0.104
0.1039
0.104
0.104
0.1041
0.1039
0.1041
0.104
0.1039
0.104
0.104
0.104
0.104
0.104
0.104
0.104
0.1041
0.1042
0.1041
0.1041
0.1041
0.1042
0.1041
0.104
0.1041
0.104
0.1039
0.1039
0.1037
0.1037
0.1037
0.1037
0.1038
0.1036
0.1038
0.1036
0.1037
0.1039
0.1038
0.1038
0.1038
0.1039
0.1037
0.1039
0.1039
0.1038
0.1038
0.1039
0.104
0.1038
0.104
0.1039
0.1039
0.104
0.1039
0.1038
0.104
0.104
0.1039
0.104
0.104
0.1039
0.104
0.1039
0.104
0.1039
0.1038
0.104
0.1039
0.1039
0.104
0.104
0.1038
0.104
0.1039
0.104
0.1039
0.104
0.104
0.104
0.1039
0.104
0.104
0.104
0.104
0.104
0.104
0.1038
0.104
0.1041
0.1038
0.1039
0.1039
0.1039
0.1038
0.1038
0.1038
0.1038
0.1039
0.1037
0.1038
0.1039
0.1037
0.1037
0.1038
0.1038
0.1037
0.1037
0.1038
0.1037
0.1037
0.1037
0.1038
0.1037
0.1038
0.1036
0.1039
0.1037
0.1038
0.104
0.1039
0.1039
0.1042
0.1041
0.1041
0.1042
0.1041
0.104
0.104
0.1039
0.1041
0.1039
0.104
0.104
0.104
0.104
0.104
0.1041
0.1042
0.1042
0.1042
0.1041
0.1042
0.1041
0.104
0.1041
0.1041
0.1042
0.1041
0.1041
0.104
0.1041
0.104
0.104
0.104
0.104
0.104
0.104
0.1042
0.104
0.104
0.1041
0.104
0.104
0.1039
0.104
0.104
0.1038
0.104
0.1039
0.1039
0.104
0.104
0.104
0.1039
0.104
0.104
0.1041
0.104
0.104
0.1041
0.104
0.1041
0.1042
0.1041
0.104
0.1041
0.104
0.104
0.104
0.1039
0.1039
0.1038
0.1039
0.1038
0.1038
0.1038
0.1038
0.1037
0.1039
0.1037
0.1038
0.1038
0.1038
0.104
0.1037
0.1038
0.1039
0.1037
0.1039
0.1037
0.1038
0.1039
0.1037
0.1039
0.1037
0.1039
0.1038
0.1038
0.1038
0.1039
0.1037
0.1039
0.1039
0.1036
0.1039
0.1037
0.1038
0.1037
0.1038
0.1038
0.1038
0.1039
0.1036
0.1038
0.1037
0.1036
0.1038
0.1037
0.1038
0.1037
0.1038
0.1037
0.1038
0.1038
0.1038
0.1039
0.1039
0.1037
0.1039
0.1037
0.1038
0.1038
0.1038
0.1039
0.1037
0.1038
0.1037
0.1039
0.1037
0.1039
0.1038
0.1037
0.1039
0.1037
0.1039
0.1038
0.1038
0.1038
0.1039
0.1037
0.1038
0.1037
0.1039
0.1037
0.1039
0.1038
0.1038
0.1038
0.1039
0.1037
0.1039
0.1039
0.1037
0.1039
0.1037
0.1039
0.1039
0.1039
0.1038
0.1039
0.104
0.1039
0.104
0.1039
0.104
0.1039
0.1039
0.1039
0.104
0.104
0.1039
0.104
0.104
0.104
0.104
0.104
0.1039
0.104
0.1038
0.1039
0.104
0.1039
0.1039
0.1038
0.1039
0.1038
0.1037
0.1038
0.1036
0.1036
0.1038
0.1037
0.1037
0.1038
0.1036
0.1038
0.1037
0.1038
0.1037
0.1037
0.1037
0.1038
0.1036
0.1038
0.1038
0.1038
0.1039
0.104
0.1039
0.1041
0.1039
0.104
0.104
0.104
0.104
0.104
0.1043
0.104
0.1042
0.1042
0.1041
0.104
0.1041
0.104
0.1041
0.104
0.1042
0.1041
0.1041
0.1041
0.1043
0.1041
0.1041
0.1043
0.1041
0.1043
0.1041
0.1042
0.1042
0.1041
0.1041
0.104
0.1041
0.104
0.104
0.1039
0.104
0.104
0.1039
0.104
0.104
0.1039
0.104
0.1038
0.1039
0.104
0.1039
0.1039
0.104
0.1038
0.1039
0.104
0.1039
0.1039
0.104
0.1037
0.104
0.1038
0.1039
0.104
0.1038
0.1041
0.1042
0.1041
0.1042
0.1043
0.1044
0.1044
0.1043
0.1044
0.1044
0.1044
0.1043
0.1044
0.1042
0.1043
0.1043
0.1042
0.1041
0.1041
0.1042
0.104
0.104
0.104
0.1039
0.1038
0.1039
0.104
0.1039
0.1039
0.1039
0.104
0.1041
0.1038
0.104
0.104
0.1039
0.104
0.1039
0.1039
0.1038
0.1039
0.1039
0.1052
0.1026
0.1038
0.1038
0.1038
0.1038
0.1037
0.1039
0.1038
0.1038
0.1038
0.1039
0.1037
0.1039
0.1037
0.1038
0.1036
0.1037
0.1038
0.1039
0.1037
0.1038
0.1039
0.1037
0.1039
0.1039
0.1037
0.1039
0.1039
0.104
0.1038
0.1039
0.104
0.104
0.104
0.104
0.1039
0.104
0.104
0.104
0.104
0.1039
0.104
0.1038
0.1039
0.1039
0.1039
0.1037
0.1038
0.1035
0.1036
0.1037
0.1038
0.1039
0.1037
0.104
0.104
0.1041
0.1042
0.1041
0.1041
0.1041
0.1042
0.104
0.104
0.104
0.104
0.104
0.1039
0.1038
0.1039
0.1039
0.1038
0.1039
0.1039
0.1039
0.1039
0.1039
0.1038
0.1039
0.1038
0.1038
0.1039
0.1038
0.1041
0.1038
0.1039
0.1039
0.1038
0.1039
0.1039
0.1039
0.104
0.104
0.1038
0.104
0.104
0.104
0.104
0.104
0.1039
0.104
0.104
0.1039
0.104
0.1039
0.104
0.104
0.104
0.1038
0.1041
0.1039
0.1039
0.104
0.104
0.1039
0.1039
0.104
0.1038
0.104
0.1038
0.104
0.1039
0.1039
0.1039
0.104
0.1039
0.104
0.1039
0.104
0.1039
0.104
0.1039
0.104
0.1039
0.1041
0.104
0.1041
0.1038
0.104
0.1039
0.104
0.1039
0.104
0.1039
0.104
0.1038
0.104
0.1039
0.104
0.1039
0.104
0.1039
0.104
0.1038
0.1039
0.104
0.1039
0.104
0.1039
0.1038
0.104
0.1039
0.104
0.1039
0.104
0.104
0.1039
0.104
0.104
0.1038
0.1041
0.1038
0.104
0.104
0.104
0.104
0.1039
0.104
0.104
0.104
0.104
0.104
0.104
0.104
0.104
0.104
0.104
0.104
0.104
0.104
0.1039
0.104
0.1038
0.1039
0.1039
0.1037
0.1038
0.1037
0.1037
0.1037
0.1038
0.1036
0.1038
0.1037
0.1037
0.1038
0.1036
0.1039
0.1037
0.1037
0.1037
0.1039
0.1037
0.1038
0.1037
0.1039
0.104
0.1039
0.104
0.1039
0.104
0.1041
0.1039
0.104
0.104
0.1038
0.1039
0.1039
0.1039
0.104
0.1038
0.104
0.104
0.1042
0.1043
0.1042
0.1042
0.1042
0.1042
0.1041
0.1043
0.1041
0.1043
0.1042
0.1041
0.1043
0.1041
0.1041
0.1041
0.1041
0.1041
0.104
0.104
0.1041
0.104
0.104
0.1039
0.104
0.104
0.1038
0.1041
0.1038
0.104
0.1041
0.1039
0.104
0.104
0.104
0.104
0.104
0.1041
0.104
0.1041
0.1039
0.104
0.104
0.1039
0.104
0.104
0.104
0.104
0.104
0.104
0.1039
0.104
0.104
0.104
0.104
0.104
0.104
0.104
0.1039
0.104
0.104
0.104
0.104
0.104
0.104
0.104
0.104
0.104
0.104
0.104
0.104
0.1041
0.104
0.104
0.104
0.104
0.104
0.104
0.104
0.104
0.104
0.104
0.1039
0.104
0.1039
0.1038
0.104
0.1039
0.104
0.1039
0.104
0.1039
0.1038
0.104
0.1039
0.1039
0.1039
0.1038
0.104
0.1039
0.1039
0.104
0.1038
0.104
0.1038
0.104
0.1039
0.104
0.1039
0.1039
0.1039
0.104
0.104
0.1039
0.104
0.1039
0.104
0.104
0.104
0.104
0.1039
0.104
0.1038
0.104
0.1041
0.1039
0.1039
0.104
0.104
0.104
0.104
0.104
0.104
0.104
0.1039
0.104
0.104
0.104
0.1039
0.104
0.1038
0.104
0.1039
0.1039
0.1039
0.104
0.1038
0.104
0.1039
0.1039
0.104
0.104
0.104
0.1041
0.104
0.104
0.1041
0.104
0.104
0.1042
0.104
0.1041
0.104
0.1041
0.104
0.1041
0.104
0.104
0.1042
0.104
0.104
0.104
0.1041
0.104
0.1039
0.104
0.104
0.104
0.104
0.104
0.104
0.104
0.104
0.104
0.104
0.104
0.104
0.104
0.1041
0.1041
0.1041
0.104
0.1042
0.104
0.1041
0.104
0.104
0.1041
0.104
0.104
0.104
0.104
0.104
0.104
0.104
0.1039
0.104
0.1039
0.104
0.1038
0.1039
0.1038
0.1038
0.1038
0.1037
0.1039
0.1039
0.104
0.104
0.104
0.104
0.1041
0.1042
0.1041
0.1041
0.1042
0.1042
0.1041
0.1041
0.1041
0.104
0.104
0.104
0.104
0.104
0.1039
0.1039
0.1039
0.1038
0.1039
0.1038
0.1038
0.1039
0.1039
0.1039
0.1038
0.1039
0.1039
0.1039
0.1039
0.1038
0.104
0.1039
0.1039
0.104
0.1039
0.1038
0.104
0.104
0.1039
0.104
0.1039
0.104
0.104
0.1039
0.1038
0.104
0.104
0.1039
0.104
0.1039
0.104
0.104
0.104
0.104
0.104
0.104
0.104
0.1041
0.104
0.1041
0.1041
0.1042
0.1041
0.1041
0.1043
0.1041
0.1042
0.1042
0.1042
0.1043
0.1041
0.1042
0.1042
0.1041
0.1042
0.1042
0.1041
0.1041
0.1041
0.1042
0.104
0.1041
0.104
0.104
0.104
0.104
0.1039
0.1038
0.1037
0.1036
0.1036
0.1036
0.1035
0.1037
0.1037
0.1036
0.1037
0.1036
0.104
0.1033
0.1037
0.1039
0.1037
0.1038
0.1038
0.1038
0.1039
0.1037
0.1038
0.1037
0.1039
0.1038
0.1037
0.1039
0.1038
0.104
0.1042
0.1042
0.104
0.1041
0.1043
0.1042
0.1043
0.1043
0.1043
0.1044
0.1045
0.1044
0.1045
0.1045
0.1043
0.1044
0.1043
0.1042
0.1041
0.1042
0.1041
0.1041
0.104
0.1041
0.104
0.104
0.1041
0.1039
0.1039
0.1039
0.1039
0.1038
0.1039
0.104
0.1039
0.1041
0.104
0.1039
0.1041
0.1039
0.104
0.104
0.1039
0.1038
0.1039
0.104
0.1039
0.1038
0.1038
0.1039
0.1039
0.104
0.1039
0.1038
0.1039
0.104
0.1039
0.1038
0.1039
0.1039
0.1039
0.1038
0.104
0.1039
0.1039
0.1039
0.1039
0.1038
0.1039
0.1039
0.1038
0.1039
0.104
0.1039
0.1039
0.1038
0.1039
0.1039
0.104
0.1039
0.1039
0.1038
0.1039
0.104
0.1039
0.104
0.104
0.104
0.104
0.104
0.1038
0.1042
0.104
0.1041
0.1041
0.1042
0.1041
0.1041
0.1043
0.1042
0.1042
0.1043
0.1042
0.1042
0.1042
0.1043
0.1043
0.1042
0.1042
0.1042
0.104
0.1041
0.1041
0.104
0.1041
0.104
0.104
0.104
0.1039
0.1039
0.1039
0.1038
0.104
0.1038
0.1037
0.1039
0.1039
0.104
0.1039
0.1038
0.1039
0.1039
0.104
0.1039
0.1038
0.1039
0.1039
0.1039
0.1037
0.1038
0.1036
0.1037
0.1037
0.1036
0.1036
0.1038
0.1037
0.1038
0.1037
0.1036
0.1038
0.1037
0.1038
0.1039
0.1037
0.104
0.1038
0.1038
0.1038
0.1039
0.1038
0.1038
0.1039
0.1039
0.1039
0.104
0.104
0.104
0.1039
0.1039
0.1039
0.104
0.1038
0.1039
0.104
0.1039
0.1039
0.1039
0.1039
0.104
0.1038
0.1038
0.104
0.1037
0.1039
0.1038
0.1038
0.1038
0.1038
0.1039
0.1037
0.1039
0.1038
0.1039
0.1037
0.1037
0.1038
0.1037
0.1038
0.1036
0.1039
0.1037
0.1038
0.1037
0.1039
0.1038
0.1037
0.1038
0.1038
0.1038
0.1039
0.1037
0.1039
0.1039
0.1038
0.104
0.1039
0.1039
0.1037
0.1039
0.1039
0.1037
0.1039
0.1039
0.1039
0.1037
0.1039
0.1037
0.1039
0.1038
0.1037
0.1039
0.1038
0.1037
0.1037
0.1039
0.1038
0.1038
0.1039
0.1039
0.1037
0.1039
0.1038
0.1038
0.1039
0.1039
0.1038
0.1039
0.1038
0.1038
0.1038
0.1038
0.1039
0.1038
0.1039
0.1037
0.1039
0.1039
0.1039
0.1039
0.1038
0.1039
0.1038
0.1038
0.1039
0.1038
0.1039
0.1038
0.1037
0.1038
0.1039
0.1037
0.1038
0.1038
0.1038
0.1037
0.1039
0.1038
0.1038
0.1039
0.1039
0.1037
0.1039
0.1039
0.1037
0.1039
0.1039
0.1038
0.1038
0.1039
0.104
0.1039
0.1038
0.1038
0.1039
0.1038
0.1039
0.1038
0.1037
0.1039
0.1039
0.1037
0.1039
0.1037
0.1039
0.1039
0.1039
0.1039
0.1037
0.1039
0.1037
0.1036
0.1038
0.1038
0.1037
0.1037
0.1038
0.1039
0.1037
0.1039
0.1036
0.1038
0.1037
0.1038
0.1037
0.1038
0.1037
0.1038
0.1037
0.1036
0.1038
0.1036
0.1038
0.1037
0.1036
0.1038
0.1036
0.1038
0.1036
0.1037
0.1038
0.1036
0.1039
0.1038
0.1037
0.1039
0.1037
0.1039
0.1039
0.1038
0.1039
0.104
0.104
0.1041
0.104
0.1042
0.104
0.1041
0.1041
0.1042
0.1041
0.1041
0.1042
0.1042
0.1041
0.1041
0.1041
0.1043
0.104
0.1042
0.1041
0.1039
0.1042
0.104
0.104
0.104
0.104
0.104
0.1038
0.1041
0.1038
0.1039
0.1039
0.1038
0.1038
0.1038
0.1038
0.1038
0.1037
0.1038
0.1037
0.1038
0.1037
0.1038
0.1037
0.1038
0.1037
0.1039
0.1038
0.1037
0.1038
0.1038
0.1038
0.1037
0.1038
0.1038
0.1038
0.1039
0.104
0.104
0.104
0.1041
0.1041
0.1043
0.1042
0.1044
0.1043
0.1043
0.1043
0.1042
0.1044
0.1043
0.1042
0.1044
0.1042
0.1042
0.1041
0.1042
0.1042
0.1041
0.104
0.1041
0.104
0.1041
0.104
0.104
0.104
0.1039
0.1038
0.1037
0.1038
0.1038
0.1034
0.1038
0.1036
0.1037
0.1037
0.1037
0.1038
0.1037
0.1039
0.104
0.1037
0.1039
0.104
0.1039
0.104
0.104
0.1039
0.1041
0.104
0.104
0.104
0.1041
0.104
0.104
0.1041
0.104
0.1041
0.104
0.1039
0.1039
0.104
0.1039
0.104
0.1039
0.104
0.1038
0.104
0.1039
0.1039
0.104
0.1039
0.104
0.1039
0.1039
0.104
0.104
0.1042
0.104
0.1041
0.1041
0.104
0.1042
0.1039
0.104
0.104
0.1039
0.104
0.104
0.1039
0.1039
0.104
0.1039
0.104
0.1039
0.104
0.104
0.104
0.104
0.104
0.1042
0.1041
0.1042
0.1042
0.1041
0.1041
0.1041
0.104
0.1039
0.104
0.104
0.1039
0.1039
0.1038
0.1039
0.1038
0.1037
0.1038
0.1037
0.1037
0.1037
0.1037
0.1039
0.1038
0.1037
0.1038
0.1037
0.1039
0.1037
0.1039
0.1038
0.1038
0.1038
0.1038
0.1038
0.1037
0.1037
0.1037
0.1038
0.1038
0.1037
0.1038
0.104
0.1037
0.1039
0.1037
0.1039
0.1039
0.1039
0.1038
0.104
0.104
0.104
0.1042
0.1038
0.1041
0.1039
0.1041
0.1041
0.1038
0.104
0.1039
0.1039
0.1038
0.1039
0.1039
0.1039
0.1038
0.1041
0.1038
0.104
0.1039
0.104
0.1039
0.104
0.104
0.1038
0.104
0.104
0.104
0.104
0.104
0.104
0.104
0.104
0.104
0.104
0.1041
0.1039
0.1039
0.104
0.1039
0.1039
0.1038
0.1039
0.1039
0.104
0.1039
0.1039
0.1038
0.104
0.1038
0.104
0.104
0.104
0.104
0.104
0.104
0.104
0.104
0.104
0.104
0.1038
0.1041
0.1038
0.104
0.104
0.1039
0.104
0.1039
0.1038
0.104
0.1039
0.1039
0.1039
0.1038
0.1039
0.1039
0.1039
0.1038
0.1038
0.1039
0.1038
0.1039
0.1039
0.1039
0.104
0.1038
0.1039
0.104
0.1039
0.1039
0.104
0.1038
0.1039
0.1039
0.1039
0.1038
0.1039
0.1039
0.1038
0.1038
0.1039
0.1038
0.1038
0.1039
0.1039
0.1037
0.1039
0.1039
0.1038
0.1038
0.1039
0.1037
0.1039
0.1038
0.1038
0.1039
0.1039
0.1038
0.1039
0.1038
0.1038
0.104
0.1038
0.1039
0.1038
0.1038
0.1039
0.1037
0.1039
0.1037
0.104
0.1038
0.1039
0.104
0.1038
0.1039
0.1039
0.1037
0.1038
0.1037
0.1038
0.1039
0.1037
0.1038
0.1038
0.1038
0.1039
0.1037
0.1039
0.1039
0.104
0.1039
0.1039
0.1039
0.1039
0.1039
0.1037
0.1038
0.1039
0.1037
0.1039
0.1038
0.104
0.1038
0.1039
0.1038
0.1041
0.1038
0.1039
0.1039
0.1038
0.1039
0.1039
0.1039
0.1037
0.1039
0.1039
0.1038
0.1041
0.1038
0.1039
0.104
0.104
0.1039
0.104
0.1039
0.1039
0.1039
0.1039
0.104
0.104
0.1039
0.1041
0.1039
0.104
0.104
0.104
0.1041
0.104
0.104
0.104
0.1039
0.104
0.104
0.104
0.104
0.1039
0.1038
0.1038
0.1039
0.1038
0.1039
0.1037
0.1039
0.1038
0.1037
0.1039
0.1038
0.1038
0.1038
0.1039
0.1037
0.1038
0.1037
0.1039
0.1037
0.1037
0.1038
0.1038
0.1037
0.1038
0.1037
0.1037
0.1037
0.1038
0.1037
0.1038
0.1037
0.1038
0.1037
0.1039
0.1037
0.1038
0.1039
0.1038
0.1038
0.1037
0.1039
0.1038
0.1037
0.1038
0.1038
0.1038
0.1037
0.1039
0.1038
0.1037
0.1039
0.1039
0.1037
0.1039
0.1039
0.1038
0.1039
0.104
0.104
0.1039
0.104
0.104
0.1039
0.1039
0.1039
0.1037
0.1037
0.1038
0.1036
0.1036
0.1036
0.1037
0.1036
0.1037
0.1037
0.1037
0.1038
0.1037
0.1038
0.1038
0.1039
0.1039
0.1039
0.104
0.1041
0.1041
0.104
0.1041
0.104
0.1043
0.1041
0.1041
0.1043
0.1042
0.1044
0.1044
0.1044
0.1045
0.1043
0.1044
0.1043
0.1043
0.1044
0.1044
0.1042
0.1043
0.1044
0.1042
0.1041
0.1043
0.1041
0.1041
0.104
0.1042
0.104
0.104
0.104
0.1041
0.1037
0.1041
0.1038
0.1039
0.1037
0.1039
0.1038
0.1038
0.1039
0.1038
0.1038
0.1039
0.1039
0.1039
0.104
0.1041
0.104
0.104
0.1043
0.104
0.1041
0.1041
0.104
0.104
0.1041
0.104
0.104
0.104
0.104
0.1039
0.1039
0.1037
0.1038
0.1037
0.1038
0.1036
0.1037
0.1037
0.1037
0.1036
0.1037
0.1036
0.1036
0.1036
0.1037
0.1037
0.1036
0.1038
0.1037
0.1038
0.1037
0.1038
0.1037
0.1039
0.1039
0.1039
0.1038
0.1039
0.1039
0.1039
0.1038
0.1039
0.1039
0.1039
0.1038
0.1039
0.104
0.1039
0.1039
0.1038
0.1039
0.1038
0.1038
0.1038
0.1039
0.1037
0.1039
0.1037
0.1039
0.1039
0.1037
0.1039
0.104
0.1039
0.1039
0.104
0.1038
0.1039
0.1039
0.1039
0.1039
0.1039
0.104
0.104
0.1041
0.1038
0.104
0.1039
0.104
0.1039
0.1039
0.1039
0.1041
0.1038
0.1039
0.1039
0.1039
0.1038
0.1039
0.104
0.1039
0.1037
0.1039
0.104
0.1039
0.1038
0.1041
0.1039
0.1041
0.1039
0.1039
0.104
0.1039
0.104
0.1039
0.1039
0.1039
0.1039
0.104
0.104
0.1039
0.104
0.1039
0.104
0.104
0.1038
0.104
0.1039
0.104
0.1039
0.1039
0.1038
0.104
0.1039
0.104
0.1039
0.104
0.1039
0.1038
0.1041
0.1038
0.1039
0.1039
0.1038
0.1039
0.1039
0.1039
0.104
0.1038
0.104
0.1039
0.1039
0.1039
0.1038
0.1039
0.1039
0.104
0.1039
0.104
0.1039
0.1038
0.1039
0.104
0.1039
0.1039
0.1038
0.1039
0.1039
0.1038
0.1041
0.1038
0.104
0.1039
0.104
0.1039
0.104
0.1039
0.104
0.104
0.1038
0.104
0.104
0.1039
0.104
0.1039
0.104
0.1039
0.1039
0.1039
0.104
0.1039
0.104
0.104
0.104
0.1039
0.104
0.104
0.1039
0.104
0.1038
0.104
0.104
0.104
0.1039
0.104
0.104
0.104
0.104
0.1039
0.104
0.104
0.104
0.104
0.1039
0.104
0.104
0.1038
0.104
0.104
0.104
0.1039
0.104
0.104
0.1039
0.104
0.104
0.104
0.104
0.104
0.1039
0.104
0.104
0.1038
0.104
0.104
0.1039
0.104
0.1039
0.104
0.1039
0.1038
0.104
0.1039
0.1039
0.1039
0.1038
0.1039
0.1039
0.1037
0.1039
0.104
0.1039
0.1039
0.104
0.1038
0.1039
0.1039
0.1039
0.1038
0.1039
0.1039
0.104
0.1039
0.1038
0.1039
0.104
0.1039
0.1039
0.104
0.1038
0.1039
0.104
0.1039
0.1039
0.104
0.104
0.1038
0.104
0.104
0.1039
0.104
0.104
0.1039
0.1041
0.1039
0.1039
0.104
0.1038
0.104
0.1039
0.104
0.1041
0.104
0.104
0.1042
0.1041
0.1041
0.1041
0.1042
0.1041
0.1041
0.104
0.1041
0.1042
0.104
0.1041
0.104
0.104
0.1039
0.104
0.1038
0.1039
0.1038
0.1038
0.1038
0.1037
0.1038
0.1037
0.1038
0.1037
0.1037
0.1036
0.1036
0.1038
0.1036
0.1037
0.1037
0.1037
0.1038
0.1037
0.1039
0.1037
0.1038
0.1037
0.1039
0.1038
0.1037
0.1038
0.1038
0.1038
0.1037
0.1038
0.1038
0.1037
0.1038
0.1038
0.1038
0.1037
0.1038
0.1037
0.1038
0.1037
0.1038
0.1038
0.1039
0.104
0.104
0.1042
0.1041
0.1042
0.1043
0.1043
0.1044
0.1044
0.1042
0.1044
0.1044
0.1041
0.1043
0.1041
0.1042
0.1042
0.1041
0.104
0.1041
0.104
0.104
0.104
0.104
0.1039
0.104
0.104
0.1039
0.104
0.104
0.1038
0.104
0.1039
0.1039
0.104
0.1039
0.1039
0.1039
0.1039
0.1039
0.1039
0.1038
0.1039
0.1039
0.1038
0.1038
0.1039
0.1037
0.1038
0.1039
0.1037
0.1039
0.1037
0.1039
0.1038
0.1037
0.1039
0.1037
0.1039
0.1038
0.1037
0.1038
0.1038
0.1038
0.1037
0.1038
0.1037
0.1038
0.1036
0.1038
0.1037
0.1038
0.1036
0.1037
0.1037
0.1037
0.1038
0.1036
0.1038
0.1036
0.1037
0.1037
0.1037
0.1038
0.1037
0.1039
0.1038
0.1039
0.1039
0.1039
0.1039
0.1038
0.104
0.1039
0.104
0.104
0.104
0.104
0.104
0.104
0.1039
0.104
0.104
0.104
0.1038
0.104
0.104
0.104
0.1039
0.104
0.1039
0.1039
0.1037
0.1039
0.1039
0.1039
0.1038
0.1038
0.1038
0.1039
0.1039
0.1038
0.1038
0.1038
0.1038
0.1039
0.1039
0.1038
0.1038
0.1039
0.1039
0.1039
0.1038
0.1039
0.1039
0.1038
0.1039
0.1039
0.1039
0.1039
0.1038
0.1039
0.1039
0.1039
0.1039
0.104
0.1038
0.1039
0.1039
0.104
0.1038
0.1039
0.1039
0.104
0.1039
0.1038
0.1039
0.1039
0.104
0.1039
0.1039
0.1039
0.104
0.104
0.1039
0.104
0.1039
0.104
0.1039
0.104
0.1038
0.1039
0.104
0.1039
0.1039
0.1038
0.104
0.1039
0.104
0.1039
0.1039
0.104
0.104
0.1038
0.104
0.104
0.104
0.104
0.1042
0.104
0.1041
0.1041
0.104
0.1041
0.104
0.1042
0.104
0.104
0.1038
0.104
0.1039
0.1039
0.104
0.1039
0.1039
0.1038
0.104
0.1039
0.104
0.104
0.1039
0.104
0.104
0.104
0.1041
0.104
0.1041
0.104
0.1041
0.1042
0.1041
0.1041
0.1041
0.1043
0.1041
0.1041
0.1042
0.104
0.104
0.1038
0.104
0.1038
0.1038
0.1038
0.1038
0.1038
0.1039
0.1039
0.1039
0.1038
0.1039
0.1039
0.104
0.1039
0.104
0.104
0.104
0.1038
0.1042
0.104
0.104
0.104
0.104
0.1041
0.104
0.1041
0.1041
0.1042
0.1042
0.1043
0.1041
0.1042
0.1043
0.1041
0.1041
0.1042
0.1041
0.104
0.104
0.104
0.1041
0.1041
0.1042
0.1041
0.1042
0.1042
0.1041
0.1042
0.1042
0.1041
0.104
0.104
0.104
0.1039
0.1039
0.1038
0.1039
0.1039
0.1038
0.1039
0.1039
0.1039
0.1038
0.1038
0.1037
0.1037
0.1037
0.1036