0.103916
0.103743
0.103843
0.103842
0.103763
0.103732
0.10375
0.103716
0.103737
0.103769
0.10373
0.103811
0.103677
0.103607
0.104352
0.103132
0.103779
0.103704
0.103703
0.103746
0.10374
0.103831
0.10368
0.103711
0.103772
0.103788
0.103666
0.103676
0.103682
0.10375
0.103757
0.103729
0.103775
0.103718
0.103716
0.103762
0.103726
0.103728
0.103872
0.103794
0.103745
0.103653
0.103662
0.10378
0.103594
0.103705
0.103675
0.103582
0.103705
0.1037
0.103561
0.103625
0.103712
0.103627
0.103803
0.103724
0.103702
0.103736
0.10378
0.103752
0.10358
0.103702
0.103804
0.103611
0.103721
0.103743
0.103603
0.103864
0.103737
0.103757
0.103702
0.103765
0.103833
0.1045
0.10319
0.10355
0.103791
0.103686
0.103734
0.103745
0.103892
0.103614
0.103738
0.103738
0.103752
0.103817
0.103709
0.103776
0.103751
0.10373
0.103747
0.103932
0.103599
0.103871
0.103726
0.103716
0.103596
0.10394
0.10362
0.10368
0.10368
0.10371
0.10374
0.1037
0.10362
0.10376
0.10374
0.10375
0.10375
0.10372
0.10371
0.10383
0.10368
0.10375
0.10361
0.10378
0.10377
0.10364
0.10386
0.10394
0.10367
0.10388
0.10393
0.10369
0.10384
0.10395
0.10368
0.10384
0.10377
0.10372
0.10392
0.10375
0.10388
0.10359
0.10371
0.10372
0.10373
0.10388
0.10371
0.10367
0.10377
0.10369
0.10385
0.10391
0.10398
0.1039
0.10383
0.1037
0.1039
0.10372
0.10373
0.10361
0.1038
0.10335
0.10348
0.10351
0.10351
0.10346
0.10346
0.10369
0.10361
0.10348
0.10359
0.10363
0.10377
0.10374
0.10383
0.10384
0.10386
0.10385
0.10417
0.104
0.10408
0.1041
0.10427
0.10436
0.10402
0.10408
0.10409
0.10419
0.1041
0.10398
0.104
0.10386
0.10402
0.10384
0.10381
0.10393
0.10366
0.10376
0.1036
0.10383
0.10356
0.10373
0.10376
0.10362
0.10363
0.1037
0.10363
0.10361
0.10383
0.10365
0.10362
0.10372
0.10385
0.10365
0.10391
0.10368
0.10376
0.10384
0.10375
0.10388
0.10385
0.10387
0.10404
0.10385
0.10389
0.10373
0.10371
0.10377
0.10363
0.10357
0.1035
0.10357
0.10367
0.1061
0.10124
0.10372
0.10372
0.10375
0.10398
0.1036
0.10369
0.10372
0.10372
0.10377
0.10383
0.10367
0.10371
0.10387
0.10374
0.10463
0.10299
0.10373
0.10375
0.10386
0.10392
0.10398
0.10385
0.1041
0.10377
0.10395
0.10454
0.10356
0.10415
0.10396
0.104
0.10412
0.10402
0.10409
0.10402
0.1041
0.10412
0.10399
0.1041
0.10409
0.10385
0.10413
0.10396
0.10416
0.104
0.10396
0.10424
0.10351
0.10385
0.10376
0.10482
0.10241
0.1036
0.1036
0.10352
0.10363
0.10354
0.10545
0.1038
0.10139
0.10378
0.1037
0.10374
0.10373
0.1036
0.10376
0.10807
0.09916
0.10362
0.10378
0.10546
0.10163
0.10361
0.10376
0.10356
0.10364
0.10427
0.10313
0.10368
0.10372
0.10528
0.10217
0.10358
0.10361
0.10369
0.10369
0.10371
0.10385
0.10373
0.10374
0.10391
0.10381
0.10363
0.10372
0.10376
0.10379
0.1037
0.10375
0.10375
0.10362
0.10369
0.10376
0.10418
0.10332
0.10372
0.10377
0.10358
0.10402
0.10347
0.10375
0.10397
0.10352
0.10371
0.10373
0.10375
0.10376
0.10374
0.10375
0.10371
0.1038
0.10362
0.10382
0.10359
0.10374
0.10391
0.10362
0.10377
0.10366
0.10377
0.10374
0.10371
0.10401
0.10466
0.10259
0.10374
0.10376
0.10359
0.10373
0.10379
0.10367
0.10368
0.10375
0.10365
0.10364
0.10366
0.10372
0.10378
0.10488
0.10245
0.10385
0.10363
0.10358
0.10413
0.10425
0.10289
0.10357
0.1039
0.10363
0.10372
0.10371
0.10375
0.10363
0.10374
0.10362
0.10375
0.10357
0.10391
0.10358
0.10374
0.1038
0.10369
0.10362
0.10382
0.10376
0.10356
0.1038
0.10364
0.10375
0.10377
0.10377
0.1037
0.1037
0.10387
0.10362
0.10376
0.10375
0.10361
0.10373
0.10376
0.10357
0.10384
0.10358
0.10366
0.10373
0.10359
0.10375
0.10357
0.10371
0.10361
0.10374
0.10378
0.10369
0.10368
0.10371
0.10388
0.10371
0.10375
0.10375
0.10372
0.10365
0.10383
0.10388
0.10393
0.10407
0.10412
0.10409
0.1041
0.10448
0.10406
0.10421
0.10422
0.10412
0.1042
0.10409
0.10382
0.10399
0.10396
0.10417
0.1035
0.10383
0.10372
0.10374
0.10395
0.10357
0.10373
0.10372
0.1036
0.1038
0.10356
0.10361
0.1037
0.10356
0.10366
0.1036
0.10368
0.10356
0.10357
0.10363
0.10371
0.10365
0.10361
0.10349
0.10361
0.10375
0.10387
0.10349
0.1036
0.10362
0.10371
0.10365
0.10361
0.10373
0.10374
0.10372
0.10383
0.10357
0.10374
0.10373
0.10373
0.10389
0.10373
0.10371
0.10421
0.10346
0.10386
0.10363
0.10373
0.10374
0.10374
0.10358
0.10382
0.10365
0.10376
0.10371
0.10428
0.10327
0.1037
0.10371
0.10377
0.1038
0.10372
0.10361
0.10371
0.10376
0.10389
0.10365
0.10397
0.10379
0.10385
0.10402
0.10397
0.10388
0.10397
0.10395
0.10381
0.10387
0.10362
0.10361
0.10347
0.10364
0.10357
0.10362
0.10364
0.10363
0.1036
0.10374
0.10366
0.10374
0.10361
0.10376
0.10356
0.10375
0.10358
0.10382
0.10369
0.10372
0.10402
0.10348
0.10374
0.10371
0.10361
0.10378
0.10384
0.10375
0.10373
0.10393
0.10373
0.10382
0.10378
0.10374
0.10369
0.1038
0.10371
0.10372
0.10377
0.10369
0.10383
0.10374
0.10372
0.10372
0.10377
0.10376
0.10369
0.10377
0.10359
0.10378
0.10371
0.10372
0.10747
0.1
0.10379
0.10374
0.10358
0.10374
0.10363
0.10384
0.1037
0.10357
0.10359
0.10374
0.1036
0.10376
0.10369
0.10366
0.10362
0.10364
0.10373
0.1036
0.10376
0.10359
0.10362
0.10371
0.10363
0.10377
0.10374
0.10415
0.10316
0.10379
0.10374
0.10369
0.10378
0.10378
0.10367
0.10374
0.10381
0.10367
0.1038
0.1044
0.10506
0.1016
0.10374
0.10375
0.10371
0.10376
0.10519
0.10224
0.10359
0.10371
0.10371
0.10503
0.10241
0.10368
0.10372
0.10376
0.10359
0.10379
0.10374
0.10378
0.10369
0.10358
0.10399
0.1036
0.10366
0.10359
0.10378
0.10365
0.10367
0.10365
0.10372
0.10358
0.10364
0.10376
0.10362
0.10378
0.10362
0.10359
0.10359
0.10359
0.10375
0.10367
0.10356
0.10362
0.10366
0.10355
0.10364
0.10365
0.10359
0.10361
0.10364
0.10368
0.10364
0.10365
0.10347
0.10361
0.10377
0.10383
0.10353
0.10348
0.1036
0.10349
0.10375
0.10374
0.10366
0.10366
0.1038
0.10382
0.10401
0.10385
0.10409
0.1042
0.10394
0.10425
0.10411
0.10421
0.10413
0.10412
0.10414
0.10409
0.104
0.10398
0.104
0.10384
0.10399
0.10438
0.10338
0.10386
0.10387
0.10386
0.10384
0.10391
0.1037
0.10393
0.1038
0.10386
0.10391
0.10372
0.10386
0.10405
0.10355
0.10391
0.1037
0.10375
0.10373
0.10379
0.10362
0.10356
0.10365
0.10363
0.10372
0.1036
0.10374
0.10364
0.10362
0.10373
0.10361
0.10358
0.10381
0.10358
0.10361
0.1036
0.10375
0.10363
0.10376
0.10372
0.10365
0.10368
0.10374
0.10361
0.10374
0.10366
0.10371
0.10374
0.1036
0.10377
0.10374
0.10376
0.10361
0.10376
0.10371
0.10372
0.10376
0.10373
0.10372
0.10389
0.10372
0.10387
0.10389
0.10386
0.10384
0.10402
0.10397
0.10413
0.10397
0.10411
0.10414
0.10411
0.10414
0.10406
0.10415
0.10417
0.10393
0.10405
0.10381
0.10414
0.1047
0.103
0.10554
0.10234
0.10387
0.10385
0.10383
0.10379
0.10374
0.10361
0.10376
0.10362
0.1036
0.1036
0.10361
0.10351
0.10349
0.10348
0.1034
0.10342
0.10591
0.10133
0.1034
0.10345
0.10363
0.10361
0.10363
0.10374
0.10361
0.10362
0.10375
0.10372
0.10364
0.10371
0.10377
0.10388
0.10335
0.10373
0.10358
0.10378
0.10377
0.10369
0.10363
0.10376
0.10373
0.10384
0.10378
0.10399
0.10361
0.10376
0.1038
0.10375
0.10503
0.10252
0.1037
0.10375
0.10378
0.10371
0.10374
0.10372
0.1036
0.10489
0.10265
0.10371
0.10361
0.10374
0.10376
0.10371
0.10373
0.10361
0.10373
0.10363
0.10374
0.10419
0.10329
0.10363
0.10384
0.10522
0.10194
0.10363
0.10371
0.10372
0.10365
0.10376
0.1037
0.10373
0.10374
0.10362
0.10381
0.10361
0.10369
0.10364
0.10369
0.10362
0.10376
0.10361
0.10371
0.10378
0.1043
0.10383
0.10307
0.10375
0.10483
0.10279
0.10384
0.10401
0.10391
0.10398
0.1039
0.10395
0.10371
0.10377
0.10371
0.1036
0.10363
0.1039
0.10344
0.10363
0.10366
0.10369
0.10445
0.10281
0.10378
0.10368
0.10376
0.10376
0.1036
0.10385
0.10363
0.1037
0.10375
0.10379
0.10357
0.10365
0.10374
0.10362
0.10358
0.10366
0.10357
0.10362
0.10368
0.10367
0.10375
0.10358
0.10376
0.10359
0.10385
0.10356
0.10409
0.10356
0.10345
0.1036
0.10372
0.10364
0.10358
0.10362
0.1036
0.10363
0.10375
0.10376
0.10358
0.10389
0.10523
0.10329
0.10335
0.10457
0.10338
0.10386
0.10439
0.10373
0.10401
0.10408
0.10533
0.10274
0.1052
0.1027
0.1039
0.1038
0.104
0.1038
0.1038
0.1039
0.1038
0.1039
0.1039
0.1037
0.1038
0.1037
0.1037
0.1038
0.1036
0.1037
0.1037
0.1037
0.1038
0.1036
0.1037
0.1038
0.1037
0.1037
0.1043
0.1033
0.1035
0.106
0.1016
0.1036
0.1037
0.1037
0.1038
0.1037
0.1038
0.1037
0.1037
0.1038
0.104
0.1035
0.1037
0.1036
0.1037
0.1038
0.1036
0.1037
0.1042
0.1032
0.1036
0.1038
0.1037
0.1037
0.1037
0.1036
0.104
0.1037
0.1039
0.1037
0.1038
0.1043
0.1035
0.1039
0.1039
0.1039
0.1041
0.1041
0.104
0.104
0.1042
0.1044
0.104
0.1041
0.1049
0.1034
0.1041
0.1045
0.1039
0.104
0.104
0.1042
0.1039
0.1043
0.1036
0.1039
0.1042
0.1037
0.1034
0.1037
0.1036
0.1036
0.1034
0.1035
0.1035
0.1035
0.1036
0.1035
0.1035
0.1037
0.1034
0.1037
0.1036
0.1035
0.1044
0.1032
0.1037
0.1038
0.1043
0.1034
0.1037
0.1039
0.1038
0.1045
0.1031
0.1038
0.1038
0.1035
0.1038
0.1036
0.1036
0.1035
0.1035
0.1035
0.1036
0.1035
0.1034
0.1037
0.1035
0.1037
0.1036
0.1037
0.1037
0.1037
0.1038
0.1037
0.1039
0.1039
0.1039
0.1039
0.1037
0.1041
0.1035
0.1037
0.1037
0.1038
0.1036
0.1037
0.1038
0.1037
0.1037
0.1036
0.1039
0.1039
0.1035
0.1044
0.1057
0.1017
0.103
0.1037
0.1038
0.1036
0.1037
0.1036
0.1038
0.1037
0.1038
0.1036
0.1038
0.1036
0.1037
0.1036
0.1038
0.1036
0.1037
0.1037
0.1036
0.1038
0.1043
0.1051
0.1019
0.1037
0.1037
0.1038
0.1038
0.1038
0.1039
0.1037
0.1039
0.1037
0.1037
0.104
0.1036
0.1038
0.1038
0.1041
0.1036
0.1038
0.1039
0.1039
0.1038
0.1039
0.1047
0.1047
0.1024
0.1038
0.104
0.104
0.104
0.1039
0.104
0.1038
0.1039
0.1038
0.1041
0.1037
0.1037
0.1038
0.1037
0.1038
0.1042
0.103
0.1036
0.1039
0.103
0.1035
0.1034
0.1034
0.1035
0.1035
0.1036
0.1036
0.1036
0.1039
0.1034
0.1037
0.1036
0.1038
0.1038
0.1042
0.1034
0.1037
0.1037
0.1037
0.1038
0.1037
0.1037
0.1039
0.1036
0.1038
0.1036
0.1036
0.1036
0.1036
0.1037
0.1037
0.1036
0.1038
0.1036
0.1037
0.1036
0.1036
0.1036
0.1038
0.1037
0.1039
0.1039
0.1035
0.1038
0.1037
0.1038
0.1038
0.1036
0.1037
0.1037
0.1037
0.1036
0.1036
0.1037
0.1036
0.1037
0.1037
0.1043
0.1031
0.1037
0.1037
0.1038
0.1037
0.1042
0.1036
0.1033
0.1059
0.1014
0.1036
0.1037
0.1036
0.1036
0.1037
0.1038
0.1036
0.1038
0.1037
0.1037
0.1038
0.1037
0.1038
0.1036
0.1037
0.1038
0.1036
0.1037
0.104
0.1045
0.1026
0.1038
0.1036
0.1038
0.1037
0.1036
0.1039
0.1036
0.1037
0.1038
0.1037
0.1036
0.1037
0.1036
0.1038
0.1037
0.1038
0.1037
0.1036
0.1038
0.1036
0.1037
0.1048
0.1027
0.1036
0.1037
0.1038
0.1037
0.1038
0.1037
0.1037
0.1037
0.1037
0.1037
0.1056
0.1028
0.1029
0.1036
0.1038
0.1037
0.1037
0.1037
0.1038
0.1037
0.1044
0.1031
0.1038
0.1037
0.1036
0.1038
0.1054
0.102
0.1037
0.1037
0.1036
0.1037
0.1038
0.1037
0.1044
0.1031
0.1036
0.104
0.1034
0.1037
0.1037
0.1035
0.1043
0.1038
0.1039
0.1051
0.1015
0.1039
0.1037
0.1038
0.1037
0.1047
0.1029
0.1037
0.1037
0.1038
0.1037
0.1038
0.1037
0.1035
0.1038
0.1038
0.1036
0.1037
0.1038
0.1036
0.1037
0.1038
0.1036
0.1037
0.1036
0.1037
0.1038
0.1036
0.1037
0.1041
0.1031
0.1037
0.1044
0.1028
0.1037
0.1036
0.1035
0.1046
0.1029
0.104
0.1032
0.1037
0.1036
0.1038
0.1039
0.1039
0.1039
0.1046
0.1035
0.1041
0.1077
0.1006
0.1043
0.1041
0.1042
0.1042
0.1041
0.1041
0.1042
0.1039
0.1048
0.103
0.1036
0.1037
0.1037
0.1037
0.1036
0.1036
0.1034
0.1038
0.1035
0.1041
0.1032
0.1046
0.1028
0.1038
0.1036
0.1037
0.1038
0.1036
0.1037
0.1037
0.1036
0.1037
0.1036
0.1037
0.1037
0.1039
0.1035
0.1038
0.1036
0.1038
0.1035
0.1038
0.1037
0.1038
0.1037
0.1037
0.1039
0.1038
0.1038
0.1039
0.104
0.1039
0.1039
0.1039
0.104
0.1037
0.1037
0.1036
0.1034
0.1034
0.1035
0.1036
0.1036
0.1035
0.1037
0.1036
0.1037
0.1036
0.1037
0.1038
0.1038
0.1038
0.104
0.104
0.1039
0.1038
0.1039
0.1039
0.1037
0.1037
0.1035
0.105
0.1037
0.1022
0.1037
0.1039
0.1036
0.1048
0.1028
0.1037
0.1039
0.1037
0.1038
0.1038
0.1038
0.1037
0.1038
0.1048
0.1027
0.1037
0.1037
0.1038
0.1059
0.1017
0.1038
0.1038
0.1038
0.1039
0.1039
0.1037
0.1037
0.1038
0.1036
0.1035
0.1035
0.1036
0.1034
0.1042
0.1027
0.1036
0.1034
0.1036
0.1038
0.1035
0.1036
0.1039
0.1041
0.1059
0.1013
0.1038
0.1038
0.1046
0.1038
0.1031
0.1044
0.1034
0.1033
0.1062
0.1012
0.1068
0.1005
0.1042
0.1032
0.1036
0.1036
0.1037
0.1036
0.1036
0.1038
0.1037
0.1036
0.1037
0.1044
0.103
0.1035
0.1038
0.1049
0.1029
0.1033
0.1036
0.1037
0.1052
0.1024
0.1041
0.1033
0.1037
0.1049
0.1028
0.1037
0.1037
0.1037
0.1056
0.1028
0.103
0.1039
0.1035
0.1037
0.1038
0.1037
0.1037
0.1037
0.1037
0.1036
0.1036
0.1055
0.102
0.1036
0.1037
0.1038
0.1038
0.1035
0.1038
0.1037
0.1038
0.1037
0.1036
0.1038
0.1037
0.1037
0.1038
0.1038
0.1038
0.1038
0.1035
0.1039
0.1038
0.1041
0.1041
0.1037
0.1041
0.104
0.104
0.1041
0.104
0.104
0.1043
0.104
0.1035
0.1047
0.1033
0.1039
0.1039
0.1039
0.1041
0.1041
0.1033
0.1038
0.1038
0.1037
0.1037
0.1036
0.1038
0.1038
0.1037
0.1031
0.1034
0.1035
0.1035
0.1036
0.1036
0.1035
0.1035
0.1036
0.1035
0.1036
0.1037
0.1039
0.1034
0.1038
0.1035
0.1036
0.1037
0.1036
0.1038
0.1037
0.1038
0.1035
0.1038
0.104
0.1039
0.1032
0.1042
0.1032
0.1037
0.1037
0.1037
0.1037
0.1036
0.1037
0.1049
0.1025
0.1041
0.1034
0.1038
0.1036
0.1037
0.1036
0.1036
0.1038
0.1037
0.1037
0.1038
0.1043
0.1031
0.1036
0.1037
0.1038
0.1036
0.1037
0.1037
0.1037
0.1037
0.1036
0.1038
0.1037
0.1036
0.1038
0.1036
0.1037
0.1036
0.1036
0.1037
0.1036
0.1038
0.1037
0.1036
0.1037
0.1037
0.1037
0.1037
0.1037
0.1038
0.1037
0.1038
0.1037
0.1038
0.1036
0.1037
0.1037
0.1038
0.1036
0.1037
0.1037
0.1037
0.1037
0.1036
0.1038
0.1036
0.1037
0.1036
0.1038
0.1036
0.1038
0.1037
0.1038
0.1037
0.1037
0.1038
0.1037
0.1039
0.1037
0.1038
0.1037
0.1038
0.1041
0.1033
0.1037
0.1038
0.1037
0.1039
0.1037
0.1037
0.1038
0.1037
0.1038
0.1039
0.1035
0.1037
0.1037
0.104
0.1034
0.1037
0.1036
0.104
0.1035
0.1036
0.104
0.1035
0.1043
0.103
0.1037
0.1038
0.1036
0.1035
0.104
0.1034
0.1038
0.1036
0.1037
0.1038
0.1037
0.1038
0.1037
0.1036
0.1038
0.1037
0.1037
0.1038
0.1037
0.1037
0.1039
0.1038
0.1037
0.1037
0.1038
0.1037
0.1038
0.1037
0.1037
0.1037
0.1038
0.1053
0.1021
0.1038
0.1036
0.1038
0.1036
0.1037
0.1037
0.1037
0.1036
0.1037
0.1037
0.1037
0.1037
0.1037
0.1037
0.1037
0.1036
0.1037
0.1036
0.1038
0.1036
0.1037
0.1036
0.1037
0.1038
0.1037
0.1037
0.1037
0.1038
0.1037
0.1037
0.1036
0.1037
0.1038
0.1038
0.1037
0.1038
0.1037
0.1038
0.1037
0.1037
0.1038
0.1038
0.1039
0.1037
0.1037
0.1037
0.104
0.1037
0.1037
0.1036
0.1038
0.1036
0.1036
0.1037
0.1036
0.1047
0.1026
0.1037
0.1036
0.1036
0.1038
0.1037
0.104
0.1034
0.1037
0.1038
0.1038
0.1037
0.1036
0.1037
0.1038
0.1037
0.1038
0.1036
0.1037
0.1038
0.1036
0.1037
0.1037
0.1036
0.1038
0.1036
0.1038
0.1036
0.1037
0.1038
0.1037
0.1038
0.1035
0.1038
0.1038
0.1036
0.1037
0.1037
0.1038
0.1037
0.1037
0.1037