0.103736
0.103602
0.103737
0.103617
0.103738
0.103615
0.103753
0.103622
0.103727
0.103763
0.103587
0.103745
0.103737
0.103617
0.103616
0.103748
0.103609
0.103733
0.103621
0.103743
0.103615
0.103736
0.103622
0.103611
0.103738
0.103844
0.103535
0.103717
0.103684
0.103673
0.103616
0.103612
0.103616
0.10364
0.10362
0.103711
0.103615
0.103617
0.103619
0.103781
0.103572
0.103742
0.103738
0.103619
0.103734
0.103619
0.10362
0.103614
0.103763
0.103594
0.103614
0.103744
0.103612
0.10376
0.103596
0.103742
0.103614
0.103736
0.10362
0.103737
0.103617
0.103764
0.103724
0.103609
0.103749
0.103609
0.103613
0.103742
0.103618
0.103611
0.103615
0.103618
0.103619
0.10361
0.103748
0.10361
0.103739
0.103618
0.103738
0.103621
0.103632
0.103745
0.103591
0.103737
0.10362
0.103608
0.103759
0.103728
0.103622
0.103735
0.103739
0.103763
0.103838
0.103755
0.103887
0.10383
0.103871
0.1039
0.10383
0.10401
0.10397
0.10399
0.10399
0.10399
0.10414
0.10397
0.10387
0.10398
0.10374
0.10387
0.10374
0.10361
0.10374
0.1035
0.10361
0.10362
0.10361
0.10349
0.1035
0.10351
0.10356
0.1034
0.10362
0.10337
0.10361
0.10353
0.10357
0.10358
0.10353
0.10362
0.10361
0.10361
0.10362
0.10361
0.10372
0.10363
0.10362
0.10362
0.10373
0.10362
0.10379
0.10358
0.1036
0.10362
0.10362
0.10374
0.10361
0.10363
0.10373
0.10374
0.10362
0.10373
0.10374
0.10375
0.10363
0.10372
0.10371
0.10364
0.10362
0.10362
0.10376
0.10359
0.10375
0.10376
0.10371
0.10375
0.10374
0.10376
0.10372
0.10361
0.10374
0.10362
0.10362
0.10374
0.10362
0.10373
0.10362
0.10376
0.10364
0.10369
0.10362
0.10361
0.10362
0.10361
0.10369
0.10361
0.10366
0.10356
0.10356
0.10361
0.1035
0.10361
0.1035
0.10348
0.10364
0.10347
0.10349
0.10337
0.10349
0.10348
0.10352
0.10355
0.10351
0.10335
0.10353
0.10354
0.10356
0.10372
0.10364
0.10374
0.10385
0.10376
0.10373
0.10387
0.10386
0.104
0.10399
0.10413
0.10422
0.10413
0.10402
0.10395
0.10411
0.10399
0.10399
0.1039
0.10396
0.10387
0.10376
0.1038
0.10366
0.10377
0.10359
0.10395
0.10331
0.10373
0.10356
0.10354
0.10373
0.10364
0.10366
0.10354
0.10365
0.10358
0.10374
0.10361
0.10363
0.10375
0.10359
0.10376
0.1037
0.10355
0.10376
0.10356
0.10379
0.10371
0.10362
0.10359
0.10362
0.10362
0.10373
0.10364
0.1036
0.10376
0.10364
0.10357
0.10363
0.10363
0.10358
0.10382
0.10355
0.10363
0.10359
0.10376
0.1036
0.10361
0.10544
0.10194
0.10372
0.10362
0.10374
0.10361
0.10362
0.10361
0.10362
0.10366
0.1037
0.10376
0.10374
0.10359
0.10379
0.1037
0.10361
0.10374
0.10362
0.10373
0.10365
0.10359
0.10374
0.10363
0.1036
0.10374
0.10385
0.10386
0.10336
0.10352
0.10375
0.10361
0.10374
0.10361
0.10361
0.10362
0.10378
0.10358
0.10374
0.10375
0.10374
0.10373
0.10363
0.10373
0.10375
0.10372
0.10375
0.10378
0.10357
0.10374
0.10374
0.10374
0.10374
0.10375
0.10373
0.10377
0.1036
0.10373
0.10363
0.1036
0.10362
0.10374
0.10361
0.10364
0.10372
0.10362
0.10377
0.10358
0.10374
0.10374
0.10362
0.10378
0.1037
0.10372
0.10372
0.10366
0.10361
0.10387
0.10363
0.10378
0.10371
0.10358
0.10375
0.10362
0.10373
0.10362
0.10361
0.10364
0.10372
0.10361
0.10395
0.10341
0.10395
0.10327
0.10363
0.10366
0.10358
0.10365
0.1036
0.10366
0.10358
0.10372
0.1037
0.1036
0.10366
0.10375
0.10366
0.10377
0.10365
0.10363
0.10374
0.10378
0.1036
0.10371
0.10373
0.10362
0.10373
0.10363
0.10374
0.10373
0.10364
0.10372
0.10455
0.10291
0.10352
0.10373
0.10374
0.10342
0.10372
0.1034
0.10346
0.10358
0.10349
0.10352
0.1035
0.10347
0.1035
0.10333
0.10354
0.10346
0.10338
0.10349
0.10353
0.10345
0.10365
0.10356
0.10364
0.10361
0.10372
0.10374
0.10349
0.10383
0.10353
0.10376
0.10372
0.10374
0.10387
0.10373
0.10387
0.1044
0.10357
0.10375
0.10417
0.10371
0.10398
0.10397
0.104
0.10406
0.10385
0.104
0.10393
0.10386
0.10389
0.10371
0.10387
0.10374
0.10376
0.10372
0.10375
0.10374
0.10373
0.10362
0.10377
0.10358
0.10362
0.10362
0.10374
0.10361
0.1042
0.10303
0.10362
0.10361
0.10364
0.10362
0.10396
0.10337
0.10386
0.1035
0.10374
0.10402
0.10376
0.10334
0.10374
0.10365
0.10369
0.10373
0.10361
0.10376
0.1036
0.10363
0.10374
0.1036
0.10361
0.10374
0.10362
0.10374
0.10362
0.10361
0.10374
0.10374
0.10364
0.10359
0.10375
0.10376
0.10359
0.10374
0.10375
0.10361
0.10376
0.10362
0.10372
0.10374
0.10361
0.10363
0.10373
0.10361
0.10361
0.10364
0.10372
0.10362
0.10377
0.10358
0.10362
0.10361
0.10377
0.1036
0.10363
0.10374
0.10372
0.10361
0.10362
0.10363
0.1036
0.10364
0.10373
0.1036
0.10362
0.10374
0.10363
0.10373
0.10361
0.10361
0.10362
0.10376
0.10361
0.10364
0.1036
0.10359
0.10366
0.10359
0.1036
0.10362
0.10374
0.10363
0.1036
0.10374
0.10377
0.10359
0.10363
0.10361
0.10382
0.10358
0.10371
0.10359
0.10364
0.10371
0.10362
0.10374
0.10361
0.10376
0.1036
0.10376
0.1036
0.10377
0.10371
0.10363
0.10372
0.10396
0.10365
0.10375
0.10373
0.10387
0.10402
0.10366
0.10399
0.10353
0.10389
0.10381
0.10378
0.10383
0.10367
0.10372
0.10363
0.10364
0.10358
0.10361
0.10349
0.10362
0.10349
0.10349
0.10335
0.10484
0.10205
0.10334
0.10337
0.10336
0.10337
0.10351
0.10348
0.10348
0.1035
0.10361
0.10361
0.1035
0.10361
0.10362
0.10374
0.10361
0.10375
0.10374
0.10363
0.1036
0.10375
0.10365
0.10356
0.10375
0.10378
0.10359
0.10364
0.1037
0.1037
0.10365
0.10384
0.10339
0.10363
0.10377
0.10349
0.10368
0.10364
0.10361
0.10362
0.10361
0.10367
0.10369
0.10361
0.10362
0.10373
0.10365
0.10372
0.10361
0.10374
0.10362
0.10374
0.10361
0.10369
0.10366
0.10364
0.10363
0.10369
0.1037
0.10368
0.10368
0.10357
0.10372
0.10365
0.10358
0.10374
0.10362
0.10374
0.10362
0.10373
0.1037
0.10368
0.10364
0.10369
0.10362
0.10376
0.10359
0.10363
0.10373
0.10374
0.10363
0.1036
0.10374
0.10362
0.10362
0.10376
0.10359
0.10364
0.1036
0.10362
0.10361
0.10373
0.10369
0.10355
0.10361
0.10364
0.1036
0.10367
0.10357
0.10375
0.10359
0.10362
0.10361
0.10366
0.10372
0.1036
0.10373
0.10374
0.10368
0.10368
0.10362
0.10362
0.10379
0.10366
0.10358
0.1037
0.10359
0.10374
0.10371
0.10352
0.10363
0.10362
0.10361
0.1036
0.10368
0.10342
0.10365
0.10347
0.10357
0.1034
0.10349
0.10353
0.10334
0.10336
0.10351
0.10334
0.10349
0.10349
0.10337
0.10349
0.10349
0.10339
0.10348
0.10362
0.10355
0.10354
0.10349
0.10361
0.10362
0.10361
0.10371
0.10352
0.10375
0.10386
0.10389
0.10397
0.10401
0.10409
0.10413
0.10422
0.10414
0.10422
0.10412
0.10412
0.10414
0.10386
0.10394
0.10383
0.1038
0.10379
0.1037
0.10373
0.10375
0.10372
0.10363
0.10377
0.10358
0.10365
0.10371
0.10362
0.10362
0.10374
0.10361
0.10362
0.10367
0.10358
0.10372
0.10364
0.10359
0.10361
0.10362
0.10362
0.10361
0.10362
0.10362
0.10375
0.1036
0.10374
0.10361
0.10376
0.1036
0.10376
0.10359
0.10377
0.10372
0.10375
0.1036
0.10362
0.10379
0.10357
0.10383
0.10354
0.10379
0.10342
0.10362
0.10385
0.10356
0.1036
0.10372
0.10364
0.10359
0.1036
0.10365
0.10374
0.10357
0.10381
0.10367
0.10359
0.10367
0.10366
0.10384
0.10354
0.10353
0.10361
0.10449
0.10283
0.10367
0.1036
0.10377
0.10359
0.10375
0.10362
0.10374
0.10393
0.10346
0.10358
0.10382
0.10352
0.10376
0.10366
0.10367
0.10363
0.10375
0.10359
0.10384
0.10387
0.10345
0.10362
0.10368
0.10381
0.10366
0.10362
0.10362
0.10375
0.1036
0.10374
0.10361
0.10374
0.10375
0.10361
0.10376
0.1036
0.10376
0.10374
0.1036
0.10374
0.10361
0.10374
0.10362
0.10362
0.1036
0.10362
0.10362
0.10362
0.10361
0.10362
0.10361
0.10362
0.10374
0.10363
0.1036
0.10361
0.10362
0.10361
0.10375
0.10361
0.10361
0.10375
0.10364
0.10346
0.10364
0.10359
0.10362
0.10361
0.10374
0.10362
0.10373
0.10364
0.10373
0.1037
0.10355
0.10372
0.10373
0.10365
0.10374
0.10371
0.10364
0.10374
0.10362
0.1036
0.1036
0.10374
0.10362
0.10364
0.10374
0.10361
0.1036
0.10362
0.10362
0.10374
0.10362
0.1036
0.10365
0.10379
0.10355
0.10362
0.10365
0.10357
0.1037
0.10361
0.10355
0.10347
0.10355
0.10331
0.1035
0.10335
0.10339
0.10336
0.10344
0.10326
0.10339
0.10349
0.10349
0.1035
0.10353
0.10343
0.10361
0.10352
0.10372
0.10363
0.10361
0.10413
0.10334
0.10388
0.10394
0.10392
0.10411
0.10444
0.1038
0.1041
0.104
0.1041
0.1038
0.1038
0.1039
0.1039
0.1038
0.1038
0.1037
0.1037
0.1038
0.1036
0.1037
0.1038
0.1036
0.1037
0.1038
0.1037
0.1037
0.1038
0.1037
0.1036
0.1038
0.1036
0.1038
0.1035
0.1037
0.1037
0.1037
0.1035
0.1043
0.1031
0.1037
0.1035
0.1037
0.1036
0.1036
0.1036
0.1037
0.1036
0.1037
0.1037
0.1036
0.1036
0.1036
0.1038
0.1036
0.1036
0.1036
0.1038
0.1037
0.1037
0.1035
0.1038
0.1036
0.1041
0.1033
0.1036
0.1037
0.1038
0.1036
0.1037
0.1036
0.1036
0.1038
0.1036
0.1036
0.1036
0.1038
0.1036
0.1037
0.1038
0.1036
0.1037
0.1038
0.1037
0.1038
0.1036
0.1037
0.1039
0.1035
0.1037
0.1041
0.1033
0.1042
0.1032
0.1036
0.1036
0.1039
0.1032
0.1036
0.1037
0.1036
0.1038
0.1036
0.1039
0.1036
0.1039
0.1036
0.1042
0.1036
0.1038
0.1034
0.1039
0.1037
0.1036
0.1037
0.1037
0.1037
0.1036
0.1038
0.1036
0.1036
0.1036
0.1038
0.1036
0.1037
0.1035
0.1036
0.1037
0.1037
0.1035
0.1036
0.1037
0.1037
0.1037
0.1036
0.1037
0.1037
0.1036
0.1035
0.1037
0.1035
0.1036
0.1037
0.1036
0.1034
0.1037
0.1036
0.1036
0.1036
0.1036
0.1036
0.1037
0.1036
0.1035
0.1036
0.1035
0.1035
0.1034
0.1035
0.1038
0.1031
0.1034
0.1033
0.1034
0.1034
0.1034
0.1037
0.1034
0.1035
0.1039
0.1032
0.1037
0.1034
0.1037
0.1036
0.1035
0.1037
0.1036
0.1038
0.1036
0.1037
0.1038
0.1037
0.1039
0.104
0.1038
0.104
0.1041
0.1039
0.104
0.104
0.1038
0.1039
0.1039
0.1037
0.1038
0.1037
0.1037
0.1037
0.1037
0.1036
0.1036
0.1036
0.1037
0.1037
0.1036
0.1037
0.1037
0.1036
0.1036
0.1037
0.1035
0.1036
0.1038
0.1036
0.1037
0.1037
0.1037
0.1036
0.1037
0.1038
0.1036
0.1037
0.1038
0.1037
0.1036
0.1038
0.1036
0.1038
0.1036
0.1036
0.1036
0.1038
0.1035
0.1037
0.1036
0.1037
0.1038
0.1036
0.1037
0.1038
0.1036
0.1038
0.1035
0.1038
0.1036
0.1036
0.1037
0.1037
0.1036
0.1036
0.1036
0.1036
0.1037
0.1037
0.1036
0.1035
0.1036
0.1035
0.1035
0.1036
0.1035
0.1036
0.1035
0.1035
0.1036
0.1035
0.1035
0.1035
0.1034
0.1035
0.1037
0.1034
0.1037
0.1036
0.1036
0.1038
0.1037
0.1036
0.1037
0.1037
0.1037
0.1037
0.1038
0.1036
0.1038
0.1039
0.1039
0.104
0.104
0.104
0.1039
0.1041
0.1039
0.1041
0.104
0.1041
0.1039
0.1048
0.1035
0.1041
0.1039
0.1042
0.1042
0.104
0.1041
0.1041
0.1039
0.104
0.1039
0.1037
0.1038
0.1035
0.1037
0.1034
0.1035
0.1037
0.1036
0.1035
0.1036
0.1035
0.1033
0.1035
0.1034
0.1035
0.1035
0.1036
0.1035
0.1035
0.1035
0.1034
0.1036
0.1036
0.1036
0.1036
0.1037
0.1038
0.1036
0.1036
0.1036
0.1038
0.1036
0.1036
0.1036
0.1037
0.1037
0.1036
0.1036
0.1036
0.1037
0.1037
0.1036
0.1038
0.1035
0.1038
0.1037
0.1035
0.1037
0.1037
0.1038
0.1035
0.1036
0.1038
0.1037
0.1037
0.1037
0.1037
0.1037
0.1037
0.1037
0.1036
0.1036
0.1038
0.1036
0.1036
0.1036
0.1036
0.1036
0.1037
0.1036
0.1036
0.1036
0.1036
0.1038
0.1036
0.1037
0.1035
0.1038
0.1037
0.1037
0.1038
0.1035
0.1035
0.1037
0.1036
0.1036
0.1036
0.1038
0.1038
0.1034
0.1038
0.1036
0.1037
0.1035
0.1039
0.1036
0.1035
0.1036
0.1036
0.1037
0.1037
0.1036
0.1037
0.1038
0.1036
0.1037
0.1038
0.1036
0.1037
0.1037
0.1037
0.1037
0.1036
0.1038
0.1036
0.1037
0.1036
0.1037
0.1036
0.1036
0.1036
0.1037
0.1038
0.1036
0.1037
0.1036
0.1038
0.1036
0.1037
0.1038
0.1037
0.1038
0.1038
0.1038
0.1038
0.1039
0.1037
0.1039
0.1038
0.1037
0.1039
0.1037
0.1037
0.1038
0.1037
0.1036
0.1036
0.1037
0.1036
0.1035
0.1035
0.1034
0.1034
0.1035
0.1034
0.1033
0.1035
0.1034
0.1035
0.1035
0.1033
0.1035
0.1035
0.1035
0.1035
0.1036
0.1035
0.1036
0.1035
0.1038
0.1034
0.1037
0.1036
0.1036
0.1036
0.1036
0.1036
0.1038
0.1036
0.1036
0.1037
0.1037
0.1036
0.1036
0.1036
0.1036
0.1036
0.1038
0.1036
0.1036
0.1036
0.1037
0.1036
0.1037
0.1036
0.1038
0.1036
0.1036
0.1036
0.1036
0.1036
0.1038
0.1036
0.1037
0.1036
0.1037
0.1036
0.1037
0.1036
0.1036
0.1037
0.1036
0.1037
0.1036
0.1036
0.1037
0.1036
0.1036
0.1036
0.1035
0.1036
0.1036
0.1036
0.1035
0.1037
0.1036
0.1035
0.1036
0.1036
0.1036
0.1036
0.1035
0.1036
0.1038
0.1036
0.1036
0.1036
0.1036
0.1036
0.1038
0.1036
0.1036
0.1036
0.1037
0.1036
0.1037
0.1036
0.1036
0.1037
0.1037
0.1036
0.1036
0.1037
0.1035
0.1038
0.1036
0.1037
0.1038
0.1036
0.1038
0.1036
0.1037
0.1036
0.1037
0.1035
0.1038
0.1036
0.1037
0.1035
0.1036
0.1036
0.1034
0.1035
0.1035
0.1035
0.1034
0.1035
0.1034
0.1034
0.1035
0.1035
0.1035
0.1036
0.1035
0.1036
0.1036
0.1035
0.1044
0.1028
0.1036
0.1041
0.1031
0.1037
0.1037
0.1038
0.1035
0.1037
0.1039
0.1037
0.1038
0.1038
0.104
0.1039
0.104
0.1038
0.104
0.1039
0.104
0.1039
0.1038
0.1039
0.1037
0.1038
0.1042
0.1033
0.1037
0.1036
0.1037
0.1037
0.1036
0.1036
0.1036
0.1036
0.1038
0.1034
0.1038
0.1036
0.1036
0.1036
0.1038
0.1037
0.1038
0.1037
0.1037
0.1038
0.1038
0.1035
0.1038
0.1036
0.1037
0.1036
0.1038
0.1036
0.1036
0.1036
0.1037
0.1036
0.1036
0.1036
0.1036
0.1035
0.1036
0.1037
0.1036
0.1036
0.1036
0.1037
0.1036
0.1038
0.1037
0.1038
0.1037
0.1037
0.1038
0.1036
0.1038
0.1037
0.1036
0.1038
0.1035
0.1038
0.1036
0.1036
0.1035
0.1036
0.1036
0.1036
0.1034
0.1036
0.1036
0.1034
0.1036
0.1038
0.1036
0.1036
0.1038
0.1036
0.1038
0.1036
0.1035
0.1037
0.1036
0.1036
0.1035
0.1036
0.1035
0.1036
0.1036
0.1036
0.1035
0.1036
0.1038
0.1037
0.1036
0.1038
0.1037
0.1036
0.1038
0.1036
0.1037
0.1036
0.1038
0.1036
0.1036
0.1036
0.1036
0.1037
0.1036
0.1036
0.1036
0.1035
0.1035
0.1036
0.1036
0.1035
0.1036
0.1036
0.1036
0.1038
0.1036
0.1038
0.1036
0.1037
0.1037
0.1037
0.1036
0.1037
0.1036
0.1038
0.1036
0.1036
0.1037
0.1037
0.1036
0.1036
0.1036
0.1036
0.1036
0.1036
0.1037
0.1035
0.1037
0.1036
0.1036
0.1038
0.1037
0.1036
0.1038
0.1036
0.1037
0.1036
0.1038
0.1037
0.1036
0.1037
0.1037
0.1036
0.1036
0.1036
0.1036
0.1037
0.1036
0.1036
0.1036
0.1035
0.1036
0.1036
0.1036
0.1035
0.1037
0.1036
0.1036
0.1037
0.1036
0.1038
0.1037
0.1036
0.1038
0.1036
0.1036
0.1037
0.1037
0.1037
0.1036
0.1037
0.1037
0.1036
0.1036
0.1036
0.1036
0.1038
0.1036
0.1036
0.1037
0.1037
0.1037
0.1037
0.1037
0.1037
0.1037
0.1037
0.1036
0.1036
0.1036
0.1035
0.1034
0.1033
0.1033
0.1033
0.1034
0.1034
0.1035
0.1034
0.1035
0.1036
0.1037
0.1036
0.1037
0.1038
0.1037
0.1038
0.1038
0.1039
0.104
0.1038
0.1039
0.104
0.1039
0.1038
0.1038
0.1038
0.1038
0.1037
0.1037
0.1037
0.1037
0.1036
0.1036
0.1037
0.1037
0.1036
0.1036
0.1036
0.1036
0.1038
0.1036
0.1038
0.1037
0.1035
0.1037
0.1037
0.1037
0.1037
0.1037
0.1037
0.1038
0.1037
0.1037
0.1037
0.1036
0.1038
0.1036
0.1037
0.1037
0.1037
0.1038
0.1036
0.1036
0.1035
0.1037
0.1036
0.1036
0.1038
0.1036
0.1039
0.1033
0.1036
0.1038
0.1036
0.1036
0.1036
0.1038
0.1036
0.1036
0.1037
0.1036
0.1038
0.1037
0.1036
0.1037
0.1036
0.1037
0.1036
0.1036
0.1037
0.1036
0.1036
0.1037
0.1036
0.1039
0.1036
0.1038
0.1037
0.1038
0.1037
0.1036
0.1037
0.1037
0.1037
0.1037
0.1038
0.1036
0.1038
0.1038
0.1037
0.1038
0.1038
0.1038
0.1036
0.1037
0.1037
0.1036
0.1037
0.1038
0.1036
0.1036
0.1037
0.1036
0.1038
0.1036
0.1034
0.104
0.1033
0.1036
0.1038
0.1036
0.1036
0.1036
0.1036
0.1037
0.1036
0.1036
0.1035
0.1037
0.1035
0.1037
0.1035
0.1037
0.1036
0.1036
0.1035
0.1036
0.1035
0.1036
0.1035
0.1035
0.1036
0.1035
0.1035
0.1035
0.1035
0.1034
0.1037
0.1035
0.1035
0.1034
0.1037
0.1034
0.1035
0.1035
0.1041
0.1029
0.1035
0.1036
0.1035
0.1035
0.1035
0.1036
0.1035
0.1037
0.1038
0.1036
0.1037
0.1039
0.1039
0.1038
0.1039
0.1039
0.1039
0.1038
0.1037
0.1038
0.1037
0.1039
0.1037
0.1038
0.1038
0.1038
0.1037
0.1038
0.1038
0.1037
0.1038
0.1037
0.1038
0.1037
0.1036
0.1038
0.1036
0.1036
0.1037
0.1035
0.1038
0.1036
0.1037
0.1036
0.1036
0.1037
0.1036
0.1036
0.1037
0.1037
0.1036
0.1036
0.1036
0.1036
0.1036
0.1038
0.1037
0.1035
0.1037
0.1037
0.1036
0.1037
0.1036
0.1039
0.1035
0.1036
0.1037
0.1035
0.1037
0.1036
0.1036
0.1036
0.1036
0.1036
0.1036
0.1035
0.1036
0.1038
0.1036
0.1036
0.1037
0.1036
0.1037
0.1036
0.1037
0.1038
0.1036
0.1036
0.1036
0.1038
0.1036
0.1037
0.1036
0.1037
0.1037
0.1036
0.1036
0.1038
0.1036
0.1036
0.1037
0.1037
0.1036
0.1037
0.1036
0.1038
0.1036
0.1037
0.1036
0.1037
0.1036
0.1037
0.1036
0.1038
0.1036
0.1036
0.1037
0.1035
0.1036
0.1037
0.1036
0.1037
0.1037
0.1038
0.1036
0.1037
0.1038
0.1035
0.1037
0.1036
0.1037
0.1037
0.1038
0.1036
0.1037
0.1037
0.1036
0.1038
0.1036
0.1036
0.1038
0.1036
0.1036
0.1037
0.1035
0.1036
0.1036
0.1037
0.1036
0.1036
0.1036
0.1035
0.1036
0.1036
0.1034
0.1036
0.1033
0.1033
0.1036
0.1034
0.1032
0.1035
0.1032
0.1033
0.1033
0.1034
0.1033
0.1034
0.1033
0.1035
0.1035
0.1035
0.1035
0.1035
0.1037
0.1036
0.1038
0.1037
0.1037
0.1039
0.1039
0.104
0.1041
0.1041
0.104
0.1041
0.104
0.104
0.104
0.104
0.1038
0.1039
0.1037
0.1039
0.1037
0.1037
0.1037
0.1036
0.1036
0.1037
0.1036
0.1036
0.1036
0.1038
0.1035
0.1038
0.1037
0.1037
0.1037
0.1049
0.1024
0.1039
0.1035
0.1038
0.1036
0.1037
0.1036
0.1036
0.1036
0.1034
0.1036
0.1035
0.1036
0.1035
0.1036
0.1036
0.1037
0.1036
0.1036
0.1037
0.1037
0.1037
0.1036
0.1037
0.1037
0.1036
0.1037
0.1036
0.1038
0.1036
0.1037
0.1036
0.1038
0.1038
0.1036
0.1037
0.1037
0.1036
0.1037
0.1037
0.1036
0.1038
0.1034
0.1038
0.1036
0.1036
0.1036
0.1038
0.1036
0.1037
0.1037
0.1037
0.1036
0.1036
0.1037
0.1037
0.1037
0.1036
0.1036
0.1039
0.1036
0.1036
0.1036
0.1038
0.1036
0.1036
0.1038
0.1036
0.1037
0.1036
0.1038
0.1036
0.1037
0.1036
0.1038
0.1037
0.1038
0.1037
0.1036
0.1038
0.1037
0.1036
0.1037
0.1037
0.1036
0.1036
0.1037
0.1037
0.1036
0.1037
0.1037
0.1036
0.1037
0.1036
0.1036
0.1036
0.1037
0.1036
0.1036
0.1035
0.1036
0.1035
0.1035
0.1036
0.1036
0.1035
0.1036
0.1036
0.1036
0.1037
0.1036
0.1036
0.1036
0.1038
0.1036
0.1037
0.1038
0.1037
0.1037
0.1038
0.1037
0.1036
0.1038
0.1037
0.1036
0.1038
0.1036
0.1037
0.1036
0.1038
0.1036
0.1036
0.1037
0.1037
0.1037
0.1036
0.1036
0.1036
0.1036
0.1037
0.1036
0.1037
0.1037
0.1036
0.1036
0.1037
0.1036
0.1038
0.1036
0.1036
0.1037
0.1037
0.1036
0.1036
0.1036
0.1038
0.1037
0.1035
0.1037
0.1036
0.1037
0.1036
0.1035
0.1035
0.1034
0.1035
0.1035
0.1035
0.1035
0.1036
0.1035
0.1036
0.1036
0.1042
0.1032
0.1038
0.1037
0.1038
0.104
0.1038
0.1039
0.1041
0.1035
0.1039
0.1037
0.1041
0.1033
0.1038
0.1037
0.1036
0.1041
0.1034
0.1037
0.1037
0.1037
0.1036
0.1038
0.1036
0.1037
0.1036
0.1038
0.1036
0.1036
0.1036
0.1037
0.1037
0.1036
0.1036
0.1036
0.1037
0.1037
0.1035
0.1037
0.1036
0.1036
0.1038
0.1037
0.1036
0.1038
0.1037
0.1036
0.1038
0.1036
0.1036
0.1036
0.1036
0.1038
0.1036
0.1036
0.1037
0.1036
0.1037
0.1037
0.1036
0.1036
0.1037
0.1036
0.1037
0.1036
0.1036
0.1037
0.1036
0.1036
0.1038
0.1035
0.1038
0.1036
0.1037
0.1037
0.1037
0.1036
0.1036
0.1037
0.1037
0.1038
0.1037
0.1039
0.1037
0.1038
0.1039
0.1036
0.1039
0.1038
0.1038
0.1038
0.1037
0.1039
0.1039
0.1039
0.1038
0.1038
0.1039
0.1037
0.1037
0.1037
0.1036
0.1036
0.1036
0.1036
0.1036
0.1037
0.1036
0.1036
0.1036
0.1036
0.1035
0.1035
0.1034
0.1035
0.1035
0.1033
0.1032
0.1036
0.1031
0.1033
0.1035
0.1034
0.1035
0.1035
0.1034
0.1035
0.1037
0.1036
0.1036
0.1036
0.1037
0.1035
0.1036
0.1038
0.1036
0.1037
0.104
0.1033
0.1037
0.1037
0.1036
0.1037
0.1037
0.1035
0.1036
0.1036
0.1037
0.1035
0.1036
0.1036
0.1037
0.1036
0.1037
0.1036
0.1036
0.1037
0.1035
0.1038
0.1036
0.1036
0.1037
0.1036
0.1037
0.1036
0.1037
0.1036
0.1037
0.1036
0.1036
0.1036
0.1036
0.1037
0.1037
0.1036
0.1036
0.1036
0.1039
0.1036
0.1036
0.1037
0.1035
0.1038
0.1036
0.1036
0.1037
0.1036
0.1037
0.1036
0.1036
0.1039
0.1035
0.1036
0.1036
0.1036
0.1041
0.1032
0.1037
0.1038
0.1035
0.1035
0.1038
0.1036
0.1037
0.1038
0.1036
0.1037
0.1038
0.1036
0.1037
0.1036
0.1038
0.1036
0.1036
0.1036
0.1037
0.1036
0.1036
0.1036
0.1036
0.1036
0.1036
0.1038
0.1036
0.1036
0.1037
0.1037
0.1037
0.1036
0.1038
0.1036
0.1036
0.1037
0.1036
0.1038
0.1036
0.1036
0.1038
0.1036
0.1036
0.1037
0.1037
0.1037
0.1036
0.1038
0.1036
0.1036
0.1036
0.1037
0.1036
0.1037
0.1036
0.1036
0.1036
0.1036
0.1038
0.1036
0.1036
0.1036
0.1036
0.1038
0.1036
0.1036
0.1035
0.1036
0.1036
0.1037
0.1035
0.1038
0.1036
0.1038
0.1037
0.1037
0.1038
0.1037
0.1037
0.1038
0.1037
0.1038
0.1037
0.1037
0.1037
0.1037
0.1036
0.1038
0.1036
0.1035
0.1036
0.1037
0.1035
0.1036
0.1035
0.1037
0.1036
0.1036
0.1036
0.1036
0.1037
0.1037
0.1037
0.1036
0.1038
0.1037
0.1036
0.1036
0.1037
0.1037
0.1036
0.1036
0.1037
0.1038
0.1037
0.1036
0.1037
0.1036
0.1037
0.1036
0.1038
0.1036
0.1036
0.1038
0.1036
0.1037
0.1036
0.1036
0.1036
0.1037
0.1036
0.1036
0.1036
0.1037
0.1035
0.1035
0.1037
0.104
0.1034
0.1034
0.1037
0.1037
0.1036
0.1036
0.1037
0.1038
0.1036
0.1038
0.1038
0.1039
0.1038
0.104
0.104
0.1041
0.1041
0.1041
0.1043
0.1041
0.1043
0.1039
0.1042
0.1043
0.1037
0.1044
0.1035
0.1036
0.1038
0.1036
0.1037
0.1037
0.1034
0.1037
0.1037
0.1038
0.1035
0.1033
0.1034
0.1034
0.1035
0.1033
0.1033
0.1033
0.1032
0.1031
0.1033
0.1033
0.1034
0.1035
0.1034
0.1036
0.1035
0.1036
0.1036
0.1036
0.1036
0.1037
0.1038
0.1036
0.1036
0.1038
0.1036
0.1036
0.1037
0.1036
0.1037
0.1037
0.1038
0.1036
0.1037
0.1036
0.1036
0.1038
0.1036
0.1036
0.1036
0.1036
0.1038
0.1037
0.1036
0.1038
0.1036
0.1037
0.1036
0.1037
0.1037
0.1038
0.1035
0.1036
0.1037
0.1036
0.1036
0.1036
0.1036
0.1037
0.1037
0.1037
0.1036
0.1037
0.1037
0.1036
0.1036
0.1037
0.1037
0.1037
0.1037
0.1037
0.1036
0.1036
0.1037
0.1036
0.1036
0.1036
0.1036
0.1036
0.1036
0.1038
0.1036
0.1036
0.1038
0.1036
0.1037
0.1036
0.1038
0.1037
0.1037
0.1037
0.1036
0.1036
0.1036
0.1038
0.1036
0.1036
0.1037
0.1038
0.1036
0.1036
0.1037
0.1037
0.1036
0.1037
0.1036
0.1038
0.1036
0.1039
0.1034
0.1038
0.1035
0.1037
0.1035
0.1036
0.1036
0.1037
0.1036
0.1036
0.1037
0.1036
0.1038
0.1036
0.1037
0.1036
0.1038
0.1036
0.1037
0.1036
0.1038
0.1036
0.1036
0.1036
0.1038
0.1036
0.1037
0.1038
0.1037
0.1037
0.1038
0.1037
0.1039
0.1039
0.1037
0.1038
0.1037
0.1036
0.1037
0.1039
0.1037
0.1038
0.1038
0.1038
0.1037
0.1038
0.1037
0.1038
0.1037
0.1037
0.1038
0.1037
0.1038
0.1036
0.1037
0.1038
0.1037
0.1037
0.1038
0.1036
0.1036
0.1037
0.1037
0.1035
0.1033
0.1035
0.1032
0.1034
0.1033
0.1034
0.1033
0.1034
0.1035
0.1032
0.1034
0.1033
0.1035
0.1035
0.1035
0.1035
0.1036
0.1035
0.1036
0.1036
0.1036
0.1035
0.1036
0.1037
0.1034
0.1037
0.1036
0.1036
0.1037
0.1037
0.1036
0.1037
0.1036
0.1036
0.1037
0.1037
0.1036
0.1037
0.1037
0.1036
0.1037
0.1036
0.1038
0.1036
0.1036
0.1037
0.1037
0.1036
0.1036
0.1036
0.1037
0.1037
0.1036
0.1036
0.1036
0.1036
0.1038
0.1036
0.1036
0.1038
0.1036
0.1037
0.1036
0.1036
0.1038
0.1036
0.1037
0.1036
0.1037
0.1036
0.1036
0.1037
0.1036
0.1035
0.1038
0.1036
0.1036
0.1036
0.1036
0.1038
0.1036
0.1036
0.1036
0.1036
0.1038
0.1038
0.1036
0.1036
0.1037
0.1036
0.1038
0.1037
0.1039
0.1037
0.1039
0.1038
0.1039
0.1041
0.1039
0.104
0.1041
0.104
0.1041
0.1041
0.104
0.104
0.1038
0.1039
0.1037
0.1039
0.1038
0.1036
0.1037
0.1034
0.1035
0.1035
0.1034
0.1034
0.1035
0.1035
0.1035
0.1035
0.1036
0.1036
0.1036
0.1036
0.1037
0.1035
0.1036
0.1036
0.1037
0.1035
0.1036
0.1036
0.1036
0.1035
0.1037
0.1036
0.1036
0.1035
0.1036
0.1035
0.1036
0.1036
0.1035
0.1035
0.1035
0.1036
0.1036
0.1035
0.1037
0.1037
0.1036
0.1036
0.1036
0.1036
0.1036
0.1037
0.1036
0.1036
0.1037
0.1036
0.1038
0.1036
0.1037
0.1037
0.1037
0.1036
0.1042
0.103
0.1036
0.1035
0.1037
0.1036
0.1037
0.1036
0.1036
0.1039
0.1034
0.1037
0.1036
0.1041
0.1036
0.1033
0.1036
0.1036
0.1038
0.1036
0.1036
0.1035
0.1036
0.1038
0.1036
0.1036
0.1037
0.1036
0.1037
0.1036
0.1037
0.1036
0.1038
0.1036
0.1037
0.1036
0.1037
0.1036
0.1035
0.1036
0.1035
0.1036
0.1035
0.1035
0.1036
0.1035
0.1035
0.1033
0.1034
0.1034
0.1032
0.1032
0.1033
0.1033
0.1033
0.1034
0.1033
0.1034
0.1039
0.1031
0.1036
0.1035
0.1038
0.1037
0.1037
0.1038
0.1038
0.1039
0.1039
0.104
0.104
0.104
0.104
0.104
0.1039
0.1039
0.1038
0.1039
0.1037
0.1039
0.1036
0.1037
0.1036
0.1038
0.1039
0.1033
0.1036
0.1038
0.1039
0.1033
0.1037
0.1037
0.1036
0.1038
0.1035
0.1038
0.1037
0.1036
0.1036
0.1038
0.1036
0.1037
0.1037
0.1036
0.1036
0.1036
0.1036
0.1036
0.1038
0.1036
0.1036
0.1036
0.1038
0.1036
0.1037
0.1036
0.1036
0.1038
0.1036
0.1036
0.1037
0.1035
0.1037
0.1036
0.1037
0.1036
0.1036
0.1037
0.1037
0.1036
0.1036
0.1038
0.1036
0.1036
0.1035
0.1037
0.1036
0.1037
0.1036
0.1036
0.1036
0.1036
0.1035
0.1038
0.1035
0.1036
0.1036
0.1036
0.1036
0.1036
0.1037
0.1035
0.1035
0.1037
0.1035
0.1036
0.1036
0.1035
0.1036
0.1038
0.1034
0.1038
0.1037
0.1035
0.104
0.1033
0.1036
0.1036
0.1036
0.1037
0.1036
0.1036
0.1037
0.1036
0.1038
0.1035
0.1037
0.1035
0.1037
0.1036
0.1037
0.1036
0.1038
0.1036
0.1037
0.1037
0.1036
0.1036
0.1037
0.1036
0.1035
0.1038
0.1038
0.1034
0.1038
0.1036
0.1036
0.1037
0.1036
0.1038
0.1036
0.1038
0.1035
0.1037
0.1037
0.1036
0.1038
0.1036
0.1037
0.1036
0.1038
0.1036
0.1037
0.1036
0.1038
0.1038
0.1039
0.1036
0.1039
0.1039
0.104
0.1039
0.1039
0.1039
0.104
0.1038
0.1037
0.1038
0.1038
0.1038
0.1036
0.1039
0.1036
0.1037
0.1037
0.1036
0.1036
0.1036
0.1036
0.1041
0.1032
0.1035
0.1036
0.1036
0.1036
0.1035
0.1035
0.1033
0.1035
0.1034
0.1034
0.1033
0.1034
0.1035
0.1033
0.1036
0.1035
0.1036
0.1034
0.1037
0.1034
0.1037
0.1035
0.1034
0.1037
0.1036
0.1036
0.1036
0.1037
0.1036
0.1037
0.1035
0.1036
0.1036
0.1036
0.1036
0.1036
0.1037
0.1036
0.1036
0.1036
0.1036
0.1036
0.1037
0.1037
0.1036
0.1036
0.1038
0.1036
0.1036
0.1036
0.1038
0.1036
0.1036
0.1036
0.1037
0.1037
0.1036
0.1037
0.1036
0.1038
0.1035
0.1036
0.1037
0.1041
0.1033
0.1036
0.1037
0.1036
0.1037
0.1037
0.1056
0.102
0.1034
0.1037
0.1036
0.1037
0.1037
0.1037
0.1038
0.104
0.1036
0.1053
0.102
0.1039
0.1038
0.1037
0.1037
0.1038
0.1038
0.1036
0.1037
0.1037
0.1037
0.1037
0.1036
0.1037
0.1038
0.1035
0.1039
0.1035
0.1035
0.104
0.1031
0.1038
0.1033
0.1035
0.1035
0.1035
0.1035
0.1035
0.1035
0.1034
0.1037
0.1033
0.1035
0.1034
0.1033
0.1034
0.1035
0.1034
0.1032
0.1034
0.1032
0.1034
0.1032
0.1034
0.1034
0.1032
0.1034
0.1032
0.1034
0.1033
0.1033
0.1039
0.1028
0.1033
0.1033
0.1037
0.1032
0.1037
0.1034
0.1035
0.1037
0.1034
0.1036
0.1036
0.1038
0.1036
0.1038
0.1038
0.1039
0.1039
0.1039
0.104
0.1041
0.104
0.1039
0.104
0.104
0.1042
0.1037
0.1039
0.1038
0.1038
0.1037
0.1038
0.1037
0.1038
0.1037
0.1036
0.1037
0.1036
0.1037
0.1036
0.1036
0.1036
0.1038
0.1036
0.1037
0.1037
0.1037
0.1036
0.1036
0.1038
0.1036
0.1037
0.1036
0.1037
0.1037
0.1036
0.1037
0.1036
0.1037
0.1037
0.1036
0.1035
0.1039
0.1033
0.1039
0.1035
0.1036
0.1037
0.1037
0.1035
0.1036
0.1036
0.1036
0.1036
0.1036
0.1037
0.1037
0.1036
0.1036
0.1036
0.1038
0.1036
0.1036
0.1037
0.1036
0.1038
0.1037
0.1038
0.1036
0.1037
0.1038
0.1036
0.1037
0.1036
0.1037
0.1036
0.1037
0.1036
0.1036
0.1038
0.1036
0.1037
0.1037
0.1037
0.1037
0.1036
0.1038
0.1036
0.1036
0.1036
0.1038
0.1037
0.1037
0.1037
0.1038
0.1036
0.1039
0.1038
0.1038
0.1036
0.1039
0.1038
0.1037
0.1037
0.1038
0.1036
0.1036
0.1036
0.1036
0.1035
0.1036
0.1035
0.1035
0.1035
0.1034
0.1032
0.1033
0.1032
0.1031
0.1032
0.1033
0.1032
0.1034
0.1034
0.1033
0.1035
0.1035
0.1035
0.1037
0.1035
0.1036
0.1037
0.1036
0.1036
0.1036
0.1036
0.1038
0.1036
0.1036
0.1038
0.1035
0.1038
0.1036
0.1038
0.1036
0.1037
0.1042
0.103
0.1038
0.1037
0.1037
0.1035
0.1038
0.1036
0.1036
0.1036
0.1037
0.1036
0.1037
0.1036
0.1036
0.1038
0.1037
0.1036
0.1037
0.1036
0.1037
0.1036
0.1036
0.1037
0.1036
0.1036
0.1037
0.1038
0.1038
0.1034
0.1037
0.1038
0.1036
0.1036
0.1037
0.1037
0.1037
0.1036
0.1037
0.1036
0.1036
0.1036
0.1036
0.1036
0.1038
0.1036
0.1036
0.1036
0.1036
0.1037
0.1037
0.1037
0.1036
0.1038
0.1036
0.1037
0.1036
0.1038
0.1036
0.1036
0.1037
0.1037
0.1036
0.1036
0.1038
0.1035
0.1038
0.1038
0.1036
0.1035
0.1038
0.1037
0.1035
0.1035
0.1038
0.1033
0.1035
0.1036
0.1036
0.1034
0.1034
0.1032
0.1033
0.1032
0.1031
0.1031
0.1033
0.1035
0.103
0.1034
0.1033
0.1035
0.1032
0.1035
0.1034
0.1035
0.1035
0.1036
0.1036
0.1037
0.1039
0.104
0.104
0.1042
0.1041
0.1042
0.1043
0.1042
0.1043
0.1042
0.1041
0.1041
0.1039
0.1041
0.1038
0.104
0.1038
0.104
0.1037
0.1038
0.1038
0.1037
0.1038
0.1037
0.1036
0.1036
0.1037
0.1037
0.1036
0.1036
0.1037
0.1036
0.1037
0.1037
0.1036
0.1037
0.1036
0.1036
0.1036
0.1036
0.1036
0.1036
0.1036
0.1037
0.1036
0.1037
0.1036
0.1036
0.1037
0.1036
0.1037
0.1036
0.1038
0.1036
0.1036
0.1037
0.1037
0.1037
0.1036
0.1036
0.1038
0.1036
0.1037
0.1036
0.1037
0.1037
0.1036
0.1036
0.1038
0.1036
0.1037
0.1036
0.1035
0.1036
0.1036
0.1034
0.1036
0.1035
0.1037
0.1036
0.1037
0.1037
0.1037
0.1039
0.1037
0.1035
0.1037
0.1037
0.104
0.1034
0.1039
0.1036
0.1037
0.1038
0.1036
0.104
0.1032
0.1038
0.1036
0.1037
0.1037
0.1038
0.1036
0.1038
0.1036
0.1036
0.1036
0.1035
0.1036
0.1036
0.1036
0.1035
0.1036
0.1035
0.1035
0.1036
0.1035
0.1036
0.1036
0.1037
0.1037
0.1037
0.1036
0.1036
0.1037
0.1036
0.1036
0.1038
0.1043
0.103
0.1037
0.1036
0.1037
0.1036
0.1035
0.1037
0.1037
0.1036
0.1037
0.1036
0.1038
0.1037
0.1035
0.1038
0.1036
0.1036
0.1037
0.1036
0.1037
0.1036
0.1037
0.1036
0.1038
0.1036
0.1036
0.1037
0.1035
0.1036
0.1037
0.1037
0.1035
0.1037
0.1036
0.1037
0.1036
0.1037
0.1036
0.1036
0.1038
0.1036
0.1036
0.1036
0.1036
0.1037
0.1037
0.1036
0.1036
0.1036
0.1037
0.1036
0.1037
0.1037
0.1037
0.1037
0.1036
0.1037
0.1037
0.1036
0.1037
0.1037
0.1037
0.1036
0.1036
0.1036
0.1037
0.1036
0.1036
0.1036
0.1037
0.1036
0.1038
0.1037
0.1036
0.1038
0.1037
0.1039
0.1037
0.1036
0.1038
0.1037
0.1037
0.1036
0.1036
0.1036
0.1035
0.1036
0.1035
0.1036
0.1036
0.1035
0.1036
0.1037
0.1034
0.1036
0.1035
0.1035
0.1036
0.1037
0.1036
0.1037
0.1036
0.1038
0.1036
0.1038
0.1038
0.1037
0.1038
0.1038
0.1038
0.1036
0.1038
0.1037
0.1036
0.1037
0.1037
0.1038
0.1035
0.1037
0.1037
0.1036
0.1037
0.1036
0.1035
0.1037
0.1035
0.1035
0.1037
0.1034
0.1034
0.1035
0.1034
0.1033
0.1035
0.1034
0.1035
0.1032
0.1035
0.1033
0.1034
0.1034
0.1034
0.1033
0.1035
0.1034
0.1035
0.1035
0.1035
0.1035
0.1034
0.1037
0.1035
0.1036
0.1037
0.1036
0.1038
0.1038
0.1039
0.1037
0.1039
0.1037
0.1039
0.1037
0.1038
0.1038
0.1038
0.1037
0.1038
0.1038
0.1039
0.1039
0.1038
0.1039
0.1038
0.1037
0.1036
0.1037
0.1037
0.1036
0.1036
0.1035
0.1036
0.1036
0.1036
0.1035
0.1036
0.1037
0.1036
0.1036
0.1036
0.1036
0.1036
0.1038
0.1036
0.1036
0.1036
0.1036
0.1036
0.1037
0.1036
0.1035
0.1036
0.1036
0.1036
0.1037
0.1036
0.1036
0.1036
0.1036
0.1036
0.1036
0.1037
0.1035
0.1038
0.1036
0.1036
0.1036
0.1036
0.1037
0.1036
0.1036
0.1036
0.1036
0.1036
0.1037
0.1036
0.1036
0.1036
0.1036
0.1036
0.1037
0.1034
0.1037
0.1036
0.1036
0.1036
0.1036
0.1036
0.1037
0.1036
0.1035
0.1036
0.1036
0.1035
0.1036
0.1036
0.1036
0.1037
0.1035
0.1035
0.1037
0.1037
0.1036
0.1037
0.1035
0.1037
0.1036
0.1036
0.1043
0.103
0.1035
0.1037
0.1036
0.1036
0.1036
0.1036
0.1036
0.1038
0.1036
0.1036
0.1036
0.1036
0.1037
0.1036
0.1036
0.1038
0.1035
0.1035
0.1037
0.1036
0.1036
0.1037
0.1035
0.1036
0.1036
0.1037
0.1037
0.1036
0.1036
0.1036
0.1037
0.1036
0.1036
0.1036
0.1035
0.1036
0.1036
0.1035
0.1036
0.1036
0.1038
0.1036
0.1036
0.1036
0.1037
0.1036
0.1036
0.1038
0.1035
0.1036
0.1037
0.1037
0.1036
0.1036
0.1037
0.1036
0.1036
0.1036
0.1036
0.1035
0.1036
0.1036
0.1037
0.1036
0.1036
0.1036
0.1035
0.1036
0.1036
0.1037
0.1036
0.1036
0.1036
0.1036
0.1037
0.1037
0.1036
0.1037
0.1036
0.1038
0.1036
0.1036
0.1037
0.1037
0.1036
0.1036
0.1036
0.1036
0.1036
0.1036
0.1037
0.1036
0.1036
0.1036
0.1035
0.1036
0.1036
0.1035
0.1036
0.1037
0.1036
0.1036
0.1036
0.1036
0.1036
0.1036
0.1038
0.1036
0.1036
0.1036
0.1036
0.1038
0.1036
0.1036
0.1037
0.1037
0.1037
0.1036
0.1037
0.1036
0.1037
0.1036
0.1037
0.1037
0.1036
0.1036
0.1037
0.1037
0.1036
0.1036
0.1035
0.1036
0.1036
0.1036
0.1038
0.1036
0.1036
0.1036
0.1038
0.1036
0.1036
0.1037
0.1036
0.1038
0.1036
0.1037
0.1036
0.1038
0.1036
0.1036
0.1035
0.1036
0.1037
0.1036
0.1036
0.1036
0.1036
0.1036
0.1037
0.1037
0.1036
0.1037
0.1036
0.1037
0.1036
0.1037
0.1036
0.1037
0.1036
0.1036
0.1036
0.1036
0.1037
0.1035
0.1037
0.1036
0.1036
0.1036
0.1035
0.1036
0.1036
0.1036
0.1037
0.1036
0.1036
0.1036
0.1036
0.1036
0.1036
0.1037
0.1038
0.1034
0.1035
0.1036
0.1036
0.1036
0.1036
0.1037
0.1036
0.1036
0.1036
0.1037
0.1037
0.1036
0.1036
0.1037
0.1035
0.1036
0.1038
0.1036
0.1036
0.1036
0.1038
0.1036
0.1036
0.1036
0.1036
0.1038
0.1036
0.1036
0.1036
0.1036
0.1037
0.1037
0.1035
0.1037
0.1037
0.1034
0.1038
0.1036
0.1036
0.1036
0.1036
0.1036
0.1038
0.1036
0.1036
0.1036
0.1038
0.1036
0.1036
0.1036
0.1036
0.1036
0.1038
0.1036
0.1036
0.1036
0.1037
0.1036
0.1036
0.1036
0.1036
0.1037
0.1035
0.1038
0.1036
0.1036
0.1036
0.1036
0.1038
0.1036
0.1036
0.1036
0.1038
0.1036
0.1036
0.1036
0.1036
0.1038
0.1036
0.1037
0.1036
0.1037
0.1036
0.1036
0.1037
0.1035
0.1036
0.1036
0.1039
0.1033
0.1036
0.1035
0.1035
0.1036
0.1035
0.1035
0.1035
0.1035
0.1036
0.1035
0.1036
0.1035
0.1036
0.1035
0.1037
0.1036
0.1037
0.1038
0.1039
0.1036
0.1038
0.1035
0.1038
0.1037
0.1037
0.1039
0.1039
0.1038
0.104
0.1043
0.1037
0.1039
0.1038
0.1039
0.1038
0.1037
0.1037
0.1038
0.1038
0.1035
0.1036
0.1037
0.1036
0.1035
0.1036
0.1036
0.1036
0.1038
0.1034
0.1038
0.1036
0.1036
0.1036
0.1036
0.1038
0.1036
0.1036
0.1036
0.1035
0.1036
0.1035
0.1035
0.1035
0.1035
0.1035
0.1035
0.1036
0.1035
0.1035
0.1036
0.1035
0.1035
0.1035
0.1036
0.1035
0.1035
0.1036
0.1036
0.1035
0.1034
0.1036
0.1036
0.1036
0.1036
0.1036
0.1036
0.1036
0.1035
0.1037
0.1036
0.1036
0.1038
0.1036
0.1038
0.1038
0.1038
0.1036
0.1039
0.1037
0.1038
0.1038
0.1038
0.1037
0.1038
0.1036
0.1037
0.1036
0.1038
0.1036
0.1037
0.1037
0.1035
0.1036
0.1036
0.1037
0.1036
0.1036
0.1037
0.1037
0.1036
0.1038
0.1036
0.1036
0.1037
0.1036
0.1037
0.1036
0.1037
0.1036
0.1037
0.1038
0.1035
0.1036
0.1036
0.1036
0.1037
0.1036
0.1037
0.1036
0.1035
0.1036
0.1037
0.1036
0.1036
0.1036
0.1036
0.1036
0.1036
0.1037
0.1036
0.1037
0.1036
0.1036
0.1038
0.1036
0.1036
0.1038
0.1036
0.1036
0.1036
0.1036
0.1035
0.1037
0.1036
0.1036
0.1036
0.1037
0.1036
0.1038
0.1036
0.1037
0.1037
0.1037
0.1036
0.1036
0.1036
0.1036
0.1037
0.1036
0.1037