10360
10320
10090
10121
9928
9857
9968
10086
10263
10427
10434
10259
10222
10248
10153
10104
10155
10312
10217
10115
10190
10021
9472
9293
9077
9043
9277
9211
9327
9493
9616
9747
9548
9442
9455
9536
9602
9582
9444
9535
9476
9110
8884
8406
7971
8003
8260
8801
9078
9013
8777
8329
8197
7883
7818
7676
7743
7787
7901
7773
7569
7502
7850
8119
8179
8364
8166
8343
8291
8162
8197
8019
7828
7563
7513
7408
7278
7151
7202
7038
6835
6960
7213
7337
7412
7442
7510
7693
7771
7726
7880
8084
8413
8642
8749
9076
9446
9685
9812
10105
10305
10237
10510
10341
10335
10289
10449
10506
10597
10590
10681
10492
10038
9593
8642
7730
7982
8435
8455
6934
6092
6620
6800
6967
7311
7694
7836
8174
8464
8988
9012
9613
9562
9494
9235
8951
9215
9219
9344
9759
9835
9896
9870
10181
10212
10022
9741
9541
9377
9556
9456
9328
8977
8649
8124
7911
8025
8077
8427
8757
9023
9157
9475
9663
9695
9754
9897
9921
10146
9908
9926
9960
9909
9888
9741
9812
9834
9921
10009
9612
9644
9352
9571
9236
9054
8896
8509
7630
6784
6411
6456
6695
7016
7545
7895
7964
8224
8688
9090
9638
9838
10005
10174
10458
10690
11027
11396
11511
11702
11664
11796
11897
12153
12331
12322
12386
12295
12132
11889
11891
11806
11674
11491
11163
10684
10249
10115
9967
9881
10037
9851
9799
10224
10555
10627
10512
10330
10322
10432
10628
10655
10073
10358
10346
10042
10266
10477
10699
10669
10814
10832
10886
10653
10596
10379
10171
9891
9601
9398
9061
9022
9059
8580
8385
7829
7826
7372
7028
7413
8009
8376