6603
6696
6678
6783
6916
7036
7141
7302
7556
7728
8032
8273
8466
8661
8919
9338
9628
9698
9876
9982
10096
10071
10213
10198
10192
10015
9895
9980
9805
9808
9171
8465
7982
8100
8162
7772
6948
6638
6388
6573
6687
6917
7192
7325
7698
7795
7961
7708
8057
8447
8714
8833
8695
8698
8774
8237
7612
7617
7515
7338
6969
6810
6644
7219
7629
8010
7863
7863
7809
7662
7964
7997
8350
8765
8840
9059
8909
8767
8676
8917
9023
9311
9590
9230
9038
8978
8852
9158
8607
8983
8633
8880
8597
8541
8319
8630
8303
8278
8509
8691
9206
9209
9336
8976
8150
8460
8430
8566
8360
7889
7651
7587
7683
7965
7887
7663
7680
7604
7213
7325
7365
7423
7535
7757
7974
7917
8058
8132
8590
8836
9480
9993
10331
10242
10160
10093
10377
10585
9513
8601
7862
7882
7995
8667
9207
8336
8632
8961
9771
10655
11375
11591
11504
11509
11483
11546
11258
10936
11124
11133
11251
11256
11344
11637
11806
11962
12002
11984
11857
11345
11116
10776
10542
10004
9477
9050
8611
8166
7765
6707
6447
5980
5638
5387
5447
5143
5191
5517
7033
9034
9934
10592
11134
11637
11805
11836
12124
12093
11732
11406
10953
10664
10236
10159
10471
11141
10811
11076
10982
10866
10778
10557
10746
11473
11767
12245
12421
12505
11994
11859
11783
11746
11836
11944
12035
12333
12417
12844
12758
12399
12128
12037
12074
12119
12306
12459
12222
12051
11263
9679
8165
7403
7644
8600
9394
10241
10623
10665
10692
11129
11655
12092
12157
12310
12434
12387
12260
12182
12289
12254
12142
11923
11662
11339
11552
11362
11310
11150
10880
10322
10434
9825
8992
8446
8189
7700
7912
8324
8511
7938
7292
7298
7510
7595
8190
8754
9244
9599
9754
9844
10047
10203
10255
10226
10452
10504
10530
10618
10660
10624
10650
10667
10661
10787
10908
11149
11303
11423
11554
11613
11545
11519
11579
11508
11481
11521
11456
11384
11220
10963
10705
10485
10355
10201
10006
9814
9617
9471
9304
9047
9410
9734
10076
10488
10662
10780
10670
10539
10212
10508
10129
8867
9630
9050
8791
8456
8350
8167
8321
7977
8078
7929
8289
8033
8108
8033
7974
8198
8354
8154
8479
8600
8717
8901
8994
9106
9191
9290
9306
9502
9801
9952
9925
9999
10227
10247
10102
9659
8618
8346
7490
7528
7830
8136
8251
8096
8077
8017
8167
8244
8456
8925
9220
9581
9664
9802
9819
9865
10189
10420
10683
10931
10790
10642
10073
9577
9226
9201
9140
9194
9314
9556
9542
9552
9375
9452
9243
9589
9863
10383
10642
11001
11185
11621
12030
12365
12576
12745
12726
12735
12719
12738
12659
12655
12652
12734
12686
12638
12569
12522
12430
12235
12160
11805
11483
11383
11307
11101
11139
10862
10806
10749
10926
10532
10834
10474
10629
10413
10327
10540
10349
10709
10582
11081
11101
11315
11100
11485
11487
11559
11641
11692
11821
12074
11998
11915
11760
11995
12254
12479
12712
12911
12905
13100
13031
13034
12989
12947
12962
13065
13101
13158
13267
13315
13128
12946
12711
12548
12440
12302
12376
12456
12485
12356
12274
12054
11857
11643
11212
10666
10542
10669
11129
10940
10826
11115
11015
10921
11054
11229
11461
11523
11696
11663
11597
11459
11755
11988
12090
12211
12249
12409
12407
12510
12391
12290
12125
11721
11304
11482
11713
11973
12105
12083
11879
11714
11600
11669
11450
11547
11569
11948
11820
11894
11763
11776
11831
11965
11663
11345
10965
10616
10350
10336
10793
10226
10250
9677
9415
9449
9337
9352
9246
9270
9535
9779
9060
8695
7579
7550
8046
8942
9186
8718
8759
9685
9515
8637
9144
10136
10728
11813
12349
12472
12407
12440
12474
12343
12398
12490
12614
12745
12795
12751
12593
12471
12345
12295
12211
12107
11930
11905
11911
12096
12235
12459
12393
12273
12047
11926
11864
11682
11743
11945
12073
12254
12385
12371
11942
11587
11168
10702
10945
11027
10967
10596
9608
9190
7775
7128
5947
5638
7053
8352
9671
10437
10902
10554
10368
10180
10225
10188
9918
10059
9808
10314
10604
10791
10528
10376
10339
10367
10389
10442
10535
10545
10386
10242
10401
10691
10891
11011
11095
11219
11194
10849
10698
10785
10829
10755
10654
10536
10481
10442
10375
10393
10362
10383
10356
10396
10453
10552
10762
10935
10962
11177
11384
11326
11260
11115
11236
11003
10925
10955
10897
10889
10930
10940
10931
10766
10678
10602
10602
10689
10679
10622
10678
10817
10831
11038
10995
11106
11163
11290
11328
11314
11368
11276
11317
10988
10967
10922
10964
10848
10376
9949
9532
9425
9269
9183
9288
9176
9152
9010
8914
9154
8986
9374
9853
10499
10881
11031
11043
11302
11284
11057
10543
10453
10034
10176
10242
10398
10798
11174
11680
11452
11542
11601
11573
11693
11486
11308
11479
11552
11535
11581
11873
11561
11554
11471
11720
12101
11842
11764
11522
11418
11521
11664
11387
10884
10917
11144
11215
11002
10882
10529
10673
11440
11851
11974
11936
11658
11123
10639
10289
10234
10496
11052
11320
11331
10964
10590
10374
10261
9779
9625
9421
9414
9565
9627
9746
10032
10648
11124
11021
10989
10759
10944
11185
11051
11294
11219
10914
10502
10447
10643
11270
11503
11328
10946
10724
10718
11073
11293
11360
10975
10657
10674
10805
10563
10398
10179
10112
9710
8891
8986
8613
8169
8156
8198
8231
7748
7217
6892
6585
6587
6728
6855
6608
6180
6563
6700
6367
6446
5901
5487
5213
5123
5156
4999
5058
5247
5110
4972
4759
4758
4757
4748
4765
4916
4959
5097
5168
5138
5071
5336
5593
5874
6395
6712
6643
5936
5554
5172
4711
4599
4603
4193
4087
3977
4035
4231
4533
5163
6146
7129
7962
8304
8636
9136
9508
9821
10245
10333
10077
10150
10259
10165
10256
10170
10161
10067
9988
10198
9727
9708
9273
8345
8151
7905
7511
7453
7052
7006
7336
7844
8206
8697
9289
9421
9586
9252
9402
9526
9270
9140
8974
8727
8883
9027
9105
9496
9761
10072
10007
9998
9955
9615
9243
8863
8549
8279
8344
8593
8957
9152
9333
9237
9018
9373
9363
9553
9406
9471
9299
9194
9130
9161
9293
9365
9309
9163
9017
8510
8240
8223
8218
8227
8407
8927
9232
9449
9953
10040
9869
9743
9464
9368
9233
9241
9137
9088
9047
9144
8982
8959
9080
9029
9039
9034
9135
9315
9218
9255
9240
9426
9442
9450
9476
9435
9292
9375
9181
9087
9152
8805
8379
8265
8076
7915
7630
7454
7246
6936
6758
6636
6620
6648
6647
6667
6789
6780
6696
6686
6589
6648
6691
6673
6658
6658
6883
6971
7140
7374
7771
8023
8209
8392
8798
9342
9959
10136
10336
10787
11145
11403
11620
11722
11830
11882
12091
12195
12313
12167
12116
12214
12159
12109
12115
11979
12042
11962
11939
11917
12028
11947
11887
11792
11773
11827
11880