6367
6116
6132
6034
6004
5892
5915
5974
5748
5805
5720
5820
5902
5849
5896
6059
5805
5868
5935
6093
5981
5886
6074
6158
6193
6205
6380
6473
6492
6355
6323
6390
6405
6322
6495
6633
6839
6941
6859
6772
6917
6768
6786
6896
7111
7480
7764
8239
8691
9051
9373
9725
10350
10727
10818
11209
11370
11734
11878
11819
12113
12395
12619
12570
12475
12485
12718
12714
12770
12899
12964
12932
12653
12664
12553
12687
13078
13116
13263
13265
13212
12939
12820
12832
12741
12479
12294
12064
12069
12244
12246
12471
12443
12542
12495
12406
12070
11638
11164
11046
11138
11059
11104
11021
10992
11482
11569
11584
11570
11512
11285
11255
11458
11683
11963
11918
11731
11855
12012
12104
12046
12199
12318
12394
12494
12416
12455
12480
12457
12565
12552
12543
12656
12706
12702
12690
12561
12426
12434
12397
12485
12583
12748
12887
12818
12638
12500
12172
12030
12466
12271
12834
12665
12408
12631
13036
12962
12469
12386
12326
12426
12328
12523
12711
12644
12444
12205
12359
12383
12616
12964
13019
13088
13181
13317
13544
13591
13548
13593
13585
13483
13450
13341
13276
13255
13142
13132
13104
13147
13286
13410
13541
13622
13619
13441
13283
13176
13102
12854
12612
12328
11940
11452
11396
10640
10951
10130
10591
9851
10039
9964
9661
9522
9485
9350
9051
8959
8927
8699
8562
8419
8371
8160
8143
8096
8459
8444
8431
8501
8607
8701
8665
8515
8483
8545
8531
8323
7668
7621
7787
7463
7029
6606
6189
6028
6096
6317
6364
6397
6358
6111
5816
5340
4713
4491
4322
4339
4222
4009
3857
3833
4302
4902
7113
7463
7117
7318
7206
6892
6698
6974
7348
7415
7491
8052
8567
7832
7082
8378
7635
6584
8551
9246
10111
10464
10670
10624
10626
10487
10312
9964
9695
9945
10165
10065
10171
10080
9964
9558
9670
9819
9797
9788
9891
9871
10047
9923
10152
10623
11041
11281
11415
11509
11465
11410
11357
11196
11163
10719
10436
10511
10640
10631
10826
11043
11279
11366
11672
11650
11906
12109
12105
11974
11863
11778
11667
11916
12159
12347
12455
12560
12558
12374
12360
12096
11836
12003
11982
12135
12026
12232
12251
12324
12426
12557
12612
12652
12582
12481
12146
12151
12109
12095
11803
12053
11917
12114
12315
12736
12807
12526
12339
12305
11962
12012
11977
11744
12104
12052
12339
12546
12623
12553
12549
12916
13088
13178
13206
13212
13130
13172
13125
13246
13392
13583
13601
13652
13538
13512
13502
13471
13329
13230
13153
13102
13013
12971
12986
12842
12660
12781
13105
13350
13400
13392
13455
13414
13295
13266
13115
12992
13067
12870
12910
13044
12919
13032
12959
12879
12758
12766
13046
13071
13061
12960
12808
12677
12514
12360
12193
12172
12167
12143
11767
12033
11885
11607
11912
11285
11620
11375
10953
11464
11191
10617
10982
10796
10568
10066
10789
10494
10412
10246
10211
10728
10829
10999
11085
11127
11160
10982
10879
10670
10759
10741
10943
11102
11185
11345
11221
11114
10993
10926
10889
10723
10791
10882
10716
10662
10505
10302
10233
9984
9994
9813
9536
9173
8733
8774
8722
8781
8988
8903
9049
9391
9222
9618
9284
8871
9358
9390
8968
8422
6838
6495
6360
6473
6706
6670
7165
7891
8527
9179
9309
9570
10028
10745
11200
11446
11614
11248
11069
11545
11627
11863
12139
12279
12589
12783
13013
13078
13185
13265
13222
13179
13251
13331
13422
13495
13480
13670
13817
13930
13943
13900
13848
13889
13772
13794
13807
13718
13724
13455
13606
13381
13589
13485
13329
13583
13264
13643
13394
13211
13092
13095
13140
13189
13365
13395
13389
13244
13279
13333
13091
13184
13287
13331
13301
13167
13090
13138
13340
13434
13548
13692
13647
13669
13689
13642
13597
13433
13204
13223
13248
13427
13584
13692
13785
13810
13773
13770
13776
13730
13649
13451
13271
13058
12912
12892
12986
12954
12922
12876
13097
13205
13276
13421
13309
13130
13022
12866
12775
12722
12583
12382
12228
12051
11713
11399
11755
12133
12427
12801
13000
13059
13294
13222
13194
13241
13242
13210
13269
13310
13367
13357
13357
13185
13031
12950
12646
12318
12198
12032
12212
12662
13009
13304
13464
13669
13698
13662
13572
13450
13412
13429
13473
13466
13415
13471
13417
13192
13064
12756
12311
12146
11975
11937
12176
12303
12253
12124
11962
12172
12605
12623
12581
12840
13001
13027
12847
12925
13078
13065
12919
12624
12664
12722
12764
12827
12867
12978
13210
13259
13238
12996
13160
13185
13309
13337
13219
13042
12871
12644
12561
12619
12570
12633
12570
12658
12800
12870
12968
12995
13076
13083
13046
12986
13057
13060
13085
13041
13059
13151
13327
13602
13728
13836
13913
13832
13650
13508
13530
13420
13351
13138
13009
12843
12637
12219
12022
11971
11793
11718
11694
11805
11879
12156
12360
12820
13190
13199
13220
13290
13365
13442
13505
13464
13368
13231
13013
12923
12981
12886
12845
13009
12960
13095
13230
13202
13063
13005
12522
11997
11778
11878
12016
12206
12289
12302
12110
11924
11553
11881
12435
12813
13101
13407
13821
13855
13701
13568
13292
12948
12620
12358
12180
12003
12224
12193
12205
12104
12128
11971
11740
11709
12339
12476
12425
12369
12257
12356
12487
12385
12324
12325
12408
12265
12174
12006
11748
11454
11254
11518
12002
12130
12516
12382
12331
12430
12267
12190
12037
12019
11998
12181
12135
12306
12632
13008
13224
13185
13071
13022
13045
13093
13143
13092
13036
13073
13174
13268
13329
13348
13225
13138
13102
13216
13334
13277
12988
13090
13244
13026
12939
12931
12794
12699
12737
12803
12682
12794
12842
12867
12866
12937
12898
12837
12648
12436
12221
12110
12081
12071
12132
12067
12012
12015
11971
11867
11950
11969
12118
12156
12020
12051
12010
12142
12161
12207
12134
12365
12530
12619
12558
12587
12550
12592
12783
12719
12756
12840
12903
13006
12973
13053
13049
13060
13042
13043
13029
13099
13084
13073
13010
12979
12725
12442
12427
12499
12463
12583
12604
12740
12712
12640
12689
12694
12602
12373
12168
12033
11875
11569
11263
11349
11425
11662
12237
12423
12715
12822
12746
12666
12757
12896
12993
13042
13072
13128
12763
12476
12394
12470
12408
12491
12544
12289
12121
12081
12057
12104
12294
12452
12554
12628
12749
12828
12647
12684
12426
12306
12177
12140
12171
12220
11976
11982
11957
11956
11974
11995
11863
12045
11968
12041
11908
11958
12098
11996
11948
11871
11994
11755
11908
11760
11653
11806
11700
11692
11711
11950
11904
12038
12058
12168
12149
12182
12293
12359
12487
12740
12818
12940
12917
12685
12418
12277
12415
12603
12611
12361
12253
12016
12004
11959
12019
12154
12390
12619
12644
12330
12022
11725
11600
11752
11934
12101
12231
12352
12390
12568
12537
12537
12711
12804
12891
13083
13042
13125
13251
13122
13057
12987
13010
12948
12919
12919
12515
12168
11734
11400
11418
11597
11566
11760
11924
12029
11940
11738
11628
11475
11382
11373
11384
11416
11632
11729
11902
11865
11745
11671
11714
11592
11708
11887
11973
11988
12203
12498
12484
12616
12854
12951
12877
12685
12581
12682
12932
12902
12939
12952
12773
12407
12033
11516
11258
11209
11049
10719
10151
9671
9317
8615
8083
8056
7988
7660
7576
7335
7352
7203
7441
7721
7988
8268
8468
8559
8733
8943
9168
9405
9715
9932
10215
10340
10550
10935
11165
11448
11575
11391
11314
11401
11287
11103
11088
10987
10755
10666
10687
10589
10555
10615
10629
10681
10699
10559
10559
10204
10068
10300
10480
10742
11076
10712
10269
9850
9888
10033
10041
10045
9559
9155
9169
9024
8700
8398
8840
9460
10030
10431
10449
10800
10984
11243
11497
11433
11387
11210
10853
10066
9290
8856
8639
8663
8713
8665
8482
8314
8174
8241
8193
7803
7941
7740
7726
7741
8117
8400
8728
8856
8812
8064
7422
7129
7082
7076
7226
7627
8019
8519
8645
8663
8643
8550
8796
9107
9130
9444
9771
10261
10614
10799
10830
10797
10848
11075
11371
11447
11246
10832
10608
10398
10103
9912
9666
9688
9508
9181
9267
8889
8813
8608
8395
8014
7900
7691
7505
7419
7161
6878
6915
6833
6910
6837
6919
6906
6715
6783
6636
6868
6808
6971
7130
7120
7692
7648
8023
8281
8412
8642
8681
8504
8815
9596
10122
10135
10048
9882
9979
10195
10384
10696
10896
11154
11299
11449
11560
11652
11689
11651
11594
11634
11386
11319
11529
11697
11676
11532
11396
11224
11151
11063
10920
10335
10190
10157
9938
9679
9268
8934
8767
8719
8791
8728
8785
8727
8847
8821
8749
8645
8019
7725
7941
8193
8482
8549
8829
9179
9601
9946
10256
10460
10447
10523
10561
10906
11105
11138
11312
11609
11629
11658
11545
11221
11286
11405
11851
11977
12009
12043
11925
11864
11845
12030
12095
12178
12088
12124
12145
12054
12067
11816
11627
11441
11353
11291
11490
11577
11681
11394
11352
11087
10968
10814
10694
10675
10518
10242
9412
8880
8635
8424
8341
8346
8481
8356
7588
8103
7669
7524
7811
8268
8480
8435
8759
8798
8814
8888
8693
8408
7859
7606
7326
6983
6283
6731
6659
6959
7105
7118
7155
7372
7563
7954
8234
8671
8977
9360
9673
10002
10591
10746
10947
11193
11311
11344
11279
10720
10086
9662
9902
10367
10713
10835
10699
10487
10176
10009
10010
10248
10593
10694
10597
10593
10530
10592
10722
10509
10352
10032
10219
10325
10409
10615
10528
10670
10960
11034
11051
11064
11057
11047
11301
11408
11001
10490
10175
10431
10813
10941
10959
10755
10578
10501
10652
10801
10607
10822
10922
11142
11264
11473
11481
11587
11604
11598
11553
11789
11568
11649
11404
11080
11122
10906
10658
10699
10907
11142
11252
11342
11397
11403
11698
11935
12052
11938
11849
11477
11448
11374
11291
11206
11120
11168
11277
11523
11967
12102
12264
12229
12215
12130
12318
12618
12693
12788
12653
12571
12491
12506
12558
12598
12492
12302
11936
11599
11459
11297
11086
10836
10847
10856
10965
11011
11323
11479
11580
11660
11430
11573
11663
12003
12248
12393
12419
12488
12802
12963
12875
12968
12727
12389
12165
11813
11623
11506
11400
11076
10691
9987
9323
8510
8228
7884
7977
8078
8433
9091
9812
10189
10798
10821
10264
9765
9676
9650
9663
10036
10532
10736
10597
10067
9693
9985
10493
10538
10699
10942
11025
10845
10531
10536
10867
11234
11232
11266
11111
10697
10507
10088
10119
10035
9813
9402
8370
7717
7183
6967
7320
7312
6977
7034
7312
7736
8172
8740
8937
9163
9267
9091
9048
9218
9383
9800
10056
10502
10889
11043
10828
11179
11435
11750
11777
11624
11604
11717
12061
12277
12450
12589
12206
12061
12087
12175
12296
12274
12178
11705
11703
11964
12108
11690
11343
11466
11350
11088
10660
9842
9192
8687
8442
8336
8190
7712
7376
7455
7136
7356
7452
7407
7507
7275
7395
7686
8156
9041
9866
10229
10294
10215
10143
10007
10125
10296
10224
10218
10171
10222
10308
10182
10029
9938
9980
10004
10215
10402
10339
10139
10019
9643
9285
8854
8771
9331
9201
9529
9598
10175
9403
9539
9749
9121
9362
9290
9491
9385
9943
9977
9634
9980
9490
9512
9383
9210
9406
8833
8755
8793
7878
7642
8052
7412
7458
8266
7636
7911
8197
6793
7117
7489
7838
7611
7426
7744
7595
7763
8376
8758
8764
8640
8808
9185
9407
9567
9678
9931
10116
10306
10683
10708
10977
11171
11144
11816
12014
12071
11451
11537
10889
10479
10126
9883
9834
9811
9833
10129
10411
10672
10748
10883
11139
11122
10383
10142
9766
10044
10200
10489
10912
11384
11362
10780
10542
10447
10428
10589
10505
10128
10108
10163
10231
10238
10199
10243
9921
9489
9330
9657
9985
10359
10443
10493
10676
10989
11176
11278
11285
11266
10957
10249
9482
9271
9598
9585
9683
9640
9662
9550
9516
9572
9700
9879
10066
10326
10646
10819
10918
11143
11473
11745
11795
11836
11836
12099
12265
12261
12724
12982
13227
12984
13363
12941
12616
12803
13060
13178
12769
13413
13054
12774
12685
12424
12330
12308
12248
12196
12500
12038
11966
12148
12073
12025
12014
11970
12231
12311
12311
12167
12304
12279
12432
12495
12451
12743
13001
13450
13483
13524
13515
13498
13291
13242
13600
13584
13737
13893
13996
13961
13952
13906
13931
13909
13970
13846
13831
13913
13991
13927
13941
13928
13802
13763
13729
13732
13818
13799
13782
13782
13736
13655
13616
13701
13836
13899
13801
13692
13680
13707
13706
13678
13610
13479
13239
12912
12828
12719
12666
12534
12285
12185
12116
12206
12182
12214
12287
12294
12263
12189
11970
12020
11971
12154
12403
12613
12655
12357
11994
11790
11996
12264
12627
12835
12963
13098
13283
13221
13194
12987
12625
12310
12269
11995
11972
12164
12157
12055
11949
11890
11602
11186
10795
10203
10182
10183
10045
9799
9583
9837
10189
10524
11032
11467
11903
12133
12361
12501
12298
12189
11937
11793
11810
11811
11919
12092
11711
11027
10699
10644
10699
10942
10871
10727
10795
10490
10153
10096
9809
9818
9489
9685
9703
10038
10208
10316
9986
9850
9949
10447
10878
11253
11662
11996
12041
11893
11947
11922
11768
11341
10424
10607
11030
11125
10541
9867
9763
9395
8941
8554
8107
7540
7295
7307
7495
6842
6251
5442
5390
5316
5863
6064
6434
6981
7458
7699
8000
7682
7539
8384
7833
7302
6779
6431
6365
6098
6881
7749
8077
8760
9042
9802
10095
10217
9934
9683
10118
10870
11272
11702
11776
11485
11909
11875
11839
11872
11740
11902
12086
11964
11777
11801
11902
11891
11595
11513
11075
10874
10813
10685
10845
10927
11221
11491
11651
12157
12005
12102
11903
11218
10593
10679
10508
10598
10968
11840
11970
12060
12251
12493
12074
12164
12039
12153
12524
12605
12503
12796
12673
12908
13139
13132
13176
13402
13535
13196
12950
12734
12784
12510
12355
12059
11942
12148
12026
11932
12204
12563
12722
12599
12373
12527
12831
12716
12830
13049
12967
12669
11886
11092
10861
10812
10988
11261
11070
11050
11474
11572
10711
10108
9643
9943
10706
10923
11384
11824
12222
12471
12535
12436
12485
12587
12508
12697
12697
12592
12787
12370
11986
12151
12305
12188
12636
12637
13016
12190
12692
12513
12368
12170
12328
12365
12729
12898
12882
12755
12786
13023
13167
13128
12833
12762
12741
12878
13064
12968
12834
12829
13073
12664
12736
12780
12763
12492
12790
13063
13377
13591
13557
13418
13347
13020
12501
12163
12276
12803
13038
12936
12933
13066
13210
13285
13272
13048
12896
12861
12320
11902
11470
11244
11515
11743
11895
11915
11867
11413
10742
10836
11162
10932
10883
11115
11544
11736
11495
11338
10974
10730
9866
9515
9593
9413
8649
8033
7199
7275
6935
6373
5759
5173
4997
5340
5415
5574
5663
5564
5556
5770
5996
6320
6781
7422
8152
8412
8564
9278
10341
10559
10737
11196
10796
10809
11260
11378
11437
12129
12481
11954
11676
11500
11181
11256
11492
11692
11963
12167
12504
12908
13137
13169
13059
12925
12860
12523
12578
12453
12479
12688
12585
12271
11607
11024
10799
10957
11270
11574
11686
11455
11044
10325
10099
10332
10409
9963
9984
9798
9139
8701
8932
9406
9378
9325
9292
8965
8829
8931
8912
8754
8204
7727
7429
7079
6834
6909
6512
6585
6252
6282
6155
5775
5757
5780
5421
5442
5778
5959
6148
6172
6348
6296
6435
6317
6372
6392
6228
6055
6360
6752
6880
7018
6751
6782
6668
6478
6212
6005
5753
5124
4849
4956
4495
4048
4424
4859
4760
4504
4523
4607
4714
4417
4432
4265
4392
4596
4758
4721
4665
4962
5277
5639
5807
5996
6006
6042
6315
6641
6875
7208
7742
8677
8910
9065
9154
9645
9767
10097
10509
10917
11724
11762
11937
11623
11773
11089
11292
11312
11458
11295
11357
11277
11532
11641
11516
11557
11317
11157
11397
11988
12053
12083
12218
12124
11786
11916
11629
11183
10806
10429
10252
10240
10336
10526
10343
10040
9436
9312
9278
8988
8550
8352
7848
7360
7019
6452
6086
5855
5456
5363
5381
5384
5524
5728
5807
5960
6195
6602
6766
7173
7493
7642
7794
8053
8219
8313
8573
9049
9454
9751
9677
8863
8015
7779
8218
8867
9264
9762
10236
10831
11216
11362
11344
11229
11397
11364
11221
11331
11372
11432
11308
11033
10801
10524
10187
9935
9898
9794
9614
9763
9509
9318
9397
9384
9292
9048
9098
9243
9304
9205
9035
9049
8939
8950
9175
9238
9215
9239
9049
9023
9104
9173
9438
9852
10178
10425
10424
10315
9933
9577
9134
8777
8264
8004
7916
7766
7794
7861
8072
8161
8575
8869
9065
9371
9526
9837
9912
10102
10376
10465
10675
11025
11592
12061
12336
12468
12750
12803
12968
13080
13308
13491
13440
13288
13295
13492
13514
13504
13365
13382
13428
13473
13531
13638
13805
13911
14050
14015
13973
13987
13929
13813
13757
13613
13533
13471
13544
13497
13447
13338
13000
12629
12601
12650
12554
12427
12435
12352
12280
12215
12301
12351
12228
11963
11946
12304
12419
12491
12536
12707
12801
12819
12866
12943
13038
13067
12793
12544
12405
12403
12364
12365
12228
12162
12121
11959
11646
11527
11622
11806
11841
11744
11722
11855
11945
11959
12033
12060
11917
11885
11587
11747
11733
11875
12141
12137
12046
11735
11569
11379
11233
11347
11248
11443
11255
11260
10616
10425
9751
9875
9560
9870
9847
9903
9467
9700
10157
10494
10508
10546
10680
10529
10892
10826
10648
10418
10436
10276
10059
10156
10154
10150
10326
10299
10491
10692
11003
10829
11005
11114
11213
11396
11530
11141
10444
9968
9818
9874
9786
9899
9492
8668
8022
8324
8667
8964
9153
9241
9653
9974
10395
10685
10972
11437
11519
11256
11214
11180
11137
11073
11160
11175
11366
11304
11302
11264
10701
10216
10505
10852
11122
11234
11193
11000
11019
10638
10488
10148
9970
10374
10424
10897
11084
11271
11311
11424
11341
11497
12001
12356
12634
12914
13040
13070
13168
13292
13322
13269
13359
13567
13634
13656
13324
13143
13060
13046
13044
13167
13104
13016
12874
12632
12367
12073
11588
11778
12044
12218
12217
12092
12140
11815
11750
11932
12206
12277
12138
12235
12249
12501
12629
12515
12309
12343
12315
12449
12426
12496
12494
12356
12304
12415
12192
12002
12169
12218
12189
12085
11694
11417
11416
11609
11836
11634
11358
11481
11966
12397
12340
12213
12075
12114
12403
12591
12768
12806
12933
13038
13164
13258
13263
13170
12932
12713
12645
12481
12587
12609
12741
12760
12600
12545
12812
12785
12806
12468
12289
11927
11933
11912
11771
11970
12092
12082
12076
12140
12215
12370
12514
12740
12833
13002
13099
13095
12989
12745
12546
12259
12411
12372
12338
12426
12149
12246
12108
11930
11813
11614
11394
10789
9974
9791
9931
10096
10723
11288
11669
11982
12312
12283
12238
12046
11939
11939
12235
12513
12792
12870
12958
12898
12633
12365
12179
11408
10978
11170
11035
10774
9948
10257
10274
11101
11183
11097
10788
10170
9959
9862
10218
10395
10604
10750
9133
9274
9690
9742
9460
9340
9114
8635
8420
8870
9241
9211
9012
8880
8943
9220
8992
8570
8495
8595
8825
9230
9752
9699
9603
8877
8189
8045
8183
8604
9025
9795
10415
10729
10713
10554
10683
11063
11625
12097
12347
12632
12858
13164
13324
13370
13576
13512
13612
13661
13374
13587
13662
13618
13519
13555
13390
13267
12912
12916
12822
12707
12673
12636
12905
13194
13233
13249
13210
13241
13329
13399
13295
13187
13171
13162
13000
12835
12433
12311
12331
12586
12926
13124
13268
13367
13180
12879
12727
12539
12367
12139
11869
11242
11263
11453
11689
11319
10701
10126
9751
9918
10395
10248
10356
10217
10196
9940
10102
10865
11510
11907
12258
12415
12644
12749
12947
13122
12946
12301
12211
12152
12187
12308
12052
12036
11859
11768
12010
12002
11997
12057
11852
11888
12218
11590
11672
11335
11480
12213
12227
12067
12159
12069
11896
11570
11429
11725
11830
11797
11703
11646
11301
11259
11549
11510
11620
11699
11768
11769
11755
11761
12003
12077
12049
12136
12054
11936
12019
12411
12384
12395
12379
12252
12248
12147
11880
11304
10772
10147
10353
10611
10800
11154
10873
10289
9992
9235
8354
8074
9068
9731
10668
11286
11925
12289
12155
11960
12014
12495
12956
13205
13191
13139
13015
12810
12906
13013
12951
12870
12816
12792
12766
12809
12896
12876
13016
13126
13449
13736
13963
13794
13537
13058
12246
12245
12263
12145
12047
12180
12333
12573
12890
13031
12889
12521
12339
12434
12568
12702
12644
12642
12666
13012
13056
13008
12751
12528
12731
13059
13273
13473
13563
13695
13744
13811
13888
13900
13744
13621
13438
13194
13032
12988
13134
13273
13395
13207
13153
13061
13023
13026
12899
12876
12798
12864
12771
12738
12660
12423
12493
12337
12129
11920
11655
11345
11050
10539
10130
9702
9225
9261
9567
9942
10409
10753
10840
11262
11406
11491
11667
11802
11861
12056
12181
12336
12368
12454
12614
12660
12783
12797
12443
12813
12291
12825
12682
12218
12932
12825
12897
12911
12897
12221
13089
12793
12331
11965
11690
11602
11202
11079
11073
11055
11335
11412
11198
11315
11212
11033
10885
10893
10949
11001
11165
11119
11120
11223
11196
11063
11087
11204
10979
10541
9873
9437
9430
9224
8861
8877
8838
9013
8808
8567
8295
7860
7760
7982
8369
8585
9072
9531
9718
9902
9738
9739
9331
8872
8648
8266
8294
8272
8408
8464
8663
8788
9089
9193
9022
9129
9106
8742
8579
8769
9158
9640
10113
10571
10830
11097
11370
11440
11612
11433
11435
11362
11516
11626
11938
12106
12221
12433
12506
12619
12789
12791
12877
12889
12916
12939
12912
12909
12771
12676
12610
12790
12832
12636
12677
12602
12621
12764
12777
12858
12946
13031
13115
13212
13217
13266
13283
13104
13051
12728
12453
11883
11541
11839
12140
12213
12407
12614
13066
13501
13711
13696
13289
13274
12882
13038
12921
12535
12050
10882
11067
10248
9708
9618
9418
9276
9548
9633
9812
9729
9773
10035
10373
10520
10505
10128
9670
9317
8665
9645
9633
10333
10980
11497
11554
11337
10745
10668
10619
10728
10908
11084
11055
10926
10880
11171
11372
11529
11605
11871
12016
12215
12418
12595
12444
12867
13032
13227
13331
13595
13686
13636
13652
13608
13573
13313
12733
12523
12414
12276
12019
11914
11648
11024
10445
10011
9976
10093
10398
10953
11341
11423
10824
11055
9352
10779
10587
10610
10516
10318
10293
9748
9850
10001
10169
10190
10804
10829
10801
10968
10738
10903
11070
10967
10822
10995
11010
10110
9213
8790
8958
9576
10060
10860
11287
11478
11613
11627
11369
11504
11716
12020
11991
11781
11619
11502
11401
11167
10880
10361
9579
9634
9250
9551
9535
9611
9915
10242
10481
10815
10915
10999
11039
11066
11054
11069
10617
11107
10697
10617
10464
10155
10077
9982
9922
10072
9862
9750
9688
9717
9505
9525
9585
9601
9521
9427
9434
9688
9623
9507
9500
9598
9761
10004
10367
10404
10306
10114
9678
9918
10211
10373
10379
10443
10788
10954
11098
11300
11378
11328
11200
11048
10861
10629
10543
10388
9854
9700
9665
9955
10191
10463
10484
10323
10071
10853
11170
11232
11586
11791
11942
11768
11834
11869
11757
11795
11909
12164
12127
12453
11909
11993
10595
10722
10255
9985
10216
10416
10438
10336
10256
10355
10275
10420
10364
9463
10146
9189
8728
8640
8872
8848
8775
8673
8867
8959
9025
8941
8996
8786
8131
7400
7396
7686
8401
8983
9347
9658
10050
10442
10837
11294
11300
10848
10560
10180
10012
9849
9988
9906
9635
9589
9698
9632
9415
9412
8982
8614
8106
7946
7902
8152
8336
8187
7564
7405
7467
7242
7439
7982
7792
7715
7862
7544
7482
7352
7624
8362
8498
8432
8567
8841
9013
9101
9128
9263
9525
9969
10035
10056
10357
10483
10339
10124
9819
9540
9621
9457
9232
9218
9267
9584
9668
9472
9126
8495
8172
8311
8498
8515
8599
8445
8065
7860
8349
8453
8816
9117
9884
10372
10571
10680
10563
10622
10268
10060
9951
9903
9950
9665
9299
8950
8720
8758
8891
8869
8926
9081
8875
8968
9152
9443
9836
10277
10227
10521
10640
10884
10773
10429
9951
9842
9898
10047
10274
10173
10021
10051
10400
10037
10085
10064
9974
10140
9981
9631
9597
9515
9544
9188
8889
8563
8130
8139
8348
8322
8143
8378
8951
9312
9639
9719
9720
9567
9519
9484
9147
8808
8362
7664
7252
7032
6716
6551
6428
6680
6439
6832
6688
6678
6422
6222
6410
6714
6931
7053
7215
7661
7666
7644
8116
8263
8614
8042
8058
8168
8909
9308
9852
9914
10328
10580
10687
11114
11090
11609
11689
11685
11409
11265
11302
11335
11155
10973
10566
10179
9727
9757
9637
9363
9569
9587
10395
10743
11416
11496
11542
11851
12039
11596
11259
11061
11361
11102
11478
11770
11441
10932
10799
10379
9177
9332
9599
9445
9238
9131
8956
8621
8655
8474
8377
8268
8540
8882
9079
9194
9693
9973
10028
9924
9796
9831
9400
9373
9282
9295
9388
9841
10372
10310
10019
9884
9785
9724
9593
9588
9738
10172
9961
9986
10398
10280
9808
9477
9633
9598
9474
9498
9758
10224
10485
10223
9806
9437
9289
9126
9123
9105
9035
8996
9150
9421
9495
9393
9344
9039
8701
8622
9065
9502
9779
9792
9617
9447
9032
8411
7924
7641
7689
7511
7650
7591
7658
7847
7743
7654
7371
7328
7685
7936
8156
7995
7844
7454
7009
6689
6569
6412
6061
5214
4644
4337
4135
4050
3995
3958
3870
3601
3357
3163
2975
2947
2656
2334
2465
2748
2991
3297
3861
5160
6431
7621
8517
9000
9555
9789
10022
10639
11073
11200
11553
11788
11930
12131
12233
12486
12422
12239
12045
11901
11574
11530
11650
11654
11839
11819
11832
11708
11503
11202
11590
12011
12297
12472
12575
12637
12687
12790
12962
13014
13227
13306
13237
13067
13001
13063
12934
12677
12108
11836
12007
12422
12895
13185
13169
13066
13360
13441
13390
13430
13430
13301
13286
13203
13169
13218
13081
13100
12865
12762
12582
12357
12302
12181
12101
12380
12666
12747
12735
12637
12600
12717
12513
12461
12325
12137
11761
11708
11821
11847
12015
12012
11917
11842
11743
11590
11545
11778
11997
12136
12160
12078
12145
12055
12025
11871
11761
11603
11185
10400
11267
11246
11469
11594
11743
11821
11944
12008
12131
12165
12194
12302
12364
12554
12683
12611
12714
12731
12798
12903
12972
13137
13175
13132
13094
13052
13120
13176
13116
13052
12987
12830
12484
12398
12454
12584
12614
12784
12745
12807
12785
12569
12299
12124
11995
11658
11658
12009
12121
12694
13194
13359
13210
13192
13127
13199
13221
13206
12868
12704
12751
12621
12845
12497
12334
12265
12386
12675
12828
12868
12841
12703
12581
12652
12484
12293
12374
12320
12345
12477
12434
12275
12322
12156
12091
11969
11790
11614
11772
11687
11227
10990
10987
11165
11365
11627
11604
11832
12075
12135
12029
11865
11896
12183
12410
12557
12700
12923
13014
12998
12740
12246
11973
11736
11672
11816
11975
12135
12482
12589
12366
12191
12102
12130
12168
12070
11922
11920
11950
12161
12110
12064
11999
12349
12248
12475
12847
12687
12220
12321
12068
12078
11983
11899
11811
12080
12320
12626
12655
12452
12299
12253
12257
12451
12769
12912
12980
13145
13284
13244
13076
13193
13231
13238
13549
13405
13493
13908
13603
13846
13894
13775
13710
13627
13606
13343
13452
13615
13613
13673
13692
13656
13655
13787
13881
13904
13864
13858
13873
13833
13492
13746
13614
13522
13713
13720
13092
12994
13032
13136
13319
13331
12986
12870
12967
12976
12901
12460
11946
11564
11177
10397
9129
8679
8608
8677
8634
8843
9524
10178
10712
11195
11481
11945
12328
12017
11471
10741
10315
10139
10186
10073
10320
10732
10989
11244
11492
11082
10352
10144
10449
10834
11329
11922
12072
11696
11311
11348
11329
11666
11123
10303
10242
10315
10368
10412
10504
10540
9858
9483
9628
9946
10255
10472
10598
10890
11027
11380
11511
11683
11741
11286
10472
9746
9580
9785
9854
10166
9966
9908
9851
9605
9803
10035
10287
10601
10874
11507
11674
11807
12091
12437
12402
12312
12239
12407
12753
12732
13055
13194
13306
13289
12792
13057
12837
13018
13214
13172
13207
13149
12948
12771
12583
12469
12515
12525
12386
12391
12570
12103
12008
12045
11994
11988
11972
11950
12099
12222
12178
12089
12126
12254
12311
12421
12471
12755
12988
13442
13559
13600
13570
13561
13306
13382
13607
13698
13757
13894
14030
13941
13949
13926
13891
13969
13902
13880
13879
13945
13928
13937
13920
13802
13789
13734
13773
13835
13841
13746
13798
13669
13714
13880
13920
13752
13742
13728
13680
13544
13063
12937
12909
12595
12479
12342
12231
12196
12017
12023
12300
12376
12596
12426
12572
12593
12602
12460
12306
12385
12224
11834
11858
12017
11699
11447
10824
11064
11759
11675
11131
11278
12051
12675
12965
12927
13021
13006
12922
12942
12835
12895
12847
12774
12414
12239
12173
12178
12509
12578
12317
12239
12118
12271
12442
12655
12543
12281
12316
12269
12119
11763
11603
11364
11262
11265
11353
11297
11140
10538
9667
9522
9099
9162
9026
8802
9010
8887
9171
9863
9651
9282
9181
8375
8398
8770
8522
8636
8266
8972
10234
8287
9086
8566
6572
6083
5432
6529
7100
5999