6760
6945
7066
7167
7367
7359
7512
7787
8147
8354
8598
8777
8720
8455
8104
8007
8205
8274
8351
8335
8481
8549
8569
8754
9059
8906
9063
9456
9614
9511
9593
9511
9515
9617
9021
9158
9739
10263
10276
10226
10689
10889
11550
11767
11293
10347
10016
10345
10995
11284
11483
11250
11255
11280
11142
10942
10692
10641
10284
9490
9534
9715
10111
10407
10438
10220
9832
9330
9417
9062
8955
8978
9065
9512
9443
9494
9544
9637
9813
9707
9547
9274
9063
8578
8451
8692
9008
9317
9741
9948
10175
10384
10835
10965
11176
11314
11435
11444
11499
11459
11482
11333
11212
11232
11226
11120
11295
11456
11283
11210
11328
11386
11426
11484
11537
11618
11761
11870
11988
12075
12094
12213
12209
12192
12070
12052
12154
12206
12210
11923
11856
11839
11926
11974
12034
12124
12400
12397
12179
12011
11740
10740
8987
8193
8426
8216
8416
8455
8313
8163
7564
7273
7174
7631
7476
7491
7553
7698
7901
8642
9175
8968
9414
9595
9786
9751
10021
10009
10066
10241
10285
10448
10207
10239
10175
9945
10013
10052
10206
10144
10161
10380
10270
10477
10281
10865
10659
10380
10593
10306
10220
10217
10470
10619
11168
11554
12059
12382
12229
11745
11453
11788
12243
12524
13152
13190
13152
13097
13190
13329
13364
13313
13320
13278
13172
13137
13141
12955
13034
12924
12502
12522
12322
12122
12073
12146
12143
12107
11994
12164
12386
12797
13185
13390
13346
13370
13440
13404
13435
13279
13163
13060
12884
12675
12614
12518
12484
12323
11784
11766
11835
11734
11622
11652
11614
11628
11556
11844
11949
12057
12024
12190
12409
12663
12427
12209
12126
11737
11832
11936
11886
11242
10844
10422
10251
9694
9429
9216
9240
9318
9417
9486
9656
9759
9637
9651
9779
10154
10358
10581
10669
10807
11045
11165
11049
10776
10366
10093
10305
10469
10637
10530
10561
10590
10611
10727
10771
10792
10937
10978
11093
11453
11928
12470
13059
13363
13423
13491
13597
13726
13765
13808
13912
13974
13679
13748
13513
13682
13698
13669
13560
13336
13311
13238
13095
13007
13035
13057
12933
12768
12582
12499
12484
12352
12428
12180
11960
11896
11697
11787
12074
12367
12554
12803
13025
13133
13098
12982
12864
12504
12003
12042
12120
11868
11561
11144
11824
11733
11884
11934
11998
11271
11606
11340
11237
11233
11085
11002
10074
11310
10814
10684
10729
10589
10480
10644
10093
10015
9669
9664
9520
9502
9405
9324
9176
9089
8334
7633
7209
6732
6454
5922
5432
4721
4145
3936
3872
3706
3662
3677
3681
3756
3819
3952
4182
4438
4563
4864
5050
5126
5317
5404
5640
5860
5979
6155
6143
6286
6450
6491
6657
6650
6947
7084
7224
7383
7682
7888
8220
8706
9167
9714
10094
10293
10547
10658
10866
10805
10470
10391
10402
10477
10388
10421
10260
10052
9858
9602
9163
8333
7990
7437
7066
6509
6629
6848
7249
7750
7710
7648
7670
7643
7516
7385
7655
7868
8042
8471
8905
9051
9314
9591
10027
10443
10484
10477
10642
10659
10638
10320
9850
9512
9806
10315
10264
10197
10229
10336
10172
10034
9924
9379
9268
9230
9287
9451
9726
9798
9791
9656
9483
9787
9814
9917
9890
9723
9423
9519
9901
10232
10435
10688
11066
11383
11754
11994
12029
12053
12216
12585
12867
13120
13417
13656
13817
13852
13863
13967
13992
13998
14070
14027
14062
13931
13798
13706
13555
13467
13421
13116
12670
12363
11611
11104
10824
10636
10234
9658
9611
9828
9903
10179
10411
10644
10748
10970
11276
11616
11751
11226
10584
10698
10862
10904
10553
10340
9691
9326
9440
10034
10727
11251
11140
10955
10795
10747
10126
10048
10049
10369
10516
10857
10929
10921
10686
10394
9523
8838
7757
7333
7738
8518
9294
8967
9241
9293
9500
9700
9846
8956
8120
7217
7247
7657
8393
8815
8467
8075
8003
8427
8966
9336
9094
9304
9186
9745
10398
10041
9432
8777
8288
8004
7278
6978
6738
6474
6319
6064
5899
6004
6472
7357
8333
9491
10242
10471
10494
10534
10295
10173
9814
9950
9990
10327
10661
10088
9584
8747
8537
8527
9136
9449
9731
10461
10959
11446
11569
10926
9518
7603
6604
6006
6333
7319
8056
8496
8538
8231
8595
8816
8666
9002
9167
8463
8483
8432
8362
8462
8297
8053
8111
8428
8495
8918
9011
8660
8293
8077
8210
8289
8153
8437
8744
8492
8185
7981
8062
8189
8730
9155
9618
9506
9603
9569
9502
9609
9724
10211
10465
10960
11191
11435
11803
12057
12158
12429
12511
12414
12111
11437
11044
10909
10463
10056
9475
9525
9555
9424
9350
9822
10516
11037
11026
11014
10731
10606
9760
9421
9442
9399
9396
9173
9465
9434
9481
9936
10318
10686
10668
10464
10745
11079
11338
11816
12016
12121
12398
12224
12365
12581
12468
12534
12339
12157
11891
11765
11481
11403
11154
11117
11025
11070
10988
10993
10890
10858
10714
10815
10850
10947
11165
11301
11428
11579
11707
11892
12016
12040
12033
12061
12144
12122
12360
12271
12358
12426
12397
12223
12171
11706
11365
11284
10728
10284
10022
10221
10303
10422
10490
10219
9966
10108
9757
10052
9868
9910
9988
10031
9854
10415
10236
10185
10083
10013
9904
9845
9960
10194
10225
10312
10261
10663
10672
10589
10714
10575
10059
9909
9770
9833
9851
9777
9847
9913
9991
10192
10351
10219
10418
10651
10560
10738
10885
10918
10867
10664
10551
10610
10708
10839
10825
10849
11141
11086
10808
11024
11030
11123
11281
11364
11723
11988
12226
12528
12701
12849
12850
12922
12849
12773
12561
12490
12390
12284
12271
12300
12238
12365
12461
12576
12675
12702
12486
12029
11694
11023
10547
9889
8523
7299
6360
5753
5143
5255
5022
5303
5427
5733
5955
6099
6226
6445
6611
7050
7298
8601
8616
8539
8336
8263
8354
8554
8586
9010
9199
9352
9295
9334
8781
8359
7747
7406
7065
6895
7189
7459
8005
8291
8810
8599
8743
9266
9205
8809
8763
8638
8473
7757
6911
6523
6606
6544
6647
7120
7058
7015
7730
8138
8281
8465
8244
8701
9063
9483
9256
8997
8814
8691
8924
8789
8819
8752
8705
9135
9182
8848
8072
7601
7675
7627
7758
7600
7552
7286
7093
7035
7394
7533
7566
7772
8130
8281
8257
8159
8046
7857
7389
6990
6865
7006
7491
7503
7753
8183
8700
8863
9005
9085
8932
9182
9443
9659
9988
10271
10104
9631
9367
9829
9860
10371
10638
10916
11352
11622
11518
11079
10247
9279
8797
8259
7953
7729
7209
6608
6564
6408
6551
6874
7344
7417
7079
6794
6862
6806
6674
6102
5953
5924
6337
6822
6813
7397
7903
8464
8674
8763
8807
8809
9324
9869
10398
10995
11248
11293
11404
11395
10912
10590
10575
10526
10337
10333
11177
11538
11344
10858
10758
10612
10259
9940
9173
8279
8468
9172
10236
10802
10974
10674
10800
10100
9779
9083
9482
8792
8382
8252
7940
7800
7515
8040
8137
8402
9231
10040
10839
10770
10802
10690
10312
10032
10179
10446
10696
9995
9695
9397
9269
8894
8971
9277
10037
10496
10879
11296
11544
11995
12250
12478
12496
12492
12490
12664
12693
12766
12676
12495
12453
12221
12200
12141
12312
12321
12315
12438
12266
11914
11688
11560
11364
11044
10628
10312
9982
9663
9580
9134
8902
8494
8463
7918
8004
7787
7582
7114
7077
6622
6260
6339
6166
6211
6002
5941
5865
5799
5547
5638
5330
4959
4781
4632
4457
4491
4418
4395
4352
4389
4667
4838
5087
5302
5341
5461
5766
5696
5498
5523
5485
5746
6116
6278
6357
6320
6254
6021
5792
5341
5627
5191
4963
4531
4259
3997
3764
3640
3297
3275
2984
3089
2853
3036
2983
3088
3119
3231
3470
3683
3886
3943
4035
4134
4324
4155
4158
4039
3824
3979
4209
4395
4570
4669
4801
4889
4816
4869
4866
4732
4403
4343
4415
4381
4419
4665
4951
5049
4968
4911
4870
4800
4850
4965
5186
5723
5991
6091
6425
6554
6536
5911
5734
5283
5287
5371
5449
5484
5376
5437
5222
5605
5521
5603
5666
5785
6105
6554
6983
7518
8045
8497
9013
9463
9796
10483
11185
11677
12070
12382
12267
12169
11693
11383
11100
10724
10597
10077
9701
9864
10268
10482
10559
10483
10655
10862
11272
11585
11627
11643
11721
11315
10690
9980
10469
11079
10900
10427
9952
9384
9128
9715
10411
10966
11270
10862
10784
10743
10090
9904
9949
10291
10302
10743
10917
10707
10567
10205
9195
8538
7014
7696
8319
9330
9123
9539
9350
9481
9858
9963
8951
7942
7292
7387
7819
8719
8727
8360
8015
8293
8872
9304
9105
9224
9175
9721
10404
9843
9257
8735
8138
7800
7158
6860
6522
6372
6244
5926
5883
6326
7152
8197
9252
10184
10443
10380
10352
10135
10080
9957
9997
10280
10553
10050
9515
8680
8535
8566
9378
9627
10199
10777
11433
11546
11023
9230
7425
6431
6166
6725
7800
8291
8653
8569
8616
8890
8867
9034
9262
8388
8538
8596
8610
8515
8456
8144
8183
8784
8720
8418
8225
7898
8053
8298
8308
8679
8535
8283
7980
8099
8506
8988
9339
9561
9591
9565
9472
9734
10066
10472
10875
11200
11545
11987
12110
12365
12483
12379
11792
11082
10884
10572
10055
9521
9570
9369
9287
9628
10385
11035
10874
10908
10499
10281
9543
9381
9542
9216
9365
9373
9164
9599
9936
10191
10447
10400
10288
10462
10679
10689
10932
11278
11814
12126
12170
12165
12338
12531
12728
12839
12739
12480
12095
11793
11374
11164
10984
10729
10621
10619
10475
10334
10276
10280
10238
10234
10299
10395
10607
10763
10821
10861
10864
11063
11165
11139
11135
11215
11293
11265
11301
11225
11374
11410
11434
11464
11446
11325
11361
11281
11300
11303
11472
11461
11543
11645
11602
11579
11594
11502
11408
11438
11312
10880
10334
9926
9939
10060
10226
10597
11113
11881
12338
12500
12755
12763
12886
12829
12815
12939
13095
13303
13244
13206
13192
13136
12922
12653
12735
12613
12663
12742
12862
12855
12879
13028
13119
13123
13167
13147
13052
13099
13104
12973
12762
12698
12404
11491
11144
11019
11005
11071
11479
11462
10949
10742
10775
11192
12067
12470
12667
12598
12863
12889
12878
12895
12612
12441
11764
9956
10046
10452
10412
10117
9255
8099
7980
7605
7411
7586
7280
7599
7106
7134
7317
7586
7836
7973
7983
7541
7775
8244
9047
9948
10726
11197
11193
10289
10298
10126
10302
9339
8339
7522
7269
7354
7736
8098
8351
8317
8078
8552
8812
9275
9042
8535
8202
8804
9390
9803
9943
9457
9511
9703
9550
9679
9457
9370
9281
9909
10273
10035
9711
9326
9830
10209
9495
9585
9740
10012
9798
9635
9547
9728
10114
10511
10668
10394
9992
9645
9517
9623
9852
9931
9741
10031
10309
10422
10021
9885
10099
10022
9774
9619
9845
10355
10959
11403
12303
12523
12636
12659
12710
12608
12813
12690
12999
13110
13294
13224
12903
12812
12623
12653
12930
12862
12975
13000
12764
12672
12523
12302
11735
10845
10732
10798
11085
11390
11749
11869
12097
12094
12236
11978
12297
12402
12216
11858
11375
10840
10071
9386
9397
9775
10160
10487
10511
10847
11023
10837
10647
10898
10947
11064
11165
11365
11237
11060
10658
10399
9908
9445
8884
8455
9003
8615
8336
8113
7805
7780
7511
7961
8055
8150
8636
9171
9484
9831
10325
10692
11062
11284
11365
11355
11057
10507
10588
10267
10238
10154
10255
9778
9959
9577
9838
9343
9690
9397
8946
9302
9049
8530
8767
8522
7717
8152
7697
7285
6774
6346
6211
5946
5704
5442
5494
5522
5464
5469
5508
5613
5890
5993
6016
6097
6391
6024
5677
5676
5692
5980
6304
6650
6927
7309
7697
8358
9133
9481
9735
9862
9702
9440
9359
9066
8672
8927
9121
9306
9060
8885
7753
7376
7464
7585
7210
7336
6990
6774
6425
6162
5678
5778
5967
6024
6174
6174
5948
6148
6399
6686
6926
6720
6084
5836
5709
5890
6213
6814
7126
7280
7362
7312
7426
7733
7785
7351
7206
6933
6990
7477
8095
8269
8486
8870
8906
8575
9028
9660
9955
9868
10532
10296
10954
10836
11007
11339
11231
11503
11528
11615
11687
11708
11473
11055
10289
9711
9773
10077
10642
10859
10945
10824
10363
10293
10075
10015
9611
9300
8792
8533
8698
9136
9403
9224
9507
9633
9425
9339
9249
9060
8186
7609
7532
7433
7107
6439
6167
6186
5970
5657
5406
5168
4714
4463
4151
4122
4228
4314
4515
4782
4878
4891
5072
5114
5256
5638
5726
5724
5706
5914
6100
6228
6250
6491
6461
6643
6769
6998
6867
7031
7001
7453
7819
7936
7942
7943
7747
7198
6650
6499
6251
6197
6181
6198
6519
7080
7152
7226
7545
7740
7920
7729
7613
7535
7608
7595
7755
7850
7756
8025
8495
9034
9645
10171
10466
10623
10888
11079
11102
11196
11034
11015
11069
10890
10369
9650
9528
9691
9707
9771
10167
9907
10001
9328
9135
9367
9319
9471
9490
9195
9369
9356
9070
9179
8791
8996
9053
9087
9513
9409
9578
9580
9130
9084
9153
9160
9359
9718
9783
9954
10013
10106
9970
10170
10428
10469
10209
10089
9989
9899
9544
9387
9399
9634
9913
10179
10704
10984
11380
11536
11601
11495
11328
11156
10836
10337
9939
9331
8998
8789
8863
8753
9011
9652
10211
10378
10370
10418
10287
10059
9802
9474
9468
9886
10728
11862
12126
12320
12193
12078
11755
11587
11933
12273
12791
12786
12921
12878
12408
12107
11355
11083
11367
11904
12457
12743
12789
12650
12347
11914
11562
11585
11770
12165
12491
12402
12497
12322
12157
12096
12135
11771
11252
11061
11005
11399
11876
11893
11742
11147
10731
10563
10472
10817
10869
10561
10241
10272
10228
9705
9018
8519
7794
8334
8414
8606
8138
8846
8652
8861
8958
9066
8771
8491
8018
7652
8105
8928
9675
9915
10119
10252
10274
10445
10409
10248
10481
10954
11249
11002
11093
11707
12342
12952
13185
13164
13025
13265
13219
13128
12846
12512
12113
11378
10975
10754
10632
10654
10697
11046
11112
11298
11262
11185
11417
11582
11752
11631
11267
10905
10912
11018
11081
11125
11332
11643
11859
11776
11567
11318
11042
11022
11109
11124
11245
11339
11432
11671
12121
12543
12904
12943
12847
12697
12366
12079
11812
11290
10923
10293
9634
9019
8728
8211
8122
8317
8256
8285
8464
8539
8589
8642
8667
8729
8657
8860
8962
8964
8921
8982
9055
9069
8968
9148
9078
9242
9343
9374
9438
9551
9599
9708
9700
9569
9490
9470
9306
9066
9071
9048
9145
9093
9088
9346
9545
9602
9515
9532
9443
9420
9456
9421
9443
9422
9366
9438
9401
9416
9476
9526
9630
9735
9905
10049
9992
10115
10168
10175
10015
9714
9801
9453
9131
9085
9494
9595
9550
9520
9522
9455
9469
9407
9428
9422
9388
9395
9364
9445
9399
9389
9429
9390
9370
9380
9445
9458
9460
9391
9413
9380
9395
9358
9197
9005
8683
9078
9704
9854
9971
10045
10059
9993
9808
9947
9903
9736
9550
9292
8665
7998
7379
7301
7182
7121
7055
6905
6723
6805
6749
6498
6130
6110
6371
6344
6272
6294
6460
6476
6400
6550
6804
7453
7840
8303
8812
9430
9693
10051
10112
10106
9984
10071
10205
10505
10683
10777
10752
11287
11377
11908
11859
11424
10529
10446
10904
11515
11700
11731
11582
11598
11765
11784
11436
11362
10910
9922
9742
10089
10458
10883
10861
10466
10030
9585
9530
9436
9296
9439
9724
9775
9915
9933
9875
10144
10233
10016
9869
9554
9270
9125
9080
9224
9567
9979
10087
10391
10868
11127
11461
11556
11673
11709
11920
11980
11905
11695
11650
11499
11686
11845
12249
12243
12108
12037
12111
12134
12336
12482
12519
12427
12178
11858
11367
11100
10863
10623
10535
10597
10847
11077
11078
11052
11272
11410
11492
11599
11800
12080
12147
12185
11925
12001
12265
12024
11402
11244
11101
11226
11366
11249
11070
10687
10354
10344
10357
10474
10392
10020
9653
9777
9942
9819
9775
9621
9629
9508
9697
9746
9243
8886
8342
9365
9606
9971
10094
10514
10923
11160
10882
10550
10096
9925
10148
10594
10783
10661
10367
10265
10167
10252
10260
10368
10630
10775
10664
10673
10371
10176
10171
10178
10176
10303
10694
10803
10824
10513
10142
9907
9935
9950
10003
9984
10354
10373
10289
10902
10660
10514
10441
10323
10438
10410
10412
10548
10695
11094
11169
10881
9980
10484
10692
11547
12096
12504
12412
12249
12153
12407
12533
12777
13113
12838
12621
12260
11959
12003
12155
12435
12725
12912
12950
12919
12749
12684
12718
12861
12850
12894
12632
11990
11942
12208
11872
10934
10560
10588
10789
10693
10325
9865
9675
9372
9381
9415
9575
9610
9898
10093
10363
10339
10111
9682
9500
9357
9069
8936
9376
9146
9561
9372
9331
9154
8984
9193
9041
9570
9214
9722
9795
9985
9827
9593
9471
9556
9497
9064
8693
8697
8650
8665
8613
8510
8565
8590
8735
9094
9492
10122
10673
10757
10476
10937
10929
10961
11183
11208
11081
10904
10865
10789
10848
10891
10567
10231
10050
10122
10193
10192
10399
10355
10062
9854
9790
9631
9519
9333
9576
10267
11004
11490
11487
11832
11924
11681
11752
11810
12040
12098
12331
12044
11676
11474
11531
11257
11182