3813
3518
3359
3269
3133
3015
2962
2941
2798
2759
2525
2317
2171
2039
2170
2139
2128
2095
2152
2095
2218
2229
2258
2240
2170
2296
2455
2363
2428
2443
2446
2356
2351
2307
2446
2415
2511
2567
2502
2543
2506
2505
2612
2562
2635
2642
2660
2690
2783
2865
2964
2947
3062
2966
3022
2969
3009
3079
3222
3234
3262
3217
3327
3333
3461
3502
3593
3633
3841
4066
4238
4348
4445
4581
4468
4613
4748
4812
4918
4965
4966
5035
5047
5102
5455
5562
5572
5730
5829
5813
5875
4900
5468
5902
5845
5867
5763
5778
5758
5488
5297
5163
5252
5598
5430
5573
5454
5295
5351
5460
5713
5261
4919
4714
4817
4962
5070
5058
4959
5410
5173
5107
5167
5037
5040
4920
4990
4877
5050
5316
5684
6261
6784
7324
8012
8805
9205
9753
10160
10210
9788
9534
9190
9708
9955
10204
10460
10514
10842
10769
10397
10342
10217
10233
10334
10564
10935
10835
10271
10021
9925
9833
9791
9498
9899
9979
9897
9957
9641
9623
9618
9891
9605
9411
8966
8707
8581
9134
10176
10260
10423
10199
9405
8894
8715
8853
9171
9408
9639
9706
9560
9366
9324
9333
9115
9282
9607
9756
9247
8803
9100
9360
10001
9482
9645
9554
9331
9800
9730
9671
9801
9884
9699
9422
9244
9039
9269
8534
7723
7974
8222
8152
8263
8277
8192
8285
8404
8364
8496
8489
8731
9187
8987
9053
8799
8575
8298
8128
7826
7321
7358
7665
7487
7183
6943
6921
6597
6330
6335
5711
5667
5589
5319
5194
5557
5896
6326
7108
7508
7364
6662
6286
6347
6877
7067
6796
6707
7112
7310
7816
7969
7751
7829
7856
7066
6327
5956
6030
5762
5553
5666
5722
5800
5824
6406
6776
7229
7319
6937
6807
6800
6834
7121
7772
8090
8581
9127
9002
8865
8211
8343
8364
8222
8281
8578
8237
8177
8005
8169
8460
8827
9635
10454
10446
10304
9505
9110
8579
8696
8535
7475
7949
8444
9604
10245
9680
10177
10270
9719
9184
9505
9333
9733
9280
9541
8561
7984
7845
8222
8313
8392
7860
8254
8230
8190
8459
8421
7710
7943
7932
7889
8001
8394
8401
8311
8450
8742
9185
9709
9775
8783
8196
7400
7370
7848
7977
8025
7975
7670
8014
8431
8528
8789
8418
8095
9010
9455
9850
9961
9123
8189
8376
7814
7558
7682
7826
8669
9098
8608
8351
8644
9184
8881
8065
7465
6617
6883
7249
6680
6160
5733
5159
5405
6000
6429
6439
6775
6972
6540
5993
6119
6375
7057
8041
7888
6833
6168
5931
5222
5022
4287
4503
4196
4477
4408
4488
4776
4827
5126
5548
5713
5823
5879
6104
5546
5241
5284
5009
4742
5254
6012
6762
7175
7114
6798
7265
6893
7479
8496
7641
6566
6201
6201
6176
5693
6111
6448
6249
5992
6268
5821
5159
4817
4963
5296
5249
5695
5637
5674
5219
5241
5422
5423
5440
5641
5574
5690
5702
5678
5599
5792
5871
5651
5472
5425
5497
5283
5266
5204
5026
5094
5068
5131
5131
4904
5103
5159
4867
4480
4243
3943
3876
3865
3881
4081
3873
3642
3603
3615
3578
3413
3534
3780
3980
4032
3833
3756
3739
3629
3749
3631
3673
3690
3882
3864
3788
3951
3992
4075
4252
4379
4461
4500
4414
4238
4154
3862
3757
3772
3868
3895
3582
3441
3252
3206
3056
2963
2798
2822
2880
3020
2939
2865
2700
2771
2762
2964
3032
2960
2677
2664
2803
2816
2779
2615
2604
2674
2803
2966
3046
3146
3220
3288
3596
3870
4089
4131
4162
3800
3418
3160
3692
3579
3761
3937
3723
3445
3984
3951
4004
4157
4137
3848
3799
3916
3808
3998
3979
4282
4110
3842
4130
4225
3977
3840
3905
3808
3719
3745
3790
3841
3825
3751
3819
3738
3695
3801
3899
3972
3826
3809
3853
3802
3804
4145
4239
4347
4765
5583
5833
5114
4925
4362
4182
4147
4168
4159
4246
4511
4520
3717
3458
3937
3930
3911
3888
3977
4035
4017
4026
4017
4116
4162
4298
4293
3917
3682
3647
3500
3692
3719
3589
3532
3664
3813
3956
4117
4410
4107
3483
3576
3550
3662
3956
4616
4479
4447
4778
4309
3724
4132
4738
4897
4565
3719
3604
3797
3737
3827
3885
4191
4440
4671
4864
5199
5327
4587
4672
4747
4707
4929
5068
5380
5102
5088
4901
5003
4848
5276
5298
5181
5063
5234
5654
5042
4830
4988
5098
5105
4825
5055
5028
5240
4678
4914
4474
4190
4242
4140
4101
4155
4225
4208
4118
4057
4233
4208
4399
4596
4622
4757
4483
4226
4276
4521
4689
4898
4628
4336
4491
4495
4769
5102
5271
5597
5437
6017
5658
5589
5681
5781
5874
5760
5585
5489
5782
6136
5679
5271
5065
5250
5302
5310
5025
4677
4429
4559
4790
5154
5599
5940
5914
6001
6170
6057
6239
6348
6310
6397
5883
5583
5483
5810
6052
5951
5629
5406
5557
5582
5190
5037
5000
5116
5329
5528
5709
5728
5813
5937
6091
6204
6095
6074
6236
6293
6366
6290
6138
6196
6330
6439
6306
6327
6155
6419
6551
6639
7272
7199
6571
6211
6059
6207
6274
6620
6349
6183
6201
6229
6249
6328
6355
6250
6199
5720
5524
5350
5429
5500
5669
5563
5451
5591
5979
6195
6389
6377
6420
6287
6309
6428
6385
6201
6231
6327
6388
6659
6941
7053
7272
7139
7219
7008
6967
6852
6803
6858
7082
7077
7229
7344
7359
7288
7519
7556
7355
7506
7552
7759
7870
7889
7987
7792
7627
7378
7451
7432
7652
7549
7897
7731
7805
7528
7677
7931
7755
7047
7300
7489
7497
7130
7171
7699
8416
8575
8388
8698
8691
9021
9029
9234
9125
8960
8858
8562
8411
7919
7968
8150
8316
8448
8208
7950
7932
8150
8056
8173
7737
7511
7147
7234
7283
7226
7413
7698
7461
7478
7539
7456
7544
7449
7353
7168
6887
6628
6540
6498
6142
5865
5684
5710
5763
5710
5884
6241
6593
6901
7118
7128
7519
7723
7665
7493
7669
7834
7997
7958
7989
7967
8339
8893
9401
9743
9824
10027
10382
10693
10738
10767
10677
10936
11027
11163
11247
11195
11306
11115
10982
11035
10927
10845
10715
10760
10646
10795
10863
10758
10853
10794
11071
11269
11242
11260
11296
11417
11353
11398
11315
11155
11151
11146
11211
11216
11198
11182
11221
11294
11350
11351
11385
11301
11238
11133
11034
11137
11226
11202
11269
11220
11276
11380
11271
11194
11231
11173
11231
11333
11145
11259
11229
11325
11385
11509
11431
11529
11448
11368
11189
11196
11353
11434