11088
11082
10844
10745
10595
10733
10716
10802
10845
10730
10503
9873
9686
9811
10055
10324
10605
11090
11242
11022
11110
10973
10631
10742
11237
11758
12175
12089
12434
12204
11838
11635
11475
11528
11660
11837
12159
12451
12624
12542
12499
12500
12656
12567
12436
11951
11343
11341
11318
11680
11789
12207
12046
11997
11904
11958
11790
11211
11027
10307
9943
9791
9632
9727
9517
8565
8463
8616
8117
8032
7794
8104
7629
8678
8506
8365
8316
8079
7423
7212
6855
6584
6496
6538
6388
6276
6122
5981
5955
6193
6403
6615
6935
7028
7019
6950
6434
6258
6391
6601
6746
7103
7456
7821
7728
7692
7360
7084
7256
7519
7619
7779
8057
8145
8420
8667
9175
9599
8892
9437
9018
8641
8742
9077
9072
8670
8528
8553
8920
9083
8938
8838
8974
9227
9526
9820
10179
10444
10795
10802
10753
10473
10434
10227
9712
9486
9077
9064
8986
9119
9336
9886
10181
10109
9935
10332
9886
9074
9313
9535
9667
10129
10454
10645
10525
10325
9791
9305
9183
8930
9021
9336
9573
10086
10476
10829
11109
11281
11320
11154
10565
10277
9686
9373
8986
9102
8987
8895
8735
8574
8378
8574
8586
8854
8870
8655
8493
8247
7937
8015
8020
8104
8257
8424
8866
9047
8954
8655
8611
8490
8812
9099
9710
9680
9593
9558
9347
8485
8233
8236
8022
7616
6819
6910
5784
5239
5801
5467
5771
5541
5905
5502
5650
5622
5467
5565
5009
4863
4593
4649
4701
4456
4379
4521
4631
4621
4544
4511
4628
4615
4690
4759
4705
4900
4721
4674
4816
5156
5208
5723
6599
7414
7824
8690
9071
10240
9688
10198
9358
9756
8342
7971
7988
6987
7531
6947
7185
7620
7066
7281
7857
7152
7602
6802
7134
6403
6480
6866
6371
6409
6731
5608
5829
4969
4817
4862
3797
3481
2998
3136
3454
3289
3613
3602
3775
4001
3866
3964
4259
4230
4519
4261
4577
4369
4667
4641
4703
4806
4661
4054
4325
4661
5023
5198
5371
5308
5387
5258
5383
5803
5946
6203
6330
6408
6767
7188
7406
7451
7410
7764
8017
7869
8004
7586
7584
7687
7690
7473
7621
7793
7853
7635
7671
7671
7424
7140
6716
6677
6291
6058
6131
6395
6679
7019
7262
7092
6752
6905
6523
6723
6850
6896
6831
6882
7024
6639
6687
6460
6432
6426
6729
7071
7672
8091
8394
8232
8204
7842
7794
7300
7048
7015
7070
7220
7577
7410
7445
7562
7433
7283
7433
7534
7896
8106
8646
9044
8850
8787
8919
8586
7998
8119
8016
7866
8004
8588
9392
9318
8729
7698
6961
6507
6535
6628
6925
7551
7985
7829
8010
8315
8662
8371
7671
6832
6527
6500
6496
6577
6557
6622
6654
6705
6638
6389
6204
6171
6145
6197
5889
6304
6211
6167
6268
6349
6314
6471
6358
6440
6479
6595
6766
6860
6652
7117
7074
7077
7211
7330
7525
7647
7721
7817
7995
8229
8596
8651
8716
8688
8753
8659
8643
8815
9176
8967
8960
8980
9093
9263
9275
9031
9310
9357
9239
9240
8942
8847
8578
8737
8655
8777
8809
8729
8533
8314
8237
8446
8983
9721
10428
10955
11108
10376
10236
10307
10022
9848
9713
9754
10054
10284
10017
9199
9359
9048
8423
8255
8071
8053
7928
7902
7709
7625
7889
7656
7716
7758
7880
7817
7965
8204
8120
8194
8554
8502
8870
8893
8816
8669
8339
8088
7736
7562
7395
7014
7218
7047
7076
7261
7646
8025
7789
7234
7327
6906
6739
7146
7581
7778
8123
8107
8128
7533
7614
7401
7664
8173
8673
8852
8832
8466
7681
7481
7425
7457
7757
8416
8932
9187
9172
9103
8759
8440
8093
7946
7994
8218
8462
8755
8782
8730
8322
8095
7769
7625
7941
8189
8615
8452
8561
8177
7830
7449
7275
7395
7976
8352
8833
8972
9182
8938
8168
7762
7542
7309
7324
7735
8069
8434
8844
8803
8370
7621
7186
7036
6890
7252
7379
7228
7126
7287
7001
6537
6639
6598
6796
6966
7325
7760
8311
8834
9330
9673
9290
8680
8226
8277
8245
8387
8317
8406
8078
8055
8018
7757
7502
6976
6205
5766
6018
5978
5931
6109
5946
5941
5908
5850
5594
5429
5128
5041
5014
4953
5035
5109
5248
5457
5783
6158
6405
6783
6969
7670
8131
8482
8612
8668
8701
8688
8561
8115
7444
7274
7211
7135
7003
6552
6328
5918
5881
6232
5841
5793
5593
5811
5974
5931
5920
5988
6048
6318
6578
7024
7840
8476
8491
8105
8048
7842
8641
8023
9412
8755
9906
8770
9642
8661
8783
9210
9107
9297
9449
9178
9159
9013
8262
7890
8023
8273
8418
8944
9264
9533
9637
9757
10122
10036
10211
10327
10441
10488
10334
10339
10485
10266
10130
10446
10632
10744
10395
10733
10172
10204
10126
10232
10564
10060
10226
10493
10553
11043
11128
11178
11236
10930
10396
10213
10083
9921
10205
10199
10143
9914
9976
9907
9846
9717
9442
9295
9413
9645
9602
9780
9897
9881
9269
9288
9637
10272
10188
9843
9678
9908
9739
9537
9395
9597
9904
10273
10437
10135
9697
8903
8920
8927
9338
9993
10291
10624
10790
10815
10795
11230
11295
11228
11022
10935
10634
10608
10522
10609
10811
11210
10533
10111
9816
9714
10020
10165
10631
10956
11219
11014
11001
10855
10631
11247
11500
12019
12258
12379
12119
11753
11626
11468
11658
11783
12025
12370
12559
12617
12477
12603
12757
12702
12318
11747
11510
11345
11427
11780
11991
11864
11903
12030
12208
11920
11261
10959
10129
9685
9767
9562
9631
9323
8625
8784
8731
8364
8313
8146
8459
8161
9160
9106
8931
9015
8496
8234
8215
7990
7519
7295
7366
7573
7382
6881
6213
5774
5760
5768
5915
5983
6033
6292
6074
5947
5958
6068
6176
6421
6687
7044
7171
7479
7691
7907
8055
7873
7715
7647
7859
8134
8154
8390
8333
8673
9017
9297
9845
9319
9163
9199
8808
8941
9134
9245
8700
8513
8755
9214
9328
9034
9192
9341
9566
9790
10333
10539
10735
10645
10485
10322
10127
9568
9345
9238
9126
9175
9594
10092
10079
10199
10167
10005
9073
9121
9507
9870
10275
10533
10611
10455
9817
9320
9134
9035
9132
9489
9928
10384
10890
11160
11235
11127
10619
10259
9448
9433
9160
8998
8914
8760
8641
8600
8686
8774
8600
8278
7982
7944
8147
8247
8188
8400
8675
8866
8726
8903
8576
8451
8895
9127
9667
9794
9579
9508
9050
8236
7726
7912
8016
6882
7336
6408
5635
5641
5462
5771
5574
5961
5679
5763
5634
5582
5720
5230
5020
4837
4765
4757
4598
4440
4583
4625
4456
4455
4668
4733
4835
4933
4886
4906
4951
4996
5359
5573
6058
6943
7728
8339
9528
9239
9757
10091
9388
9810
8573
8790
7844
8473
7871
8081
8017
7971
8503
7742
7821
7776
7989
8271
8424