4.77071
4.69675
4.77071
4.62278
4.5858
4.80769
4.43787
4.77071
5.47337
5.25148
5.17751
5.28846
4.95562
5.06657
5.17751
5.17751
5.10355
5.14053
5.47337
5.25148
5.06657
4.9926
5.36243
5.47337
5.2145
4.9926
5.32544
5.43639
5.2145
5.17751
5.10355
5.17751
4.95562
4.62278
4.32692
4.9926
4.95562
4.5858
4.5858
4.69675
4.62278
4.54882
4.25296
4.17899
4.25296
4.25296
4.47485
4.62278
4.25296
4.14201
3.88314
4.17899
4.10503
3.9571
4.21598
4.14201
4.40089
4.77071
4.65976
4.73373
4.65976
4.65976
4.69675
4.51183
4.5858
4.77071
4.95562
4.62278
4.95562
4.80769
4.65976
4.77071
4.88166
4.9926
4.9926
4.95562
4.91864
4.5858
4.69675
5.2145
5.17751
5.2145
4.73373
4.91864
4.9926
4.9926
4.80769
5.17751
5.58432
4.91864
5.6213
5.65828
5.69527
5.51036
5.58432
5.47337
5.32544
5.54734
5.17751
4.88166
4.95562
5.2145
4.84467
4.88166
4.62278
5.10355
4.06805
4.06805
3.99408
4.10503
3.88314
4.17899
4.36391
4.03107
4.10503
4.47485
4.14201
4.40089
3.9571
4.17899
3.99408
3.77219
3.92012
5.32544
5.69527
5.65828
5.47337
5.36243
5.06657
5.65828
5.43639
6.6568
6.50888
6.8787
6.54586
6.13905
5.95414
6.06509
5.99112
4.9926
5.39941
5.2145
4.9926
5.02959
5.32544
5.28846
5.02959
4.36391
4.36391
4.17899
4.28994
4.32692
4.5858
4.62278
4.69675
4.77071
3.47633
3.40237
3.58728
3.66124
3.69822
3.5503
3.73521
3.80917
4.51183
4.73373
4.73373
4.62278
4.54882
4.69675
4.88166
4.43787
5.69527
5.65828
5.32544
5.25148
5.36243
5.54734
5.28846
5.10355
5.58432
5.39941
5.14053
5.32544
5.17751
4.95562
4.62278
5.2145
4.06805
4.14201
4.43787
4.32692
4.47485
4.5858
4.84467
5.32544
3.99408
4.51183
4.06805
3.73521
3.77219
4.17899
3.80917
4.32692
3.92012
2.99556
2.99556
2.95858
3.14349
2.99556
3.03254
3.03254
3.03254
3.29142
3.21746
3.21746
3.25444
2.95858
3.03254
3.14349
3.18047
7.87722
7.69231
7.98817
8.09911
7.84024
7.61834
7.98817
7.95118
10.5769
10.7618
10.7988
10.392
10.355
10.355
9.94822
10.0592
8.17308
8.28402
8.28402
7.9142
8.5429
8.65385
8.35799
8.21006
4.21598
4.28994
4.06805
3.92012
3.80917
3.18047
3.36538
3.25444
3.47633
2.95858
3.10651
2.99556
3.10651
3.25444
3.73521
3.80917
4.03107
6.32396
6.47189
6.6568
6.21302
5.88018
5.80621
5.73225
5.76923
4.95562
4.73373
4.54882
4.43787
4.40089
4.25296
4.32692
4.65976
6.6568
6.43491
7.5074
7.02663
7.43343
7.21154
7.47041
7.98817
5.54734
5.39941
5.58432
6.02811
6.06509
5.88018
5.39941
4.5858
4.51183
10.503
10.429
10.7988
10.355
10.0592
10.1331
10.8358
10.9837
8.83876
8.57988
8.57988
8.80178
9.24556
8.72781
8.76479
9.06065
2.99556
2.77367
2.66272
2.84763
2.81065
2.51479
2.36686
2.62574
4.95562
4.9926
4.88166
4.88166
4.43787
4.62278
4.73373
5.02959
4.25296
4.54882
4.32692
4.77071
4.88166
5.17751
4.95562
5.28846
3.40237
3.18047
3.21746
3.3284
3.25444
3.06953
3.47633
3.21746
3.18047
3.84615
3.43935
3.69822
3.51331
3.51331
3.58728
3.36538
3.51331
1.99704
1.88609
2.2929
2.07101
1.92308
1.96006
1.73817
1.6642
5.17751
4.80769
5.10355
5.28846
5.17751
5.39941
5.39941
5.39941
5.8432
5.8432
5.36243
5.69527
6.13905
5.80621
5.65828
5.32544
2.73669
3.10651
2.88462
2.84763
2.95858
2.9216
2.88462
2.99556
3.36538
4.43787
4.47485
4.88166
4.25296
3.92012
4.21598
3.62426
3.69822
3.06953
2.81065
3.40237
3.66124
3.62426
3.92012
3.84615
3.88314
3.73521
3.77219
3.84615
3.77219
3.77219
3.69822
3.88314
3.92012
4.25296
4.14201
4.32692
4.40089
4.32692
4.54882
3.9571
4.43787
5.54734
5.32544
5.25148
5.43639
5.36243
5.2145
5.73225
5.28846
5.6213
4.95562
5.28846
5.2145
5.28846
5.2145
5.2145
5.14053
4.95562
6.21302
6.17604
5.80621
5.39941
5.80621
5.99112
5.6213
5.99112
2.40385
2.25592
2.47781
2.58876
2.55178
2.81065
2.9216
2.73669
2.07101
2.25592
2.10799
2.18195
2.2929
2.32988
2.44083
2.62574
7.72929
7.2855
7.84024
7.02663
7.17456
7.21154
7.17456
6.73077
4.36391
4.51183
4.95562
4.84467
4.91864
5.51036
5.28846
5.06657
5.10355
4.69675
3.99408
4.21598
4.25296
3.99408
4.03107
4.17899
4.40089
2.6997
2.40385
2.21893
2.21893
1.92308
2.32988
2.40385
2.58876
2.40385
2.51479
2.51479
2.32988
2.36686
2.21893
2.07101
1.59024
5.39941
5.58432
6.06509
4.88166
5.28846
5.69527
5.51036
5.69527
4.28994
4.32692
4.51183
4.9926
4.69675
4.88166
5.36243
4.95562
4.51183
4.84467
4.54882
4.32692
4.51183
4.36391
4.40089
4.03107
4.21598
4.95562
4.91864
5.6213
4.91864
5.17751
5.25148
5.73225
5.54734
6.36095
5.36243
5.8432
5.99112
5.73225
5.88018
6.02811
5.69527
4.73373
4.5858
4.62278
4.80769
4.65976
4.88166
4.91864
4.84467
3.99408
4.14201
3.88314
3.88314
3.99408
4.06805
4.06805
3.84615
3.62426
3.58728
3.69822
3.62426
3.36538
3.47633
3.5503
3.66124
4.21598
4.21598
4.06805
4.10503
4.14201
4.21598
4.51183
4.62278
4.06805
4.06805
4.06805
4.36391
3.99408
3.99408
4.25296
4.14201
4.10503
4.06805
3.88314
4.21598
4.21598
3.99408
4.14201
3.9571
4.14201
4.51183
4.84467
4.77071
4.69675
4.5858
5.28846
4.54882
4.65976
5.02959
4.80769
4.54882
4.73373
4.84467
4.54882
4.62278
4.51183
5.2145
5.17751
4.95562
5.10355
4.25296
4.88166
4.43787
4.5858
5.8432
5.54734
5.43639
5.36243
5.32544
5.65828
5.39941
5.76923
5.28846
6.10207
6.10207
6.80473
6.36095
6.28698
6.61982
6.17604
6.21302
6.28698
6.36095
6.28698
6.25
7.02663
6.47189
6.39793
6.36095
8.21006
8.21006
7.98817
8.17308
7.80325
7.76627
7.80325
7.65533
9.1716
8.9497
8.91272
8.50592
8.80178
8.39497
9.20858
8.43195
8.61686
8.32101
8.87574
8.13609
7.9142
8.17308
7.84024
8.02515
7.47041
6.69379
7.10059
6.50888
7.13757
7.43343
7.58136
7.43343
7.5074
7.02663
6.91568
6.98964
6.80473
6.98964
7.24852
6.91568
7.13757
7.5074
7.72929
7.43343
7.87722
7.58136
7.65533
8.35799
8.69083
9.1716
9.65237
9.65237
9.91124
10.0592
9.83728
9.94822
9.5784
11.5015
11.5754
11.2056
10.6139
11.9822
10.7988
10.429
10.9098
8.87574
8.02515
8.35799
7.76627
7.80325
7.47041
7.24852
7.10059
6.98964
4.28994
4.51183
4.36391
4.17899
3.9571
3.92012
3.62426
3.51331
2.44083
2.55178
2.58876
2.2929
2.47781
2.32988
2.36686
2.36686
2.40385
2.55178
2.77367
3.29142
3.40237
3.92012
3.73521
3.77219
4.21598
4.40089
4.54882
4.91864
4.51183
4.77071
4.84467
4.84467
6.6568
6.8787
6.80473
6.84172
6.61982
6.80473
6.69379
6.76775
6.6568
6.61982
6.6568
7.17456
7.54438
7.2855
6.98964
7.06361
7.58136
6.76775
7.24852
6.84172
6.84172
6.39793
6.8787
6.54586
6.58284
6.06509
5.91716
6.02811
5.32544
5.91716
5.54734
6.02811
5.95414
6.39793
6.13905
5.88018
6.21302
5.73225
5.43639
5.32544
5.43639
4.69675
4.62278
4.40089
4.88166
4.65976
4.84467
4.73373
4.73373
4.06805
4.17899
4.40089
4.21598
4.36391
4.03107
3.73521
3.66124
3.62426
3.80917
3.40237
3.18047
3.06953
2.55178
2.36686
2.32988
2.32988
3.43935
3.29142
3.29142
3.36538
3.18047
3.40237
3.29142
3.29142
3.18047
3.40237
3.29142
3.43935
3.40237
3.77219
3.80917
3.51331
2.84763
2.73669
3.36538
3.58728
3.62426
3.80917
4.06805
4.17899
3.18047
2.99556
3.5503
3.9571
3.99408
3.80917
4.91864
4.21598
5.14053
5.02959
4.9926
4.69675
4.77071
4.65976
4.40089
4.28994
4.25296
4.25296
4.36391
4.21598
4.14201
4.21598
4.10503
4.03107
3.69822
2.81065
2.84763
2.73669
2.88462
2.95858
2.88462
2.6997
2.9216
4.10503
4.03107
3.66124
3.80917
3.69822
3.80917
3.51331
3.88314
7.58136
7.95118
8.46893
7.65533
7.72929
7.65533
7.87722
8.17308
8.02515
7.65533
8.43195
8.02515
8.24704
8.46893
8.46893
9.1716
8.43195
8.28402
8.35799
8.61686
8.5429
8.61686
8.21006
8.87574
8.83876
7.35947
7.47041
7.2855
6.84172
7.2855
7.17456
6.8787
6.95266
6.25
6.58284
6.17604
6.43491
6.61982
6.17604
6.80473
6.69379
7.84024
7.54438
7.80325
7.87722
8.35799
8.28402
8.21006
8.46893
11.7234
10.7618
10.8358
10.6139
10.8728
11.1686
10.8358
10.503
8.91272
8.65385
8.76479
8.39497
8.21006
8.09911
7.76627
7.61834
7.69231
4.36391
4.03107
4.14201
4.25296
4.06805
3.99408
4.10503
4.47485
2.9216
2.95858
2.88462
3.18047
2.73669
2.6997
3.03254
3.36538
4.36391
5.17751
5.14053
4.9926
5.2145
5.17751
5.06657
5.06657
8.28402
8.61686
7.98817
8.28402
7.80325
8.28402
8.65385
8.46893
8.91272
8.83876
8.39497
8.21006
7.76627
8.69083
8.69083
8.61686
6.73077
6.6568
6.47189
6.6568
6.39793
6.32396
6.54586
6.28698
6.69379
4.54882
4.88166
4.95562
5.06657
5.2145
5.39941
5.65828
5.58432
5.80621
6.39793
6.21302
6.28698
6.25
5.88018
5.28846
5.2145
5.43639
5.51036
5.02959
5.06657
4.5858
4.5858
4.17899
3.84615
5.17751
4.51183
4.51183
4.21598
3.73521
4.06805
3.69822
3.88314
3.62426
3.88314
4.17899
3.92012
4.17899
4.43787
4.43787
4.25296
4.36391
3.88314
3.9571
3.92012
3.77219
3.80917
3.62426
3.88314
3.10651
3.88314
3.03254
3.29142
3.21746
3.21746
3.43935
3.21746
3.18047
3.03254
2.66272
3.03254
3.10651
2.9216
2.99556
3.43935
3.21746
2.77367
2.95858
3.5503
3.36538
3.62426
3.3284
4.28994
4.36391
4.43787
4.91864
5.32544
5.43639
5.32544
5.99112
6.13905
5.91716
5.2145
5.47337
5.14053
5.06657
5.32544
5.32544
4.91864
5.17751
5.28846
4.5858
3.88314
4.21598
4.28994
4.36391
4.03107
4.03107
3.9571
5.02959
5.06657
4.51183
4.25296
4.51183
4.36391
4.10503
3.92012
8.17308
7.98817
8.46893
8.17308
8.09911
8.65385
8.39497
8.5429
9.31953
9.02367
9.76331
9.02367
8.98669
9.09763
9.5784
10.1701
8.32101
8.9497
10.0222
10.503
10.503
10.1701
10.2441
10.355
9.98521
9.50444
9.87426
9.87426
9.54142
9.46746
9.20858
9.13462
8.43195
8.69083
8.83876
8.80178
8.5429
8.02515
7.58136
8.17308
7.9142
7.32249
7.02663
7.2855
6.84172
7.47041
7.2855
7.61834
7.54438
7.13757
7.47041
7.5074
7.21154
7.87722
8.24704
8.76479
8.13609
7.39645
7.69231
7.32249
7.24852
6.43491
5.99112
6.06509
5.99112
4.9926
4.80769
4.9926
4.95562
4.28994
4.14201
4.21598
4.51183
4.47485
3.92012
3.9571
3.92012
3.47633
3.58728
4.06805
3.99408
4.14201
3.3284
3.47633
3.29142
2.99556
2.95858
3.21746
3.29142
3.73521
6.54586
6.25
5.69527
6.06509
5.73225
6.13905
6.06509
6.06509
7.72929
7.21154
7.24852
6.76775
6.39793
5.8432
5.99112
5.73225
5.43639
5.25148
6.28698
6.17604
6.39793
6.13905
6.76775
7.39645
7.21154
7.02663
7.69231
8.43195
8.72781
8.69083
8.32101
8.28402
8.17308
7.32249
7.54438
7.43343
7.13757
6.69379
6.69379
5.73225
5.25148
5.43639
4.88166
4.5858
4.28994
3.66124
3.47633
3.62426
2.99556
3.21746
3.77219
4.17899
4.10503
4.65976
4.91864
4.91864
4.80769
5.02959
5.17751
5.10355
4.47485
4.17899
3.88314
3.47633
3.5503
3.62426
3.51331
3.36538
2.81065
3.10651
3.25444
3.43935
3.21746
3.3284
3.18047
2.99556
3.06953
2.77367
2.9216
2.77367
3.06953
3.18047
2.77367
2.9216
2.9216
3.47633
3.21746
3.99408
4.43787
5.02959
4.69675
4.54882
4.10503
3.3284
3.51331
3.84615
3.58728
3.47633
4.65976
4.73373
5.02959
5.73225
5.76923
5.65828
5.36243
5.06657
3.99408
3.84615
3.69822
3.5503
3.62426
3.47633
3.29142
3.03254
3.29142
3.21746
3.40237
3.58728
3.47633
2.95858
2.44083
2.21893
2.21893
8.02515
8.43195
9.02367
9.61538
10.503
11.3536
10.9837
11.7973
11.3905
10.9837
11.7604
11.9083
11.7234
11.9453
11.5754
11.5015
11.5385
11.0207
10.466
10.7988
11.0947
11.2056
11.2056
11.9083
8.17308
8.69083
8.02515
7.5074
7.02663
7.02663
6.76775
6.13905
8.65385
9.13462
9.5784
9.39349
9.98521
10.2071
10.503
9.28254
11.3166
6.02811
5.8432
6.76775
6.80473
6.50888
6.54586
6.95266
6.47189
5.76923
5.69527
5.39941
5.36243
5.17751
5.14053
5.58432
4.80769
7.02663
6.8787
6.32396
6.76775
7.32249
7.06361
7.17456
7.17456
6.98964
6.6568
7.06361
7.06361
7.21154
6.91568
7.32249
7.43343
5.6213
5.43639
5.51036
5.47337
5.32544
5.32544
4.73373
5.17751
8.57988
9.54142
9.5784
9.83728
9.87426
9.8003
10.1331
9.35651
9.43047
7.9142
7.2855
6.06509
6.02811
5.2145
5.65828
5.32544
5.17751
4.14201
3.80917
3.40237
3.06953
2.62574
2.51479
1.96006
2.21893
4.21598
4.32692
4.47485
4.21598
4.54882
4.25296
4.17899
4.28994
4.17899
3.88314
3.84615
3.88314
3.84615
3.69822
3.51331
3.40237
4.10503
4.25296
4.17899
3.92012
4.17899
4.54882
4.80769
4.32692
4.65976
4.14201
4.62278
4.36391
4.14201
4.14201
4.36391
4.10503
3.88314
3.21746
3.29142
3.06953
3.40237
3.14349
3.14349
3.06953
2.6997
2.40385
2.2929
2.62574
2.47781
2.73669
3.10651
3.43935
3.36538
2.81065
2.84763
2.99556
2.81065
3.14349
2.99556
3.10651
2.62574
4.32692
4.28994
4.06805
4.84467
5.17751
5.88018
5.8432
5.47337
10.0222
10.0592
9.61538
9.43047
9.43047
9.28254
8.83876
8.46893
6.58284
6.73077
6.58284
6.69379
6.98964
6.50888
6.02811
5.99112
6.10207
8.06213
7.06361
7.54438
7.24852
6.84172
6.58284
6.50888
5.58432
5.73225
5.8432
5.80621
6.58284
6.58284
6.69379
7.5074
7.9142
1.88609
2.10799
1.96006
1.84911
1.96006
1.55325
1.73817
1.62722
2.62574
2.95858
2.9216
2.6997
2.6997
2.62574
2.58876
2.62574
9.91124
9.72633
8.91272
8.61686
8.72781
8.39497
8.28402
8.21006
9.02367
8.69083
8.76479
9.02367
8.72781
9.5784
9.94822
9.68935
9.5784
4.21598
4.03107
3.18047
3.73521
3.47633
3.40237
3.43935
3.51331
5.17751
5.39941
5.02959
5.06657
4.91864
5.17751
4.80769
4.73373
8.98669
9.24556
8.76479
8.28402
8.13609
8.39497
7.80325
8.39497
2.10799
2.14497
2.66272
2.84763
3.10651
3.29142
3.69822
3.62426
2.66272
2.88462
2.58876
2.66272
2.40385
2.21893
2.21893
2.21893
2.18195
5.65828
4.84467
4.36391
4.40089
4.69675
4.32692
4.32692
4.62278
5.8432
5.99112
6.25
6.36095
6.25
6.36095
6.69379
6.43491
7.21154
7.32249
7.65533
7.72929
7.32249
7.47041
8.02515
7.58136
10.429
10.0962
10.9837
11.4645
11.7973
11.9453
11.8343
12.0932
12.2781
12.8698
12.6479
11.6864
10.9098
9.68935
9.02367
8.09911
3.80917
3.92012
3.9571
3.58728
3.51331
3.5503
2.99556
2.58876
1.96006
1.70118
1.44231
1.77515
1.88609
2.25592
2.14497
2.51479
2.2929
7.13757
7.43343
6.8787
8.13609
7.65533
7.98817
8.32101
8.32101
6.21302
6.02811
6.21302
5.69527
5.69527
4.43787
4.28994
4.32692
3.62426
3.80917
3.69822
3.3284
3.47633
3.18047
3.40237
3.36538
5.47337
5.73225
6.36095
6.84172
6.98964
7.5074
7.84024
8.13609
8.50592
5.54734
5.47337
5.28846
5.25148
5.28846
4.17899
3.58728
3.62426
5.14053
4.5858
5.10355
5.17751
5.88018
5.51036
6.54586
6.28698
9.72633
9.65237
9.5784
10.2441
9.39349
9.61538
9.43047
9.50444
7.98817
8.13609
7.39645
7.2855
6.47189
6.43491
5.76923
5.91716
6.98964
7.02663
7.17456
7.32249
7.58136
7.65533
7.80325
7.65533
7.65533
7.5074
8.46893
8.02515
9.31953
8.43195
8.83876
8.83876
9.13462
4.69675
4.51183
4.32692
4.65976
4.47485
4.54882
4.14201
3.80917
7.43343
7.84024
7.76627
7.87722
8.28402
8.46893
9.1716
9.35651
11.4645
11.5754
11.4645
11.0947
11.6864
11.1686
10.9098
10.5769
5.06657
4.40089
4.10503
4.14201
3.77219
3.47633
3.62426
3.43935
6.50888
6.98964
5.69527
6.06509
5.88018
5.14053
5.28846
5.2145
5.14053
7.54438
6.91568
6.8787
7.21154
8.09911
8.09911
8.13609
8.28402
8.83876
9.5784
9.09763
9.5784
9.09763
8.69083
8.91272
9.06065
4.69675
4.25296
4.32692
4.5858
4.91864
4.88166
5.2145
5.43639
4.14201
4.5858
4.77071
4.62278
4.69675
5.14053
4.95562
5.06657
7.80325
7.47041
8.32101
8.35799
8.39497
8.50592
9.39349
9.39349
9.24556
9.20858
9.13462
9.1716
8.91272
8.76479
8.69083
8.61686
9.06065
4.69675
4.84467
5.10355
4.95562
4.88166
4.25296
4.17899
4.03107
3.77219
3.36538
3.14349
3.51331
3.43935
3.47633
3.29142
3.14349
7.21154
6.98964
7.17456
7.58136
7.35947
7.80325
7.39645
8.06213
5.73225
6.21302
5.99112
6.13905
6.10207
6.28698
6.43491
6.54586
3.92012
4.32692
4.32692
3.84615
4.21598
3.77219
3.58728
3.62426
5.95414
5.6213
5.69527
5.73225
5.80621
6.10207
5.69527
5.17751
5.69527
11.9822
12.3151
12.2041
12.1672
12.7959
12.7589
12.5
12.6849
12.9808
13.4615
12.7959
13.0547
13.1287
13.2766
13.0547
12.9808
4.95562
5.02959
5.14053
4.80769
5.10355
5.06657
4.88166
4.51183
3.14349
3.03254
2.58876
2.40385
2.51479
2.32988
2.58876
2.51479
10.8358
10.466
10.2441
11.2056
11.1686
11.3536
11.4275
11.5385
10.9467
4.73373
4.88166
4.9926
5.39941
5.32544
5.25148
4.80769
4.5858
3.43935
3.21746
2.73669
2.6997
2.10799
2.2929
2.03402
1.96006
8.57988
7.5074
8.02515
7.2855
6.95266
7.02663
7.61834
8.72781
9.1716
9.24556
9.83728
10.466
9.98521
9.8003
10.5769
10.392
4.69675
4.69675
5.80621
5.8432
6.10207
6.47189
6.73077
6.6568
6.69379
6.69379
6.58284
6.17604
6.02811
6.06509
6.21302
6.28698
6.8787
9.13462
9.39349
8.9497
9.46746
9.94822
10.0592
10.1331
10.6139
5.14053
4.80769
4.47485
3.88314
3.66124
3.3284
3.06953
2.58876
3.51331
3.47633
3.10651
3.03254
2.99556
2.36686
2.62574
3.18047
6.54586
7.21154
6.36095
5.91716
5.99112
5.6213
6.06509
5.8432
5.14053
5.47337
5.54734
5.73225
5.69527
6.69379
7.10059
7.32249
7.72929
1.84911
1.77515
2.32988
2.14497
2.51479
2.25592
2.14497
2.14497
6.28698
5.8432
6.43491
5.73225
5.91716
6.10207
6.25
6.80473
9.46746
9.72633
9.1716
9.13462
9.31953
8.72781
8.24704
7.98817
8.35799
7.84024
7.9142
7.61834
6.84172
7.21154
7.24852
7.21154
5.65828
6.39793
6.43491
5.88018
6.25
6.13905
6.50888
6.54586
4.62278
4.88166
4.77071
4.40089
4.17899
4.17899
3.88314
3.29142
3.25444
3.03254
2.6997
2.40385
2.47781
2.36686
2.36686
2.2929
2.25592
9.28254
7.9142
8.02515
8.21006
7.80325
7.72929
8.06213
8.17308
8.43195
7.9142
7.98817
8.43195
9.06065
8.43195
8.57988
7.9142
3.73521
3.80917
4.28994
4.10503
3.77219
3.99408
3.47633
3.88314
5.2145
4.47485
4.69675
5.32544
4.95562
4.91864
4.9926
5.14053
10.2811
10.6509
10.7988
10.9467
10.6139
10.7618
10.5769
10.6509
10.6879
10.466
10.9098
11.0577
11.1686
11.4275
11.5385
10.9837
11.0947
6.10207
6.02811
5.76923
5.47337
5.17751
4.47485
4.62278
3.77219
4.03107
3.66124
4.06805
4.36391
4.62278
4.5858
4.5858
4.62278
7.5074
7.32249
7.17456
6.84172
7.43343
7.43343
7.2855
7.5074
8.24704
8.5429
7.98817
8.21006
7.54438
8.32101
8.24704
8.83876
9.35651
4.84467
5.06657
4.5858
4.54882
4.32692
4.47485
4.80769
4.40089
4.69675
4.47485
4.54882
4.77071
5.06657
4.9926
5.17751
5.28846
9.68935
9.65237
10.7618
10.429
10.8728
9.94822
10.1331
9.72633
6.02811
6.13905
6.28698
6.02811
5.91716
6.17604
6.10207
5.99112
3.88314
4.14201
4.10503
4.40089
3.88314
3.80917
3.77219
3.14349
4.80769
4.43787
3.99408
4.14201
3.84615
3.66124
3.92012
3.66124
3.62426
3.99408
4.14201
4.40089
4.65976
4.25296
4.5858
4.84467
5.10355
3.25444
3.21746
3.10651
3.03254
3.06953
2.84763
2.47781
2.32988
2.25592
2.18195
2.14497
2.32988
2.73669
3.29142
3.29142
3.10651
4.73373
5.65828
5.69527
6.54586
6.84172
7.5074
7.65533
7.5074
3.73521
3.69822
3.51331
3.66124
3.84615
3.51331
3.77219
3.36538
3.99408
2.73669
2.66272
2.58876
2.32988
2.18195
2.14497
2.2929
2.66272
4.10503
4.28994
4.54882
4.40089
3.73521
4.03107
3.84615
3.9571
3.9571
4.03107
3.62426
3.62426
3.77219
3.92012
4.10503
3.99408
3.92012
4.17899
4.84467
5.02959
5.39941
5.51036
5.43639
5.36243
5.69527
5.6213
5.91716
5.54734
5.36243
5.51036
5.54734
6.06509
5.51036
5.25148
5.65828
5.80621
5.47337
5.36243
5.8432
5.39941
5.43639
4.36391
4.54882
4.47485
4.43787
4.65976
4.47485
4.91864
4.84467
3.14349
3.51331
3.51331
3.73521
3.9571
3.29142
2.99556
3.18047
4.25296
3.99408
4.17899
3.99408
3.36538
3.62426
3.73521
3.77219
4.36391
4.17899
4.21598
4.14201
3.9571
3.92012
3.84615
3.66124
3.47633
3.77219
3.47633
3.29142
3.29142
2.99556
3.3284
3.18047
3.62426
3.69822
3.77219
3.84615
4.06805
4.17899
4.06805
4.17899
4.40089
4.80769
4.5858
4.28994
4.73373
5.58432
5.17751
5.65828
5.95414
7.69231
8.17308
8.61686
8.72781
8.98669
9.72633
9.20858
9.24556
10.355
11.3905
11.8713
11.9453
11.9822
12.1302
11.7973
11.9453
9.87426
10.2071
9.20858
8.9497
7.98817
7.76627
7.72929
7.10059
3.43935
3.21746
3.25444
3.14349
3.03254
2.84763
3.51331
3.18047
2.14497
2.18195
1.92308
1.84911
1.84911
1.47929
1.55325
1.47929
1.70118
7.47041
7.10059
8.32101
8.50592
8.91272
8.06213
8.02515
8.91272
10.0592
10.318
11.0577
11.1686
11.3905
11.0207
10.8728
10.503
9.31953
9.31953
9.31953
9.5784
10.392
10.8728
10.9098
11.4275
5.32544
4.95562
4.91864
4.14201
3.80917
3.58728
3.62426
3.40237
5.10355
4.5858
4.28994
3.99408
4.14201
4.10503
3.73521
3.99408
3.9571
5.88018
5.6213
5.39941
4.91864
4.84467
4.5858
4.54882
4.47485
4.77071
4.88166
5.25148
4.65976
4.77071
4.73373
4.95562
4.84467
3.84615
3.66124
3.58728
3.9571
3.69822
3.77219
3.58728
3.40237
2.77367
2.6997
2.58876
2.62574
2.62574
2.58876
2.47781
2.81065
8.72781
8.69083
9.20858
9.50444
9.39349
9.98521
9.24556
9.06065
5.32544
5.17751
5.14053
5.06657
4.65976
4.88166
4.5858
5.28846
5.14053
2.32988
2.2929
2.18195
2.07101
1.81213
1.62722
1.51627
1.77515
3.10651
3.29142
3.36538
3.14349
3.25444
2.95858
2.99556
3.06953
5.10355
5.02959
5.17751
5.25148
5.10355
4.77071
5.10355
4.95562
4.84467
4.5858
4.25296
4.43787
4.43787
4.80769
5.06657
4.25296
2.81065
2.51479
2.32988
2.62574
2.36686
2.44083
2.2929
2.07101
2.03402
2.21893
1.77515
1.96006
1.96006
1.88609
1.84911
2.07101
2.03402
4.43787
4.51183
4.36391
4.77071
4.84467
4.65976
4.80769
4.95562
3.40237
3.18047
3.3284
3.18047
2.99556
3.06953
3.58728
2.66272
1.88609
1.73817
1.81213
1.77515
1.6642
1.55325
1.73817
1.77515
3.58728
3.40237
3.40237
3.36538
3.43935
3.25444
3.62426
3.40237
5.69527
5.80621
6.25
6.06509
6.50888
6.54586
6.28698
6.36095
6.6568
8.87574
8.87574
9.5784
9.50444
9.39349
10.392
10.2811
10.1331
6.91568
6.69379
6.61982
5.14053
4.84467
4.28994
4.47485
4.14201
4.47485
4.73373
4.62278
5.06657
5.02959
4.9926
5.32544
5.17751
3.25444
3.80917
4.36391
4.28994
4.65976
4.65976
5.14053
5.54734
2.32988
1.96006
2.03402
1.92308
2.07101
1.62722
1.70118
1.88609
6.58284
6.36095
6.80473
6.58284
6.28698
6.36095
6.36095
6.50888
6.06509
7.2855
6.98964
5.47337
4.9926
3.99408
4.36391
3.66124
3.5503
4.88166
4.73373
4.77071
4.77071
4.62278
4.65976
4.84467
5.17751
2.88462
2.88462
3.36538
3.14349
3.18047
3.47633
3.51331
3.5503
2.32988
2.40385
1.92308
1.99704
1.81213
1.92308
1.81213
1.92308
1.77515
1.92308
1.81213
2.21893
2.36686
1.99704
2.47781
2.58876
2.47781
3.51331
3.69822
3.66124
3.77219
3.51331
3.62426
3.62426
3.47633
2.03402
1.88609
1.96006
1.81213
1.73817
1.88609
1.84911
2.18195
2.6997
2.44083
2.18195
2.36686
2.21893
2.2929
2.73669
2.40385
2.2929
2.25592
2.32988
2.36686
2.32988
2.25592
2.32988
2.25592
2.6997
2.55178
2.73669
2.32988
2.44083
2.55178
2.66272
2.40385
3.21746
2.58876
2.88462
2.81065
2.81065
2.51479
2.77367
2.81065
2.81065
2.9216
2.73669
2.55178
2.77367
2.73669
2.77367
2.58876
2.6997
2.73669
2.62574
2.66272
2.88462
2.9216
2.66272
2.62574
2.44083
3.10651
2.99556
2.81065
2.77367
3.18047
3.21746
3.03254
2.6997
3.25444
3.14349
3.14349
3.29142
3.3284
3.18047
3.21746
3.14349
2.84763
2.77367
2.95858
3.29142
2.84763
3.10651
2.99556
3.10651
2.81065
3.03254
3.10651
3.21746
2.9216
3.03254
2.77367
2.9216
3.18047
2.07101
2.2929
2.2929
2.40385
2.47781
2.47781
2.62574
2.47781
1.99704
1.99704
1.84911
1.6642
1.6642
1.84911
1.81213
1.70118
2.14497
2.44083
2.36686
2.2929
2.25592
2.62574
2.62574
2.51479
3.06953
3.03254
3.03254
3.47633
3.25444
3.5503
3.69822
3.58728
3.36538
3.43935
3.40237
3.29142
3.47633
3.25444
3.51331
3.36538
3.36538
2.44083
2.73669
2.81065
2.73669
2.51479
2.81065
2.51479
2.66272
4.03107
4.10503
3.5503
3.5503
3.80917
3.80917
3.66124
3.5503
4.28994
4.51183
4.25296
4.14201
4.40089
4.06805
4.62278
4.25296
3.84615
3.5503
3.80917
3.99408
4.10503
3.73521
3.9571
3.9571
3.3284
3.03254
3.14349
2.84763
3.10651
2.9216
3.10651
3.40237
3.14349
3.18047
3.06953
2.99556
3.10651
3.18047
3.3284
3.03254
3.21746
3.03254
3.3284
3.29142
3.14349
3.10651
3.29142
3.06953
3.3284
2.95858
2.95858
2.95858
3.06953
3.14349
2.73669
2.99556
2.81065
2.9216