78.3338
78.5905
79.317
79.3295
79.6648
80.1438
79.6256
80.495
80.8624
81.8122
82.2298
82.5727
82.1491
81.5909
84.0107
84.3797
84.3171
83.4173
81.6056
82.513
84.2869
82.8565
81.0015
79.7237
79.6993
79.5134
77.5671
77.1883
75.9013
75.6919
75.2126
74.5926
73.6465
73.3297
73.0713
72.9829
74.8477
75.9301
76.4831
77.4732
78.5243
78.8096
79.3126
79.2745
79.9787
81.6573
82.6527
82.0385
81.1378
80.4482
80.1862
82.8652
83.5027
84.5602
82.0456
80.1425
80.0626
79.6608
79.2105
79.5261
77.5641
76.8527
76.5496
76.836
75.3753
74.3267
74.5329
74.089
74.1919
73.9765
73.8703
74.1775
75.0825
75.9999
76.5939
77.6046
78.7978
78.9057
79.4152
79.8162
80.656
81.2631
81.0844
80.9437
83.2036
83.7364
84.009
83.9062
82.6645
82.0594
82.7612
83.9264
82.8319
82.3807
80.779
80.1375
79.2761
78.3422
76.2882
76.3644
74.9339
72.8537
73.1015
72.6217
72.6855
73.2073
73.3418
74.2246
73.8927
73.4989
73.7231
75.4277
75.9259
76.6429
77.2398
77.9433
79.2
79.5558
79.6027
79.5501
80.3192
81.6741
82.5775
82.5732
83.0145
83.919
83.4796
84.1078
83.7714
82.2463
81.9553
81.029
82.2254
82.0562
82.5138
82.6792
82.7967
82.6852
82.3785
81.9446
82.1342
82.0244
81.7282
81.7783
81.6075
81.7422
81.8914
81.9261
81.9103
82.0357
82.2721
82.7108
82.9464
82.7296
82.3221
82.4416
82.9973
82.0398
81.6669
81.5191
81.8849
82.3895
82.8862
83.1195
83.7382
82.9626
82.3996
82.3595
83.493
83.8715
83.7988
84.225
84.4786
84.4003
84.2946
84.1385
84.1222
84.0675
83.697
82.5668
82.4483
82.9079
84.0164
83.7925
82.6733
82.1512
81.5365
81.1898
81.3079
82.4408
81.4119
82.4178
81.3947
82.9697
84.4144
83.8936
83.7406
84.4059
83.2392
83.1915
81.208
82.2954
83.5379
83.0791
82.7539
82.5669
82.3618
81.176
80.517
80.3424
80.2813
79.851
80.5463
81.3832
81.9814
81.8616
82.4264
83.2849
81.3437
81.8237
83.0916
83.7982
84.1114
83.6325
83.6879
83.5244
82.2982
81.9679
84.0275
83.7657
84.2141
83.4438
83.1224
82.7277
82.8814
82.345
82.1216
82.0055
81.1792
80.4064
79.3782
79.407
79.6377
79.1595
79.3143
79.1271
79.2712
78.7134
78.0909
77.3738
77.9873
78.3521
78.9896
80.0882
80.2439
80.1658
79.1436
79.0508
80.5358
81.504
80.9977
82.1129
81.771
82.4364
83.029
81.467
81.202
82.7204
82.4975
80.8629
79.2554
78.2155
77.3477
76.5516
77.4745
78.5762
81.0688
81.7628
79.5028
82.8115
86.8716
88.569
86.3944
82.9508
87.1257
85.5825
82.8453
81.0199
77.7488
75.0844
78.5305
81.2473
82.0649
80.339
78.5679
78.0061
78.6762
79.9766
79.5027
78.4704
77.4058
75.5111
77.3417
79.9175
80.3032
82.1997
81.4479
83.9085
82.1222
82.6868
82.1439
78.7956
78.6161
79.6029
79.3125
78.4501
77.4198
77.5034
85.3762
84.899
85.866
85.7042
82.5213
87.8185
85.021
85.9374
81.3311
80.38
83.3325
83.46
82.6192
81.7341
82.0415
83.3455
83.8434
83.8619
84.0098
83.4037
82.6931
82.8241
82.2855
82.0329
82.4349
83.2276
83.6735
82.4685
82.4379
82.5199
82.1231
83.0272
84.8262
84.4438
81.9118
83.4763
85.5117
85.0015
83.5396
83.4649
84.4827
84.5615
83.5981
82.1344
81.8629
81.9043
81.8335
84.4306
85.1016
84.1077
82.596
82.7331
87.1981
87.7951
84.2796
81.1362
79.65
81.959
82.3624
83.0439
84.2501
86.1854
87.4113
85.7882
85.7626
84.6119
85.6735
86.2681
84.2044
83.2834
83.2411
84.5293
84.9276
85.0693
85.1099
85.2981
85.1693
85.4079
84.6021
83.8444
84.6095
84.7832
84.1487
84.6988
85.0915
85.1433
85.2341
84.8872
84.606
84.8159
84.6225
84.2927
84.2062
84.2413
84.1218
84.0863
83.8435
83.9245
84.0643
83.9048
83.9406
84.0112
83.9296
84.0014
83.7883
83.8968
83.8926
83.8779
83.9096
84.0781
84.004
84.0793
83.9596
83.9863
83.9407
84.0107
83.8466
83.9438
83.8959
83.8818
84.0331
83.8004
83.8761
83.8303
84.1283
83.9825
84.0038
83.9058
83.94
83.8814
84.1787
84.0624
83.9037
83.8074
84.1283
83.8836
83.9561
84.0191
84.0274
83.8827
84.0051
83.8492
83.9783
84.0963
83.8794
83.9622
83.9016
84.0398
83.8639
84.0889
83.9827
84.0864
83.9253
83.9427
83.9528
84.0392
84.0696
83.9966
84.044
83.869
84.0232
83.854
83.916
84.0596
83.9518
83.9938
83.9031
84.0245
84.1327
83.9707
84.1091
84.0191
83.9552
84.0072
84.1187
83.9365
83.9188
83.8735
83.9544
83.9602
83.8812
83.9812
83.747
84.0517
84.0222
84.0052
84.0467
84.1118
84.1251
83.8994
83.9207
83.8058
83.9687
83.8787
83.9235
83.8201
83.7408
83.9937
83.981
83.9306
83.8676
84.7468
84.6177
84.6262
84.5742
84.5884
84.6471
84.6725
84.6739
84.678
84.5582
84.7096
84.6234
84.816
84.7896
84.4677
84.6471
84.6205
84.6035
84.6548
84.6635
84.6187
84.6989
84.6523
84.6559
84.7302
84.5793
84.7305
84.717
84.6444
84.7585
84.6046
84.9615
84.7038
84.8547
84.7434
84.6523
84.7147
84.6469
84.6362
84.6088
84.7517
84.5613
84.7976
84.6181
84.6657
84.6395
84.7043
84.6548
84.6108
84.829
84.7738
84.7157
84.4129
84.7378
84.7074
84.5316
84.8302
84.6628
84.6221
84.4405
84.6862
84.706
84.9466
84.646
84.5515
84.6828
84.6094
84.8057
84.6203
84.6781
84.7355
84.7049
84.6086
84.8487
84.7356
84.7024
84.6197
84.7496
84.5036
84.7267
84.7133
84.6739
84.7041
84.7594
84.6899
84.711
84.7571
84.908
84.6882
84.6496
84.5477
84.3508
84.6046
84.5146
84.6172
84.7139
84.6805
84.7865
84.7243
84.4583
84.6639
84.6056
84.6489
84.4386
84.2939
84.2206
84.3385
84.2057
83.6214
83.5985
83.5848
83.6803
83.4671
83.2551
83.5118
83.2622
83.4608
83.668
83.8071
83.7825
83.7611
83.4079
83.3818
83.6879
83.5899
83.2372
83.4696
83.7786
83.3028
83.3947
83.1255
83.9823
83.4258
83.722
83.3928
83.7615
83.5221
84.0672
83.726
83.9035
83.579
83.5428
82.8118
83.0769
82.9965
83.0293
83.4234
83.4564
83.3696
83.103
83.1754
82.9578
83.381
83.3882
83.1807
83.1531
83.1807
82.902
83.1057
82.9514
83.0231
83.1396
82.9871
82.9622
82.8757
82.989
82.884
82.9601
82.9975
83.0522
83.0395
83.2675
83.075
83.463
83.2297
83.2842
83.02
83.5293
83.1227
83.2453
82.9366
83.3858
83.1414
83.2245
83.2153
83.1584
83.2542
83.2442
83.2126
83.0348
83.217
83.4261
83.3456
83.2237
83.2011
83.2496
83.3048
83.2143
83.2114
83.1546
83.1314
83.118
83.016
83.1642
83.0852
82.9914
83.1786
83.1957
83.1466
83.2596
83.2454
83.1793
83.1738
83.2154
83.169
83.2079
83.1929
83.2281
83.1613
83.201
83.217
83.2303
83.1515
83.2717
83.2009
83.0959
83.3232
83.2085
83.1524
83.2806
83.0631
83.2599
83.1992
83.14
83.2232
83.2241
83.1952
83.0415
83.2701
83.0918
83.1805
83.2501
83.1805
83.1586
83.1072
83.2836
83.0782
83.1229
83.1988
83.1856
83.193
83.1484
83.1434
83.2211
83.2456
83.2307
84.8748
83.9497
84.3362
84.2698
84.345
84.4084
84.2015
84.2871
84.229
84.345
84.1206
84.3226
84.0421
84.071
84.2045
84.1056
84.5272
84.308
84.1113
84.317
83.9035
84.1499
83.985
83.7721
83.8116
84.0222
84.2459
84.4078
83.77
84.1381
84.5682
83.9595
84.2911
84.1174
84.2064
84.3128
83.9864
84.0263
84.0351
83.5097
83.739
84.2125
83.7799
84.0712
83.9577
83.9934
84.0709
84.1444
84.3052
84.3743
84.0922
84.299
84.1417
83.982
84.1853
84.1413
84.14
84.2104
84.1588
83.8916
84.3069
84.1256
84.0925
84.1123
83.9257
83.9599
83.9199
84.0925
84.1464
84.1784
84.3924
84.2108
84.1871
84.0652
84.3805
83.9983
84.0284
84.0807
84.2016
84.0617
84.115
84.2632
84.1091
84.2068
84.1527
84.1525
83.9661
84.1253
84.0636
84.1564
84.1677
84.1516
84.1983
84.1904
84.194
84.1931
84.2291
84.0838
84.0182
84.0595
84.0154
83.8938
83.8881
84.1948
84.2195
84.0367
84.183
84.0974
84.2894
84.3246
83.9919
84.1243
84.2711
84.119
84.0052
84.1017
84.2234
85.0203
85.8204
86.6292
86.6231
86.6335
87.671
88.0714
87.2589
86.4435
87.0795
84.4332
84.0425
83.7661
83.0543
81.6625
80.8502
80.0371
78.6367
78.7282
80.2525
80.9292
80.8753
80.4851
80.2287
79.6513
79.7391
80.6502
82.6633
82.6607
82.4213
83.1189
83.1442
82.2424
81.7427
80.65
79.6711
77.5862
75.8395
75.2238
75.3634
75.3347
74.641
74.675
74.1891
73.8322
73.7742
73.4513
74.0995
74.4642
74.4673
74.9474
75.0513
74.8596
74.5248
74.7107
75.2851
75.6655
75.5191
75.3894
74.768
74.729
73.9831
74.212
73.753
73.1738
73.2715
73.84
74.2834
75.3047
75.9729
77.6013
77.1888
77.3998
77.7396
77.0612
76.1698
74.3492
74.1711
73.6319
73.5506
73.8768
74.3327
73.854
73.2629
73.1788
72.8851
72.7778
72.5979
72.2593
72.0365
72.1932
72.2438
72.4544
72.6352
72.4275
72.7505
72.984
72.6658
73.0118
73.0629
72.7724
72.9781
72.7727
72.854
72.8764
73.254
72.8429
72.7955
71.8158
71.3468
70.3745
71.0336
71.7569
71.3713
71.6783
72.0718
71.8514
72.0225
71.7592
71.4764
70.8763
69.9532
68.906
68.0246
67.8616
67.2149
66.2067
65.224
65.2636
65.5362
65.1058
64.9334
64.8244
64.5777
64.136
64.4488
64.0898
63.5071
63.7775
63.5761
63.8964
63.953
63.9421
64.7313
64.3156
63.9961
64.0917
64.1739
64.1419
64.0668
64.7259
64.8351
64.4738
64.6506
64.3862
64.6962
64.4491
64.2269
64.3609
64.1791
64.1431
64.0353
63.8285
64.27
64.6669
64.6721
65.1404
65.3675
65.8066
66.2508
65.4314
65.2302
65.1417
66.676
66.5132
66.6675
65.4768
65.4155
65.3906
65.716
65.428
65.5266
65.1309
65.2952
65.7353
65.0003
65.5839
65.6831
65.9144
65.8892
65.7727
66.0823
66.1084
66.8823
66.9259
67.1052
67.2255
66.9421
66.1358
66.1212
66.4172
65.9097
65.7129
66.0233
65.7052
66.2538
66.2381
66.1124
66.1237
66.0567
66.0135
66.1897
66.1917
66.3416
66.6963
66.9721
66.4891
66.4124
66.3386
65.8499
65.4472
65.5953
65.9
66.3558
66.5291
67.242
67.9196
68.7608
70.1074
71.5339
72.2207
72.7719
72.491
72.1285
72.9106
72.9565
73.1712
73.1171
74.0376
75.0799
76.0332
76.5721
76.9626
77.0357
77.0193
76.5253
76.4244
75.7377
75.7158
75.2296
73.7955
74.6421
76.0513
77.9282
77.6812
77.8004
77.5148
76.6311
76.9721
76.5537
76.488
76.6003
76.8314
76.7375
77.0275
76.9834
77.3275
76.9491
76.4241
77.1278
77.3246
77.4918
77.7336
77.7578
78.0205
77.5628
77.0897
77.2231
77.2238
77.1617
76.024
74.561
74.1481
73.4358
72.9345
73.2925
73.7424
73.7686
73.4474
73.9249
74.0062
73.8483
73.5825
72.7319
72.6986
72.6514
72.7053
72.7976
72.8792
72.8198
72.7576
72.3471
72.9514
73.4246
73.7918
73.1049
72.6793
72.5479
72.9048
73.0939
72.9755
72.6289
72.2403
73.1852
72.7407
73.0724
73.3593
73.6946
74.1671
74.3136
74.0773
73.9947
74.4073
74.5507
74.0429
74.533
74.2238
73.6885
73.8992
73.6485
73.9373
73.8031
73.7017
73.4295
73.4462
73.0361
72.4387
72.604
72.5931
72.3334
72.5518
72.4322
72.2462
72.2402
72.1329
71.4106
71.5579
71.4225
71.2032
71.2055
71.2656
71.2668
71.3709
71.5072
71.7392
71.2998
70.4029
69.9193
69.4124
69.1065
68.6256
68.0396
68.0514
67.5438
66.9911
66.6585
65.6776
65.0879
64.6201
64.5866
64.0147
64.1349
63.9915
64.0067
63.6944
64.2285
64.3811
64.1837
64.3187
64.2625
64.4058
64.0622
63.6545
63.8408
63.3636
63.7733
63.9463
63.843
63.6435
62.8585
62.606
62.4893
62.1323
62.3315
61.8547
62.0673
62.1787
62.6877
63.4074
64.9633
65.5348
65.9984
67.1036
68.2871
68.5426
68.459
68.3254
68.2928
67.482
66.6599
66.4353
66.7566
66.0273
64.9804
63.3123
61.7885
60.2917
58.9732
58.4689
58.0026
58.2479
58.4521
59.6523
60.8448
61.0656
60.6869
60.9691
60.8278
60.973
60.9997
60.7447
60.0356
59.682
60.6191
61.7766
61.4663
62.8726
63.6267
62.7011
61.7035
61.4683
60.9842
61.645
62.3022
62.4273
62.507
61.6953
61.4488
60.3315
60.4477
60.005
59.8413
59.2912
59.4006
58.7688
58.9875
59.1974
58.756
58.8666
59.2558
59.4159
59.2484
59.4374
60.6359
60.9748
61.6591
62.1808
61.4054
61.5263
62.2087
61.6527
61.6864
61.4897
61.3814
61.7284
60.4569
59.341
58.8785
58.0251
57.2613
56.2861
55.8809
56.1422
56.5272
56.9652
57.4974
58.6654
57.3384
57.1467
56.7586
56.5812
57.0516
56.8973
56.9765
56.937
57.2177
58.0155
57.2523
57.3683
58.0116
58.5547
57.4963
58.5959
58.1251
58.5541
59.0869
59.2309
59.0929
59.7031
59.1447
59.8822
59.7733
59.7295
59.9319
59.0511
59.2909
59.4721
59.3155
59.5417
58.5477
58.5823
58.4066
57.406
57.4189
57.6024
58.0386
58.4896
57.5389
58.2774
58.5537
58.5954
57.0894
57.1528
56.4914
56.1606
56.6848
56.9388
56.7576
56.4443
57.2332
56.9344
56.9898
56.8729
56.2409
56.4899
55.3561
56.0144
55.8905
55.7813
56.8366
57.2141
57.6507
57.6166
57.6827
57.1087
56.6344
55.9422
56.2171
55.8758
55.1344
55.4378
54.5249
53.8885
53.689
54.0007
53.2343
53.1645
53.4459
53.3358
54.2884
54.1388
54.4488
54.1084
54.4743
54.824
54.4574
54.1636
54.5606
55.1756
55.8294
56.2436
55.5888
55.661
55.099
55.4446
55.7554
55.3584
55.4714
55.9678
55.8916
55.4158
55.1049
55.3617
55.2211
55.0574
55.7617
54.7945
54.8266
54.9989
55.5403
55.1505
55.5274
55.2139
55.8734
56.4055
56.1051
55.8613
55.8663
55.1363
54.4414
53.9288
54.5599
54.5701
54.1165
53.8921
53.9328
54.356
54.4333
54.7259
55.167
54.8044
55.2808
55.3945
56.2568
56.33
56.0182
54.3269
53.9605
53.6489
52.7495
52.5503
51.8212
52.058
51.6788
51.1849
50.6169
50.3108
50.4188
50.7724
50.5617
50.6647
51.3728
52.0225
50.6352
50.581
51.0061
51.3733
52.7984
53.3614
54.0231
54.9762
54.7555
54.6654
55.0887
55.55
56.5494
54.1318
54.4921
54.2314
54.0237
53.7486
52.6503
51.3896
50.5818
50.7432
52.904
52.3295
52.0863
51.8835
50.5941
50.3674
49.2537
49.8694
49.3963
49.0377
49.7292
49.5442
49.9123
49.5997
50.2976
49.0302
48.4476
47.9732
48.8931
48.2484
47.9431
49.387
49.7188
49.7028
49.7861
49.1572
50.1704
50.2891
52.1537
50.6311
45.9124
45.109
44.3212
48.181
48.0539
48.6764
46.3496
48.088
48.5448
52.0225
52.1988
53.7682
54.2434
55.2315
54.9917
52.48
52.8674
52.2551
52.9226
53.1397
52.4825
50.0324
50.31
49.7134
50.3163
50.3341
51.3021
50.6876
49.7953
49.9134
51.7859
51.5771
51.4808
59.3154
60.2945
61.8295
53.8578
53.9867
53.5864
52.4792
52.3645
52.3236
52.2442
52.4979
53.3619
53.2559
52.4865
52.256
52.5588
52.1927
51.0062
50.1678
50.3683
51.3112
52.0361
52.7771
52.6494
51.8621
52.0327
51.4051
51.2667
50.1139
51.1672
51.0115
50.9916
50.6302
49.9933
48.8444
48.6861
47.1621
47.6193
47.3593
47.6261
48.5744
49.9384
49.3803
48.977
48.724
48.4786
49.0727
49.321
49.699
49.434
49.4516
47.9538
47.1172
45.8671
45.5887
45.0945
45.0053
44.8235
44.5751
43.512
42.3928
40.7471
40.8083
40.3735
38.8808
38.7489
39.1851
39.4064
39.7571
40.6954
41.1459
41.5096
42.0779
41.608
42.5192
41.8275
42.8716
43.4799
43.1624
45.1818
45.3605
45.1684
45.8398
45.5592
44.5285
44.5214
43.4823
41.8879
41.1981
42.9093
44.827
46.1609
46.1955
44.9407
44.2421
43.063
41.6431
40.9125
41.3534
44.0015
43.8787
43.4785
43.6493
43.7662
44.6573
42.7674
42.4028
41.9031
41.5294
42.0476
41.9589
42.9124
42.0291
42.9733
42.6405
43.6798
44.0609
44.4436
43.3357
43.5782
43.459
43.5806
42.9566
42.828
44.502
45.1831
44.7071
43.6431
42.9125
43.4387
44.2092
43.9749
43.6801
44.6903
44.6194
44.2929
43.0593
43.5003
44.3578
44.796
44.7636
45.5293
45.2107
45.029
45.2742
45.5101
45.2794
45.0516
45.0326
45.172
45.9174
47.2043
46.7443
46.9343
45.9392
46.2472
46.6211
47.511
47.7233
47.4944
47.0012
45.8886
47.014
47.0308
46.5849
45.4256
45.495
45.898
45.0048
44.1549
44.2767
44.2035
43.9432
43.0104
43.4063
44.0368
43.7062
43.4231
43.2055
44.2415
44.9268
44.9078
45.1236
45.328
46.125
47.0003
47.3561
48.4828
49.5622
50.1423
51.2034
51.9266
52.6164
52.8537
53.0523
54.3522
54.9777
55.0991
56.379
55.5593
55.5297
55.5374
54.4062
53.3822
53.4505
52.6822
52.0248
52.7312
53.512
54.3521
54.2402
54.3203
54.0621
51.2507
49.2215
48.5121
49.0486
48.1276
47.8805
48.865
47.5582
47.0016
45.7307
45.9018
44.8044
44.6974
44.1147
43.7576
42.4731
41.8628
41.8162
40.3999
39.6493
38.2843
39.0991
39.1092
40.7464
40.1941
40.2459
41.7504
40.2937
39.618
38.5169
38.493
37.7822
39.5944
39.0873
40.3291
40.0828
40.791
40.6085
40.1308
41.0803
41.0309
41.1539
41.2304
41.2215
42.1496
42.1208
41.9223
43.0286
42.9436
44.0253
43.9309
43.4443
43.8272
43.7959
44.2413
44.5713
43.8872
44.5457
43.4714
44.3682
44.7152
45.9286
46.329
47.1156
47.537
48.6987
48.6054
48.3719
48.7817
48.2851
47.9673
47.4501
47.8043
48.3868
48.459
48.3417
47.8126
47.667
47.3004
47.1212
47.5602
48.7012
49.3066
48.8691
48.9406
48.9456
49.8292
49.31
50.822
51.552
52.2289
53.2228
54.0608
53.7135
52.8067
52.3596
52.0234
51.6399
52.0465
52.2905
53.0967
54.0917
54.1413
54.0158
54.8037
55.3475
55.4355
55.5581
56.2178
55.564
55.2055
54.1589
54.5661
54.368
54.6072
54.3244
53.0831
53.2605
53.882
54.5288
54.6291
55.0583
55.133
54.9569
53.5463
52.991
52.5747
52.8135
51.6759
51.6066
52.1522
52.6787
53.0848
53.0338
52.3321
52.321
53.3279
53.1045
54.2608
53.8508
54.3265
54.7623
55.3924
55.2705
56.0107
55.689
55.8494
57.9137
57.7085
58.5853
58.0618
58.4406
59.3848
60.0834
60.3996
61.0269
62.2092
64.0551
65.1752
66.7329
66.8996
67.8615
68.3343
67.5969
69.6541
67.5288
68.079
67.5252
69.0366
66.4982
65.4011
64.7652
63.4405
63.1724
63.0887
61.9951
61.4238
61.9445
61.3861
62.134
60.459
61.403
60.7445
60.9693
61.8711
61.2568
62.529
62.8725
62.6336
62.3572
62.8036
64.5313
65.376
65.4741
65.4973
65.4007
63.0395
62.689
62.0811
62.0467
61.9024
61.9137
61.4011
62.0231
61.9854
61.7098
62.2797
62.3384
62.8328
62.5968
62.2781
62.8821
63.4278
64.275
64.5766
65.0646
64.7437
65.1511
66.0671
65.9655
65.7856
66.5663
66.2499
66.0229
64.707
64.554
64.4666
63.6987
63.8078
63.7204
63.5309
63.8106
64.6807
64.7824
64.898
64.5943
64.7515
64.4163
64.8412
64.6631
64.7535
63.8229
64.089
63.5752
63.3288
62.3882
61.595
62.1001
62.1036
63.5983
62.5263
62.8108
63.3669
63.8845
62.8287
63.1638
62.8081
62.7819
62.5078
63.0313
61.9767
61.8521
61.9728
62.223
62.3365
62.8392
62.258
62.4272
62.8794
62.508
62.801
62.6593
62.918
62.7365
63.1574
62.9435
62.3601
62.8054
62.5765
61.9113
61.6777
61.5047
62.2166
62.6728
62.9378
62.7129
62.5339
62.7981
62.561
62.6139
62.5779
62.545
62.2637
63.2843
62.5563
63.3598
63.7778
63.7257
64.3688
63.644
62.6867
62.1699
61.2249
61.4817
61.1744
60.2974
59.8999
59.2384
60.0684
59.2687
59.3476
59.1499
58.7739
59.4685
59.5631
59.3944
59.8213
59.9455
59.6956
59.8273
59.9493
59.3527
59.2896
59.6236
59.5941
59.2852
58.9446
58.3547
59.1491
58.9289
58.6943
58.4253
57.1044
57.3807
56.2909
55.7203
54.6491
54.2912
54.1923
54.834
54.9067
55.4273
55.7734
55.4386
54.6673
53.9734
54.0048
54.0155
54.0822
54.3712
54.7004
55.9858
56.0192
57.193
58.4947
59.9533
60.7355
62.8607
63.1266
63.6363
63.6551
63.8547
62.6662
62.5098
62.3377
62.9716
64.0329
65.0505
63.694
62.6454
60.398
59.3214
58.6047
57.7798
58.7254
58.6108
58.9115
58.5676
58.0313
57.6461
56.4707
54.9807
54.6229
54.236
53.9459
53.4247
52.2976
50.2765
49.4826
48.7784
49.5298
49.8012
48.0628
47.1213
47.6723
47.7025
49.455
50.9134
52.1344
51.448
51.7146
51.2123
51.7197
51.7699
51.3314
52.41
53.0645
53.6989
54.0496
53.0851
53.6215
55.9671
56.5132
55.3669
55.9934
55.3499
55.0076
55.3272
56.1325
58.3209
59.3301
60.6175
59.8446
61.3462
62.0714
62.8009
61.7274
61.3773
58.1938
57.3923
57.3777
57.8516
59.0863
59.2279
60.4411
61.2855
62.2483
64.2454
65.6105
67.6835
68.4694
69.4389
69.664
69.1137
68.251
67.5569
68.2284
68.6531
69.949
70.7672
70.8551
70.2139
70.6562
69.711
70.505
70.0704
70.1261
70.0272
69.9615
69.6539
68.8099
68.6437
68.2365
68.399
67.9887
68.3694
68.7281
68.9454
68.474
70.1035
70.639
71.5983
71.5662
71.1952
70.5601
69.9742
69.4532
68.8182
68.3417
68.0674
68.1663
67.8479
67.6934
67.3673
67.1076
66.8328
66.7981
66.5662
66.7215
67.2413
66.1185
67.3273
67.6168
66.7926
65.8968
66.0172
66.285
65.6722
65.8349
66.0533
67.3837
67.9365
67.9927
67.8575
67.3097
67.329
67.0284
66.7722
67.052
66.8609
67.3828
65.9628
64.9784
64.7724
63.4304
62.7013
62.249
62.0775
62.7458
63.5612
64.9152
65.652
65.4431
65.4511
65.6556
65.5806
66.0418
66.3356
67.1698
66.6782
66.2553
66.0669
65.8359
66.1735
65.2677
65.0979
65.5294
65.3515
65.2375
65.68
65.3614
65.0383
64.1782
63.5864
63.4616
63.3283
63.1942
64.1365
64.6519
64.4555
64.2563
63.6466
64.2887
63.6231
63.6766
63.6421
62.6046
60.863
60.562
59.3325
58.2026
57.6886
57.0462
56.9161
57.663
58.3549
58.3653
58.2329
56.7627
56.8122
56.0446
56.542
56.7467
56.6471
56.2945
56.6466
56.3463
56.4683
56.5686
56.9755
57.0982
57.1006
56.521
56.009
55.9459
55.3353
55.2094
55.3151
54.8849
54.1863
54.1992
53.6422
52.6583
52.9135
52.2907
52.3396
51.5959
51.3702
51.0975
50.8834
51.5455
50.9353
51.8749
51.9113
51.8856
51.8669
52.4542
52.7474
52.346
52.0591
51.885
52.4554
52.3109
52.765
52.431
51.6155
52.157
51.006
51.8406
51.7494
52.0016
50.5464
50.0015
50.3891
49.9806
49.514
49.0837
50.1569
49.1575
48.6546
48.9872
48.7514
49.8334
50.6698
52.8679
54.1136
54.7305
54.4436
53.0865
52.8026
52.4087
54.1718
52.7038
52.3501
51.0737
51.2481
51.1243
50.8593
50.9713
51.1694
51.667
51.4167
51.5452
51.5551
51.4404
51.2592
50.5053
50.6892
50.2149
49.2231
49.3458
48.6109
48.07
48.4633
48.37
47.5209
46.4334
46.3602
47.1445
47.1795
46.6297
46.232
45.6886
45.4913
45.0705
45.4886
44.345
44.465
44.6095
44.3682
44.5875
45.0281
44.3826
43.7851
45.2406
45.4912
45.279
45.3254
46.3387
47.3914
48.9793
50.1576
51.3866
53.4521
53.599
54.4456
53.0658
51.9044
51.2851
50.2596
50.5272
49.582
48.6237
48.9515
48.4654
47.5755
47.8625
47.7
47.4064
46.736
47.2385
46.3061
46.2302
45.7898
46.2645
47.1568
46.5482
45.7528
46.8923
47.2475
47.5166
47.546
48.2519
47.9945
48.2226
47.7729
47.8385
48.4863
47.4595
48.1509
48.3611
47.3603
47.9235
47.5098
47.6416
47.4858
48.4318
48.4831
49.3877
50.4674
51.0954
50.9918
50.9841
51.9819
51.5793
51.1329
51.4099
50.6597
49.3734
49.6498
49.5802
49.8535
49.6184
50.7381
50.6415
50.4968
50.6976
49.9351
50.0032
49.7196
49.9094
49.7445
50.3874
49.8916
50.4124
50.7995
50.5249
50.9195
50.7104
50.8537
51.1861
51.5134
51.5438
51.1964
51.6293
51.3546
50.8299
51.2137
51.6885
52.1518
51.5482
50.9964
51.7941
52.3291
51.9747
51.9113
52.8272
52.9202
53.0414
54.108
53.5202
53.3935
52.1177
52.1647
51.7739
51.813
51.0427
50.8282
51.8896
51.8907
53.1194
53.117
54.2666
54.0729
53.9497
53.6317
53.4854
54.0966
53.7422
53.8913
54.6335
54.8592
55.1195
55.7643
55.0569
54.9677
54.5068
54.7969
55.1811
55.1208
53.9754
53.5294
53.1198
53.0219
52.5301
52.4163
51.5002
50.954
50.841
51.6924
52.2606
51.7318
52.1623
52.4619
53.1228
51.96
51.3045
52.0342
52.1759
51.087
50.7723
49.9402
50.096
49.4991
49.2988
48.9548
48.5846
48.5687
49.3395
50.1906
48.7875
49.4416
49.1358
50.0513
50.1303
50.2452
49.933
48.8394
49.787
49.2824
49.475
49.6176
50.3221
50.6547
50.2682
51.2378
51.0624
51.9939
52.384
53.6643
55.5798
57.4722
57.8764
58.383
58.8994
58.0764
58.6273
58.8469
58.4866
58.6001
58.021
57.5853
58.1877
58.255
57.6887
57.6896
57.0674
56.221
56.4423
56.912
57.3042
57.299
57.2513
57.0042
57.0106
57.884
57.4292
57.6089
56.6834
57.1435
57.5592
57.7611
58.0667
58.1164
57.855
58.8626
58.9532
58.5782
58.4324
58.124
58.0372
57.6652
57.4509
57.9301
57.6136
57.6013
58.5647
59.1154
61.9175
62.1645
61.6753
62.5254
63.0017
62.3254
62.6732
63.2551
63.09
62.1627
61.9758
62.7155
62.4982
63.4078
63.9222
64.1998
63.7573
63.6887
64.2228
63.9947
63.918
63.5982
62.7958
61.7778
61.6808
61.6101
61.489
61.7852
62.4789
61.9996
62.2301
62.3858
62.2862
61.2809
61.7457
61.5648
61.7952
62.8559
62.3792
61.9892
62.701
62.5036
62.6478
63.17
63.6597
64.2024
63.9529
64.148
63.8315
63.9621
64.2142
64.4481
64.8413
64.2395
64.6762
64.8203
65.6929
66.5116
65.8265
65.9376
66.0039
65.6638
66.5982
66.6573
66.2097
66.7251
66.3995
66.1527
66.0689
66.2271
66.4225
67.1571
66.5028
66.7291
65.8967
65.0559
64.8618
64.3615
64.2088
64.1568
64.2023
64.3718
64.568
64.516
64.9401
64.5101
64.3694
64.3899
64.4224
64.1796
64.0109
63.7102
63.7422
64.123
64.0645
63.8553
64.3938
63.4574
63.4336
63.4303
63.9728
63.4012
63.7165
63.4579
63.5182
63.2528
63.5836
63.1658
63.4002
63.7914
63.182
62.5396
62.7331
62.4504
62.5472
62.5745
62.0628
62.4117
62.0926
62.0265
62.4754
62.5851
62.8159
63.0567
63.6571
63.9004
63.9318
63.3695
63.0451
62.7229
62.0256
62.4164
61.872
61.9252
60.5122
60.6191
60.6674
59.7871
59.3538
59.4479
59.4168
57.8483
58.3641
58.0151
57.7809
57.4357
56.7229
56.8171
56.7478
56.9194
55.9789
55.9774
56.8901
56.3834
56.9439
56.7089
57.1303
56.663
57.1407
56.5811
56.9778
57.0449
57.6398
57.5265
58.1407
57.3175
58.0778
58.0312
58.9454
59.2718
58.6398
58.6962
58.7742
58.6794
58.9139
58.9726
59.0887
59.2992
59.1336
59.2522
59.7136
59.5345
60.0656
60.0321
59.5697
59.4461
59.1862
59.0952
58.6338
59.027
59.5202
59.9883
59.5679
60.1593
60.312
60.291
60.4039
60.546
60.3612
60.6533
60.321
60.3473
60.0243
60.1971
59.7922
60.3191
60.488
60.664
60.4588
60.1378
60.0243
59.966
59.3826
59.7831
59.6263
59.767
60.1927
59.9877
59.9936
59.7779
59.5062
59.3046
60.0726
60.6922
60.4926
61.0906
61.418
61.0915
60.6876
60.7091
60.7893
61.5552
62.0897
62.2872
63.0102
63.3581
63.3981
63.1515
63.014
63.9313
64.2273
64.5452
64.2774
64.3678
64.6256
64.0903
64.5908
64.5965
64.9426
65.4282
65.2288
64.9203
64.7496
64.6838
64.7717
64.5342
64.6727
64.1804
64.2999
64.0899
64.121
64.2419
64.5691
64.1303
64.4144
64.1576
63.8524
64.6159
64.141
64.5494
64.4453
64.4829
65.6069
66.1064
65.7466
65.5857
65.8267
66.2938
66.7589
67.0376
67.602
66.3467
66.6081
66.1866
66.3864
66.2718
66.0204
66.0225
65.956
65.9478
65.516
65.1691
65.188
65.3708
64.5824
64.7378
64.6389
64.0569
64.2338
64.1905
64.0847
63.5123
63.4574
63.2405
63.2409
63.5932
62.9229
63.254
63.4536
64.1534
64.5379
64.1081
64.605
64.4095
64.3934
64.1207
63.6607
63.7215
63.7311
63.3891
63.6184
63.4808
62.8712
63.4828
62.9218
63.2681
62.9651
62.958
63.0477
62.7532
62.391
62.6898
62.646
63.1446
63.7772
64.0995
63.9674
64.023
63.6961
63.4267
63.1485
62.986
63.0317
62.8493
63.0986
62.8627
62.4993
62.513
62.6334
62.7228
62.6434
63.2754
63.1397
63.0772
63.0354
63.0271
62.8206
63.2377
62.6713
62.7146
62.8644
62.6072
62.5867
62.8148
62.6698
62.7343
63.1938
63.0323
62.8051
63.2388
62.9003
63.3172
63.5478
63.445
63.5286
64.0185
64.4646
64.9142
65.2913
65.7216
65.2667
65.5344
65.0269
65.363
65.144
65.2602
65.3502
64.5947
64.8831
65.4128
65.1572
65.0524
65.007
65.2006
65.2929
65.531
65.8302
66.0007
65.8943
65.9
66.1423
66.1855
65.754
65.9406
66.7067
66.2948
66.2369
66.9886
66.6704
66.6495
66.2681
66.5935
66.6474
66.8249
66.8371
66.7415
66.6902
66.9064
67.0098
66.5405
66.9684
66.8543
66.8152
66.7472
66.6811
66.8062
66.742
66.7326
66.0992
65.9113
65.9132
65.8747
66.2037
66.3139
65.1017
65.3052
65.1249
64.5616
63.4262
62.7916
62.4607
62.561
61.9987
61.715
61.405
60.9551
60.832
60.815
60.8117
61.0952
61.2257
61.152
60.9824
60.9839
60.9962
60.9934
60.8142
60.7293
60.4791
60.5172
60.434
60.2636
59.9107
60.0435
60.3734
59.9767
60.291
60.4699
60.328
60.2614
60.5995
60.4687
60.0567
59.3772
59.047
58.449
58.2481
58.3325
58.3802
58.5132
58.7065
59.0061
59.2428
58.6662
57.8317
57.787
57.2821
57.0312
56.8276
57.3411
57.7364
57.8014
57.6257
57.0945
56.0112
55.999
54.8649
54.7959
55.1662
55.5277
55.5034
55.1335
55.4584
55.7661
55.1839
56.2944
55.5465
56.0225
55.8781
56.3039
56.2876
55.8341
55.5609
55.6795
55.295
55.3947
55.1109
54.0581
54.5411
54.1556
54.3801
54.1042
54.3682
54.3923
54.1796
54.035
54.2996
53.6063
53.8809
53.6203
53.4905
54.1315
53.638
53.5441
54.1428
53.2955
54.2756
54.6439
55.4825
56.4594
56.7584
56.7724
57.8349
57.6478
57.3313
57.4386
57.6915
58.2523
57.9772
56.9467
56.6598
55.2143
54.9874
53.9978
53.1865
51.9605
50.7141
51.1398
50.8326
50.8938
51.3823
51.4674
51.6272
52.0836
51.5746
51.9575
51.1919
50.646
51.0638
50.309
51.252
50.895
51.8662
52.237
53.1931
53.2093
53.4349
53.8848
53.4498
54.4408
54.8858
54.8835
55.5451
55.5293
54.752
53.6629
53.4626
52.2545
51.8783
51.2746
51.7954
52.284
52.1774
51.9501
51.3715
51.6583
51.5766
50.9429
50.8861
51.0601
51.6226
51.2679
51.9472
51.5666
51.4937
51.6747
51.8359
51.3753
52.6148
51.7688
52.584
52.5491
53.3226
55.7178
55.3995
55.8191
56.4833
56.4003
56.7391
56.794
57.0187
55.9321
54.6363
54.0727
52.9136
53.0836
54.2312
54.5845
55.2071
56.1361
55.6774
56.2779
56.3615
56.158
56.0974
56.5552
55.0518
54.8574
55.0697
55.7414
56.3778
56.4678
56.2814
56.2951
56.1033
55.8642
55.4467
55.1305
55.3202
54.9926
55.9717
56.3745
56.295
56.499
56.0555
56.2218
56.0843
56.0625
56.7387
56.1253
55.7089
55.8297
55.097
54.983
54.6768
53.6601
53.9571
54.1783
54.3277
53.7968
53.5461
53.8678
53.7964
53.5912
53.2839
53.4933
54.0434
54.0213
53.8339
53.6452
53.1775
54.0769
54.4456
54.9916
55.2812
56.2526
57.2617
56.8142
57.7418
57.165
57.2701
57.0547
56.9008
56.7116
56.4543
56.1545
56.6873
56.4161
56.4627
56.8647
57.5253
57.5488
58.1674
58.4149
58.9685
59.2207
59.3763
58.9627
60.3026
60.7154
61.6067
61.9711
62.2766
62.6216
62.9106
63.703
64.3618
64.5875
64.6125
63.9324
63.9333
63.2751
63.7559
63.9527
64.9043
64.9153
65.3968
65.6327
65.9566
65.7274
65.8363
65.4419
65.849
65.6389
65.6223
66.4092
66.2499
66.7901
66.3619
65.9996
66.0491
66.033
66.0836
65.9298
65.2891
65.4032
64.8917
65.4614
66.0198
66.934
67.4897
67.7665
67.6239
66.7395
66.7338
66.6081
67.7303
67.7834
67.5192
66.9211
66.0827
66.073
66.2791
66.3682
66.3379
66.1129
66.4506
66.626
66.7958
67.0389
66.9895
66.8497
67.1353
67.0589
66.9358
67.4777
66.5321
66.7783
66.9645
67.0108
66.8274
67.0003
66.5763
66.5723
66.5285
66.8261
66.4358
66.7975
67.2603
67.469
67.4348
67.7531
68.4845
68.7951
68.6862
68.8972
69.5039
69.8263
70.1693
70.128
70.4258
70.0859
69.9772
71.7743
72.6632
71.8538
72.7683
73.8432
73.0143
73.0907
72.3294
72.3993
72.3663
71.9899
71.426
70.5198
70.6242
71.1983
71.4786
71.499
72.043
71.6037
71.3744
70.5281
70.3326
70.5958
70.1487
70.0057
70.5685
70.389
70.4958
69.8122
69.1227
69.6182
68.9524
69.6601
71.4446
73.0854
74.3114
75.0751
75.073
75.4539
75.6185
74.8769
74.6873
74.5986
74.1346
74.2059
74.7386
76.1148
75.729
76.5003
76.6686
76.9067
77.581
78.8816
80.5058
81.9795
82.44
82.4974
82.5452
82.1302
82.2098
82.4049
82.9392
83.6553
83.7603
83.5301
84.1421
83.4505
83.2897
82.6402
81.9069
81.4668
81.1349
80.1792
81.187
81.5146
82.6309
83.3813
83.3399
82.6971
81.802
81.7438
83.3288
81.3634
80.6979
83.0019
83.2349
83.13
84.0595
82.9512
83.7323
84.0246
84.006
83.1779
80.7261
79.7776
78.7749
79.2638
78.935
79.4337
79.856
80.2398
79.187
79.3556
77.1338
77.3378
77.1935
82.3058
87.0003
83.1641
83.629
89.3301
90.0912
90.5203
88.8535
86.1736
85.435
85.299
85.7245
86.0164
85.7149
85.9355
85.5704
85.6992
85.8873
85.628
85.831
85.585