85.502
85.9991
85.4098
85.8235
85.982
85.5027
85.6231
85.4653
85.8532
85.5144
85.5276
85.4295
85.712
85.5368
85.3557
85.7528
85.5774
85.6555
85.4633
85.9853
85.9443
85.6301
85.6727
85.7259
85.4209
85.3328
85.3911
85.9792
85.3476
85.3569
85.2182
85.2881
85.4323
85.3583
85.4279
86.0799
86.3411
87.6848
89.0439
90.1856
90.864
91.4927
86.4035
78.9364
69.4178
68.5376
73.8284
81.0751
86.2556
87.4181
83.6887
79.0941
78.4825
81.2366
85.4003
85.9268
83.3703
78.8336
73.4462
71.7964
73.204
73.3954
71.2035
65.8407
63.3937
59.1192
62.9013
72.7877
73.8541
70.3139
72.6621
71.0207
63.0097
69.7011
73.2047
70.5229
67.5293
56.5146
44.7015
35.8019
43.8791
62.2672
59.8021
61.624
65.6591
53.8853
53.2559
61.6857
60.3275
62.3952
58.7897
58.392
62.0057
66.0614
64.3812
66.8613
69.3901
76.4009
82.729
85.0766
82.5528
78.7203
74.6832
74.708
74.3578
75.6548
79.1614
73.491
55.3124
59.1202
66.1753
69.8016
72.6315
71.7283
68.053
60.2747
54.3544
54.8316
60.2971
64.1958
68.398
55.7112
54.4064
56.3313
63.5228
63.2454
62.3507
60.4638
60.9119
61.2765
55.1487
52.8533
58.112
61.824
62.8234
61.562
57.204
57.2932
61.4847
73.2134
71.1162
59.8321
64.6297
64.6274
60.0672
61.6829
61.5979
55.0164
52.5552
48.6213
47.9009
53.7865
58.5568
68.311
67.4292
63.3675
54.0129
53.03
53.3559
61.9802
57.0456
60.1295
65.2375
61.844
60.0999
66.014
59.9639
65.3755
65.5627
62.9166
58.2657
57.1431
51.4674
49.2045
56.2355
60.148
63.81
62.7379
68.9567
65.8536
61.3597
64.2897
62.6021
60.7625
54.8772
52.8491
63.7169
64.7826
63.6912
58.1716
63.0083
65.5899
67.2822
72.6058
71.432
65.7763
56.1086
58.1227
64.4926
56.9829
63.2366
67.7418
62.1839
64.1592
60.3059
61.6774
57.7415
64.952
70.4178
73.1896
75.3203
72.6404
71.5693
68.1999
72.6287
79.7128
84.8039
90.334
85.7725
79.6954
80.3575
80.6922
81.6316
78.5201
78.3793
78.4066
78.4949
78.2259
78.4372
78.5006
78.3958
78.2687
78.3819
78.3866
78.1806
78.2789
78.1627
78.194
78.1504
78.3706
78.5387
78.2153
78.2507
78.0128
78.6016
78.4931
78.4422
78.1536
78.2299
78.1508
78.4895
78.2345
78.0954
78.2782
78.4018
78.4429
78.3235
78.3849
78.4422
78.1774
78.4146
78.3317
78.3113
78.4084
78.2381
78.3241
78.3103
78.0894
78.055
78.267
78.3063
78.2631
78.2881
78.2811
78.5155
78.1536
78.1688
77.9477
78.2129
78.5531
78.5154
78.0612
78.2904
78.3093
78.1677
78.3523
78.7562
78.0338
78.3093
78.1968
78.3259
78.7297
78.3785
78.4273
78.5363
80.2144
79.3809
78.9603
78.9064
78.926
78.9797
79.0529
78.9931
78.9174
78.8026
78.8589
79.0214
78.8988
79.0404
78.9368
79.2426
78.8386
78.9722
78.668
78.2491
79.4998
78.4917
77.8322
79.033
78.1923
78.4548
77.9735
78.6002
78.2103
78.7145
78.1772
78.4487
78.4018
78.5508
78.0747
78.3788
78.3601
78.253
77.5726
78.5707
78.6699
78.3582
78.0274
77.8788
78.5431
78.4624
78.2408
77.4728
78.2818
78.3751
78.4946
78.4088
77.775
77.9875
78.1113
78.1509
78.3334
78.3657
77.9752
78.4
78.1627
77.9451
78.4375
78.2436
78.0989
78.5544
77.8747
78.3369
78.5519
77.6011
77.9934
78.4191
78.4789
78.2136
77.9648
78.4105
78.1814
78.0322
78.4253
78.0751
78.2355
78.3944
78.3538
78.188
78.1362
78.4424
78.0087
78.5695
78.115
78.8029
77.9701
78.4716
78.3523
78.3001
78.3389
78.7118
78.3898
78.2845
78.1064
78.3159
78.0285
78.6255
78.1169
78.215
78.316
78.1953
78.0004
78.0235
78.1642
78.36
78.2618
78.2487
78.4551
78.6043
78.0111
80.1695
82.2089
87.7621
87.5384
88.1528
88.6973
89.3112
85.8127
80.5354
74.8432
78.0211
79.4079
71.3728
63.2156
56.1369
56.0781
53.7734
54.6602
55.9631
55.7634
56.6672
58.1932
59.0086
62.643
63.2305
62.1638
72.6219
71.9361
62.1856
67.8205
66.8065
61.561
62.5501
61.4601
61.0531
60.0388
59.4711
58.3851
59.4487
59.8903
58.8009
58.8329
60.1642
58.5195
59.055
59.8057
59.1618
59.3279
59.6346
59.2698
54.1659
52.2926
48.4281
43.7549
50.3942
50.6233
53.3137
55.5843
58.2721
57.4501
58.8713
60.3857
60.984
61.6786
63.7014
59.2498
61.2714
63.1615
62.4291
60.9825
60.002
59.2691
61.1129
63.6771
62.6371
63.9624
64.0133
68.0844
67.1733
64.3347
61.2434
62.1249
62.1902
61.6944
62.2378
61.6532
61.6353
62.9071
68.4041
61.2496
60.772
63.1341
60.1064
59.5116
58.2452
60.3218
58.7492
54.8771
56.2723
58.9847
66.9573
64.9882
64.07
61.2478
58.7673
54.8187
52.3007
52.0112
53.5659
53.897
55.015
53.8209
54.3909
54.5851
54.7905
54.5591
54.0486
55.1854
55.1186
56.2804
55.7335
55.647
60.8253
61.8525
56.6061
60.8505
61.9515
58.3946
62.1081
62.1311
59.5801
63.1762
65.3414
61.6671
66.1446
63.6053
56.0134
55.0873
52.6396
53.4687
56.0711
57.7178
57.899
59.4683
60.1355
58.5347
59.5578
61.0113
59.5047
63.6032
63.1126
61.1141
61.1506
59.9209
58.1536
59.575
58.1284
58.9243
58.1567
54.9244
52.5937
51.744
48.5693
45.606
44.654
44.6066
45.5664
53.1715
54.5353
55.0942
52.2178
53.9334
55.0179
55.231
56.684
58.3262
58.4904
58.4671
58.0465
59.751
58.3522
58.4007
58.7256
58.1401
58.9081
57.4159
57.2374
56.5226
57.4309
59.1987
61.3922
61.7342
61.8897
62.9466
63.6198
64.2302
64.3006
64.2245
64.8741
64.3992
63.6202
63.9097
64.5655
64.5794
65.2449
62.6345
65.1705
66.1244
65.7635
66.3083
67.4069
65.9836
67.3803
68.5277
68.0786
68.2743
67.5213
67.909
66.9495
66.0262
63.0695
63.0338
62.1158
64.0139
61.774
58.7352
57.6563
52.0726
53.1567
61.2187
68.0841
69.6087
71.1147
72.4086
73.7191
74.0969
73.0192
71.6944
70.3681
66.5556
69.203
69.3501
67.5497
68.3598
69.9008
68.9369
65.4913
62.7667
51.3596
49.0365
54.0252
58.3761
62.1002
66.3005
67.8155
68.1635
68.9662
67.7233
70.6946
71.8554
73.8148
75.4016
75.7699
76.226
75.7815
74.959
72.5297
68.9471
67.5024
66.1806
67.7812
65.6787
60.8688
58.2984
59.3822
61.6782
63.3144
62.5802
63.7049
65.1457
66.1427
67.5939
67.6145
65.8973
64.4339
64.2643
63.4603
61.9829
60.3428
61.5049
61.6319
62.054
64.4552
65.079
65.4829
65.416
64.3021
65.5311
63.7805
62.9858
61.6881
63.2556
64.963
65.04
68.1221
68.8481
67.7102
67.2192
67.76
68.5584
69.0956
69.3564
70.4614
71.1295
69.2548
69.3212
68.3028
69.0939
69.0915
68.8865
68.8226
67.7424
67.9303
67.0551
66.0334
68.1292
68.276
69.5929
69.2379
70.637
70.1729
71.3751
72.0249
71.8017
70.9706
72.2341
71.8787
72.9996
75.1211
76.9642
77.2732
77.2323
76.3763
72.6911
67.1312
64.9299
64.3867
66.7312
63.2731
53.2973
48.5347
59.8394
67.0268
68.7731
74.9644
75.2498
74.6554
75.3101
74.0843
70.4474
63.7525
54.7621
51.3419
52.4961
48.2264
48.0456
53.1594
56.5578
58.543
59.0874
61.4322
61.5161
61.9954
60.234
59.8945
58.8452
59.2882
58.3024
58.115
57.1809
54.8206
52.3359
46.3563
47.763
49.4679
54.4232
56.7791
59.5492
60.5081
61.4499
62.0658
62.7271
62.2631
62.9111
62.772
63.2036
62.3693
62.0701
63.7441
64.3276
64.5997
64.5227
65.5861
65.0173
65.048
65.5327
65.1875
65.4523
65.6446
61.935
62.3924
64.0195
64.9782
61.8866
57.5742
55.9207
52.9968
55.4514
55.6929
58.1389
58.204
57.2741
59.181
57.5019
59.8535
61.3578
62.3613
62.4562
62.5973
63.4419
63.7427
65.5253
68.0756
69.8537
66.8454
66.201
64.7985
65.9832
60.4861
58.752
60.7589
61.1268
64.0748
67.0584
67.9371
68.4156
67.8601
63.8313
62.9548
61.3777
57.9537
54.5438
52.5855
50.5422
52.1679
57.6414
60.4477
63.1994
62.9909
60.9804
63.0795
63.9385
65.6447
66.1269
68.0963
70.0628
69.6914
71.6087
71.5924
72.5575
73.5508
72.6199
74.7547
74.5209
75.0068
74.9323
76.3899
77.8609
78.8892
79.6465
80.0241
81.036
82.1646
82.59
83.6594
83.5432
84.2413
82.7452
82.3286
81.5477
81.0503
80.0342
79.5116
79.0776
79.3546
79.6199
79.0423
80.4003
81.3297
81.4607
81.0029
81.0898
79.5461
72.6508
72.3327
66.2057
60.4404
63.3379
69.9088
72.5174
74.3056
70.4616
79.4427
77.1437
74.583
72.3018
71.8098
73.9768
74.222
71.8428
69.5707
79.0397
78.2946
63.4554
79.2718
76.8049
67.2512
65.6917
59.2636
58.9362
52.0047
58.9459
55.3375
57.935
56.6389
54.3567
55.406
48.0262
49.4472
45.4464
48.6158
47.5063
49.6762
47.4562
49.4583
57.6816
52.0336
54.021
50.8936
51.4578
46.6965
44.1676
44.2085
44.0979
42.2642
39.1718
36.4669
35.0348
39.6982
47.3819
46.8462
50.5764
51.9904
52.7643
58.4558
63.5816
67.2612
70.7718
72.7213
69.6334
68.6297
63.5044
63.4968
57.5215
58.8401
56.8485
55.3677
55.9139
57.7185
57.5654
57.2194
58.553
56.036
57.8309
56.412
54.4605
56.3611
55.1208
56.0511
56.2743
55.4956
57.192
55.1318
52.9114
55.6942
54.4794
54.5049
57.5435
57.7133
60.6647
63.2193
66.0157
67.8761
66.8428
67.9214
67.3976
66.7528
65.518
66.0852
66.7263
67.2718
66.7835
67.3128
63.7901
63.8337
61.6139
59.7402
62.8508
63.2984
67.1595
63.7272
54.9951
52.5498
48.2782
42.4242
43.2048
46.2045
45.3288
46.8008
45.0752
44.0361
46.7502
53.929
61.0356
62.4387
60.4625
58.2946
55.6104
56.5212
54.0426
53.4197
57.491
52.9999
50.2951
46.7734
45.0904
56.1922
58.0614
60.3969
58.7303
57.9133
59.3317
59.2766
58.4567
61.9338
62.0132
59.4221
57.8555
57.3516
53.981
58.8711
60.5451
62.6258
63.9578
65.3372
67.5735
65.4652
66.4219
69.8192
70.1031
73.2618
73.0271
74.1768
74.0524
78.9262
83.6862
84.9902
82.5826
77.6414
72.8867
72.6763
69.8769
68.2282
68.6571
67.7333
64.2499
66.3405
67.5545
69.9401
68.7431
68.5757
70.1576
67.411
69.4352
68.1513
68.467
69.261
69.2127
70.2181
71.9454
71.6079
71.8555
71.6978
71.8428
72.9904
72.4644
72.1283
70.0508
69.1025
63.7113
61.2063
57.4414
56.1689
56.4073
58.938
59.6007
62.692
68.094
71.7539
72.2953
72.3339
73.6482
68.1331
64.7266
59.7428
57.2507
49.9812
48.9992
50.4421
51.2024
58.0115
61.1578
65.1197
65.0246
64.4019
62.1035
62.1667
63.0855
59.4425
62.0266
61.8057
58.155
60.9314
66.1896
61.1877
62.274
59.1162
58.8859
61.7523
58.9534
63.6182
61.6963
66.8167
67.5427
67.9395
66.2249
64.2723
62.6245
62.4292
62.1422
60.815
57.5819
58.2912
59.2514
64.2797
62.5514
62.5431
62.4802
61.7627
61.9398
63.9587
63.9972
63.9329
65.9988
68.0774
64.9792
64.5907
64.5023
66.2683
65.6411
64.7762
63.92
65.7766
67.3856
66.481
65.7634
66.2942
66.6223
67.1691
65.7849
65.5154
65.3669
63.476
65.3706
71.7165
71.8376
66.5533
65.8165
69.1622
69.6241
71.6325
74.5379
75.1047
76.2043
75.1607
78.0856
79.8846
77.5763
78.5236
78.9197
82.4893
84.5919
85.5397
83.039
82.1456
84.1277
81.4293
78.0604
74.2708
64.2977
60.5207
61.1229
65.6104
67.5994
70.3594
70.987
70.4258
67.5351
61.5022
59.334
55.0404
47.5992
35.5994
35.075
34.547
39.38
44.0951
43.9323
41.1916
39.0594
40.4714
38.7631
38.1878
42.1622
49.0452
53.2141
53.9388
56.8965
54.9424
58.6007
57.5024
53.5648
53.1232
45.3203
40.9345
39.9963
37.7004
39.2299
37.7899
41.3289
39.0515
35.7968
38.7338
37.8509
43.6928
48.2742
47.9112
40.1518
36.5738
31.3743
30.1176
36.2027
38.1968
41.5435
43.8392
47.0496
45.9835
47.5288
45.3914
42.7253
40.3366
38.1617
40.8581
41.0709
43.5192
46.1397
43.783
48.2217
51.3776
57.0219
59.8991
60.61
55.4073
54.5171
57.9948
59.3244
60.1503
64.6881
58.7954
62.2231
61.2624
59.4441
64.6402
67.6888
67.6278
67.1873
58.2975
53.0936
50.2822
50.7079
47.8255
47.9933
51.7373
52.3019
57.821
55.6431
47.9314
41.7397
36.1095
35.038
37.7432
42.2214
41.6645
44.5218
47.8386
52.6243
60.5217
61.6448
62.6957
61.8894
57.545
44.3422
42.1594
41.4185
43.8105
44.3778
44.3639
40.0286
39.9854
40.6893
41.0069
41.0138
45.8601
44.262
46.2774
45.6243
47.5575
40.6011
31.0821
29.4691
29.0203
29.7715
46.7519
55.6933
61.3809
59.9247
60.2433
56.1266
48.9362
45.2884
39.9338
35.6319
31.1123
33.1117
34.7066
45.519
51.828
56.4835
57.8015
57.4152
56.4042
55.6687
48.2486
49.8619
48.9199
43.166
35.3072
30.7567
30.4971
36.125
44.5247
47.7964
54.9413
53.7588
54.5932
54.2852
53.5253
50.7946
49.6499
50.9221
55.0254
51.148
48.1924
47.2309
45.4195
46.9322
45.7012
45.019
44.2491
43.6236
45.4381
48.1102
50.336
54.1679
53.8251
52.341
45.9114
42.5749
39.9426
39.3751
40.5726
42.1784
36.3142
40.3639
44.1458
41.7468
44.8198
45.3469
42.1379
39.9074
42.1705
40.8738
40.2706
39.8548
39.8471
40.603
40.9088
42.1021
44.3387
47.6458
46.5475
45.1001
44.2386
42.3013
40.5884
41.5311
43.9562
47.1391
51.1572
51.2281
49.9297
50.1302
51.2138
52.8901
55.1893
56.6736
58.6625
60.9049
64.3696
66.1947
66.0027
65.0704
65.947
61.9911
63.7628
64.085
62.2662
63.338
63.4246
60.9536
61.3242
59.8782
59.7415
59.7327
62.2489
64.0278
65.9945
66.7568
67.5622
67.7407
67.3803
67.4785
69.0296
69.27
67.8818
68.8686
67.8413
66.9776
66.6359
66.1355
65.2302
65.0056
63.8801
64.4397
64.9331
64.5382
63.0914
62.2396
62.4991
62.2041
62.5839
65.0287
64.5665
64.6399
64.9392
63.5216
63.173
74.5156
73.3998
58.8929
68.445
67.6266
58.4237
58.5753
59.9792
74.3477
70.0701
70.7676
63.9786
59.9965
58.9512
63.2239
59.5041
59.9884
60.2999
61.4015
62.4914
57.9005
60.7905
61.1903
60.9345
65.2131
65.5094
63.4751
64.3229
63.2653
63.0945
62.7528
64.4766
62.201
60.7143
58.2682
56.9695
60.2883
61.2871
63.7323
64.5834
63.4107
63.4814
60.8091
58.9253
61.2979
59.349
54.1857
54.2865
57.6494
56.1694
58.0433
58.7247
57.8278
57.4047
57.2501
56.2564
55.2653
56.3573
56.5182
57.9496
58.8631
59.5607
59.4832
62.8753
62.3255
56.5361
58.4551
57.2838
57.6392
59.1285
59.9564
57.4045
59.6137
59.5723
56.6165
54.7447
54.465
55.1552
53.3723
53.2015
53.0337
52.3016
52.0065
51.731
51.8755
53.4083
56.0012
53.8726
53.3283
55.1185
51.7864
53.1335
52.5176
53.7605
52.1799
53.5975
52.6514
52.3856
50.3701
46.7082
41.3054
40.7963
47.8934
48.731
47.9629
47.699
52.7943
58.1112
57.7155
61.7626
61.3931
64.007
62.6008
60.5235
57.3922
57.3743
57.739
57.105
57.0905
59.1764
60.9922
60.0906
59.8227
61.0269
61.637
61.1675
61.7104
60.09
59.5766
58.5206
59.6916
59.9503
60.6785
60.1005
59.7793
61.1983
61.3203
63.3538
63.3726
62.5564
62.028
58.566
59.5041
60.3703
59.3573
59.9688
59.4655
58.7717
58.094
57.8612
56.4162
58.1765
55.897
56.3252
56.8635
52.9904
54.9316
54.7808
55.1423
54.9803
55.0125
53.957
54.5655
53.4437
51.6953
48.0665
47.5071
48.8062
49.4468
49.2884
50.3311
50.6145
52.7666
53.3785
53.6356
55.5185
54.1608
55.206
54.8911
54.6226
55.7181
56.9336
55.8864
56.8358
54.7421
58.6268
59.2637
58.6831
60.8593
62.0066
63.7244
65.7544
63.1295
65.0717
62.9287
67.1662
63.7335
66.8578
63.3358
62.7454
62.4316
62.6879
60.9987
62.7807
65.7952
65.2421
63.3355
58.5358
60.0379
65.7021
61.199
60.7838
63.8308
59.1051
57.8135
65.0439
55.1769
59.0307
60.3455
65.6811
68.569
69.9219
66.9984
64.8096
64.0582
62.5557
60.4972
56.9562
50.8111
47.3601
48.5482
44.9208
48.8943
47.5281
49.127
51.1498
54.7957
59.2533
59.5841
58.5232
59.3793
58.8094
59.2483
58.5362
59.0416
57.6928
58.0431
56.3279
55.6845
54.9539
55.0496
51.9376
53.5231
53.8123
54.8874
56.647
57.6588
56.3033
58.6389
60.7561
59.7258
60.5786
60.0358
57.9681
57.7445
58.3071
58.263
59.1347
58.7561
58.4601
58.557
60.7233
60.9934
60.7
62.2227
61.3108
64.025
62.7849
59.3573
61.5439
59.476
56.0924
57.1913
62.0608
63.0664
65.6479
64.8893
57.9418
60.8742
60.401
53.031
59.4133
58.941
56.4127
61.2919
61.1412
59.7873
63.1155
62.7385
60.8931
63.222
63.4823
60.2521
60.277
60.8734
59.0325
63.8954
63.5354
63.5492
63.2925
63.1156
64.0815
64.993
65.331
64.1581
62.222
62.2239
61.6214
60.9883
61.5488
58.5067
55.9968
54.7654
55.7753
56.3841
57.8067
57.3212
58.7396
59.5365
60.6654
61.3929
63.6905
65.9446
66.9317
67.4649
68.7502
68.1784
66.7944
64.5013
61.3792
58.941
59.1276
56.2753
56.8226
54.8091
54.4402
54.0784
54.1324
54.2693
54.5723
55.3405
55.3672
57.2531
56.8099
61.6955
61.191
58.2085
59.5081
59.7381
59.2403
58.7291
59.1676
57.5798
58.3368
58.1761
57.2807
55.6461
56.2588
57.0115
56.5093
55.457
54.9993
55.0469
54.5217
54.4248
55.2999
55.8427
55.9017
54.3685
55.6896
55.4563
60.1295
60.2897
59.7487
55.493
57.6139
57.1751
59.1377
58.1084
56.3556
53.0535
52.4328
52.5206
52.4222
51.5657
52.7627
51.4852
53.8371
58.0123
60.5966
62.5029
61.0943
60.7121
59.32
61.5231
65.1078
64.4136
61.0341
58.1526
53.7063
45.5919
34.6286
35.3596
43.5448
58.1778
60.2193
58.9141
58.9532
58.4605
55.6755
60.25
60.5729
55.1886
54.4824
56.5311
58.8945
60.0614
58.2732
52.8651
46.9729
44.7307
51.3292
52.7808
60.2373
67.0609
65.1172
66.505
71.2778
70.1344
62.3982
52.9992
55.0183
56.8149
57.0255
66.4523
71.5324
75.551
76.8252
75.5872
75.4292
75.1903
71.2689
64.5238
65.7541
72.8452
76.3276
77.383
78.3243
75.5095
75.6337
74.3811
62.1493
62.3553
72.2504
71.8366
74.0862
78.8676
73.7321
66.5456
76.0909
84.0984
68.9056
78.6213
82.7206
74.8505
79.3258
77.7421
77.4108
77.3245
77.2104
76.9975
78.0595
75.9984
78.7001
76.2956
77.6542
77.5997
77.2668
78.2435
76.4363
78.2289
77.2016
77.5229
77.3817
77.4052
77.3832
77.5765
77.3295
77.0108
77.5218
77.7745
77.5014
76.902
77.4675
77.1666
77.7006
77.5532
77.1803
78.2615
77.521
77.5829
77.2443
77.603
77.1947
76.9284
77.7201
77.0232
77.065
77.3081
77.103
76.0491
78.7336
76.6484
76.3688