41.321
41.6572
36.8858
35.9867
41.7532
41.6172
39.6873
37.8762
36.4119
41.8341
43.1759
39.8892
38.6229
39.019
42.238
42.5667
45.4267
40.8488
39.6689
42.0392
41.4738
38.7466
39.2234
51.3243
48.6547
46.57
42.1082
41.9129
44.8961
49.6099
52.2617
45.5038
43.5791
45.3441
43.3583
45.8974
44.7035
45.2202
46.2047
46.7012
45.6051
45.5895
46.8142
45.2953
44.4264
44.2371
43.7881
50.3994
49.1309
44.9531
44.0915
44.7675
43.5876
42.3742
41.3146
40.2643
43.7621
45.914
41.8841
39.1745
38.4241
40.6706
41.4568
40.7192
42.855
37.8512
39.3814
41.3931
42.1225
35.3766
34.6567
37.1537
39.9575
39.4087
32.2803
33.6422
35.353
34.9702
32.3652
30.5961
34.3777
35.0563
33.2219
32.4579
31.2091
35.3493
35.7149
32.5895
32.0363
33.8605
36.1825
35.6706
33.3061
31.6725
32.9921
34.329
36.3347
36.0823
32.2102
35.0856
34.7984
32.8037
31.4533
31.714
34.0161
34.1358
32.5031
31.8063
32.769
37.8019
33.7045
30.5505
30.4369
33.5623
34.5315
34.4587
35.4992
33.8036
37.3712
35.2769
34.7038
33.0875
35.3228
37.3945
35.5327
33.2072
32.5659
38.5822
36.2662
34.6762
32.1186
32.0441
36.6307
36.5248
36.0704
33.6339
34.1042
36.6074
34.5875
32.3161
30.1287
35.2238
36.2457
34.5175
34.7485
34.7907
38.8813
33.6032
31.9509
30.5289
36.8047
41.4475
37.7372
37.2115
36.7578
37.1003
39.2609
35.3535
32.1607
40.0052
42.4296
44.9053
49.8448
49.4469
45.8301
41.0489
40.5871
39.5855
46.1194
45.4528
43.2885
42.1029
43.5435
47.2128
44.6278
42.2372
38.3626
42.2753
45.8855
42.7437
37.8888
36.2946
38.1182
41.7027
38.1755
36.2294
37.4856
41.3245
41.4116
38.9865
37.9266
38.2989
42.7843
43.2401
38.9578
35.6043
38.8643
39.7439
39.8701
35.9235
36.3055
41.9535
41.9279
39.7777
38.4829
38.3885
39.1176
38.9744
36.7604
35.962
41.8634
42.3171
40.7645
38.7173
37.1935
38.9494
42.0683
40.5421
36.5437
35.6199
38.3606
39.8014
39.2749
37.3463
44.2448
41.1304
38.0267
36.4846
35.7732
40.0452
43.1784
42.061
34.7703
37.6396
41.5926
39.9306
37.9359
35.5388
37.6459
39.0161
39.0213
39.0524
35.0399
38.8017
41.9001
38.817
36.9901
35.7493
41.8744
40.5603
38.3599
35.5176
38.8436
39.4969
40.572
39.3124
36.6615
42.7272
42.3298
39.6819
39.2977
39.0049
43.8429
42.1195
40.6168
40.5752
38.4031
42.9709
42.1592
39.4571
38.0934
41.1942
42.8499
42.9262
41.8961
39.1971
40.6665
44.0145
43.2798
40.7887
41.277
41.5217
42.8529
45.4826
40.7223
40.7708
41.0443
41.9833
44.9882
44.4804
42.335
40.5338
42.5613
44.2757
41.3443
39.7576
40.8821
41.7285
41.161
42.637
45.6392
39.0086
41.4269
42.2412
39.7557
38.8314
37.8218
40.7989
45.7644
45.7617
42.2751
39.7221
43.294
43.6303
41.7885
41.3927
41.0747
40.5708
42.4809
42.7589
42.3762
42.4077
40.4887
42.0144
46.5371
45.1457
43.6374
41.0613
41.0702
44.502
46.7766
44.5885
43.7404
44.5789
44.3584
46.1434
48.6923
47.2405
43.7865
40.3238
41.2373
43.5488
42.3801
41.9538
40.1724
39.9433
42.1217
45.0952
45.2503
43.472
38.7066
37.0548
38.8133
41.7926
49.2344
51.2833
47.2399
43.8734
43.0726
43.1575
42.7539
45.2954
45.0009
42.7004
41.0889
41.9728
43.8278
45.9669
49.0887
50.1993
50.9317
48.0411
43.9297
44.4231
46.2659
44.5115
42.3356
44.2022
43.6
42.4791
40.8254
41.5375
41.4261
40.6738
43.5147
41.1255
41.5882
41.5819
45.5367
44.8385
44.5742
44.6982
43.0313
43.3552
43.3201
43.8183
43.8778
44.258
42.3882
42.2415
42.9047
42.3901
40.94
42.1271
41.7094
43.6959
43.7887
44.148
44.308
43.9861
44.5966
44.6931
44.6207
45.3586
45.8029
45.2891
47.78
47.4033
43.4305
42.0671
41.7666
42.0661
42.3705
43.7618
44.5424
43.8835
44.2987
43.6846
44.0819
45.4093
46.8372
47.826
48.6285
45.7189
45.4846
45.1854
47.5966
44.1758
44.3378
44.3083
43.4944
43.2292
44.0202
46.1623
46.6059
45.7801
47.2368
49.6872
50.8822
50.2661
47.5536
44.881
46.1991
44.437
45.4532
45.213
44.9684
45.7207
44.9635
45.1631
45.2076
44.496
44.5614
44.4282
44.7432
45.2909
45.7548
45.4516
43.8993
44.4227
44.9313
47.0771
47.8692
48.6298
49.4428
50.1332
49.9468
50.6385
50.1013
49.271
48.5852
47.4065
47.0755
47.4329
47.1584
47.0923
46.736
45.5417
45.7029
44.8376
44.663