37.7388
38.4378
37.4614
38.0178
37.2398
38.229
38.4472
38.9285
39.182
39.9041
39.6529
37.5078
37.1076
37.1428
35.8314
35.1114
36.2414
37.9322
38.6713
39.2096
39.4659
37.9295
36.443
35.6115
34.1495
32.642
35.8953
36.1288
36.5457
38.6689
43.263
45.4959
46.0813
42.9525
36.797
34.4409
35.1766
35.032
37.0086
38.7427
37.2686
37.1467
36.6639
37.0919
37.5914
36.5679
35.0078
34.3987
35.8487
33.5912
35.1686
36.9076
37.9234
36.1527
36.0642
35.8307
37.9655
41.4966
40.8251
41.4265
40.7504
39.579
36.2822
35.4339
35.8733
35.9694
37.1708
36.412
35.4501
32.4588
32.0764
31.204
32.5703
34.716
37.7875
37.6866
35.911
34.5737
32.5305
30.6932
35.238
35.4583
34.5015
32.8312
31.4226
31.0008
33.6388
35.634
36.099
35.339
34.7321
34.8371
34.119
37.848
39.8702
36.315
31.6798
30.6142
30.2415
30.5373
30.192
29.9238
28.5957
33.074
34.7181
32.4697
33.7596
32.3792
32.7978
33.2145
31.9948
32.6288
33.8631
33.0249
31.8236
32.1074
32.1756
32.6942
33.3156
34.9664
33.7334
32.7224
32.167
33.4938
34.8817
36.1094
34.5911
33.7862
34.0993
34.3739
34.9369
35.4106
32.9889
33.4633
33.6702
33.3382
35.1674
35.3422
34.8687
34.1922
34.4556
32.7801
33.2152
33.5575
33.2958
33.242
34.1594
36.2105
35.8486
36.8208
35.3326
36.5667
36.3391
35.7956
36.418
37.9063
36.2512
36.3706
36.9531
36.0415
37.88
38.7711
40.297
39.8063
40.2241
42.0374
39.8401
39.689
37.2664
37.5924
35.5514
34.2884
32.8724
31.6225
30.6751
31.3037
30.7355
33.1497
34.185
32.2959
32.7036
31.4691
32.3508
31.7769
32.2067
33.231
35.011
36.4794
39.9126
41.2791
40.9329
41.1233
41.803
42.4365
44.6796
42.8322
43.5309
43.4245
44.0664
41.7443
41.1198
43.3135
42.4175
44.3811
43.7738
42.8464
39.905
40.4279
38.944
40.9276
41.7292
44.6008
42.698
46.1195
43.2033
44.7459
46.755
46.5226
46.3925
44.5126
42.2681
40.9934
42.1872
42.3652
44.489
44.0936
44.9984
42.5925
42.6461
43.8193
43.2741
44.5883
43.2529
42.1894
41.7761
43.021
42.1448
41.4733
41.5224
44.6209
42.1211
41.1892
41.0881
36.4362
36.779
39.0159
38.3336
41.2273
38.4846
38.7885
38.0936
38.781
42.4379
43.0283
44.022
43.8785
43.9742
41.8302
41.7161
40.5021
42.0416
44.7109
42.8041
44.028
44.6718
42.9693
41.3629
40.4938
40.6991
42.5358
40.0711
40.3487
41.8968
43.6427
43.8814
47.2942
48.0409
43.7942
44.6484
41.0704
42.3784
42.1272
41.3853
41.9989
39.5609
41.7416
42.3662
40.0783
43.0801
43.1721
43.5181
42.404
41.6901
41.0716
41.2217
40.7177
40.5392
41.9315
40.9624
39.5506
39.6281
39.1789
37.4636
35.6991
37.8121
37.3221
36.484
35.799
36.1125
35.6242
37.6139
36.781
36.8758
36.0376
35.319
46.2627
41.8015
45.4065
45.5702
43.9982
48.1598
42.2834
45.1827
45.7241
42.5246
44.4226
47.6349
47.5271
46.5777
47.1645
43.8807
45.6411
42.9464
44.2412
42.2114
42.8224
41.8094
40.1143
44.1256
45.1205
40.1626
36.7281
38.85
36.2086
37.1668
35.932
36.6782
34.7925
35.3845
32.5841
36.0885
36.4901
40.4231
35.4073
37.6022
40.1597
37.3792
36.4633
36.7253
37.2948
39.6861
38.5471
36.1636
41.3599
38.7619
39.7367
38.0884
39.0521
39.6527
40.4244
44.7103
39.0119
39.1086
39.2079
39.8141
37.8683
36.8283
37.0697
37.8044
36.5687
35.2171
34.8672
35.4517
35.8858
35.7854
39.2521
39.4057
37.3886
37.7423
35.612
36.217
38.2628
36.4816
37.2926
36.3546
38.0044
39.0524
38.101
35.9584
39.0956
35.7047
38.735
37.202
37.0818
36.2839
35.5256
37.4417
38.1612
34.9411
35.0206
35.7775
38.5854
36.2268
36.4495
36.9463
36.1684
37.6779
35.196
34.4345
35.7419
37.3297
37.933
39.2083
37.5672
37.6959
36.6649
38.4307
36.5678
34.7812
39.3707
40.3736
39.6176
37.6685
37.8339
39.8343
35.9336
35.1249
35.8111
37.2168
37.7907
40.0772
38.9482
37.9814
41.6694
39.1429
38.2816
39.1566
40.7173
41.4742
39.1247
37.107
38.2932
36.9591
36.8942
36.6081
38.2513
40.7566
39.1942
35.3144
36.4823
35.7436
36.2783
35.7323
36.4426
35.4978
38.0919
39.8718
38.8106
38.8184
37.7505
36.2021
34.9568
36.9741
37.1413
36.2069
36.1299
35.5858
35.5316
36.4377
34.2437
33.5858
33.7066
33.0449
34.8228
34.5645
33.6227
37.4414
35.4496
35.7264
35.3076
36.0251
38.0542
37.9118
37.7718
36.6565
37.1287
38.6047
37.5705
36.3557
36.3811
37.6125
38.3304
36.7831
37.8547
37.1856
40.878
37.8996
36.0813
36.4802
36.2493
37.7834
38.6913
38.5713
39.2568
37.3961
38.1105
35.0997
37.3785
38.4696
38.7416
44.3783
42.917
38.2209
36.7095
37.5906
39.0723
40.2196
36.8217
38.5754
38.2686
36.0303
37.6007
36.6738
35.8092
34.0088
35.5138
36.9752
40.9171
39.5006
37.788
36.0767
36.6955
36.5855
35.5251
34.4822
35.6549
35.8353
34.1409
32.6589
34.6091
33.7508
32.3698
35.1673
38.306
37.5331
38.453
36.7789
36.0553
35.9191
36.4976
39.0098
40.3775
38.9178
36.3297
36.2701
35.1179
35.3152
35.0626
35.8875
38.5073
36.8477
37.2942
35.6772
36.9319
36.6324
36.5881
37.1518
35.4455
35.4271
36.3335
36.2843
37.1894
37.1294
35.4079
38.7813
36.7375
38.1982
38.2283
37.2096
37.2159
35.6197
36.5893
35.3715
37.1346
38.8799
38.8417
39.0756
36.5664
37.4264
38.9473
41.0143
39.2511
39.3393
37.4105
36.87
35.5361
35.4523
33.2878
38.7241
34.7759
35.2634
36.4984
36.7479
34.8039
35.5394
35.4404
33.6508
37.743
38.0399
40.6112
39.8098
38.6155
36.6744
38.7924
37.0447
35.168
34.858
33.6749
34.1567
34.059
34.2817
34.3153
35.698
33.7547
33.9662
34.6649
34.3288
35.0583
35.7447
34.6025
33.6172
34.5578
35.5088
36.186
35.72
35.573
36.083
34.4336
35.078
36.014
36.1957
37.721
36.2666
38.1758
38.6647
36.0665
34.9033
36.304
38.7103
40.3277
38.6779
37.9592
39.3658
39.5687
36.9483
36.4703
35.3643
36.5224
34.9758
35.3703
35.3595
34.1773
35.3361
34.9272
35.3685
35.6821
35.6551
36.6837
35.9777
35.0106
34.8276
35.4161
34.3591
34.9751
34.8498
36.587
35.3424
34.8485
35.3423
33.9332
35.083
33.1819
34.6591
33.8888
36.1527
33.8052
33.2353
34.2292
34.2293
34.7737
35.9851
35.3316
33.8973
35.4622
35.4165
35.1102
34.6768
36.234
34.5734
37.1374
36.471
36.1362
33.4783
36.6136
32.7452
33.0826
32.6972
32.1737
31.4329
33.075
34.0699
36.0664
35.2286
41.4328
40.4136
40.6886
37.3464
38.3448
37.3406
34.513
38.3171
45.6913
39.8858
44.1681
38.9116
39.4991
39.4284
39.0912
37.9478
38.8265
37.5542
40.5124
39.1099
38.3247
37.2161
38.0108
34.8519
34.823
32.2824
39.7374
41.051
36.4403
38.6692
38.7655
42.6888
44.6282
44.7514
43.8001
44.7431
46.596
46.4465
42.7125
46.2207
47.5028
47.7313
48.9715
45.4238
44.2381
45.32
45.8122
46.7157
45.1014
43.3227
45.6492
46.2784
47.8425
45.6493
45.835
47.5655
46.2011
45.7311
46.1614
48.3276
46.7155
46.6313
46.6126
45.2216
43.3844
42.7794
40.08
38.7326
37.1684
42.3174
44.651
44.7308
42.1725
41.5392
38.9397
39.1396
38.6867
48.4907
54.7675
56.5017
54.4767
56.5526
56.1637
57.7281
52.8655
50.972
48.749
45.9859
45.7562
49.8385
46.3621
41.5628
40.8711
36.6402
35.8626
33.4506
37.5048
37.2594
41.793
42.8993
45.0283
46.318
44.8551
47.1187
45.3168
40.4752
38.9511
41.034
41.9078
40.7033
40.2321
41.8034
41.6553
41.678
40.1091
40.7906
45.1092
44.0452
46.7599
46.7435
46.6555
42.9974
40.7348
39.409
39.3357
37.8587
39.4849
39.5522
40.8415
40.7651
38.685
40.3411
38.6192
37.4886
36.7761
41.0137
38.9264
38.5103
35.2041
36.813
37.4196
36.8018
39.7571
41.4165
45.0767
42.3455
43.7228
43.3121
43.2854
43.4035
41.8623
41.7801
43.5403
43.8641
41.9422
41.5318
41.2597
40.7304
39.1179
38.4574
40.3325
40.0338
40.9121
43.5699
43.0226
44.7141
48.1158
46.376
43.3337
44.8656
43.2525
41.8233
41.2982
40.042
38.0369
36.3949
40.5379
40.3583
38.8453
40.3277
37.6544
39.8036
38.9536
38.9724
38.4298
42.2571
40.1728
39.9322
39.374
40.8335
43.4618
40.1535
40.7001
42.0306
42.8079
45.5384
45.7195
45.9256
47.3346
46.4117
46.5779
46.9256
45.5638
45.1842
44.8003
43.4188
46.1486
45.2691
45.7588
44.69
43.447
43.051
43.1391
45.5555
47.1484
46.0596
46.189
43.4728
43.5503
41.6116
39.8058
39.3174
40.5302
41.8977
40.908
41.1193
42.0812
42.4728
44.3635
43.0549
46.3448
45.0494
43.8629
42.0725
42.2665
41.0449
39.5771
37.9584
37.5895
36.8885
37.4094
36.5216
38.2624
35.894
35.2271
35.9408
36.0668
35.9574
35.9102
36.5386
35.747
36.6259
33.8583
35.1467
35.5427
36.1857
35.9695
36.2497
35.8295
36.4903
34.4626
34.7314
34.8039
36.7056
36.6939
37.4389
38.3848
38.9106
38.5605
38.5026
39.0087
37.9469
36.9385
37.9779
37.4983
36.074
35.9632
37.7682
39.0663
38.6069
36.084
35.0426
37.2432
36.9157
35.9136
37.2096
37.1196
36.8627
38.8373
37.2978
38.2364
39.112
37.1375
38.0969
37.3372
36.8711
38.5157
38.5271
37.741
36.4888
36.6965
36.3636
36.8055
35.4342
36.9954
39.0911
37.8639
37.1422
37.3469
38.6152
41.0562
40.8435
44.3274
43.215
39.621
37.7168
35.1583
33.7452
34.5792
35.0125
36.4364
36.7902
36.7973
37.1336
37.7657
38.0388
38.3021
36.897
36.632
37.0065
37.9659
37.7832
39.2934
38.7017
38.0749
37.814
37.9742
37.5128
38.9477
37.5237
37.5781
40.6381
39.0501
38.3288
39.5192
39.8018
39.3062
39.7889
41.1569
41.7861
44.918
43.7881
44.1223
44.1403
44.5577
45.4897
45.0125
45.3984
44.7056
45.0394
44.719
44.279
44.4316
45.1254
43.8491
44.1842
43.1414
43.6854
43.6792
43.8328
43.2428
41.5314
42.8408
42.5301
41.4615
41.4035
40.1443
41.3896
41.9905
41.0092
42.4704
41.3001
38.3065
39.7604
37.7348
39.4707
38.1933
40.4892
40.3723
37.219
38.3861
35.2958
36.0111
36.0268
36.2725
35.7755
36.4316
36.3007
35.8983
36.5327
35.785
34.9955
35.1897
36.0983
35.3328
34.2871
34.2473
34.5583
34.4061
32.4713
33.9474
34.5275
34.6961
36.7257
36.2083
36.8373
37.3329
37.4726
36.0587
33.7297
32.6176
33.1651
33.7889
33.3454
34.5443
35.3419
34.51
34.724
34.9842
35.9572
35.0306
36.0874
34.7275
34.5404
35.9055
34.5473
35.1696
36.026
35.604
35.514
35.9934
36.7768
34.6999
34.7651
35.6255
37.8649
35.9226
34.6077
36.2744
37.0152
36.0399
36.8502
36.8149
37.4165
36.2335
35.7439
33.9543
33.9082
34.3794
32.7072
33.6745
32.9185
36.0882
37.0466
34.9578
35.2155
35.0356
35.1252
34.655
35.1655
35.2298
35.9989
34.3458
33.6012
35.0769
35.3037
34.9463
35.6834
37.773
37.2376
38.1652
39.911
37.1144
35.4209
35.2669
35.0116
35.3156
34.7672
34.9342
34.9427
34.7839
37.116
36.1331
35.6766
36.2509
35.6464
35.6989
35.3246
34.716
33.5771
33.3686
36.2503
35.1364
37.6909
35.7966
36.6273
36.545
35.0855
33.8243
35.6229
39.3913
39.412
36.2376
36.4871
35.1811
34.2947
32.9745
35.0709
35.7036
45.2803
46.4126
50.9883
46.0168
45.074
45.0982
44.2752
46.802
48.0237
49.6337
49.923
49.6558
50.451
47.5279
46.5685
44.7123
45.0028
46.3382
47.9661
53.0867
49.9081
40.422
39.3073
39.8304
40.2439
41.1711
40.8033
38.6668
38.1593
36.1368
34.9564
35.6306
36.353
36.7793
38.2313
37.1789
38.4065
36.2436
36.4949
39.2481
37.513
41.0195
39.9612
39.2037
42.1583
41.3737
39.9376
39.0703
44.2655
40.2299
38.7754
37.9679
37.4231
35.1368
33.973
33.733
33.7071
34.003
34.2178
33.7752
34.0209
32.9264
34.1373
33.834
33.3274
36.628
37.8934
34.5451
34.0421
34.4573
33.0204
34.7339
32.8353
33.2551
34.3109
34.972
36.3569
34.2576
34.607
35.8781
34.8544
35.8426
39.2138
35.3298
34.8481
35.073
32.6917
38.1755
37.962
35.3049
35.6531
34.896
33.7841
35.1626
35.2745
35.4657
35.3107
34.7302
37.0696
38.1002
36.6894
37.5426
37.4824
38.0893
38.3981
37.8555
38.5108
37.6636
36.8985
34.7674
34.2521
35.8829
32.0906
33.1589
32.3388
34.9525
34.3453
33.0329
34.1577
32.937
33.6482
33.3762
32.7429
33.4959
33.792
33.1183
34.8027
35.2344
34.9274
35.0789
35.8616
34.5557
34.0851
35.0332
35.8848
35.8907
35.4529
33.4793
36.5181
36.2095
36.2891
36.6417
37.0309
35.0401
36.3915
36.3925
36.7885
38.2469
38.0004
40.192
41.1838
39.4299
37.9205
39.6995
38.7551
41.0198
39.2458
41.2656
38.7033
38.5557
39.6411
36.8767
34.7524
33.8446
33.777
34.6126
35.2912
35.4463
36.0904
36.5312
35.4427
37.6614
36.1335
35.8578
34.144
35.2136
34.8358
36.3119
33.7576
35.7673
36.6478
35.8957
37.0117
34.3728
33.7894
34.8911
35.3
34.3926
35.1864
37.2336
35.7632
35.2136
35.5403
34.4943
32.9344
34.8024
34.9431
38.5805
36.9883
36.1204
36.2844
34.9387
37.2553
35.2531
38.8334
39.7025
39.9445
39.0438
39.4597
42.3627
43.2963
40.2986
36.9296
35.7853
37.8186
35.8499
35.8957
36.9813
37.6409
35.3948
37.3082
36.52
37.824
38.2367
36.9753
36.8102
36.7614
36.9608
35.5599
39.1887
39.0951
40.233
38.2258
39.9576
39.5049
37.1844
38.7186
38.3883
39.5517
36.3324
36.7592
36.3061
36.4331
35.7539
36.0389
38.5982
38.1807
39.7253
38.7316
38.9095
37.0476
39.8616
40.2968
41.8878
43.9247
43.0915
40.956
42.0736
40.2727
42.7031
43.7061
42.6283
43.5625
40.7737
38.5909
36.7936
34.6956
36.8006
37.4381
37.5891
35.1766
36.4506
37.0934
38.0283
37.4362
36.4197
36.2964
36.5298
37.8523
39.5413
38.9895
38.1155
40.231
40.5834
41.0471
41.8266
39.8244
37.293
36.6323
35.3796
34.4731
35.2015
36.7455
36.8925
38.4944
37.1796
41.448
39.2579
40.2405
39.0511
38.0391
38.1877
37.3013
38.991
38.2942
37.7342
37.1294
37.9876
37.6096
37.6527
36.9968
37.7403
34.0018
36.8391
46.7419
47.3204
50.6728
55.875
54.5768
54.5798
52.9627
54.8982
52.5505
52.9225
50.2862
51.0972
51.8308
52.0322
50.5358
49.9121
49.0413
48.4536
43.9014
38.64
38.6193
38.3173
38.5898
35.8964
37.4938
38.3342
37.1145
42.8607
42.0424
41.4825
39.5588
40.3413
41.585
39.9814
39.5889
39.9253
39.3554
41.6774
39.9061
39.9317
38.0668
39.1411
39.7303
40.0147
39.7474
39.5872
38.1226
39.5822
39.3013
39.7975
40.4283
41.8501
41.3345
43.0101
43.3448
43.3095
43.5305
41.1736
42.6663
42.7643
42.2924
42.4038
40.3974
40.8311
41.5062
40.8953
38.1055
39.5748
38.7658
38.357
37.0809
38.5767
39.0421
38.6958
38.3447
38.4924
37.0097
37.3086
37.8892
38.8875
39.2086
38.2923
39.5274
39.7199
40.2148
39.6737
38.1772
39.3076
44.2239
45.5049
38.9162
40.735
38.5861
39.8301
39.1052
40.2181
40.8393
40.9454
40.7182
38.5189
38.3973
39.8609
39.5637
38.3139
39.1022
38.5143
40.3293
39.651
39.3822
42.982
40.3437
42.8126
43.1409
42.1291
45.3201
47.3897
48.2036
46.784
46.5247
44.4067
45.1784
43.7718
43.5512
44.9551
42.6099
43.4393
44.712
46.1169
45.3013
38.766
38.8376
39.6558
39.312
40.9649
38.7935
40.5701
41.8541
43.1634
38.984
37.9567
41.2123
39.0775
40.4423
39.9299
41.1004
41.6365
41.4363
40.7756
40.0219
40.7733
42.6799
41.9257
47.129
46.699
43.4901
42.9787
43.8725
43.6255
43.5473
42.5953
43.4461
42.2467
42.3305
41.4375
41.1167
42.1759
43.1851
45.0555
45.314
44.9576
44.3586
43.214
42.2819
42.1855
41.4574
38.9588
37.7099
39.5719
40.3626
39.0957
36.019
40.4317
41.3663
43.8077
43.4233
42.3311
40.1442
37.6956
35.9903
36.6556
40.7418
45.3284
45.0813
44.0946
43.7463
43.3877
49.1074
47.1592
45.0677
45.3203
43.4523
42.8474
41.6257
43.3206
41.5399
41.9909
39.6051
39.8589
39.9758
40.1658
39.2929
40.1859
39.9717
40.2115
41.4435
41.2839
43.4777
43.1092
41.6635
43.8464
42.9559
42.9113
41.4184
41.5111
42.7298
42.5476
42.5948
43.1068
41.7579
42.3321
41.633
42.2351
42.1461
42.5909
43.0061
42.6691
41.6704
41.4465
42.5881
42.2735
41.2085
41.2721
41.3959
39.3083
39.5224
39.8758
41.1623
39.4837
42.4488
43.5137
43.0572
41.4637
40.6438
40.1175
41.4815
41.2338
39.9733
38.3172
38.6494
38.5691
40.2502
41.5696
40.7017
43.3543
42.0551
43.8567
45.2981
46.6873
46.1613
45.7537
49.0189
48.7535
48.4836
48.222
48.8101
46.6707
41.9757
42.7194
42.2008
40.9925
39.9678
39.8156
38.6881
39.8334
41.2651
41.7875
40.852
41.4678
40.6778
37.0729
37.6251
38.8703
41.8354
40.9433
42.1278
39.7205
39.7806
39.2008
41.306
41.3866
39.4949
41.3859
41.89
40.3025
38.1274
39.4055
37.2568
41.3465
40.7114
39.909
40.478
37.5026
38.9209
38.9252
37.8204
38.989
37.6881
40.941
37.7285
38.9071
39
41.522
38.2695
38.4793
39.8275
39.7525
40.7378
42.3242
44.2712
42.1936
42.7139
39.4661
39.878
37.8581
39.2808
40.0348
38.747
44.4667
42.9003
42.8403
42.0172
42.0582
41.0717
41.1737
42.749
42.8331
41.0905
42.6737
42.1223
43.6508
44.3121
40.7598
42.4688
44.5983
44.1087
43.8928
44.8179
43.8916
40.8281
42.0922
40.2874
40.2402
43.8174
44.2168
42.2157
41.0813
38.2097
39.845
38.2985
40.7514
40.9079
40.8548
41.204
39.986
40.1257
41.3833
41.7814
40.4384
39.1151
40.1264
42.6612
41.0606
40.0571
43.0754
39.7923
38.069
39.5026
40.9258
43.812
39.3627
41.884
44.0466
41.565
37.7093
39.8922
39.4124
40.6992
41.4765
42.3311
42.9209
43.4384
44.6911
39.922
41.3452
40.6294
40.1236
47.5025
45.7564
44.1247
43.1479
41.8983
40.7391
39.1266
40.2191
40.278
38.8695
38.3074
40.3683
40.8426
42.292
41.3472
39.4692
40.22
41.1482
42.1331
44.5057
43.1595
41.0172
40.0449
40.5021
41.317
42.2505
41.8347
39.913
40.329
40.2412
41.2684
40.6473
42.5762
41.1245
43.2345
44.5445
45.6795
43.3467
40.433
41.629
40.5234
41.6111
39.2846
39.8588
40.5453
39.9756
41.8061
40.3951
43.9705
40.8135
40.6455
40.5943
41.5987
42.3634
41.0207
43.0645
42.4176
40.8693
42.7785
40.7051
41.1303
40.6254
40.0122
39.9034
40.0794
41.5649
40.8384
42.6725
42.4677
41.8669
42.0717
40.4606
40.8472
41.1126
41.0872
42.5664
43.862
43.2765
41.5477
42.5127
41.0691
40.0194
38.9503
38.9903
40.0445
39.6709
40.159
41.1307
39.1131
40.1586
43.4571
41.5062
42.7074
42.3806
41.9835
40.8543
46.3499
47.2511
46.3234
46.9513
44.9445
45.3329
44.0316
41.1868
39.8158
40.9721
41.0167
39.1892
41.4062
39.0052
41.1726
38.627
39.0006
41.2319
38.6647
39.2767
40.9372
40.3792
40.4258
42.6773
42.8357
41.3622
42.4984
40.6655
41.9585
40.5465
40.6582
42.2814
39.8014
41.3023
39.7414
40.1518
38.4865
39.6688
38.4439
40.0019
39.2625
40.8286
41.7142
42.6332
41.5053
41.1689
38.8017
39.5084
40.2047
40.255
40.0114
43.0293
38.8578
37.2741
39.0093
39.4288
38.0877
36.9157
37.1018
38.8076
37.1989
38.2375
37.24
38.6397
37.5137
36.6681
37.925
37.3666
36.6129
35.0383
35.1887
36.8918
35.9671
38.5679
37.5829
37.24
37.5051
37.8958
36.9204
36.5725
36.5476
35.7168
35.5432
36.3069
36.5022
35.1975
36.916
35.8472
35.9616
37.0611
35.6234
36.4393
36.2283
36.4593
38.3186
38.7133
38.0665
39.6519
48.1038
44.97
38.7789
38.52
37.4918
36.4125
37.0048
37.1499
36.0306
35.6826
37.2484
35.6504
36.6087
36.44
35.6981
34.4799
36.0485
37.7617
38.2941
36.1953
34.9312
36.2368
37.0205
34.926
35.6335
35.8862
38.0117
36.7481
40.5125
44.1327
48.2872
48.3968
51.3299
50.7306
51.1659
49.3399
55.0656
54.4909
53.6872
54.1434
53.9282
52.7557
54.0656
52.8717
53.3627
52.5316
52.932
53.7463
53.5415
53.3845
53.1933
52.5245
52.4587
53.1608
51.6055
51.5486
54.7878
56.6609
53.8789
54.1376
53.2448
54.3355
52.129
53.9052
50.5212
50.4141
53.1803
53.6051
52.006
55.7221
53.7364
52.9162
54.9244
54.718
52.9512
55.5013
54.1026
55.4289
54.3384
55.3504
54.1334
53.6593
55.4235
55.1834
54.2419
54.8386
57.351
54.0945
54.3615
53.1003
56.1283
53.8388
54.6948
56.4456
56.2287
54.6832
55.6367
54.0431
55.079
54.8498
57.0338
55.7187
55.178
57.92
56.2285
53.9531
53.2933
54.8978
55.0173
55.0461
53.0208
53.7513
54.6112
53.3091
53.1836
53.0132
52.9814
54.5941
54.503
53.964
53.6461
52.7338
50.2724
48.3402
46.1237
48.7868
43.6092
45.8557
44.6135
44.9151
45.0558
39.1284
37.7056
39.5466
54.1694
47.0792
41.5025
41.8178
41.6206
44.6151
45.6839
43.912
44.7701
44.7985
43.1966
43.2926
44.6122
48.093
42.9478
42.5943
45.0154
47.0703
44.8375
44.9124
43.8277
46.3399
44.0856
43.0698
43.1815
45.8264
45.533
43.2412
44.6116
44.847
47.432
46.9355
49.1675
49.1183
46.2944
42.6164
44.5788
45.9345
46.7939
49.4185
48.6514
47.0651
44.6429
48.3119
45.9283
45.1653
46.049
47.3265
48.1988
48.1172
49.3801
46.7083
44.6038
43.4116
45.127
46.1008
45.8853
43.7473
46.1656
44.6046
42.7791
44.4568
43.2511
41.174
40.491
41.5642
45.4518
43.1178
44.6427
44.0106
45.5904
46.5506
45.1394
47.6574
46.6045
46.9396
48.1942
58.0482
51.7701
50.2656
52.7918
51.6914
57.2134
55.6977
53.5419
54.8137
53.787
52.6629
52.13
48.8604
45.0213
42.6516
42.0693
43.4224
44.9201
42.0133
41.3449
43.7428
45.4817
44.2096
42.3941
43.1893
43.4642
41.5537
42.8751
46.3057
53.1925
46.3993
44.5879
42.7484
44.1809
43.1216
40.9415
45.3077
48.0725
45.2605
43.5582
46.4009
46.3195
44.6971
43.8796
45.4102
44.4336
43.8912
42.9195
45.868
45.0514
44.9513
45.9963
48.7752
47.7806
47.8235
50.8825
44.0704
40.8515
39.5948
37.8589
37.2307
35.4592
34.594
31.6519
31.3492
32.8759
33.867
35.3431
37.0413
38.4551
40.3252
41.5094
41.0271
38.4633
38.3792
39.5141
38.982
37.0903
36.0139
40.3345
39.728
37.0751
36.4541
35.316
43.7511
44.1803
45.0761
44.1888
43.1294
40.4446
38.6997
38.7552
38.3855
38.4117
39.0988
37.9631
37.2612
37.7703
36.5583
36.3631
37.3401
35.9889
36.7332
36.1396
36.8004
37.245
39.378
43.5249
37.0195
37.2684
39.2319
37.98
37.3031
38.9642
40.2804
38.4346
39.9632
39.557
38.0962
36.7993
39.1947
38.7136
37.4435
36.1218
36.4989
39.3879
40.4853
38.6112
40.5621
40.2892
39.1182
39.5252
40.68
41.6477
40.9567
39.1399
39.7793
44.513
40.5481
40.2842
36.974
36.7827
36.8195
37.3787
38.6629
39.3492
38.17
38.9485
37.8411
37.841
39.8271
40.0743
39.3416
40.1199
39.3509
38.367
38.4492
37.9181
38.3084
38.6524
39.4599
40.3743
39.0684
38.1984
37.3422
38.0806
39.1051
39.948
39.2927
38.3185
39.5843
38.8253
37.017
36.6416
36.4872
38.3341
38.4218
37.8547
41.4206
41.2764
39.8411
37.1913
39.141
38.2498
39.5016
40.3223
42.3801
41.822
40.5765
38.4146
38.4929
38.8487
39.3049
36.9925
38.5378
38.5296
35.555
35.0906
35.8542
35.7193
36.9437
39.8999
51.3759
49.6229
50.5025
49.9143
51.719
49.3124
50.3464
53.1256
53.5261
52.349
51.622
50.8614
52.4773
52.2091
51.9316
50.0825
51.4518
46.654
45.6841
46.9385
46.1669
47.239
48.1393
46.1349
41.374
36.481
34.8728
35.6776
35.5027
37.1257
36.9182
35.2257
36.5891
34.4301
35.2898
36.0628
36.4189
35.2283
34.2311
34.9048
35.6243
38.9138
38.9267
39.592
40.5591
39.3174
38.1937
40.4392
40.9741
40.308
40.0101
39.9286
37.6197
36.7723
37.9506
39.1343
39.4727
35.1445
35.0203
34.5471
33.7918
35.3261
35.6608
35.4535
36.4764
36.9473
37.1642
34.9844
34.7679
34.2588
34.7989
34.9557
34.0554
35.3274
35.7569
34.0861
35.7188
35.1197
35.2486
34.8606
34.1557
35.6793
35.0988
35.2454
37.1285
35.2043
35.2116
36.2557
36.5618
37.7501
36.3331
37.1574
37.8365
38.0581
36.2539
35.1587
35.2206
34.3375
34.8428
36.6816
38.7567
37.0157
36.2934
34.3782
36.8473
35.5395
34.5897
36.736
35.2409
35.4099
35.1048
36.9502
35.7619
36.4103
34.1262
35.888
36.9513
35.2406
38.0217
37.5212
37.9313
37.637
36.3173
35.5323
37.7671
37.1627
36.0327
34.6705
34.3412
33.6529
33.8536
34.7441
35.0568
35.5219
34.79
35.0881
34.7013
34.5146
34.7312
36.4833
36.1711
37.1005
36.9605
37.6013
36.7343
41.368
39.9981
40.9675
42.5209
42.146
39.6643
41.4944