45.9805
47.6082
44.0867
45.7159
45.5864
45.4594
45.0174
46.0248
45.012
47.5794
46.4588
47.1137
47.1576
45.9978
46.6379
46.7928
47.2629
46.4854
46.8606
47.038
46.2079
46.9809
46.511
47.5239
46.2338
45.6813
48.4613
46.0931
45.5542
47.364
48.7085
46.781
48.072
47.2983
46.6141
46.0715
46.0178
46.7888
45.8056
46.1198
46.5081
46.6045
46.1319
46.6521
46.3668
46.8466
46.1223
46.0317
46.153
46.04
46.0804
46.0619
46.57
47.2112
47.0414
45.7901
45.5654
44.6548
45.7576
45.4187
45.346
44.2482
45.1318
44.816
44.7417
44.9211
45.0731
44.9232
44.9359
44.0316
43.5773
43.7297
44.634
44.3839
43.7814
44.68
44.5473
45.251
43.5373
43.8505
43.2178
46.4167
43.4191
42.7454
42.8015
41.8646
41.4304
41.5256
41.8572
41.5119
43.7023
47.7023
41.7026
41.8563
42.4886
43.8169
45.1699
43.8408
43.0365
42.7182
43.1074
44.8835
43.8571
42.2387
42.3167
42.8903
42.6641
43.3951
43.6829
46.1958
43.0206
42.5131
41.8032
43.1072
41.2873
41.2054
41.2282
42.2648
42.2295
39.7094
40.6619
40.9429
40.3628
41.0671
41.7192
42.0669
41.6338
41.1212
40.5754
40.1465
38.5215
37.8973
38.0626
38.6553
35.8623
33.5877
32.2091
39.0738
42.1366
43.8231
46.2208
44.1355
41.0132
38.7092
40.1227
39.9543
39.245
40.154
41.9456
45.2623
45.3774
44.525
43.472
42.7464
40.3695
37.2575
42.386
45.4771
47.2342
46.9248
44.6895
45.6258
46.2541
44.7253
42.2751
41.3987
44.0949
44.7739
46.7763
45.0742
42.7216
43.443
45.8873
41.9842
41.4489
42.0468
40.4174
39.0825
38.7429
44.3907
43.8268
43.8741
46.6218
44.6292
40.1428
37.9407
38.2035
39.1401
38.0465
42.7798
44.4712
45.764
45.3862
41.6057
43.0217
41.1211
39.2053
39.4348
37.611
36.978
37.9024
37.8955
44.9653
47.0788
42.28
42.5976
40.2805
40.8173
40.9408
41.5551
40.4786
46.7811
48.4105
47.6985
45.1402
43.0756
45.5749
47.795
44.2985
42.9596
44.4538
44.0597
40.4141
38.6225
35.2235
37.7825
40.7477
41.8564
42.8695
43.1919
41.6164
42.0735
46.7245
46.248
43.1903
38.8178
38.1445
39.7552
38.3512
35.7535
33.8753
38.4889
39.7288
40.9404
42.367
43.0846
42.6346
40.9527
38.0334
34.1867
35.7286
34.4738
37.9677
35.5058
36.8455
38.7122
41.907
42.3432
40.4177
38.68
36.3709
36.145
36.9852
37.4814
37.5488
36.9865
36.2275
39.285
38.6764
38.0007
38.8726
36.9195
36.084
39.389
40.2715
37.8037
36.6717
36.4314
35.947
36.5802
34.435
35.4226
35.9529
37.1272
36.1824
36.2676
35.1628
36.9528
37.2502
37.0132
37.8731
37.6464
33.9508
33.7617
33.8551
35.4336
38.1712
39.5912
39.7745
41.167
41.5128
38.366
40.8873
34.4157
31.1921
37.5991
39.5417
39.8453
37.3311
38.9696
37.259
36.8405
40.0253
39.3737
40.9493
41.5005
43.6213
43.2837
43.6676
43.1985
41.9292
39.0314
38.943
41.2879
38.2121
40.1257
43.7433
40.1073
42.7881
42.6286
41.2638
43.7704
48.3276
50.8341
43.2932
41.6685
37.2517
35.0536
36.4707
40.6605
40.6438
37.6679
37.9365
41.0709
40.4268
42.4401
41.1913
37.3999
37.389
39.1253
38.6218
35.8534
37.3345
36.0157
35.4583
34.597
32.8222
32.3591
38.1233
42.7639
41.2823
41.112
42.7611
38.9015
40.143
41.5302
44.391
42.6362
38.8537
35.945
38.5616
41.3225
42.1588
38.2156
34.943
34.1641
40.3029
42.6711
41.2125
41.2617
37.2494
32.8578
38.4436
45.4009
41.4305
41.1782
40.9046
40.8493
39.327
36.9899
33.5036
39.2597
41.8021
41.4377
41.8429
42.6401
41.0343
39.0602
42.2167
41.7356
41.1984
40.436
39.2017
37.517
39.972
38.9309
38.1351
39.0739
37.6947
39.6784
40.4887
37.51
37.7708
44.1497
54.452
43.7219
47.8521
50.0365
49.8707
51.8147
49.4018
48.9436
50.0821
48.293
48.868
46.5091
46.2861
44.9955
44.1237
42.0442
39.2124
43.3017
51.8995
44.2857
42.0802
39.1631
45.5967
50.0605
43.0824
40.9476
45.495
45.5601
46.8901
46.6446
45.2106
41.8528
39.8645
42.0485
42.3539
46.0579
45.1654
43.3636
42.9337
46.5086
44.8541
46.2837
45.255
45.5564
43.8764
41.8337
41.0034
41.779
39.9627
44.0646
45.1066
45.5723
44.5741
42.8443
44.3596
45.6996
43.9926
44.5231
44.8211
45.9162
44.6169
41.3171
38.9963
39.7555
39.129
38.7643
38.3948
38.2811
36.2262
36.2329
34.9976
34.6744
33.4894
34.3602
34.0285
33.9673
34.5127
32.96
32.3976
32.6952
33.8857
32.4171
34.8016
40.341
37.052
34.886
34.6753
33.6248
34.5838
34.3045
33.99
33.3485
34.5396
35.317
35.5817
35.1553
33.9481
35.7252
36.2723
36.9614
34.8018
33.3753
33.6791
33.2627
34.675
35.4455
35.8702
36.3309
34.4723
34.7194
34.6276
34.4891
34.5628
34.3361
35.0119
36.3799
36.398
36.5345
36.0623
35.2177
35.3026
36.1647
35.4695
35.9068
34.9483
35.3882
37.081
37.453
36.5213
35.5945
36.271
36.4868
36.1285
36.342
36.5596
36.5136
36.8737
36.4246
37.3587
37.4811
35.996
37.7913
36.4981
35.5831
35.8822
36.505
36.8872
38.282
37.9848
37.9698
36.8191
38.2528
38.5446
38.0369
38.6277
37.5851
37.4795
37.4403
37.3379
38.3459
38.0633
37.8144
37.5542
39.6898
41.1005
42.787
42.7504
41.7137
41.981
42.2061
42.8027
42.5416
44.2895
42.9481
42.5393
42.8023
42.9487
42.7677
42.4593
43.8526
42.6711
43.0395
42.4709
42.58
41.6652
43.0362
42.0759
42.234
42.6874
42.5602
41.8107
42.8379
41.7824
42.3826
42.4812
40.5998
40.3491
39.8301
41.2619
40.6823
39.4861
40.7751
40.7005
41.4132
40.1622
41.1491
40.4398
39.6458
38.6064
37.8023
36.9036
37.0498
39.3067
37.8949
47.3918
56.3238
52.8638
45.6593
46.7589
44.9884
45.7065
45.8347
44.4781
42.1577
44.9478
61.0391
50.8303
51.764
51.3556
51.5324
52.6948
50.9251
52.3964
51.6773
51.5952
51.3514
56.8063
64.9388
55.0943
51.4793
56.12
64.0454
56.2034
54.5745
51.0207
52.1426
52.2563
54.8141
51.2124
51.8909
52.1116
50.4236
49.0142
51.2894
57.1505
54.5129
50.922
47.959
48.0978
48.7229
49.6613
48.1339
48.8171
52.8543
53.365
46.7318
44.8628
51.2112
54.4482
59.3628
60.9494
53.7031
50.3858
50.9358
50.2381
50.7039
49.217
46.0247
46.9925
48.5342
50.6321
49.0778
49.3203
50.2256
49.5365
47.5858
48.6117
49.7967
53.1032
53.285
48.1244
47.6755
53.8802
57.6545
52.0419
50.374
53.6704
57.0934
50.7448
48.3192
49.5277
49.5412
47.1124
47.9986
48.8806
49.0177
50.4524
51.6969
52.4935
57.1039
51.0108
52.1164
52.0093
52.9244
51.956
51.3851
52.2354
52.5516
51.6235
51.7944
50.7762
51.5782
52.3384
52.2437
50.1909
53.2472
52.0742
56.2403
52.889
53.7473
52.9977
52.958
51.7522
51.4679
51.3123
53.3104
52.0489
51.5055
48.8306
48.3324
53.6143
52.9514
47.2914
45.5878
48.8006
49.7535
46.6277
46.0623
43.3193
44.3171
44.8432
47.9038
50.2237
48.1242
49.1975
50.4407
50.7002
52.4774
51.6065
50.571
48.9471
48.6981
47.2305
47.1667
47.2613
46.7881
46.8175
45.875
44.2552
47.1441
48.925
47.2839
46.1235
46.4721
46.2396
44.7442
45.9731
46.3136
45.4676
44.5579
43.6826
45.8714
44.3267
45.2522
46.964
45.463
44.2983
44.4127
45.2271
44.8709
44.1106
44.6123
44.7239
43.7778
45.1344
46.9956
44.6923
45.8162
45.2346
46.6028
45.2511
45.6441
45.251
45.3957
45.2313
45.3091
44.494
45.2064
45.8242
46.413
44.6837
46.8671
47.1062
43.6019
43.8666
45.4219
44.6569
44.5322
45.2172
44.0278
48.1024
45.6508
43.8415
44.7192
44.967
43.7148
43.8667
43.688
43.3228
43.6427
44.3039
44.6954
44.7243
44.85
43.9099
43.9376
43.8229
43.2905
43.8573
42.5964
42.2586
41.258
41.1267
41.5453
41.831
42.0892
42.5928
43.0003
42.9126
40.6534
41.0076
41.4738
40.6882
40.3993
40.1443
41.0316
41.5821
41.4843
40.4966
40.6626
39.6886
40.12
41.6068
40.5014
40.5876
41.0963
40.653
40.524
40.5173
40.6867
41.758
41.0581
41.3516
41.1725
42.399
42.1699
42.6209
41.1082
43.0389
43.3892
43.8211
42.9799
43.6774
46.2344
48.3896
43.7862
42.8044
43.3833
42.5558
41.3046
43.8267
44.7915
40.7516
40.4897
46.7218
48.8306
48.9469
45.9772
46.0452
46.5222
46.2525
45.7954
45.7704
45.4883
45.1603
44.0836
43.6376
44.3988
46.1736
44.6206
45.4705
47.1132
43.8696
43.7649
42.9736
43.6732
43.0004
42.5241
42.0049
43.6598
45.1387
44.4133
43.5773
42.9194
43.4853
40.6384
40.9483
41.2309
44.6987
46.9441
46.8523
45.6582
42.4028
41.6479
41.1384
40.1896
39.1419
39.8819
41.9809
41.9932
40.9537
42.0555
42.446
44.1538
42.7267
42.7005
42.1128
39.4674
37.4851
37.8502
37.2597
36.7878
36.499
36.8637
37.4334
37.323
38.3145
40.2785
42.3715
44.292
46.754
46.011
46.0329
43.7928
42.0851
40.3074
40.8374
41.6258
42.056
41.3582
41.8892
41.2186
41.1046
41.2226
41.1825
40.1737
39.963
40.1516
41.3473
43.7301
44.1071
44.2521
45.9601
47.7196
47.6078
47.3493
46.2609
46.6942
46.9682
45.3754
47.2363
46.7035
46.8936
45.7849
46.0633
44.6009
45.5423
44.5785
44.3275
43.8975
43.9733
44.1727
44.1429
43.5599
43.3533
42.7783
43.0864
44.057
43.5838
44.2867
42.8744
44.2358
43.4489
44.3907
43.4882
43.287
44.1173
43.9529
44.0737
43.7312
43.3747
43.179
43.7396
43.4497
43.6202
43.3121
43.953
43.7473
43.3859
43.1412
43.5517
43.8257
43.4083
43.7402
42.8438
43.3097
43.2854
43.5004
42.4535
43.0603
43.8598
42.8083
42.7165
43.3447
43.4751
43.4318
42.887