326.737
326.733
328.154
326.911
325.834
327.141
326.943
326.638
326.592
326.452
327.608
327.153
327.741
326.496
326.611
327.098
326.722
326.192
316.456
323.463
321.996
322.189
323.795
313.208
318.965
322.604
327.074
312.952
321.521
325.12
324.549
309.906
317.841
320.903
320.19
323.804
323.616
324.83
326.836
310.018
324.947
329.052
326.083
328.082
327.716
326.366
327.201
330.393
327.761
326.351
329.01
325.778
329.687
329.595
328.251
328.727
327.509
325.158
326.804
329.901
322.594
323.604
327.049
328.704
327.66
325.526
327.233
327.722
315.644
319.607
326.18
329.801
327.967
327.912
326.462
330.015
328.232
326.688
328.322
323.025
318.787
329.698
329.999
333.503
327.941
325.386
328.521
324.531
332.32
321.269
313.24
292.447
208.922
187.529
150.953
152.384
170.002
190.363
186.241
216.161
219.381
267.837
267.154
259.233
231.903
239.054
221.973
234.601
231.851
231.388
235.512
228.856
260.39
268.428
284.441
285.363
346.604
296.213
313.625
329.81
287.187
288.994
233.06
226.229
244.247
252.758
249.011
242.646
287.81
258.572
221.792
199.184
172.012
166.071
183.821
163.364
193.872
130.979
152.718
127.03
130.228
139.995
128.215
128.505
149.872
130.271
160.065
148.444
141.894
110.425
117.965
91.4957
93.7709
95.7574
97.6995
96.7406
105.916
106.863
116.202
118.031
117.945
121.278
123.889
123.252
123.761
124.528
125.633
122.164
122.327
120.129
118.88
119.941
116.367
116.296
113.718
116.278
116.115
116.46
119.355
118.002
116.454
110.718
109.774
105.352
100.742
99.2895
140.771
103.665
100.095
103.034
105.9
107.93
103.606
115.876
126.519
146.653
147.847
136.546
135.144
118.234
143.598
137.098
123.217
124.118
150.868
129.85
135.978
137.724
150.468
147.184
161.937
129.475
160.042
137
147.366
167.418
165.588
154.511
161.605
160.698
163.006
178.049
160.257
166.119
172.852
191.86
196.859
228.138
269.409
305.124
289.353
239.182
209.486
188.873
197.415
222.011
176.575
185.725
173.989
203.994
225.105
238.307
236.235
238.655
268.047
261.786
250.356
248.724
235.651
206.437
181.136
181.509
184.472
173.313
162.492
166.415
157.985
138.707
122.69
122.778
119.529
118.42
132.64
132.82
128.904
124.641
123.443
118.505
126.783
113.047
110.877
107.955
111.629
110.724
104.6
111.531
114.251
106.486
115.759
116.268
117.118
118.289
117.664
115.188
119.899
99.6978
124.65
132.242
130.901
127.483
128.162
128.052
118.912
109.521
110.746
124.429
120.862
114.284
115.298
120.241
111.773
116.619
119.356
133.808
129.218
131.285
128.616
124.741
134.143
147.793
144.501
144.789
155.508
189.051
221.01
235.452
242.759
254.388
302.787
230.666
269.912
389.93
238.51
248.314
414.314
400.92
434.173
420.369
350.675
306.011
312.868
242.367
223.228
223.169
284.839
318.782
329.818
281.551
251.902
229.45
209.68
188.212
212.705
220.263
247.379
234.791
245.03
157.629
164.463
151.609
135.933
128.183
111.804
146.172
150.789
126.683
123.938
108.77
103.55
120.432
107.207
120.647
146.964
150.27
147.842
121.536
108.587
120.007
109.469
119.008
106.66
109.896
129.464
168.5
190.176
223.686
246.359
274.126
285.652
301.248
315.956
306.502
331.865
348.628
355.63
322.809
329.278
339.378
343.104
340.095
296.857
292.01
300.371
301.882
300.321
286.353
234.037
208.147
172.599
150.12
130.417
111.754
102.106
99.3137
92.6019
91.6151
92.9846
110.661
97.5216
93.3313
93.286
94.4829
114.439
120.708
119.689
132.959
145.088
166.548
152.429
187.772
184.436
162.058
124.422
123.971
119.098
123.613
114.735
104.945
106.619
114.996
128.113
131.232
137.254
146.829
154.09
171.928
169.413
173.448
172.353
175.984
157.412
165.139
155.557
163.541
154.456
144.783
137.201
131.001
118.006
120.943
121.492
135.559
141.466
151.482
156.33
152.608
143.061
123.959
130.039
137.968
171.819
146.378
134.374
129.885
129.152
138.343
145.419
147.716
148.269
142.739
142.074
140.14
133.615
136.565
136.067
150.404
141.541
144.88
145.157
152.931
144.288
147.506
117.773
102.887
120.528
123.91
125.203
144.527
178.754
216.766
229.495
204.248
189.704
178.111
204.468
207.392
197.706
197.743
196.726
198.963
179.703
172.177
156.299
148.019
132.689
126.692
131.249
123.259
136.079
163.823
112.064
89.7833
97.0038
93.9425
103.468
124.679
142.374
163.717
180.852
169.64
169.092
147.436
130.894
120.121
111.413
136.894
137.365
121.378
113.462
99.9477
107.988
107.494
112.279
109.09
117.14
118.951
148.942
157.504
156.053
195.408
189.485
194.716
181.526
181.059
184.607
224.31
241.527
269.237
282.684
285.028
261.904
251.653
235.191
175.645
150.809
154.976
164.588
163.399
164.627
149.651
126.991
131.22
166.796
158.575
169.165
164.136
156.848
154.471
135.206
135.683
162.662
149.972
135.146
135.848
135.857
135.905
130.093
129.451
125.678
118.483
116.136
109.963
111.781
112.488
116.659
119.904
125.512
123.87
115.22
116.437
127.565
129.698
129.908
145.323
168.083
127.966
120.201
114.434
123.559
128.622
135.514
205.416
219.647
230.422
249.244
225.827
213.399
216.689
174.311
178.058
249.765
244.159
242.95
239.724
272.454
315.831
344.318
350.682
376.476
259.329
208.203
225.313
183.382
188.416
186.275
181.553
173.411
162.309
153.269
152.305
168.924
194.122
222.121
236.752
222.826
239.314
223.996
168.952
164.055
172.173
174.749
188.781
170.397
175.718
216.536
195.457
179.451
172.856
210.287
221.404
221.879
209.842
186.671
178.365
190.808
191.136
203.914
188.426
225.944
241.522
245.042
249.128
251.958
202.173
220.288
235.196
269.449
302.698
282.88
331.823
242.496
179.1
180.741
190.632
158.447
172.496
190.237
197.658
177.891
209.031
175.662
197.002
207.144
207.447
218.703
209.258
198.287
183.056
159.943
135.938
119.668
98.4196
108.116
124.709
144.95
158.135
166.003
177.221
177.756
174.644
169.199
168.474
168.572
162.409
155.822
158.377
164.211
161.735
161.478
155.03
155.546
141.198
139.717
147.528
162.615
175.473
183.138
191.195
197.165
189.679
184.636
192.482
179.952
174.688
178.064
164.898
166.88
172.148
172.866
174.797
170.326
180.057
179.367
179.037
177.051
182.309
179.415
182.125
181.975
188.314
165.113
171.178
161.939
164.865
150.001
139.91
131.839
122.201
140.335
125.545
159.806
199.473
194.562
195.277
162.435
147.414
141.014
135.586
135.707
127.428
113.306
118.579
115.134
136.817
125.94
164.232
211.017
234.238
250.745
264.167
266.765
248.692
230.803
216.353
199.448
177.362
176.25
185.284
133.705
130.741
148.391
165.689
153.757
158.829
147.664
140.641
131.603
130.871
135.763
135.727
114.683
107.604
116.716
124.654
134.318
133.626
133.251
136.028
129.342
127.216
111.171
104.798
106.791
103.831
104.417
106.92
111.422
116.783
103.395
116.678
111.213
106.649
104.166
117.248
130.096
147.701
152.788
154.645
173.053
159.527
149.93
127.579
123.961
124.897
117.596
117.677
118.057
118.464
116.871
113.185
117.399
121.908
128.583
131.538
134.002
128.984
126.827
136.074
164.916
131.365
148.342
137.358
143.02
148.923
148.845
139.086
134.729
138.807
138.433
144.128
143.001
143.485
150.015
150.379
152.296
149.711
159.822
144.049
141.587
146.262
146.593
152.679
153.85
141.31
135.897
128.909
118.092
122.621
122.993
122.012
119.607
102.173
105.043
103.263
130.293
131.292
137.033
139.508
138.742
137.855
141.91
126.321
162.271
137.986
113.187
110.17
101.456
96.383
103.176
92.6715
128.498
90.9796
87.8688
111.494
114.2
109.135
112.252
119.549
117.62
120.324
119.481
126.917
134.34
131.06
139.179
133.092
139.478
128.202
126.356
118.544
106.242
108.153
111.268
114.518
119.901
115.388
104.118
95.004
87.7961
85.4385
79.5162
80.8535
80.856
78.3717
77.7368
78.2729
93.4169
96.4307
94.7571
95.1496
96.2816
98.8586
105.389
108.892
107.553
97.8802
106.6
109.516
107.47
119.182
110.023
117.367
119.53
120.537
148.422
166.805
168.135
144.603
163.676
190.485
194.205
171.216
168.946
146.35
135.431
125.916
129.601
143.554
160.899
172.312
191.859
181.645
226.683
300.21
267.969
267.395
188.621
145.973
147.756
148.08
141.32
131.38
152.229
191.158
207.939
229.826
245.637
222.529
200.263
180.194
173.92
179.807
134.815
163.306
152.889
132.082
69.1706
111.537
103.926
105.483
104.716
115.05
126.629
125.143
150.529
138.466
138.966
138.248
139.26
140.076
134.476
132.569
126.479
127.295
143.315
121.19
116.616
118.123
122.424
139.554
176.892
222.012
242.224
271.849
289.781
271.108
273.832
292.82
244.452
231.273
213.541
220.902
242.359
281.032
259.198
230.92
263.16
293.656
305.157
291.619
300.285
315.766
347.68
322.29
317.825
312.841
321.174
362.684
358.141
304.769
273.839
257.102
248.689
232.783
236.922
227.136
235.742
244.404
240.065
219.459
196.2
210.344
187.923
219.322
236.571
267.548
264.73
254.88
229.123
219.596
215.25
217.734
209.646
205.489
221.834
230.374
235.026
244.455
252.878
261.107
233.052
226.578
227.417
218.872
225.422
224.101
214.053
212.614
216.891
228.141
233.494
212.325
194.905
180.87
163.261
148.731
138.563
135.824
135.353
146.061
119.674
158.273
132.929
127.773
112.942
137.032
141.532
173.406
219.521
292.391
405.598
401.862
351.911
291.411
244.45
247.933
199.316
188.006
193.216
234.144
232.372
232.107
193.74
196.675
194.439
184.99
198.487
150.47
154.166
160.012
173.524
190.48
210.193
236.81
243.602
263.105
267.041
270.274
254.462
281.824
291.727
280.686
262.524
233.72
211.507
200.962
180.288
179.99
170.941
157.314
158.545
149.896
151.289
153.561
206.314
218.693
197.619
202.266
204.028
190.51
176.781
175.333
167.438
144.913
133.292
127.174
120.812
116.447
112.997
111.677
108.176
103.341
101.279
105.099
112.984
138.723
179.277
187.946
165.474
172.666
144.51
141.649
121.884
144.965
168.423
167.838
182.628
176.281
141.518
126.769
107.47
112.685
114.357
126.055
106.518
87.9089
87.0581
86.9162
88.7673
91.668
97.9552
101.383
106.212
107.128
105.242
106.51
110.016
118.689
128.084
145.774
160.843
153.603
154.482
151.207
141.865
126.871
117.106
108.24
99.3181
108.719
99.9257
109.378
122.85
130.099
131.274
126.577
120.686
133.326
156.513
155.945
166.375
155.715
151.6
156.683
164.119
184.644
235.127
230.559
219.168
222.199
229.26
249.491
219.92
240.467
262.459
298.54
351.844
329.595
293.652
241.659
239.359
197.218
207.055
226.696
217.498
205.714
228.752
233.654
242.865
243.697
253.547
288.09
305.109
324.849
349.976
332.437
298.541
267.686
258.793
246.972
253.397
274.112
294.142
315.952
305.159
284.845
299.282
302.552
289.929
290.542
275.276
293.93
276.294
274.793
254.945
251.307
214.575
184.008
179.161
165.175
162.776
145.475
124.911
127.502
117.297
119.261
126.611
139.142
140.978
150.247
166.33
164.266
159.508
165.509
140.798
143.591
149.476
134.622
143.728
142.573
138.302
150.711
186.873
200.823
222.616
270.172
273.688
302.979
313.724
339.626
311.448
333.21
355.56
389.387
397.881
362.007
288.619
229.185
192.8
168.626
180.379
171.261
174.427
198.103
208.202
173.071
216.033
217.958
252.334
252.577
216.651
209.489
197.592
204.605
201.352
172.538
173.917
159.788
147.498
123.943
118.284
127.461
142.787
139.91
150.034
149.993
158.791
140.42
135.616
131.519
128.244
125.122
139.057
135.084
136.631
138.641
148.104
159.116
179.899
174.642
169.046
176.391
161.869
164.278
151.818
151.981
143.986
145.754
158.246
148.908
159.778
164.374
164.958
171.871
170.182
150.308
170.394
155.616
134.093
122.903
123.907
122.279
122.088
138.885
150.1
190.708
241.549
264.76
288.365
227.509
192.533
165.31
161.984
139.867
98.0056
105.164
91.6618
111.374
130.779
135.512
140.038
137.521
141.934
139.76
141.598
147.21
152.376
157.758
161.321
160.546
162.691
166.838
169.976
172.111
185.869
168.934
152.67
143.626
138.834
148.699
161.261
142.958
142.287
149.404
136.844
157.759
155.909
136.356
168.625
154.18
151.156
135.686
158.536
162.048
151.085
157.71
150.697
155.17
196.1
172.285
166.084
116.652
119.594
119.813
154.364
242.896
249.738
225.918
212.408
196.866
181.766
165.219
168.797
175.631
185.733
192.149
200.176
216.185
224.903
234.293
272.437
288.212
318.474
292.913
190.574
163.351
153.097
151.462
157.549
152.166
138.219
127.683
124.469
132.775
143.427
154.801
173.381
169.807
171.963
158.231
149.701
143.214
132.682
158.906
159.228
137.811
137.392
128.967
142.496
138.318
120.568
127.578
124.122
139.18
141.896
130.262
122.515
125.845
126.535
130.707
128.247
127.029
131.174
135.295
140.888
130.377
122.823
131.273
120.674
132.487
131.098
136.737
141.837
140.415
151.941
150.279
145.834
140.738
133.573
134.882
135.016
133.018
139.746
159.628
173.155
175.166
184.505
196.387
180.762
162.45
143.593
110.728
124.794
132.039
145.464
172.264
185.175
216.744
234.481
224.326
232.354
263.36
263.558
260.276
271.838
285.01
280.012
293.718
289.14
284.504
267.466
280.643
274.689
279.049
294.041
257.293
232.69
216.532
235.112
222.195
219.274
175.095
168.708
175.451
166.071
214.839
214.155
239.118
174.712
145.706
161.835
145.622
170.704
197.049
216.943
200.613
244.308
229.598
237.492
251.656
273.199
302.807
322.276
340.404
283.289
240.767
265.551
241.026
251.817
264.251
344.9
355.226
359.685
338.451
318.46
309.571
308.453
346.797
330.396
234.303
194.715
203.92
261.897
354.519
409.711
432.392
415.209
406.244
434.446
412.172
388.649
397.391
332.083
314.024
311.581
336.727
383.794
407.212
379.515
398.044
391.531
340.282
367.186
378.448
351.002
333.746
345.929
314.847
313.387
310.998
326.335
312.521
314.031
301.678
346.499
385.098
404.099
390.13
405.234
405.791
384.754
394.207
378.884
369.994
368.704
331.626
344.149
282.439
285.395
296.682
296.081
294.641
283.866
288.936
307.749
331.881
314.948
348.232
332.781
517.128
468.684
402.438
280.234
246.323
263.253
261.725
259.635
287.305
253.552
317.375
316.497
343.06
259.894
304.171
314.992
290.671
281.53
226.675
191.619
154.292
147.268
267.82
270.479
223.341
285.272
292.361
307.899
326.603
311.883
321.785
326.753
326.483
327.485
322.155
325.459
324.856
323.003
323.709
322.614
324.797
324.638
325.449
323.246
328.658
330.455
328.773
329.803
327.502
327.063
330.795