128.405
126.505
125.78
126.34
125.696
126.289
125.905
125.358
126.289
126.316
126.924
126.818
126.07
127.478
126.761
126.283
126.835
126.96
127.187
127.631
126.874
126.327
126.955
127.22
126.56
127.281
127.241
127.886
127.542
127.275
127.563
128.239
128.015
127.852
127.873
122.572
126.939
128.35
127.712
128.707
127.441
127.699
127.571
127.983
127.267
129.001
127.826
128.802
127.724
128.382
128.197
128.409
127.925
128.25
128.644
128.331
127.15
128.332
128.195
128.762
128.689
128.992
128.809
129.001
128.328
128.3
128.156
128.134
127.149
125.677
127.478
127.61
125.825
128.38
129.494
129.001
127.131
127.457
127.256
126.021
128.115
128.962
129.058
125.469
126.683
127.999
116.263
124.344
126.975
119.144
121.635
128.852
120.933
112.504
112.616
136.826
149.329
148.353
149.934
147.636
142.646
148.897
151.215
150.956
145.824
148.9
147.046
118.873
126.514
124.09
118.755
123.827
128.561
125.306
130.313
125.471
124.955
134.972
120.874
117.762
127.354
126.189
147.201
129.166
127.593
128.198
133.175
123.306
143.322
137.3
118.185
101.26
98.0266
99.3222
112.231
128.741
158.648
187.017
183.35
186.068
185.623
201.16
193.042
197.975
212.55
198.73
202.721
219.754
192.828
177.06
175.041
150.265
139.182
156.462
141.126
142.08
159.688
148.399
160.997
163.808
156.104
164.482
154.898
145.45
151.664
155.768
160.289
156.256
158.038
156.553
129.489
148.877
173.58
151.142
172.701
179.557
169.977
168.284
162.078
162.99
153.487
148.355
162.835
167.162
156.686
160.392
160.746
163.416
141.877
142.239
147.955
140.453
157.142
156.125
164.224
162.463
162.125
163.97
169.123
163.401
156.117
155.39
140.429
147.928
142.789
161.449
176.208
180.059
175.904
175.984
177.834
184.438
175.201
178.526
173.85
173.321
161.927
144.145
153.246
127.371
156.497
169.984
175.861
173.683
147.023
147.993
162
167.348
172.456
177.52
175.879
177.128
174.705
179.979
176.274
179.381
186.919
179.794
181.578
185.042
190.994
184.6
186.632
157.393
158.181
156.495
146.864
135.881
131.534
131.706
128.448
124.793
166.375
159.47
164.248
191.534
190.811
188.55
191.634
202.093
192.918
198.186
191.576
193.904
204.754
170.444
153.049
147.591
131.83
134.88
137.476
130.235
114.507
114.041
125.244
132.033
115.05
131.655
133.383
160.039
166.455
168.564
179.183
185.76
193.981
198.497
209.942
206.984
209.323
195.659
187.808
188.874
208.056
220.167
196.493
217.981
211.603
202.622
187.704
205.435
223.107
198.326
205.444
211.629
210.223
217.583
212.922
218.135
197.729
184.591
180.84
179.977
165.075
169.777
150.821
143.976
152.72
139.655
134.772
170.558
143.89
161.441
178.676
143.214
163.782
182.419
147.828
181.02
243.524
218.033
293.839
287.329
293.995
310.382
315.929
288.965
299.844
325.717
322.18
285.861
332.247
338.419
274.563
237.3
272.749
201.07
238.022
290.22
245.234
306.346
295.715
316.641
344.207
324.861
338.815
330.27
286.277
321.184
304.592
311.521
304.386
249.361
281.918
296.633
357.485
346.885
384.176
344.919
333.744
240.801
288.52
296.241
191.318
170.208
151.152
149.259
180.44
335.914
281.566
387.358
452.98
473.846
377.106
288.536
277.6
210.734
207.995
285.946
250.675
370.581
415.466
315.43
335.445
324.553
362.511
340.556
265.208
277.013
213.011
211.285
243.76
210.954
262.598
221.322
193.615
266.1
334.95
407.996
367.643
511.341
465.608
461.876
512.671
493.753
460.229
488.992
466.274
482.567
425.082
328.672
284.958
284.058
205.219
256.369
202.31
189.453
217.864
184.82
166.552
143.729
131.306
144.378
211.28
210.522
155.813
215.988
224.431
217.346
252.696
205.504
156.603
132.289
112.391
108.704
101.324
98.9208
81.0822
74.0483
76.4487
77.2737
87.5049
99.9004
108.523
111.026
94.3589
114.942
121.628
122.554
134.312
145.363
153.364
175.444
197.002
198.558
213.263
223.273
190.463
232.73
251.387
318.411
320.922
287.265
264.509
249.949
248.952
241.363
233.822
239.331
198.785
198.496
192.743
172.378
187.053
216.394
189.473
190.267
191.266
194.394
205.91
236.452
252.32
255.834
265.169
239.431
232.817
276.569
196.45
211.742
235.873
251.629
268.079
296.525
348.497
334.465
292.913
253.818
241.375
236.584
262.597
249.771
302.005
314.875
287.002
328.798
317.278
304.464
333.985
376.72
363.062
385.321
396.458
398.361
415.98
369.593
351.706
368.841
355.014
370.388
384.619
393.313
414.791
427.151
393.597
316.23
321.971
321.861
325.695
365.629
356.853
416.168
423.235
446.04
389.274
420.244
399.663
382.35
366.94
350.808
321.895
305.7
280.888
343.673
366.227
325.995
324.227
281.225
253.118
245.169
277.925
280.545
324.867
317.025
312.793
299.024
309.789
291.32
308.15
320.141
328.929
283.536
296.538
263.513
284.891
270.725
278.017
301.862
318.606
318.298
299.449
308.142
299.832
289.66
272.016
276.475
331.064
328.781
300.383
345.954
326.879
340.311
353.544
352.701
359.244
333.852
333.995
339.12
287.915
306.978
301.502
275.323
333.691
368.945
278.586
248.753
203.538
185.577
259.865
327.383
357.952
378.985
341.297
354.889
274.207
288.354
264.68
256.618
267.928
272.062
209.436
198.174
207.744
155.941
235.382
250.193
257.992
300.504
307.962
310.17
293.317
301.842
325.167
310.513
296.552
336.288
341.407
332.552
345.165
317.303
319.465
286.562
282.135
241.532
202.455
265.522
223.26
228.933
271.308
228.923
240.614
266.019
253.081
229.845
253.612
268.03
279.449
256.545
257.759
227.747
247.83
269.325
291.129
298.137
308.75
302.335
326.012
323.196
308.309
322.052
317.74
317.608
312.508
312.767
296.655
283.202
232.748
217.21
230.157
217.138
259.576
288.233
253.746
202.703
221.294
214.139
212.658
253.859
239.377
258.56
275.232
264.935
282.686
288.318
279.18
271.672
272.663
263.006
253.989
265.517
225.314
177.707
175.879
159.333
173.505
158.955
159.097
167.338
200.689
159.402
241.668
242.158
213.296
229.323
190.729
176.33
138.565
156.454
161.065
195.824
226.174
214.068
190.21
207.467
200.111
162.218
199.541
184.257
182.102
232.787
204.765
207.748
228.922
214.981
190.259
177.83
173.09
212.941
240.779
254.762
263.437
260.996
267.219
270.103
282.255
265.177
273.34
271.108
278.803
278.229
324.853
297.776
274.984
300.082
304.52
236.079
268.547
284.448
233.34
265.888
282.964
275.936
321.155
301.201
297.501
259.905
244.065
247.002
238.725
252.869
256.902
210.112
217.048
205.184
200.416
234.75
253.552
246.522
209.576
209.593
159.13
139.841
136.477
133.609
137.276
147.602
144.697
145.301
156.296
196.051
160.1
196.839
201.893
200.462
184.459
154.687
175.482
186.421
210.039
221.356
276.281
252.709
222.713
267.445
268.9
250.744
299.824
293.89
360.707
435.072
347.331
340.969
333.62
315.624
331.337
340.622
341.701
389.733
413.471
421.179
339.933
344.833
356.604
412.123
474.159
507.358
460.03
460.851
395.77
382.161
341.542
312.3
321.972
380.362
410.943
386.753
408.845
337.377
328.268
336.534
305.606
284.433
331.794
263.74
354.227
333.957
335.853
411.787
401.384
394.939
385.627
345.075
318.532
297.959
339.827
380.933
344.373
362.283
376.388
380.687
350.942
379.422
391.071
402.502
406.741
395.2
401.079
401.631
406.451
394.419
407.467
411.445
397.855
402.389
421.773
416.143
460.342
443.845
428.034
415.593
452.716
477.815
479.676
476.277
486.97
494.719
434.485
484.27
494.198
429.161
404.857
418.105
396.336
434.559
442.233
467.388
516.071
481.269
503.004
491.57
518.475
490.632
503.824
527.615
522.151
469.978
514.268
510.55
480.137
510.884
473.362
471.605
472.997
397.208
418.504
413.538
463.411
452.109
458.262
473.042
403.363
391.095
291.082
245.354
221.078
202.06
186.42
184.051
164.058
176.997
173.996
170.9
178.69
164.603
178.689
212.37
183.836
171.779
177.632
158.189
181.768
160.764
145.35
165.278
147.903
134.458
146.222
138.144
150.454
157.898
145.613
144.578
150.671
139.864
136.816
138.368
162.809
174.32
176.273
140.024
149.577
142.725
119.024
136.292
144.792
159.589
172.508
188.093
195.467
180.778
193.768
189.443
175.568
161.328
173.513
169.393
168.892
181.823
182.264
191.406
181.983
218.679
236.977
188.206
186.478
180.137
156.402
141.216
164.162
160.436
138.876
140.425
140.782
142.862
164.234
154.1
165.928
180.687
172.102
182.704
190.67
205.897
197.937
209.617
219.458
223.226
210.655
216.716
225.995
229.548
220.24
218.361
206.998
203.068
207.153
205.823
204.081
207.049
203.433
204.58
201.362
196.722
183.809
186.075
174.669
171.8
176.769
157.856
159.328
152.338
141.734
166.585
162.27
167.787
151.42
157.336
151.708
152.871
136.757
135.989
140.501
144.213
153.217
157.27
155.795
161.272
166.304
165.978
167.948
178.303
163.134
178.606
191.106
186.48
180.421
176.983
189.315
185.404
176.761
180.169
162.506
146.908
172.537
177.138
189.393
177.866
171.399
175.896
169.319
176.488
180.228
158.423
170.348
164.238
146.995
154.812
143.011
139.491
133.071
132.23
125.515
123.117
119.497
120.046
111.602
114.335
108.916
57.8446
61.0982
56.0145
61.263
59.9869
62.5324
68.984
73.0676
89.2203
124.685
122.691
151.334
194.08
199.152
201.566
200.266
182.759
189.717
177.923
153.795
137.043
142.161
139.044
158.824
144.445
147.565
155.63
158.081
177.036
170.074
182.046
182.458
170.118
183.475
196.726
190.17
159.089
160.849
171.505
183.918
202.226
186.099
189.789
197.424
203.518
198.297
201.716
193.879
185.602
183.395
177.918
156.853
162.255
189.751
146.098
95.5606
98.8819
95.8622
99.2392
122.8
134.395
141.851
172.669
175.555
177.964
178.344
174.554
170.861
203.105
171.23
192.427
225.529
212.155
232.471
212.524
242.814
239.028
235.499
246.09
221.393
188.64
153.431
163.967
122.308
145.699
148.035
146.586
167.773
185.662
141.043
177.647
193.056
200.381
197.886
188.868
193.149
197.967
180.348
186.465
171.334
170.811
183.202
189.623
183.144
173.667
154.786
173.477
171.801
184.765
190.75
202.117
196.241
192.057
190.08
192.821
181.324
188.77
191.713
179.277
168.777
161.718
130.944
130.103
138.313
146.964
137.874
145.449
134.732
165.021
154.578
151.59
149.229
199.803
208.782
137.757
154.607
171.762
160.455
169.831
153.4
143.503
147.048
152.003
144.027
184.44
167.228
150.562
182.922
166.036
154.89
188.691
172.904
153.477
182.816
172.594
158.719
174.019
162.925
149.973
167.692
156.641
154.645
160.211
149.101
171.118
147.628
139.251
139.439
178.441
165.098
168.418
191.716
148.511
154.517
155.73
136.679
154.755
145.752
139.233
150.441
145.492
139.736
157.901
154.226
147.684
159.28
156.035
157.658
185.373
221.439
244.144
242.241
217.74
228.366
268.248
297.927
348.97
344.904
379.483
385.216
325.742
324.638
341.019
391.527
385.041
401.783
401.954
374.552
410.555
388.18
424.668
442.259
435.063
363.08
394.506
411.688
347.803
380.738
376.28
397.363
394.504
394.114
348.435
352.125
302.642
275.253
259.933
218.63
197.178
157.608
203.984
171.481
149.175
158.151
153.846
150.5
175.537
184.797
184.492
215.215
236.824
195.343
285.941
225.306
174.664
222.99
222.381
267.537
291.976
264.376
351.245
332.46
322.218
367.127
379.178
351.743
353.314
345.779
369.127
356.736
377.051
375.238
338.823
341.22
338.333
316.051
360.95
393.537
335.68
397.535
369.554
392.61
405.763
391.114
375.665
401.303
425.397
389.02
386.157
405.527
411.488
371.479
410.226
334.917
317.238
358.726
285.383
284.496
345.175
194.231
187.359
218.943
150.676
183.623
207.381
185.933
170.148
204.873
211.144
178.174
219.362
177.359
199.387
198.959
177.724
167.577
195.708
188.323
224.315
236.752
210.073
242.311
231.893
247.386
251.381
222.767
226.418
210.265
192.043
197.046
216.89
207.863
222.145
217.824
245.253
256.907
243.505
229.872
202.053
179.817
205.022
179.45
172.856
180.496
166.537
161.396
175.714
155.759
166.911
193.662
174.147
185.051
195.088
181.432
192.648
186.159
177.21
197.463
173.665
117.892
133.182
163.084
175.769
187.819
178.549
133.708
144.178
145.515
143.125
136.266
138.544
137.4
129.318
123.176
125.97
128.978
133.928
137.443
143.006
133.341
165.692
173.586
174.493
193.547
188.101
192.336
205.999
239.805
236.524
287.696
273.287
313.659
323.313
321.356
407.429
388.375
394.733
430.251
402.566
471.097
524.698
556.561
576.858
551.435
510.35
517.857
462.877
425.336
412.434
404.883
420.28
388.798
399.638
361.497
377.95
355.935
332.573
342.253
403.244
421.048
434.426
412.202
338.137
336.957
257.477
240.204
254.963
257.038
273.179
271.157
298.905
293.492
331.088
290.201
295.555
308.004
299.597
310.596
327.133
325.426
365.113
399.088
417.786
433.531
481.578
434.352
533.808
581.489
569.945
488.191
359.361
404.301
449.152
487.066
471.538
522.362
519.134
521.725
524.765
529.328
537.213
580.196
530.088
530.211
517.736
509.835
498.292
503.877
493.922
504.845
515.512
510.794
488.963
527.686
493.825
502.301
504.712
459.051
490.323
503.819
522.686
530.547
586.609
514.484
516.317
490.597
484.037
498.5
497.319
528.071
583.78
566.615
573.602
542.029
600.718
590.906
587.306
545.026
574.224
578.357
571.569
578.265
522.519
567.028
580.416
527.59
438.204
441.903
442.341
508.78
511.342
522.74
512.733
518.244
553.613
561.823
569.197
538.933
567.057
498.996
481.951
496.587
448.709
503.501
510.642
530.977
501.356
501.465
541.205
530.862
538.544
561.511
536.122
577.361
541.621
517.959
528.738
453.385
398.155
438.868
467.679
475.378
464.089
464.316
445.322
477.24
451.985
446.193
449.431
496.147
516.565
510.248
509.698
515.239
497.901
510.851
510.649
494.261
511.667
524.128
512.877
510.827
414.997
433.503
488.74
489.883
476.01
484.258
524.373
527.038
487.658
535.938
542.241
477.746
483.32
541.256
509.929
560.763
577.895
486.849
582.057
635.634
571.429
542.736
610.06
468.116
543.954
501.215
463.076
574.101
472.586
535.375
585.134
544.4
618.565
672.381
642.309
646.877
659.752
657.613
704.698
694.572
638.568
712.211
621.787
619.628
696.657
524.625
579.956
625.011
685.292
717.115
701.287
710.168
738.021
725.598
770.517
826.967
830.123
853.512
839.559
841.671
847.385
825.747
789.184
801.049
831.192
850.063
819.43
869.618
754.194
847.241
777.229
698.7
681.881
757.445
730.997
794.817
707.662
855.011
798.498
809.666
858.704
739.216
829.829
800.41
783.329
686.439
777.412
750.949
733.576
854.162
677.454
720.586
628.56
631.582
692.523
699.718
800.66
774.429
799.347
826.82
828.643
608.166
458.154
493.726
584.634
626.936
705.152
768.322
751.491
682.814
658.99
711.382
806.183
744.87
842.447
835.453
786.934
767.416
758.205
812.438
806.94
571.065
638.512
394.494
379.118
434.155
328.849
331.579
410.724
316.505
408.87
409.598
368.262
483.871
571.059
501.956
599.756
553.902
589.149
523.865
509.258
437.792
390.914
349.564
319.434
296.492
310.189
249.795
250.18
206.963
243.469
258.721
264.188
249.352
312.165
407.685
367.289
381.669
435.317
386.693
464.659
467.034
445.726
416.566
456.015
474.582
463.59
437.793
449.107
509.538
457.063
518.465
508.627
537.391
549.342
499.518
495.406
505.395
484.689
450.916
499.431
437.534
437.806
426.936
417.855
393.758
487.603
416.24
433.457
341.087
372.629
390.802
399.522
356.271
386.098
393.817
325.226
361.112
375.55
388.936
331.547
341.155
327.23
440.245
366.556
414.564
432.491
411.485
411.723
447.818
436.976
377.69
404.226
353.109
334.728
342.46
399.84
353.891
391.613
339.987
415.194
411.93
381.238
317.729
366.906
319.202
350.051
315.955
344.51
305.868
291.959
273.381
242.321
264.063
244.765
232.607
273.137
295.934
282.458
253.852
225.138
201.097
190.104
197.436
180.544
179.141
178.82
184.61
189.596
178.837
210.362
172.411
153.382
160.984
180.375
184.29
176.761
180.741
171.896
169.978
159.671
147.585
143.586
146.211
133.11
149.229
180.402
163.377
206.183
186.021
200.438
205.453
177.184
151.263
173.957
159.634
181.014
188.706
203.728
214.766
235.614
225.002
221.301
226.494
273.477
307.37
308.945
319.619
321.828
321.224
332.949
331.723
313.474
290.616
277.391
252.108
249.967
248.811
249.11
286.619
272.457
262.128
325.317
326.637
407.735
407.06
402.921
430.91
361.49
318.82
307.261
223.068
333.644
275.605
272.043
349.809
349.561
342.78
364.733
390.398
355.85
342.748
305.339
327.761
362.426
377.092
352.407
378.743
375.055
373.156
353.634
342.567
332.087
341.592
386.727
377.218
359.809
329.718
355.094
363.574
385.064
375.566
364.879
367.641
373.106
369.989
370.745
385.706
377.242
375.56
385.395
306.793
348.559
316.883
317.071
306.335
307.951
288.112
270.889
295.627
323.547
307.456
302.795
322.724
270.462
226.003
229.938
244.297
277.489
324.766
298.76
299.483
354.501
324.705
310.997
309.447
288.97
272.053
259.401
261.788
252.641
249.345
271.99
257.635
260.09
241.164
290.02
277.137
250.513
201.252
229.748
203.448
188.762
167.449
232.625
229.225
211.217
208.773
231.515
198.279
291.683
283.31
289.182
327.378
305.548
285.178
261.872
250.007
187.302
214.804
195.979
168.621
181.01
174.798
147.795
183.584
192.591
137.513
163.661
187.665
186.239
199.208
211.466
230.914
211.521
217.317
218.787
186.136
227.831
231.335
213.842
205.025
222.911
182.12
153.155
187.146
168.181
188.6
205.324
192.709
200.794
186.525
216.377
201.283
220.986
233.544
221.861
222.225
222.051
226.328
225.191
210.885
225.174
216.58
218.32
223.244
224.306
214.462
205.855
226.293
220.62
238.171
236.975
228.077
213.269
235.79
226.659
227.281
245.686
225.645
238.689
239.658
223.563
247.998
233.864
249.36
274.891
259.44
258.11
296.191
277.779
270.702
247.673
236.56
261.865
248.944
251.295
273.294
320.471
279.756
303.43
277.637
256.979
280.571
270.545
280.731
249.152
265.885
275.194
238.902
271.659
237.249
260.747
256.456
255.359
263.019
198.38
173.441
158.7
297.456
301.743
329.718
368.599
384.255
413.628
429.887
413.696
411.395
417.1
423.114
447.254
448.827
430.001
447.869
491.175
519.848
597.441
755.558
820.977
648.709
717.672
459.768
318.956
199.138
123.259
116.546
226.297
287.241
332.632
208.107
201.813
154.482
148.939
147.204
147.411
237.081
208.237
379.542
548.226
715.261
677.4
618.103
666.438
745.931
723.178
694.59
700.444
721.654
733.14
746.842
760.024
757.607
760.406
746.975
741.987
761.416
746.837
756.44
755.932
758.291
756.52
758.089
758.793
757.617
758.342
763.118
759
759.689
759.975
759.388
759.465
760.28
760.764
760.539
760.834
756.025
758.791
759.393
753.035
761.05
747.762
753.966
756.476
749.42
751.445
760.564
759.004
758.617
757.803
756.853
756.036
757.064
757.303
751.954
752.376
752.481
754.758
756.091
748.32
751.155
752.529
749.228
753.743
748.241
748.383
758.273
743.258
754.475
756.332
738.29
754.556
746.863
750.71
746.284
740.371
747.278
753.859
756.42
751.36
731.826
736.63
738.451
750.171
756.106
752.011
757.326
752.143
756.1
756.028
755.724
757.213
758.355
756.365