538.285
536.512
537.61
525.423
449.381
509.555
449.877
475.54
532.147
536.979
551.926
653.871
526.266
493.01
467.003
462.386
500.858
507.317
469.71
425.376
370.35
353.696
354.825
393.972
463.849
568.416
649.068
864.343
954.067
907.343
665.166
506.194
429.297
352.574
281.425
266.251
254.332
235.828
242.244
244.536
288.655
361.477
522.954
671.777
469.661
367.227
303.905
283.97
254.928
237.866
240.363
305.743
317.32
320.157
332.674
330.549
434.039
700.069
935.617
584.561
433.084
407.237
419.623
400.813
377.95
285.741
250.286
244.08
262.372
273.865
282.764
319.685
363.665
590.257
532.352
367.382
299.048
272.284
247.461
237.889
308.745
323.624
360.285
367.201
385.053
419.49
437.847
510.22
658.426
734.838
847.569
683.228
564.384
508.971
461.797
454.806
376.123
379.986
340.421
266.114
259.611
253.124
235.793
253.942
378.418
618.575
367.98
281.306
273.234
247.844
320.354
341.638
355.555
377.744
376.578
341.152
308.318
330.539
351.18
438.822
744.345
828.552
636.506
512.188
452.823
425.782
384.072
350.882
380.936
393.021
382.816
348.556
385.88
449.546
489.747
439.556
477.844
590.233
662.629
466.702
360.348
277.159
254.147
249.431
319.206
306.894
316.051
292.703
261.572
268.156
359.262
517.89
789.666
835.463
673.769
606.795
547.066
484.672
475.234
353.499
336.909
343.822
418.727
461.303
426.625
398.006
375.694
378.247
432.058
512.245
561.133
458.498
554.231
682.6
755.871
786.211
606.568
489.095
268.697
229.537
208.63
165.603
159.45
172.357
209.037
428.32
656.648
359.451
327.303
371.775
482.064
723.46
742.276
643.352
609.553
733.219
679.542
608.2
520.291
673.627
811.736
584.07
447.951
458.613
682.887
788.368
617.413
583.64
619.506
665.27
791.289
803.349
840.667
840.703
854.637
858.812
860.806
780.087
704.227
578.821
491.813
364.753
318.365
265.193
279.667
282.42
278.408
255.937
213.121
201.848
190.522
187.207
196.068
191.177
192.739
231.201
268.951
302.374
238.817
224.669
234.372
246.871
368.819
384.108
389.679
466.349
514.58
486.814
351.882
265.959
305.121
468.756
357.708
315.09
294.771
277.913
266.567
258.175
258.291
243.956
182.573
150.204
161.071
162.972
175.776
192.489
217.529
203.324
199.026
225.183
233.759
258.884
285.284
264.543
242.462
277.319
362.652
464.216
638.744
845.489
825.523
731.427
532.413
474.981
370.966
315.862
273.3
308.445
305.357
237.065
221.2
206.223
206.57
182.364
199.765
193.246
176.108
158.935
154.531
164.211
174.693
203.354
309.751
360.645
366.835
406.923
461.577
549.351
606.814
542.385
483.621
418.871
408.107
282.642
183.852
151.95
155.056
148.389
152.272
155.954
165.868
186.121
164.338
173.449
177.431
191.844
296.786
337.681
372.84
382.653
340.533
374.714
452.48
579.296
633.593
615.889
467.163
385.093
353.001
361.604
364.589
286.729
260.325
300.987
209.589
179.779
169.786
163.273
162.359
121.895
133.095
130.101
139.922
199.602
202.665
204.624
206.264
210.952
248.22
295.909
343.087
290.632
286.57
206.069
204.34
194.952
207.043
167.523
181.273
191.668
201.246
204.189
173.854
186.625
238.225
174.008
175.435
171.191
165.288
197.229
172.875
193.601
216.799
274.339
313.891
298.673
288.878
261.246
289.216
256.828
223.923
207.363
194.408
223.701
147.793
140.521
132.587
163.758
135.443
121.566
124.194
128.975
139.634
204.488
226.38
232.409
296.754
308.917
296.355
214.039
193.887
194.454
197.207
201.597
206.536
173.736
200.209
216.027
207.977
208.363
234.915
194.512
190.547
186.096
222.916
252.307
325.398
285.948
330.076
325.064
417.08
472.675
405.346
327.858
286.171
271.619
270.191
289.194
314.997
325.749
274.205
318.478
421.296
413.856
310.344
237.746
231.467
252.47
245.626
240.155
253.062
285.326
299.971
319.24
391.224
504.465
439.595
440.195
437.004
427.643
458.382
460.838
434.309
349.361
357.738
342.443
306.838
300.482
291.43
280.6
291.309
280.443
361.812
398.824
433.139
401.427
391.144
391.888
329.86
289.212
265.016
241.968
256.775
314.069
300.681
321.531
322.506
292.451
308.409
353.728
355.57
418.343
386.061
409.596
460.218
457.353
509.193
480.065
457.755
490.17
486.235
517.571
556.797
541.496
561.915
543.501
562.359
509.944
517.019
456.896
574.721
612.292
544.661
551.453
625.928
620.08
618.706
617.161
623.646
624.378
624.133
619.276
627.923
626.955
629.412
625.516
628.355
627.972
628.874
630.372
630.698
632.427
631.175
630.752
633.046
633.474
631.502
632.35
632.646
630.682
631.253
632.059
630.772
630.206
631.112
631.647
629.924
630.186
631.583
630.282
629.739
632.78
630.163
631.113
632.103
630.82
630.456
628.572
628.409
630.329
629.076
627.973
628.859
629.085
630.097
629.374
628.26
629.886
626.828
626.9
628.147
626.893
626.177
625.999
626.292
627.535
627.461
628.843
627.991
627.521
627.714
628.17
627.768
627.889
627.855
626.287
626.932
628.557
627.537
627.196
627.752
627.782
627.261
627.228
628.893
626.706
627.692
627.839
625.974
566.866
528.187
420.596
417.983
549.812
555.303
612.76
610.666
574.496
592.654
578.063
614.003
569.143
582.928
586.685
606.426
618.723
613.518
622.256
621.122
611.669
594.05
589.046
617.982
593.531
614.971
548.503
559.586
507.744
476.502
525.041
557.013
522.435
537.255
572.061
554.202
520.394
530.899
570.658
507.416
513.419
556.709
545.611
514.668
522.632
550.369
598.79
621.503
620.101
617.423
619.176
619.999
621.65
623.149
624.557
626.176
622.89
624.541
625.132
624.858
624.71
625.817
624.72
621.471
624.765
623.347
625.401
624.276
622.517
624.902
623.759
624.906
622.214
624.15
599.272
599.607
602.591
605.612
613.619
618.65
618.202
618.557
619.965
616.771
622.464
617.768
616.46
614.901
616.044
618.686
620.658
621.66
621.133
619.958
620.101
619.244
619.743
620.353
619.485
618.004
619.879
621.324
621.615
621.448
622.219
624.261
622.045
622.656
622.244
622.724
621.609
621.983
620.887
622.884
624.922
624.695
622.299
622.184
623.137
623.577
622.027
621.775
622.841
622.378
622.148
611.635
618.942
615.566
614.361
616.39
612.084
618.379
607.864
612.093
611.506
619.922
619.476
618.443
615.373
622.133
619.218
624.036
617.402
620.855
620.579
622.091
621.21
618.689
620.989
617.155
617.198
605.86
619.008
613.645
599.3
610.798
617.443
609.255
600.402
613.705
606.327
616.64
593.874
597.831
600.965
610.311
604.72
603.332
600.192
584.498
607.764
578.293
603.369
424.965
497.714
432.684
423.405
420.513
349.727
363.488
331.89
239.478
304.014
401.227
391.935
394.853
364.648
252.476
273.16
344.059
360.35
451.193
510.859
515.47
538.806
519.83
507.759
528.723
514.946
513.015
523.799
549.337
604.547
520.79
571.743
585.111
609.299
626
617.299
590.106
501.752
426.475
336.567
327.182
341.673
281.939
314.221
363.533
421.892
442.933
475.686
488.36
529.446
566.186
571.278
579.111
533.596
547.658
511.376
560.036
506.51
542.888
899.57
911.494
926.638
1064.22
962.118
1076.86
1131.53
1115.74
1101.08
959.932
1026.1
1078.68
1144.14
1028.14
1036.13
1079.84
1197.07
1149.81
1192.05
1143.23
1076.15
1057.51
981.026
1031.14
894.136
940.265
862.781
977.481
902.409
870.664
975.959
1065.95
1033.33
960.831
1031.34
951.855
1045.29
979.73
976.548
982.006
961.806
972.919
963.88
956.491
881.796
874.635
877.803
784.046
830.579
891.952
904.249
880.979
921.314
879.783
982.584
973.473
974.607
1002.91
1020.06
1022.96
919.856
952.1
912.932
823.521
896.569
823.812
836.687
904.485
837.394
750.557
855.076
856.479
812.876
880.398
745.704
737.974
794.449
807.418
809.96
768.143
722.174
783.036
764.683
796.039
700.696
761.337
741.273
815.804
779.717
753.06
785.706
805.356
853.054
817.269
792.563
795.205
871.662
772.583
833.89
814.807
780.036
759.806
854.12
845.298
927.78
934.55
940.5
925.281
935.31
897.598
869.729
905.885
902.812
912.829
833.003
854.18
702.09
875.508
916.313
897.556
728.363
703.463
768.239
721.971
690.853
649.411
725.297
777.798
848.994
798.86
665.07
698.565
725.37
793.527
808.622
846.249
873.636
873.478
857.043
840.371
775.518
806.133
857.244
798.943
805.082
841.378
754.369
736.706
736.103
770.654
778.524
716.065
680.24
657.502
590.767
551.794
548.849
553.189
558.23
501.138
664.977
625.481
668.894
644.996
632.482
628.592
637.1
636.039
617.407
609.92
580.193
594.061
567.794
589.379
611.824
571.655
510.368
533.746
533.1
533.806
558.45
529.08
522.264
493.949
456.539
535.018
477.945
526.951
487.443
469.934
391.163
365.172
353.398
309.844
327.114
321.232
396.275
453.955
433.139
410.178
424.351
437.175
456.838
485.144
476.534
470.494
447.847
429.667
453.868
488.348
501.909
504.123
512.106
486.726
473.443
339.379
320.223
322.215
421.122
421.272
395.192
436.753
406.256
418.914
397.061
396.015
404.718
393.618
376.873
409.443
391.862
403.257
383.719
385.138
338.712
404.324
394.825
400.848
408.591
393.359
358.618
394.502
415.884
444.937
404.897
420.097
502.972
505.631
495.551
520.114
482.009
521.025
577.358
541.074
556.05
553.719
621.989
597.463
621.377
656.697
651.522
682.515
646.337
582.45
655.833
622.216
624.854
633.609
599.508
651.78
606.707
664.44
669.656
669.763
663.28
669.926
640.633
686.175
637.045
710.789
713.923
650.338
697.329
643.663
684.944
687.591
683.05
670.809
658.076
588.15
613.481
649.2
620.893
701.629
675.85
675.47
701.157
689.168
699.765
701.74
636.452
474.024
499.07
625.542
704.223
737.835
524.015
502.645
484.503
537.406
692.707
525.617
636.387
663.654
608.572
549.599
571.298
523.524
646.097
614.638
712.476
731.028
761.595
755.016
626.233
661.68
623.343
567.188
608.962
630.069
665.883
634.773
658.833
623.908
696.874
641.283
736.967
688.139
673.912
744.559
679.656
626.504
571.809
440.528
501.43
431.076
499.757
599.317
615.297
589.479
675.236
607.583
687.096
633.407
649.765
682.902
686.019
679.615
721.679
731.156
726.978
777.435
772.927
569.829
549.827
664.457
726.521
747.739
731.419
608.256
540.666
465.685
424.089
474.104
498.025
557.833
557.178
633.767
652.843
624.69
674.254
643.353
589.943
658.635
683.272
558.622
569.584
599.986
618.612
662.655
694.511
722.103
744.484
720.559
744.83
684.585
747.782
740.273
747.571
730.199
736.683
640.782
555.359
594.993
567.173
622.402
637.365
606.358
628.29
625.708
638.253
688.226
687.684
776.037
771.693
757.569
777.903
767.874
781.86
766.375
602.252
560.27
558.782
695.228
735.147
708.728
746.762
730.216
553.79
463.733
436.36
434.968
546.706
642.309
760.831
640.666
586.323
544.214
660.653
663.424
723.108
537.029
558.525
542.678
562.225
538.649
569.91
555.208
619.444
550.53
586.094
539.842
534.681
639.365
743.873
714.589
687.594
696.028
658.729
577.966
467.078
453.031
434.863
461.028
468.186
495.375
426.585
532.362
546.205
694.093
702.728
705.236
724.119
767.504
780.339
762.408
780.643
780.444
771.641
751.208
777.009
734.589
763.119
675.977
607.907
590.568
573.457
578.549
652.612
606.18
589.866
611.634
614.582
705.421
745.648
649.136
542.299
538.87
514.73
479.382
487.854
516.511
501.149
444.038
517.36
482.388
527.788
615.664
661.827
718.04
689.993
689.735
749.004
537.484
499.765
418.394
408.77
429.543
505.223
549.639
573.211
643.533
648.161
612.912
699.94
680.926
702.609
661.341
642.375
644.677
631.957
620.222
608.894
581.371
533.887
541.274
492.884
496.045
462.417
472.409
470.911
426.5
437.194
414.797
359.733
378.313
382.453
393.296
463.748
508.926
604.928
665.057
658.479
646.781
635.858
607.663
593.785
533.566
466.759
455.45
477.067
442.129
523.73
530.613
651.775
660.028
663.707
708.634
619.847
633.971
581.717
578.481
642.485
673.26
594.664
517.081
468.902
474.134
498.872
563.257
590.556
634.071
654.246
652.268
668.852
675.881
630.33
582.212
554.01
627.771
619.235
649.703
624.893
627.864
655.519
621.76
606.72
611.057
635.752
652.129
653.183
636.333
647.08
567.925
553.05
513.465
591.141
578.955
644.14
628.763
642.73
621.748
606.189
652.397
596.986
543.279
537.736
462.894
441.643
382.198
389.803
414.982
463.594
520.407
508.582
506.014
493.414
515.625
543.841
541.123
628.217
578.212
527.259
520.657
551.606
612.315
648.235
642.957
647.257
641.801
562.721
522.931
546.294
576.005
591.637
609.026
609.083
516.532
518.801
520.217
532.832
521.473
548.081
546.111
588.281
590.272
562.79
549.656
616.15
547.936
401.741
373.101
344.22
421.112
605.204
631.593
624.365
580.18
588.576
557.313
616.765
611.827
657.862
691.254
733.976
687.776
643.706
568.054
505.575
458.861
421.523
457.418
433.592
452.513
438.615
468.727
472.16
439.565
444.331
450.485
443.074
531.571
531.759
634.082
684.64
754.277
752.437
675.588
587.862
631.1
709.426
728.278
756.84
847.462
865.346
876.775
873.248
879.207
865.434
902.971
777.37
709.605
658.079
625.265
535.574
503.232
550.248
681.503
720.158
768.523
785.638
671.202
634.562
659.964
655.031
725.289
712.276
749.742
785.619
783.169
829.654
809.56
776.646
908.397
885.653
863.227
858.826
843.613
875.459
845.85
794.914
874.894
900.342
903.466
902.992
887.914
876.823
879.514
921.655
872.365
897.188
823.996
851.252
852.225
698.389
724.477
792.446
855.648
852.689
829.705
805.403
792.773
719.191
639.43
614.871
604.487
612.184
644.735
636.423
847.618
828.337
737.198
711.401
711.558
716.374
646.257
707.773
816.688
829.841
829.602
842.302
826.075
832.598
846.697
858.172
840.129
755.385
705.708
694.192
808.567
822.95
807.132
818.156
776.528
721.271
683.036
627.02
622.075
546.313
549.682
608.919
595.367
639.26
636.924
604.956
600.077
566.468
478.705
428.076
455.771
529.056
540.24
527.802
572.207
626.407
557.474
569.801
558.749
571.159
695.042
658.754
590.816
625.878
642.388
711.41
760.011
777.279
749.825
705.274
763.252
697.427
749.862
763.881
740.989
737.6
733.786
686.774
749.535
658.843
673.097
719.246
741.85
713.898
737.989
752.382
735.413
738.298
739.967
722.89
704.67
695.991
824.621
765.351
682.23
712.676
734.031
727.691
644.542
775.706
852.643
848.584
861.716
854.729
886.582
839.385
834.594
848.331
807.894
778.032
847.581
774.004
760.704
768.573
625.314
495.719
352.156
379.468
362.389
368.956
515.23
532.516
715.118
684.475
714.789
591.326
488.84
459.323
534.846
616.446
632.532
648.42
536.096
497.843
513.594
573.948
629.906
638.063
672.308
677.989
697.35
719.81
732.549
749.131
749.953
744.378
760.57
751.582
689.1
537.055
406.342
408.265
396.413
430.269
646.913
697.419
596.838
519.104
631.217
687.285
718.667
731.509
741.925
738.371
765.716
676.043
696.148
654.182
710.952
644.561
516.51
481.838
539.456
539
577.349
553.655
507.94
537.375
580.043
507.777
397.733
388.62
374.217
348.898
414.298
419.922
586.009
443.836
415.364
409.864
530.443
566.729
563.24
537.674
498.912
551.542
603.978
590.467
575.421
575.184
580.561
573.214
570.492
577.13
572.609
576.902
488.092
438.457
386.469
466.853
446.935
461.776
419.888
382.431
386.514
378.256
368.417
406.619
516.065
503.767
526.975
468.705
523.429
465.116
528.278
527.795
576.166
589.932
549.678
522.182
571.877
478.728
447.74
433.023
481.659
421.913
498.019
512.773
588.033
542.328
539.831
566.966
501.335
476.793
470.033
510.901
421.922
419.085
454.1
491.843
533.893
566.629
531.798
524.066
557.767
594.179
564.308
557.304
511.176
514.384
390.282
505.034
457.867
409.829
452.196
484.129
515.202
561.729
540.104
501.503
463.781
475.274
441.075
498.796
446.171
432.136
388.198
458.792
478.585
418.145
438.751
335.294
299.524
304.956
314.705
357.125
346.36
351.276
345.835
332.115
348.486
313.225
265.62
214.441
256
279.846
250.861
276.203
300.406
313.581
322.621
341.386
321.741
344.993
347.257
338.466
314.096
319.751
327.154
325.589
315.101
315.806
311.976
299.57
312.891
297.396
279.169
302.797
315.795
334.563
367.798
369.657
381.225
348.435
377.406
373.776
370.862
376.613
363.699
359.152
324.537
303.194
288.663
330.732
325.494
376.265
358.772
391.519
391.104
403.314
412.805
402.216
410.438
412.27
405.68
416.949
428.454
428.853
427.152
437.733
455.093
454.767
471.415
482.089
456.243
446.591
389.238
456.693
464.982
516.716
581.713
606.757
664.785
619.402
559.649
583.943
583.53
510.935
445.9
423.434
393.226
365.84
360.99
378.158
383.926
378.094
403.669
411.073
387.627
370.917
375.882
418.139
422.016
418.878
446.19
462.868
500.456
499.032
486.26
469.176
433.06
421.558
413.393
367.357
391.676
376.616
374.162
350.61
379.922
383.371
385.858
434.65
439.663
432.461
477.782
506.329
542.209
565.683
604.738
646.699
667.877
682.25
656.541
624.097
580.531
555.335
620.091
617.414
635.687
586.898
630.046
626.864
624.653
551.486
617.305
662.188
645.635
607.415
563.877
610.478
620.74
589.365
587.824
587.91
615.035
615.076
642.412
617.842
613.06
560.611
583.03
576.267
579.563
590.881
581.3
588.959
555.073
566.024
556.636
569.566
548.473
468.128
464.772
382.665
409.327
446.199
411.115
403.608
426.417
416.358
406.802
426.289
421.22
457.614
379.2
480.704
517.906
470.58
477.014
465.629
469.121
443.944
449.487
465.041
495.427
447.809
453.509
468.773
447.703
441.646
483.379
476.043
448.841
438.395
459.608
424.322
450.399
452.57
439.898
456.139
477.479
480.995
501.413
542.674
533.644
481.684
436.015
420.576
450.323
541.362
686.636
623.906
593.702
584.136
644.514
701.782
703.419
707.15
731.372
728.543
739.867
735.657
733.056
700.883
662.282
623.551
585.383
624.675
581.667
546.621
566.653
562.262
560.287
571.411
563.827
570.792
564.706
546.227
508.668
468.139
456.265
425.697
406.963
376.014
313.145
322.082
353.529
317.956
401.544
393.109
396.412
347.582
335.538
314.611
320.237
365.923
416.333
468.649
400.74
316.111
325.151
368.301
371.239
410.744
496.207
491.95
550.765
534.73
536.793
536.719
547.742
537.588
478.042
507.613
392.721
377.71
382.047
412.033
511.209
584.305
549.665
567.942
606.134
595.354
592.687
525.007
552.88
612.316
606.72
602.207
591.295
566.642
591.491
605.398
579.72
607.465
549.305
583.983
608.2
569.419
592.122
583.075
561.001
566.659
536.459
539.153
550.901
488.668
531.032
537.964
536.459
468.184
537.014
500.608
541.993
517.277
560.074
536.22
583.925
607.777
556.646
505.587
544.574
405.623
527.715
434.057
549.219
527.789
515.2
521.37
495.925
488.997
392.789
382.824
545.972
628.345
592.995
597.458
607.636
643.745
648.299
687.544
704.112
679.346
620.238
669.314
611.624
608.006
624.483
650.042
707.568
702.524
769.073
660.02
593.961
546.283
587.856
587.556
641.694
571.976
669.63
734.812
627.284
739.083
666.056
705.571
693.188
696.735
699.783
685.548
650.038
643.153
671.791
681.994
741.114
792.762
828.625
819.755
806.879
720.021
704.848
726.838
807.81
820.531
717.354
835.409
791.974
821.363
834.046
771.952
679.359
664.343
636.059
754.365
855.188
876.323
897.858
829.607
839.52
674.641
885.344
895.7
857.366
897.174
910.893
890.062
766.974
757.061
744.5
727.293
762.615
843.202
842.823
883.394
918.988
921.99
849.19
944.103
953.38
940.577
913.867
918.015
961.934
910.223
901.058
987.363
919.204
862.315
799.746
747.899
664.228
686.862
648.773
578.228
645.865
606.79
629.874
620.438
595.761
589.089
600.623
626.977
552.074
543.637
558.157
581.3
598.609
690.329
710.861
653.377
653.603
649.497
650.617
775.838
872.458
970.522
898.397
856.219
882.832
894.653
982.709
977.801
985.404
1012.1
960.545
879.631
797.783
773.234
635.233
694.135
686.885
684.639
696.36
654.839
605.686
634.974
614.437
561.077
543.92
583.209
639.881
658.595
707.407
568.825
602.105
629.347
837.034
704.238
812.774
859.185
865.258
784.606
849.048
745.595
824.065
626.915
748.775
739.813
810.668
790.391
907.394
851.427
738.125
786.788
672.772
781.952
773.484
780.436
725.585
782.501
757.3
708.403
748.921
701.301
694.922
677.596
694.538
573.651
583.791
639.47
630.488
679.24
637.025
783.663
643.532
527.684
440.671
423.958
511.861
663.174
616.496
729.704
559.073
479.353
632.578
586.084
628.347
655.535
751.808
742.927
722.503
711.982
657.689
501.711
468.991
526.022
510.409
568.675
620.479
655.318
707.432
675.227
626.635
626.219
506.343
668.049
627.81
618.292
690.012
690.887
722.176
757.789
718.542
590.264
667.079
674.515
714.037
725.742
693.871
655.203
641.187
633.728
507.126
560.515
602.138
704.245
649.762
540.85
480.649
519.632
549.967
636.238
576.852
576.811
637.406
600.068
598.959
565.748
597.595
649.549
640.493
581.94
560.394
519.003
433.601
425.515
387.359
409.304
498.99
576.708
631.535
613.127
618.109
644.614
608.885
652.165
624.303
538.715
569.045
555.035
544.553
633.629
596.826
627.914
648.926
648.879
667.43
653.83
588.616
637.022
594.778
622.655
668.586
648.223
674.449
670.438
677.17
687.943
680.511
660.728
562.656
558.325
525.488
538.407
612.725
640.74
607.299
651.024
669.252
661.159
645.287
668.874
642.994
593.079
607.32
610.872
618.314
581.186
639.799
638.023
659.361
668.077
678.747
677.043
659.8
593.849
600.076
520.032
534.425
517.153
478.569
533.439
508.717
494.447
322.996
304.342
345.447
488.554
619.915
481.957
445.52
383.786
409.193
431.765
481.544
520.332
533.352
539.364
540.63
588.989
585.056
599.364
541.998
569.238
640.565
627.495
623.962
671.141
669.727
660.052
658.61
652.532
618.061
669.469
566.182
554.724
555.685
585.298
518.009
554.446
619.056
650.414
606.684
631.813
556.711
605.173
535.828
569.449
557.694
639.964
627.72
650.083
631.127
536.687
525.579
539.598
578.368
650.461
661.959
731.76
717.442
709.964
700.458
678.179
707.26
702.795
699.473
691.059
736.547
731.461
720.17
672.983
487.943
451.015
431.607
397.46
488.712
520.924
628.92
637.25
598.096
625.234
648.47
692.854
705.311
621.011
677.48
671.149
719.901
740.982
728.765
734.72
685.476
684.093
652.712
641.896
682.624
732.465
731.041
727.569
746.017
710.416
740.167
659.815
657.918
731.316
748.529
737.866
670.831
654.312
716.151
731.021
727.402
686.856
706.437
763.89
810.453
788.704
743.152
755.538
742.578
733.839
787.087
769.707
771.613
785.274
787.146
767.194
697.832
757.689
787.305
828.555
874.593
870.45
781.312
728.213
775.562
773.032
654.849
825.079
796.921
861.178
853.118
829.262
809.285
882.544
882.392
850.659
840.224
777.96
756.803
722.788
774.14
674.82
685.514
662.306
650.261
675.922
683.681
684.992
726.987
726.558
794.989
787.885
836.025
844.345
758.904
829.153
753.536
740.409
750.685
836.511
840.61
862.4
936.867
929.991
848.648
867.007
821.78
692.55
687.376
730.591
739.041
746.448
863.145
887.852
933.998
900.67
788.077
866.4
945.504
960.78
996.634
929.184
927.222
850.185
771.417
967.173
1015.26
1044.23
1015.98
1040.94
1039.1
936.574
993.22
900.786
1030.08
887.885
933.963
931.983
1006.57
977.744
1044.26
1040.63
1037.64
1014.62
901.976
875.387
858.566
784.791
768.789
755.511
749.184
719.639
750.906
731.57
738.036
702.662
746.365
753.467
826.694
816.135
875.386
974.566
1005.07
1030.31
1033.92
1112.96
1112.08
1142.3
1178.94
1174.59
1170.51
1157
1148.87
1145.08
1133.59
1127.56
1097.53
989.256
1084.9
1106.79
1144.05
947.876
1096.51
1129.73
1112.5
1008.37
900.676
874.848
654.558
725.679
743.809
927.242
963.081
1103.92
1128.11
1123.3
1163.63
1163.37
1156.81
1099.07
1153.63
1047.88
1116.68
1058.36
1074.22
1064.5
1074.22
1082.92
1104.44
1116.11
1138.35
1144.64
1150.53
1147.12
1146.13
1151.33
1155.12
1140.56
1138.95
1106.92
1077.14
1078.31
1086.8
1177.73
1165.84
1173.03
1137.22
1122.17
1121.89
1151.57
1139.64
1081.61
1113.39
1092.44
1087
1070.3
1046.32
1104.83
1079.44
1081.52
1185.76
1213.16
1044.97
1028.91
995.969
1183.93
1077.08
1067.67
1001.2
1084.48
1051.81
1044.63
979.289
1049.93
991.938
1004.56
998.752
1010.42
1016.47
967.424
989.932
1023.41
993.254
1034.4
1015.69
981.031
1020.19
1032.84
1020.68
1035.04
1014.79
975.503
981.326
995.083
907.38
971.619
1048.34
1024.3
1100.33
1057.73
988.186
989.271
1027.47
1007.96
1019.52
1041.08
991.848
1058.95
1093.43
1052.55
1110.07
877.09
1064.14
975.86
932.702
899.177
1011.78
1024.11
1041.29
928.063
974.332
1183.48
1219.77
1177.59
1214.25
1151.34
1276.29
1215.17
1114.94
1149.52
1217.24
1209.38
1210.96
1032.33
994.821
1050.53
1193.09
1207.39
1248.71
978.373
791.135
731.505
604.229
665.489
663.295
616.928
614.826
597.632
413.084
439.037
542.704
605.467
614.753
577.949
597.583
617.861
559.699
638.853
625.692
576.172
564.664
449.434
418.444
467.352
544.194
548.826
577.421
566.158
571.862
542.797
484.743
460.135
466.967
456.738
476.293
467.237
523.274
516.324
530.389
622.851
668.653
666.062
691.806
606.367
549.107
556.137
459.594
337.259
317.888
330.558
379.853
561.161
614.362
514.442
544.657
637.511
533.199
316.779
326.275
329.003
408.027
467.154
604.773
381.118
362.929
407.163
440.181
528.699
605.749
642.179
628.282
605.44
596.099
633.602
618.033
625.141
563.836
541.801
504.336
434.587
399.464
399.752
405.908
300.246
365.35
299.765
276.855
206.78
295.865
202.189
331.807
528.615
513.685
605.798
615.155
619.884
619.443
621.158
610.418
613.788
613.884
623.031
624.793
623.192
624.33
624.801
626.799
625.221