61.5469
61.1953
60.3384
59.8989
60.0308
59.7671
59.7671
59.5474
59.3716
58.6465
58.9321
58.7563
58.5805
58.5805
58.5366
58.8882
58.7783
58.1411
58.8662
59.1079
59.7231
59.7231
59.1518
59.3716
59.3716
59.2397
59.3496
62.4478
59.3935
61.481
59.3276
59.9648
62.272
63.107
60.7119
60.3823
60.8218
63.2388
63.107
62.7774
55.5043
61.481
61.0196
60.1626
61.0196
61.3272
62.1841
62.8653
62.272
62.7994
62.8873
62.7554
62.5577
61.7227
61.3711
61.5469
60.0088
59.3276
58.3169
58.3388
56.9545
57.1742
56.6249
56.6908
57.0864
58.6684
59.7671
60.3604
60.0747
60.6021
61.0855
61.2832
61.1074
61.1294
61.0635
60.5142
60.0308
58.7783
57.8994
57.0204
56.6029
56.2733
56.8666
50.6043
56.7787
56.8227
57.8334
58.6025
59.5474
60.0967
59.5693
59.7891
60.2285
58.2949
58.0751
54.098
58.6245
48.4729
57.4599
57.1303
54.955
58.2509
57.4819
56.8007
56.4272
56.1635
56.4931
56.4711
56.6029
48.0334
47.8576
48.0993
47.6159
47.0226
46.8029
46.6051
47.1325
47.8576
47.7038
47.9016
48.0334
47.9455
48.4948
48.9123
49.3298
50.0549
50.4065
50.8899
50.033
49.6814
49.5276
50.5383
50.3626
51.0877
50.7581
50.9998
50.8899
51.5491
51.9007
52.45
52.494
52.0325
52.2962
53.3949
53.9881
53.5926
53.7245
53.2191
52.2962
52.2742
52.0325
51.5711
50.4944
49.6594
57.5038
56.0097
56.4931
56.6029
56.6689
55.9657
55.4823
54.889
54.2958
54.6913
55.2846
55.702
56.8666
57.35
57.7236
47.6159
57.6357
57.4379
57.1303
56.559
57.5258
57.9653
58.5146
58.8882
50.4065
49.9011
58.8222
50.6702
60.2725
61.3931
61.0855
60.9317
60.2505
61.0196
60.2505
60.7339
52.0325
51.5931
50.9558
59.2617
57.9653
55.9437
56.2294
55.2406
55.0648
56.0756
56.581
55.9437
55.8339
47.8356
47.3083
47.8796
47.3742
47.5939
47.7477
46.5832
45.6163
47.3083
47.572
47.4181
46.9347
47.0446
47.1984
47.7917
48.8464
48.4509
47.572
47.6379
48.3191
48.4509
47.8576
48.2751
47.2863
47.506
47.9675
48.363
47.6379
47.8576
47.6379
47.9016
48.2092
47.7038
47.1545
47.9895
47.7697
47.55
47.7258
48.5608
48.8904
48.6047
50.2966
49.8791
50.1868
50.011
50.4505
50.824
51.1316
51.9446
52.9774
53.2191
52.6038
52.7796
52.1863
50.7141
49.8791
50.2527
50.1428
49.5715
48.7146
47.7258
47.0446
45.5724
44.4298
45.0011
45.5065
45.4625
45.0011
45.0011
45.1769
44.8473
45.2868
46.0119
46.4733
46.693
47.1105
46.6491
46.7809
47.8137
48.6486
49.22
49.7693
50.4285
50.1648
51.2635
49.989
50.6043
51.0657
60.2505
51.7469
49.5276
58.8662
58.8003
49.4177
48.8684
48.4729
47.9235
48.1433
48.0334
48.5168
48.4509
49.0881
49.5276
50.3186
49.6155
49.9011
49.8572
58.8442
57.0644
47.1984
47.8576
47.3742
47.5939
48.1213
48.4948
48.5168
49.3298
49.3738
49.0222
49.989
50.2747
49.7693
49.5495
49.7253
49.2639
49.0222
49.154
49.176
49.1321
48.1213
47.4621
46.6271
46.9347
46.737
46.8468
46.9787
46.8688
46.715
47.8356
48.341
48.8244
48.7585
49.3518
50.2966
51.1316
52.2742
52.8895
54.098
54.5594
54.098
53.9222
54.2738
61.0855
57.8994
64.1617
61.9205
48.2751
56.8666
56.7568
47.7038
47.3742
47.0446
46.2316
45.8581
45.5065
47.0666
46.4733
46.1877
45.924
46.1437
46.5832
46.6711
47.2643
48.5608
48.9782
48.2092
47.7477
47.3742
47.3522
47.7917
47.7697
46.715
46.2755
47.6599
47.4621
46.9128
46.5832
45.7042
45.8361
46.0998
46.2536
46.8688
47.4841
49.4177
50.2527
49.8572
49.8572
50.2527
51.1975
52.0545
52.3621
52.5159
53.307
52.8236
52.7137
52.4061
53.263
53.3949
52.3841
50.4724
48.8684
46.6491
54.911
45.5065
47.1764
48.9123
51.0437
52.5159
53.3949
53.3509
52.6038
51.1096
49.3298
46.9787
47.4401
47.9455
47.7477
47.572
47.506
47.3303
47.1325
47.4841
48.8244
49.198
49.198
49.8572
50.4944
51.3074
52.1424
53.4608
55.3065
55.1967
54.7132
63.3707
54.3397
63.4806
55.2846
65.2604
65.568
58.8882
48.1652
48.4948
46.0558
46.2755
46.9347
46.3634
43.7267
55.9218
58.5805
59.3276
60.3164
60.3604
59.0639
55.768
54.1859
53.9222
53.9222
53.9442
52.9993
52.6478
50.78
50.5164
46.737
45.5285
44.1222
43.5728
40.0791
41.002
41.7491
39.8374
36.4755
41.002
40.3648
40.9141
40.3208
42.3423
42.4962
45.9899
47.1764
47.9016
48.0993
46.7809
46.3854
46.8468
48.2751
48.341
46.715
46.0558
44.6495
41.6831
39.6616
41.6392
43.0235
43.2213
43.441
43.9684
44.3858
44.8693
45.067
52.6038
47.0666
46.9787
47.2424
56.2294
57.7895
59.042
59.7891
59.2837
59.5034
61.1294
60.8877
60.5801
59.877
58.6465
55.3285
50.9778
54.5155
55.768
56.6249
57.1303
57.2841
58.976
58.207
58.0092
57.9433
57.7236
57.9433
57.8554
57.9433
57.4379
54.9989
53.1751
52.9993
52.7796
54.6913
54.6254
42.4302
53.1312
53.1751
54.4056
55.746
57.0204
57.8774
58.163
56.8446
55.702
53.4388
45.9459
56.1855
56.1635
56.9325
59.3276
51.3074
50.9558
59.1738
54.6254
53.9662
55.6801
54.1419
55.2406
57.1742
57.9213
57.6137
57.6357
52.3841
54.4715
56.2294
56.7128
57.35
56.9985
57.4599
58.0092
57.7456
57.5258
56.9985
56.8007
57.0204
56.559
56.1415
56.0316
55.3505
55.1527
54.8451
55.2406
55.4384
56.1415
56.4931
56.8886
57.1083
58.1191
58.7563
58.3608
57.6357
56.2953
57.2182
57.6577
59.3276
60.2505
52.3841
52.8895
55.8778
44.1661
55.6801
57.9653
57.1962
54.3397
55.6801
56.0756
53.3289
54.2738
53.7464
54.3617
54.8671
56.3612
53.7245
45.0011
53.263
54.9989
54.933
55.0209
54.8011
54.8011
53.9881
54.1639
54.1859
54.7792
54.8671
55.9437
56.1415
55.1747
54.9769
55.3505
55.2406
55.6361
57.0424
58.1191
58.5146
59.7451
59.6133
58.6025
56.9325
55.9437
55.3944
56.559
56.8227
56.8666
57.35
57.5258
59.1958
59.9429
60.4043
60.3384
58.7124
57.416
57.6796
57.4379
56.8666
57.5478
56.0976
54.0541
52.8016
52.5819
52.9114
52.8455
53.7025
53.7684
54.3397
54.5155
53.9002
52.6478
57.9873
42.2764
46.2536
53.4388
54.0541
49.989
54.6473
53.7904
52.3401
48.5608
45.2648
42.8477
55.7899
55.0209
53.7904
52.1424
51.1316
51.0218
50.8679
44.0343
37.4423
42.2764
52.9334
42.0567
40.0571
39.7056
39.8594
41.6392
45.5065
48.9782
54.8011
57.35
57.1083
57.7675
49.7913
44.8473
46.3415
46.3854
60.624
63.5904
62.9752
44.9572
63.5245
64.4474
63.8541
63.2388
62.7554
62.8873
62.2061
61.8106
61.9644
62.4039
61.6128
62.0523
62.8214
63.151
63.3927
63.6563
64.2936
64.8868
64.8209
64.9528
65.2824
64.9967
64.733
64.7111
64.6012
64.4254
64.6451
65.59
65.568
66.2931
65.1725
65.1725
64.3375
63.5465
63.5245
62.4258
61.9424
61.437
60.8877
60.3604
60.4483
60.2725
50.7581
60.0967
60.3384
59.5913
59.5693
59.5913
60.2725
60.9536
60.8438
61.459
61.3711
60.9536
61.2393
61.2393
61.437
60.7998
60.624
60.4263
60.0308
59.5254
58.1411
57.9213
56.8446
56.4711
55.1967
54.7132
54.076
53.9662
54.4715
54.6693
55.0428
55.8998
57.3061
58.163
57.9873
58.6245
58.7783
58.207
58.3828
58.9321
58.8882
60.0088
60.3604
60.8218
59.6792
59.7451
59.4814
59.4155
59.4375
59.0639
57.9873
56.5151
55.1088
55.1088
57.0424
58.0971
58.7124
58.0971
57.0204
56.581
55.6581
56.9765
56.559
57.2402
56.581
57.2621
57.8774
58.3608
59.3496
59.042
59.2837
58.6025
57.8334
47.3742
48.3191
49.9451
51.9227
52.8455
52.3401
62.5137
61.6568
62.5577
62.316
61.8985
61.1953
58.229
57.0644
57.2841
57.0424
56.2953
55.9437
55.6581
55.724
56.2294
56.2733
55.4164
53.8343
52.1644
51.5271
51.7908
52.8895
54.3177
56.8666
56.7787
57.0644
56.9325
55.1307
56.2294
57.1083
58.9541
60.2505
60.624
62.4918
61.0196
58.5805
57.5258
56.0536
57.2621
57.4379
57.6577
57.5478
57.7016
57.1523
55.5922
55.1527
55.3505
56.1415
56.9765
55.724
53.7464
52.428
50.824
50.6262
51.1756
51.5931
51.3294
51.0877
28.5871
50.824
33.7728
51.8348
53.1532
54.4276
54.8671
55.3724
55.3505
56.1415
56.2074
57.8554
58.0312
58.4047
58.2509
57.6137
57.0864
56.9985
57.8115
57.35
57.2621
57.5478
57.4819
57.7016
56.8227
56.0536
54.955
55.1307
57.4379
60.3604
61.6788
59.877
58.6465
58.0751
57.9213
58.0312
57.5038
55.6801
54.955
55.3505
46.8249
48.2751
49.3518
59.6133
59.9868
60.3604
60.0747
60.5801
60.4043
60.6021
60.4263
59.7451
59.1299
59.7012
60.6021
61.2173
62.272
62.7554
62.7774
62.5577
62.9093
63.151
62.5137
60.646
59.9868
59.7012
59.5034
59.7671
59.855
60.2725
60.2944
60.9097
61.0415
61.6568
61.7447
60.9097
60.5581
60.4483
59.7891
59.6133
58.7563
58.185
58.207
58.2729
57.7675
58.0312
57.5038
57.8554
58.0971
58.4487
58.8662
59.02
58.9101
59.833
60.4263
61.3711
62.4478
63.1949
63.4146
63.8321
63.6783
63.2388
61.6348
60.3604
59.4595
60.5581
60.7559
60.1406
59.877
60.668
61.7447
61.5469
61.3272
55.0868
54.7572
55.5043
55.8778
55.5922
55.4164
55.8559
50.9339
50.6043
50.5823
50.2527
50.7361
50.4944
50.4944
50.1868
49.989
50.5383
51.2415
52.1644
52.7796
53.6366
53.7464
54.4715
54.6473
54.12
54.0541
53.9222
54.2518
54.3837
54.0321
54.1639
53.9442
52.9114
52.9554
52.45
52.1644
51.1975
50.0989
49.0442
49.154
49.6155
49.0002
48.4729
48.1652
48.1652
48.7365
49.3518
49.0222
49.2419
48.4069
48.363
49.3957
50.1428
50.2307
50.033
49.4177
49.2639
49.0222
49.5715
49.2639
49.8791
49.9451
50.011
50.9339
50.8899
51.4832
50.5603
48.9563
34.9374
32.806
45.9679
43.5509
42.8697
43.0015
40.123
41.4854
35.9921
41.1118
35.1791
34.9154
34.7616
34.6078
41.815
41.9908
42.5181
42.2984
42.8477
42.1885
41.9029
42.1226
42.1666
42.1666
42.7598
42.2544
42.2764
42.3204
42.9356
43.0894
43.3311
43.3531
40.2109
44.8912
45.4406
45.7262
45.5285
40.189
43.9244
44.2101
44.6276
45.067
44.9572
44.5177
44.3858
44.1881
44.4298
45.6603
46.2316
46.8908
47.0886
47.8576
47.572
46.9347
45.7921
45.5944
45.2208
46.2536
46.3195
45.7702
45.7482
45.5285
45.2868
45.0011
43.9464
43.2432
43.1773
43.2872
43.0455
43.2872
43.5509
43.9684
44.254
44.4078
44.4298
44.1002
43.6607
43.5948
43.9244
43.9684
43.9464
44.1222
44.6276
44.8693
45.4625
46.2755
46.6711
46.2316
45.8141
45.5944
45.924
45.3087
45.4845
45.5065
45.3307
44.6715
44.8033
44.4518
44.8033
45.5065
46.3634
47.2204
48.0554
48.5168
49.4177
49.0222
47.9016
48.2092
47.55
47.8796
48.1433
48.0773
47.0666
47.1764
47.2643
47.4841
47.6599
47.7917
48.0114
48.6486
49.3957
49.4617
48.5608
48.6926
48.2092
48.2312
48.2092
47.7038
47.4841
47.4841
48.2531
48.6926
49.2639
50.2307
49.7253
49.7034
48.9563
49.1101
48.0114
46.3854
45.3527
46.0998
46.8908
47.3962
48.1872
48.5388
48.8684
48.8904
48.7146
48.9343
47.6818
47.6599
47.4621
46.8249
46.2975
45.2648
45.3307
45.5065
45.8141
46.4074
46.3634
46.3195
46.2755
46.2536
46.3634
46.5172
47.0007
47.55
47.3083
48.4729
48.6486
48.4729
49.6594
49.3518
49.198
48.6706
48.341
48.0773
48.4289
48.4948
47.7917
47.4621
46.9567
46.5172
46.2096
45.9899
45.045
38.8486
39.1562
39.31
39.5957
38.563
36.7612
37.6621
38.8926
40.5405
41.024
40.7603
40.8042
40.3867
40.6724
40.3208
40.0791
39.9912
39.9473
39.7056
39.1782
39.354
39.0903
38.3652
38.4311
38.9804
39.8813
40.8701
41.1778
40.8042
40.4966
43.9684
44.276
44.6715
44.9572
45.6383
45.924
46.6271
47.3303
47.9016
48.2531
48.5168
48.0114
48.363
49.0661
49.0442
49.3957
50.5164
51.1316
51.9666
52.5819
51.0877
48.5168
46.6491
45.9679
44.9791
44.298
42.6939
42.5181
42.2105
41.837
41.7271
42.1446
42.8038
43.1334
43.3751
43.8805
43.9903
44.1002
44.1661
44.6056
44.5177
44.9572
45.4406
44.9352
44.7594
44.5177
43.9244
44.232
44.3858
44.3858
43.1334
42.606
42.0567
42.0127
41.9688
41.1118
41.5293
41.9688
41.9908
42.2984
42.4522
42.2764
41.815
41.5953
41.4195
41.3096
41.4195
41.5074
41.4854
41.8809
42.1885
42.65
42.8038
43.2213
43.5289
44.1881
45.2208
46.1437
46.8029
47.8796
48.1652
48.0773
47.3742
47.0446
46.4294
46.2536
46.6051
46.8688
46.4733
45.6823
45.5944
44.9572
44.0563
44.1222
43.7706
43.8585
43.7267
43.6168
44.1002
43.8145
44.1222
44.5397
44.4298
44.5397
44.6495
44.6715
44.7594
44.9791
45.045
44.8473
44.8253
44.4518
43.6827
43.4849
43.0015
42.606
42.0127
41.3755
40.8921
40.7603
40.5845
40.8701
40.958
41.002
41.4414
41.1118
41.5074
42.0127
42.2105
42.628
43.1993
43.3751
44.254
44.6715
44.2101
43.8585
43.5948
44.0343
44.1222
44.4737
45.067
44.276
44.5397
45.045
44.8473
45.089
45.067
44.4518
44.232
43.7486
43.5289
43.6827
44.0563
44.1441
44.3639
44.1222
44.0782
44.7154
44.8473
45.067
45.2428
45.6383
46.3854
47.1105
47.8796
48.5608
48.9782
48.5168
48.4948
48.6926
48.4729
47.8576
47.55
46.2975
45.7262
44.4518
44.0782
43.6607
43.1334
43.1334
42.7818
42.9796
43.2213
43.1554
43.1554
43.3092
43.3531
42.9576
43.0675
43.1114
42.7818
42.9136
42.7818
42.8038
42.9136
42.8258
42.584
42.7818
43.1554
43.2652
43.5728
43.6168
43.5948
43.7926
43.9684
45.0011
45.4845
45.6603
45.1329
45.1989
45.111
45.5065
45.089
44.8912
44.8253
44.0123
43.419
42.8038
42.4962
42.628
42.9136
43.2432
43.8365
44.3199
44.8033
45.3966
45.2428
45.8581
46.2316
45.8361
46.4953
45.8581
46.0119
46.4953
46.7809
46.8908
46.3195
45.902
46.6051
46.2316
46.0558
46.0998
45.7482
45.7042
45.067
45.1329
43.9684
43.5728
43.3092
42.7818
42.5181
42.606
42.3204
42.2325
42.1006
41.8589
42.0347
42.2325
42.4522
42.7159
43.1773
43.2872
44.0782
44.4737
44.7154
44.7814
45.0011
45.1769
45.3087
45.067
45.0231
45.6163
45.8361
46.6051
46.5832
46.5172
46.693
46.3854
46.0338
45.7921
45.7482
45.4186
45.4186
45.5944
45.3746
45.8141
45.7482
45.8581
45.9899
45.7482
45.5944
45.5285
45.3746
45.6603
45.7262
45.4625
45.2208
45.111
44.5836
44.7814
45.3746
45.4406
45.9679
46.0998
46.2536
46.1657
45.88
46.2975
46.1437
46.2975
46.737
45.8141
45.4625
46.0119
46.2096
46.9128
47.2643
47.9455
48.0334
49.0002
49.3738
49.5056
49.8132
50.033
50.1648
50.6702
50.7361
51.5052
51.7908
51.7908
52.2523
52.6478
52.5159
51.4832
50.6043
49.967
49.8791
49.7693
48.9343
48.4509
48.2092
48.2971
47.55
47.8356
47.7917
47.9895
47.3083
47.7917
47.7697
48.0334
48.0773
48.0554
48.5168
48.5827
48.2531
48.8244
48.7585
48.5827
48.6047
48.8684
48.8684
49.22
49.22
49.0661
49.2639
49.1101
49.0442
49.0002
49.0442
48.7365
48.4509
48.8464
49.1321
48.5168
48.7585
48.4509
48.5388
48.6047
48.363
47.3522
47.0666
47.9895
48.2531
48.6706
48.6047
48.6486
48.7365
48.7365
49.4836
48.8025
49.176
49.0881
49.1101
48.7585
48.3191
47.1984
46.2096
46.5392
47.6159
49.0442
49.3518
49.9231
49.7253
49.8352
50.3406
49.989
49.6374
50.0549
50.0549
49.198
47.572
46.3415
45.7482
45.067
45.2208
45.1769
45.0011
44.8473
44.9352
45.5724
45.2868
44.4078
44.7374
45.3087
45.2208
45.924
46.5392
47.0886
48.2531
47.4841
47.8356
48.5388
49.22
49.967
49.8352
51.3514
51.7469
51.5711
51.5711
50.2747
48.8684
47.8796
47.7038
47.3742
46.8468
47.0446
46.6051
46.5392
47.1325
47.7477
47.6159
45.7262
44.9791
45.7702
46.0338
46.1437
45.902
45.3527
45.2208
45.7702
46.2975
46.4513
46.2096
45.8361
46.5172
46.4074
46.7809
46.1217
45.6823
46.2755
45.7921
45.7702
44.7374
44.4518
44.6495
45.067
45.111
44.9572
45.4406
45.8361
46.1657
46.4074
46.5832
46.7809
47.0886
47.3742
47.55
47.2863
47.2424
46.4953
46.2536
46.1437
46.6271
47.3742
47.506
47.3303
46.737
47.0007
46.6051
46.9128
46.5392
45.924
45.3087
44.4737
44.5177
44.4518
44.3419
44.6715
44.9572
44.6495
44.9132
45.3966
44.5836
45.067
44.9791
44.8912
44.6935
44.7154
44.6715
44.4298
44.5616
44.4298
43.9684
43.9024
44.0782
43.8365
43.4849
42.7598
42.584
42.0787
42.0567
41.6172
41.8589
41.815
41.6612
41.9029
42.4083
43.6827
44.2101
45.6163
46.5612
46.6051
47.6159
48.3191
49.0002
49.3298
49.6374
49.8132
50.0549
50.6043
51.0437
51.4832
52.8895
53.0653
53.263
52.9774
53.0653
52.7796
52.6258
52.7137
52.8455
53.1971
53.263
53.7464
54.076
53.285
53.1532
52.3621
52.0984
52.3621
52.8675
52.8236
52.4061
52.2523
51.3074
50.8679
49.9011
50.2966
51.0218
50.9778
51.9227
51.9446
52.1863
52.2303
52.0545
51.8128
52.0545
51.8128
51.8128
51.7688
51.5711
51.7469
52.3621
52.0984
52.9774
53.6366
54.6473
55.4164
56.2733
57.1962
57.4379
57.1742
56.9545
56.7787
56.4491
56.1855
55.1088
55.4164
52.8895
53.6585
52.6478
52.2523
52.6258
52.6038
51.1975
50.2747
49.4617
48.4729
47.2643
46.8908
46.6271
46.5832
45.902
45.902
45.2208
44.6056
43.6168
42.7159
42.3643
41.7491
41.3316
41.0679
41.1118
41.2437
41.002
41.1778
41.0899
41.1118
41.4634
42.2544
42.7818
43.4849
44.0343
44.9132
45.089
45.5944
46.0119
46.4733
46.5172
46.9787
46.8249
46.5832
46.6711
47.0446
46.9567
47.0666
46.9787
47.1984
47.6379
47.7697
47.8576
47.4401
46.9787
46.5172
46.0558
45.902
46.1877
46.693
47.0226
47.1105
47.1105
47.506
47.6159
47.9016
47.7697
47.9016
47.8356
48.1433
48.4948
49.7034
50.3626
51.4173
51.5052
51.7688
52.6038
53.1971
54.3397
54.7352
54.5814
53.7025
51.7908
51.2854
50.802
49.7913
49.9231
49.6374
49.8132
49.7473
49.9231
49.6594
49.3298
48.8904
48.2312
47.7258
47.3303
47.0666
45.9459
44.7374
45.3307
46.3634
46.737
48.0114
48.7585
48.363
48.6486
49.22
49.4836
49.6374
49.1101
48.5608
47.2643
47.1105
47.1545
47.4841
47.55
47.4181
47.4181
46.9347
46.4513
46.0338
45.9899
45.902
46.3634
47.0446
46.4294
46.9567
47.4621
48.6267
49.0442
49.5056
50.5603
51.4173
52.8236
51.2195
50.2747
50.4285
60.2065
54.8231
53.307
51.7249
51.1096
50.9339
50.6922
51.4392
50.7581
49.22
47.528
45.089
45.0231
44.8253
44.8693
44.6935
44.5836
44.6276
44.8473
45.3307
45.7482
46.5172
46.7809
47.0007
47.4621
47.3742
47.1105
46.4733
46.5612
46.1217
45.4625
44.9132
44.6935
44.4957
44.7154
45.111
45.5504
45.7042
45.1769
45.902
46.1877
45.9459
45.9679
46.2316
46.715
47.55
48.7805
49.5715
49.4397
49.6814
50.2527
50.4285
50.7581
51.1975
51.8567
51.4832
50.802
51.7688
52.1863
52.8016
52.2962
52.5599
52.5819
53.0653
53.1751
53.9881
55.1088
55.2406
56.1195
56.8446
57.8554
57.5258
57.7016
55.6801
54.8671
54.2518
54.889
55.3724
55.1747
56.6029
56.3612
55.7899
53.8123
51.8128
51.1096
50.4065
49.5935
49.4177
49.154
49.4617
49.8132
50.033
50.2087
50.5383
50.6702
50.2747
50.1868
49.967
49.7913
49.4177
48.7805
49.3298
48.8244
48.4729
48.1433
48.2092
48.0554
47.3303
47.572
48.6267
48.9123
49.2419
50.1428
51.1975
51.5271
52.2523
52.9554
52.494
52.2962
52.45
53.0653
53.3729
53.8563
53.4388
53.6146
53.6805
53.4168
54.098
54.0541
54.4935
54.6913
54.4276
54.4056
54.098
54.3177
54.7132
55.2186
55.5263
55.0868
54.098
53.8123
53.6146
53.263
51.1536
51.1756
52.1204
53.0653
53.1971
53.5487
53.5047
53.9222
54.4935
54.3837
53.6366
53.3949
53.4388
53.0653
53.0872
52.5379
52.2742
52.8455
52.472
52.45
52.428
52.2962
52.3621
51.9007
52.3401
51.8128
52.8016
51.9227
52.1424
50.802
50.033
50.0989
50.9998
50.5383
49.3518
49.7034
49.989
50.9778
52.0545
53.0653
53.3509
53.4168
53.7464
54.2738
54.2298
55.4823
56.2733
56.8007
57.7675
57.7456
57.8994
58.2509
58.6684
58.5146
58.4487
57.2621
56.0316
53.7245
52.8895
52.7796
52.5819
52.9774
53.3509
53.3729
53.4168
53.3289
53.5926
53.0653
53.3509
53.8343
54.3837
54.8451
55.5702
56.3393
57.372
57.7016
58.3828
58.7783
58.4487
58.8882
59.042
59.4595
59.833
60.2065
60.2944
60.9976
61.3711
60.9097
60.2725
60.4043
59.5474
59.3716
58.5586
57.6357
56.2294
55.3944
54.5155
52.6917
51.1536
50.5164
50.1428
51.2415
52.2962
54.098
56.1415
56.9985
56.0976
55.3505
54.6913
53.285
54.0541
54.7352
54.8231
54.5814
54.6693
54.5375
53.8343
54.0101
52.8675
52.0984
51.637
51.2635
49.5056
49.0661
49.4177
49.2859
49.3518
50.3626
50.2966
51.0877
51.7029
52.2523
51.6809
50.2087
49.5935
49.6374
49.22
48.6926
48.1872
47.9016
47.9016
47.3303
46.759
46.9567
46.2096
45.902
46.1877
45.6603
45.2868
44.3199
44.7374
44.9352
45.3527
45.2648
45.3527
45.924
46.737
47.572
48.8244
49.7693
51.0218
50.6482
49.3078
48.5168
49.3957
50.1868
51.0657
52.0325
52.3621
52.6478
53.0653
52.9114
52.6697
52.428
52.6258
52.8016
52.9334
52.6697
53.1971
53.7245
54.1419
54.2298
53.7245
53.7245
54.1859
54.076
53.8123
53.5926
52.7576
52.6258
52.9774
52.7576
52.1204
51.3514
50.9558
50.1209
49.0881
49.154
49.5276
49.0881
48.4729
49.0442
49.3518
49.4836
49.8572
50.2747
50.2966
50.8899
51.0877
51.0218
51.9666
52.1644
50.5164
49.6155
48.5827
48.4289
47.8576
46.4074
45.902
46.1657
46.4513
47.9016
48.5168
48.0114
48.9123
49.9231
51.5491
52.8895
54.6473
54.4276
52.45
50.1428
49.6594
50.4944
50.3186
49.6374
48.8464
49.4177
48.6047
47.7258
46.6491
46.3195
45.7262
45.1989
44.9352
44.8253
44.4518
44.0123
44.5397
44.9352
46.9128
47.1545
47.1545
47.6599
48.5388
50.0769
51.5491
52.2962
53.0653
53.3949
54.2518
55.5043
56.5151
56.0536
55.702
54.9769
55.1088
54.12
53.5706
52.9774
51.7249
50.2307
49.2639
48.1652
47.8576
47.5939
47.6159
48.4069
49.176
49.3957
50.2747
50.6702
50.5164
51.3294
52.2962
52.9993
53.5706
53.7904
53.0213
52.9774
53.5047
52.8455
53.285
53.3509
52.9334
52.494
51.5931
50.5823
48.9343
48.2531
47.5939
46.9347
46.2975
46.693
46.2755
47.1764
47.4401
47.528
48.8025
50.4724
52.3621
54.0101
55.6142
56.0976
55.8998
55.1527
54.9989
54.4715
53.6805
53.0653
52.0545
51.659
51.4832
50.7581
50.3406
49.22
48.2531
47.6379
47.528
48.0114
48.0554
47.9016
47.528
47.528
47.0666
46.6051
46.0119
45.3746
46.0558
46.0558
47.0886
47.8137
48.4509
47.9455
48.5168
49.0881
49.0881
49.9451
50.2307
50.2527
50.1428
49.9011
50.1428
50.6043
51.1536
50.9119
50.4285
50.4285
50.4065
49.8132
49.0881
48.5388
47.9235
48.5388
49.9011
51.5491
53.8343
56.0097
56.7128
56.7787
57.6796
55.9877
55.2186
56.2733
56.2733
56.3612
56.2074
56.1415
56.1635
56.3173
57.0864
56.1855
56.3173
57.394
57.7895
58.5146
58.0751
57.8554
57.9433
57.6137
57.7895
57.7675
57.5038
55.1527
53.7464
53.7025
53.0433
52.6917
52.5599
52.6258
52.472
52.6038
53.0872
52.5159
51.1756
50.7581
50.0989
49.9451
50.1428
50.2527
50.8899
51.2415
52.1644
52.494
53.241
54.4496
54.5594
54.5155
54.8451
56.2514
54.7792
51.8567
49.2859
47.7258
47.0446
47.7258
46.8029
45.4406
44.0123
43.9464
43.0455
43.5728
44.7154
44.7374
44.7814
44.8033
44.4078
44.1881
44.0123
43.6827
44.1222
43.7267
43.2872
42.5181
42.5181
42.0347
41.4414
42.2544
42.6719
43.2213
43.3531
43.2432
43.1773
43.2872
43.441
44.8253
46.0558
46.0338
46.8468
46.8908
47.572
47.8796
48.6486
48.9782
50.033
49.6814
49.8132
48.9343
48.1872
47.8796
47.3522
47.1105
47.9455
48.1433
48.4729
49.2639
50.4944
50.5823
46.3415
41.6831
41.5293
41.3096
41.9688
42.0787
42.6939
43.4849
44.1441
44.7374
44.8693
44.4078
44.5397
43.8805
45.1329
45.3307
46.693
48.0554
49.154
49.5495
49.3298
48.9343
50.5164
50.4724
49.4177
48.2092
47.4401
45.9459
46.9567
47.2643
46.6711
46.6711
45.8581
45.9899
46.759
47.9016
47.7917
47.6379
48.5168
49.198
50.3186
50.2747
51.3953
51.9227
51.3074
50.6702
50.011
49.8572
50.2087
49.5276
49.1101
49.0442
50.4505
52.2083
54.6693
53.9662
53.9442
53.5267
53.5487
52.9334
52.45
51.659
50.78
50.6262
50.6482
50.7581
50.3406
49.2419
49.0002
48.0773
47.572
47.2204
47.1984
46.6051
47.1764
47.1984
45.5065
46.1657
45.924
46.6271
47.9455
48.8684
50.3626
51.2635
50.8899
49.8132
49.5056
49.1321
48.385
48.1872
48.4948
49.198
49.0661
49.0002
47.528
47.4621
47.506
46.9128
46.9567
47.2863
46.0998
45.4186
44.3199
44.4078
44.8033
45.2428
44.9572
45.7042
45.2648
46.0558
45.8141
46.1217
45.7482
45.2428
46.0119
46.4513
46.693
46.3854
45.9459
45.5065
44.3419
44.6715
45.5944
45.2428
45.7702
45.9679
46.8688
47.4621
46.8468
46.5612
47.55
47.9235
48.6486
48.4289
48.7805
49.5495
48.5388
48.7585
48.4069
48.7805
49.0881
49.0002
49.198
48.0993
49.7473
49.1321
49.5276
49.198
48.7805
49.2639
48.9782
49.7034
49.5056
49.4836
50.033
50.2747
49.0442
48.8025
50.0989
50.1209
51.5052
52.4061
52.0545
50.78
49.198
48.363
48.9563
49.967
51.7688
53.3729
55.4823
54.933
53.9002
53.4828
53.1092
53.5487
53.5926
54.7132
56.3173
56.0756
54.7572
54.8671
54.5375
54.8451
54.911
54.8011
54.8451
53.3729
52.2083
52.2523
51.9666
51.8787
52.1424
52.0325
51.8567
51.9666
51.9666
52.0105
51.7249
51.2415
51.8567
51.4392
51.2195
50.9778
50.0989
49.9451
48.9782
49.0661
49.176
48.7365
48.5168
48.5827
48.0773
48.6706
49.6374
49.3298
49.6374
50.4505
50.5164
50.8679
50.5164
50.1209
50.6922
51.0218
50.6922
51.0437
51.0877
50.6262
50.1868
49.9451
50.2747
50.7361
52.2523
52.9114
54.2518
54.12
51.4392
49.176
48.5608
48.6486
48.1872
48.6706
50.2527
50.033
50.0989
49.1101
48.4729
48.1433
48.7585
49.8572
51.615
51.0218
50.9558
50.0769
48.4948
47.7258
47.572
46.4513
45.4625
44.4957
44.0563
43.6388
43.463
43.3531
44.0343
45.089
46.0558
46.1877
46.3634
44.5836
43.2213
43.1993
43.9684
45.1549
46.737
47.4841
47.9016
47.1764
46.8249
46.737
47.4841
48.4069
48.4289
47.6818
46.9128
47.7697
49.4836
49.8572
50.78
50.802
51.0437
50.7141
51.1536
50.6262
51.0877
51.2415
51.3733
51.3294
51.4612
51.0218
50.7581
50.0549
49.5495
49.3298
49.176
49.5495
49.3078
48.6926
48.8244
48.1652
48.2971
48.5827
48.2312
48.6706
48.5827
48.6706
48.8684
49.5935
49.7913
49.5276
49.7473
49.7473
50.0549
49.9231
50.7141
50.8679
50.2087
50.1209
49.7253
49.2859
48.8244
47.9235
47.8356
49.3957
49.7693
49.2419
48.363
48.0993
47.9016
47.1325
46.8688
46.1877
45.3527
45.2428
44.1661
43.5948
42.7818
42.4742
41.4634
40.6944
40.6504
41.1338
41.7051
42.7598
43.0675
43.2213
43.2432
43.4849
43.8365
43.7486
43.9024
44.3858
43.6827
43.8585
43.7926
43.5948
43.5509
43.0235
43.3971
43.9244
44.1002
44.3858
44.7594
45.7482
46.3415
47.1984
47.0226
46.6271
46.0778
46.1877
45.5065
45.7262
45.5724
44.9572
44.4298
43.6388
42.3643
42.3643
42.7598
42.9136
42.8038
43.419
43.2652
43.9903
44.2101
45.2868
46.4074
46.0778
46.4074
46.6491
47.0226
47.1105
47.7917
47.6379
46.8249
46.6711
47.3303
47.0226
47.3522
47.2204
46.715
46.5612
46.3854
44.7814
45.0011
44.9132
44.3639
44.8693
43.8805
44.6056
44.4298
43.9684
43.7267
43.6827
43.9684
44.0123
44.0563
44.0782
43.8805
43.5948
43.6388
44.1222
44.4518
44.5177
44.3639
45.1549
45.4406
46.5172
47.6159
47.8137
47.4181
47.9675
48.4069
48.5388
48.8904
48.7805
48.0773
48.0114
48.4948
48.4948
48.1872
46.693
45.9679
43.2652
43.9024
43.6168
45.1989
46.0778
44.3199
43.2652
43.7486
43.8805
43.7486
43.5509
44.7374
44.6935
44.8693
45.0231
44.3419
44.298
43.5728
43.3531
44.4737
44.1222
44.0563
44.232
43.7706
43.5948
44.0123
44.5177
44.298
44.5177
44.9572
45.1549
46.1217
46.1877
45.2868
45.6603
46.5392
47.2424
47.2643
46.7809
45.924
44.9352
44.9352
46.5392
47.0666
45.6603
45.4406
44.3639
43.5509
42.9576
43.0015
43.5948
43.6168
43.3531
43.9684
44.276
43.7486
43.441
43.5948
43.3311
43.6168
44.1222
43.9684
43.7706
43.463
43.6168
44.4737
43.7047
42.3204
41.3975
41.5293
41.837
42.2984
42.7818
43.0015
42.1006
40.8701
41.0679
40.5405
40.5845
40.189
40.167
40.7822
40.7383
41.1558
42.3423
42.5621
43.463
44.3639
43.3092
42.4302
41.3316
41.9688
42.9356
43.5069
43.9903
43.8805
43.8145
44.0123
44.4078
45.067
44.4078
44.8253
44.9791
45.1769
44.5616
44.3639
45.5944
45.5724
46.715
46.4733
45.6163
46.5172
44.8253
44.1222
44.4078
44.1881
43.1334
43.1993
43.3092
43.9903
44.6715
45.089
45.902
46.6711
47.4841
47.3303
47.4841
48.4948
49.6155
50.2747
50.5164
50.6482
51.8348
52.8675
53.8563
53.4828
51.8128
49.7034
46.4294
46.715
46.2975
47.0886
47.7477
48.3191
47.5939
45.4845
44.0123
44.0563
43.7486
43.1993
42.4302
42.2984
41.8809
41.0899
39.9912
40.7163
41.4854
41.3316
41.3975
42.9576
43.0894
43.9024
44.7594
45.3746
44.4737
43.0675
42.4962
42.584
42.4083
42.1006
42.65
43.0015
43.1993
42.6939
42.8697
43.3311
43.7047
44.1441
44.8253
45.5285
47.0007
46.5392
46.0558
45.045
44.2101
44.0123
43.9244
43.441
42.2764
41.6612
41.1778
40.6284
40.0352
39.31
38.7827
38.7827
38.8486
39.3979
39.31
39.9033
39.8813
40.2549
41.3975
42.7818
44.232
44.9132
44.254
42.5621
42.0787
42.4522
41.9249
42.0567
41.7271
40.4307
39.5737
39.31
39.8374
39.3979
38.6289
38.541
38.6728
39.0244
40.3208
40.9361
41.771
42.1666
42.2105
43.1334
42.8697
41.9029
42.4962
42.6939
42.8038
42.584
42.2105
42.628
42.1446
41.9249
42.1226
42.2325
42.4083
42.3643
42.8038
42.1885
41.9688
41.9908
42.1226
41.771
42.2764
41.9468
41.793
41.3975
41.793
42.1006
42.6719
43.1773
44.4078
45.2428
45.3087
46.8249
47.7038
48.385
48.4509
48.8904
48.4948
48.0993
47.572
47.9455
46.6051
45.5065
47.1984
47.9016
47.9235
47.9455
48.1213
48.0993
48.2312
47.9016
46.4513
46.0558
43.9464
43.7706
41.6172
40.2988
39.1782
38.7607
40.0352
41.0459
42.7159
43.1554
43.2872
41.793
40.2769
39.5078
39.354
39.4419
39.2661
39.4199
38.8486
39.9473
41.5293
42.4302
43.1773
43.5069
44.7814
44.7814
45.0011
45.7921
45.9899
47.3522
48.6047
49.3298
48.7365
48.2092
46.6711
45.089
44.298
44.1222
45.4845
47.0226
48.4509
50.7581
51.8787
52.3182
52.7796
54.3177
55.1747
55.9218
55.7899
55.3505
55.0868
54.7572
55.6142
54.9989
54.7352
53.9662
51.5052
50.5603
51.0657
50.3406
49.7913
47.6599
46.6051
48.385
50.4285
51.1536
51.1536
50.6482
49.7913
49.6374
50.6043
51.0218
52.0105
54.2298
55.8559
56.2733
55.8778
55.5702
55.2846
55.1088
55.1747
54.6254
54.12
52.8675
52.1204
50.846
49.4397
49.0002
49.154
49.7473
50.6262
50.8679
52.5159
53.2191
53.8123
54.0321
52.6258
51.3514
51.4392
52.428
50.1428
45.5724
44.0123
42.7818
43.441
45.2868
47.9235
48.7585
49.8572
50.5823
50.4724
49.5935
48.363
47.5939
48.2092
48.8025
49.9011
51.4612
53.7464
56.1415
56.9985
57.4379
57.8994
57.1962
54.7132
54.1639
53.8343
53.6146
54.1419
53.3289
53.7904
55.3065
55.9218
55.1747
55.6361
55.5043
55.6581
55.5043
54.1419
53.2191
52.8675
52.494
50.4944
51.4173
52.472
51.3074
49.4177
46.715
45.9899
45.8581
46.2096
47.7477
48.2531
49.3298
49.3518
49.7253
50.9339
50.846
49.0442
47.1105
44.298
42.1666
43.2872
43.8585
43.2652
43.3971
42.9576
44.3858
44.8253
45.111
46.2096
47.7697
49.198
50.9998
52.0325
53.263
53.3949
54.12
53.263
51.4173
50.5603
49.3738
48.7146
48.4509
48.1433
48.4729
48.6926
49.0442
48.7585
48.4509
47.7038
49.198
49.154
51.2195
51.9007
52.2083
52.0325
52.0545
52.6478
52.5379
52.8675
53.6146
53.0872
53.6585
54.3177
54.6254
54.2958
53.6805
53.307
53.5926
53.7904
54.911
55.6581
55.8119
55.2846
54.7352
55.4823
55.5702
54.7132
56.0756
56.3612
56.3612
55.8559
56.1635
55.3505
55.9218
55.768
55.8119
55.8778
55.8339
55.3724
55.6361
55.0648
54.4276
53.9442
52.4061
51.1975
53.7684
53.3949
53.0433
51.5711
53.0213
52.472
50.802
51.2415
51.2635
50.1209
48.341
47.6599
47.0446
48.0773
49.4617
50.3186
50.9558
50.7361
49.9011
49.6374
50.6482
50.9558
50.2527
49.6594
48.4729
48.4729
48.2751
48.8464
49.7034
50.1648
50.0549
50.4065
51.4612
52.7796
53.6366
53.307
52.4061
53.1751
52.6697
51.9007
51.2195
50.9998
52.4061
52.3401
52.6917
52.4061
52.472
52.0105
52.5819
52.7137
53.263
53.285
53.7464
54.5594
53.9662
53.7904
53.7245
53.241
52.9334
52.8895
51.7469
49.5935
47.9455
46.9347
45.902
45.5065
45.8141
46.759
48.0554
49.0002
49.6155
50.802
51.7908
51.7688
52.0984
52.8895
53.2191
51.7469
50.4505
49.3738
48.341
47.3083
46.2975
44.8693
43.9684
43.7047
42.9576
42.7818
42.7379
42.7379
42.2544
41.5733
41.5513
41.3755
41.2437
40.8262
40.4746
40.4746
40.145
39.3979
39.7056
39.4199
39.2002
38.6948
38.8047
38.8047
38.9585
39.354
39.5298
39.6396
39.5957
39.8154
40.2549
40.9141
41.9908
42.9796
43.419
44.1002
44.9572
45.8361
47.8137
48.6926
48.6486
49.22
48.5388
48.4729
48.3191
48.2312
47.9455
47.55
47.4621
47.6599
47.9235
48.1433
48.1213
48.0554
47.6159
46.715
46.759
46.715
47.1105
46.9128
46.8029
46.9787
46.4513
46.759
46.5832
47.1764
47.8356
48.1213
48.2971
47.4841
46.9347
46.9567
46.2316
45.089
45.2868
43.9024
43.1993
42.8917
43.3311
43.7047
43.2652
42.8917
42.8697
44.6715
45.88
45.88
46.5172
46.2755
45.9679
45.0011
45.3527
46.3854
47.3522
45.8141
45.045
45.5504
46.5172
46.1657
45.2648
44.7594
46.1657
46.9567
46.0119
45.1329
45.8141
47.1984
48.0773
47.8356
47.0886
47.4181
47.4621
46.9567
45.1769
45.2428
46.0778
47.3962
47.1764
47.2204
46.8908
47.2643
47.8137
48.4289
48.0334
48.1433
48.363
48.8244
47.6379
47.4841
46.8908
46.2316
44.9572
44.3419
43.5509
43.3971
42.9356
43.2872
43.419
43.3531
43.6388
43.5069
43.6168
44.0563
43.9684
44.3858
45.4186
46.4733
46.5172
47.1984
47.4621
48.0554
47.3962
46.6491
46.2536
46.4074
47.7258
48.6267
51.1536
52.4061
52.5159
50.0549
49.3957
49.0222
49.198
49.5276
48.7805
49.989
49.5495
48.4289
47.2643
45.5065
45.7042
46.4733
47.6379
49.5935
48.0993
48.4948
49.3298
50.2087
49.9231
50.0549
51.2854
50.6043
49.989
48.1872
44.7374
44.0343
44.8693
46.4074
47.8576
47.4841
46.693
47.4621
47.6599
48.3191
47.1545
47.8356
49.7253
49.989
50.2527
49.1101
47.8576
48.9782
49.4177
47.0007
46.1877
45.6823
46.3854
48.1433
48.8904
48.2312
48.7365
49.6594
49.6814
50.4944
50.1428
47.4621
47.2643
47.9235
48.2092
48.4729
47.1984
45.3307
45.4845
46.0119
47.0446
45.9899
46.1217
46.8029
46.3415
45.7042
46.8029
46.0119
45.067
45.1769
46.0998
46.1217
46.8468
47.0886
45.7482
45.4845
45.3966
45.3746
46.1217
46.4294
45.7921
46.4953
46.693
46.5832
46.6051
46.2096
45.8141
45.4845
45.4625
45.4845
45.9679
45.6823
45.8581
46.0119
45.88
46.4074
46.8908
47.1984
47.8137
47.7917
48.1213
48.1213
47.9235
48.0773
47.528
47.2643
46.9128
46.5612
45.6383
45.4625
45.2208
46.1437
46.4294
47.1545
47.2643
47.2204
48.1872
48.363
48.5168
48.5388
48.5827
48.6047
48.4729
48.4948
48.5388
48.7365
48.4729
48.5608
48.6267
48.4069
48.3191
48.6047
48.385
48.6047
49.5276
48.8244
48.4289
48.6926
48.5608
48.4289
48.5608
48.6486
48.8025
48.9782
49.0002
49.2859
49.5495
49.6594
49.7693
49.4617
49.3298
49.5056
48.6047
48.4509
48.3191
48.363
48.5827
49.0442
48.9563
49.0002
48.7805
48.6267
48.2312
47.572
47.4181
47.3303
47.528
49.1101
49.5495
50.1648
50.5823
50.6262
50.6702
50.5823
50.3186
50.0989
49.967
50.3186
50.2527
50.4724
50.6043
50.8899
50.6702
51.1975
51.3733
51.8567