45.5368
45.8316
45.7684
46.2105
46.6737
46.0421
45.8316
46.0211
46.7158
46.7579
48.5474
48.8842
49.4105
48.5053
49.7053
49.3684
49.8737
49.1368
49.5368
49.2632
49.2
48.9053
48.9895
48.2947
47.8947
48.0632
47.8947
47.6421
46.6316
46.2316
45.8316
44.4
44.0632
44.1263
44.3789
44.6526
44.9263
45.5579
45.9579
46.0842
46.9053
46.9053
47.0947
47.2
47.0316
47.5579
47.4316
47.7474
48
47.7263
47.5789
47.3474
47.6211
47.8316
47.4947
47.1789
47.1579
46.4842
46.2947
46.0421
46.6316
46.4211
46.5895
46.9895
47.4316
46.2737
45.7895
45.5789
45.6211
45.8947
45.7895
46.4421
47.1368
47.7474
47.9158
48.0842
48.7158
48.8842
48.8632
48.9474
48.2316
48
47.3895
46.6316
46.2947
46.3789
46.1263
46.4
47.1158
47.5368
49.3263
50.4421
51.1789
51.5368
51.6211
49.8947
47.6632
45.8526
44.3158
44.2737
44.9684
47.0316
48.8211
50.1474
51.0316
51.4316
51.4316
51.4737
51.3053
51.7895
52.0842
51.2632
51.0737
51.3895
51.0737
50.8211
50.6947
50.2105
49.9368
49.4737
49.3474
49.5158
49.6632
49.7684
50
50.3158
50.9474
50.7158
50.9053
51.3895
51.6211
51.4105
51.4737
51.4526
50.9053
50.5684
50.4632
50
49.6421
49.8526
49.3684
49.8947
50
50.3789
50.6316
50.8632
52
51.9158
52.7368
53.5368
54.3368
54.8842
54.9053
54.6947
54.6105
53.6632
53.5579
53.0737
52.2316
51.5789
50.8421
51.2842
51.8947
52.1053
52.1474
52.5895
53.3684
53.3263
53.3263
53.3684
53.3053
52.5895
53.4526
53.7684
54.1895
54.4421
54.2737
54.1474
54.5053
54.2316
54.9053
54.5684
54.5684
54.6526
55.1789
55.4316
55.4947
56
56.4842
57.0105
57.4737
57.2842
57.7263
58.5895
58.8
58.1895
58.0842
57.6632
57.4316
57.1158
57.4316
57.4947
57.0526
56.9684
57.4316
57.1579
57.3895
56.8211
56.2316
56.0842
56.2526
56.2316
56.1053
56.4421
55.8526
55.3474
55.0947
54.7579
54.4842
54.3789
53.7474
53.6
53.4316
53.7053
53.4105
53.2632
52.8842
52.6526
52.3368
52.2105
52.1053
51.6211
51.7263
50.9895
51.1368
50.8632
51.0737
50.7579
51.1158
51.2211
51.7895
52.1895
52.4
52.1684
52.3158
52.8421
53.0316
53.2842
53.2421
53.3895
53.4105
53.7474
53.7684
54.2526
54.2526
54.4
54.6526
53.4316
47.7684
48.1263
48.9474
48.8211
49.3474
48.9684
48.2737
48.0632
47.8105
47.2842
47.1579
47.3474
46.9684
46.4211
46.5895
47.3053
47.7895
47.9368
47.7053
47.7263
47.2842
47.5368
48.1263
47.7474
46.9053
47.2211
48.2105
47.6632
47.9368
48.9684
49.3474
48.6947
48.5684
48.5895
47.7474
47.2
47.8737
47.9158
47.6632
47.6
47.0947
47.0105
46.7158
46.1263
46.6316
47.0316
46.1684
46.2737
46.3368
46.1053
46.4211
47.1158
47.4105
46.4632
45.6632
45.9158
45.2211
44.0632
44.0632
44.8211
45.4526
45.3684
45.0105
45.1579
46.4211
45.3263
45.6842
46.0632
45.8947
46.3789
46.7579
46.8421
47.1579
47.4316
47.2211
46.6105
46.8421
47.4316
46.5895
46.6526
46.1895
45.7895
45.5789
45.3684
45.0947
44.9684
45.2
45.4105
45.2
45.5368
45.6421
46
47.2842
48.5895
48.9684
49.2211
49.4737
49.2421
49.8526
49.9579
50.6105
51.5579
51.5368
51.6
50.6316
50.2947
50.1895
50.4421
50.5895
51.1158
51.1789
50.6316
50.2947
49.8316
49.0105
49.2211
48.9263
47.2842
46.3368
46.0211
46.1474
46.2947
47.3474
47.2
48.0421
48.1684
47.9158
47.7684
47.6211
47.2632
47.5158
47.0526
46.8
46.6737
46.4632
47.0105
46.2526
44.4632
43.8737
43.4105
43.9368
43.7474
44.0632
43.9158
43.8947
44.4211
44.4
44.4211
45.3684
45.5368
45.5789
45.4526
45.4526
45.3474
45.4316
45.3684
45.5368
45.0316
44.5053
44.7158
44.9684
45.0526
44.9474
44.6105
44.3579
43.9158
44.0632
44.1053
44.1474
44.1684
43.8947
44.1263
43.9368
44.5263
44.6526
45.0316
45.9158
45.7263
46.4842
47.2421
47.3263
47.6
47.6842
48.1474
47.8105
47.7474
47.9579
48.6947
49.2
49.9158
49.8526
50.1053
50.1053
49.6211
49.6632
50.1474
50.4
50.1895
51.2
50.7579
51.0105
50.6737
50
50.5474
50.0421
49.3684
48.8421
48.5684
48.7368
47.9368
48.0211
47.5158
46.9895
46.8
46.6316
47.0737
46.7368
47.2632
47.3053
47.5158
47.1789
47.0737
47.2421
46.9684
46.8632
46.6316
46.8421
46.5684
47.0947
46.6947
46.9053
47.0316
46.6105
46.7579
46.9684
46.6316
47.0947
46.6737
46.3579
46.2947
46.6737
46.5263
47.0316
46.9053
47.2421
47.5368
47.9579
48.2526
48.0211
47.6632
47.7474
47.8105
47.6842
47.7474
63.4526
60.2316
60.6526
60.8842
60.0842
59.8105
59.1579
59.0947
58.6737
58.4
57.7895
56.9263
56.1263
56.2947
56.2316
56.4
56.5895
57.0737
56.8632
57.1158
56.9895
57.2632
57.2632
57.3474
57.2421
57.3474
57.1158
57.1789
56.6316
55.9789
55.0316
54.5474
54.1684
53.2632
52.4842
52.3158
52.3368
52.5263
52.8
53.6
54.2105
54.8211
55.5368
57.0947
57.5789
58.2947
58.0421
58.2947
57.6842
56.8842
55.3684
54.0211
53.7263
53.7684
52.7158
53.1789
53.5579
54.2947
54.7368
55.8105
56.6316
58.2105
59.2632
60.1053
60.5263
60.7579
60.4
60.2526
59.0105
58.7368
57.2
56.7579
56.1684
55.9579
55.2421
55.4316
55.8316
56.1684
57.2842
58.3368
58.5263
58.9053
58.5053
58.4
57.0737
55.7053
55.4316
55.9158
55.6
56.0842
56.4842
56.7368
56.4211
56.5684
55.8316
55.9579
56.1684
56.7579
56.3158
55.8947
55.5158
55.3684
55.7053
55.7474
55.3684
55.1368
54.8
54.7579
54.6737
55.4947
55.9368
56.6105
56.9053
57.5368
57.4105
57.6842
56.7579
56.2105
55.7684
55.4526
54.9053
53.5789
52.5895
52.7368
53.3263
53.3895
53.4737
53.9789
54.3158
55.1579
55.7263
56.9263
57.2421
57.2
56.8632
57.2421
57.2842
57.3684
56.9263
56.6947
55.8105
55.7263
54.8421
54.2526
54.4632
54.8
54.1053
53.6
53.4947
53.1579
52.9263
53.4105
53.5368
54.2316
53.8947
54.0211
54.5263
54.6947
55.1158
55.8737
56.4632
57.5158
58.3368
58.6105
58.8211
59.0526
59.1158
59.3474
59.3263
59.7263
59.9368
60.2105
59.6421
59.7895
59.5158
59.1158
58.7368
58.6105
58.4632
58.1263
57.7053
57.0737
56.2316
55.2211
54.7579
54.1053
53.3263
53.6632
53.9158
54.1053
54
54.5684
54.5474
54.8421
54.7789
54.8632
55.0737
55.4947
55.3263
55.7053
56.1474
56.4632
56.8
56.8632
56.9684
57.0105
56.9474
57.6632
57.4316
57.6421
58.0211
58.1474
58.1474
58.8632
58.6947
58.8211
59.0737
58.9895
59.0947
59.1158
59.1158
59.1158
58.8632
58.9053
58.8842
59.3474
59.7053
59.4737
59.2421
59.3053
59.2
59.3895
59.4316
59.9579
59.4947
59.4737
59.6421
59.0105
59.2
59.1368
58.5895
58.8421
59.0316
59.0947
59.0947
59.3474
59.0526
58.9263
58.3158
59.6632
58.5895
58.2947
57.7053
57.5368
57.0947
57.1368
57.4316
57.5579
56.9263
57.0316
56.2737
56.4842
56.4421
56.0211
56.6526
56.8421
56.9474
57.3053
57.0316
58.1263
57.8947
58.2316
58.7158
58.8211
58.9263
59.0105
58.8632
58.8211
59.1158
59.3053
58.8421
59.4105
59.2632
59.3263
59.2632
59.0526
58.7158
58.6947
58.5684