69.6
69.2421
69.0105
68.8632
69.0947
70.5263
69.6632
69.3474
68.5895
69.0105
69.0105
68.6737
67.6
66.6947
67.7474
68.7368
69.0947
67.4105
68
66.3158
66.6316
64.5263
63.0737
65.3895
67.6421
65.5579
67.7263
67.8947
68.7579
68.8211
68.7789
68.6105
67.7053
66.2737
66.6947
65.8105
64.7789
64.6316
65.3474
64.6316
65.9368
66.3789
67.0105
67.7474
70.3789
68.3579
66.8421
67.8737
67.9579
67.4526
65.6211
64.0632
64.2105
60.4842
66.7789
66
66.4421
65.7474
65.8737
62.5474
59.9579
54.5895
53.7263
52.1895
53.7684
58.7789
62.4632
67.9158
68.0842
69.6632
67.8105
65.3053
65.4947
64.2316
62.4842
64.7368
66.0421
68.2105
69.1579
70.1263
69.2632
69.1368
68.5684
67.1579
66.0842
66.9263
71.6421
70.5684
67.0526
59.7684
57.0947
52.6737
47.6211
39.5368
36.1263
36.9895
35.2632
35.5789
37.1579
40.0211
47.2632
63.7684
69.0526
66.6526
61.6
65.7474
64.5684
65.1158
65.4526
66.0211
67.4526
67.4316
66.6526
66.7158
65.5368
65.4737
65.6421
66.6105
64.9053
65.3053
64.2737
63.9789
66.9053
66.6947
66.9053
67.3895
68.4211
68.3579
66.6947
66.0842
64.9684
64.1895
66.0211
64.7158
66.6737
65.1789
64.7158
65.1158
62.4211
60.9895
62.6316
61.0316
60.9474
63.2632
63.9789
65.5368
67.6632
68.9684
70.0421
70.2737
67.0737
66.6526
70.2947
68.3368
68.9895
67.4947
66.7368
66.3158
66.1684
66.1895
64.9895
63.6632
63.8526
65.9158
67.4737
65.6632
61.6211
60.0421
57.5579
61.1789
59.9368
59.2632
58.9474
56.8842
55.4947
54.4211
54.3579
54.4632
56.2316
56.7579
56.2947
55.7684
55.8316
54.7368
54.3579
53.4947
53.3053
52.2737
53.8316
54.3158
56.3789
56.2947
55.2421
53.9158
55.0947
56.4632
58.6105
56.6737
56.9263
59.3474
62.8421
64.6947
66.4
64.5263
59.3684
62.3789
64.1474
61.9158
64.5895
60.4842
63.2842
62.7158
62.9474
64.5263
63.6632
63.4105
65.4526
65.0947
67.0526
67.8526
69.6211
71.1158
72.8421
72.2526
71.8737
71.4947
71.4947
71.8947
72.3789
72.0632
70.7579
68.9895
68.1474
68.0421
70.6105
71.0737
71.6842
71.5579
70.2737
70.0632
68.3368
65.7053
62.7368
60.0632
57.4316
54.9263
56.4421
54.5053
58
55.3474
56.9474
56.4211
57.5579
57.0105
59.1158
59.3474
62.2737
60.6737
66.7158
67.5368
72.2105
72.6316
76.3158
77.7263
77.4737
78.1263
77.6
76.0421
72.9684
70.7789
66.2316
66.1053
65.3263
61.2632
65.5579
68.0632
68.5895
66.1684
65.4526
63.9789
64.2526
67.7474
70.3158
75.0737
76
75.6421
78.5684
81.9789
82.4632
81.2632
77.0105
79.2421
76.2316
66.3368
64.1474
57.6421
56.1684
57.7684
53.8526
53.1789
51.3474
46.1474
47.6632
47.9368
46.5053
44.2526
43.3895
41.2421
40.5474
39.8947
39.5158
38.4842
37.4105
34.1474
34.3158
34.4211
34.1053
34.8211
35.7474
35.8316
36.6947
37.6632
37.9789
37.3263
36.8842
36.3789
36.2316
35.5368
35.8526
35.4947
36.5684
35.2211
34.1474
32.6526
31.6842
30.3579
28.7158
27.9158
26.7579
27.0947
25.2211
24.8632
22.9895
22.8632
19.8947
17.0105
14.7158
15.1158
16.2947
17.0737
19.9158
18.2105
19.4947
21.2421
22.2947
23.9579
27.0526
29.6211
35.3895
35.4526
35.4737
36.4842
36.6105
37.2632
39.3263
38.2105
41.4526
41.2842
44.5474
42.4211
45.5579
45.7474
43.3263
43.1158
44.3158
56.1895
45.9158
46.2105
42.2105
38.7368
38.6526
39.7684
39.2842
41.2632
44.0211
48.6316
52.6316
53.4105
55.4947
58.6947
53.4947
49.9579
47.2
49.2421
43.6842
44.7368
47.2211
48.6526
52.6316
57.7263
54.1053
51.3684
48.8632
49.5158
52.1895
54.3579
54.2737
56
55.6
56.1053
55.5158
54.5474
56.3158
57.7474
60.8632
56.7158
52.4632
51.3053
50.6947
50.2105
51.0526
52.9053
53.1368
53.9368
56.6105
56.2737
56.8421
57.8526
56.8632
55.8526
54.2526
56.1684
54.3789
53.1368
51.1789
49.0737
52.1263
55.8526
61.7474
64.2947
66.7579
65.5579
63.7474
64.4632
64.1053
62.2316
63.1368
61.4526
62.4211
59.8526
59.1158
62.5895
65.7053
68.7368
70
69.4737
69.4316
68.1053
68.2947
66.0632
63.5158
61.3474
59.5158
59.2
59.0526
59.0947
59.4526
62.0211
65.8737
69.7263
73.4737
72.7158
69.7053
65.4526
64.7579
62.0421
62.8
62.9684
63.5158
64.0632
64.9895
66.2105
68.4842
71.0526
71.6421
71.9368
70.4211
68.3789
68.5474
67.6421
66.7789
64.4211
63.3684
63.3053
61.8316
63.2
65.5158
66.7158
66.6316
65.8737
65.1368
64.1895
65.1368
67.7684
69.6632
71.8316
69.3895
70.2105
69.2421
68.8632
67.7474
65.1368
66.1053
70.0421
71.2632
72.9474
70.0211
67.8526
70.8632
71.5368
68.0632
63.3684
58.2737
62.0421
61.7895
60.1474
57.6
61.5368
63.1158
64.9263
64.8
67.2
66.6947
68.3368
66.7579
67.5368
68.1684
65.1579
64.3368
67.8947
68.4632
67.1158
65.3053
65.2421
61.3684
62.5263
65.7053
65.6421
63.8947
65.7895
65.7895
66.7579
69.4737
67.2211
65.7474
64
61.6421
61.1158
61.7895
62.2105
63.3895
64.3158
66.2737
67.4105
69.0105
68.2105
66.2105
66.1684
64.9263
64.7368
65.6211
69.4105
69.7895
70
70.1895
68.2947
65.0105
64.6737
66.9474
67.4105
66.4421
66
65.4737
67.0947
67.7474
65.8737
65.8737
69.4316
70.6526
69.9789
72.5684
74.8211
74.9684
73.4947
72.5053
73.2842
73.2632
75.0737
74.7368
75.4526
74.9263
76.4842
76.2947
76.2737
75.7053
74.7368
71.6
71.1789
74.3789
76.8842
76.7158
75.7053
74.5263
74.1474
68.4632
68.2105
66.2316
67.6
66.0421
63.7684
62.9263
61.7474
59.0316
53.6842
51.0947
58.3789
60.6947
62.9474
64.7158
63.1789
62.1263
64.1263
63.2211
65.8316
65.3895
65.6632
64.5895
63.8737
67.0737
71.4316
73.4316
71.9579
71.2421
74.4421
76.1263
75.7684
73.6211
71.6842
69.3684
68.2947
66.0211
64.3368
63.1368
63.0947
63.2632
62.6737
63.5789
65.2
66.8632
66.9684
67.8526
70.1053
72
72.7789
73.3684
73.3263
73.1158
72.2947
71.6842
71.5789
70.8
70.4842
69.8737
69.2632
69.0526
68.0842
67.2421
66.3579
65.3895
69.2421
69.4526
70.1684
70.9053
71.0316
69.9368
66.8211
66.4421
65.2211
64.4632
60.8421
62.4632
68.3789
69.9368
71.5579
71.9368
72.0632
72.0421
73.7053
73.8105
76.2105
75.6211
76.2526
76.9053
76
75.0526
74.7158
75.9368
74.8211
75.2211
74.4
79.9368
79.1789
79.6211
79.1789
78.4
78.0632
77.8947
77.8105
80.1053
79.5579
79.2421
76.0842
71.8737
72.7368
72.9474
65.3684
63.0526
63.9789
65.6421
67.9158
70.2105
72.7368
73.9158
77.4105
79.4526
78.0632
77.3263
75.9789
75.8105
76.6526
75.6842
74.6737
74.6947
74.6947
74.9895
75.6842
79.2421
81.7474
81.3684
78.9053
80.4
81.6421
82.1053
80.9684
81.9579
79.8737
79.3053
77.3053
76.9895
74
71.8526
68.2316
66.7579
64.9263
66.1474
69.5579
68.7368
67.6842
64.4421
62.0632
58.6737
57.2211
59.1158
63.2842
66.0211
69.6
69.2421
68.6526
71.6
75.2842
77.1789
78.5053
79.4737
78.3789
74.3579
72.2737
73.2
72.0842
71.5368
69.2421
68.6947
65.3684
65.2211
66.9263
68.8421
70.2105
68.2947
64.8632
62.0632
66.1263
69.2842
73.6421
73.8526
78.8
79.0947
79.1368
78.2737
77.6211
75.9158
75.2
73.7474
73.7684
73.8316
74.3579
73.1158
70.8
68.5263
69.0737
71.2842
71.6632
70.3368
72.7579
74.9474
75.4737
75.4947
75.5158
75.7474
74.8421
76.5263
76.6947
76.7158
75.9789
75.9368
75.1368
74.6105
72.6526
71.3474
69.2
67.4105
67.2421
68.1053
68.1263
69.6632
70.4
70.4842
71.5368
70.1053
67.0316
66.0421
68.3789
68.1684
69.3263
70.8211
71.4526
74.6737
75.7895
75.7895
75.7263
75.7684
74.8632
72.3579
70.2947
63.4947
60.5053
61.2842
61.0316
57.7053
54.9053
52.4632
53.2211
51.3684
45.3263
48.8
50.2737
51.6
51.9789
52.6947
53.8105
53.5368
54.1895
56.0842
58.7579
59.3474
59.1158
59.4316
57.0737
58.8211
58.5895
56.2316
54.7789
52.9895
49.7895
44.3158
47.4316
55.0526
56.9474
54.9684
50.9474
62.5684
80.2737
74.9263
72.0632
71.7684
70.9053
69.9368
68.7579
68.4842
66.8632
68.9053
70.6105
70.1684
70.4842
70.2105
69.1579
68.8211
69.4947
69.8316
68.8
69.3895
68.6316
68.4
67.8737
66.8421
66.3368
67.8526
69.5789
69.8526
71.3474
72.4
72.4421
70.9263
74.8
75.1158
75.5789
74.8632
73.8737
74.3158
75.3474
73.5158
72.1263
71.4316
68.8211
64.1684
59.7263
57.7474
58.7579
63.8526
67.1158
62.9895
60.9474
60.0421
56.9895
56.4
55.4105
58.8211
57.6842
56.6947
54.3789
53.3474
52.4
52.2737
52.8
52.4421
53.4947
55.5368
55.7895
53.8737
52.5474
50.6737
49.9789
45.7895
45.2211
44.2105
44.3368
48.7789
50
48.4
46.6105
44.6947
46.2316
47.6211
50.7158
54.3368
58.1684
59.2632
62.3579
60.4842
61.3053
61.2842
61.5368
61.6842
62.0632
60.3158
59.4316
61.8316
62.0421
59.3895
59.2421
57.5579
57.6842
53.6632
52.9474
53.3474
51.5579
52.5684
52.4
53.0947
54.9053
57.5789
56.2526
55.0737
55.4316
56.7368
56.0632
55.4526
57.9368
59.1368
58.2737
58.9684
52.6105
53.8316
54.7789
57.0316
59.0526
60.1474
60.2947
54.5053
50.9474
47.7474
46
43.3263
39.8105
36.8632
37.7895
35.8105
35.9158
43.3263
50.7789
47.0316
57.8526
53.1158
60.0211
64.5684
60.8211
62.6947
60.7158
62.7158
61.0947
63.5368
62.6947
67.0105
68.4842
70.1474
72.2526
73.3263
74.3368
75.4105
73.3053
73.5579
74.0211
70.7789
72.4632
73.8947
71.7684
71.4105
71.5579
70.9263
69.7895
70.0421
73.3474
72.8211
72.6526
69.9579
69.5158
68.9474
64.2316
64.5895
67.6211
68.4632
72.6737
72.5474
74.1053
73.1579
75.0947
77.3474
77.2421
74.2737
72.6105
71.7053
72.9684
74.6316
74.9053
73.5158
73.3053
74.7579
74.8421
76.4211
77.1789
77.6842
77.1158
75.9368
75.6
75.4526
75.3684
76.0421
77.3053
77.1368
78.0211
78.1684
77.6
77.4947
77.6
77.2
77.7895
77.8947
78.4632
77.7474
74.1474
72.8632
69.9368
69.4105
72.8211
74.5053
75.1158
72.8
70.2316
69.9789
68.3368
69.3263
70.9053
70.7579
69.5368
67.6632
67.6632
65.7053
63.4105
60.9895
62.6737
68.2737
79.3684
79.4526
80.1263
80.2316
80.0211
80.8421
81.0947
81.4947
81.0105
80.8211
80.1474
79.1789
78.4211
76.4842
75.1368
73.0105
73.1579
73.5368
73.0526
72.1895
72.1895
72.2316
71.8316
71.5368
71.2632
72.0211
74.2105
74.5263
76.0421
76.7368
76.7789
77.0316
76.8
75.4737
77.4737
79.0947
80.4632
81.4316
78.2947
73.3895
68.1263
64.9684
60.3158
56.9684
59.8316
63.9579
64.3789
66.2947
68.0421
64.8
60.8632
59.3684
61.4526
62.7368
62.9895
61.8105
60.3368
57.5579
55.4316
56.6737
56.1263
57.8105
56.2947
57.7053
53.2211
51.8737
51.2421
56.7789
62.9053
62.9263
61.9368
65.6632
66.1053
67.0526
67.8105
68.4421
73.9789
72.2947
68.4842
65.9789
63.5789
61.0737
61.1789
59.2632
60.2947
56.2947
59.6842
63.4947
66.5684
67.4526
62.5053
61.0947
56.6737
54.6737
51.2632
49.2
49.1158
52.5684
50.9684
48.1474
43.7684
44.2947
44.2526
44.7789
45.8947
48.6737
52.1895
55.7684
62.4
64.9474
64.9474
64.0632
61.9158
60.5263
59.1789
55.3895
53.4947
49.2
48.5053
50.2737
47.3684
51.9158
50.5053
50.7579
52.7158
50.9474
49.9789
52.0632
49.8737
53.2632
53.7684
55.8737
56.9895
57.6842
59.8105
58.0211
58.0211
56.7579
57.6421
55.6632
57.0526
59.6842
65.3474
69.8105
68.9053
68
64.6526
65.3053
66.2526
66.5895
66.4421
66.9053
66.7789
66.3789
66.7158
66.9263
67.0737
66.8842
67.0316
67.6842
67.8316
68.0211
68.1895
68.2526
67.7263
67.3053
67.8947
67.1789
66.8
66.0632
64.9263
64.0211
65.3684
65.9579
65.1789
64.6105
63.4737
63.0947
63.2842
63.4526
62.8842
63.2
64.3789
64.8842
64.3579
64.9263
65.0947
65.7895
66.6737
66.6947
65.6421
62.8632
63.5579
62.0211
63.4105
62.4
60.9263
62.0211
60.4421
57.5368
55.5368
54.8
57.0316
57.4105
57.7053
59.5158
60.1474
59.2211
58.0842
57.8316
56.9895
60.1263
61.9368
65.5158
65.0947
68.0211
67.7053
67.2421
66.8842
69.0526
68.3368
67.2
66.7368
65.6421
66.7158
65.8316
65.2842
63.2
62.2105
61.6632
62.9474
63.0526
65.5789
63.7474
65.6
64.7789
63.3684
63.5158
64.2737
64.8
65.0947
65.0526
66.1895
66.4421
66.2737
66.6316
65.7684
65.4737
64.5263
64.5263
63.2632
62.9474
63.8105
59.9158
57.6421
58.1684
56.1474
56.1474
56.4211
58.3368
61.0526
61.0737
62.3579
62.2737
61.7684
61.1158
60.1895
59.4737
58.8421
59.7895
61.5579
60.5263
60.3579
60.0842
59.8105
59.8737
61.3895
61.5789
62.3158
63.6632
64.0211
65.3053
65.0316
65.8737
64.8842
64.6737
66.7789
66.6105
66.7158
65.7474
65.0947
64.6526
62.2526
61.0737
60.1895
58.9263
56.5263
57.3053
59.8316
63.3684
66.6737
67.8737
69.5789
69.1368
68.5053
66.9263
67.1579
66.3789
64.7368
65.6211
65.5368
65.3263
66.2737
66.7579
67.5158
67.1368
67.5158
68.2105
66.2737
64.1474
60.8421
59.1368
57.3263
54.2737
51.3474
49.0947
48.3579
45.7895
47.4947
46.7368
48.8632
50.8211
53.0105
54.6105
56.5895
57.3895
57.7895
59.5158
55.4526
50.6105
53.0105
54.2947
58.1474
60.8842
58.7368
58.5684
56.5474
57.7474
59.9789
62.4632
65.2842
69.9789
70.6105
70.9895
71.4526
73.6842
74.6105
75.1579
74.8632
74.0842
71.8316
71.4316
68.9263
66.9263
64.2526
64.5263
65.4316
65.6842
66.5263
67.0316
68.1684
68.0211
67.6211
67.2211
65.5579
65.6632
69.1579
70
69.0947
68.5263
66.2316
65.7474
63.6421
63.2632
63.6842
62.7158
63.5579
61.3263
62.5895
63.1368
66.4421
64.8421
62.9895
66.1895
69.7895
68.6737
65.3474
63.0526
63.0316
64.5263
59.7474
63.3474
66.6737
70.8211
70.9684
69.9789
69.6632
70.8211
69.0947
67.6
68.2316
68.5263
68
66.4842
68.8211
71.2632
72.5053
73.1158
73.4737
71.6
68.5053
62.9474
62.4421
63.6211
64.1053
63.7895
63.6842
63.5158
62.6947
58.6526
54.2737
53.7474
59.1789
67.1368
61.5789
61.8737
65.6421
67.8105
71.2
71.2
68.6737
68.6947
67.8316
67.8105
70.1053
70.6316
71.9789
72.6526
73.4105
73.7263
70.5684
69.9789
72.2105
72.9263
72.1053
76
77.5789
75.7895
70.3158
65.8947
65.0316
64.6737
63.5579
61.6421
60.1895
60.9053
62.2737
64.3368
63.8737
64.2737
66.4632
65.3053
67.4737
67.8737
67.7053
67.5368
66.7789
65.5789
62.9895
62.5053
62.9053
64.0211
64.6316
63.7684
58.1263
51.2842
54.4211
54.5474
56.8
58.3579
59.5368
60.4211
62.0421
64.9684
65.0947
65.7263
65.6632
67.0526
67.5579
67.5579
67.3263
67.0105
66.8421
66.2316
65.3474
65.3263
65.8947
66.4211
66.2526
64.6947
63.6421
61.4947
62.2737
60.0632
57.1789
59.0737
59.3684
59.8316
60.6105
58.2526
55.4105
54.7579
51.0737
50.1474
48.9474
47.9158
51.5368
52.7579
49.7895
48.2737
48.1474
52.0632
55.3684
53.5579
50.7789
57.1368
56.3789
54.3579
52.5263
53.4526
54.3579
60.3579
61.5789
62.1474
60.5895
58.4
59.4105
62.0632
61.2421
60.0842
59.3263
57.1368
52.6947
54.2316
54.2737
58.2316
62.6947
61.8105
60.6737
60.0842
58.2526
55.6211
53.0737
45.4316
43.7263
44.5263
47.3263
50.0421
51.2421
55.6421
63.1579
61.8316
57.1789
61.8316
54.8632
50.6316
51.0947
47.5368
43.9368
44.6316
43.4737
44.5895
47.9368
50.6737
54.3789
60.4211
58.2947
55.6632
55.8105
55.8316
53.9789
53.6632
54.0632
56
57.1368
57.5579
57.1158
57.9158
57.6211
58.7579
59.8526
61.2
61.4947
60.4211
59.3474
57.0737
56.2526
58.0421
59.7895
60.9263
64.0211
66.7158
66.3579
66.4421
65.5789
66.0842
65.4947
65.7474
64.9684
64.6316
64.2526
63.9158
62.4
63.8526
63.0105
63.2842
61.8947
61.8947
61.9789
63.1579
64.7789
64.4421
63.5158
63.1579
63.1158
61.2421
61.4105
63.4737
64.5895
63.2842
59.3684
58.8211
61.3053
61.7684
62.5263
64.0421
64.4421
65.6632
66.3579
66.7368
67.9579
67.2
69.0105
69.3263
70.0421
71.1579
71.3053
70.4
69.4947
68.6105
68.1474
68.3579
68.1895
68.5895
68.2947
66.5895
65.1789
68.2105
68.1895
68.2316
68.6526
68.8421
69.7895
69.1789
67.5158
67.3053
67.8105
68.1053
67.4737
66.2526
65.9158
67.6211
69.4737
68.9684
67.3684
67.1368
66.1263
66.4211
66.1895
62.1053
64.8842
65.9579
65.6211
66.3368
67.2
68.5895
66.8842
69.6
68.6526
67.7895
66.6947
67.5158
65.0105
64.6947
64.9053
65.7895
64.5263
63.6211
65.2632
66.0211
66.2947
66.1474
69.6
69.5789
67.6211
69.4316
68.8632
69.0316
68.6105
67.1789
64.8211
64.3579
64.7789
64.7368
65.1579
66.8211
67.3684
66.8421
66.6526
65.2632
62.9684
61.1158
57.7684
54.0842
53.6
52.1263
52.2737
54.9895
60.8421
63.7474
68.3579
68.7579
69.7474
67.5158
65.9789
64.7579
63.9579
63.4105
63.7684
64.5474
65.3263
68.6526
68.8211
69.3474
69.4737
68.2737
66.6526
66.5474
64.4842
64.5895
68.5684
71.0526