18.125
18.75
16.875
18.75
20
19.375
19.375
19.375
18.125
17.5
20
19.375
18.75
18.75
20
18.75
18.75
18.75
18.75
19.375
20.625
18.125
18.75
18.75
18.75
19.375
18.125
18.75
18.125
18.125
17.5
19.375
18.75
19.375
19.375
18.125
18.75
20
19.375
19.375
17.5
18.125
18.75
19.375
20
18.75
18.75
20
17.5
20
19.375
18.125
20
18.125
20
20
19.375
19.375
18.75
18.75
18.75
19.375
20
19.375
18.75
18.75
18.75
18.75
20
18.75
19.375
18.75
20
18.125
19.375
18.75
19.375
18.125
18.125
17.5
17.5
18.75
20
18.75
18.75
18.75
19.375
18.75
18.125
19.375
19.375
20
19.375
20
18.125
18.125
18.125
19.375
18.125
19.375
18.125
20
20.625
20
19.375
18.75
20
20
20.625
20.625
18.75
20
22.5
24.375
21.25
21.875
22.5
22.5
20
20.625
21.875
21.25
22.5
22.5
21.875
21.875
22.5
22.5
23.125
23.125
22.5
20.625
20.625
19.375
20
21.25
22.5
21.875
23.125
22.5
22.5
21.875
22.5
23.75
23.125
22.5
22.5
22.5
20.625
20
20
20.625
23.125
23.75
25.625
26.875
25
25.625
25
21.875
23.75
23.75
28.125
27.5
28.125
26.25
26.875
25.625
26.25
23.75
20
18.75
18.75
23.75
27.5
25.625
25.625
25.625
30.625
28.75
30
25.625
23.125
20.625
20.625
25.625
28.125
30
29.375
28.75
28.125
26.25
25
26.875
21.25
18.125
18.125
25
27.5
26.25
26.875
26.875
28.125
32.5
31.875
31.875
30
33.125
33.125
31.875
33.75
35
36.25
38.125
35
33.125
31.875
34.375
34.375
28.75
31.25
26.875
27.5
29.375
31.25
30
32.5
34.375
34.375
36.875
31.875
34.375
33.75
36.875
37.5
40
40.625
40
36.875
40
39.375
39.375
36.25
38.125
37.5
38.125
36.25
35
36.25
36.25
35
32.5
30.625
32.5
26.25
25
20.625
17.5
18.125
11.875
11.25
8.75
7.5
9.375
6.25
4.375
4.375
3.75
3.75
2.5
1.875
0.625
0.625
0.625
0.625
0.625
1.25
0.625
1.875
1.875
1.875
3.125
3.75
3.125
3.75
4.375
5
5
5
5
2.5
2.5
3.125
3.125
1.875
0.625
3.75
3.75
3.125
3.75
3.125
3.125
4.375
3.75
3.125
4.375
6.25
5.625
5.625
5
5.625
5
4.375
4.375
5
2.5
2.5
1.875
1.25
1.25
0
0.625
1.25
1.875
1.875
3.125
3.125
7.5
8.125
7.5
8.125
10
10
10
8.125
9.375
10
10.625
6.875
6.875
7.5
6.875
6.875
6.25
5
5
5
5.625
6.25
6.875
6.25
6.25
7.5
5.625
5.625
6.875
6.25
6.875
6.25
5
4.375
4.375
3.75
2.5
1.25
0.625
1.25
0.625
0
1.25
1.25
3.125
3.125
4.375
4.375
5
6.25
6.875
8.125
7.5
7.5
7.5
9.375
8.125
7.5
10
10
9.375
9.375
9.375
8.125
8.75
6.875
9.375
8.125
5.625
5.625
5
5.625
4.375
4.375
6.875
6.875
9.375
12.5
10
7.5
8.75
11.875
10
12.5
13.75
8.125
13.125
10.625
10.625
7.5
5.625
4.375
4.375
4.375
3.75
1.25
1.25
1.875
5
4.375
4.375
10
11.25
10
11.25
13.75
15
14.375
16.875
15.625
4.375
4.375
2.5
5
7.5
7.5
6.875
6.875
10
10.625
11.25
11.875
13.125
12.5
11.25
8.75
9.375
9.375
9.375
8.125
7.5
9.375
8.75
8.75
10
9.375
10.625
11.875
11.875
9.375
3.75
5
8.125
7.5
4.375
6.875
3.75
4.375
4.375
7.5
5.625
8.75
8.75
18.125
20.625
12.5
14.375
13.75
0.625
0
0
1.875
3.125
2.5
7.5
3.75
6.875
8.125
4.375
6.25
4.375
8.125
16.25
8.75
13.75
20.625
2.5
1.875
1.25
1.25
0
1.875
5
5.625
11.25
6.25
13.75
17.5
15.625
16.25
19.375
19.375
22.5
25.625
14.375
20.625
20
9.375
10
13.75
13.75
21.875
29.375
25.625
29.375
33.75
28.125
33.125
30.625
30
26.25
26.875
16.875
20.625
20.625
3.125
3.125
2.5
3.125
6.25
7.5
8.75
8.75
8.75
6.875
8.75
8.75
11.875
12.5
12.5
8.75
7.5
4.375
5
5
6.25
4.375
6.25
6.25
8.125
11.875
13.125
15
20
21.875
24.375
23.125
22.5
20
17.5
16.875
6.875
5.625
5
3.125
3.125
3.125
7.5
6.25
6.875
14.375
16.875
23.75
26.875
30
34.375
29.375
28.125
31.25
31.875
33.75
30
12.5
10.625
7.5
8.125
14.375
16.25
21.25
28.125
32.5
32.5
33.125
33.125
29.375
28.75
29.375
30
31.25
33.125
30
26.875
29.375
27.5
29.375
28.125
30
31.25
30
28.75
28.125
27.5
27.5
24.375
24.375
22.5
20
17.5
16.25
12.5
10
9.375
7.5
6.25
6.875
6.25
5.625
3.125
1.25
0.625
1.875
2.5
1.875
3.75
4.375
3.125
6.25
6.25
5.625
6.25
6.25
5.625
5.625
6.25
6.25
5
6.25
6.875
7.5
7.5
7.5
8.125
7.5
8.125
6.25
6.875
5
7.5
10.625
13.125
14.375
18.125
16.25
16.875
13.75
13.75
18.125
14.375
18.125
13.75
16.25
14.375
9.375
9.375
8.75
7.5
6.875
7.5
6.25
3.125
1.875
5.625
1.875
3.125
6.25
7.5
6.875
5.625
3.125
3.125
3.125
5
4.375
6.25
5.625
6.875
11.875
12.5
11.875
13.125
13.125
15.625
13.75
16.875
13.125
31.25
28.75
28.75
11.875
16.875
16.875
14.375
20.625
19.375
24.375
28.125
24.375
25.625
21.25
20
18.75
14.375
15.625
10.625
11.875
10.625
11.875
9.375
13.125
11.25
11.875
15.625
16.875
16.875
25
25
21.875
18.125
16.25
18.75
14.375
12.5
15
18.75
21.875
25.625
28.75
34.375
36.875
36.875
35
38.75
35.625
30.625
30
33.75
34.375
33.75
40
45
50.625
57.5
61.25
63.75
64.375
65
63.125
62.5
61.875
61.875
61.25
62.5
60
59.375
60
59.375
61.875
61.25
61.25
61.25
59.375
56.25
55.625
58.125
56.875
53.125
51.25
48.75
46.25
48.75
47.5
45.625
43.75
42.5
43.125
42.5
40
37.5
36.25
41.875
39.375
43.125
40.625
36.875
41.875
37.5
38.125
36.875
38.125
38.125
35
35.625
34.375
34.375
35.625
36.25
35
37.5
37.5
36.875
35.625
38.125
33.125
31.875
35.625
35.625
32.5
34.375
34.375
35.625
35.625
33.125
32.5
31.875
28.125
27.5
28.75
25.625
23.125
22.5
23.75
21.875
21.875
21.875
20
19.375
19.375
19.375
20
17.5
17.5
17.5
14.375
12.5
13.125
13.125
13.125
12.5
13.75
14.375
13.125
14.375
13.125
14.375
13.75
13.125
13.75
12.5
14.375
14.375
13.125
14.375
15.625
14.375
12.5
16.875
16.25
15.625
17.5
20
20.625
19.375
19.375
21.25
25
15.625
15
13.125
16.25
15.625
16.25
14.375
15
16.25
13.125
13.75
13.75
15
13.75
13.125
14.375
13.125
12.5
14.375
13.75
15.625
10.625
13.125
15
6.25
3.75
2.5
3.125
5
5.625
3.75
4.375
2.5
3.75
3.75
4.375
6.25
8.125
8.75
10
11.25
11.875
11.25
15
13.75
16.875
18.75
18.125
18.75
20
18.75
21.25
22.5
21.25
21.25
23.75
23.75
20
26.25
25.625
29.375
28.125
29.375
19.375
25.625
25
17.5
26.25
24.375
12.5
7.5
11.25
8.125
8.125
6.25
5.625
6.25
5.625
3.75
3.125
3.125
3.75
3.75
3.125
6.875
8.75
8.125
8.75
7.5
7.5
8.125
9.375
8.75
6.25
6.25
6.875
6.25
5.625
6.25
5.625
5
5.625
5.625
3.125
3.125
3.125
2.5
3.75
4.375
5.625
8.125
9.375
12.5
15
10
8.125
7.5
11.875
10
10
11.25
9.375
8.125
7.5
8.75
10.625
11.25
16.25
21.25
24.375
20.625
21.25
18.75
21.875
19.375
17.5
15.625
14.375
10.625
6.25
4.375
6.25
7.5
10
13.125
11.875
14.375
11.875
8.75
7.5
10.625
10
13.75
13.125
14.375
14.375
10
10
5.625
5
10
11.875
13.125
13.75
12.5
18.75
16.25
15.625
15.625
17.5
11.875
10
9.375
8.75
8.75
8.125
8.125
13.125
11.875
11.875
11.875
13.125
13.75
23.75
28.125
26.875
30
23.125
20.625
11.875
15
13.125
11.25
12.5
12.5
10.625
13.125
14.375
18.125
17.5
20
24.375
25.625
25.625
27.5
28.125
29.375
29.375
28.125
30
27.5
26.875
28.125
25
25
21.25
18.75
20
20
16.875
16.25
17.5
10
13.125
11.25
6.875
5
3.125
5.625
6.25
8.75
10
10.625
15
18.125
23.125
25
31.875
30.625
28.125
38.75
38.75
38.75
23.125
36.25
31.25
16.875
13.75
10.625
5
3.125
3.75
5.625
3.125
3.75
3.75
4.375
6.25
1.25
0
4.375
1.875
3.125
3.75
5
7.5
3.125
3.125
5.625
4.375
4.375
3.125
6.25
10
6.25
4.375
10.625
5
6.875
6.875
4.375
3.75
3.125
2.5
5.625
8.125
9.375
11.25
17.5
10
9.375
10
10
7.5
7.5
6.25
8.125
8.75
13.125
15.625
15
20
14.375
11.25
11.875
7.5
7.5
5
6.25
7.5
11.25
8.125
6.25
9.375
10
5
4.375
5
6.25
4.375
3.75
3.75
3.125
3.75
3.75
3.75
5.625
8.75
8.75
6.875
9.375
7.5
7.5
6.875
5.625
6.25
8.75
8.75
7.5
7.5
10.625
12.5
11.875
11.875
13.75
16.25
15
13.125
11.875
11.875
16.875
14.375
18.125
19.375
18.75
17.5
23.125
18.75
19.375
18.75
16.875
15
15.625
16.25
18.125
19.375
25
23.125
25
23.75
23.75
21.25
20.625
20
17.5
21.25
21.875
23.125
23.125
28.75
29.375
23.75
23.125
20.625
23.125
25
29.375
28.125
27.5
28.125
30.625
25.625
23.75
26.25
33.75
28.75
26.25
30
27.5
27.5
24.375
20.625
21.25
26.875
30.625
32.5
33.75
37.5
41.25
40.625
40.625
40
36.875
37.5
45
45
48.75
45
40.625
36.875
24.375
26.875
30
37.5
41.875
42.5
38.125
35
32.5
28.125
30
29.375
30.625
33.75
37.5
40.625
36.875
37.5
35.625
32.5
33.75
35.625
36.875
36.875
28.125
25
21.875
18.125
17.5
15.625
20.625
23.125
24.375
25
23.75
25.625
24.375
25.625
25.625
13.125
10.625
8.125
8.75
7.5
6.875
8.75
5
5.625
10
6.25
7.5
6.875
8.125
12.5
10.625
14.375
14.375
5.625
5.625
6.25
9.375
5.625
8.125
6.875
5.625
6.875
10
13.125
11.875
5.625
5
10
6.25
10.625
12.5
15.625
18.125
20
18.125
16.875
17.5
14.375
12.5
16.25
13.75
16.25
24.375
25.625
31.25
33.125
28.125
31.25
30.625
26.875
22.5
18.125
15.625
22.5
21.875
28.125
33.125
38.125
31.875
32.5
28.75
20.625
27.5
28.75
28.125
25
25
13.75
14.375
14.375
14.375
11.25
11.875
14.375
12.5
13.75
13.75
10.625
14.375
8.125
10.625
8.125
8.75
8.125
7.5
10
13.75
16.875
15
18.75
20.625
11.25
13.125
13.75
15.625
17.5
17.5
11.25
10
11.875
14.375
15
18.75
11.875
13.75
11.875
13.75
13.125
16.25
15
13.75
16.875
18.75
19.375
21.25
14.375
11.875
13.125
11.875
13.75
16.875
15.625
16.25
17.5
16.25
15
11.25
7.5
8.75
6.25
8.125
7.5
5
8.75
8.125
6.25
7.5
6.875
7.5
9.375
9.375
8.125
10.625
10
5.625
2.5
1.25
1.875
1.875
1.25
1.875
4.375
3.125
3.125
3.75
5
4.375
6.25
7.5
5.625
6.875
4.375
0.625
0.625
1.25
1.25
0.625
0.625
3.125
5
6.875
8.125
8.125
6.875
6.875
6.875
11.875
10
10.625
10
18.125
19.375
17.5
19.375
15
15.625
13.75
14.375
13.75
10
21.875
16.875
13.75
13.75
10
14.375
15
16.875
16.25
23.75
25
28.75
23.75
23.125
23.75
23.75
28.75
26.875
29.375
32.5
31.875
37.5
36.25
38.75
42.5
38.75
43.125
41.875
40
40.625
40
38.125
36.875
20.625
21.25
21.25
13.75
15.625
17.5
18.125
15.625
15
14.375
15
13.75
8.125
6.875
6.875
7.5
8.75
11.25
9.375
8.75
8.75
10.625
9.375
11.25
10.625
11.25
10.625
12.5
9.375
5
5.625
3.125
3.125
2.5
0.625
1.25
2.5
2.5
1.875
4.375
6.25
8.75
8.75
10
10.625
9.375
11.25
13.125
14.375
16.875
18.125
17.5
18.125
20.625
20
20
20
22.5
22.5
24.375
27.5
26.25
25.625
26.25
23.75
23.75
27.5
25.625
28.125
31.875
33.125
32.5
29.375
30.625
30.625
32.5
31.875
32.5
34.375
33.125
29.375
28.75
26.25
26.25
25
23.125
23.75
24.375
25
25.625
26.875
25.625
26.875
23.75
23.125
23.125
21.25
21.25
21.875
16.875
18.125
18.75
17.5
18.125
16.875
16.25
15.625
14.375
16.25
15.625
15.625
16.25
16.25
14.375
11.875
11.25
11.25
11.25
12.5
16.25
17.5
12.5
13.125
16.25
13.75
13.125
17.5
15
16.25
16.25
13.75
14.375
13.125
10.625
12.5
9.375
10.625
10.625
10
12.5
16.25
8.75
8.75
13.75
11.875
8.75
7.5
10
10
8.125
8.125
8.125
4.375
5
6.25
7.5
4.375
4.375
2.5
4.375
3.75
3.75
6.25
5
6.25
8.125
7.5
6.875
11.25
9.375
10.625
14.375
18.75
15
23.75
27.5
31.25
38.75
41.875
45
45.625
43.125
46.875
45
41.25
39.375
37.5
38.125
36.25
38.125
38.75
40
42.5
36.25
40.625
45.625
46.875
47.5
43.125
43.75
42.5
47.5
44.375
43.75
41.875
35
31.25
30
23.75
25.625
30.625
31.25
28.125
27.5
26.875
30.625
31.25
33.125
33.125
32.5
33.125
31.25
30
28.75
28.75
26.25
27.5
27.5
27.5
25.625
24.375
25
25.625
25.625
26.25
25
26.25
21.25
20.625
21.25
23.75
20.625
18.75
18.125
17.5
17.5
16.25
15
14.375
16.25
16.25
16.25
16.875
15
15
15.625
16.25
16.25
18.125
16.875
13.75
14.375
13.125
12.5
15
15
14.375
15
15.625
16.25
15
15
15.625
16.25
16.25
15.625
16.25
15.625
15.625
15
13.75
14.375
15
17.5
15.625
16.25
17.5
14.375
11.875
13.125
12.5
10
13.125
13.125
9.375
12.5
13.75
13.125
13.75
13.75
13.125
10.625
6.875
6.25
6.25
6.25
6.25
6.25
6.25
4.375
6.25
6.25
3.75
3.75
4.375
6.25
6.25
6.25
3.75
6.25
6.25
6.25
6.25
6.25
3.75
5.625
5
6.25
6.25
6.25
3.125
3.125
3.75