-1.17522
-1.1442
-1.14268
-1.20348
-1.19351
-1.17874
-1.14631
-1.09502
-1.05256
-1.02952
-1.01587
-1.15852
-1.09673
-1.12961
-1.09982
-1.08352
-1.10351
-1.12275
-1.11595
-1.17481
-1.21557
-1.27471
-1.32923
-1.26538
-1.23149
-1.18234
-1.2357
-1.22778
-1.16468
-1.17444
-1.2074
-1.23004
-1.20732
-1.23673
-1.25433
-1.3115
-1.31751
-1.28073
-1.28219
-1.2247
-1.25264
-1.25135
-1.25202
-1.26357
-1.2306
-1.22005
-1.21904
-1.208
-1.16674
-1.12657
-1.07045
-1.01669
-1.00339
-0.968555
-0.892319
-0.879268
-0.849494
-0.83394
-0.854264
-0.839617
-0.873369
-0.90296
-0.940106
-0.958486
-0.976269
-1.10799
-1.10845
-1.11975
-1.09957
-1.11109
-1.094
-1.1051
-1.06259
-1.0504
-1.03675
-1.03367
-1.01207
-1.05487
-1.05716
-1.07287
-1.0939
-1.10749
-1.10105
-1.12412
-1.166
-1.1912
-1.22817
-1.25535
-1.27967
-1.27863
-1.27031
-1.31459
-1.36706
-1.35677
-1.36674
-1.3214
-1.28716
-1.24515
-1.23489
-1.25117
-1.30241
-1.33773
-1.41848
-1.41079
-1.43532
-1.43154
-1.45683
-1.43619
-1.51084
-1.52418
-1.53709
-1.52015
-1.46861
-1.47526
-1.43477
-1.32886
-1.32553
-1.40443
-1.52804
-1.55089
-1.56115
-1.51506
-1.54156
-1.59458
-1.67811
-1.63113
-1.6554
-1.68924
-1.68857
-1.60054
-1.58602
-1.60528
-1.49093
-1.53067
-1.54079
-1.57846
-1.55114
-1.53501
-1.45701
-1.32011
-1.25049
-1.16686
-1.22151
-1.23363
-1.17845
-1.136
-1.1675
-1.40987
-1.19015
-1.23331
-1.29268
-1.36334
-1.4675
-1.36764
-1.36762
-1.33265
-1.30922
-1.30498
-1.38649
-1.42069
-1.47278
-1.53378
-1.5433
-1.53196
-1.58027
-1.63019
-1.71796
-1.79436
-1.71881
-1.50125
-1.55468
-1.30869
-1.37699
-1.21195
-1.36357
-1.46457
-1.62402
-1.85221
-1.7754
-1.83934
-1.83659
-1.78759
-1.71798
-1.76787
-1.758
-1.57655
-1.45467
-1.45996
-1.41279
-1.28197
-1.27894
-1.31116
-1.32165
-1.37027
-1.29474
-1.20942
-1.15408
-1.09443
-1.04336
-1.0244
-1.0357
-1.04037
-0.969192
-1.10024
-1.10017
-1.10059
-1.16616
-1.19035
-1.20481
-1.25719
-1.25865
-1.31706
-1.42609
-1.46847
-1.46412
-1.35533
-1.23334
-1.11698
-1.0856
-1.15542
-1.17557
-1.25331
-1.38404
-1.37265
-1.33983
-1.29147
-1.25493
-1.23076
-1.21782
-1.25522
-1.29987
-1.29641
-1.29427
-1.32829
-1.25106
-1.24263
-1.21198
-1.27942
-1.25731
-1.2787
-1.29578
-1.31896
-1.34771
-1.3353
-1.27805
-1.23256
-1.17817
-1.19585
-1.21418
-1.19354
-1.24499
-1.30125
-1.30184
-1.24222
-1.23304
-1.27256
-1.24538
-1.27977
-1.281
-1.31821
-1.35126
-1.35463
-1.38321
-1.3814
-1.3972
-1.42276
-1.44233
-1.48165
-1.57618
-1.628
-1.68668
-1.73623
-1.76387
-1.83185
-1.9521
-2.06421
-2.13702
-2.32016
-2.50743
-2.38477
-2.40876
-2.37741
-2.32137
-2.35264
-2.40418
-2.45777
-2.49321
-2.48505
-2.42181
-2.25721
-1.89206
-1.84173
-1.70209
-1.5843
-1.53159
-1.4187
-1.34064
-1.28984
-1.21486
-1.14486
-1.04804
-0.998331
-0.940809
-0.966602
-0.885466
-0.870456
-0.857586
-0.842918
-0.856843
-0.712911
-0.682451
-0.670055
-0.675268
-0.627514
-0.657052
-0.692235
-0.734509
-0.836527
-0.837457
-0.909774
-0.928678
-0.981648
-0.981518
-0.993795
-0.993281
-0.88744
-0.884936
-0.873353
-0.842441
-0.777576
-0.738749
-0.729039
-0.733779
-0.794171
-0.851623
-0.854624
-0.922297
-0.944703
-0.918016
-0.833101
-0.789006
-0.779971
-0.739562
-0.668327
-0.570411
-0.540381
-0.503894
-0.508957
-0.526998
-0.531805
-0.580135
-0.626147
-0.648912
-0.611988
-0.614801
-0.682457
-0.753729
-0.819708
-0.810037
-0.756467
-0.801123
-0.860213
-0.898476
-0.83506
-0.776367
-0.684088
-0.696277
-0.721601
-0.798013
-0.855759
-0.964766
-1.00746
-0.947618
-0.976258
-1.02933
-1.05783
-0.990626
-0.953815
-0.990077
-1.02109
-1.02794
-1.04261
-1.08676
-1.14246
-1.18155
-1.24577
-1.34492
-1.36007
-1.2716
-1.34794
-1.38769
-1.40255
-1.45704
-1.45697
-1.34761
-1.26992
-1.25025
-1.24085
-1.30077
-1.32353
-1.3023
-1.22115
-1.25424
-1.26613
-1.33206
-1.44601
-1.54466
-1.4609
-1.46177
-1.48819
-1.51379
-1.65217
-1.50442
-1.40102
-1.45426
-1.43564
-1.36573
-1.45165
-1.4175
-1.34144
-1.29955
-1.27074
-1.17564
-1.08867
-1.1105
-1.18273
-1.23446
-1.30845
-1.28101
-1.31059
-1.40052
-1.41858
-1.33882
-1.32922
-1.31547
-1.35906
-1.39527
-1.4066
-1.42
-1.42832
-1.35286
-1.29171
-1.28916
-1.30263
-1.32768
-1.3342
-1.27615
-1.22074
-1.27545
-1.40078
-1.26875
-1.20526
-1.22671
-1.20419
-1.23793
-1.30243
-1.24709
-1.24206
-1.28627
-1.35043
-1.39726
-1.38206
-1.41182
-1.35582
-1.32752
-1.39559
-1.45331
-1.48127
-1.41409
-1.38195
-1.42697
-1.44673
-1.49867
-1.42585
-1.27478
-1.16224
-1.16954
-1.11523
-1.16897
-1.1259
-1.21442
-1.17123
-1.17146
-1.14597
-1.15568
-1.2106
-1.39437
-1.37207
-1.23084
-1.17907
-1.23946
-1.27716
-1.34764
-1.26459
-1.26923
-1.16091
-1.11708
-1.1306
-1.1773
-1.22788
-1.25231
-1.20591
-1.22467
-1.23628
-1.31313
-1.24294
-1.12582
-1.07177
-1.05385
-0.970472
-0.935643
-0.906728
-0.904135
-0.897051
-0.952771
-0.978273
-0.969101
-0.853317
-0.8124
-0.837924
-0.844588
-0.805497
-0.785639
-0.743308
-0.638724
-0.606306
-0.603738
-0.56246
-0.516474
-0.511816
-0.50404
-0.500435
-0.598943
-1.08764
-1.1669
-1.13316
-1.063
-1.05036
-0.863127
-0.999491
-0.599603
-0.90964
-1.14594
-1.0801
-1.15048
-1.17485
-1.18057
-1.24407
-1.31642
-1.1872
-1.09483
-1.02268
-0.865316
-0.735937
-0.748664
-0.78893
-0.797485
-0.814219
-0.826864
-0.840369
-0.863953
-0.901728
-0.959308
-0.995962
-1.01718
-0.97933
-0.94448
-0.961443
-1.03354
-1.07572
-1.10131
-1.13569
-1.14859
-1.16559
-1.19735
-1.20309
-1.21445
-1.20854
-1.2183
-1.22631
-1.24016
-1.28257
-1.21028
-1.18609
-1.21352
-1.24443
-1.20885
-1.27583
-1.36512
-1.36139
-1.3304
-1.29079
-1.25129
-1.22627
-1.19281
-1.21545
-1.17918
-1.18842
-1.20991
-1.24391
-1.29964
-1.34091
-1.31545
-1.34998
-1.39903
-1.44639
-1.43529
-1.33801
-1.18678
-1.14822
-1.12388
-1.13004
-1.09183
-1.11414
-1.11047
-1.06336
-1.13713
-1.13669
-0.990496
-0.979732
-1.01573
-1.04293
-1.12826
-1.12968
-1.18878
-1.29271
-1.31705
-1.35957
-1.28726
-1.23954
-1.28739
-1.29646
-1.235
-1.16805
-1.11254
-1.18944
-1.26121
-1.29701
-1.31229
-1.37087
-1.3323
-1.39034
-1.499
-1.6224
-1.61858
-1.59939
-1.63568
-1.57227
-1.51039
-1.4531
-1.52261
-1.30245
-1.20987
-1.2005
-1.20742
-1.2058
-1.16022
-1.20958
-1.32592
-1.49927
-1.41538
-1.49604
-1.51812
-1.58813
-1.4917
-1.33275
-1.24655
-1.18864
-1.12336
-1.04986
-1.06823
-1.06001
-1.11535
-1.17275
-1.29907
-1.39465
-1.47472
-1.41713
-1.37081
-1.25093
-1.11796
-1.14957
-1.08039
-1.01834
-0.920271
-0.933305
-0.965433
-1.02204
-1.20837
-1.28941
-1.25839
-1.15267
-1.18864
-1.20211
-1.23592
-1.16803
-1.07875
-1.18907
-1.20504
-1.25079
-1.21069
-1.19981
-1.29747
-1.30814
-1.31641
-1.30668
-1.32741
-1.36382
-1.35412
-1.30219
-1.23797
-1.0788
-1.01949
-0.944046
-0.848029
-0.90108
-0.851237
-0.835389
-0.879485
-0.944035
-0.97622
-0.967614
-0.935845
-0.930423
-0.861264
-0.868346
-0.825639
-0.809785
-0.820831
-0.918538
-0.917306
-1.03516
-1.04361
-1.04467
-1.12153
-1.19242
-1.28102
-1.19054
-1.17384
-1.11029
-1.02606
-0.960013
-0.936063
-0.902385
-0.909961
-0.893132
-0.877298
-0.930784
-0.977754
-1.03735
-1.09326
-1.07073
-1.15527
-1.1229
-1.15728
-1.18089
-1.127
-1.17914
-1.28923
-1.41519
-1.39858
-1.50099
-1.42212
-1.4443
-1.44603
-1.44169
-1.42401
-1.36434
-1.44373
-1.5182
-1.57731
-1.56306
-1.58075
-1.54776
-1.56338
-1.48063
-1.5105
-1.45099
-1.46195
-1.46466
-1.4084
-1.31408
-1.40034
-1.56957
-1.67723
-1.67588
-1.67351
-1.73771
-1.84798
-1.92986
-1.98725
-2.0764
-2.08917
-2.07081
-2.02419
-1.99561
-1.98753
-1.96316
-1.87377
-1.8228
-1.90922
-1.93784
-2.02446
-1.98907
-1.96928
-1.98016
-1.96643
-1.95426
-1.95818
-1.9397
-1.95968
-1.92698
-1.95383
-1.9779
-1.92382
-1.88745
-1.72394
-1.66177
-1.6797
-1.61195
-1.58476
-1.56534
-1.45153
-1.50128
-1.66989
-1.58311
-1.75025
-1.65985
-1.42503
-1.46209
-1.42872
-1.37517
-1.37007
-1.36205
-1.27877
-1.31346
-1.38046
-1.48862
-1.55359
-1.73753
-1.68793
-1.64776
-1.62164
-1.4038
-1.22612
-1.22076
-1.24438
-1.28678
-1.31472
-1.27405
-1.30319
-1.30991
-1.29847
-1.18993
-1.2855
-1.26671
-1.31113
-1.54612
-1.15808
-1.31939
-1.43852
-1.2708
-1.29065
-1.21571
-1.11802
-1.16208
-1.2138
-1.17108
-1.1899
-1.25568
-1.14588
-1.08892
-1.03031
-1.08242
-1.07601
-1.10845
-1.10109
-1.1219
-1.21535
-1.28767
-1.27268
-1.29136
-1.38737
-1.42208
-1.47736
-1.30619
-1.25847
-1.18785
-1.03917
-0.90217
-0.97629
-0.895778
-0.911937
-0.970095
-1.02968
-1.11942
-1.17899
-1.25755
-1.36471
-1.38829
-1.44276
-1.44243
-1.47381
-1.45183
-1.52255
-1.57322
-1.66201
-1.61583
-1.66458
-1.6233
-1.61815
-1.66244
-1.54754
-1.42258
-1.39586
-1.45081
-1.51556
-1.50619
-1.49592
-1.56157
-1.52732
-1.45394
-1.50269
-1.51327
-1.37736
-1.37516
-1.35964
-1.32745
-1.27588
-1.30467
-1.33193
-1.36207
-1.37037
-1.32459
-1.32641
-1.39167
-1.40282
-1.37915
-1.35159
-1.37399
-1.41492
-1.45578
-1.55522
-1.5909
-1.61188
-1.61548
-1.65475
-1.68433
-1.68385
-1.68388
-1.68684
-1.70445
-1.72475
-1.75546
-1.76472
-1.77331
-1.7812
-1.7873
-1.78079
-1.78213
-1.79505
-1.79402
-1.79397
-1.78248
-1.78845
-1.79291
-1.78851
-1.79549
-1.80523
-1.81186
-1.81145
-1.82268
-1.83287
-1.84676
-1.85567
-1.8174
-1.80513
-1.81353
-1.80047
-1.79274
-1.75689
-1.76486
-1.7789
-1.76497
-1.69511
-1.68962
-1.67021
-1.59851
-1.57778
-1.56356
-1.51071
-1.53006
-1.58313
-1.54416
-1.53327
-1.48912
-1.41366
-1.34298
-1.28816
-1.33123
-1.31717
-1.38352
-1.4697
-1.51665
-1.49079
-1.47196
-1.55102
-1.65922
-1.62545
-1.62779
-1.5583
-1.41953
-1.24941
-1.21891
-1.18623
-1.14681
-1.16298
-1.13594
-1.20242
-1.29345
-1.35799
-1.37242
-1.48139
-1.48762
-1.54553
-1.49592
-1.48805
-1.41856
-1.4475
-1.48787
-1.50099
-1.48328
-1.42921
-1.38862
-1.49551
-1.47669
-1.46295
-1.49117
-1.47063
-1.58371
-1.67451
-1.66582
-1.6015
-1.53537
-1.55937
-1.54672
-1.46662
-1.36093
-1.3621
-1.32741
-1.37323
-1.45364
-1.37541
-1.21059
-1.14367
-1.19084
-1.28923
-1.29053
-1.27934
-1.30717
-1.32197
-1.38415
-1.39728
-1.42664
-1.4692
-1.44392
-1.45964
-1.35336
-1.41664
-1.31064
-1.29279
-1.32156
-1.35002
-1.30931
-1.38521
-1.3341
-1.37693
-1.47955
-1.56777
-1.6601
-1.82672
-1.8298
-1.57339
-1.4573
-1.37257
-1.38954
-1.46676
-1.45053
-1.44295
-1.40933
-1.38343
-1.36316
-1.26662
-1.20423
-1.077
-1.12364
-1.24874
-1.34486
-1.44647
-1.52516
-1.4125
-1.30042
-1.23889
-1.18069
-1.16331
-1.16183
-1.41254
-1.4467
-1.4522
-1.46852
-1.50018
-1.58747
-1.5269
-1.64554
-1.69078
-1.75254
-1.62417
-1.6273
-1.69474
-1.43841
-1.3979
-1.33845
-1.33695
-1.34497
-1.42528
-1.49381
-1.60198
-1.65623
-1.74654
-1.68984
-1.70059
-1.71067
-1.68637
-1.55621
-1.55177
-1.4351
-1.30908
-1.32619
-1.4814
-1.49359
-1.49871
-1.51401
-1.6517
-1.73537
-1.77071
-1.79005
-1.88209
-1.7859
-1.85964
-1.87399
-1.87282
-1.99777
-1.8326
-1.81269
-1.83166
-1.93262
-2.08212
-2.19489
-2.33009
-2.15447
-2.14081
-2.11944
-2.12385
-2.08807
-2.09737
-2.04739
-2.10196
-1.99602
-1.75731
-1.67302
-1.76562
-1.82643
-1.81427
-1.7722
-1.78905
-1.8295
-1.79954
-1.71396
-1.62864
-1.61853
-1.58075
-1.58044
-1.54957
-1.48011
-1.45649
-1.42184
-1.3479
-1.29674
-1.15677
-1.10431
-1.0699
-1.15061
-1.25643
-1.28877
-1.28721
-1.2343
-1.2637
-1.38977
-1.37634
-1.3678
-1.48433
-1.54576
-1.43413
-1.43709
-1.42715
-1.37319
-1.32797
-1.29305
-1.29866
-1.34569
-1.3496
-1.53941
-1.54932
-1.518
-1.38703
-1.2976
-1.19548
-1.16451
-1.2012
-1.21367
-1.19992
-1.24767
-1.20985
-1.10166
-1.00318
-0.986689
-0.917244
-0.896415
-0.979589
-1.09159
-1.18751
-1.21174
-1.29528
-1.36606
-1.40422
-1.44417
-1.45215
-1.41373
-1.43549
-1.49811
-1.4636
-1.34864
-1.27914
-1.27961
-1.26521
-1.19996
-1.20269
-1.23396
-1.23387
-1.28064
-1.34962
-1.47191
-1.55371
-1.54313
-1.51212
-1.54162
-1.60732
-1.69973
-1.80554
-1.84547
-1.80613
-1.88608
-1.81961
-1.81499
-1.76427
-1.65577
-1.56605
-1.59921
-1.64476
-1.56136
-1.48326
-1.48814
-1.54319
-1.69971
-1.72905
-1.59917
-1.50186
-1.54605
-1.60603
-1.69118
-1.65645
-1.5353
-1.48448
-1.31679
-1.39906
-1.4048
-1.3368
-1.31806
-1.4086
-1.33552
-1.24006
-1.12677
-1.18115
-1.22045
-1.21233
-1.35816
-1.37688
-1.47636
-1.58708
-1.55187
-1.51471
-1.50838
-1.48819
-1.56044
-1.62114
-1.57818
-1.51669
-1.43841
-1.44809
-1.49698
-1.52414
-1.59589
-1.661
-1.69134
-1.73391
-1.79485
-1.79842
-1.80217
-1.79415
-1.73792
-1.70541
-1.63052
-1.55608
-1.48817
-1.36133
-1.37306
-1.33898
-1.17481
-1.20637
-1.19164
-1.25962
-1.33875
-1.42285
-1.5705
-1.68719
-1.64066
-1.70522
-1.61448
-1.38623
-1.15921
-1.15527
-1.12833
-1.18803
-1.09801
-1.04992
-1.13604
-1.20445
-1.3226
-1.37576
-1.44595
-1.51666
-1.55405
-1.44325
-1.43074
-1.32527
-1.21924
-1.28155
-1.34378
-1.43379
-1.55924
-1.62891
-1.61728
-1.6581
-1.66576
-1.57992
-1.55925
-1.44266
-1.46914
-1.43512
-1.50659
-1.64153
-1.65294
-1.56288
-1.64634
-1.6227
-1.49493
-1.44982
-1.3116
-1.04987
-1.07989
-1.11813
-1.10409
-1.08315
-1.21947
-1.24472
-1.4309
-1.44111
-1.61929
-1.61082
-1.70965
-1.71317
-1.76095
-1.58921
-1.52547
-1.48317
-1.53566
-1.57899
-1.62139
-1.40579
-1.31534
-1.3989
-1.39816
-1.45035
-1.52432
-1.5421
-1.55333
-1.58703
-1.66426
-1.72386
-1.6534
-1.70525
-1.76582
-1.72468
-1.8131
-1.921
-1.87252
-1.72223
-1.73086
-1.74913
-1.75393
-1.73541
-1.72955
-1.76649
-1.68663
-1.80762
-1.76315
-1.73401
-1.62819
-1.60747
-1.62248
-1.6737
-1.50941
-1.80986
-1.86637
-1.8068
-1.73814
-1.70636
-1.60948
-1.58173
-1.53497
-1.54045
-1.53605
-1.57288
-1.61353
-1.67473
-1.57346
-1.37849
-1.22087
-1.19401
-1.14982
-1.13261
-1.10019
-1.09932
-1.04532
-0.976424
-0.92823
-0.908497
-0.935373
-1.08135
-1.02484
-1.02351
-1.1228
-1.08921
-1.07248
-1.13459
-1.15831
-1.14957
-1.16979
-1.22686
-1.20687
-1.21136
-1.19354
-1.23554
-1.15144
-1.21989
-1.28405
-1.32073
-1.43928
-1.44304
-1.35592
-1.27058
-1.74208
-1.59881
-1.62962
-1.78601
-1.732
-1.5738
-1.37143
-1.36921
-1.43122
-1.46879
-1.5125
-1.50599
-1.49882
-1.36205
-1.17648
-1.26631
-1.22178
-1.36773
-1.5187
-1.42409
-1.40047
-1.40226
-1.35925
-1.36238
-1.43741
-1.2984
-1.09379
-1.08069
-1.09707
-1.14599
-1.49062
-1.62858
-1.50504
-1.52826
-1.51916
-1.46827
-1.56253
-1.64305
-1.63038
-1.70505
-1.57369
-1.5388
-1.5107
-1.54561
-1.58378
-1.56799
-1.55072
-1.57331
-1.61098
-1.5402
-1.61839
-1.63581
-1.54359
-1.46884
-1.43955
-1.49367
-1.6019
-1.59743
-1.23696
-1.29751
-1.39712
-1.43773
-1.47544
-1.70677
-1.75716
-1.61351
-1.99146
-2.07606
-1.98043
-1.86597
-2.04591
-2.10386
-1.98349
-1.86241
-1.81131
-1.71666
-1.64439
-1.75594
-1.60615
-1.45988
-1.48106
-1.72464
-1.76456
-1.76902
-1.63057
-1.64902
-1.59739
-1.55129
-1.50408
-1.59465
-1.54454
-1.44235
-1.28448
-1.26294
-1.21086
-1.23082
-1.37697
-1.36006
-1.24513
-1.27407
-1.28581
-1.32122
-1.32813
-1.33082
-1.34372
-1.36236
-1.3585
-1.36359
-1.35066
-1.35422
-1.36702
-1.35754
-1.36202
-1.35023
-1.30334
-1.23329
-1.16885
-1.15586
-1.14187
-1.11519
-1.10129
-1.09743
-1.10471
-1.08743
-1.10558
-1.1348
-1.17433
-1.17794
-1.16773
-1.12532
-1.09845
-1.06064
-1.03666
-1.03993
-1.02576
-0.993733
-1.0306
-1.0479
-1.02078
-0.927381
-0.900069
-0.902225
-0.792554
-0.747607
-0.740787
-0.782728
-0.828226
-0.881632
-0.861751
-0.907683
-0.980911
-0.979959
-0.862311
-0.813072
-0.772976
-0.688388
-0.625614
-0.541057
-0.519016
-0.5132
-0.506978
-0.499768
-0.51468
-0.575796
-0.603453
-0.59229
-0.560871
-0.628308
-0.660246
-0.704877
-0.744676
-0.704963
-0.625385
-0.667385
-0.74199
-0.848927
-0.877491
-0.810618
-0.723116
-0.697175
-0.719955
-0.752974
-0.811301
-0.934625
-1.00478
-1.10878
-1.13457
-1.1485
-1.1716
-1.14778
-1.07843
-0.956497
-0.97437
-0.991056
-1.01348
-1.05455
-1.00376
-1.06233
-1.12086
-1.14019
-1.15991
-1.26187
-1.30863
-1.31171
-1.31068
-1.31481
-1.33849
-1.30988
-1.43719
-1.46048
-1.26702
-1.22944
-1.23422
-1.19424
-1.21714
-1.29807
-1.32801
-1.28678
-1.1989
-1.21777
-1.22562
-1.33478
-1.43732
-1.5206
-1.37229
-1.43867
-1.42191
-1.53809
-1.6086
-1.46666
-1.41218
-1.44305
-1.37744
-1.35992
-1.42982
-1.40655
-1.33331
-1.29893
-1.23699
-1.191
-1.07631
-1.07835
-1.13961
-1.20723
-1.27468
-1.27161
-1.26788
-1.29873
-1.35941
-1.40015
-1.33735
-1.29954
-1.32069
-1.38839
-1.4207
-1.40843
-1.41763
-1.39396
-1.34072
-1.39378
-1.32827
-1.35147
-1.3361
-1.36122
-1.40262
-1.32245
-1.27543
-1.34502
-1.42408
-1.22785
-1.20656
-1.20974
-1.23768
-1.17674
-1.22974
-1.20455
-1.17018
-1.20327
-1.27764
-1.31677
-1.3858
-1.39049
-1.41208
-1.40827
-1.3075
-1.37174
-1.42594
-1.45056
-1.46188
-1.37328
-1.37738
-1.43818
-1.45859
-1.49064
-1.46773
-1.33653
-1.20317
-1.1577
-1.1595
-1.12594
-1.17497
-1.11921
-1.19563
-1.19532
-1.15748
-1.16481
-1.13193
-1.16574
-1.28365
-1.44913
-1.33039
-1.29516
-1.2332
-1.19235
-1.21552
-1.24116
-1.28128
-1.3405
-1.33314
-1.28056