-0.604169
-0.598101
-0.599218
-0.609469
-0.640588
-0.640143
-0.618513
-0.611256
-0.615854
-0.627123
-0.624757
-0.584075
-0.597429
-0.595533
-0.60461
-0.629603
-0.641031
-0.631715
-0.619983
-0.63757
-0.67295
-0.677376
-0.678063
-0.695184
-0.711148
-0.727046
-0.741871
-0.751954
-0.754963
-0.766483
-0.793583
-0.788392
-0.812417
-0.802583
-0.793356
-0.802232
-0.780412
-0.782839
-0.813497
-0.812442
-0.828238
-0.868826
-0.90553
-0.881022
-0.919824
-0.890462
-0.882533
-0.838486
-0.853274
-0.848829
-0.88223
-0.906604
-0.903289
-0.881941
-0.865876
-0.846119
-0.838926
-0.837653
-0.840253
-0.890833
-1.0679
-0.951177
-1.0418
-1.08969
-1.09557
-1.147
-1.1968
-1.27065
-1.24725
-1.22487
-1.22176
-1.26584
-1.34003
-1.38271
-1.41995
-1.4665
-1.47819
-1.47251
-1.42713
-1.38208
-1.35471
-1.38928
-1.39036
-1.41302
-1.44392
-1.50637
-1.45637
-1.45825
-1.48354
-1.38622
-1.31604
-1.425
-1.31658
-1.2455
-1.2184
-1.45882
-1.50758
-1.38907
-1.45557
-1.54284
-1.54758
-1.52349
-1.54201
-1.56651
-1.48109
-1.42139
-1.4213
-1.48248
-1.58514
-1.57437
-1.5144
-1.46244
-1.39845
-1.25492
-1.19828
-1.20212
-1.19431
-1.22269
-1.26488
-1.25204
-1.57485
-1.15192
-1.18253
-1.25992
-1.36186
-1.46553
-1.38238
-1.325
-1.32887
-1.39969
-1.48567
-1.45141
-1.34313
-1.26495
-1.22012
-1.1339
-1.06723
-1.03585
-1.0564
-1.11838
-1.10523
-1.06051
-1.29125
-1.40077
-1.44527
-1.6906
-1.42166
-1.40225
-1.41269
-1.30704
-1.31343
-1.26394
-1.26571
-1.23795
-1.24055
-1.73055
-1.81199
-1.95284
-1.71681
-1.92448
-1.90736
-1.40796
-1.66772
-1.78121
-1.50156
-1.52069
-1.4155
-1.4005
-1.36261
-1.18316
-1.05566
-0.969039
-0.901763
-0.848421
-0.832087
-0.852684
-0.808372
-0.808522
-0.731305
-1.03486
-1.23039
-1.1659
-1.24268
-1.22992
-1.36488
-1.33033
-1.87219
-1.96186
-1.89843
-1.83158
-2.23138
-2.05106
-2.21811
-2.21787
-2.56622
-2.37019
-2.43302
-2.72598
-2.37044
-2.46124
-2.35138
-2.31564
-2.33307
-2.40687
-2.28102
-2.19014
-2.07945
-1.97903
-1.81351
-1.55776
-1.34453
-1.41327
-1.51134
-1.558
-1.88574
-1.93133
-1.81057
-1.79732
-1.84848
-1.86365
-1.90048
-1.85781
-1.90749
-1.96464
-1.95943
-1.93772
-1.93028
-1.98775
-1.91486
-1.82805
-1.80771
-1.8654
-1.75408
-1.59033
-1.55989
-1.57414
-1.5824
-1.55342
-1.36855
-1.35456
-1.34573
-1.43075
-1.48776
-1.35704
-1.29186
-1.24958
-1.24581
-1.25714
-1.28543
-1.3589
-1.39733
-1.38125
-1.40702
-1.42278
-1.41175
-1.34137
-1.34359
-1.30365
-1.26182
-1.22687
-1.28833
-1.34449
-1.30184
-1.32294
-1.34537
-1.39283
-1.41087
-1.39505
-1.38597
-1.40936
-1.37566
-1.35693
-1.31861
-1.29644
-1.19597
-1.14342
-1.05964
-1.02208
-0.99282
-0.986483
-1.01046
-1.04459
-1.13851
-1.26741
-1.24723
-1.18783
-1.12721
-1.05077
-1.03518
-1.06326
-1.11113
-1.12329
-1.04569
-1.02512
-1.03823
-1.06087
-1.04088
-1.05856
-1.02853
-1.09813
-1.17581
-1.17459
-1.14413
-1.1529
-1.15922
-1.17857
-1.12652
-1.12867
-1.13102
-1.0464
-1.05035
-1.05245
-1.04251
-1.06747
-1.10922
-1.23757
-1.34969
-1.41198
-1.46499
-1.52324
-1.44193
-1.26566
-1.17937
-1.18867
-1.1376
-1.14395
-1.1565
-1.10095
-1.05799
-1.01963
-1.05494
-1.1346
-1.28682
-1.5891
-1.75483
-1.83436
-1.79261
-1.52751
-1.49374
-1.46705
-1.39385
-1.38125
-1.37165
-1.42863
-1.43767
-1.40599
-1.47164
-1.44919
-1.2909
-1.25458
-1.301
-1.33099
-1.36158
-1.39068
-1.44623
-1.45976
-1.56102
-1.62045
-1.67368
-1.74371
-1.70631
-1.64827
-1.63073
-1.6038
-1.64898
-1.58393
-1.52187
-1.49558
-1.47076
-1.33762
-1.17366
-1.1647
-1.1368
-1.16686
-1.28296
-1.21902
-1.16645
-1.48901
-1.60469
-1.57867
-1.57105
-1.56456
-1.53574
-1.55807
-1.6736
-1.89846
-1.89937
-1.84646
-1.7689
-1.72792
-1.67069
-1.47741
-1.43666
-1.47522
-1.45905
-1.45497
-1.45438
-1.37366
-1.31519
-1.30827
-1.31737
-1.39252
-1.47268
-1.54512
-1.49247
-1.39326
-1.343
-1.28953
-1.22614
-1.1532
-1.16064
-1.15988
-1.15227
-1.11701
-1.06948
-1.05357
-1.04136
-1.01807
-0.988479
-1.0069
-1.06094
-1.03292
-1.01016
-0.971907
-0.996703
-0.932458
-0.967511
-0.972325
-0.957237
-0.968446
-1.00604
-1.01331
-1.07618
-1.11852
-1.13086
-1.1775
-1.20845
-1.19792
-1.20228
-1.27905
-1.42714
-1.39911
-1.29864
-1.36166
-1.39975
-1.43713
-1.53365
-1.39346
-1.2644
-1.24522
-1.29571
-1.35846
-1.44839
-1.44195
-1.3523
-1.29122
-1.27855
-1.27023
-1.29706
-1.30372
-1.34545
-1.44128
-1.4464
-1.32065
-1.29079
-1.18709
-1.01361
-0.993535
-1.00547
-1.01252
-1.06284
-1.09817
-1.1046
-1.103
-1.07153
-1.12549
-1.08208
-1.12853
-1.08896
-0.995297
-0.917084
-0.85727
-0.818355
-0.880381
-1.00995
-1.16743
-1.17322
-1.08746
-1.01968
-1.06803
-1.16465
-1.3436
-1.51726
-1.51067
-1.56811
-1.63996
-1.32411
-1.33339
-1.48402
-1.32057
-1.30275
-0.924875
-0.740636
-0.741366
-0.724745
-0.770171
-0.754026
-0.76605
-0.832784
-0.925415
-1.04281
-1.15103
-1.0478
-0.997487
-0.991544
-1.03855
-1.13488
-1.20777
-1.24789
-1.38274
-1.39211
-1.38101
-1.36794
-1.34367
-1.36174
-1.31245
-1.26585
-1.23301
-1.279
-1.2406
-1.17533
-1.17978
-1.14242
-1.10187
-1.00377
-0.944036
-0.966743
-1.00129
-1.02187
-1.00714
-1.01773
-1.07801
-1.14572
-1.18286
-1.19772
-1.21295
-1.11171
-1.00948
-0.864438
-0.780258
-0.734377
-0.696018
-0.660572
-0.627336
-0.650779
-0.63736
-0.656706
-0.731348
-0.744894
-0.805926
-0.863211
-0.887594
-0.911731
-0.863966
-0.832486
-0.798516
-0.793849
-0.772634
-0.789717
-0.882569
-1.04572
-1.15596
-1.22206
-1.35995
-1.1228
-1.16176
-1.23727
-1.21852
-1.17133
-1.11375
-1.12491
-1.07484
-0.933672
-0.876394
-0.968048
-1.05973
-1.01754
-0.823343
-0.790042
-0.884594
-0.961031
-1.02133
-1.13435
-1.0436
-0.978176
-0.95059
-0.992872
-0.975041
-0.988071
-0.998201
-0.994935
-1.02038
-1.08744
-1.07201
-1.06449
-1.03448
-1.02915
-1.059
-1.07285
-1.08563
-1.11235
-1.11475
-1.10229
-1.07392
-1.05969
-1.07412
-1.04458
-1.01057
-0.970711
-0.931695
-0.934583
-0.934364
-0.935003
-0.940295
-0.936729
-0.940424
-0.943129
-0.948541
-0.963307
-0.968231
-0.968877
-0.97024
-0.962611
-0.959829
-0.965193
-0.963228
-0.951335
-0.937016
-0.92227
-0.901062
-0.892986
-0.87518
-0.841018
-0.825558
-0.833836
-0.836143
-0.827052
-0.826967
-0.828412
-0.81169
-0.789262
-0.787558
-0.800669
-0.795763
-0.797461
-0.793293
-0.809678
-0.827541
-0.897978
-0.925456
-0.964576
-1.01137
-1.042
-1.10354
-1.14497
-1.16407
-1.18353
-1.18516
-1.17725
-1.1281
-1.21943
-1.304
-1.24928
-1.00421
-0.88585
-0.917923
-0.98237
-1.05404
-1.07855
-1.12102
-1.15331
-1.1776
-1.14783
-1.2481
-1.21673
-1.26652
-1.21219
-1.13486
-1.07216
-1.07955
-1.1401
-1.12356
-1.12991
-1.10148
-1.10883
-1.14295
-1.18974
-1.17064
-1.10576
-1.00568
-1.01768
-1.07748
-1.13734
-1.14668
-1.02333
-0.938556
-0.957246
-1.00685
-1.04792
-1.03711
-1.01364
-0.983523
-0.956535
-0.958149
-0.87256
-0.805266
-0.788096
-0.81064
-0.83054
-0.823511
-0.792433
-0.795221
-0.809285
-0.783767
-0.788734
-0.806626
-0.813328
-0.783786
-0.829227
-0.871468
-0.827334
-0.836935
-0.855303
-0.758438
-0.791227
-0.818137
-0.71027
-0.698856
-0.695723
-0.696368
-0.703155
-1.01821
-1.13708
-0.898432
-1.13566
-0.994487
-1.33843
-1.15462
-1.08834
-1.44646
-1.44693
-1.55747
-1.19947
-1.29068
-1.3963
-1.40314
-1.41308
-1.39632
-1.32682
-1.26778
-1.18131
-1.12048
-1.13743
-1.12589
-0.985681
-1.3088
-1.04571
-0.95988
-1.11141
-1.19603
-1.12543
-1.1485
-1.08452
-1.07049
-1.12429
-1.14888
-1.11796
-1.07334
-1.05394
-1.05436
-1.0597
-1.0189
-1.02432
-1.23024
-1.63811
-1.77016
-1.75106
-1.09542
-1.05358
-1.21316
-1.04739
-0.867643
-0.915256
-1.04484
-1.46238
-1.11369
-1.28141
-1.06079
-1.05408
-0.812954
-0.919408
-1.19712
-1.16989
-1.05623
-1.09647
-1.1323
-1.09973
-1.06931
-1.02857
-1.07559
-1.16128
-1.2139
-1.32668
-1.35447
-1.42576
-1.60641
-1.72313
-1.46722
-1.51243
-1.3689
-1.42471
-1.43919
-1.43841
-1.40721
-1.41188
-1.40001
-1.40599
-1.40384
-1.47155
-1.48418
-1.49654
-1.49906
-1.4289
-1.39431
-1.37235
-1.36186
-1.3655
-1.35517
-1.32819
-1.3493
-1.35408
-1.25907
-1.17969
-1.15683
-1.13243
-1.09585
-1.06512
-1.04141
-1.02893
-1.04719
-0.976607
-0.962328
-0.958314
-0.959876
-0.961092
-0.966202
-0.974891
-1.03575
-1.05482
-1.0575
-1.079
-1.0962
-1.12281
-1.05933
-0.973145
-0.973503
-0.976318
-1.0233
-0.982458
-1.06617
-1.11075
-1.13332
-1.19009
-1.22756
-1.30091
-1.4119
-1.47224
-1.48726
-1.43642
-1.54317
-1.6541
-1.73471
-1.77996
-1.77882
-1.82635
-1.89227
-1.9204
-1.9647
-1.97577
-2.0766
-2.12121
-2.15493
-2.19868
-2.27126
-2.31003
-2.22761
-2.28734
-2.43908
-2.56119
-2.66105
-2.61946
-2.58702
-2.70702
-2.56518
-2.36409
-2.20013
-1.95592
-1.70689
-1.6185
-1.32706
-1.10672
-1.10828
-1.15929
-1.26662
-1.43706
-1.68762
-2.02167
-2.12179
-1.90288
-1.942
-1.95115
-2.01394
-2.15143
-2.15431
-2.28306
-2.56361
-2.78761
-2.94707
-2.73585
-2.20661
-1.79691
-1.81444
-1.87209
-1.97883
-2.06282
-2.06689
-2.02833
-1.96718
-1.88628
-1.86323
-1.77559
-1.6624
-1.73136
-1.78085
-1.9499
-2.01324
-2.04289
-1.91336
-1.75516
-1.72813
-1.64861
-1.688
-1.67723
-1.7519
-1.79136
-1.76661
-1.69953
-1.68089
-1.68507
-1.65749
-1.63276
-1.65705
-1.67219
-1.69014
-1.6695
-1.65256
-1.6806
-1.62633
-1.62159
-1.61668
-1.59691
-1.58991
-1.57943
-1.56859
-1.55416
-1.55679
-1.56061
-1.57143
-1.5135
-1.44955
-1.41991
-1.41139
-1.41452
-1.4108
-1.40671
-1.38966
-1.39873
-1.39723
-1.4017
-1.36709
-1.3451
-1.33551
-1.34741
-1.34415
-1.35964
-1.36608
-1.3854
-1.37536
-1.38106
-1.37631
-1.37952
-1.41084
-1.37962
-1.35454
-1.37814
-1.43992
-1.49794
-1.58891
-1.66771
-1.70652
-1.77595
-1.85746
-1.8893
-1.93348
-1.95515
-1.97232
-1.96678
-1.91239
-1.88378
-1.93958
-2.0151
-2.02439
-1.85127
-1.79159
-1.70732
-1.74511
-1.69334
-1.6776
-1.48864
-1.45804
-1.46267
-1.52446
-1.54359
-1.52454
-1.51444
-1.41393
-1.31948
-1.30337
-1.28795
-1.44986
-1.48023
-1.71634
-1.7432
-1.60879
-1.57081
-1.60294
-1.51706
-1.59099
-1.6179
-1.45904
-1.4435
-1.51279
-1.48595
-1.37871
-1.36119
-1.32753
-1.34102
-1.34801
-1.38841
-1.45077
-1.4325
-1.5143
-1.50989
-1.54295
-1.63181
-1.66305
-1.59896
-1.53749
-1.44951
-1.21711
-1.14151
-1.10453
-1.16226
-1.22186
-1.28379
-1.31244
-1.31986
-1.33954
-1.22443
-1.05666
-0.98345
-1.00669
-1.00498
-1.05019
-1.07262
-1.11883
-1.11391
-1.13118
-1.11721
-1.14973
-1.22233
-1.33101
-1.39392
-1.41101
-1.45712
-1.51751
-1.56042
-1.62064
-1.63512
-1.62118
-1.6189
-1.57455
-1.59064
-1.66356
-1.73198
-1.7642
-1.80951
-1.84997
-1.87403
-1.87162
-1.85154
-1.82996
-1.83896
-1.84761
-1.85899
-1.83686
-1.7988
-1.80543
-1.80279
-1.82834
-1.85095
-1.88169
-1.90866
-1.924
-1.9372
-1.94986
-1.9614
-1.97156
-1.99368
-2.03626
-2.07131
-2.11116
-2.15805
-2.17515
-2.1909
-2.2068
-2.21429
-2.23356
-2.24227
-2.2576
-2.26261
-2.27215
-2.27989
-2.27391
-2.26419
-2.24745
-2.25432
-2.25562
-2.24934
-2.24426
-2.23971
-2.23853
-2.23983
-2.24665
-2.25038
-2.24024
-2.23458
-2.2339
-2.22571
-2.22101
-2.22177
-2.22175
-2.22313
-2.22665
-2.22627
-2.22328
-2.22821
-2.22554
-2.21963
-2.22094
-2.21013
-2.19719
-2.18626
-2.17258
-2.15987
-2.14174
-2.12572
-2.12675
-2.11507
-2.09416
-2.08807
-2.0828
-2.06697
-2.0465
-2.02772
-2.00633
-1.98009
-1.93499
-1.93621
-1.92307
-1.91169
-1.90519
-1.8953
-1.87004
-1.86792
-1.87332
-1.87491
-1.86849
-1.85338
-1.83564
-1.82908