-1.46487
-1.52677
-1.4978
-1.44082
-1.51786
-1.58549
-1.65762
-1.64669
-1.61957
-1.62221
-1.68571
-1.7091
-1.61317
-1.46175
-1.54933
-1.65071
-1.6871
-1.64288
-1.62613
-1.63227
-1.64309
-1.54436
-1.52162
-1.52377
-1.51558
-1.50995
-1.44766
-1.43845
-1.44074
-1.47387
-1.49316
-1.57669
-1.56065
-1.46129
-1.34966
-1.41073
-1.39263
-1.34555
-1.28269
-1.28917
-1.32022
-1.28356
-1.25644
-1.29111
-1.35025
-1.38059
-1.39992
-1.41975
-1.44623
-1.46814
-1.47873
-1.48003
-1.53137
-1.53476
-1.50137
-1.43358
-1.40652
-1.46134
-1.48475
-1.53221
-1.58392
-1.64836
-1.7261
-1.8407
-1.9535
-1.9737
-2.01427
-2.04022
-2.05831
-1.99128
-1.97843
-1.95968
-1.91099
-1.80436
-1.78567
-1.7627
-1.66766
-1.57365
-1.50826
-1.45433
-1.46895
-1.52584
-1.56323
-1.61027
-1.69428
-1.79158
-1.77659
-1.81096
-1.72038
-1.6983
-1.67494
-1.69295
-1.65749
-1.57597
-1.51464
-1.50981
-1.46383
-1.36292
-1.34119
-1.36779
-1.41286
-1.4384
-1.43298
-1.36434
-1.30857
-1.36174
-1.35376
-1.4168
-1.46393
-1.56554
-1.61567
-1.63338
-1.65309
-1.6488
-1.64735
-1.62889
-1.53609
-1.4634
-1.41219
-1.44034
-1.49312
-1.50693
-1.53367
-1.53844
-1.51374
-1.48949
-1.53487
-1.54028
-1.54928
-1.5984
-1.67066
-1.65382
-1.64215
-1.60988
-1.59774
-1.61968
-1.62655
-1.63195
-1.62009
-1.59539
-1.52351
-1.52554
-1.52711
-1.52033
-1.52989
-1.56336
-1.57
-1.56545
-1.50915
-1.52575
-1.56297
-1.55332
-1.52907
-1.52375
-1.54644
-1.52527
-1.51259
-1.49978
-1.49627
-1.53806
-1.44732
-1.39341
-1.43986
-1.47005
-1.48037
-1.46972
-1.46242
-1.4608
-1.40399
-1.28925
-1.18571
-1.14299
-1.20916
-1.23805
-1.26278
-1.24269
-1.23311
-1.22681
-1.24115
-1.21907
-1.21634
-1.19333
-1.17796
-1.20944
-1.19315
-1.18917
-1.17785
-1.15533
-1.1026
-1.1079
-1.1282
-1.13548
-1.09428
-1.11665
-1.09248
-1.11683
-1.14223
-1.18026
-1.22294
-1.28263
-1.35039
-1.41595
-1.42391
-1.38493
-1.33787
-1.17464
-1.09121
-1.01266
-1.06879
-1.16033
-1.22387
-1.22763
-1.23784
-1.24061
-1.27509
-1.26113
-1.24403
-1.25622
-1.26897
-1.28102
-1.32359
-1.35763
-1.39047
-1.42128
-1.46724
-1.44287
-1.40853
-1.44633
-1.56311
-1.63828
-1.67117
-1.72654
-1.78544
-1.73595
-1.64432
-1.53237
-1.55608
-1.53675
-1.53937
-1.49287
-1.44946
-1.37044
-1.32705
-1.26242
-1.17986
-1.14425
-1.16276
-1.14286
-1.18067
-1.15493
-1.19958
-1.17918
-1.21084
-1.18531
-1.20688
-1.15929
-1.15288
-1.09423
-1.13535
-1.12459
-1.16118
-1.11995
-1.1515
-1.13011
-1.16296
-1.10765
-1.13995
-1.16255
-1.10806
-1.14299
-1.11574
-1.16581
-1.21524
-1.31019
-1.4032
-1.32763
-1.2803
-1.23294
-1.20448
-1.18468
-1.15057
-1.12693
-1.11288
-1.06969
-1.03159
-0.997724
-0.985148
-0.952273
-0.929703
-0.900536
-0.893769
-0.899885
-0.88759
-0.904165
-0.896652
-0.87438
-0.84779
-0.857853
-0.850311
-0.845293
-0.814324
-0.821139
-0.827312
-0.83514
-0.856527
-0.844141
-0.772192
-0.717178
-0.689479
-0.689419
-0.694677
-0.682913
-0.674371
-0.690468
-0.707145
-0.727299
-0.753885
-0.780264
-0.816976
-0.88034
-0.939588
-0.925683
-0.900616
-0.906677
-0.88543
-0.843563
-0.877302
-0.910169
-0.86386
-0.805043
-0.745677
-0.761188
-0.730444
-0.687614
-0.669102
-0.662628
-0.655776
-0.65741
-0.668359
-0.665258
-0.677698
-0.690252
-0.688433
-0.705738
-0.729952
-0.740531
-0.721359
-0.723019
-0.744831
-0.755707
-0.748813
-0.739203
-0.756007
-0.744328
-0.761664
-0.7782
-0.750928
-0.737043
-0.72708
-0.743269
-0.764271
-0.76386
-0.750697
-0.708736
-0.699635
-0.664194
-0.680195
-0.660711
-0.656976
-0.699297
-0.722725
-0.760386
-0.809785
-0.81535
-0.829843
-0.798843
-0.795829
-0.722843
-0.727064
-0.714354
-0.773419
-0.747553
-0.748109
-0.782899
-0.7937
-0.799225
-0.833374
-0.834157
-0.863381
-0.850122
-0.853796
-0.831555
-0.823925
-0.815024
-0.749506
-0.715912
-0.713508
-0.745039
-0.707601
-0.727685
-0.750382
-0.72457
-0.684815
-0.667159
-0.6706
-0.688869
-0.750394
-0.723258
-0.74226
-0.782749
-0.817993
-0.864409
-0.925526
-1.01191
-1.07389
-0.985727
-1.01129
-0.98103
-0.872559
-0.799693
-0.809015
-0.81311
-0.836177
-0.839888
-0.873341
-0.931027
-0.921052
-0.957977
-0.935686
-0.960544
-0.992192
-0.968906
-0.95256
-0.965116
-0.968119
-0.974607
-0.984483
-1.01369
-1.04008
-1.07011
-1.09178
-1.17581
-1.19186
-1.14493
-1.17134
-1.19714
-1.24283
-1.26618
-1.27765
-1.28538
-1.29785
-1.31954
-1.28498
-1.30591
-1.28546
-1.30205
-1.33385
-1.31885
-1.27257
-1.18373
-1.12213
-1.0492
-1.03529
-0.968787
-1.03002
-1.13113
-1.21652
-1.30439
-1.32428
-1.29983
-1.29937
-1.28611
-1.24412
-1.21606
-1.19347
-1.16694
-1.1695
-1.13278
-1.13673
-1.14451
-1.17264
-1.20335
-1.24136
-1.2428
-1.30117
-1.30294
-1.26146
-1.23983
-1.2035
-1.0615
-1.07598
-1.08658
-1.10997
-1.13064
-1.17409
-1.27386
-1.50639
-1.53421
-1.48336
-1.59815
-1.40681
-1.15442
-1.17722
-1.27857
-1.32555
-1.43526
-1.44722
-1.44261
-1.46849
-1.45524
-1.44638
-1.4527
-1.35022
-1.2252
-1.1943
-1.2373
-1.10582
-1.07624
-1.16185
-1.12306
-1.09198
-0.956592
-0.860588
-0.858472
-0.792462
-0.74476
-0.678862
-0.571192
-0.586141
-0.604514
-0.632671
-0.762075
-0.6251
-0.654934
-0.677978
-0.72663
-0.7434
-0.784723
-0.828589
-1.03894
-1.22657
-1.16562
-1.10615
-1.04305
-0.988755
-1.04627
-1.08307
-1.16818
-1.14546
-1.15148
-1.21273
-1.29745
-1.29991
-1.28658
-1.26332
-1.23299
-1.19337
-1.19341
-1.1818
-1.1415
-1.064
-1.06151
-0.859995
-0.848143
-0.796563
-0.812724
-0.822471
-0.822241
-0.852199
-0.890378
-0.928795
-0.986462
-1.09005
-1.35319
-1.38958
-1.35868
-1.36175
-1.28729
-1.20124
-1.19728
-1.19975
-1.15402
-1.17372
-1.29213
-1.27603
-1.32611
-1.2808
-1.12366
-1.08892
-0.893147
-0.868999
-0.852226
-0.807021
-0.843976
-0.865227
-0.96876
-0.887806
-0.924432
-0.9277
-0.91946
-0.864737
-0.807589
-0.875378
-1.00489
-1.136
-1.13298
-1.1769
-1.00271
-0.991594
-1.01944
-1.04993
-1.10062
-1.10296
-1.03389
-0.993289
-0.962906
-0.895104
-0.844952
-0.970374
-0.752061
-0.720701
-0.691505
-0.820396
-0.916323
-0.784683
-0.854076
-0.91333
-0.892489
-0.905063
-0.933833
-0.867251
-0.964637
-0.792135
-0.772951
-0.7948
-0.870818
-1.10953
-1.07909
-1.11483
-1.09598
-1.09096
-1.05491
-1.0576
-0.992079
-0.953085
-0.924338
-0.910819
-0.84869
-0.866754
-0.871887
-0.901156
-0.930868
-0.856858
-0.811585
-0.709564
-0.635026
-0.629524
-0.614129
-0.61404
-0.61011
-0.613801
-0.612931
-0.614224
-0.617934
-0.601015
-0.614193
-0.621563
-0.626204
-0.634093
-0.647269
-0.668794
-0.686951
-0.704674
-0.706018
-0.717312
-0.731259
-0.816979
-0.872759
-0.885915
-0.918665
-0.966754
-1.04055
-1.08818
-1.10372
-1.15225
-1.14755
-1.20386
-1.16352
-1.12902
-0.94104
-0.927096
-0.95115
-0.940103
-0.969928
-1.05143
-1.10441
-1.12914
-1.16203
-1.22583
-1.28877
-1.28879
-1.30945
-1.37562
-1.41405
-1.46481
-1.50512
-1.60348
-1.54485
-1.45955
-1.41433
-1.30196
-1.23012
-1.22579
-1.25554
-1.25762
-1.26646
-1.24316
-1.26989
-1.36138
-1.46714
-1.52916
-1.50432
-1.41266
-1.37567
-1.36575
-1.29899
-1.31347
-1.31824
-1.35636
-1.45405
-1.47815
-1.54542
-1.45349
-1.42947
-1.32554
-1.2789
-1.17106
-1.18699
-1.17563
-1.07141
-0.990594
-1.02031
-1.08815
-1.17235
-1.17126
-1.16891
-1.15579
-1.06142
-1.06521
-1.16967
-1.14324
-1.18264
-1.20434
-1.19498
-1.3086
-1.4315
-1.48986
-1.473
-1.51987
-1.40491
-1.30071
-1.21646
-1.12266
-1.10584
-1.11526
-1.13381
-1.11292
-1.12629
-1.17334
-1.21584
-1.2639
-1.306
-1.35368
-1.38802
-1.42391
-1.44124
-1.45479
-1.47992
-1.52304
-1.53358
-1.52073
-1.49795
-1.47055
-1.4155
-1.33976
-1.35132
-1.3682
-1.41071
-1.46363
-1.48068
-1.52011
-1.53975
-1.47287
-1.48069
-1.47529
-1.45356
-1.37039
-1.3582
-1.34435
-1.27508
-1.18336
-1.13466
-1.03793
-0.950777
-0.85821
-0.852978
-0.829676
-0.802653
-0.799683
-0.778541
-0.796062
-0.789983
-0.823911
-0.883952
-0.913981
-0.942666
-0.920857
-0.949887
-0.976774
-1.01374
-1.05907
-1.08999
-1.11718
-1.10882
-1.11156
-1.10074
-1.0115
-0.987501
-0.94338
-0.896149
-0.7971
-0.730934
-0.739235
-0.712145
-0.68267
-0.707528
-0.689642
-0.696646
-0.681107
-0.661991
-0.69107
-0.745523
-0.796629
-0.826146
-0.887235
-0.997593
-1.34203
-1.50854
-1.61412
-1.54381
-1.38059
-1.23509
-1.18935
-1.19397
-1.22168
-1.25158
-1.21013
-1.13743
-1.03143
-1.04448
-1.05202
-1.1626
-1.18327
-1.13051
-1.00927
-1.02633
-1.08439
-1.16639
-1.18788
-1.11938
-1.11354
-1.33775
-1.42376
-1.40213
-1.46693
-1.53433
-1.5746
-1.60133
-1.61393
-1.67214
-1.63697
-1.65379
-1.60893
-1.57851
-1.47657
-1.21112
-1.06957
-1.09963
-1.12996
-1.15579
-1.18668
-1.24335
-1.22934
-1.26799
-1.27751
-1.22039
-1.25347
-1.25984
-1.19595
-1.18207
-1.18421
-1.19371
-1.19363
-1.19182
-1.18985
-1.1401
-1.07674
-1.12411
-1.13099
-1.06009
-1.01474
-0.978023
-0.986722
-0.977159
-0.924811
-0.87618
-0.871449
-0.8731
-0.876026
-0.872196
-0.859194
-0.852865
-0.841986
-0.840967
-0.822828
-0.807297
-0.802899
-0.791355
-0.781147
-0.79392
-0.739054
-0.753791
-0.736024
-0.728721
-0.765176
-0.788677
-0.817984
-1.07036
-1.08504
-1.09758
-1.05753
-0.97972
-1.11444
-1.30516
-1.44678
-1.61292
-1.80652
-1.90247
-1.87521
-1.78047
-1.63348
-1.59539
-1.52814
-1.51932
-1.54627
-1.54347
-1.53612
-1.47465
-1.42747
-1.3008
-1.27313
-1.21579
-1.18555
-1.183
-1.21898
-1.28057
-1.3192
-1.34587
-1.40665
-1.45542
-1.45415
-1.43687
-1.51875
-1.47353
-1.46245
-1.40457
-1.32252
-1.26158
-1.15115
-1.08174
-1.03526
-0.998787
-0.998096
-1.0221
-1.06289
-1.13174
-1.22626
-1.24412
-1.30628
-1.2873
-1.22625
-1.22695
-1.22997
-1.20102
-1.11469
-1.06186
-1.01715
-0.990274
-1.02183
-1.07249
-1.00917
-1.01972
-0.975261
-0.945305
-0.966377
-0.946793
-0.972384
-0.98119
-1.02443
-1.06154
-1.15772
-1.20801
-1.19389
-1.23178
-1.26595
-1.30796
-1.35727
-1.36486
-1.36412
-1.33519
-1.21907
-1.16444
-1.13427
-1.16957
-1.13071
-1.08757
-1.0706
-1.10511
-1.12801
-1.13727
-1.14281
-1.15335
-1.14482
-1.16795
-1.21822
-1.26856
-1.29398
-1.32158
-1.29889
-1.32454
-1.25814
-1.2658
-1.3376
-1.44729
-1.5572
-1.5518
-1.60438
-1.58751
-1.487
-1.5245
-1.46498
-1.45911
-1.52479
-1.45419
-1.48828
-1.51426
-1.48806
-1.4404
-1.42984
-1.36623
-1.3039
-1.30329
-1.28775
-1.28754
-1.25537
-1.25537
-1.23819
-1.27695
-1.26966
-1.30463
-1.25118
-1.15905
-1.14482
-1.09694
-1.19645
-1.12019
-1.11559
-1.27974
-1.40885
-1.23271
-1.28453
-1.24155
-1.20816
-0.990555
-0.798515
-0.729253
-0.708041
-0.653368
-0.658851
-0.648397
-0.651202
-0.646615
-0.623758
-0.619323
-0.691088
-0.732213
-0.782724
-0.816903
-0.87912
-0.968495
-0.985675
-1.00759
-1.07655
-1.2052
-1.12184
-1.10107
-1.08857
-0.940939
-0.982507
-1.08104
-0.951429
-0.997514
-0.98705
-0.990411
-1.0127
-1.03815
-1.04235
-1.1126
-1.11943
-1.11807
-1.11675
-1.1296
-1.08066
-1.07599
-0.940738
-0.843969
-0.819264
-0.786881
-0.777623
-0.808462
-0.833349
-0.872422
-0.888275
-0.94127
-0.948735
-1.10926
-1.18394
-1.06349
-0.875685
-0.886159
-0.914028
-0.936728
-0.982278
-0.92849
-0.952682
-0.989194
-1.00963
-1.04017
-1.06649
-1.07234
-1.03925
-0.983439
-0.939903
-0.882993
-0.836635
-0.814584
-0.760361
-0.711765
-0.644048
-0.626214
-0.626632
-0.62772
-0.625592
-0.646401
-0.634882
-0.635013
-0.612606
-0.620019
-0.617651
-0.601161
-0.622919
-0.632426
-0.624621
-0.573421
-0.585024
-0.603002
-0.626688
-0.655135
-0.637837
-0.659369
-0.826121
-0.905577
-0.882097
-0.962265
-0.973862
-1.02095
-1.10535
-1.08227
-1.08311
-1.16767
-1.23381
-1.27769
-1.30599
-1.32489
-1.30094
-1.32247
-1.29218
-1.31096
-1.3408
-1.34332
-1.25971
-1.18693
-1.19924
-1.20163
-1.17261
-1.20781
-1.265
-1.28571
-1.26923
-1.31902
-1.44707
-1.38222
-1.46258
-1.41749
-1.43496
-1.48616
-1.5543
-1.56424
-1.56588
-1.61482
-1.61956
-1.48871
-1.51166
-1.49877
-1.51294
-1.52104
-1.51813
-1.50324
-1.51019
-1.50122
-1.43902
-1.47573
-1.51781
-1.66959
-1.47837
-1.33006
-1.28838
-1.18438
-1.15534
-1.12063
-1.11839
-1.12413
-1.15007
-1.14111
-1.15088
-1.11179
-1.12825
-1.11878
-1.11188
-1.14078
-1.1207
-1.12076
-1.2028
-1.36774
-1.33495
-1.19485
-1.2011
-1.23301
-1.19487
-1.19352
-1.22097
-1.14299
-1.19726
-1.19396
-1.15371
-1.17416
-1.22402
-1.27921
-1.3157
-1.36564
-1.47481
-1.40901
-1.37265
-1.41133
-1.35174
-1.24075
-1.16876
-1.15113
-1.10448
-1.09307
-1.12693
-1.15847
-1.19189
-1.10477
-1.13112
-1.23183
-1.20384
-1.16737
-1.18006
-1.14363
-1.13864
-1.14138
-1.14283
-1.15617
-1.13389
-1.15323
-1.19779
-1.1807
-1.21683
-1.22801
-1.22024
-1.21236
-1.23302
-1.23627
-1.22793
-1.21013
-1.213
-1.1357
-1.1328
-1.14258
-1.11421
-1.20647
-1.27819
-1.19846
-1.03264
-0.981898
-0.983387
-0.995875
-1.01168
-1.04161
-1.08285
-1.1392
-1.18915
-1.26686
-1.34613
-1.483
-1.71829
-1.8017
-1.85229
-1.9403
-1.93907
-1.9206
-1.85025
-1.7932
-1.76297
-1.73679
-1.69572
-1.59267
-1.51196
-1.402
-1.48694
-1.4511
-1.46321
-1.51216
-1.58943
-1.73849
-1.55311
-1.57128
-1.52506
-1.50525
-1.50667
-1.49292
-1.43679
-1.40645
-1.3534
-1.43004
-1.47461
-1.47809
-1.49722
-1.52463
-1.57022
-1.59095
-1.59908
-1.58119
-1.58217
-1.57817
-1.52502
-1.52426
-1.49771
-1.39914
-1.36723
-1.48102
-1.40522
-1.51459
-1.42006
-1.3608
-1.31461
-1.29978
-1.29818
-1.28035
-1.26274
-1.2405
-1.20216
-1.1763
-1.15103
-1.16892
-1.11214
-1.04271
-1.03315
-1.00551
-0.955773
-0.863001
-0.822832
-0.804301
-0.795134
-0.786697
-0.762898
-0.780816
-0.794152
-0.811889
-0.814999
-0.819734
-0.845753
-0.898346
-0.91644
-0.997342
-1.03071
-1.06604
-1.1301
-1.1862
-1.26965
-1.27431
-1.31201
-1.35852
-1.3877
-1.40522
-1.43757
-1.45175
-1.43841
-1.47186
-1.47751
-1.53724
-1.43872
-1.49516
-1.48661
-1.49123
-1.49659
-1.4788
-1.41629
-1.36022
-1.33219
-1.30335
-1.28029
-1.20206
-1.15061
-1.12233
-1.1009
-1.09463
-1.05257
-1.03689
-1.03806
-1.06561
-1.20152
-1.05916
-1.0596
-1.03998
-0.989502
-0.948612
-0.954922
-0.978644
-0.976068
-1.01769
-1.09412
-1.16076
-1.19321
-1.24989
-1.3158
-1.38694
-1.44035
-1.46318
-1.40613
-1.35983
-1.37058
-1.44668
-1.44883
-1.48111
-1.43122
-1.37109
-1.28758
-1.13525
-1.13318
-1.07224
-0.966193
-0.986727
-1.0419
-1.0711
-1.07081
-1.10083
-0.991828
-0.961834
-0.943419
-1.00204
-0.950345
-0.842724
-0.779501
-0.766887
-0.775098
-0.878071
-0.973784
-0.996104
-1.02697
-0.996147
-0.941593
-0.990062
-1.09509
-1.15557
-1.1992
-1.2367
-1.21405
-1.15216
-1.05237
-0.975663
-0.982548
-0.946855
-0.895082
-0.908258
-0.914628
-0.956862
-0.970013
-1.04359
-1.16508
-1.22252
-1.24935
-1.25838
-1.23238
-1.01964
-1.03557
-1.10564
-1.09761
-1.08752
-1.1175
-1.18912
-1.21517
-1.22426
-1.21146
-1.23197
-1.21588
-1.32095
-1.37907
-1.30506
-1.22994
-1.28388
-1.43972
-1.52512
-1.71927
-1.52585
-1.41991
-1.45136
-1.49693
-1.44784
-1.48404
-1.44681
-1.40651
-1.36557
-1.32448
-1.28867
-1.29338
-1.27273
-1.22637
-1.19686
-1.22393
-1.48531
-1.64342
-1.58152
-1.3197
-1.20721
-1.22918
-1.24759
-1.21611
-1.17979
-1.1517
-1.08741
-1.01821
-0.969783
-0.946835
-0.922428
-0.914966
-0.925461
-0.944838
-0.918269
-1.04077
-1.19129
-1.03222
-1.02981
-1.08577
-1.13514
-1.10649
-1.13181
-1.12607
-1.06326
-1.08858
-1.14404
-1.11975
-1.12518
-1.13034
-1.15475
-1.16629
-1.22091
-1.37055
-1.27247
-1.13985
-1.19874
-1.22338
-1.25309
-1.26137
-1.25748
-1.22575
-1.24551
-1.23958
-1.26727
-1.28791
-1.30221
-1.31194
-1.33888
-1.37918
-1.41963
-1.45877
-1.49656
-1.53164
-1.56999
-1.61091
-1.66257
-1.58339
-1.54607
-1.54863
-1.52211
-1.51381
-1.48494
-1.47782
-1.50541
-1.51224
-1.55238
-1.55037
-1.61348
-1.6496
-1.65684
-1.6437
-1.55699
-1.48291
-1.4371
-1.39791
-1.37697
-1.44107
-1.45303
-1.50023
-1.59564
-1.59208
-1.65792
-1.677
-1.6333
-1.60193
-1.56972
-1.46815
-1.42889
-1.46163
-1.45802
-1.50435
-1.53738
-1.43207
-1.3903
-1.30481
-1.28614
-1.30744
-1.255
-1.32049
-1.38724
-1.47137
-1.4248
-1.40604
-1.31445
-1.33329
-1.26774
-1.23859
-1.22599
-1.19464
-1.28306
-1.30371
-1.29545
-1.29553
-1.28527
-1.29428
-1.36327
-1.39337
-1.42433
-1.52104
-1.47114
-1.47159
-1.46272
-1.50527
-1.51425
-1.5817
-1.60952
-1.51531
-1.53466
-1.49853
-1.51948
-1.33953
-1.35792
-1.40574
-1.38435
-1.36435
-1.23053
-1.22121
-1.20125
-1.23041
-1.21917
-1.21323
-1.1864
-1.24251
-1.31154
-1.27605
-1.2434
-1.19877
-1.15123
-1.11414
-1.05723
-0.945939
-0.946941
-1.00592
-1.01131
-1.00526
-0.990408
-1.03666
-1.03074
-1.0356
-1.06208
-1.07301
-1.09993
-1.16011
-1.2012
-1.32628
-1.40856
-1.52777
-1.72716
-2.07847
-2.02481
-2.01167
-1.97003
-1.99165
-1.99522
-1.8746
-1.86322
-1.82743
-1.82611
-1.90524
-1.82809
-1.99684
-1.97957
-1.89496
-1.91334
-1.90883
-1.98726
-1.97523
-1.91305
-1.78379
-1.68652
-1.69893
-1.64054
-1.59289
-1.45958
-1.39887
-1.43099
-1.46163
-1.42982
-1.37001
-1.23739
-1.16376
-1.12574
-1.11757
-1.13417
-1.13077
-1.14135
-1.18518
-1.18852
-1.23086
-1.21016
-1.23764
-1.27681
-1.31081
-1.34408
-1.35727
-1.36761
-1.3872
-1.42494
-1.44201
-1.46109
-1.4843
-1.51849
-1.53718
-1.51553
-1.53185
-1.50869
-1.49209
-1.47088
-1.50191
-1.50906
-1.52568
-1.48115
-1.50686
-1.48728
-1.43048
-1.30135
-1.3069
-1.33864
-1.39697
-1.43348
-1.43532
-1.43318
-1.37366
-1.29545
-1.26971
-1.29673
-1.28721
-1.24232
-1.26501
-1.26527
-1.31806
-1.39378
-1.41371
-1.35974
-1.41213
-1.49889
-1.54985
-1.56258
-1.53357
-1.56795
-1.61668
-1.62722
-1.5313
-1.41316
-1.49063
-1.59013
-1.67237
-1.60619
-1.6234
-1.61279
-1.62284
-1.56578
-1.52804
-1.50738
-1.51962
-1.51885
-1.47577
-1.44985
-1.44745
-1.4748
-1.478
-1.53576
-1.58148
-1.53094
-1.39728
-1.37656
-1.39637
-1.40846
-1.33837
-1.29761
-1.29869
-1.32548
-1.27735
-1.2449
-1.26506
-1.31836
-1.35043
-1.37002
-1.3785
-1.44491
-1.46374
-1.46248
-1.48334
-1.49998
-1.49278
-1.51607
-1.51063
-1.48598
-1.42865
-1.40519
-1.43776
-1.48205
-1.50638
-1.54478
-1.56075
-1.63724
-1.67541
-1.75481
-1.83677
-1.94844
-2.01383
-1.97749
-1.99552
-2.01839
-2.03548
-1.95083
-1.94607
-1.93736
-1.9094
-1.83837
-1.75718
-1.77218
-1.74378
-1.6321
-1.55855
-1.5153
-1.45037
-1.46555
-1.5069
-1.54972
-1.60279
-1.67204
-1.754
-1.79009
-1.78997