-1.47796
-1.41488
-1.45091
-1.45258
-1.52772
-1.56562
-1.59727
-1.49688
-1.35235
-1.25624
-1.24198
-1.23626
-1.31767
-1.28215
-1.31798
-1.37053
-1.44347
-1.51429
-1.54473
-1.4732
-1.38891
-1.36112
-1.38589
-1.46306
-1.54085
-1.583
-1.58476
-1.58715
-1.58497
-1.65253
-1.67507
-1.65065
-1.54789
-1.56653
-1.61326
-1.74454
-1.78127
-1.75436
-1.71422
-1.72448
-1.73649
-1.81089
-1.73249
-1.57348
-1.46693
-1.55072
-1.63255
-1.70596
-1.72276
-1.74598
-1.75036
-1.82134
-1.86457
-1.81315
-1.70093
-1.56016
-1.58625
-1.64412
-1.65447
-1.62188
-1.57092
-1.57782
-1.61937
-1.64359
-1.70465
-1.73009
-1.52837
-1.61563
-1.35609
-1.32314
-1.21107
-1.05344
-1.10506
-1.16279
-1.11303
-1.16319
-1.18943
-1.19338
-1.12718
-1.06835
-1.04126
-0.999874
-1.0379
-0.981779
-0.907236
-0.83658
-0.797434
-0.798496
-0.830916
-0.851316
-0.876737
-0.912438
-0.944657
-0.957558
-0.930661
-0.927397
-0.914109
-0.920045
-0.945525
-0.960902
-0.97809
-1.00215
-1.03259
-1.06985
-1.07541
-1.0816
-1.08816
-1.07512
-1.05569
-1.05203
-1.07454
-1.11884
-1.14493
-1.11645
-1.00115
-1.06714
-1.16014
-1.28178
-1.1939
-1.09249
-1.04577
-1.0429
-1.09709
-1.19688
-1.169
-1.16296
-1.18772
-1.22254
-1.28259
-1.33453
-1.31542
-1.1736
-1.12109
-1.16022
-1.20807
-1.33476
-1.34885
-1.36468
-1.46011
-1.55402
-1.63973
-1.63871
-1.5263
-1.34935
-1.31618
-1.33981
-1.4515
-1.48672
-1.54885
-1.64699
-1.72265
-1.8202
-1.91571
-1.96361
-1.85129
-1.6272
-1.42515
-1.37474
-1.41151
-1.45835
-1.46784
-1.42699
-1.42514
-1.47539
-1.46758
-1.41778
-1.33496
-1.23413
-1.23947
-1.28999
-1.37839
-1.39006
-1.46287
-1.56159
-1.61735
-1.66484
-1.69074
-1.73724
-1.77144
-1.62776
-1.53433
-1.4089
-1.39758
-1.43906
-1.54813
-1.64646
-1.62166
-1.61135
-1.6023
-1.61633
-1.6628
-1.72212
-1.76344
-1.76928
-1.798
-1.78021
-1.7237
-1.66616
-1.59165
-1.52059
-1.52642
-1.49188
-1.49817
-1.45711
-1.421
-1.41489
-1.37278
-1.38114
-1.42835
-1.43603
-1.42288
-1.49537
-1.59762
-1.69408
-1.72069
-1.70398
-1.64209
-1.44512
-1.25031
-1.04637
-0.956364
-1.06456
-0.989532
-1.02949
-1.10838
-1.1435
-0.916365
-0.914988
-0.962749
-1.01832
-1.05152
-1.13093
-1.03831
-1.12239
-1.2305
-1.20603
-1.13174
-1.09425
-1.00776
-0.990169
-1.02732
-1.05928
-1.06709
-1.06252
-1.04762
-1.01021
-1.03762
-1.08376
-1.07788
-1.08796
-1.08514
-1.09894
-1.09721
-1.00757
-0.951097
-0.943156
-0.978685
-1.00916
-1.02586
-1.11177
-1.14645
-1.15309
-1.11748
-1.04642
-0.956619
-0.931938
-1.02161
-0.982653
-1.05335
-1.02131
-1.0315
-0.968257
-0.916938
-0.941617
-0.866008
-0.903969
-0.891059
-0.872644
-0.917472
-0.923786
-0.910369
-0.973217
-0.988856
-1.02872
-0.99132
-1.02629
-1.00078
-1.00528
-1.05769
-1.08561
-1.06845
-1.0667
-1.06489
-1.066
-1.03084
-0.953203
-0.946881
-0.968296
-0.953624
-0.930176
-0.931992
-0.902829
-0.830939
-0.841024
-0.844613
-0.82845
-0.844573
-0.860086
-0.92713
-0.979807
-0.960738
-1.03463
-1.05826
-1.02814
-1.08414
-1.10906
-1.10061
-1.11553
-1.12728
-1.09723
-1.09339
-1.11781
-1.05819
-1.0468
-1.01137
-0.976926
-0.949115
-0.942817
-0.917949
-0.941769
-0.914052
-0.941765
-0.977984
-1.0259
-0.984262
-0.99608
-1.05074
-1.11513
-1.10754
-1.05825
-1.08945
-1.09415
-1.1363
-1.18961
-1.15612
-1.16178
-1.19214
-1.27998
-1.37484
-1.44088
-1.39701
-1.33744
-1.38384
-1.39689
-1.38164
-1.40239
-1.31021
-1.27539
-1.23455
-1.18003
-1.18226
-1.19051
-1.17189
-1.11937
-1.14152
-1.12999
-1.20073
-1.15847
-1.05846
-1.10267
-1.1508
-1.22098
-1.26438
-1.31926
-1.32366
-1.30696
-1.338
-1.26782
-1.19461
-1.17394
-1.17384
-1.15814
-1.20776
-1.25079
-1.32618
-1.32555
-1.20361
-1.15922
-1.08035
-1.01536
-1.05068
-1.1025
-1.14276
-1.1717
-1.18011
-1.21046
-1.24313
-1.26569
-1.14781
-0.959707
-0.967591
-1.00989
-1.16614
-1.12072
-1.21125
-1.23957
-1.24959
-1.26341
-1.23816
-1.16561
-1.04871
-1.2265
-1.29737
-1.21332
-1.17324
-1.08258
-1.13568
-1.2427
-1.35598
-1.32544
-1.17541
-1.18638
-1.18785
-1.10955
-1.1318
-1.19144
-1.22927
-1.19475
-1.1427
-1.19225
-1.24793
-1.31458
-1.27479
-1.25606
-1.24127
-1.27259
-1.31198
-1.3092
-1.33454
-1.36362
-1.37399
-1.46295
-1.49167
-1.47975
-1.47836
-1.40774
-1.39968
-1.41365
-1.44393
-1.40292
-1.40402
-1.42703
-1.45079
-1.47551
-1.50939
-1.51295
-1.53797
-1.52885
-1.53403
-1.54214
-1.56209
-1.56003
-1.57501
-1.56562
-1.59084
-1.61983
-1.63802
-1.6646
-1.72585
-1.75132
-1.74743
-1.75089
-1.77193
-1.77873
-1.78284
-1.79478
-1.80134
-1.81168
-1.77911
-1.7665
-1.77251
-1.80489
-1.87226
-1.8093
-1.7382
-1.67645
-1.73321
-1.73182
-1.64665
-1.61862
-1.54627
-1.50313
-1.43207
-1.41117
-1.41859
-1.4699
-1.46684
-1.35893
-1.28647
-1.31735
-1.33831
-1.39772
-1.4058
-1.33421
-1.28277
-1.20008
-1.07384
-1.03836
-1.01288
-0.962181
-0.939296
-0.902007
-0.998822
-0.890215
-0.917983
-0.822212
-0.887549
-0.97785
-1.08982
-1.04691
-1.17213
-1.06911
-1.05928
-1.06833
-1.24294
-1.20676
-1.12677
-1.11137
-0.987479
-1.00853
-1.0398
-1.00407
-0.933522
-0.952465
-1.06653
-1.11334
-1.15595
-1.29285
-1.291
-1.26621
-1.05368
-0.951746
-1.04027
-1.0069
-1.16614
-1.15115
-1.13394
-1.04708
-1.08148
-1.13343
-1.09784
-1.00222
-1.00534
-1.005
-1.04695
-1.11246
-1.16649
-1.18966
-1.20234
-1.23657
-1.18062
-1.09136
-1.07778
-1.082
-1.05295
-1.05525
-1.08926
-1.1458
-1.20708
-1.288
-1.30005
-1.18661
-1.1325
-1.1187
-1.05225
-1.08456
-1.15933
-1.17231
-1.04702
-1.11745
-1.10874
-1.02499
-0.975229
-0.984164
-1.0226
-1.06345
-1.07054
-1.12435
-1.17223
-1.27181
-1.3435
-1.23278
-1.23733
-1.29877
-1.27656
-1.20397
-1.10186
-1.13843
-1.12184
-1.17466
-1.15699
-1.10615
-1.10012
-1.17385
-1.17849
-1.1784
-1.17158
-1.15973
-1.25901
-1.24727
-1.10945
-1.03219
-0.970675
-0.95369
-0.987857
-1.02254
-1.07553
-1.15067
-1.26776
-1.33691
-1.20988
-1.04213
-1.00021
-1.0392
-1.0575
-1.0808
-1.0371
-1.03496
-1.05636
-1.14943
-1.16338
-1.02192
-0.959875
-0.935335
-1.02616
-0.968854
-1.06557
-1.04953
-1.06933
-1.09329
-1.10994
-1.06651
-0.95975
-0.93342
-0.909456
-0.923117
-0.976564
-1.01342
-1.05616
-1.15769
-1.25758
-1.34318
-1.35223
-1.26007
-1.16327
-1.16309
-1.14019
-1.20538
-1.19585
-1.16758
-1.14873
-1.09799
-1.09271
-1.08353
-1.08049
-0.981333
-0.974399
-0.981433
-0.973736
-1.07946
-1.1919
-1.16646
-1.16326
-1.21484
-1.19103
-1.23223
-1.21695
-1.14227
-1.12045
-1.0155
-0.921563
-0.871444
-0.878282
-0.819371
-0.81737
-0.879039
-0.910739
-0.91187
-0.867626
-0.807296
-0.836952
-0.845368
-0.84254
-0.891627
-0.923016
-0.943753
-0.98189
-1.04257
-1.08891
-1.11438
-1.12888
-1.16323
-1.16211
-1.21003
-1.25687
-1.26222
-1.21887
-1.2206
-1.28747
-1.27688
-1.2549
-1.28167
-1.33605
-1.33675
-1.34508
-1.24592
-1.15823
-1.16595
-1.21505
-1.2602
-1.31008
-1.33094
-1.32936
-1.29354
-1.25717
-1.18599
-1.23275
-1.18715
-1.08854
-1.12823
-1.09294
-1.17176
-1.14603
-1.23789
-1.11042
-1.04876
-1.04678
-1.01365
-1.03965
-1.08573
-1.13785
-1.13114
-1.05724
-0.9581
-0.996153
-1.01682
-1.14696
-1.19944
-1.19255
-1.19952
-1.2311
-1.29849
-1.32152
-1.25108
-1.1623
-1.13634
-1.19433
-1.28524
-1.25179
-1.2561
-1.26727
-1.27036
-1.33627
-1.32243
-1.17576
-1.18588
-1.2376
-1.36764
-1.25739
-1.15976
-1.29371
-1.37251
-1.40337
-1.29473
-1.20082
-1.26985
-1.41393
-1.21305
-1.30353
-1.29665
-1.32459
-1.26425
-1.12456
-0.978949
-1.01574
-1.15538
-1.15299
-1.15296
-1.10563
-1.15747
-1.25816
-1.23355
-1.12536
-1.13535
-1.17273
-1.2004
-1.15284
-1.21766
-1.31716
-1.47352
-1.57892
-1.32378
-1.21006
-1.24579
-1.3174
-1.28385
-1.24533
-1.20873
-1.26201
-1.35346
-1.24213
-1.04858
-0.969763
-0.972629
-1.10009
-1.07744
-1.10119
-1.12132
-1.17348
-1.22063
-1.16846
-1.07014
-1.081
-1.1501
-1.23486
-1.25251
-1.24218
-1.24395
-1.32975
-1.42117
-1.40031
-1.34213
-1.32497
-1.36795
-1.45763
-1.39669
-1.44563
-1.44151
-1.52965
-1.58312
-1.51577
-1.30338
-1.26039
-1.23977
-1.26197
-1.2765
-1.25997
-1.33929
-1.41217
-1.4963
-1.52657
-1.42557
-1.36748
-1.35069
-1.40239
-1.50364
-1.57543
-1.57092
-1.58231
-1.63707
-1.71417
-1.676
-1.59476
-1.56981
-1.6032
-1.72654
-1.75664
-1.74616
-1.73702
-1.72555
-1.73972
-1.81026
-1.72665
-1.5304
-1.47951
-1.59628
-1.72248
-1.73758
-1.82025
-1.81733
-1.88832
-1.95976
-1.93664
-1.88512
-1.6275
-1.59808
-1.64645
-1.65407
-1.60918
-1.56376
-1.56429
-1.62657
-1.63244
-1.71156
-1.7439
-1.5029
-1.6528
-1.38383
-1.32841
-1.23612
-1.09629
-1.14307
-1.17535
-1.14929
-1.12362
-1.21661
-1.25271
-1.26602
-1.13966
-1.11672
-1.0871
-1.13177
-1.23154
-1.1767
-1.13808
-1.05154
-0.916332
-0.813574
-0.846716
-0.849165
-0.863208
-0.872028
-0.867879
-0.848269
-0.830103
-0.840492
-0.861818
-0.896634
-0.926291
-0.942875
-0.979371
-1.01197
-1.01217
-1.00179
-1.02152
-1.04973
-1.06373
-1.09594
-1.08734
-1.06908
-1.0638
-1.0584
-1.07265
-1.10244
-1.12058
-1.07596
-1.04228
-1.12574
-1.26929
-1.26285
-1.1337
-1.03053
-1.0571
-1.09241
-1.19897
-1.1719
-1.16859
-1.20908
-1.2597
-1.33188
-1.3528
-1.20953
-1.12209
-1.16175
-1.28908
-1.35237
-1.38914
-1.43479
-1.52498
-1.59339
-1.59824
-1.49873
-1.29101
-1.3156
-1.41335
-1.49438
-1.54236
-1.65024
-1.74544
-1.81955
-1.9324
-1.89601
-1.71156
-1.46309
-1.36205
-1.3934
-1.43572
-1.45481
-1.41942
-1.43965
-1.48898
-1.42632
-1.32581
-1.24314
-1.23893
-1.28567
-1.39291
-1.41165
-1.52752
-1.60622
-1.65888
-1.69283
-1.74506
-1.65222
-1.49893
-1.3889
-1.37883
-1.46416
-1.60551
-1.57361
-1.57274
-1.57473
-1.59883
-1.65832
-1.74173
-1.73586
-1.7556
-1.67546
-1.60299
-1.51195
-1.48263
-1.44512
-1.43101
-1.40969
-1.36126
-1.33289
-1.29771
-1.30754
-1.37619
-1.37917
-1.36617
-1.43771
-1.53991
-1.59103
-1.61228
-1.52413
-1.43379
-1.31648
-1.21539
-1.03523
-1.05319
-1.04468
-0.996206
-1.08751
-1.17043
-0.995594
-0.943681
-0.992063
-1.04161
-1.07105
-1.17224
-1.0572
-1.14428
-1.24192
-1.22598
-1.17173
-1.1222
-1.04878
-1.00675
-1.04859
-1.09933
-1.11307
-1.09001
-1.04613
-1.04447
-1.09857
-1.08331
-1.09401
-1.08822
-1.13569
-1.15477
-1.0575
-0.982886
-0.981529
-1.03675
-1.08325
-1.12957
-1.21884
-1.26831
-1.18135
-1.10886
-1.10365
-1.13675
-1.08933
-1.17394
-1.13718
-1.14799
-1.10344
-1.18612
-1.10825
-1.09566
-1.02387
-0.948492
-0.942907
-0.925649
-0.959755
-0.94776
-0.97047
-0.976152
-0.995015
-1.01312