35.773
39.3366
38.4868
39.3914
35.8004
39.4463
36.7599
39.227
39.5285
39.4463
35.1151
38.0482
35.7456
35.5811
38.0757
36.8695
38.9803
37.4452
35.0055
35.5263
34.6491
39.5285
38.4046
39.364
37.4726
37.2533
37.3081
36.1568
35.9923
38.5965
35.0329
37.6919
34.7862
39.2818
37.3904
35.1425
37.6371
39.227
37.2807
33.6623
21.3268
19.7917
24.3147
28.9748
36.9518
33.7445
30.9759
33.0866
36.8421
32.3191
28.3169
33.3882
29.2489
33.3882
24.1776
22.7522
12.4726
26.6173
27.8235
25.7675
25.2467
27.2478
24.4792
31.8257
31.6612
33.3059
27.6864
27.4945
27.2478
27.7138
27.3026
29.1118
35.7456
34.6491
35.6086
35.9649
36.5132
36.5954
36.1294
34.8136
34.8136
32.6754
32.7577
33.0044
29.5504
29.2763
30.0713
33.58
26.5351
32.5384
31.9901
32.0998
32.2917
31.1952
31.9901
28.4539
34.2654
33.5526
31.0855
28.1798
23.1086
23.3827
25.0822
24.3969
27.3849
23.602
23.739
26.9189
31.5515
31.3871
31.1952
34.4024
34.841
34.6765
35.9923
41.42
37.034
36.2116
35.2796
36.4035
30.455
40.159
31.0033
30.7292
29.9342
29.4134
32.0175
28.1524
28.6184
27.9605
28.2895
28.1798
25.9046
26.5625
28.0428
27.6042
28.125
27.7138
28.1524
28.0702
27.193
30.7292
30.6469
29.6875
35.2522
34.6217
34.8136
35.3893
35.0329
35.5263
35.2248
34.6491
34.3202
31.6886
31.9353
31.4967
34.2105
33.9912
33.4156
30.5921
30.3728
30.7292
28.4265
28.3169
28.7829
26.8092
25.6305
25.5482
25.8498
26.5077
27.0285
27.6042
26.5625
25.7675
25.6305
25.6579
24.8081
25.8772
25.8772
27.5493
29.0844
28.8651
29.0296
29.0296
28.92
29.2763
27.1382
26.0417
26.5077
26.7818
28.4814
25.932
26.2336
26.1513
26.9463
29.3311
29.7149
29.7697
26.398
25.4112
25.3015
24.5066
25.3564
24.5888
23.6842
14.83
21.9298
14.4189
27.1107
24.068
16.0088
15.7621
14.0351
21.1897
13.3498
22.7522
26.0143
26.3432
25.8498
29.6601
26.3706
29.2489
28.7829
29.386
29.4682
29.4408
29.7149
28.9474
29.5504
29.1118
29.3037
29.3311
28.9474
28.591
31.6338
29.0844
29.1667
28.2895
29.7423
29.5779
29.386
29.3586
29.0022
29.3586
29.523
29.3586
29.2215
29.852
29.4134
29.6875
29.0022
29.4408
28.7829
29.6875
29.523
29.523
29.4956
39.1996
39.6107
39.1721
38.8432
39.364
38.6787
39.4189
39.4189
38.9803
38.7061
39.364
38.9803
38.4046
39.3914
39.1447
39.6656
39.5285
39.0899
40.9814
38.9803
39.2544
40.5702
38.9803
38.8706
39.8575
39.0625
38.9529
38.8158
38.9803
39.6107
39.0899
39.3092
39.3366
39.1173
39.0351
39.5559
39.5559
39.0625
39.3914
39.6107
39.1447
38.8432
39.0899
37.9934
40.159
39.2544
37.4452
39.2544
38.6513
39.3366
39.2544
39.0351
39.4463
39.6107
39.6656
41.6667
39.1721
40.1316
38.0757
39.1173
38.9254
39.1173
39.0625
40.8991
39.5285
39.5559
39.4189
39.3366
39.4189
39.6107
41.4474
39.1447
39.6107
39.7752
38.898
39.3914
39.4463
39.5285
39.7752
39.9123
39.6107
39.7752
39.4189
39.5833
39.6107
39.5011
39.693
41.5296
39.1447
39.9397
39.1447
39.8849
39.4189
39.364
39.7204
39.6656
41.557
41.4474
39.2544
39.3092
41.557
39.6656
39.6382
39.5833
40.0219
39.5285
39.2818
40.2686
39.3366
39.5011
39.7752
39.6382
39.83
39.6107
41.42
39.6656
41.9134
39.227
39.7204
39.5559
39.6656
38.9529
39.8849
39.6656
39.5285
39.9397
40.7895
39.3914
39.6382
38.8706
40.7895
39.4737
39.227
39.0077
41.2007
39.364
39.1173
39.227
39.5285
39.364
39.3366
38.8706
39.5011
39.5285
39.1173
39.1721
39.2544
39.5559
40.8991
38.9803
39.5285
38.8706
38.9803
37.5548
35.2522
33.6623
31.3871
22.0943
14.9945
12.7741
13.3498
32.5658
33.443
33.4156
33.7171
34.375
35.4989
36.6502
36.4857
36.8147
37.3081
37.0066
36.9518
36.6502
36.7873
36.8695
36.3761
36.102
36.705
38.2127
37.6645
41.7489
41.8311
42.1601
29.1118
30.5647
45.8882
45.9704
46.7654
30.1809
46.08
46.0252
30.784
29.6875
46.3268
46.4912
46.1623
46.2171
29.1941
46.2171
30.784
46.08
31.6338
30.5921
44.8191
45.7237
46.1075
44.8465
44.1886
43.1743
43.0647
27.3026
43.3388
42.9276
27.2478
43.1469
43.8871
43.7226
43.7226
28.1798
42.4068
41.5296
41.2007
41.2281
40.8991
39.6107
38.9254
38.6239
39.0077
38.8158
39.8026
40.5428
39.3092
39.6656
39.4737
39.8849
39.3914
41.2007
38.4868
38.8432
39.1721
36.4309
36.0471
35.6634
36.8147
36.3761
36.5132
37.5
35.6086
35.8279
35.5263
35.636
35.3344
32.7851
32.8125
32.045
25.6579
25.795
25.8224
26.0143
11.9518
12.9934
26.864
27.1656
27.1656
12.9934
13.4868
13.0482
26.4254
12.8289
13.5691
12.5274
26.8092
27.3575
12.966
13.7061
28.8651
29.2215
29.3311
16.557
30.8114
17.1327
31.0855
31.7708
31.8531
31.6886
19.5175
19.6272
32.977
21.9572
36.2939
22.5877
22.3684
36.4857
22.7522
22.7248
37.4178
22.6425
38.295
23.6294
38.0757
25.7675
40.2138
35.2522
26.7818
40.2686
40.625
41.0636
25.9868
25.932
38.6513
38.5143
24.4792
24.8081
23.5197
37.6919
23.1908
36.9518
22.9715
37.9386
24.0954
38.8158
40.0493
26.2336
34.5943
28.6732
42.7083
43.5855
29.9342
29.5504
44.545
43.8322
43.6129
44.9836
29.7971
44.9013
29.8794
44.7643
44.6546
29.6601
44.1064
44.1338
43.4485
29.7697
43.7774
29.9068
44.545
44.545
30.5647
30.0987
44.4353
43.75
45.4221
42.9002
31.9627
43.5033
24.6436
29.3586
28.591
27.6042
28.4539
28.8103
29.2215
28.4265
42.6535
29.0844
29.057
29.2215
28.1524
28.6184
42.9002
28.7007
27.7138
28.5088
43.2566
42.1875
42.6535
27.9057
28.3169
42.352
42.1053
42.8454
28.0154
27.9331
39.6656
28.8377
28.7007
35.3618
36.2939
22.2862
22.807
39.2818
25.7675
26.9737
38.3224
38.295
39.0899
38.5417
38.1853
25.4934
24.534
40.2961
25.1645
40.2138
28.3169
28.0976
26.6447
26.2336
27.33
27.193
41.42
25.7675
24.1776
23.1634
21.4364
19.7643
19.9836
34.2105
19.9561
33.7993
33.9638
32.7303
18.2292
18.0921
32.6206
33.3882
19.4353
20.7237
35.3893
26.4803
30.9759
28.6458
26.5351
29.3311
21.7105
20.9704
35.8004
20.7237
35.4715
35.6086
21.6283
35.636
35.4441
36.0197
36.1294
35.8827
20.5318
35.3344
35.2796
34.5121
20.6689
34.2928
20.3947
34.7862
20.4221
20.1206
33.2511
32.7577
32.2368
32.977
18.284
32.7851
31.3048
31.8531
31.5789
31.3048
16.4474
32.8125
18.2292
19.1064
34.2928
34.1009
34.2928
19.9013
34.2105
34.3476
33.4978
19.8465
34.0461
19.216
33.3059
18.8871
19.2434
18.8871
33.2237
33.443
33.4704
19.1064
33.2237
18.9967
32.8399
18.4211
32.648
17.1601
31.3596
31.716
29.4956
16.4474
16.1184
30.8388
31.5515
31.3048
13.9254
14.1447
28.591
29.9342
29.6875
15.1042
12.034
12.2807
12.3081
27.4123
26.8366
13.1579
11.8695
26.4529
11.7873
13.432
28.8651
13.5691
14.0625
14.9123
28.7007
28.5088
30.0439
16.2829
16.8311
16.9956
17.8728
17.4068
17.489
31.3871
17.1327
17.9276
31.4967
18.0647
18.6129
18.1195
31.9627
16.5844
30.7292
31.6612
31.3871
30.8388
31.1129
30.8662
17.0779
31.3322
16.9134
16.8037
30.7292
16.1184
29.057
14.1996
28.8377
27.3026
26.4254
27.0285
26.6721
13.9254
27.7686
12.8015
12.9386
12.8015
12.3629
26.9463
12.6371
26.8366
13.0757
13.1853
13.295
28.3717
29.4956
29.4956
15.5154
16.3377
31.0033
31.0581
31.25
31.3048
18.1195
18.2018
17.352
17.5439
30.784
15.0219
28.92
27.7961
12.966
13.5965
11.9243
11.8421
26.7818
11.8969
26.3432
11.9243
11.8421
26.2336
12.3081
12.3081
13.0208
13.0208
13.5417
13.1853
13.8432
13.5965
13.5417
28.0702
14.227
14.6656
13.4046
13.4868
28.0154
27.9331
28.1798
27.8235
14.0899
28.3169
28.8377
29.5779
28.9748
16.1184
30.4276
30.5373
30.5099
31.0581
30.9759
17.4068
31.3871
17.3794
16.7763
15.4605
15.4331
16.3925
30.9485
30.784
16.6118
30.5647
30.784
16.6667
32.2643
31.9627
32.0175
18.0373
18.0373
32.045
18.4759
32.648
18.5307
33.3333
33.1963
33.3333
19.3805
20.4496
20.148
34.2105
33.8542
33.8268
32.4561
33.3882
32.4287
31.6612
31.1678
31.25
27.6316
28.125
13.432
27.6864
27.5493
27.33
27.0559
12.7467
26.8914
12.7193
27.193
13.432
29.7971
29.9068
29.9068
30.8662
30.4276
30.8388
16.557
30.5921
29.2763
31.25
31.6338
17.1601
32.1272
17.9825
16.8586
19.6546
32.8947
33.0044
33.6623
20.2029
19.3805
19.0515
19.9561
20.2303
20.011
20.5044
20.6963
20.3673
21.6831
20.9156
21.1349
35.307
36.705
22.6425
22.9167
21.3542
21.4364
22.1491
27.9331
22.0121
22.5329
36.7325
22.0669
36.5954
35.3618
20.2577
33.443
22.0121
24.5066
23.3827
37.8289
23.0263
38.0482
37.1711
39.3914
37.2259
37.8015
37.5548
37.8015
37.1436
23.7939
36.8421
22.8618
23.0537
37.034
36.8147
37.3629
37.3081
36.9518
21.2171
22.2862
22.1765
36.2116
21.9298
22.5055
22.0121
36.9243
22.0395
22.2862
22.0121
35.5811
36.239
20.5866
34.8684
19.7368
20.2303
19.2982
17.2697
16.9682
31.1129
30.0439
30.1535
34.2105
28.591
21.9572
26.6721
22.2862
26.5351
33.0866
26.0965
34.1557
26.6447
24.6711
24.5614
23.3827
25.6853
24.9726
32.1272
31.1129
28.6458
28.4539
26.5077
26.4254
27.8509
22.5603
14.4463
14.4737
14.5011
14.2544
21.3816
14.227
26.4529
14.3914
25.9594
28.4539
14.7204
26.864
26.864
27.1382
24.2873
28.6458
14.3092
25.6031
14.693
25.4386
14.1447
24.6711
14.5285
25.2467
24.3147
14.1996
14.0625
27.4671
41.8586
21.3542
20.8882
13.5691
13.1579
13.1853
20.5866
12.6919
21.2445
23.4649
21.6557
21.2445
21.08
17.7632
20.7785
10.9923
24.5066
20.6689
23.5197
11.8695
25.1096
24.205
20.6689
25.4112
20.3399
20.2577
22.341
20.5044
22.2862
19.9836
20.0932
23.273
20.5318
20.5318
20.8059
20.6414
24.7807
21.9298
20.614
20.2029
12.3081
20.3399
25.8772
20.3125
20.3125
12.5822
19.9287
20.3673
24.3421
20.2029
19.4901
23.9035
19.2982
27.1656
23.7939
21.4638
19.8465
20.9156
19.682
11.705
27.33
19.9287
20.2851
22.5877
24.3695
23.0537
24.5614
20.0384
24.6436
22.9715
11.5954
25.1096
19.7643
19.4627
11.0197
24.1776
10.7456
11.0746
20.1206
19.3805
11.2664
20.2851
21.2719
22.9715
19.8191
23.4923
10.9649
26.4529
10.5811
22.8618
19.545
20.6414
24.4792
24.5066
23.9309
19.3257
23.1634
23.4101
24.5888
23.739
19.545
18.8322
18.6952
19.8739
19.9013
19.4627
19.7094
19.5998
19.4353
19.4353
19.4627
18.9145
24.205
24.4243
19.1612
24.3969
21.2719
24.0954
22.8618
24.534
23.7116
19.1886
22.8893
20.011
19.8739
20.4496
24.4518
23.8213
23.3553
19.6546
21.0252
19.682
23.8487
24.5888
26.398
26.5077
25.7127
20.8607
25.5757
17.6261
23.6842
19.5175
21.0526
17.7357
20.1754
21.6831
19.3257
19.7368
17.8454
17.4068
18.6129
17.7083
18.9419
17.7083
24.4243
16.886
19.4901
21.3816
25.1371
17.4616
15.9539
17.1601
24.205
17.7357
19.5175
17.7083
26.261
18.7774
17.2423
22.9167
23.3827
20.2303
20.8882
22.3684
21.6831
24.4518
25.6853
26.2061
21.9298
21.8202
25.7127
24.5888
22.9715
22.2588
22.7522
23.4923
20.3673
19.5175
19.5724
24.9178
19.7094
19.4627
25.932
20.0384
18.5033
20.3125
19.1064
17.3794
25.1096
24.2325
23.1908
23.9857
23.7664
22.0121
18.5033
17.4068
24.1502
25.6853
24.0954
21.5735
25.932
20.2029
25.9594
25.1919
22.0943
16.2281
24.3147
21.9024
21.409
25.9868
23.7664
25.6853
17.5439
21.9846
23.4101
24.1776
23.3004
27.193
20.4221
20.9704
19.7368
21.7928
24.8904
23.9035
17.7632
26.3432
20.5044
15.9539
20.7511
24.5888
24.1776
27.3575
18.4759
25.3015
24.534
19.7094
21.2171
22.1491
20.5592
24.6436
23.1908
23.4923
23.7939
21.8202
24.5614
20.6963
22.3684
25.1645
24.9178
24.6436
19.7094
22.8893
11.7873
22.6151
23.3279
24.8081
27.0285
22.1217
20.3399
25
25.2741
25.5757
25.0274
29.057
28.3443
21.2719
22.9441
20.6963
25.3015
26.5899
24.1228
13.1853
13.8432
21.5735
21.1897
21.3542
21.4638
13.9803
27.6316
14.1173
21.7379
22.0121
42.8728
14.364
14.7478
23.6842
43.2292
24.6711
15.0493
14.8849
29.3311
29.0022
28.3717
28.1798
27.9331
26.727
26.9463
26.398
26.5077
26.8366
27.0285
28.0702
25.1645
30.2083
30.0713
30.1809
30.2357
29.7697
29.0022
26.6996
27.3026
29.0844
25.0822
27.0285
30.7292
27.6316
28.3991
23.5746
26.4803
28.7281
27.2204
32.2368
23.8487
23.3827
30.0439
24.534
24.5066
27.0559
28.8651
28.5362
27.1382
27.2752
29.9068
28.7829
24.5614
31.4967
29.386
32.511
34.1009
29.057
24.7533
30.4825
28.2072
25.0274
27.1107
28.2346
27.7686
28.125
28.2895
28.2621
28.5362
26.2061
28.1524
27.8509
28.2346
28.2346
26.1787
29.989
30.9759
31.2226
27.9057
27.7961
16.7215
16.9134
30.7292
27.4945
25.3564
28.2346
30.4002
29.3586
26.1787
29.4408
25.5482
25.8224
30.8662
31.0033
31.9079
33.6349
35.5537
32.7577
22.7796
28.0976
33.7445
33.2785
32.2643
24.9178
22.0943
22.6425
32.7577
34.9507
27.0559
27.3575
28.3717
27.6864
34.4024
31.3048
35.307
34.2654
31.1678
35.0329
34.8136
31.2226
31.7708
33.4978
33.5252
30.9759
30.784
34.0186
34.1831
33.9912
32.5658
32.5658
27.0011
34.1283
36.239
31.0033
36.2116
34.9781
31.7434
35.4989
32.3465
32.0998
36.6228
26.6721
32.511
32.511
30.4002
25.2741
31.9627
29.4682
29.4956
27.7412
21.1349
19.5998
20.5318
27.9879
28.1798
29.6601
32.511
27.8783
29.2763
28.2346
30.318
25.3564
26.2884
26.0417
25.7401
25.9046
32.0175
26.4803
26.2061
25.9046
26.0417
26.5625
29.3037
33.7171
29.0844
35.2522
27.1382
27.5219
27.3849
33.0318
33.3607
34.9507
31.2774
29.6327
33.3059
33.4978
31.0307
26.6173
23.739
30.2906
29.4956
24.8904
27.9057
27.4397
29.989
27.33
27.659
28.9474
29.8246
36.1568
35.5811
35.8004
32.9496
31.7982
28.92
28.125
18.2292
22.7522
30.5647
23.6294
27.8235
29.6053
27.0285
28.4814
29.1667
31.4145
21.5461
26.9189
29.7423
26.9189
25.1096
29.8246
31.3048
20.6414
33.114
30.2357
34.5395
28.0154
29.2215
29.4682
21.6009
21.3542
30.9485
28.7555
30.5921
28.5088
24.4243
28.6184
30.1535
29.989
22.8893
23.1086
30.784
27.659
26.4803
19.1064
33.3059
25.4934
25.1919
32.3465
30.0439
25.0548
26.6721
26.0965
27.2478
31.9901
31.9627
31.4419
34.4846
27.33
32.977
32.4287
32.4561
32.0175
34.6491
34.375
34.6217
35.1425
35.7456
32.7029
34.9232
37.9386
37.3081
40.0219
33.1414
38.4594
38.2401
34.3476
38.5965
37.7467
33.0592
40.7895
32.5658
32.2917
36.2116
33.0592
36.8147
36.0197
37.1162
37.0614
36.5406
36.6776
36.8147
37.2807
34.8136
32.8673
36.8147
36.3213
35.8279
32.977
36.8147
37.4452
36.4035
39.1721
34.0186
34.1009
34.5121
34.7588
34.1831
35.8279
36.6502
36.4309
36.1294
35.4715
36.3487
36.4583
36.5132
37.0066
36.3213
40.2686
35.9923
42.5713
38.0482
42.5164
41.091
35.6634
41.3377
41.2829
41.0636
38.9254
40.0219
42.5164
35.8004
44.2982
38.6239
44.545
40.159
41.42
39.0625
41.4474
38.432
40.5154
38.8158
35.3344
40.5702
35.1974
39.5285
39.4463
27.9879
30.8936
23.2456
26.9189
30.5647
30.6195
14.227
14.1721
22.2862
27.3849
21.6283
21.8202
42.4068
26.9189
26.2061
24.7259
20.7785
31.716
24.1776
24.068
28.0428
24.3695
30.9759
31.9079
29.6601
29.4956
31.3596
31.5515
31.4419
27.4397
23.4375
25.7675
29.9616
29.7423
30.4002
27.9605
29.4408
26.398
29.5504
25.6853
30.2083
28.6184
28.5088
31.3048
28.92
30.8114
24.8904
28.7281
25.4112
29.7971
28.0154
29.9342
25.932
28.7007
29.6601
31.2226
31.3322
32.2643
29.4134
30.1809
33.114
31.25
30.7292
33.1963
33.2237
33.4704
36.5954
35.3344
36.9518
34.7314
35.4441
33.7445
36.2116
32.0724
34.9232
34.9781
34.8136
33.4156
34.8958
30.4825
34.375
32.0724
35.2522
32.9496
34.2654
34.6765
34.7314
36.1294
36.8147
36.2939
36.9243
37.2807
37.2807
38.5143
38.2401
37.6096
38.5691
38.4594
38.5417
38.7336
38.7061
38.0482
38.295
38.9803
39.4189
38.4594
38.9254
38.8706
39.3914
39.1996
38.8158
38.5417
39.0077
38.5691
38.8158
39.0899
38.6239
38.295
39.227
39.0351
38.9529
38.3772
39.4737
39.364
39.9397
39.3092
39.227
39.5285
38.5143
44.7368
38.3224
38.7061
40.4605
38.8158
38.8432
39.1996
38.8158
38.7884
38.2127
38.898
39.2818
38.4594
38.3224
38.4046
38.5691
38.1031
38.5691
38.761
38.6787
38.5691
38.7336
38.4594
39.3366
39.5285
39.3092
39.6382
39.2818
39.2544
38.1853
38.4046
38.5417
38.761
38.6787
39.2544
38.8432
37.966
38.8432
38.0757
38.2401
38.2127
37.9386
38.7336
37.7467
38.1579
38.5691
38.2127
38.5417
38.4868
38.4046
40.2686
38.3224
38.2675
39.7752
38.1031
38.0482
38.898
38.1579
37.8564
37.6371
37.5548
38.0208
38.0482
39.0351
38.1305
38.7336
38.6787
38.898
38.4594
38.9529
38.4594
39.0625
39.364
38.5143
37.8838
37.6645
37.3629
37.8564
34.0735
33.3059
34.4846
30.5647
38.4594
34.8136
32.977
32.7029
32.1272
34.0461
32.6206
33.1963
33.6075
31.1129
31.4967
32.2643
23.0537
27.5219
33.8816
34.375
32.9221
34.3202
34.6765
33.0866
26.4803
23.273
29.3037
30.7018
33.7445
35.1974
27.5219
32.7851
26.0691
34.9232
34.2105
37.9112
34.7588
34.3476
33.1414
35.3618
34.841
32.7303
27.1382
27.1107
35.0603
30.1809
22.341
28.6458
13.898
27.2204
25.3838
26.8366
25.5757
15.159
23.3004
32.0175
25.4386
20.7511
33.2237
22.5603
37.4726
38.1853
39.0351
38.7884
39.6382
41.1732
37.6371
45.1754
37.8564
37.8564
38.1305
38.1031
37.8838
38.2675
38.761
38.0482
37.8838
38.7061
37.6371
45.6689
37.9386
42.7906
38.1305
38.0208
46.3268
37.9934
47.1765
38.2675
43.5033
37.8289
37.9112
43.9419
40.2412
43.0921
37.5822
40.7895
37.6919
38.1579
38.0757
37.8564
38.9254
38.5417
38.295
37.7467
38.1305
38.1579
38.1853
41.1184
41.2829
37.8564