3209
3288
3382
3525
3523
3516
3728
3681
3721
3735
3844
3809
3842
3648
3517
3520
3530
3432
3529
3421
3386
3321
3306
3429
3433
3405
3390
3333
3223
3053
2857
2699
2590
2720
2814
2875
2949
2958
2949
3001
2889
2812
2732
2592
2419
2369
2484
2449
2525
2416
2260
2295
2392
2485
2452
2323
2283
2354
2502
2690
2620
2590
2577
2626
2775
2817
2786
2952
2793
3045
3085
3208
3282
3391
3245
3204
2970
3064
2962
2929
2830
2851
2834
2740
2704
2621
2649
2658
2698
2869
2983
3006
2766
2685
2555
2430
2451
2476
2294
2141
2081
2027
2045
2079
2115
2116
2148
2201
2348
2490
2673
2711
2813
2868
2955
2931
3000
3139
3048
2957
3071
3148
2990
2955
2887
2905
2713
2725
2611
2548
2569
2564
2598
2588
2399
2229
2260
2204
2289
2177
2209
2209
2267
2252
2159
2196
2259
2174
2096
2075
1848
1765
1771
2015
2119
2266
2403
2578
2574
2476
2540
2699
2723
2889
2926
2866
2757
2544
2609
2685
2652
2397
2274
2175
2297
2343
2425
2450
2315
2201
2162
2009
1952
1932
1984
1962
1952
1935
1969
1921
1971
1989
2013
2009
1955
2050
1993
1916
1921
1910
1834
1773
1761
1799
1670
1659
1567
1623
1563
1607
1685
1661
1599
1699
1635
1632
1588
1587
1584
1517
1496
1495
1462
1514
1530
1532
1603
1574
1681
1629
1654
1627
1536
1599
1534
1601
1545
1512
1493
1523
1593
1670
1739
1751
1694
1716
1925
2069
2073
2112
2214
2259
2326
2390
2487
2394
2339
2352
2379
2388
2382
2407
2409
2387
2398
2498
2639
2826
3003
3073
3229
3495
3596
3704
3763
3280
3126
3218
3285
3432
3572
3722
3809
3807
3891
3965
3993
3997
3876
3812
3754
3784
3924
3786
3689
3764
3512
3656
3540
3562
3465
3497
3418
3431
3449
3398
3507
3718
3695
3702
3736
3761
3801
3894
3980
3952
4241
4308
4407
4264
4279
4104
4194
4209
3931
3898
3847
3783
3957
4003
4196
4304
4278
4425
4191
4496
4114
4059
3965
4066
3995
4114
4125
4241
4009
3922
3487
3430
3282
3364
3384
3340
3358
3487
3078
3024
3082
3295
3288
3495
3588
3448
3374
3515
3537
3603
3831
4011
4164
4226
3892
3754
3784
3734
3804
3781
3779
3889
3819
3780
3825
3802
3847
3933
4140
4229
4320
3837
3539
3437
3460
3255
3226
3148
3042
3034
3018
3073
2804
2754
2689
2476
2620
2570
2601
2620
2634
2621
2715
2711
2683
2731
2789
2799
2877
2974
2991
3043
3002
2935
2888
2833
2667
2594
2454
2463
2529
2545
2509
2563
2581
2622
2716
2766
2701
2772
2984
3183
3222
3296
3384
3436
3400
3620
3891
3594
3402
3246
3022
2964
3038
2945
2695
2596
2549
2440
2459
2352
2436
2271
2205
2192
2278
2295
2267
2333
2357
2218
2151
2187
2149
2186
2104
2131
2096
2204
2332
2423
2745
2776
2722
2677
2610
2630
2589
2669
2739
2849
2801
2858
2925
3032
3057
2973
2841
2739
2662
2630
2331
2174
2013
1860
1863
1871
1898
1716
1697
1647
1668
1604
1628
1643
1687
1662
1851
1864
1845
1799
1960
1992
2180
2158
2151
2114
2197
2062
1968
1907
1702
1462
1325
1325
1339
1339
1338
1481
1407
1421
1379
1383
1337
1300
1295
1258
1155
1006
1055
1095
1118
1245
1226
1165
1063
1083
1094
1086
1155
1084
1085
1223
1221
1334
1335
1365
1356
1417
1519
1519
1392
1124
1022
1042
1023
964
1006
1176
1165
1123
1060
970
1095
1102
1098
1140
1216
1283
1352
1391
1356
1215
1086
1119
1083
1173
1201
1212
1221
1163
1211
1205
1308
1313
1337
1125
1097
1245
1199
1189
1157
1114
1242
1284
1292
1412
1443
1522
1607
1488
1451
1645
1712
1737
1594
1473
1340
1403
1310
1307
1372
1395
1568
1768
2011
2214
2506
2754
3032
2796
2721
2660
2553
2150
2043
2059
2154
2339
2470
2648
2778
2726
2408
2162
2194
2233
2165
1825
1833
1930
1935
2195
2425
2504
2605
2666
2792
2577
2496
2400
2295
2352
2345
2447
2461
2478
2497
2261
2205
2068
1972
1841
1842
1933
1969
1964
2094
2079
2193
2258
2258
2027
1956
1921
2012
2229
2244
2160
2294
2296
2350
2321
2312
2277
1902
1707
1713
1754
1771
1925
1923
1800
1820
1781
1979
1957
1917
1946
2126
2260
2557
2917
3200
3359
3367
3348
3190
3129
2585
2602
2416
2519
2320
2243
2184
2069
2093
2044
2121
1968
1898
1686
1563
1427
1260
1155
1068
990
902
892
803
812
854
863
872
894
902
906
871
878
892
899
954
951
997
965
982
1036
1067
1107
1177
1197
1212
1165
1187
1139
1108
1068
1082
1109
1173
1280
1294
1449
1505
1541
1615
1737
1891
2029
2034
2011
1998
1975
1863
1699
1633
1483
1437
1361
1387
1393
1396
1421
1395
1423
1359
1454
1500
1454
1496
1612
1694
1787
1809
1816
1824
1848
2098
2208
2326
2368
2456
2500
2464
2337
2386
2323
2224
2229
2123
2139
2172
2229
2233
2216
2229
2365
2413
2545
2470
2400
2178
2175
2244
2071
2070
2180
2053
2136
2114
1971
1899
1800
1794
1747
1773
1793
1875
1812
1884
1896
1920
2015
2008
1986
2120
2178
2191
2193
2284
2279
2328
2342
2439
2438
2514
2554
2595
2528
2532
2521
2444
2237
2119
2009
1940
1900
1878
1901
1905
1881
1971
2016
2175
2257
2346
2464
2791
2880
2999
3193
3442
3593
3559
3370
3237
3090
2909
3000
3102
3396
3651
3763
4002
4131
4275
4198
4308
4328
4347
4386
4445
4298
4260
4174
3964
3952
3840
3672
3699
3765
3950
3859
3875
3866
4146
4079
4043
4117
3777
3756
3638
3634
3611
3660
3665
3855
3967
4090
4037
4032
3911
3968
4209
4480
4522
4508
4550
4330
4217
3810
3776
4056
4406
4449
4586
4377
4472
4259
4082
4044
4283
4148
4256
4250
4292
4372
4393
4507
4710
4661
4770
4758
4777
4888
4850
4464
4342
4142
4152
4421
4602
4295
4056
3834
3526
3190
3237
3350
3359
3166
3218
3374
3648
3863
3971
3957
4067
4123
4353
4194
3981
3909
3931
3844
3697
3787
3712
3514
3332
3256
3365
2987
2384
2315
2326
2573
2153
2213
1963
1829
2007
1979
1900
1910
1983
2044
1930
2034
2021
2213
2379
2390
2553
2668
2671
2636
2718
2474
2081
2005
2160
1994
2243
2694
2767
2483
2544
2633
2767
2902
2876
3047
3284
3424
3645
3535
3510
3517
3516
3115
3271
3283
3288
3276
2832
2617
2715
2867
2696
2782
2911
2961
3069
3427
3569
3485
3361
2955
2502
2609
3221
2856
2621
2851
2931
2750
2725
2692
2815
2802
2716
2653
2366
2338
2368
2294
2396
2540
2412
2216
2030
1907
1877
1926
2058
1955
1789
1874
1826
1800
1888
1944
2053
2165
2236
2273
2273
2330
2323
2479
2631
2663
2750
2524
2619
2989
3173
3251
3219
3277
3349
3430
3494
3421
3422
3510
3481
3505
3530
3400
3346
3110
2869
2788
2670
2738
2746
2748
2741
2823
2794
2713
2692
2794
2862
2831
2904
2953
2816
2825
2781
2775
2789
2783
2785
2852
2949
3056
3224
3357
3491
3459
3331
3201
3164
3063
3099
3024
2399
2437
2467
2380
2402
2368
2381
2474
2584
2592
2541
2425
1962
1625
1524
1485
1399
1237
1247
1286
1252
1194
1231
1289
1414
1704
1735
1765
1715
1934
1872
1983
2101
1950
1939
1882
2025
2005
2218
2085
2002
2025
1838
1803
1808
1836
1725
1781
1881
1931
1917
2008
1851
1677
1721
1833
1818
1937
1920
1945
2041
2075
2118
2177
2132
2074
2050
2083
1939
1859
1797
1654
1624
1612
1562
1583
1555
1536
1592
1598
1556
1497
1575
1596
1578
1612
1627
1627
1781
1888
1869
1882
1895
1864
2016
2021
2124
2259
2463
2475
2657
2877
2964
2914
3017
2914
2696
2420
2313
2149
1970
2021
1925
1917
1928
1914
1912
1908
1794
1644
1580
1645
1588
1628
1857
2021
2303
2316
2305
2418
2392
2390
2355
2427
2416
2569
2832
3228
3432
3698
3891
3957
3989
3963
3931
3606
3812
3554
3303
3415
3497
3124
2920
3084
2635
3029
3605
4042
4324
4144
4130
4080
3948
3683
3472
3317
3104
3290
3290
3180
3041
2922
2752
2651
2650
2586
2645
2568
2345
2334
2389
2721
2721
2605
2755
3004
3169
3242
3251
3156
2866
2900
2775
2842
2563
2630
2428
2567
2814
2997
2918
2958
3139
2977
2883
3049
3267
3573
3518
3446
3230
3202
3111
3269
3546
3622
3383
3219
2696
2029
1731
1633
1531
1561
1704
1922
2309
2351
2433
2397
2416
2436
2679
2888
3205
3336
3557
3450
3401
3534
3756
3741
3610
3784
3519
3171
3000
2822
2921
2866
2769
2570
2096
2052
2433
2364
2215
1968
2176
2249
2436
2596
2356
2226
2194
2216
2296
2537
2551
2378
2242
2069
2057
2025
1887
1915
2196
2327
2543
2674
2661
2669
2690
2785
2838
2565
2461
2509
2569
2533
2589
2763
2825
2960
3064
3057
3016
2923
3232
3604
3547
3174
3096
3096
3091
3449
3652
3565
3115
2858
2968
3154
3425
3362
3522
3604
3345
3466
3328
3383
3218
3349
3490
3697
3703
3483
3580
3595
3592
3606
3630
3338
3366
3247
3003
2892
2908
2842
2841
2858
2825
2811
2819
2995
3017
3049
3061
2987
3021
2982
2899
2843
2760
2764
2879
2860
2874
2946
2982
3011
3010
3009
2845
2749
2578
2614
2768
2790
2645
2755
2788
2762
2825
2935
3069
3137
3344
3415
3536
3693
3895
4039
4115
4048
4238
4008
3855
3690
3455
3464
3560
3681
3806
3974
3947
3970
3734
3838
3869
3757
3629
3819
3822
3909
3666
3745
3641
3638
3620
3744
3666
3556
3445
3311
3284
3161
3000
3065
3018
3124
3202
3217
3213
3180
3253
3462
3338
3644
3584
3514
3545
3642
3771
3801
3693
3597
3439
3569
3480
3416
3499
3442
3457
3347
3578
3447
3309
3135
2864
2660
2700
2778
2825
2898
3003
2991
2981
2811
2524
2374
2523
2497
2422
2301
2486
2400
2389
2397
2651
2611
2690
2675
2780
2950
2897
3144
3186
3428
3362
3249
3045
2985
2733
2831
2754
2742
2715
2715
2653
2716
2793
2960
2981
2802
2696
2547
2378
2439
2392
2228
2138
2030
2077
2085
2151
2141
2253
2359
2418
2599
2729
2821
2892
2940
2899
3101
3096
3146
3157
3149
3076
3047
2826
2895
2736
2758
2635
2645
2568
2582
2681
2371
2204
2347
2297
2240
2254
2166
2191
2118
2149
2155
2239