1786
1760
1710
1727
1924
1728
1762
1837
1789
1941
2181
1998
2159
2273
2394
2541
2911
2926
2884
3070
3356
3372
3319
3152
3133
3108
3195
3447
3232
3001
2658
2801
2777
2836
2937
2951
2818
2438
2143
1773
1682
1451
1385
1452
1546
1749
1999
2131
2258
2214
2289
2274
2383
2488
2265
2271
2046
1956
1968
1921
1600
1614
1396
1425
1568
1763
1867
1884
2096
2618
2753
2697
3149
2833
2684
2690
2664
2599
2415
1908
1893
1903
1893
1948
1926
1896
1831
1777
1733
1717
1655
1655
1619
1519
1461
1381
1400
1340
1393
1403
1336
1356
1502
1578
1666
1604
1643
1663
1788
1915
1853
1927
2089
1956
1809
1927
1974
1978
1830
1698
1488
1410
1393
1425
1442
1433
1350
1458
1523
1521
1448
1513
1541
1543
1610
1563
1508
1445
1303
1355
1267
1267
1185
1109
1112
1143
1055
1102
1159
1096
1045
1124
962
961
1026
983
1123
1377
1539
1377
1352
1415
1579
1933
2380
2027
2015
2167
2253
2541
2673
2742
2819
2795
2638
2397
2150
1964
2104
2189
2341
2349
2472
2490
2349
2244
2128
2324
2396
2317
2100
2330
2183
1942
1743
1795
1744
1729
1754
2101
2237
2547
2888
3033
2992
2921
2496
2445
2351
2191
2192
2278
2160
2034
1984
2135
1965
1777
1914
1987
2050
2054
2232
2299
2145
2189
2189
2321
2581
2597
2356
2016
1749
1662
1763
1699
1640
1568
1801
1860
1918
2036
1880
1683
1676
1804
1876
1878
2025
2073
2105
2190
2242
1860
1796
2168
2500
2964
3511
4076
4187
3885
3992
4115
4269
3979
3721
3740
3248
2883
2818
2298
1980
1859
1926
1948
2138
2303
2226
1999
1998
1936
1916
1981
2061
2082
2264
2266
1943
1868
1623
1390
1432
1511
1549
1656
1683
1811
1952
2179
2347
2239
2220
2444
2751
2838
2883
2782
2528
2447
2386
2320
2006
1775
1445
1451
1676
2136
2656
3280
4314
5136
4950
5040
4911
4727
4643
4576
4425
4172
3891
3629
3400
3050
2282
2263
2332
2397
2356
2579
2824
3122
3322
3294
3530
3830
3931
3786
3872
3672
3022
3079
2763
2493
2378
2251
1924
1667
1593
1585
1569
1516
1431
1528
1481
1510
1380
1435
1419
1467
1423
1396
1428
1435
1540
1545
1554
1613
1678
1736
1883
1933
2118
2197
2240
2415
2414
2428
2593
2616
2687
2715
2688
2754
2705
2548
2560
2630
2597
2637
2445
2306
2250
2223
2208
2125
2028
2028
2090
2163
2269
2376
2375
2384
2430
2450
2419
2390
2491
2411
2304
2201
2241
2299
2302
2393
2372
2465
2380
2482
2476
2616
2537
2714
2710
2752
2800
2919
3164
3410
3527
3497
3556
3549
3858
3792
3864
3750
3715
3603
3472
3397
3421
3371
3613
3498
3214
2929
3002
2752
2471
2470
2473
2546
2644
2670
2812
2850
2732
2749
2878
3049
3122
3400
3479
3427
3437
3484
3673
3557
3497
3221
3198
3102
3213
3261
3017
2798
2701
2833
2844
2825
2789
2595
2666
2806
2816
3055
2698
2368
2103
1911
2051
2175
2048
1978
1847
1925
1806
1877
1672
1681
1649
1572
1669
1628
1565
1328
1447
1516
1496
1489
1539
1720
1712
1864
1984
1944
2021
2096
2191
1975
1910
1808
1735
1631
1637
1519
1424
1483
1546
1491
1266
866
810
843
911
1032
1098
1289
1360
1564
1550
1688
1877
1863
2888
2999
3198
3402
3350
3060
2881
2795
2720
2559
2183
2065
1860
1649
1408
1228
1063
870
709
673
703
682
673
639
734
728
752
851
888
956
1021
1159
1180
1324
1473
1580
1658
1667
1761
1754
1682
1812
1797
1775
1738
1712
1675
1675
1642
1620
1738
1676
1739
1814
1782
1786
1610
1526
1523
1476
1600
1679
1825
1953
2266
2398
2379
2437
2449
2510
2537
2452
2281
2306
2114
1992
1783
1644
1676
1995
2220
2538
2761
2984
2814
2562
2079
1596
1430
1284
1523
1710
1768
1920
1956
2072
2070
2092
2382
2397
2335
2322
2371
2528
2426
2483
2461
2591
2953
3586
3510
3422
3380
3221
3081
2896
2699
2374
1854
1843
1886
1627
1478
1475
1481
1443
1452
1464
1342
1293
1283
1185
1136
1008
1096
1169
1328
1427
1452
1336
1408
1380
1498
1681
1715
1713
1851
1884
1950
2156
2326
2345
2544
2687
2960
3024
3286
3568
3622
3300
2929
2465
2400
2294
2306
2483
2371
2445
2639
2806
2568
2183
1990
1769
1618
1632
1534
1549
1521
1440
1516
1460
1417
1384
1451
1334
1516
1507
1344
1382
1254
1147
1218
1369
1283
1220
1217
1172
1167
1134
1121
1127
1252
1428
1447
1299
1296
1235
1294
1241
1255
1343
1356
1498
1454
1570
1695
1666
1716
1779
1745
1938
2078
2180
2195
2391
2416
2499
2369
2031
1895
1931
1885
1880
1821
2081
2124
2321
2117
2008
1960
2013
2164
2372
2343
2064
1935
1877
1736
1860
1887
2003
2039
2021
2133
2643
2899
3305
3258
3008
2886
2735
2679
2710
2602
2566
2432
2344
2276
2270
2674
2652
2693
2780
2865
2715
2813
2727
2603
2527
2667
2739
2374
2516
2508
2497
2601
2734
2888
3101
3479
3929
4089
4125
3859
3478
3253
3318
3259
3524
3391
3486
3362
3558
3614
3688
3511
3596
3578
3497
3289
3110
2903
2753
2765
2590
2353
2246
1884
1739
1980
1884
1693
1636
1599
1247
1221
1193
1104
1184
1225
1212
1218
1181
1192
1121
1283
1250
1124
1120
1122
1154
1166
1133
1228
1250
1169
1203
1147
1143
1110
1182
1137
1123
1124
1138
1167
1182
1114
1166
1277
1402
1443
1472
1424