3.49602
-1.20433
2.37141
-1.46394
1.71124
-0.634818
6.85134
-5.79896
-2.33157
5.7438
-0.0679738
10.7565
-8.83126
4.38712
3.12037
-1.81541
-5.44645
7.85242
-4.28161
-3.94852
5.26414
-6.56652
-0.272136
5.44785
-4.47395
5.26576
-7.79279
-9.3385
-0.713849
2.08927
0.549525
-7.37418
4.62789
0.288913
0.360328
-5.78629
2.34553
2.77738
5.69201
-5.16593
-1.22701
0.524728
0.527487
-3.12271
0.461027
2.76294
1.43353
-3.16965
-0.573706
7.49954
-1.44189
-5.79703
-3.43752
-2.31463
5.20895
-3.83435
2.45059
5.59527
-5.27131
-2.07897
-1.36708
-1.7783
1.07677
-3.20665
3.1625
4.06325
-2.57246
-1.23141
32.0003
-2.95857
-4.30214
2.7669
0.297383
-5.00531
6.4843
2.6472
21.2944
0.603471
0.227428
-2.05338
0.912226
-1.15789
2.17392
-2.78426
-20.0792
-4.11823
0.978092
0.245655
-0.825638
2.19505
0.0128931
-1.83896
-2.98725
1.48915
1.45204
-2.28
-1.98188
6.95634
-5.39564
5.15171
-2.67793
5.43069
3.94433
0.934562
-0.790372
3.00259
-1.39676
-4.22943
0.712635
11.219
1.24273
0.61049
-2.50021
3.36029
7.27909
-6.29386
6.19669
17.3041
3.31144
8.30635
-6.13693
1.6415
7.45395
1.34678
1.97533
-65.4543
1.99775
2.80795
3.09946
0.422432
7.88102
-3.32292
0.370324
-72.2065
-2.53507
-2.83602
1.30823
-1.843
-5.32715
1.65067
7.63816
111.757
2.8905
2.04502
-1.72455
4.34972
-3.36595
2.20053
0.627583
2.67955
-80.7685
-6.70759
2.64277
-4.9563
-1.91185
-6.97837
2.15599
-7.37543
-84.3159
0.416327
-3.53808
6.58432
-4.0444
-1.98601
0.220332
-11.1548
207.084
-11.7723
2.59779
6.86766
-2.50964
-0.409233
5.98104
-3.49413
469.375
4.09977
-5.17119
-10.4744
-4.85028
3.82707
5.09212
-8.1161
-430.603
-3.70359
-4.68711
1.2247
-6.58275
0.868438
-3.52395
-3.27187
0.621315
-207.158
-1.71617
2.62529
-5.91988
-0.277929
-0.115888
1.63064
-1.32863
92.3132
-0.433484
3.61543
0.322406
2.06611
1.46428
2.09135
1.78082
187.993
5.81437
1.52607
3.51419
3.39662
0.871948
-0.554023
2.17212
-105.841
0.562887
2.89288
2.72739
-1.34595
12.8163
-2.13984
5.80183
-193.855
-9.68694
4.8899
-2.25723
10.2846
-4.49005
5.3268
-0.957009
93.2977
-4.72308
-0.796719
-9.64587
2.49698
-10.1083
0.489405
5.32425
7.62922
652.195
8.77853
8.32138
12.2492
8.02834
2.9873
6.8019
3.35311
-332.249
3.70843
3.04095
-0.973336
0.999108
-0.218272
-4.28047
-6.93019
-367.308
-2.84565
-0.491846
-7.90265
-7.53374
-12.1418
-9.01514
-19.6168
246.94
-12.8323
-16.1148
-9.8724
-9.03048
-3.82852
-11.1991
-3.09757
479.01
-1.57743
-4.15616
14.3078
8.1691
7.77509
10.1477
20.7372
-468.706
7.03572
14.0478
10.3419
11.1618
11.1643
11.7019
4.00536
4.33692
-411.514
0.866205
-2.81491
-7.56758
4.59265
-2.35758
-8.39843
-12.8063
233.572
-4.66727
2.9793
4.88001
-6.93623
1.59345
-5.68119
-1.59543
70.894
-10.9303
-10.1704
-6.00453
17.6229
15.1141
31.8644
-0.82243
-134.914
-15.6935
-3.82508
-16.3386
-2.50995
-11.4651
-4.93168
-9.3404
-55.6932
-13.912
-6.71961
-0.199047
7.38624
9.57845
11.2898
8.5877
-26.7398
115.423
-0.343386
7.03916
-3.03179
1.81103
-6.31893
-5.48635
-0.796414
-208.816
-0.495203
-1.52272
12.0165
2.24233
8.39731
3.02416
3.87967
-80.4898
-38.8254
-34.1901
3.44887
-6.4955
-7.03829
2.49684
6.73511
722.845
52.732
-2.57829
2.22457
-1.57033
-1.10316
-7.91497
-8.00668
-532.521
-0.309893
3.33475
8.8159
17.9715
0.715853
1.09576
0.0725528
-160.216
-13.4819
-31.5371
-18.4855
0.435781
3.42242
30.504
29.3584
1.77406
782.419
11.6503
2.93444
4.97235
-0.213542
-6.48322
-0.234217
0.201865
-638.545
2.70242
6.05248
4.67116
5.482
-2.74806
-1.41192
-2.17772
-85.1469
-1.5601
1.25476
-1.36716
-2.61586
-4.44343
-0.200267
-3.08443
90.0692
-0.134962
-4.23137
-3.78701
3.26836
-3.21587
12.4063
-2.1758
113.169
3.45925
-7.23635
-4.55151
-5.25401
-5.81964
-4.69169
-6.29856
-58.453
-1.78326
3.56791
-2.13405
8.9459
7.79466
-1.67427
-2.01882
-5.20649
-58.0493
-11.88
-6.84314
-8.3892
-4.62941
-11.0052
-6.2843
5.98916
422.634
-2.42178
-8.80464
2.89738
8.193
6.95222
9.95297
17.871
-559.15
4.66743
1.5941
4.1037
9.2197
-3.95758
-3.47315
-1.73836
-53.3113
-21.777
-14.6589
-17.2848
1.63731
1.2144
5.40484
13.1476
860.259
7.43846
12.5095
13.7499
18.841
-3.32065
-3.27029
-0.608278
1427
-2314.02
-9.70597
-2.28068
-4.50671
-6.43859
0.745669
-4.24864
-5.4258
-67.7416
-8.12577
-17.9368
-3.50718
-5.72621
-1.7186
9.179
-0.977837
479.455
-8.15586
-12.4082
-9.52577
-5.90463
-9.03992
-3.25638
-10.6933
-191.794
-8.91326
-7.71139
-5.42227
-5.63186
-2.71814
-2.26234
-3.64183
41.9053
4.44463
-9.15158
-3.73338
-7.3883
-1.0593
-11.1076
2.75782
55.0387
-1.11461
4.05218
-3.01159
1.54705
-7.34912
-6.21826
-10.2432
1.27039
28.5365
-7.3053
0.379708
-2.48128
-3.83765
-7.72997
-6.70909
-10.3091
224.756
-18.1104
-15.0982
-13.5821
-30.5241
-23.1119
-36.2603
-28.3573
263.794
-35.4833
-38.1789
-51.621
-74.4925
-87.2289
-73.1026
-82.5373
-8.94815
-77.6381
-41.1306
-20.6808
-2.40653
10.5804
14.9786
20.5868
62.4038
23.4031
32.5057
31.2383
20.9689
16.4973
20.0181
-3.05897
-57.4381
-6.86674
1.81405
15.6347
14.0709
18.8183
15.5069
7.60679
2.08037
316.791
1.38731
-13.7354
-20.4929
-23.0155
-26.3759
-32.6023
-31.7395
207.632
-19.3623
-19.2641
-11.8575
-14.7281
-12.5567
-2.6209
-4.02848
105.719
2.4007
10.4474
-0.956147
12.6762
10.3265
11.6064
17.7495
-135.872
18.8395
17.0762
24.999
18.288
24.0021
26.8133
25.4711
-262.21
15.5926
23.153
20.0289
30.619
18.4206
24.978
19.4539
16.7527
-269.41
8.14236
8.36083
2.54704
-8.44231
-10.1402
-19.0168
-17.6108
-99.919
-14.2983
-21.3179
-25.9731
-23.1196
-21.2969
-31.6756
-33.6391
292.14
-50.7505
-53.6235
-45.1212
-37.4989
-42.2263
-30.2121
-27.6883
494.91
-36.5917
-26.4957
-15.5142
-20.1531
-8.36708
-21.1611
-10.0369
237.212
-21.595
-10.4389
-2.69191
-7.7202
1.9915
1.23265
-2.18955
97.1363
2.57223
7.15188
9.32082
6.43238
0.854761
14.4453
2.33272
-3.36663
-107.239
5.4965
2.87738
-0.0670612
0.952494
-3.46595
-6.83179
11.0415
-374.874
17.622
8.83685
10.7707
16.9536
18.2954
10.0463
13.8142
-445.407
7.60927
11.3155
3.05346
8.41155
12.421
4.43373
16.6129
-233.444
5.93545
19.9771
21.6868
19.6046
21.2585
23.5384
10.8236
-108.804
4.48087
7.88728
7.74294
1.95403
7.60977
10.5837
5.44986
-82.7495
8.55593
9.4087
0.0240317
1.88022
-1.25438
-1.48907
-13.1586
-19.8663
123.131
-14.4666
-5.34587
0.0840728
1.9794
1.12483
1.78842
9.38089
384.606
1.35762
-8.82867
3.92693
7.56422
5.33664
9.0605
6.65415
20.7931
7.9696
1.80699
4.20486
4.20484
3.32742
-1.74412
-3.27936
116.871
8.97971
8.7137
5.3284
-2.45886
7.80374
5.6166
9.1667
-111.256
20.6715
15.0976
22.6547
22.5742
30.2148
35.1277
41.6975
38.6068
-326.658
27.7246
36.6244
2.50522
2.77797
-8.59011
-15.8483
-18.033
-218.719
-7.80915
-15.4095
-4.56725
-4.82999
-7.42384
-12.3799
-8.12749
-113.569
-6.38656
-1.91661
-12.8062
-10.0342
-0.85499
-7.74972
6.31588
6.8621
4.99167
0.777403
2.19146
4.74639
-4.68373
-11.1806
-3.78495
-15.9433
1.16458
7.69133
3.61505
2.78942
-0.232233
4.55794
8.8372
-14.0115
3.64984
6.27548
7.17549
10.5159
17.339
8.87583
9.94386
11.2963
177.28
7.23719
-5.98397
6.91871
5.10655
5.32153
4.84655
-7.35763
132.513
-12.7437
-10.5354
-1.73817
-6.41331
-5.71207
-8.44351
-14.4786
-51.5126
-9.97608
-5.14904
-18.7857
0.116956
-13.4416
-3.03494
-15.9229
-6.16441
-6.88516
-3.44531
-3.67034
-1.42947
0.960977
-1.89441
-9.64689
60.2232
-9.16426
-5.76613
0.0919325
-10.7899
-1.71619
-8.55162
-5.25651
-3.07816
124.544
-11.8838
-12.5182
-11.0911
-6.07132
-4.95122
-3.75472
-4.77155
179.315
6.08617
-8.88656
-22.5653
-20.9852
-10.9342
-34.5947
-43.8401
262.916
-35.2105
-31.8274
-26.9317
-18.8333
-25.8965
-15.9293
-22.5407
89.2001
-17.034
-25.5186
-41.228
-48.7319
-64.0415
-58.5122
-54.7672
356.266
1.00172
6.96339
-2.9596
-2.66644
7.53466
4.54274
0.764437
275.254
8.8117
-2.65669
5.82773
-7.6055
-8.23147
-6.7879
-10.4537
-11.6968
-29.2956
-8.19909
-0.588962
-3.57524
-3.42199
0.62169
0.0360094
-3.76046
5.22148
-10.5849
-21.2226
-25.0549
-28.3026
-27.2951
-18.3838
19.6044
-84.6441
48.8253
34.6094
36.0102
23.8832
19.3965
6.59149
13.0766
-186.357
6.02376
9.10199
-1.04604
11.3658
11.5729
15.3103
6.65319
-117.149
1.94638
2.34084
-5.14728
-5.38318
-12.3371
-2.00195
-10.722
-9.26696
-7.75796
0.339572
-7.31139
-15.1195
-16.6714
9.1556
-2.75754
9.44192
178.64
41.4872
31.0591
32.6214
33.4586
27.0673
27.788
33.6521
-248.132
47.0675
48.9234
49.3263
42.2377
41.2022
40.766
45.6178
-588.351
36.0675
29.6657
21.2797
31.7192
26.4554
31.6858
25.1133
-557.371
9.80394
11.4318
5.44807
1.84242
10.8124
9.99663
10.2702
-222.097
-0.555105
3.81744
2.53958
5.11595
7.69411
5.46298
5.53915
-0.601324
-74.3119
-5.68074
3.96958
-3.43979
5.07307
-8.21274
0.34476
6.71664
19.7735
3.19985
8.11333
-0.710364
2.90443
0.516958
5.86989
-4.68642
168.617
-15.1413
-16.0372
-19.5948
-15.7823
-10.7582
-7.87759
-6.62474
501.563
3.72552
2.53674
9.65269
14.1089
21.0795
22.1692
16.9051
18.7911
20.3611
30.4784
26.0467
32.1962
33.761
35.8779
35.8122
-471.059
18.0428
16.2978
7.88799
15.6742
12.3794
10.2865
1.52539
-6.19157
-242.764
-14.101
-18.1768
-23.2192
-35.2027
-24.2802
-24.5368
-28.6141
34.256
-24.1583
-22.0526
-18.0116
-17.3057
-19.35
-7.89788
-0.667163
424.655
0.575167
-0.671514
-5.7536
-8.76382
-6.80727
-2.79971
-9.19723
436.333
1.74073
-11.4715
-1.96861
-1.015
-3.77761
11.8452
4.34966
-96.4605
5.25157
11.3696
9.3009
16.4923
19.274
29.8418
25.066
18.1376
-77.7044
2.75201
1.52681
-14.7986
-25.8342
-35.0557
-32.8689
-62.0518
-121.742
-43.7766
-47.7782
-50.551
-53.9388
-53.8388
-38.1525
-39.4181
482.036
-30.8785
-18.7382
-29.1547
-24.7506
-16.2547
-15.235
-26.3491
248.783
-16.0721
-19.2858
-25.6145
-31.3093
-27.0894
-25.158
-28.1394
-16.1693
-20.7414
-15.2631
0.427391
-7.10003
5.25842
-4.04572
5.87525
9.05315
24.2027
26.0253
22.9496
29.9057
37.8899
37.8283
48.4021
40.685
39.676
36.8501
43.5587
36.1721
29.4236
27.7111
12.2888
19.1249
-4.2811
12.186
9.81157
7.83376
22.8918
16.3371
31.2949
27.3285
-262.09
32.1118
9.52108
7.32227
-3.18277
-6.82353
-25.7544
-27.3151
-123.401
-27.5799
-22.8551
-14.6334
1.3573
3.91053
2.01308
9.33394
10.9678
-8.19344
5.64916
-9.37392
-1.15507
5.9741
-2.98837
-17.4176
-12.3064
63.1227
-20.3497
-23.4523
-17.7027
2.10758
-3.20879
5.80034
-9.33981
119.226
4.61957
8.32115
9.13479
13.4759
10.3513
9.26703
8.55527
0.153732
15.0067
1.50753
7.20441
-0.797349
-4.4524
8.69608
14.8072
-20.2264
12.1704
18.8526
14.3984
14.2981
16.4211
31.5233
36.9079
-113.548
35.4445
38.4163
43.156
37.743
36.6072
36.1796
36.6106
-386.416
42.6168
42.2998
39.7268
49.4237
43.3249
28.0424
15.96
0.426694
-528.441
-25.7177
-31.1198
-49.6748
-58.0317
-64.5078
-52.1969
-36.7209
-33.4021
-33.8295
-41.9186
-41.3232
-45.2074
-39.3653
-31.3058
-17.2246
512.949
-32.6999
-18.1015
-24.3026
-18.6797
5.48434
0.0891093
-2.33152
242.6
12.1784
8.36281
-1.40681
7.70907
6.29905
8.08022
7.06801
0.212776
14.266
9.78516
8.87277
16.8623
19.4233
22.8492
32.2428
37.0349
39.6203
31.587
30.6555
24.5228
27.8133
22.8258
21.5649
16.4215
-187.42
-7.43556
-27.7991
-36.8423
-29.0765
-25.0811
-15.621
-17.2482
-85.2378
-10.4165
-19.6022
-13.5028
4.76516
-2.28521
-6.53466
-14.2121
14.0613
-6.13186
-16.5633
-41.6821
-51.951
-37.613
-40.633
-55.0997
130.712
-57.6638
-40.858
-23.3359
-12.0883
-10.8819
2.32142
-2.11685
26.1557
17.3983
30.3568
45.2711
68.9357
57.3655
59.5259
50.2704
42.2552
30.0528
14.5107
4.70457
3.19199
-8.34609
-8.71935
-22.0039
-3.08201
4.58129
12.9281
23.3713
-11.1459
-5.79848
-9.05995
-11.1297
-5.03805
-218.429
-13.9453
-31.183
-37.4913
-6.35268
10.5794
2.82337
18.611
-38.848
17.4479
16.7351
26.537
14.2759
28.4197
25.455
29.5106
-130.706
31.6441
25.4577
33.4952
34.9174
33.3555
29.4524
31.078
-284.565
34.6149
35.5329
38.9414
40.3396
42.1461
47.4985
38.9113
37.4026
-364.216
29.9676
29.2965
39.9983
23.182
34.1571
30.5386
32.0572
-340.594
21.8845
14.9996
11.4974
17.5984
3.4102
3.62329
-7.05619
-169.713
-10.4123
-12.1293
-17.9072
-15.1634
-12.1255
-25.7169
-28.8454
148.621
-40.5556
-41.4828
-39.1248
-44.1665
-48.9047
-53.5579
-43.8128
285.983
-63.9989
-43.1952
-29.4906
-17.1478
-13.7741
-4.03
6.64172
254.422
16.2041
26.586
28.6051
30.598
35.1399
34.4624
43.817
39.8003
-113.41
22.3411
21.0809
15.1963
14.0292
13.3228
4.69497
2.44129
-273.733
7.51506
-7.32977
6.47289
5.00058
-0.700362
11.8629
5.84008
-224.863
12.256
24.6281
26.6016
24.1191
21.5384
28.7662
16.9592
-181.101
9.70243
9.52848
16.3601
4.95014
4.49192
9.52169
2.89485
-63.9124
-0.482779
1.75942
2.47563
8.9099
8.64
7.4785
8.51162
102.446
2.03125
0.375205
2.77797
-1.05459
-0.961721
-4.2946
7.68013
-0.887567
116.284
4.70525
4.79046
-2.93561
-2.6002
1.96959
-4.23569
2.26432
54.6229
-3.79128
-8.14984
-4.25758
-2.73473
3.40553
-3.02706
3.97011
38.5032
0.139081
-0.0994836
3.41912
0.548007
-1.67897
0.6175
-2.24078
26.9911
-1.54957
1.79467
-3.30707
-0.521762
-5.75264
-1.6179
5.91318
26.2861
0.226355
5.95013
-0.367189
12.6368
2.55193
2.10254
4.36141
0.601098
13.8121
7.72112
1.90853
1.19663
5.14263
-3.24458
1.10937
-1.57453
-33.3472
-6.39774
-3.05062
-11.2645
-6.48922
-9.26409
-18.0761
-13.7998
-90.3753
-17.1
-21.3043
-16.7061
-19.6419
-13.6593
-5.89861
3.19507
-179.405
16.3556
23.8458
16.1562
24.5121
21.3061
31.8298
28.473
-166.187
16.8026
2.42977
10.1081
9.47795
12.945
14.7315
9.19406
-136.127
3.24097
4.56381
-12.4126
-24.5605
-9.24598
2.41114
10.1563
10.2031
207.487
18.7632
18.1074
3.36383
11.5191
4.15038
12.3769
6.9624
131.037
22.3602
19.9715
21.5616
21.8199
23.5144
23.8349
19.296
-170.714
12.1665
5.47579
15.0054
17.4426
18.9522
8.70043
9.14184
-180.936
0.407555
-3.1772
0.888427
1.24944
0.373369
-0.599877
-6.18417
15.6582
-2.16479
2.76342
4.51988
13.3565
-7.54274
3.55447
-0.937537
2.16381
-39.3831
0.748506
-1.35051
0.840816
16.3834
2.15713
11.4319
12.912
-83.6731
15.6758
17.4737
16.0034
19.4621
23.9464
20.69
12.7367
-135.373
8.042
3.63433
14.1501
11.4399
14.5258
11.0926
3.80027
22.1558
-5.39607
-13.8708
-25.7463
-13.3053
-10.6533
0.124736
0.207592
83.4382
-3.5514
-8.52179
-6.97848
-6.71595
-9.34673
-5.29318
-27.5807
-72.908
-18.5661
-23.0799
-21.536
-21.3472
-30.1068
-22.5891
-22.3384
-19.1235
163.493
4.23065
6.62989
3.16524
11.2914
4.88949
-1.89666
-0.649438
-27.6385
-1.77776
0.99445
-0.455561
-0.0691678
-1.32113
0.86317
1.21906
-163.963
8.12145
7.56952
3.26761
9.84257
4.30809
12.6742
7.59447
79.8741
15.2091
5.54636
0.70822
1.42572
1.32586
3.20755
-2.4936
430.826
-16.9336
-10.8115
-23.1063
-18.9136
-29.523
-38.0991
-36.7348
117.327
-35.9706
-21.9089
-12.0743
-1.28136
14.9086
29.2979
39.3537
41.3571
200.281
19.004
21.4198
23.0584
27.1231
30.4736
25.0906
25.0982
-273.801
9.25422
2.60066
4.1007
10.6377
-1.33052
-2.58318
-7.38899
-326.838
-10.3072
-14.754
-21.7419
-21.9857
-22.6787
-14.8884
-17.328
54.7995
-15.6067
-8.33457
-15.7399
-11.3469
-17.4183
-14.6475
-6.67777
302.785
11.8716
25.7542
28.5351
41.7545
37.565
37.5171
37.0689
48.0222
-14.212
29.9688
15.9213
22.9466
11.7352
14.4262
4.02947
7.46321
-646.838
-0.471248
0.680374
-2.73036
-0.510464
4.91038
5.57157
4.92327
-156.447
2.29029
0.760581
6.61881
2.61568
0.939983
0.859436
-12.8054
37.1183
-25.6711
-26.1793
-26.9534
-26.2179
-30.118
-20.8393
-16.387
105.824
-34.6144
-25.2735
-20.8599
-16.6225
-17.1058
-28.0353
-13.9412
134.346
-6.30847
-12.5905
-6.18649
-10.2367
-13.2851
-2.8876
-9.20239
-7.47801
240.109
0.718831
1.37301
-0.647419
-3.85919
-6.3572
1.93825
-10.6137
318.248
-26.5663
-39.6043
-48.2426
-47.4689
-38.4028
-25.7804
-20.7079
-160.658
-7.67698
-6.37325
6.50196
4.95007
15.735
16.2534
5.86149
-138.554
5.98782
6.13176
5.62983
6.25123
-1.82183
-0.405182
13.5164
-95.2527
6.59109
9.80522
4.35796
-1.77399
1.50617
2.26071
-0.324167
5.78729
197.559
12.0956
-2.14279
-13.1577
-18.4303
-17.2922
-20.9391
-29.9401
480.175
-26.1868
-22.7578
-26.5344
-26.9405
-31.4451
-33.7203
-31.5303
267.914
-47.723
-44.1147
-33.3683
-32.5539
-29.2229
-36.324
-28.5478
89.3486
-27.2722
-30.8466
-8.81536
-22.3152
-14.9225
-7.57849
-11.0249
-51.04
-0.220333
9.35413
6.02266
-6.10413
18.033
21.0969
23.3152
-205.695
19.3093
19.1106
13.8765
19.7266
22.5985
8.68273
18.9315
12.4297
-292.518
23.3776
13.9284
13.8491
29.241
8.54521
13.3759
8.8755
-209.321
6.48693
6.69741
13.38
6.17154
-0.969602
7.66562
11.3321
-32.6406
-7.56106
-7.95899
-11.2974
-13.6662
-11.4805
-18.4704
-7.57822
359.747
0.39733
-6.36039
-6.4323
-9.04406
0.122602
-15.8003
1.41179
250.566
9.53138
8.00179
16.5204
13.0893
19.7849
21.6981
16.3473
-326.963
14.3826
34.9647
37.3479
31.6539
37.2472
30.3832
21.0379
16.3698
-447.59
9.55595
5.41069
2.39559
3.76733
10.2357
12.2212
3.48444
-257.026
-1.55579
-0.264735
-9.18192
-1.58047
-7.39566
-4.80506
3.3419
-53.4136
0.17295
-3.41333
-8.96392
-11.5258
10.2356
1.30048
5.60449
99.6239
9.71224
11.7664
10.536
13.9081
10.7887
12.9112
12.984
-71.2416
9.27122
10.2517
10.7141
11.7015
7.12536
3.35861
-7.13639
-1.57459
-61.5498
-7.15339
-1.73378
-12.5804
4.65686
4.11392
-1.90741
0.993768
298.83
-7.32423
-0.148391
-0.773592
-9.96583
-15.8252
-16.3275
-14.2864
0.477548
-14.1241
-21.9314
-23.8459
-13.3014
-27.0401
-27.3111
-20.3867
0.43073
-27.6119
-22.7633
-27.6629
-14.0303
-8.62602
-2.00912
-3.29471
136.571
15.4102
23.927
33.5026
32.8843
24.578
27.067
7.8497
-368.307
-0.954797
5.13685
-7.39295
-4.13755
-2.32932
-5.3329
-7.39398
-2.85526
12.4577
-2.65005
-13.0676
-10.9515
-9.69057
-4.42808
1.46127
-0.880183
488.478
4.19174
16.5198
28.6846
28.0583
38.1306
38.8365
35.9542
13.1705
22.347
2.56749
-5.8338
-13.9722
-21.3748
-26.6415
-18.241
75.589
-18.5971
-16.0221
18.9466
22.2362
31.022
20.5526
21.7782
11.819
9.22309
0.577826
-5.97249
-14.425
-0.928629
8.43101
15.3546
22.3047
-439.442
11.7249
11.7714
8.89529
4.65976
23.3566
13.4813
5.41692
-213.872
-2.85638
-14.7143
-9.47902
-18.0727
-10.2819
-8.62818
-5.90581
177.042
12.9359
-2.62802
-1.88743
-4.16448
-1.72497
-1.51646
-2.25595
32.754
-7.47877
1.71692
-7.84772
-7.4563
-8.56642
-5.68941
-5.41474
4.37149
-14.8743
-0.311045
-3.45597
-4.76085
-12.3068
-20.943
-30.3549
521.554
-34.7511
-42.9165
-32.6126
-15.0811
3.77961
30.8941
12.4303
-45.3642
172.788
-58.9587
-24.9739
-7.14768
19.755
24.7774
20.8686
28.0136
-729.477
15.9226
15.6987
11.7813
9.22035
2.25002
17.2609
18.8928
187.67
-1.25875
10.281
17.1291
22.0967
12.0556
20.2293
15.0728
-170.947
20.7923
16.4323
15.5487
7.41053
9.39322
-3.07673
-7.95682
32.4707
-21.646
-35.4258
-20.0159
-25.3681
-27.3486
-16.3169
-9.3434
352.451
28.8614
23.1131
22.6111
15.3611
-13.8338
-16.6729
-32.0115
-42.5594
-195.836
-37.2916
-35.126
-28.2679
-1.81916
-8.83471
0.461027
-5.30714
363.108
-20.045
-28.7047
-37.2068
-35.0557
-31.447
-27.3394
-19.648
13.0417
-18.6252
-7.20196
-15.1146
-11.1641
-18.057
17.3376
19.6838
-163.06
25.6797
26.2316
31.0105
14.8077
17.701
1.13355
9.64121
-198.612
6.95248
5.53805
10.0291
6.52751
2.80626
16.4233
12.0424
-1.67355
110.543
8.95787
7.83865
7.26988
-2.88012
-4.412
-3.59627
3.39396
203.693
19.1796
16.7921
19.0416
20.6591
33.1557
36.438
29.5888
-291.146
14.2379
26.1532
32.92
29.8362
24.6738
27.1398
15.3614
-397.222
4.25672
5.92374
0.563105
8.26271
-2.05132
-2.90681
-20.9923
-183.907
-22.7275
-18.4118
-4.56428
-4.54273
-1.86578
16.0131
16.7865
-82.7777
-0.710302
4.45132
2.50682
6.87982
-0.0294088
9.69516
7.37514
13.478
-31.3827
14.4228
20.2129
21.2473
23.646
25.4641
25.6964
19.3969
-17.9455
12.3329
11.9176
10.1408
-2.52897
-12.1276
-8.93082
-5.68247
156.184
4.90659
-1.60821
2.40146
-4.40182
2.64467
4.03534
2.23399
48.3033
-1.6869
-5.34038
-0.758421
-5.42042
-5.55041
0.111995
6.4762
-175.894
6.82531
4.96273
9.50178
-2.27947
3.98451
5.01151
5.05375
-70.9848
5.09161
10.3041
13.6977
10.854
14.026
6.97514
3.55616
5.82762
-21.6196
2.98022
-2.17617
-1.76003
2.74999
-2.44083
-21.8317
-23.7587
300.341
-15.8549
-18.5518
-15.3779
-12.6691
-12.247
-5.1629
1.13912
429.067
15.2018
4.06609
17.2958
7.26834
-10.3433
-14.2531
-40.6814
-439.351
-16.5446
-18.5839
-10.4683
5.77054
9.72219
4.0284
4.55282
10.787
-3.15082
-2.4406
2.12897
-1.16178
2.0121
-12.9494
-12.4606
-59.087
-7.05556
3.60804
-2.88561
2.14058
0.135067
-0.848281
-2.17845
-3.07261
-173.735
-0.0841487
-4.26964
-0.253133
0.366584
-11.8595
-0.992776
-6.45783
-55.5817
-6.51355
-8.71267
-17.1797
-14.2735
-9.25781
-15.7767
-18.1715
105.214
-24.2246
-15.1885
-0.190502
11.0163
5.30618
10.5836
11.7432
479.306
25.6242
22.2904
3.59872
5.99126
4.13193
6.56574
-12.4223
191.642
-21.6373
-28.4847
-30.5791
-35.1851
-35.0841
-12.1195
-7.502
7.33798
218.337
14.7794
17.1841
7.19982
12.8385
17.0945
13.7437
21.629
-77.5614
22.2785
22.9242
31.6092
31.8504
29.7675
43.5592
70.1307
-347.276
50.9796
56.5297
47.4739
55.0326
62.9402
60.9345
43.5499
-561.176
6.88426
-4.97253
-25.3461
-27.5228
-22.8196
-7.62613
-14.1307
-135.182
-28.673
-24.4361
-18.7392
-13.4849
-26.9087
-17.0179
-16.0146
-82.3643
-16.6841
-2.65204
-2.33829
-0.967676
5.88289
7.79836
18.3008
17.4331
38.8125
7.62571
1.10055
0.357022
24.6304
14.5631
15.6356
19.9397
-17.5802
19.8651
24.7932
28.4474
28.8174
26.6828
14.0078
6.19313
86.2791
-7.80099
-9.53314
-9.86627
-9.89797
-7.10408
-3.95112
-14.6155
-76.3436
-6.43386
-17.384
-10.0539
-25.7149
-21.2024
-28.1675
-15.9551
29.8119
-16.0069
-18.4492
-17.6307
-18.7788
-10.8124
-8.12031
-8.12886
-3.40982
389.092
-17.2395
-11.8258
-18.9667
-12.5194
-9.17915
-13.3004
-26.0564
300.391
-30.2542
-35.7187
-18.3429
-17.2474
-15.4646
-16.7655
-12.6555
-231.384
-7.55773
-18.6666
-12.2241
-13.2261
-15.4426
-9.41023
-2.9868
-94.2887
1.48638
-5.74239
-3.51817
9.94251
15.1834
11.7887
22.4487
-7.04871
34.2887
23.0541
31.3473
32.1407
22.8135
14.958
-8.86315
-77.194
-4.65545
5.55796
11.4364
7.00711
14.5582
5.53761
-2.59852
-8.26557
107.726
-5.46603
-9.72021
-5.51656
-8.41698
-3.14354
-12.8052
-1.43006
198.183
-16.7878
-27.1687
-32.8519
-25.9243
-33.7326
-21.9381
-19.522
237.683
-24.4161
-25.1826
-17.2601
-20.0674
-17.3397
-12.7528
-21.0099
201.932
-3.43524
-9.25986
-2.3885
4.03603
1.433
8.93586
8.38768
-55.6306
10.9637
18.1943
8.64639
23.6771
24.7065
27.7175
18.3497
-240.159
21.9554
19.8588
25.3467
22.4099
20.0876
30.0905
29.469
25.0169
-330.364
20.0598
13.9617
24.0674
13.9222
8.06054
-3.61075
7.42406
-202.041
-3.84675
-16.0461
-5.52737
-13.8951
-15.3351
-22.3036
-25.0423
118.827
-24.9305
-43.3813
-20.1441
-19.0297
1.17749
-1.58388
10.8161
282.231
14.3241
22.7287
7.52084
8.37527
7.344
1.38819
2.15063
-263.524
8.44729
-1.4858
12.8386
-3.99138
-1.01261
-8.50154
-5.4626
8.83474
-294.563
17.7148
26.1227
26.892
26.3995
25.4089
28.3425
24.2264
-145.519
12.8801
9.29194
9.24107
11.9214
8.58355
9.65421
-2.34015
-60.832
-0.987003
4.85453
3.03599
-15.2954
-23.9419
-16.7731
1.79498
36.6425
5.0453
3.69447
5.73755
16.8966
16.4896
17.4957
19.408
30.8738
9.7347
10.7412
10.7278
8.27915
-8.64608
-6.44924
-14.5346
6.02265
-9.72383
-5.29473
2.31428
3.68056
-3.67761
-4.63324
5.43511
4.12728
102.368
8.69254
8.12191
-3.63427
-10.3654
-2.45457
9.28984
12.8181
-87.8661
7.8457
8.71112
10.7572
5.77649
0.411663
-6.48665
-16.6544
-113.593
-12.5326
-16.2985
-21.0469
-14.8879
-9.46147
-19.8402
-14.2104
-18.7659
-12.3738
-13.3702
-9.07051
-4.121
-0.17883
-0.0598122
0.269617
310.626
-3.50271
-7.03222
-14.8069
-6.59575
-0.850413
11.7993
14.9564
24.5335
245.487
42.8781
45.5266
56.4901
44.3714
65.9717
75.929
80.403
-495.651
30.3574
23.0167
13.369
8.20351
6.54994
14.8292
16.795
-207.74
15.1477
20.1202
8.06695
7.86645
-0.453862
6.64112
-1.32487
52.9612
-15.9224
-21.6694
-9.00498
-25.6506
-20.3226
-18.9177
-20.4125
-15.4698
-24.4134
-11.5066
-26.9751
-7.03713
-7.03114
-8.61389
-8.55581
26.9382
-14.8873
-16.7521
-17.6465
-13.8881
-9.49312
-14.9017
-18.7653
-15.4369
1.0134
-15.9666
3.39738
5.38328
7.49255
13.4977
14.9055
18.4898
44.3706
26.2824
15.1747
38.4064
31.4526
40.583
37.2108
34.2188
-56.0502
24.155
10.5014
12.456
12.3742
7.1889
7.26261
3.84841
-83.8069
-3.95058
-9.72544
-4.72316
-16.988
-12.1435
-16.9583
-10.2042
-78.9727
-14.3443
-2.93454
-4.80147
5.49858
0.350604
-0.771689
1.02366
-80.2125
-6.51076
1.28009
0.289754
-5.73488
0.796937
-1.97505
0.551964
-4.46594
15.3827
-8.69487
-5.50987
-24.184
-17.1894
-22.5595
-7.93359
-15.4098
149.485
-1.18543
0.0272358
-11.3553
-9.57578
-8.36768
-8.6544
-9.70919
52.6567
7.10242
6.64384
8.53042
4.168
-7.18338
-6.74108
-14.4629
-92.0794
-2.85135
7.10139
9.24618
8.0235
1.73932
7.61912
3.99008
22.7541
17.416
7.32399
17.2535
9.83701
17.4474
13.4015
24.2897
19.4818
165.241
14.4876
2.63607
1.56931
2.73891
13.4122
0.134272
3.37024
95.7851
-7.23068
-11.8585
-11.3013
-13.0799
-5.99953
-7.5213
-6.21238
-109.489
-0.53991
-5.30338
-2.68514
3.38959
0.207054
5.55051
2.01118
-123.562
2.10808
-1.86974
5.89884
-2.25242
2.15915
-4.72697
-15.3713
-65.972
-2.30987
-17.7086
3.65099
8.23585
13.6889
15.3164
33.7206
-2.51934
29.925
28.4591
23.7213
22.2669
12.4903
9.9365
0.15762
-7.38174
116.777
-15.9686
-15.2823
-17.4273
-22.4994
-22.3202
-14.3082
-25.6786
-131.651
-11.2762
-10.3403
-17.7059
-14.2573
-12.8737
-9.72626
-11.7517
-46.2279
-10.8469
-11.5894
-6.47052
-9.06353
-2.61831
-0.792603
-2.9391
58.5349
-5.51676
-8.47084
-16.1274
-29.3916
-35.2547
-28.3243
-22.802
291.451
-10.4206
-9.69694
-4.46273
-2.6457
-16.7708
-16.9426
-20.144
-43.017
313.077
-19.4792
-16.8131
-17.4562
-9.50259
-30.1739
-30.6746
-37.4376
-29.3057
7.36374
5.07639
-1.22565
1.92496
1.38608
4.13566
-0.100935
3.38534
-10.9863
-14.6825
-5.17813
-16.8863
-17.3415
-8.59537
-18.4884
323.09
-4.07002
15.9749
24.2275
30.2204
28.7461
41.5619
35.2392
-57.2345
21.6295
17.2507
16.9244
13.2055
18.0117
17.5144
24.3696
-437.734
22.5284
27.1323
27.5366
20.3566
24.9394
27.0183
8.88451
13.9937
-233.323
-1.80543
2.75761
3.56118
9.0448
8.83693
0.527256
0.861286
5.79032
-1.43453
2.34832
3.06496
4.48399
-8.82663
-5.45954
-0.177453
20.9947
1.3946
-2.82892
9.19875
-1.4581
-0.366958
-9.01105
-6.64485
84.4584
-1.40604
-6.9234
-1.27147
-1.07633
-1.22767
-0.229254
-2.93909
-4.00978
-8.41129
-10.6868
-12.3078
-10.0232
-8.98169
-9.2365
-2.14851
-79.2194
0.954644
-7.15241
-4.82596
-10.9626
-3.86559
-3.60132
-3.38044
11.2523
-44.8731
3.91915
3.10633
-6.79378
-8.55643
-6.19195
-12.5475
2.26775
-128.317
-0.794419
0.921767
-0.964921
-3.54997
1.37713
-1.37667
-0.432121
14.4057
1.19993
-1.97242
-0.975629
-0.891156
0.800896
-0.206839
-0.279674
26.839
0.944479
-1.84117
-0.625129
-6.72554
-2.56964
-4.86506
0.365821
43.294
-2.73669
-1.73112
-1.72352
6.1379
-0.984608
-1.23075
-1.02116
116.096
0.201557
-1.87957
8.30192
-4.22828
5.35604
-1.5186
0.286325
0.573052
46.8305
-0.414337
-2.01076
0.233907
-6.10016
-2.933
-2.10156
-1.80622
-28.3775
-4.27414
-9.17534
-2.71129
-6.6641
-10.7378
-1.83377
-8.33782
-74.6392
-1.19823
-2.79924
8.75997
9.19501
21.5761
17.9111
19.3527
35.1777
17.9749
17.2974
20.1907
5.94908
13.996
2.35587
5.52523
28.6162
21.2404
18.2159
16.1234
11.9184
12.4229
14.4103
21.4777
8.95391
44.7808
-1.25391
1.4319
3.53273
1.03542
2.33324
20.2891
9.16636
-3.40002
8.61179
12.1109
7.2275
7.02447
1.56274
10.0256
3.30627
-119.555
19.2464
25.5716
33.2092
44.3359
34.9995
39.2577
30.424
-295.118
19.1148
24.9771
22.094
9.47297
7.09919
5.51313
1.33653
-319.315
-0.560813
0.378028
6.83988
-4.75057
1.03727
1.08829
-0.0605
-135.259
-1.45192
-0.377412
1.35121
-1.19479
-14.5396
-5.60687
-14.5765
-6.60518
148.068
-4.64858
-3.47116
-5.70228
-9.7143
-10.6379
-6.70173
-12.1232
191.65
-6.32661
-3.12664
2.02686
-0.949972
13.2855
12.3919
13.149
124.677
0.948622
2.2074
1.81786
0.982496
-8.05649
-1.05803
-5.6475
-152.707
-1.94321
-7.1161
4.99943
7.99584
4.35562
5.88766
-6.18115
-30.2614
-9.72681
-8.18417
-8.68362
-9.03712
-9.53901
-7.661
-15.1392
20.7799
-5.58319
-5.08022
-9.63018
-14.9541
-2.95962
-11.7796
-1.72977
-8.85465
-14.4991
6.89715
7.6819
6.03677
7.72737
7.68655
8.34327
19.9716
-50.6085
9.37957
16.4606
12.5198
19.8277
18.2721
14.0713
15.1849
-108.603
8.73445
13.875
6.01262
9.68065
3.74755
1.14172
-12.8815
131.269
-18.3376
-16.6066
-10.1786
-21.435
-15.0553
-10.8715
-10.4133
176.617
3.53762
-0.569663
6.61339
2.17529
13.0678
6.73811
3.57454
2.61028
-222.188
-0.763765
2.9311
-2.93061
-6.75104
0.84439
-1.51692
2.27775
-51.228
4.48944
-1.03567
8.85461
6.27464
-0.900939
8.98426
16.7292
162.924
18.2545
5.99328
4.88621
4.9393
-6.00425
-0.592779
-5.1198
86.0859
-1.42802
2.76492
-1.40245
-3.08748
2.23334
7.30829
1.27917
-161.039
-2.1764
1.27086
-4.11451
-4.27795
5.94052
9.38723
8.12264
-107.439
8.44818
11.8029
4.96058
11.2485
-2.8005
-0.0871278
-2.50265
4.26236
-106.891
-6.37615
-14.263
-20.1265
-17.8463
-13.4216
-12.05
-8.03055
260.427
6.17764
-7.11331
-3.88083
-0.824859
3.16147
15.689
13.4857
91.0363
-1.76598
-13.7964
-19.1894
-4.53506
-16.0803
-13.0238
-20.0666
50.5769
-32.9713
-32.2281
-30.3433
-30.5574
-22.7616
-11.4009
-10.9036
178.321
-0.722019
-3.03408
-2.56688
-3.48977
-3.26509
-4.83502
-10.9706
-2.8555
85.513
-16.8594
-13.3575
-14.7725
-13.5506
-9.69263
-12.8298
-14.9521
226.114
-17.8261
-25.4067
-24.1143
-33.6028
-31.4475
-29.8791
-1.53253
143.202
-7.49892
-9.51945
-12.2009
-22.8802
-24.471
-22.8677
-25.102
-118.804
-24.4927
-14.9042
-9.44929
1.23865
16.1798
20.3404
15.6315
-79.9796
9.44247
2.08087
14.4318
12.7964
5.71067
10.2359
15.0647
-104.289
9.88076
14.5178
15.1533
0.709882
1.61054
-15.8328
-16.1456
-6.69673
13.4973
-2.52726
-2.76593
-5.95719
-12.2694
-18.4613
-9.61985
-18.0195
341.863
-22.032
-28.4302
-23.432
-28.1245
-15.2268
-14.8051
-15.9399
269.631
-13.6534
-17.7393
-11.3463
-8.89405
-7.19878
-7.3949
-4.21402
82.9331
4.03763
1.08419
13.3651
2.9864
12.7272
10.955
21.1892
-141.8
16.3199
15.1942
11.8746
24.0048
15.0961
7.61038
18.9615
-252.752
12.9314
14.9024
12.6913
12.4236
27.1668
17.0433
21.1303
16.4149
-209.032
6.11147
9.86242
0.30135
1.29445
-7.33081
-4.74332
-10.1676
-29.0714
-23.1634
-26.3728
-26.8145
-36.752
-30.8941
-29.8669
-31.0838
316.459
-41.3907
-32.9425
-22.9392
-15.5295
-19.2182
-3.46222
-1.99299
250.741
0.81099
4.04905
17.9706
0.210896
20.1386
13.3366
22.3547
-92.0969
2.64967
6.89521
-0.678075
10.6581
3.34611
-3.8536
3.09214
3.60855
-119.326
5.95526
4.71582
3.40423
15.291
16.3907
26.6251
25.9405
-248.253
26.2911
26.3656
30.4222
18.2242
2.84627
10.2505
2.31917
-260.516
6.25122
12.7332
11.4844
9.2475
8.63208
10.7906
0.712722
-137.101
-5.68957
1.89843
4.78888
21.8368
17.5077
22.9963
36.366
-100.986
34.7826
21.6667
2.88486
18.3209
7.0679
6.37664
7.1962
-95.7333
18.3564
13.341
2.36644
7.33761
13.9827
8.14003
-6.56047
-9.98506
83.931
2.85669
11.0947
9.8314
6.823
16.7866
11.6868
14.4059
246.266
10.7835
7.20397
10.0018
2.72687
-0.41564
-2.73769
0.186993
-117.618
-1.83345
1.38102
4.16588
7.51982
7.46211
4.43778
5.63891
-187.455
5.75662
-3.58528
7.70067
-1.83389
-3.07038
1.80901
-3.88871
-124.837
0.58524
3.07368
5.75662
6.10577
1.21127
1.27683
-1.3009
2.51048
12.6408
0.706091
9.48225
3.31796
4.22996
5.92004
-0.773221
1.7717
17.3373
3.86857
8.70984
2.68794
9.11
3.5884
0.974753
6.20785
-66.4789
-0.770308
3.41248
4.19052
5.18194
5.91683
9.78266
9.85581
-87.3494
8.23074
10.1731
4.65164
-1.16435
5.89795
0.228337
6.2421
-57.0186
-2.72517
-10.073
1.08646
-9.86127
-3.04264
-9.46
-11.9964
85.9986
-10.5356
-3.99895
-4.19762
-5.66479
-7.09574
-5.05924
-6.44329
-4.82167
133.941
-4.98406
-6.17635
-4.14824
-3.18843
-4.85663
5.66024
1.21012
44.5007
9.01375
8.84984
5.92714
3.34871
-9.49377
-0.705935
-12.5175
-103.783
-14.7913
-8.03898
-4.02222
-4.12903
-7.79134
-6.89572
-3.52928
-62.9639
1.93626
-0.411598
0.38054
5.02216
0.726135
-7.32707
-1.90551
60.0219
1.17191
-6.50913
-8.66609
-4.78526
-11.8858
-5.002
-7.96212
37.428
-12.8895
-11.3511
-11.1125
-18.4019
-21.5396
-15.4462
-17.0951
-12.5462
299.513
-17.4129
-12.7551
-15.1059
-25.3938
-30.7605
-25.0073
-32.6032
78.5141
-44.2699
-49.8615
-35.9416
-22.1061
-18.8993
-1.95683
1.34005
-95.312
4.8091
10.521
8.82753
9.13497
5.17971
8.66583
0.161346
36.355
-14.8782
-19.0555
-22.5095
-22.4715
-4.56929
-14.6512
-7.70258
437.637
14.4724
14.7199
7.84891
-7.9651
5.97674
-6.0323
-7.63575
-0.921821
35.7265
4.52978
-2.40174
2.38936
15.8933
28.3527
31.3248
36.6536
-168.521
32.6785
26.5102
28.7523
29.6402
15.5014
-4.1461
-13.4702
-430.121
0.86804
8.24755
3.46798
4.32693
-1.04984
-15.9131
-12.0168
-164.113
-12.3335
-7.83727
-0.420677
2.55437
6.30039
12.467
15.9117
-48.5804
14.3589
14.0526
9.82279
19.677
15.2867
15.7656
17.9014
-110.227
16.4027
6.46366
5.92692
4.31984
10.4422
8.74812
11.7592
23.2181
-15.0057
36.7853
22.2642
21.9264
12.0236
0.838664
-14.2127
-10.4783
119.775
-7.29801
-2.0657
-3.72039
3.37328
10.4957
8.27945
6.4027
204.53
12.2377
9.51014
7.48583
8.68429
8.53903
-3.92907
4.90254
-117.986
-7.98329
-5.80129
0.861555
1.89716
8.36929
-3.63533
3.02745
-47.5113
7.42624
-4.19833
3.52524
-0.932735
-9.104
0.997907
-12.3862
29.2733
-7.93199
-13.3277
-11.601
-11.2021
-18.9369
-15.2982
-27.6692
-10.5077
-117.127
-9.48031
-0.803967
1.25201
3.40531
2.26798
4.727
10.0024
33.7993
-0.804425
0.474387
-2.45969
-12.3431
-18.6745
-4.35171
-7.48199
125.906
0.479496
6.30057
1.942
3.99931
2.67398
-0.428527
6.2687
244.798
36.0847
43.0402
33.9928
22.1051
10.8722
11.6206
17.3043
-198.984
9.99665
1.98982
-4.9729
-16.457
-21.7217
-22.0145
-29.3176
0.357722
-264.715
-22.5158
-10.3273
-10.3651
-2.8555
-7.88953
7.42257
7.59961
4.40676
14.0117
9.6849
14.0118
12.3257
10.8817
8.92634
6.78774
17.6295
5.76639
6.04219
6.13271
12.2362
7.59268
-4.73768
-0.368035
160.792
-5.08246
-5.68125
-2.6405
-11.1489
-3.57103
-9.45176
-8.00019
-73.6267
5.08079
6.8497
6.6432
13.3601
14.2634
2.02694
3.10007
-79.2848
-6.22238
1.07098
2.3794
1.72612
-3.12685
5.84782
4.58342
6.39962
-38.6331
2.39055
-6.30485
-16.4892
-11.976
-17.6005
-12.4036
-14.8294
-102.313
-12.6623
-4.73409
-7.63887
-7.11487
-15.4363
-0.125501
-9.01627
121.267
-19.42
-16.5773
-16.6962
-18.6401
-9.41359
-17.8148
-14.9702
277.693
-23.0205
-23.9878
-22.5481
-20.7851
-26.3216
-27.1902
-24.4075
220.414
-56.9017
-53.2172
-38.5462
-8.35159
6.39846
-6.87561
5.80629
103.95
7.19997
1.02291
3.95707
10.11
3.63632
-2.97329
10.7975
1.07364
99.1524
10.2423
15.7994
24.2317
26.8957
26.8905
47.5542
43.8696
-315.124
38.4404
30.1195
18.4505
24.4461
-0.26618
-12.7239
-21.2454
-159.323
-12.2265
-22.3438
-13.4204
-15.4979
-12.9243
-15.3224
-17.4721
234.135
-17.4118
-18.6355
-18.0627
-14.1478
-10.5328
2.57526
-6.89021
427.451
-8.01423
-7.04715
-17.1273
-2.67941
-3.38959
2.11342
4.71878
2.02076
5.96627
10.8617
7.78247
15.5631
15.1883
10.8913
25.2802
19.2206
-212.293
22.33
20.739
22.9167
20.1647
24.4222
26.287
25.3256
-319.587
24.8955
16.3608
21.3329
17.0173
20.3924
13.2544
16.1637
-278.55
-0.946872
-8.0441
-9.24677
-2.08324
-10.3958
-9.47844
-20.6125
-20.5636
-29.5463
-23.9569
-27.5496
-24.18
-17.7657
-21.6176
-14.8865
312.916
-18.167
-10.2773
-11.1088
-8.28243
-4.90971
-8.91769
-2.57694
-8.43155
395.62
-0.516262
-5.26442
-12.255
-3.51023
-3.43523
6.08309
6.18832
-33.6314
0.754821
15.5124
6.94371
14.8522
20.1106
27.4156
32.8269
-336.045
26.7751
23.0391
35.4891
24.6592
34.8261
18.7459
26.9536
-286.235
20.507
14.0141
-2.48493
-0.170281
-3.81402
-6.47457
-4.95815
-27.1281
-4.11484
-15.5881
-19.029
-29.7891
-23.7269
-22.5527
-24.5741
294.867
-28.2798
-18.6382
-18.9988
-23.6679
-20.0214
-16.6512
-14.6981
-7.39677
351.48
-4.45723
-0.337946
6.37699
4.69241
2.57068
7.20726
5.5651
-45.4641
18.2354
16.8889
24.8472
16.5794
27.8494
19.6805
29.3452
-280.166
24.2234
19.8835
28.016
21.0836
20.3594
20.5009
22.1684
-338.089
13.9374
20.2195
8.57429
2.67175
-11.5344
-6.018
-15.3087
-141.335
-13.5536
-14.7753
-21.9651
-23.543
-28.6922
-33.5997
-35.651
-39.1113
207.172
-39.1445
-31.095
-26.5867
-15.8907
-11.9949
-5.55799
-5.76755
409.53
-2.88362
0.434334
21.9587
22.0833
16.7993
21.5274
-2.45076
44.0267
-16.1774
0.98478
5.79179
-2.04807
0.726822
-4.32663
-0.950654
-204.351
-4.7916
-14.6517
0.507331
-16.4328
-6.02341
-5.90841
-0.725161
-120.505
4.43891
3.22147
0.707614
-2.82642
-16.8248
-14.2645
11.9255
128.508
19.0022
23.0911
28.1365
38.0965
34.2583
37.5757
35.7023
52.048
-300.04
35.7093
35.3024
29.8169
23.2719
15.3521
21.1335
19.0748
-232.511
4.20693
10.5667
7.09388
6.85766
10.311
16.6703
25.7775
-142.917
16.4012
13.6655
14.577
0.398629
-15.1803
-6.08887
-16.8384
-213.448
-21.6553
-23.6147
-24.0917
-25.2638
-9.83212
-1.70949
-1.77178
316.994
5.61686
2.24021
5.03752
19.024
18.6775
27.9429
40.4973
33.6073
17.0054
17.0737
-0.846462
0.89108
-3.25426
-1.45894
-17.2014
-24.0435
-107.817
-32.4228
-27.1194
-29.7185
11.7171
3.00273
11.802
13.4832
-309.454
23.0528
15.5471
6.18166
19.2157
15.9056
9.2058
7.9178
-244.427
-1.6977
-11.571
-10.141
-17.0035
-15.8509
-15.4502
-14.5938
156.005
4.47042
-3.60583
3.32467
5.68496
7.9995
-2.68604
-0.202099
375.672
-5.50296
-7.39124
-7.98104
-15.3263
-28.5329
-26.5522
-15.556
-21.2851
90.0604
-14.6955
-20.5365
-35.2071
-24.4042
6.09655
2.77116
17.2254
493.785
59.6452
56.1824
61.281
45.1977
36.1038
21.8485
-9.26859
-121.464
-41.3261
-47.5524
-51.0403
-47.1287
-27.9039
-6.79252
0.359407
75.4476
12.0781
24.2835
32.1927
21.5684
15.0311
15.995
2.94939
-110.66
-17.9268
-37.4959
-42.9054
-56.9735
-60.1574
-45.8854
-24.4232
-134.32
-5.19771
-1.13264
7.41385
10.6597
5.62571
27.0805
19.3886
25.9002
-527.528
15.3611
6.23008
18.3046
13.8087
10.513
16.2046
7.52153
-182.252
11.6711
17.398
10.1193
11.7339
9.57286
11.0214
10.3421
-79.2891
11.9786
10.2204
-6.80511
7.66527
-5.47724
-6.92291
-2.43758
110.005
-21.063
-23.7174
-28.1064
-18.2892
-27.3632
-16.4156
-18.8777
540.302
-3.18355
1.90159
-7.19069
-0.610024
2.36583
-17.2362
-15.4405
-32.4648
453.429
-33.9165
-1.91101
-40.6554
-65.3265
-97.7938
-105.992
-33.0135
504.583
-44.2271
-62.5561
-91.2791
-67.3304
-5.77651
45.1729
85.8464
241.849
189.59
154.844
102.387
30.8665
23.7583
-18.0153
16.438
-1730.49
22.2842
18.9193
14.7273
20.4196
7.29683
13.2345
20.769
79.7359
14.2958
6.95218
10.3516
-1.80405
-3.11869
-9.00299
-8.71019
55.7112
-2.49288
0.542516
-1.81175
-3.63129
-4.3338
-3.40609
-3.88282
-8.19118
-258.156
0.0780454
-0.178216
0.967085
-2.47318
-2.49431
6.17451
8.43043
-134.331
7.02227
4.02899
1.77609
3.96378
3.14866
1.14345
-8.02125
-2.91391
-4.85926
-8.58585
3.26724
-1.09587
7.51647
-6.70131
15.3471
-34.7825
0.586
-0.681432
-4.97029
8.77881
4.38057
-0.862929
-2.49247
-85.2936
-1.84998
-6.56772
-9.29566
-1.78323
-0.961434
-7.73393
-0.792886
5.04487
-13.3959
-16.0834
-34.3539
-25.087
-4.4544
-6.71964
-5.93717
-6.78607
356.765
-17.7172
-10.4784
-7.1487
0.485745
-7.64566
4.00458
-3.7938
421.347
6.76829
5.52493
25.8004
29.2218
13.9829
22.8009
23.6252
-407.554
4.67555
-1.85666
2.66718
-4.79802
-0.346445
1.43907
5.9123
-134.817
5.93655
7.84243
7.70746
1.31216
0.36841
3.75327
2.29819
-37.3165
-5.06349
-19.2504
-11.5691
-12.9351
-10.6485
-8.56478
-14.283
-4.03443
156.026
-10.2275
-9.16592
-12.905
-19.0377
-4.90203
-9.08463
-6.20106
426.48
-6.53151
2.51639
7.38142
2.32067
2.73357
-1.01543
11.6074
178.649
4.39804
12.6012
18.0874
14.7997
20.9207
19.8094
22.3747
-168.637
45.5052
56.049
51.5033
45.2977
37.7706
30.7407
46.386
-373.34
31.4507
31.454
31.4975
32.5379
36.8893
25.0745
28.5866
-311.74
24.4216
24.3355
19.8618
29.8963
17.9475
13.4545
19.467
11.6748
-206.553
4.74938
-4.79222
-10.1779
-12.3992
-14.1557
-15.8192
-28.4976
-14.7646
-48.7579
-59.6692
-58.3183
-50.8714
-28.6697
-23.1978
-23.3961
306.397
-26.9205
-10.2135
-7.11689
2.26638
10.0756
7.81427
22.5913
278.774
32.9833
27.9293
13.0166
13.1174
-0.801282
-2.6475
-9.27677
-101.635
-8.79355
-6.58132
-11.6154
-11.52
-6.15724
-6.59167
1.56743
30.5053
-200.411
32.0835
34.0141
45.7234
54.2945
59.3116
64.6341
61.6891
-404.526
46.1134
39.8927
52.6435
48.5181
49.0297
30.2495
26.4645
-392.076
3.25539
-0.552434
-9.98264
-7.83971
-8.66169
-16.9069
-22.7907
-18.0708
-20.485
-36.9179
-26.7799
-29.9956
-31.0544
-29.6438
-36.5153
456.121
-43.4933
-44.814
-42.8828
-39.9102
-28.7906
-27.2491
-33.4871
557.151
-57.2944
-58.4969
-56.705
-46.1901
-36.1515
-19.5719
-23.6786
-2.74006
181.612
-14.156
-3.36152
-10.1356
-12.619
-7.6504
-3.79441
-2.44852
0.774202
0.304484
3.41362
18.7116
5.34328
15.962
10.0461
20.2289
19.9532
31.7987
31.6855
21.0692
25.6013
26.9492
26.9909
23.9344
-110.625
52.2202
45.2953
45.2626
25.7439
34.7408
18.3072
18.9096
-289.174
1.1172
4.86869
3.75305
0.992466
6.59748
6.52312
7.22022
-205.7
12.1379
10.0402
4.48255
10.7452
15.9288
14.9262
16.4391
20.7592
-159.905
14.0203
22.1096
27.0588
26.7213
39.4333
28.8702
42.8544
-321.797
32.0864
33.3123
40.8142
36.7155
44.1809
49.4346
48.9283
-349.141
24.724
11.5917
6.4587
0.0527934
1.52636
-11.7174
-2.01981
-140.55
-14.4509
-6.34489
-23.7704
-19.796
-26.2596
-16.2291
-19.709
316.763
-32.3227
-31.876
-14.8138
-20.4628
-24.6681
-14.8765
-4.38026
438.871
-14.8397
-7.71727
-4.14289
-9.17294
-7.76693
1.4802
-4.50569
9.30205
-37.8216
5.5665
7.70299
16.6864
19.9101
26.9491
18.7461
25.1025
-262.712
19.2056
19.7346
25.8289
23.0056
26.877
25.4816
28.0221
-326.079
20.7535
19.6608
3.45361
0.176694
-7.17587
-10.1445
-12.6147
-126.199
-19.6502
-26.8324
-31.0265
-34.4344
-31.1066
-33.8149
-28.9316
340.144
-36.3655
-41.8589
-49.8159
-49.159
-47.3849
-45.5145
-44.0407
-85.9103
423.96
-52.4856
-49.7315
-28.526
-29.221
-37.6695
-35.5714
-26.7612
185.737
-36.0596
-37.98
-49.212
-32.3787
-32.5051
-33.9177
-23.4634
-26.9781
-19.8754
-13.2532
-15.0181
-13.4248
-8.10528
-4.039
0.932672
13.7258
6.43271
14.0929
11.7067
14.5685
14.4705
10.1312
6.57939
6.24879
6.47498
2.31575
10.604
7.6803
1.1169
8.06409
2.8107
8.87902
8.29972
6.73048
18.2607
23.5208
28.0617
24.0016
31.8769
25.1545
27.9448
33.7435
33.7801
42.1995
47.2113
36.0273
45.4322
44.9255
-92.3713
40.9402
43.2146
43.1714
56.6767
45.0889
37.9224
35.7995
-394.239
23.4659
29.4152
29.5732
23.2524
21.3156
28.2704
35.8908
-378.589
11.5937
15.5715
11.4387
7.44066
6.08195
10.5233
2.56849
-262.321
1.10205
-8.51668
-1.4906
-11.7244
-25.1332
-20.5971
-38.2446
23.1331
-15.5922
-20.3116
-15.4224
-15.5828
-0.432187
1.16041
2.0932
-1.33935
214.023
-2.22594
0.0287622
5.05146
9.11554
3.65541
6.10321
12.2081
275.336
19.7241
18.7977
30.0855
39.8232
22.1173
22.8245
20.3216
-115.919
27.6516
27.7014
17.8558
12.5273
15.852
14.2132
11.7758
-227.645
0.936186
-0.0762907
5.0197
-1.13798
-10.5024
-3.7864
-4.86815
-90.0674
-9.35482
-2.1497
-6.95073
-10.9203
-13.2386
-6.7819
1.42354
-18.9595
116.42
-13.0257
-4.78978
-15.0591
-5.55224
-1.64926
12.2691
11.5617
168.936
7.74682
-18.9557
-17.9809
-8.11089
-14.8059
-9.82884
-14.823
-264.716
-15.7157
-1.38761
-3.99376
-1.32588
7.21208
14.7882
12.551
-63.8917
10.7135
11.8167
13.7318
17.0144
18.2406
23.6238
27.666
-26.0346
34.2304
26.9384
17.7713
4.07973
-5.78261
-22.5258
-36.3731
266.655
-60.5487
-60.3647
-42.8419
-43.1998
-51.5716
-40.9863
-42.5114
-38.8989
293.137
-46.3374
-42.0069
-33.628
-39.4476
-42.7382
-42.4499
-27.3096
161.334
-38.5684
-45.5715
-37.2491
-33.5298
-25.6593
-32.6392
-16.7793
-20.9746
-19.1785
-20.3642
-23.7526
-7.0226
-4.94855
-0.939081
3.38082
4.63836
0.530297
13.1393
3.69279
7.08375
18.1645
11.9889
14.5482
17.4441
22.6462
24.5133
33.5821
22.3586
12.0514
14.7594
11.8422
8.69689
6.61115
9.88431
8.83737
13.3783
12.1874
18.9838
20.9543
24.425
23.5868
21.6059
31.6938
32.2139
45.0731
52.4176
67.6563
71.0095
-227.618
63.1984
65.5672
57.836
46.6261
43.4714
45.0778
46.9379
-397.858
35.7341
17.7908
25.4492
23.7643
22.3512
22.2151
9.16201
-394.249
15.7584
28.2367
27.3704
41.5726
47.0167
52.0228
61.598
-241.622
21.271
12.3495
28.4973
17.9823
26.9176
3.33705
-3.19123
-11.3543
-109.844
-18.9155
-16.6148
-28.5401
-29.7562
-27.5287
-30.1243
-27.9553
243.915
-32.6669
-36.6206
-24.5731
-19.4152
-13.1196
-15.7127
-5.85692
319.521
-4.13768
-0.869381
2.42975
7.56495
14.7384
6.67262
25.6062
-53.7794
23.0585
26.4961
22.5398
15.3505
23.2959
20.4932
25.7639
-276.709
15.6938
23.1248
20.0668
22.8072
28.5695
25.8827
29.6237
-298.776
19.8712
19.0553
-1.59066
-6.04719
-7.83288
-4.55618
-14.8179
-15.3496
-65.7939
-21.6692
-24.5952
-39.9669
-30.9753
-39.8426
-43.2396
-46.5224
297.262
-84.9669
-70.8386
-60.5191
-48.5506
-42.52
-30.2845
-16.3573
436.01
3.73876
4.58419
3.31973
13.0749
10.4235
7.04342
26.2655
227.582
16.2878
6.5502
3.09138
5.55911
3.49283
4.09935
5.52401
-6.74385
4.67656
-6.07084
-21.688
-20.2022
-28.8442
-18.5045
-26.8102
-15.0284
-23.5709
-19.3018
-9.38452
-10.3342
-11.7211
-5.5749
-19.4661
-7.12464
82.0693
-9.88912
-9.41233
-1.34046
2.60056
18.9307
34.6892
23.0824
-18.3319
17.1333
0.627568
13.3774
13.6226
-0.489033
8.69888
13.5814
-158.706
0.658359
6.98572
7.67393
-2.75478
-5.9731
-3.5289
0.343768
-79.572
13.2589
8.17898
6.14552
2.69275
8.04379
17.1941
19.3686
-15.8605
10.9778
-8.60503
-0.795255
4.72249
9.12609
29.6491
28.9761
37.6218
-69.7126
33.1063
40.0718
42.8754
46.7372
60.9447
60.0105
64.0072
-574.716
38.4095
35.9512
34.5435
29.1119
33.5598
26.7872
1.55221
-603.542
-14.1241
-7.83922
-3.93927
-11.1062
-4.60006
-1.13596
-14.9932
-64.3936
-15.4712
-19.4384
-17.0451
-25.0445
-19.7799
-15.863
-15.338
454.894
-37.3933
-34.1697
-39.306
-29.0722
-25.5098
-23.1896
-20.1503
587.038
-13.7206
5.32958
6.33041
18.5731
24.2457
27.3276
19.2458
26.1741
110.975
24.3465
32.3361
16.1666
23.9033
16.9055
13.7033
9.12554
-75.9518
19.0864
15.324
17.9189
27.9486
23.6427
10.289
-3.87933
-218.153
-15.1644
-23.1174
-27.4234
-31.0572
-22.1863
-14.2152
-6.89987
2.1862
-1.68908
0.756056
8.07
-10.4973
-4.12008
-0.383904
-8.48899
58.5695
-15.5033
-3.84612
-6.99754
-7.80175
-10.3962
-11.5654
-10.4721
-14.1664
71.8112
0.51809
16.6171
15.7473
35.0635
35.3731
29.9685
25.1504
33.4336
40.3391
28.0448
39.2002
35.3874
48.2797
37.3044
38.5243
-244.463
37.0493
31.7254
28.2166
24.8825
29.717
43.329
42.0023
-391.186
40.3545
42.347
9.41041
1.26772
-31.2704
-47.3803
-41.2058
-276.149
-22.2286
-27.0783
-30.3093
-27.4572
-22.8439
-22.5802
-42.754
104.364
-36.474
-52.7024
-40.6394
-35.1027
-19.2677
-17.4796
-13.6267
-23.6447
231.032
-22.4258
-3.07066
-4.939
-18.4142
-0.630851
-4.21614
2.95489
214.337
-15.2823
-23.2936
-33.4326
-21.7951
-9.4438
-22.6214
-24.9719
123.97
-37.553
-32.5891
-37.0584
-31.2424
-14.7071
-2.81528
-8.69316
-8.73548
0.335686
5.17971
10.0014
42.7687
86.2979
82.234
59.2159
65.9861
61.5607
39.2777
19.0615
22.0587
6.81203
5.01898
-6.31993
7.78428
-58.8942
24.9476
48.425
38.2056
45.9478
51.2135
41.4307
31.358
-484.37
2.57879
8.58837
4.91071
9.5603
14.0515
14.4309
20.5929
-397.303
15.5291
11.9175
15.3479
22.6056
14.0094
20.3529
26.5361
-156.708
32.6864
38.5116
31.5716
34.7188
39.9906
41.8889
38.3863
-365.226
29.145
33.5932
29.5305
16.5691
16.8841
17.0254
0.583093
-173.169
-5.60844
-0.405266
1.93818
-4.7578
-9.7453
-15.7505
-18.0333
-25.1913
159.22
-23.2151
-23.4117
-26.284
-22.4962
-26.089
-15.5757
-12.9266
420.721
-26.8074
-24.6373
-12.951
-23.2761
-3.85183
1.45818
-6.0775
148.543
-5.3564
-3.81791
4.17089
-5.81209
3.82582
10.6872
14.2135
-145.049
14.6685
18.8481
16.5129
21.1396
17.4813
22.8724
24.6709
-289.437
23.8111
23.3707
31.7421
22.8985
24.563
21.2229
22.082
-280.026
8.9544
-5.2057
-14.8593
-15.6401
-11.9193
-17.997
-22.9709
-26.4073
-16.6948
-3.95789
-7.33606
-6.3964
-0.516346
3.63556
17.0818
9.59173
223.959
2.04399
16.5893
18.3883
22.0571
19.4597
7.29273
6.28501
-382.191
30.926
46.2857
52.451
50.3703
54.8239
44.2253
55.7763
-388.41
16.8119
25.8256
18.3473
15.8093
8.83002
2.90994
-8.83804
-135.974
-3.23914
3.24054
3.75143
15.1203
4.1336
0.338432
-9.70484
-19.6005
85.8247
0.855528
-0.403509
-0.68128
-7.06635
-7.66149
4.77445
-11.37
810.076
2.7728
4.51267
3.09107
-5.09932
0.424327
1.62073
-6.82498
-399.392
-3.61946
-0.396011
-3.942
2.05853
-1.8621
-0.426018
5.75637
-212.713
11.6763
13.7678
8.11333
18.8833
4.62201
17.5631
12.6952
-355.082
9.03641
8.44902
7.36259
2.27915
10.5003
0.616825
2.23005
-110.657
5.08406
1.66459
4.73426
-2.60809
8.15846
-1.17643
-2.31855
-0.0505054
265.112
-1.16865
5.1835
0.023727
6.63694
-3.06168
1.49355
3.95087
200.947
5.03682
2.41084
1.38307
1.27653
0.387101
-4.38428
-0.0782747
-355.497
1.82766
-5.15171
-3.45733
-2.14683
-7.14623
-5.35236
-4.6668
-131.851
2.37808
-11.1029
2.44663
1.92668
-3.74551
0.137402
0.0453932
27.6683
0.496967
-3.32362
0.63765
0.369249
2.37636
-6.78862
-22.7808
316.44
-17.2352
-11.623
-8.84344
-4.63513
10.3684
34.8475
15.9342
-11.1541
528.033
-6.95836
-9.96739
-4.13963
6.26792
7.53459
-20.3381
-28.3946
-872.322
-1.03679
1.16483
4.23101
12.8222
6.11954
10.8322
4.44706
-108.5
9.88901
4.37598
-28.6635
-44.4648
0.921902
7.05712
-5.15455
417.275
1.94949
1.7791
81.2285
-6.59678
-8.98902
-4.3611
-12.4468
-123.789
4.06822
5.85283
2.81498
-8.40801
2.57411
-4.13498
-19.2054
-308.196
1.35569
0.319359
-4.7034
8.65276
-5.62067
-0.648792
0.14213
-12.0139
159.598
5.77341
6.42352
16.3045
0.104671
7.56499
13.6321
2.42995
12.8703
-0.745666
-5.23626
-13.1606
-0.0862102
-7.24773
-7.55839
-1.35136
-16.496
-11.334
-17.8855
-2.3157
5.1643
11.6357
-2.73211
-1.32906
47.7768
-11.7518
-5.46585
15.7555
10.4289
-0.724398
9.62003
11.2829
-28.4357
-2.92121
-2.04835
3.71187
4.39658
-5.44879
3.42788
-5.5355
-1.41477
-34.9711
-2.23353
5.00615
3.28143
-0.338203
4.88337
0.371623
-4.93057
35.3362
3.82835
-5.98355
1.85189
9.44559
7.42488
4.13681
4.35048
-39.4227
-4.49454
-11.6922
2.19409
0.799146
3.87747
-7.90513
5.04956
23.8732
6.74728
-12.4294
3.46032
-5.64986
-1.34901
5.13864
5.3948
61.5348
-9.02121
-1.82443
-11.9765
-0.473472
0.83432
-6.4383
6.46808
-29.7968
9.82396
4.54154
3.29265
0.653964
5.14799
0.814552
1.9674
1.53421
77.2868
6.34228
4.07034
1.33398
-6.0851
-5.77463
-8.24372
-2.93948
-48.6399
-3.83889
6.80358
-6.7198
2.35721
-2.02201
7.97036
-1.31952
-173.131
-46.6994
-12.6531
-13.1603
-3.78332
-5.66449
2.40064
-7.25504
710.596
1.01843
3.22067
-4.68015
-6.37783
-6.30932
-0.258551
9.7624
-260.119
16.1366
22.2474
18.9126
18.4284
6.29299
18.7291
-6.02944
-287.783
-8.3107
2.84303
-11.712
6.70091
10.8848
5.28303
4.65847
23.2074
954.626
6.83065
5.1807
-0.0958975
-36.5416
-52.3913
-32.8593
-27.6788
-891.771
1.87225
3.14966
-0.318293
8.3255
6.18535
3.31369
-11.4612
-179.683
-2.23888
-8.57432
-2.55911
-3.35694
1.0358
3.62824
3.25052
356.717
-1.28718
4.30183
-10.8939
-11.327
-6.36089
-0.632606
-2.26939
-181.179
-1.61862
-6.0862
-0.686086
2.67656
-1.83381
9.46313
0.102382
4.0197
-137.6
3.97933
7.12306
0.981938
12.1463
3.86445
2.97467
5.27751
-15.5603
5.91962
4.7311
1.27728
2.15481
-0.624742
2.07378
-4.43976
262.839
5.14377
-8.94887
4.36362
-3.94284
-4.68303
-1.24883
4.83157
236.402
-7.62769
6.52687
1.26791
5.66652
4.49819
8.22578
2.197
100.881
7.64773
6.34098
10.4068
6.5972
6.08998
3.5553
0.415184
-338.304
2.38765
0.440121
-4.06563
-8.4211
-4.26374
-6.65232
-3.56104
-5.86115
-264.5
-1.12799
-9.27825
0.839066
-0.192482
-6.04967
0.4241
7.94473
10.2201
0.283574
-1.90998
2.66536
-3.83111
-7.43388
2.88781
-3.92113
140.727
-5.54548
3.20186
-5.33939
-0.289296
-1.13149
1.42153
-0.389541
167.602
3.01524
3.51555
4.11598
3.75207
9.94309
1.86131
4.5413
-309.953
2.69336
5.24725
2.75978
1.76735
-2.0695
8.4349
-3.2461
5.10751
28.9836
-0.178525
1.42648
2.70221
-0.465376
-1.14904
-0.870024
0.355896
97.2525
0.755206
-0.383368
-7.11892
-0.969144
0.276478
6.74123
-11.2269
-73.1271
5.51282
-5.27952
0.744906
0.0573674
0.620141
-2.43579
-0.728577
-42.1953
-3.65271
4.51585
0.676949
1.41833
-2.86252
-4.1542
1.73328
8.82741
-6.96349
6.59544
-4.01009
3.7725
0.0236507
-1.26658
-4.81797
0.879703
-9.52678
9.52867
0.742389
-1.79638
2.84557
-4.64523
4.07621
-6.31184
-11.0176
1.54668
-2.76295
-0.357736
0.394127
2.25546
-7.90918
6.27255
6.33556
-7.33737
0.0706469
0.490241
1.64629
1.01146
-2.81289
5.93415
0.749585
0.688756
-5.13324
2.58238
-0.120924
-0.746123
2.64225
-1.65967
-9.94533
5.28301
-6.1694
1.89191
4.91806
-7.63895
4.20097
1.95678
-5.33252