-5.2988
3.25136
6.48041
-0.222951
-7.69191
0.621476
34.1607
-0.749727
3.0781
-1.45914
5.72827
-4.67044
0.600728
1.2205
-14.8795
3.99474
-3.6149
1.2209
-2.55766
-2.58548
-0.508783
3.9289
6.48825
6.32412
-6.78665
2.48839
2.78872
-1.61903
0.568826
-5.80838
9.05802
9.02776
-0.0417312
5.65557
-1.78276
1.4034
-8.14972
3.77868
3.81911
-5.24895
0.90811
-0.863764
-3.61352
5.35327
-3.20137
-0.0422651
1.07549
-31.3587
-1.00864
-1.78928
3.84927
1.7785
-1.97932
3.39105
-2.82453
39.4992
2.14603
0.676314
-3.343
5.41057
-2.754
0.590581
3.33278
-8.28878
3.09483
-4.11403
-2.12483
7.76174
0.162767
1.93652
-5.05975
-0.480223
1.95342
2.71442
-4.26247
3.44355
3.32047
-5.16041
-2.76752
3.77723
29.1175
-0.840816
-0.0949061
1.06016
2.00446
4.28421
-7.4443
7.38166
-66.7584
3.33124
5.44843
-8.3252
1.80901
1.84047
-3.31102
1.14528
-7.0031
-0.612934
-1.17259
3.11205
-6.38904
0.0979592
1.98296
3.02326
115.356
0.332094
6.20828
1.63766
12.415
0.714005
11.219
2.54202
79.0681
0.922126
12.8401
0.680526
4.64506
2.79132
-5.01327
-5.37662
-122.25
-1.97696
-12.8789
-10.8957
-9.96892
-12.2588
-11.7575
-10.6549
-3.54845
483.296
-0.605059
3.28226
5.30643
3.25613
7.61152
12.425
8.37284
202.28
8.35663
3.18264
0.462178
-0.762453
-3.51464
-1.14446
-3.41037
-54.5517
-6.0983
-7.05466
-5.45794
-5.72283
0.0231925
-5.12518
-3.37968
-61.7443
-0.242148
-0.665039
-9.28074
-0.718367
-5.51226
1.32543
-9.1759
-7.65468
-1.9519
-3.87618
-3.90877
-4.32006
6.27595
7.15617
8.4941
0.761225
-35.3046
-9.9517
-5.5599
-5.46214
-10.4163
-5.54781
-10.5875
-5.29926
-519.08
-5.85988
-1.83632
-3.35731
-5.80255
-4.74469
-7.37103
-0.689303
-7.6071
-5.79932
0.420677
-2.30709
-7.57628
0.483302
-1.52584
-2.33051
241.744
3.08793
8.18596
13.7957
3.10389
9.01759
11.6791
12.0379
-73.2658
10.2993
16.0575
3.00227
11.3476
3.57943
2.29254
1.27973
37.9022
-24.1619
-25.2871
-4.32729
-13.4296
-4.97115
-7.82934
-0.807904
-6.56418
-91.3516
-9.49064
4.2758
-5.01873
-1.40348
0.677233
13.8476
9.83541
-107.447
12.7219
10.6062
8.51673
3.72169
12.8761
0.545405
7.67862
73.8906
-3.76174
-5.83459
2.76629
-0.803342
3.37291
-4.56184
-1.29823
100.617
-11.064
-5.28952
-18.0607
-12.4323
2.66103
-2.93338
3.3304
-145.438
4.23597
8.14099
8.45695
12.648
8.33016
9.90857
4.57706
-102.095
8.48167
8.73176
3.29332
-1.48133
-6.81887
-8.45763
-13.1256
-7.1677
161.564
-7.81763
-13.6989
-15.827
-24.4675
-13.472
-11.5599
-2.54497
468.508
7.41701
7.08722
8.51596
7.73783
11.8933
17.0993
9.09215
-155.603
2.45372
6.43432
6.95945
12.7041
16.739
12.045
-9.98464
206.166
-15.3379
-7.0149
-3.61132
2.47981
1.3579
13.856
8.51157
-354.489
-0.729572
-9.84238
-42.9534
-18.7826
-1.53141
13.7149
22.3083
21.2558
345.421
-2.51409
-14.5328
-25.6654
-28.8897
-14.5108
-22.5692
-4.99348
-711.709
2.44574
4.34554
0.925195
0.111387
-0.367037
-3.49464
-2.54208
-93.6431
-29.2168
-27.8644
-9.35397
-8.10628
-3.61978
-8.30989
4.60731
767.442
-1.45855
3.72186
26.3902
10.9096
-2.02271
-2.07805
-5.24438
-145.035
-8.99483
0.249776
8.93767
11.8074
0.954568
0.998803
-15.8195
-510.218
3.63715
2.97675
4.43227
2.6842
-3.64351
5.95623
0.271525
0.237036
156.916
-19.7456
-9.75051
18.383
20.2501
2.43498
0.706698
5.27291
485.469
-1.42497
1.05595
-2.72165
-0.443326
-1.18452
-0.389312
4.27993
-645.025
2.05197
4.70864
6.31484
4.17412
3.3349
5.61096
4.4374
-46.4519
-15.7033
-26.7291
-12.7486
-1.79997
3.47338
-6.82899
3.81241
724.01
35.6624
7.14736
12.145
8.57116
0.693178
-11.9159
-4.81944
0.0318138
-730.935
-0.147317
7.20202
6.13823
3.60496
0.823864
-13.4168
-12.9374
-10.2945
-6.09314
3.01921
-5.01967
7.2319
-1.19044
-0.640323
-9.18585
284.208
-7.2036
2.39989
6.46259
5.00679
-15.0412
-8.64748
-9.65455
224.135
-8.23731
-7.7516
-7.30959
4.74424
10.5649
13.4203
13.2289
-134.068
11.4357
8.12142
11.0758
8.83903
4.07745
7.5231
4.90613
8.16891
1.55877
0.517099
-7.80057
-9.18232
-7.89354
-10.0879
-15.8232
-14.658
-233.382
-12.1661
-10.4719
-1.70749
-15.0291
-4.7412
-11.9366
-7.21424
153.638
-6.5031
5.8541
-1.78205
3.99865
4.85476
7.79939
-3.89695
-40.8156
2.67038
12.3259
10.9443
10.0245
1.02743
2.62219
16.2956
-196.372
8.86922
1.21305
6.22627
0.465535
-0.71103
-3.85232
-1.19619
110.513
-4.45625
-3.48838
5.40563
3.18882
0.283268
-4.07395
3.55753
53.9514
-1.66086
1.76754
0.895043
2.35866
6.26149
6.3818
0.915798
8.58435
38.2536
-6.20643
-4.92626
-1.1066
1.53424
3.87488
3.38197
7.79237
-125.101
-5.08246
-3.16654
0.973107
9.71201
-2.08653
5.69073
-0.432876
103.491
10.6775
4.22595
-1.76656
-1.56404
2.28556
4.45587
8.19832
2.67086
1.53569
-5.05556
-5.06378
1.49721
4.48217
-0.953482
3.76901
148.571
-8.57744
7.68587
5.27978
-1.12584
-6.85674
-14.6411
-12.9559
-2.06985
-54.4399
-2.80977
-3.09137
-7.99859
-11.1766
-5.6076
-9.1165
-8.10521
469.68
-5.61434
0.0396721
-1.64658
-5.80342
4.8692
-2.89695
-4.88606
9.00218
4.45129
-1.07335
5.51707
0.656345
-1.31487
-9.45674
8.05077
8.19172
-1.40294
-1.95472
2.70663
2.95588
-3.1283
-4.59539
-7.9149
30.484
-3.32622
-5.92508
-4.77636
-6.93017
-0.782834
-1.28139
1.27238
-27.9814
-1.14042
0.0695775
-4.62553
-0.147013
-3.36067
-2.10898
-4.04494
-8.69619
-85.0334
-7.21608
0.938148
-6.75995
-3.07697
-5.37875
-6.38093
-4.12618
-216.698
1.03465
-6.16688
-10.0904
-3.00181
-4.85465
-6.35665
-2.68808
-221.762
-3.04453
-3.62612
0.392905
-3.36552
-5.87682
-1.13706
2.26027
-165.834
-1.01125
4.94168
-3.38549
-1.58459
-1.71391
0.0897179
-1.72516
-83.2712
-2.18272
3.85446
-2.71502
-2.94961
-0.614677
-5.87953
-11.561
2.35981
-41.4609
-13.6948
-3.54943
-6.74896
-6.50603
-6.88184
-13.8687
-5.29132
48.899
-5.58352
0.712645
-5.60938
-0.99178
-1.77517
0.0555399
5.51745
47.0794
-7.10723
-3.35215
-0.0434096
1.44803
-4.95396
4.48066
-1.15153
313.521
2.24958
0.159445
3.36755
0.32332
1.54828
5.70144
5.21292
575.134
11.3911
15.755
16.6819
8.46626
12.1301
6.45611
7.50071
-23.1444
-0.853011
-2.84976
-6.17764
-2.84123
3.77847
5.06673
-5.46438
4.60196
102.913
-0.556238
12.1998
0.629096
8.43429
8.16918
11.881
4.11736
-55.2059
9.32552
2.45433
-0.533117
-0.532904
0.628178
2.3756
7.07005
-551.033
4.27375
4.22221
7.46462
0.783815
-10.7166
-5.57993
-7.75438
-434.208
0.191799
-8.18855
-4.95791
3.5862
-1.89961
-1.69
-3.14759
-124.981
-0.220179
7.44341
-6.5843
6.55559
-2.06661
-3.36902
1.58223
-42.3739
1.46809
5.04598
-5.83075
4.71381
2.12318
-2.4663
0.0106045
3.31224
-43.1428
10.3428
3.37069
-3.74571
2.92132
8.65446
2.59134
2.59878
-5.23749
7.46444
4.75622
3.81501
4.1178
6.41842
-2.87753
-8.0988
278.862
1.35983
-8.68057
10.0686
0.299599
13.1878
4.13967
4.57023
806.474
22.1501
19.5175
27.1917
19.7954
16.7057
26.5559
10.2169
-101.243
9.33967
9.56033
0.28098
6.66713
-5.3344
6.88716
-2.91858
-1.19715
-18.4004
-3.60977
3.83706
-1.19754
-3.82409
-6.11737
-7.24594
-6.39995
-39.928
-3.17963
-19.178
-14.5479
-9.59394
-15.3456
-11.1977
-12.2889
-208.277
-7.60385
-3.43378
-7.37033
-0.479039
-3.79083
-4.68749
1.98982
-343.232
2.41582
-2.79462
1.45421
2.2145
2.21308
5.09312
-1.59116
-234.691
3.15159
1.41424
2.08808
2.12203
0.290141
0.862865
-3.48238
-108.284
-11.5479
-2.0687
-0.435859
-3.83012
-5.93363
-10.3809
-8.77862
4.53468
84.2931
-11.039
8.45649
6.49257
3.86405
6.087
3.53171
3.82012
121.572
7.19208
-2.42343
-4.4036
-0.364746
-3.18499
-6.05905
1.71952
338.67
-0.818394
-2.67788
2.01572
0.267553
1.87493
-0.684722
-5.27276
500.888
-5.92114
-10.2669
-6.96393
-9.12307
-5.64516
-7.5056
-16.6108
185.83
-5.82736
-0.956309
7.27286
12.9087
5.12373
21.0028
23.2313
22.3301
87.7686
19.1842
13.9368
17.2098
9.43675
17.9801
7.30579
6.46254
-265.473
5.10967
3.84446
8.68976
3.33995
9.81117
-0.109556
14.2408
-366.508
6.32633
1.47516
7.22736
1.4359
-2.12634
-2.38782
-6.23279
-345.936
0.709351
-10.1987
-3.21811
-7.2706
-9.56877
-6.14765
-3.69859
-216.679
0.97891
-2.9108
-1.7603
0.383668
-4.67641
4.33408
11.707
-98.6144
4.86196
1.7405
5.6338
0.762453
-0.827465
6.46827
-0.266795
2.39613
22.8884
3.57392
0.602242
-10.0333
-14.0792
-18.3376
-18.0212
-14.217
396.468
-7.61556
-3.53501
-4.23134
-7.82438
-3.67921
-0.801682
-6.95886
491.152
-9.11564
-3.9749
-9.53962
-4.6868
-10.5538
-8.80071
-9.48637
129.353
-5.62858
-2.99074
-1.40322
4.11945
2.76454
6.02262
10.2021
85.9086
9.98197
-3.07024
5.70029
-0.979196
3.98705
-2.18343
3.69679
5.18263
-167.774
1.88317
-2.92574
13.6416
3.24762
5.76875
1.80611
-6.49891
-275.588
2.52078
-2.50181
-5.09655
-0.976679
-5.36388
-11.0813
-7.66752
-307.622
-4.63651
-5.46145
-2.85472
-3.11617
-2.97374
-7.21514
-8.53198
-222.62
-3.03642
-6.58463
-6.51618
1.03468
3.12783
8.86905
2.29754
-102.524
6.80213
-6.24671
0.555244
0.532596
-4.56389
-6.17996
0.957162
301.469
-1.06275
5.09899
0.532446
3.05232
5.35655
6.61357
-8.6051
2.14024
607.735
-1.59126
-0.134959
-7.16624
0.304101
0.307371
-6.14609
-2.94246
140.176
0.0706469
-3.64724
-2.98556
-7.02351
-0.801911
-0.275787
-2.39826
53.4203
-3.87597
-9.98295
-9.76736
-8.1731
-13.7977
-15.7904
-13.2033
53.7473
-20.546
-22.6967
-31.4089
-28.6355
-18.9797
-30.1436
-31.865
-307.732
-23.3708
-22.7622
-15.9499
-16.58
-17.1295
-10.7836
-15.1415
-346.647
-5.89395
-5.22319
0.639713
6.82875
7.71592
4.37392
2.72226
4.25003
-223.676
-7.36423
-5.11799
-9.38803
-7.54061
-11.9858
-9.89351
-12.4104
-61.3788
-3.03193
9.05945
-4.02069
4.74736
6.47925
-0.325235
2.73943
75.1585
-1.9125
-3.48041
0.924123
-4.12048
1.42329
-4.69197
5.93163
477.324
9.64556
7.08495
4.29969
3.02737
9.71421
6.27524
0.609613
432.733
6.25329
-2.21188
3.1312
10.7195
0.299601
4.44439
1.44338
13.5956
53.8517
15.2025
18.9135
11.9048
7.02283
7.70742
-0.415258
-0.746294
-388.453
3.62358
-2.79017
0.129313
-3.88297
-2.35622
-4.90336
-5.92165
-577.334
-5.81218
-8.50071
6.78744
-8.26091
-2.63043
6.03336
0.0328056
-184.536
-2.54382
1.77796
-1.62827
5.81624
1.73554
2.25222
-0.913739
-66.997
2.83573
1.88645
9.97907
-7.87332
10.8453
-0.909161
1.25714
-20.6282
4.55641
-3.94034
8.72984
3.16156
6.1979
0.722567
4.27762
3.75916
151.886
-14.9943
-14.3151
-4.50708
1.58705
0.737547
2.77899
17.1478
965.493
39.8469
35.7722
27.9979
23.6853
19.9533
12.4605
11.9322
-156.137
6.58862
2.56198
8.01278
-1.26538
2.62227
4.79735
0.990025
-114.018
-2.09976
0.589739
-4.41695
-11.7975
-13.5736
-16.9865
-13.2091
126.242
-23.135
-19.8252
-13.5862
-17.1421
-16.0884
-8.90244
-5.45733
-3.43971
125.305
1.92406
6.38795
7.39894
-0.969064
2.08861
6.77981
14.2169
-15.4134
4.14848
4.77252
3.85385
-2.84602
2.39359
0.136866
-5.63189
-673.317
4.72582
-7.07722
-0.0411217
5.75103
2.07981
2.7194
-1.91875
-154.875
-5.32713
-1.19723
0.892068
-7.372
6.50199
-2.9226
1.85853
76.2115
-0.684938
2.33333
-2.48235
1.49876
1.83839
-7.84421
7.01665
20.6088
3.70736
-4.32639
-0.328362
1.30778
1.85779
-2.12265
-10.3116
-11.4659
261.198
-2.62539
-8.64436
-1.08745
-0.373216
3.31412
-2.63487
1.09272
492.458
-7.70486
6.10891
0.762239
6.17544
-5.40627
0.0279987
6.90154
75.3302
-0.420601
13.0592
19.2665
15.1072
4.30227
7.59997
7.21138
-251.985
8.23807
15.0626
0.557764
-1.40508
2.90735
2.53882
2.80848
-467.586
-0.760484
-2.78117
-1.32044
0.160443
-0.771608
-1.5986
-0.971128
-240.832
2.30659
8.05989
-0.143891
6.7895
-0.471401
-3.36976
3.92838
-3.22025
-1.32362
-8.40415
2.74461
1.08478
-12.0176
-12.5936
-4.47583
-7.02624
288.419
-10.8846
0.273579
-6.31539
-6.5399
-2.26474
-10.2503
-6.88465
419.084
-6.33942
-1.25362
-4.31701
-2.70907
-5.68578
3.3957
4.71265
180.98
7.69128
13.0373
13.9291
8.44429
7.36165
6.26579
0.265948
-53.6683
-8.8715
-2.86578
-5.71283
-4.74675
-9.453
-9.67782
-9.55798
700.054
-1025.21
-5.9138
-10.7038
-5.9224
-5.736
-6.08281
-5.90318
-8.27667
-236.934
-3.29874
-0.424179
-1.68648
-0.609883
-0.944408
-2.9316
-2.20198
-160.108
-6.27175
0.726916
-11.7733
-1.30977
1.31994
-9.69567
-5.52101
-2.35775
-5.21869
-3.76007
2.18142
-1.6385
11.1808
3.71451
4.39694
397.276
7.00528
3.5592
-1.7009
-1.34318
1.81065
-2.18358
-2.49571
-87.2989
-7.88091
-3.37389
-2.51978
-2.85678
-4.29875
-15.8895
-8.66268
-7.62208
244.581
4.07768
-0.36094
2.36252
5.02469
10.1329
17.4086
11.0947
243.023
3.50931
-3.72932
10.5164
-10.7619
-0.931146
-13.4477
-0.00900248
-434.522
5.74602
2.58159
-3.47092
3.26776
-3.64639
1.55168
-1.89015
-139.612
-4.57243
-4.73447
2.03075
-10.9818
-10.4459
-4.16679
3.04287
91.3398
1.92936
-1.26315
2.71221
2.46646
4.2527
4.43128
8.04051
-68.564
3.11527
7.39962
0.0791898
6.76618
0.805573
0.498176
-2.71357
-2.02545
-197.529
-2.55915
-11.2515
0.745361
-5.05268
-14.087
-21.3217
-19.4104
158.987
-14.7128
-6.02147
-6.22349
0.237422
0.257329
-0.233679
2.37087
451.37
-7.28019
-1.06898
2.60498
4.4957
3.17598
10.8073
6.88113
57.7843
9.45909
8.67403
10.2583
7.58169
11.9933
8.39897
11.2271
-145.223
4.10597
-2.37269
2.08465
4.16816
2.88629
8.07804
-2.84922
394.199
-935.294
-0.199578
-0.185925
3.1099
-3.15775
3.30653
-2.79771
-1.93139
-259.658
-4.55322
-3.75757
3.95284
0.237804
-2.17908
10.5925
4.18028
-73.1321
-3.63899
6.87464
4.41459
0.553947
7.15815
-5.75769
-2.88613
121.378
-1.2444
2.48708
-6.07186
0.401144
4.4068
1.75592
-6.71188
254.753
-3.59223
0.623768
-3.22658
2.37673
4.46654
-0.0573717
-0.523812
256.452
-16.9756
-3.57566
-10.3659
-3.27773
-4.35191
-5.02496
-3.64563
-1.46649
333.337
-6.02735
-4.58907
0.667318
-2.06195
-2.47182
-3.25487
10.158
85.7202
10.3986
2.55986
1.5154
-2.28782
-7.49217
8.80759
-2.26866
-352.88
-0.53832
5.46956
1.90663
3.29921
-9.58711
-5.69379
-0.697473
-467.575
-3.53075
4.54273
-7.44882
1.05923
-1.41553
0.480861
7.12595
-78.5156
3.68501
1.22891
4.45166
1.76922
-3.27669
2.90858
-0.204383
22.3441
-3.19612
-5.01902
0.963957
0.432569
-1.00582
10.4044
-4.06571
5.18983
-99.3683
6.42838
0.489255
2.44228
2.26941
8.88204
-0.27595
-2.46389
108.55
-9.62691
-17.4973
-4.90941
-20.6157
-1.84731
-2.5175
-1.36361
562.077
1.03285
5.30902
4.03891
-0.194389
-0.413963
0.150293
0.797257
204.263
10.0579
18.7426
16.7032
17.9017
16.6423
10.9928
16.4026
54.7234
8.22155
10.524
1.69575
11.4404
5.17409
8.37417
7.29235
-195.123
10.3831
4.70296
-2.8491
0.467673
-3.49167
-7.57673
-1.6459
-4.72776
-294.393
-5.16567
-9.7728
-6.58484
-3.95684
-6.36353
-0.143049
-8.13324
-393.048
-1.38112
-3.50699
2.39696
-3.06133
-6.40481
1.90831
-6.57932
-174.602
-1.05932
-6.30212
-11.8616
-6.70998
-4.67382
-1.73588
-10.0275
26.9243
-6.21772
-9.62624
3.74749
-10.4057
-12.289
-14.1301
-7.9202
474.731
4.00414
-1.55567
-3.56142
3.48153
12.174
12.3681
9.58128
-0.0452404
592.838
-8.22426
-0.405495
0.124735
-7.61633
-9.19508
-1.39429
-4.39139
-103.331
15.846
19.6237
23.7966
19.4965
10.2131
21.9043
27.4323
-224.932
17.9827
12.182
13.3545
4.25581
12.8761
5.47663
9.88014
-198.907
11.3745
7.8375
7.093
3.25954
1.08526
-2.24966
-3.56791
-392.079
-1.3206
2.95907
-7.82972
-3.13076
-7.66531
-6.06308
-14.8255
166.377
-17.0197
-24.7947
-14.5091
-15.0275
-13.0914
-14.3819
-12.8486
-2.9075
169.547
-6.45629
-4.78986
-9.13962
-5.53558
-8.36997
-5.42906
1.97279
-8.63681
12.5404
10.7688
10.4511
13.7425
11.1762
4.64214
0.178219
-135.446
-9.50387
-16.9285
-9.35202
-16.8101
-7.11796
-3.76375
-2.23368
44.6526
6.90788
-13.668
-10.7718
-6.71123
-3.31314
-1.68963
8.4256
331.99
19.3739
6.59504
5.0611
11.1175
12.1521
32.4639
37.0932
13.4039
-11.6836
2.44403
-2.30908
3.63603
-4.92039
4.35704
1.81935
10.3314
-788.013
-4.76226
-1.80844
-5.31881
-1.55324
-4.06469
4.42304
-4.18564
-206.014
-1.1047
2.66824
0.358499
-2.33588
1.54374
3.86269
1.17275
3.1673
-1.50376
2.33882
-7.37373
-4.58904
-4.45823
-5.83062
0.71913
89.7445
-1.56034
-8.03921
-8.23769
6.56264
-0.416471
4.18068
-0.724381
182.174
-0.0611089
-1.09678
-0.234366
1.33181
-7.11249
0.69196
-7.40859
3.82285
320.974
2.59708
0.131147
-1.65452
-4.12956
2.47881
-0.312336
9.18822
144.104
1.71208
0.280065
-2.40293
1.75221
0.393582
-5.00929
2.85169
-128.755
-2.94941
-5.79282
-1.57685
-5.60602
-6.43352
-3.29277
-3.41799
-66.4894
-2.27107
2.42667
-3.27785
-12.7889
-8.03448
-11.8408
-7.4214
42.257
-9.28824
-5.44502
-0.123286
4.41452
7.64509
0.324619
-1.08831
-40.3152
3.4125
10.3396
5.54835
8.79428
3.16974
7.44772
7.27222
-2.58403
266.855
-2.51735
-10.9278
-15.6074
-9.54516
6.99298
18.7216
-1.06457
351.211
-18.3218
-20.2166
-15.6558
-0.0138086
-0.0109096
6.16647
22.8368
-873.644
2.7228
-2.32402
0.540749
-2.3759
1.79223
-16.1816
-11.7532
71.6874
-9.94294
-9.16462
-11.9396
-6.08147
-7.08483
-6.2716
-1.23945
567.074
-3.29768
-10.4206
-2.30071
-3.42912
1.07944
10.3595
7.81805
2.77195
-317.266
5.63277
7.71288
11.6961
13.2103
7.79336
18.1759
11.3179
-377.593
3.77442
8.69436
-0.67716
-18.7416
-19.6957
-11.9354
5.60459
343.231
-3.9251
0.404883
3.06841
0.0384513
-0.200188
3.38708
1.14703
360.643
0.774751
8.74578
0.708071
4.41746
8.67605
4.98229
9.46992
-612.663
1.11446
-5.6846
-13.5999
-1.83219
5.25991
0.851332
-0.520761
-260.172
-28.3364
-11.7556
-2.55003
-7.41133
8.72358
-7.70631
-30.4349
-11.1531
406.329
9.26588
-11.189
-5.91
-4.13505
-6.95739
-6.47002
-5.28036
311.381
-0.440963
-3.18772
1.13033
1.10576
-1.76356
10.4737
6.02972
-361.149
8.27099
9.31499
3.73506
9.93607
-1.73584
6.2032
-6.54473
-77.7069
-7.82422
-9.54183
-7.55469
-0.344459
-5.46907
2.6505
-1.23503
916.462
-0.400992
10.5955
13.6506
21.9321
29.7696
22.2918
19.5213
7.39878
-463.688
-2.92932
-9.5077
-7.55823
-14.6892
-11.7463
-9.04007
-5.32512
-668.317
-9.35176
0.544106
-0.952127
-1.37858
-8.81857
-21.9506
-19.1102
137.277
-5.15761
-11.6269
-16.7978
-13.7854
-10.1051
0.790077
1.96803
588.567
1.36828
13.8361
2.88646
-5.87201
-3.12801
-6.79425
3.29791
-502.761
6.23997
5.55376
15.4589
16.527
12.7594
22.6249
17.0765
-280.856
-2.68392
-2.03011
9.15751
1.16969
-6.23344
-8.41442
-7.75117
-10.8827
98.3447
-9.13464
-3.53308
-9.67008
1.32014
-9.76174
-7.49654
0.313026
27.1828
21.0169
9.95403
0.801991
20.5894
14.014
7.48133
12.2639
-13.433
7.4073
11.1215
-0.709122
14.4436
-11.7584
-6.87627
-10.4072
43.3333
-12.2545
-11.506
-15.3195
-8.69333
-11.406
-11.8854
-13.6519
-203.966
0.413617
6.35154
8.54521
11.5138
9.87787
8.66198
3.35165
-38.0062
-61.3994
-22.7793
-20.5253
-0.824016
-5.77887
5.37649
-3.62091
2.9146
1040.14
14.2726
25.0908
72.1401
23.3599
-5.26111
-14.6141
-43.1423
-584.956
-13.9277
-9.65592
6.42859
13.9388
17.6139
28.111
11.9669
-518.283
-33.0242
-39.6392
-16.1086
-10.3841
-7.62073
-13.3411
-3.86849
705.313
17.6937
22.7459
-0.219183
55.6076
10.3081
-7.57014
2.7218
-29.1359
-6.9308
-8.37966
-7.02677
-13.9691
-9.60317
-3.00349
-0.827979
4.28695
-394.846
-2.07317
0.422568
2.21519
8.06149
4.10284
6.3715
-4.73791
50.6932
6.79143
0.959222
4.5822
3.4694
0.646049
-5.3818
-3.22037
-48.7189
-1.94263
11.3404
-1.62708
-4.81252
0.0260916
3.08579
-5.76425
120.091
5.30205
-0.493994
6.47307
-4.11114
3.919
-3.81768
-2.42678
126.116
-10.5063
-2.51415
-9.26075
-12.4048
-14.2684
-8.36677
0.627037
845.401
3.54631
10.7211
12.6186
19.5416
26.6811
18.8261
17.9864
20.4228
225.918
11.0962
5.54532
5.41837
4.2279
7.73401
2.92804
3.89939
-1137.13
3.57087
-7.13677
-1.67092
-4.37639
-2.38903
-8.48556
-6.03902
-109.285
-10.8502
-5.72178
-1.11334
-13.4543
-1.86161
-6.70444
-3.46332
-206.157
-2.75177
-4.46974
-1.35325
5.71566
-0.762819
2.31801
-0.71568
-186.787
1.40444
5.3581
7.49434
4.4023
1.88893
13.1758
5.48444
8.57596
-4.11548
-2.13417
7.00914
-1.48923
-2.53058
-4.1563
-0.0225822
-5.46046
217.298
1.79371
-3.36464
-1.36431
-4.10103
-9.2106
-1.31556
-1.77677
155.313
-6.72994
2.10295
-2.28824
1.84258
-6.66641
0.493525
-0.280526
4.60079
-0.327217
-1.03115
-8.51939
1.43437
-1.52361
4.44931
1.35347
-83.9075
8.83004
-0.645649
0.117338
-1.88622