5.76555
-5.51335
0.228571
-2.46481
-2.56947
0.924204
2.7758
-2.61348
1.24745
-6.97484
5.5437
1.36325
-3.12882
6.52744
-2.22895
-2.2486
-4.69924
0.0637028
36.8274
0.995514
-0.414257
-8.56292
7.33928
-3.26073
1.76545
-0.509711
22.2453
5.31497
-7.44776
4.13664
3.80112
-5.55938
4.43677
-5.8088
3.15205
-1.02374
1.179
0.629096
-0.138547
2.99259
1.80508
-4.51052
-4.92431
-3.26305
1.22929
4.58433
-3.83988
1.66294
0.61216
-2.40978
-28.8083
3.91572
-0.507486
1.30574
-1.32098
1.85414
-0.656024
-2.44357
1.92208
1.94559
-1.76166
-4.64664
4.69291
1.95838
-4.00559
0.141291
5.04276
-6.13173
-6.12767
2.9629
3.67571
-3.8281
-2.00863
4.25628
-2.2891
-9.70587
1.75374
-0.324921
3.17997
-1.72299
-1.93248
-0.382981
2.38704
7.422
2.47374
3.3728
-3.42349
1.03345
0.193627
-1.73665
6.85347
4.25256
0.657944
-2.40171
2.90256
-1.79885
4.50042
-5.65134
4.26916
-4.93748
1.04598
-2.51096
2.95023
-2.73678
1.34351
3.48444
-2.79004
0.515583
5.45166
1.89134
-7.91581
7.6898
1.83423
-1.011
-0.14877
-4.83945
23.2608
-4.15609
3.59545
1.93051
-0.799065
0.908344
4.43173
-8.40999
94.1353
-1.32548
10.7791
-3.11037
2.43564
0.0105281
3.3828
4.61729
-22.3231
4.15213
-4.67642
2.08479
-2.51521
-2.77163
-1.21437
-0.63895
-58.2003
-5.71776
-2.08877
-1.89174
-0.815613
1.01555
-1.14268
-4.57973
5.23556
29.8544
-4.51392
3.60183
-6.22288
-1.47405
-0.684557
-0.180352
-2.96206
117.107
-2.38712
0.519771
5.26345
-7.53374
0.271829
-1.43289
-3.52854
111.613
-3.46591
2.81473
-2.35546
-1.75325
4.0634
-3.4855
-4.1108
75.7496
-0.780073
6.62174
-12.7155
3.84553
-0.947536
-0.365821
-0.896497
-364.545
5.85199
3.19246
-5.44212
4.1079
-0.0508859
4.08308
-0.521154
27.3614
-141.964
1.59485
-1.19421
-2.6145
9.34358
-9.27227
2.39287
3.89914
121.521
0.786024
2.14058
-0.655197
-1.69926
-2.68261
1.71807
-1.83477
169.921
4.75422
1.66518
3.75856
0.124661
-0.989109
2.5169
-0.158467
15.6857
3.86939
-1.55138
4.48621
4.8734
-1.37652
1.88556
0.607961
-249.016
-9.93593
3.73809
-7.6998
6.23249
-6.75295
-3.4524
-1.66623
-123.789
-1.16079
-2.88706
-4.02947
-3.24581
-8.13344
-1.39109
-6.59687
0.410976
76.5093
-1.10219
-5.44098
-8.79377
-1.75754
0.731222
-1.00845
-6.76069
175.786
-8.91118
1.59657
0.979883
-0.69539
-3.22098
-1.4017
2.3714
94.5407
3.32567
-3.11526
-3.44797
-3.26915
-0.835231
-2.54649
3.58544
-131.171
0.945646
-1.36904
-9.26015
4.68137
5.31253
-1.07305
-5.91763
-71.1407
-2.76555
-1.5707
-0.467979
4.57134
-0.81986
-1.18988
3.28308
42.5528
2.84198
6.22479
-6.71122
6.68986
1.37853
-3.92203
7.22956
-4.80349
124.359
3.46957
1.62647
2.24494
1.06136
5.34106
0.8125
7.23591
122.477
2.48465
3.80086
7.60057
6.84001
4.38999
4.58305
4.5446
13.7748
6.60376
5.21541
1.82999
5.79802
3.36021
1.46715
8.99584
86.5567
2.44846
7.13059
5.23026
-1.10167
-4.43796
-4.4194
3.11184
116.946
4.24304
1.22266
5.50509
0.811886
4.77836
2.55391
0.613454
138.247
-5.66767
-7.11423
-17.4161
-9.30441
-13.167
-9.05412
-11.6777
-0.65412
5.30869
4.40226
15.7771
13.7956
11.803
8.01417
11.5587
0.970647
-260.696
0.0551585
0.857665
-8.45005
1.1716
-11.2898
-9.76338
-8.67752
-70.1363
1.46619
-7.34927
-6.71671
-0.350412
0.0969655
2.16365
2.87999
185.372
12.9073
11.6602
7.99153
6.60671
-6.27331
-0.492228
-3.05582
-500.108
-3.38502
-2.12643
-0.826454
0.123109
-6.98797
-0.915049
-4.38186
-5.43447
-93.0141
-5.72397
-10.6755
-12.3951
-15.8949
-13.9025
-7.98264
-0.402359
473.155
9.98955
2.50181
-7.98119
2.09295
0.740953
2.17269
10.129
-68.353
12.5316
10.227
7.63643
9.58201
8.90719
8.85055
3.39175
-481.03
3.90433
2.88098
2.22019
3.71238
1.31719
3.69011
5.01162
85.3199
6.83054
0.611485
-14.0315
-17.9179
-13.972
-3.77509
-7.26276
76.2467
-2.97715
7.28199
14.6693
2.5816
-4.08226
-6.84415
-5.27151
-0.591638
7.1067
1.93648
-0.266949
-12.5594
-5.37128
4.28733
10.7983
4.63527
-221.786
-1.14795
1.36507
4.52857
5.64647
1.82137
2.84899
-16.461
90.0723
-8.3852
1.3907
13.8248
29.6036
9.78177
-4.14083
-6.77661
520.402
0.528316
-7.40892
4.82506
-2.84505
-7.22941
3.28195
0.670688
-629.08
5.49978
-2.85046
2.66964
3.65747
1.70929
-5.90402
-11.683
163.496
-0.0193779
5.98584
12.3927
-2.99156
-4.90633
-2.56557
-1.37377
-2.14667
138.059
-2.80187
-2.73539
-5.50878
-4.70252
4.49622
-0.572726
5.7744
-344.323
6.71699
-2.74877
-2.25672
4.72697
-4.02161
3.60198
4.43717
354.157
10.0873
7.91768
1.35091
2.00417
4.08552
-2.4202
3.14884
-73.508
-0.916498
-11.4419
-4.43414
-7.81782
-4.75188
-4.09376
-6.12396
-57.8946
-1.55657
-3.77196
-0.742767
2.32602
1.33844
1.24166
7.43469
1.39391
-125.448
1.56488
-1.5006
-0.245123
-1.29735
0.350473
-6.52469
-0.814877
79.7015
-4.67436
-1.44216
-3.76693
-6.22822
-3.94713
3.10749
-5.64943
147.087
-3.70225
0.344663
-1.07322
6.9897
-0.526406
1.43594
-10.8158
41.6931
-2.98142
-5.06848
3.19954
-9.74924
-3.33292
-5.10164
9.21554
-55.9843
-8.13061
-0.582875
-0.282811
-10.9501
-2.06664
-10.5936
0.0572191
143.958
7.61462
3.99947
7.559
4.18655
4.13557
4.7753
-4.77756
-11.8812
68.9607
-10.658
-6.50737
0.95678
7.85554
0.688524
6.43433
-0.195534
-48.9961
-2.90744
-0.667099
3.03242
2.32227
8.50794
-3.13549
1.86756
-118.548
4.14444
0.998879
-0.152356
-0.677386
1.87539
-0.562797
2.84632
-74.133
8.61541
-4.93619
-6.30021
3.27524
9.65952
-0.32437
-0.798825
370.168
-0.980188
-5.45595
-6.96852
3.05644
1.14062
4.14337
2.02591
554.19
-1116.96
4.59294
4.9236
4.91469
6.30792
4.62629
2.42854
0.682344
23.5497
-3.80769
-1.65951
-2.29201
-2.88464
-4.08407
2.3448
0.8878
59.1378
2.50029
2.43235
3.72484
3.42958
7.42713
-2.90461
0.507944
-7.93671
-1.57819
-4.69004
-4.48864
-0.992776
1.4475
-1.64909
-2.09835
13.5028
-5.5543
-1.01749
-5.85085
-4.71845
2.21335
-11.7427
0.496121
29.3294
-5.49217
-2.95267
1.28695
-7.56289
-1.68596
1.22823
0.349183
-0.206982
102.63
-6.00648
-4.41893
-13.5699
-11.2568
-16.1154
-9.66718
-15.3263
214.403
-17.3007
-11.4839
-5.71204
0.75453
-2.68598
-6.45206
-6.72381
504.15
-15.0611
-14.0861
-30.1876
-19.5104
-31.5815
-37.1228
-31.3299
90.2124
-31.4978
-39.0417
-48.0934
-61.1368
-61.0694
-80.1405
-97.5207
-95.0646
-105.318
-54.6841
-26.3057
-6.29808
2.19171
9.11908
21.7773
26.4502
20.4118
22.9515
13.8335
10.0004
16.9188
12.1706
16.5448
19.9752
46.444
10.0511
11.5702
15.3946
17.9459
11.0143
9.7873
-11.4904
258.366
-13.1684
-10.0983
-17.2199
-23.502
-28.3244
-23.0975
-26.4859
220.881
-21.5045
-16.9878
-22.9686
-15.9183
-12.9658
-2.50109
-4.92055
81.1649
-0.330564
6.52075
1.71055
12.028
11.9136
20.9791
14.9278
-145.26
13.504
22.9288
25.7815
27.428
21.9742
12.2122
20.5657
-256.032
20.5459
20.6339
19.7433
23.7311
18.6574
23.0606
16.3712
9.07175
-226.012
11.1674
2.57544
-4.50096
-6.97241
-12.6903
-10.9137
-14.3281
43.8989
-19.2751
-28.9268
-28.9057
-24.1687
-20.079
-27.9413
-28.8998
290.225
-59.5711
-58.3213
-50.9901
-47.3768
-41.6341
-34.4158
-26.4447
423.804
-46.4995
-48.2732
-38.3901
-48.2649
-29.2417
-29.6433
-22.3123
292.056
-19.0865
-10.0616
-7.33774
-7.86603
-16.5829
-6.23336
-15.0627
29.621
-13.2983
-7.69151
2.71046
0.5609
6.03943
14.8428
10.6697
9.97525
7.98887
7.71479
-5.44833
-0.445156
-6.91035
-4.27282
-6.02269
-3.9396
-3.29361
-0.676868
-6.63995
-0.611558
4.03458
-8.60831
2.39582
-12.8287
-6.25733
-0.780153
0.544805
9.67405
-6.90547
-4.18846
-0.447377
-6.24966
-2.08076
1.26172
-3.46179
-9.80886
-3.73893
-0.418007
-1.25437
-3.90807
-2.73603
1.10004
-11.5795
-4.33873
-0.631153
6.81262
-11.7306
-1.63888
0.0757571
-6.50585
1.63406
4.16984
-8.30474
-7.41003
-0.404953
-7.63536
-7.14437
-3.72979
-1.43244
-2.62239
2.47462
5.61718
3.70126
10.5673
6.43692
9.20445
14.4663
12.3386
5.887
17.0478
7.26292
9.59147
4.8645
5.94323
10.574
9.0342
16.8866
0.425092
11.7592
6.14098
7.1349
6.93344
-3.16265
0.033645
2.74699
0.361696
-0.609032
-1.93683
-4.476
-4.14703
-3.60388
0.574407
1.49911
-0.864624
-5.0002
3.35113
12.6248
14.2356
20.0572
16.9744
22.1902
29.102
28.9561
18.2904
28.4641
30.8731
-141.556
33.8002
34.5998
47.8465
66.5685
69.516
74.0793
72.3908
-816.853
32.3728
40.088
32.7195
40.0632
47.4197
44.4784
39.3162
-674.405
22.5501
18.6989
18.1146
30.978
17.3595
30.2555
25.3025
-128.49
18.8062
8.05531
17.111
12.2442
10.4922
14.2934
25.978
17.044
71.8046
23.2666
14.4231
8.34099
11.0862
9.94643
9.70708
10.9866
42.7873
16.9805
16.392
19.2959
11.0808
7.83399
3.01861
-3.89466
-83.8129
-16.6128
-12.4939
-9.68096
-18.499
-8.00553
-21.05
-16.871
-40.3387
-23.0475
-27.6166
-24.3057
-17.2797
-23.3712
-15.5663
-21.0067
152.48
-8.97323
-16.2548
-24.779
-16.7966
-22.0399
-9.62678
-18.2401
300.007
-15.2258
-22.6712
-18.2041
-12.5766
-13.9046
-7.36358
-7.04356
-4.418
356.652
-1.40677
4.84339
-0.0789624
0.0730869
2.45136
7.86281
6.59702
80.7785
18.8555
27.2945
36.137
40.3881
26.137
32.0894
32.1833
-386.821
22.3351
40.0765
35.4369
40.1411
32.5039
42.1856
36.3799
-594.973
24.8316
23.5173
26.623
24.1526
21.605
22.6188
15.9119
-320.506
4.00643
-16.0046
-17.0165
-4.50285
-10.3613
-11.632
-8.98364
-4.19404
32.7836
-17.7641
-16.1182
-17.3447
-12.0892
-12.02
-13.9994
-10.9466
61.877
-20.4585
-17.1569
-19.124
-17.1337
-14.6063
-9.9278
-9.16229
62.5857
-7.22927
-10.4293
-7.03664
-1.77167
-3.62852
-2.27034
-2.01985
141.012
5.1822
6.20228
7.42343
6.38428
2.17775
4.08426
-1.93312
374.476
5.93682
-8.87443
-17.666
-31.2547
-20.4837
-13.3916
-6.6254
285.604
-52.2428
-34.1243
-27.3123
-32.7551
-38.8617
-46.5723
-63.1934
-50.4122
2.77419
10.8192
16.6862
5.28201
5.67456
3.43003
5.37911
-12.6461
-189.147
-4.08339
-15.4614
-14.428
-20.4128
-20.8284
-25.1626
-25.9065
277.368
-62.2597
-60.7415
-46.0917
-44.8526
-40.5254
-26.951
-28.9593
336.033
-18.866
-21.2075
-15.4857
-13.4683
-13.114
-16.896
-20.3496
145.536
-19.1748
-21.3253
-18.5282
-12.9135
-20.2765
-5.21335
-6.99786
-0.792447
2.93982
0.565404
2.69403
9.45193
14.6214
22.0924
11.8636
27.4015
33.1056
37.6208
34.8651
21.8149
16.6569
10.6644
7.2744
-1.28606
-4.66071
-12.9336
-17.6974
-15.5667
1.00523
-3.19683
0.51481
-5.33855
-47.8696
3.61755
13.379
33.5492
24.0488
32.6532
31.4257
34.7688
-139.207
20.3506
10.4488
10.6346
13.5602
4.95921
-1.27393
1.11652
-124.043
11.5093
9.67786
10.6448
9.62603
-4.48631
4.45988
-5.88429
-64.191
14.4286
13.1509
10.0866
-6.40517
-7.70181
-12.6213
9.17271
7.90059
33.6667
6.6995
0.905804
-5.00065
-0.470104
12.9491
23.5827
27.112
25.3438
40.0116
35.6186
33.3617
37.4986
36.2241
44.8764
40.8927
-426.185
36.7722
43.8623
43.0626
34.2821
40.2542
37.5163
38.6534
-621.797
15.1365
15.9071
24.3629
15.8939
16.4249
7.62549
10.2905
-402.177
5.83615
4.54862
4.05485
9.22863
6.54656
1.36945
6.33694
-131.08
4.78169
-0.0593545
4.32052
-4.80615
-5.90317
-7.90414
0.73065
-1.62446
47.8584
-2.16998
0.321947
1.14485
2.3438
1.74855
3.52875
3.34474
143.112
-17.2913
-13.3627
3.18378
15.419
8.53633
14.4637
9.7918
62.3188
12.2768
5.20692
-0.504742
0.651993
6.35059
-23.6312
-17.0906
-11.4763
-33.9672
-40.281
-51.0624
-37.853
-50.3347
-32.2171
-37.7701
363.885
-52.2805
-51.4827
-30.7393
-19.121
-1.64075
13.1933
24.2133
8.5112
661.117
29.6707
18.2293
-11.0278
-37.6159
-56.3364
-51.3087
-55.2267
271.43
-49.1529
-40.0412
-28.4017
-28.2527
-26.4433
-19.1937
-18.0232
48.0556
-31.1431
-24.775
-37.7645
-40.0082
-43.2185
-33.7368
-42.1453
-30.1854
-38.2246
-30.702
-22.4744
-17.0953
-16.6639
-2.01499
-3.14721
-4.8087
-0.307306
-6.94223
1.48191
8.65099
15.1989
7.54122
21.5712
28.6469
27.175
28.1813
16.5936
23.2911
24.9788
13.21
14.2929
-2.6521
-9.5307
-6.9789
4.59009
-9.34042
-5.05314
-11.8247
-1.87852
-11.5278
-8.94707
-10.8893
-3.85459
-8.73519
-1.7415
6.05527
-2.66246
24.8154
38.5566
69.5182
56.6481
76.4055
78.3474
26.0208
6.39683
-15.1328
-149.741
-41.9873
-39.4501
-63.5162
-36.8418
-33.0074
-24.4948
-19.0014
88.9489
-7.06445
-1.02664
10.183
21.461
16.3078
22.0369
25.3667
32.301
25.3183
26.3585
21.648
26.4575
19.1355
16.8014
27.9718
20.0426
-220.36
16.923
30.5671
21.1759
28.8343
26.4555
39.3115
27.2791
-264.708
31.8106
28.0152
31.7536
33.4695
37.9282
31.5927
39.7984
-281.982
32.6058
38.4919
37.3128
47.1876
41.4278
40.6304
41.3476
-353.515
25.7448
32.2251
24.982
27.4899
35.3893
22.1532
24.2842
-311.911
15.1596
20.4519
21.7418
15.3622
5.77089
6.57355
6.96199
-1.19931
-172.062
-6.07159
-9.9845
-14.1308
-16.0054
-17.8535
-18.7301
-19.174
104.449
-23.0601
-25.1145
-21.2156
-27.3562
-31.6507
-16.8738
-22.6302
416.543
-1.09312
12.7978
-4.50491
1.48046
-4.77868
14.4439
7.21077
-52.1633
7.38067
3.14676
9.03771
3.77687
8.15209
18.6863
22.0515
-331.03
6.91977
12.9766
18.3419
15.2725
5.71996
8.41533
12.4081
-312.759
14.2549
14.8602
15.3487
16.2338
18.2691
25.3518
18.9635
24.6764
-155.607
16.6509
18.2983
18.7217
11.0307
19.9465
10.852
17.0164
-118.487
12.7692
10.1566
15.7007
11.5592
10.4667
15.7697
7.61621
-23.0682
16.3808
7.58356
2.52254
6.8226
3.34926
-2.24242
-7.15907
267.325
-3.86796
-6.25202
8.96414
3.15439
3.18546
2.71959
-5.04368
29.2308
-0.338426
-0.0420362
-1.39966
-8.88341
-8.78734
-0.693712
-0.313182
-2.3354
-170.206
-3.56768
5.70945
4.78833
3.37138
3.4553
-0.32058
3.20766
-11.6813
1.71243
1.83125
6.6064
-3.67126
-1.8037
-2.95887
-8.51478
54.1315
-6.32267
-2.73299
-4.92507
-7.96449
-4.38822
-12.8324
-11.369
131.928
-6.8942
-6.5842
-10.4812
-8.43536
-4.99165
-4.13969
-4.52229
265.299
-3.59514
-10.3045
-9.02854
-5.59603
-4.76014
-8.81583
-6.13457
-10.5349
-5.86221
-7.37991
-19.9892
-4.63606
-6.48468
-3.53524
0.242835
-9.00301
-149.439
-10.3818
-0.887967
-6.77454
-0.761167
-0.859267
3.72047
3.21056
-101.687
3.54272
4.35841
0.352014
6.56752
1.73305
2.2277
6.60388
-39.7754
-0.75566
3.87246
0.391066
0.0482923
-5.48627
1.53862
8.13248
48.8605
7.80233
-3.39304
4.99819
8.9379
11.8842
-2.95236
-5.599
276.434
-5.61129
6.65666
9.88266
24.6606
27.5562
16.964
25.8981
-131.864
22.5284
12.6876
16.1975
4.27663
1.16102
4.83958
11.4003
-1.4739
-101.358
-11.2927
-11.5106
-3.40127
-3.02157
-11.9718
-3.39569
-0.542885
-111.262
-0.335228
-5.33214
3.50114
1.9038
5.8919
8.56473
8.5694
-54.5125
8.44638
6.31111
4.07271
7.47172
2.46585
3.42529
9.1058
-30.5588
5.22912
6.74754
7.22367
-3.90053
3.1657
-6.06569
-10.354
-5.77755
-9.22087
-13.0082
-9.23881
-7.36712
-3.60338
-3.41277
-0.909255
227.589
1.84769
-4.99361
2.32417
-3.23213
-2.40261
-1.31366
7.71032
3.57132
-40.7769
-4.79036
-14.0888
-7.01657
-13.2225
-23.1093
-17.3618
-29.4949
-100.767
-30.4403
-21.6455
-18.2658
-18.3962
-8.80657
-9.00913
-10.794
341.372
-32.9977
-47.6841
-43.7727
-36.1967
-42.4197
-39.9523
-31.6583
496.973
-63.9642
-61.1367
-70.6969
-49.6729
-36.2652
-27.1729
-16.6412
295.266
-16.458
-12.1217
-4.90733
-3.69883
-6.16747
-4.32304
-12.0255
15.4152
-105.599
-3.34169
-15.3139
-32.5085
-24.9124
-32.316
-31.0034
-22.31
37.2028
-1.34977
2.81229
-3.55799
4.92726
10.7635
7.94381
17.8329
-169.052
10.1804
1.84586
6.37104
6.45639
3.10903
3.89817
6.07957
-183.021
2.66658
2.42986
2.65852
11.6879
4.47699
15.3541
17.3101
-110.686
9.00479
13.2429
19.3296
18.8892
11.1259
12.3686
12.9757
-62.2912
4.06164
13.5811
5.74121
-0.527408
11.1908
0.20095
8.60878
1.17534
-7.07728
0.647644
4.87246
-1.26109
6.59401
-3.25008
-4.67748
0.713939
61.3546
-3.93937
6.42376
5.01627
3.26656
3.2525
2.5957
6.60999
62.4553
-0.0437919
2.78005
-2.68983
-8.3311
-5.934
-0.669922
-8.51584
89.1409
-4.00078
-1.79332
-6.97467
-3.52647
-1.88713
2.9423
-2.88539
130.286
4.32365
-1.51898
0.693788
-7.56965
-2.24023
-1.74091
-1.08574
79.4478
-4.62406
-10.7932
-9.00784
-12.8751
-9.0111
-12.3189
-17.3376
-11.1445
-41.7276
-9.29966
10.5003
17.7611
23.3884
31.2285
29.2897
30.5165
-343.018
21.7767
22.4077
31.3019
34.6519
34.9097
27.4254
9.37038
-314.384
16.1041
3.21285
9.20679
3.41998
10.0914
13.256
5.50028
-137.777
2.67903
6.86674
12.2002
15.1176
15.8496
18.9875
17.8169
-8.95379
3.89335
10.3267
8.91484
2.53887
-1.43094
-1.03573
-2.22453
-9.87855
35.276
-14.4916
-4.1637
0.143656
1.09541
6.56761
11.1881
-0.501395
-8.52406
-6.36163
-4.14269
0.649466
-10.04
-0.856745
-2.22167
-8.24311
47.0896
1.26489
-7.83494
-3.76893
-9.71204
0.779252
3.816
0.824948
229.27
-1.63693
-7.00036
2.71657
5.76718
8.1472
11.3604
11.1188
0.601449
12.922
19.9634
19.9686
26.0651
23.145
10.5198
6.68455
-224.094
5.67278
7.10259
2.20951
4.96947
0.322328
4.1934
8.89061
0.913861
-121.348
3.58841
-1.91838
10.7764
9.36395
4.95516
4.63912
9.51437
-97.893
7.37376
12.1325
17.5864
15.8908
13.2793
18.4825
18.0687
-83.8322
11.6437
7.92649
6.92768
5.45286
15.0304
-2.97822
-2.736
81.4887
-3.66136
-13.2754
-15.5318
-13.6557
-17.2413
-5.69552
-1.37095
233.902
13.3169
5.14591
11.0623
4.92932
6.44301
-1.36724
-7.50415
-1.25204
-43.0085
-15.6393
-13.5049
-21.6271
-18.2843
-19.001
-31.148
-22.1027
-28.6495
-15.3297
-21.5334
-13.1715
-22.036
-16.3906
-17.1056
-7.41653
227.115
-13.7185
-12.2801
-4.36614
8.21537
4.85976
10.9824
6.0276
-11.541
-0.688159
9.85676
7.96517
0.607888
11.4525
2.73716
8.50971
-138.302
-0.418228
8.06988
6.85064
4.76157
-1.06005
0.919554
1.41772
-15.925
-0.194546
9.26136
1.30259
6.56864
0.0452406
3.55384
0.64664
-0.423345
191.574
-5.76451
-2.21495
1.20329
6.19736
8.09201
12.1132
6.70633
274.825
8.77149
5.10631
0.366958
-2.35973
-0.517099
7.0325
3.43508
1.37172
-0.911463
-6.23962
2.7978
-13.7749
1.26966
-10.1498
-3.06721
-207.671
-2.24288
2.32679
1.3152
-0.715687
3.32855
-4.69366
-2.06287
-252.275
-1.94881
-4.70052
-8.33442
-14.405
-15.5564
-14.1074
-17.37
-43.0138
-15.762
-12.4018
-18.518
-12.462
-5.39467
-2.3064
2.12927
4.72883
42.9576
1.28612
-2.73317
-5.03099
-4.63345
0.276021
4.05647
-4.38749
-45.3333
-12.8179
-8.91456
-15.0665
-7.82739
-0.183559
-5.41687
-4.07372
179.139
-17.2258
-10.5245
-18.1025
-12.6156
-17.5533
-16.9759
-19.7742
331.176
-37.0914
-31.1448
-26.4057
-16.7438
-12.4577
-17.4791
-18.9993
59.6124
-40.4328
-42.792
-33.4318
-28.3438
-21.9055
-16.5272
-8.59844
-145.921
3.38784
2.90606
13.5687
5.89122
3.00684
8.22693
12.0561
12.9886
-109.924
5.14342
4.62652
-0.394888
-1.61134
4.41599
9.59713
-4.35744
-43.5689
15.382
11.3256
18.3769
9.58387
17.0186
3.32832
1.27981
15.5905
3.43622
1.14001
-0.401909
1.40292
-0.991017
-6.63875
-13.7862
336.878
-14.2433
-15.1738
-27.5968
-26.5688
-22.3403
-21.0165
-23.3323
379.975
-39.8766
-42.6226
-32.9042
-40.769
-38.3956
-38.6312
-43.6793
-41.5154
370.992
-60.2306
-60.5662
-47.4457
-56.5392
-44.7609
-38.9857
-33.7461
239.315
-53.0985
-42.7213
-44.183
-40.2523
-37.2302
-30.7804
-30.2732
-13.4659
-24.9086
-26.8086
-25.617
-23.4032
-31.0631
-8.35724
-10.3316
0.376733
2.41179
4.68472
9.267
8.85419
11.3854
3.1949
11.9387
14.1542
11.195
8.25847
13.1146
19.245
8.43886
18.8347
15.0651
22.8926
23.8625
17.3776
16.1955
29.8387
29.6648
32.4552
36.1101
38.3066
38.6319
41.6695
42.2897
39.7338
33.6374
32.7494
37.6982
26.4553
-168.541
21.6252
6.08587
22.5347
14.7354
3.91212
12.8314
14.6232
-89.5047
1.9577
6.29852
15.0016
29.2151
16.5347
12.4789
20.4226
-86.9438
20.8079
34.4944
31.5251
52.6548
48.7494
53.4072
54.3456
-737.519
31.1773
24.5371
30.4123
22.8157
25.6313
23.9492
19.3383
-444.606
14.9763
11.2326
12.6514
10.478
14.8517
15.6954
15.5304
14.6647
-274.568
3.63853
-1.75614
-0.140681
-2.76849
0.113369
-2.83145
-0.420665
-130.346
3.3632
-8.677
3.01638
-0.0978047
-12.8452
-15.2977
-23.4995
36.8946
-12.3653
3.60969
-4.47112
0.626503
10.3641
2.53004
5.78918
184.328
9.72787
11.6623
11.1642
10.3873
9.33859
1.06998
9.25173
0.212967
11.5319
0.375581
3.8121
-7.94301
-9.18987
-2.88119
4.84347
-1.23792
545.596
9.73493
6.48601
15.6894
13.6533
-3.52816
1.78288
-8.98691
82.7835
-2.37113
13.6427
-10.0524
2.72914
-16.7496
-6.07037
-0.288613
68.8412
-2.85684
-15.828
-15.5596
-9.89582
-10.9954
-7.6145
-12.6081
187.864
-11.3553
-5.38501
-6.96189
-9.95469
1.3062
-7.34203
1.83812
-482.915
-12.0937
-16.4033
-5.19148
-19.8787
-6.48711
2.52115
10.9301
432.122
-16.8388
-34.6143
-50.5126
-52.5836
-45.7472
-26.4307
-22.1123
-15.3923
120.24
-11.8354
-21.4905
-19.6034
-7.89346
4.08461
0.112148
10.8799
-105.394
-0.899701
2.99249
-4.99547
8.34671
0.000381452
3.15683
2.34832
-232.399
2.39725
-1.67451
9.89006
1.66176
16.8717
13.2918
18.5823
197.601
16.7332
11.5345
15.7314
14.9267
19.1004
20.8304
12.9718
-191.36
28.9521
15.7533
15.8496
15.4015
14.1653
24.389
12.6081
22.1107
-160.812
19.5078
13.7468
26.3458
16.4983
18.1189
9.81331
-7.02466
-6.91984
-17.5036
-16.7268
-16.534
-23.9781
-33.6856
-30.0093
-41.898
-91.8206
-20.6654
-13.5442
-6.6318
-3.44307
-4.33059
-5.37486
4.18165
-256.391
7.26032
3.00637
10.7574
8.96865
3.04353
7.92642
2.2018
-245.807
-0.0469962
4.69714
3.72811
-0.168756
10.0763
-1.68313
5.94297
-67.0114
6.76619
5.21371
3.77111
0.690295
5.53469
9.11415
1.50693
7.01013
-45.3536
1.5399
12.9488
4.94361
0.540072
-0.305546
-11.4759
-5.69936
-25.4413
-5.87314
-4.83619
-7.58295
-7.61471
2.29301
1.77288
1.16374
187.405
5.80664
-2.36164
3.08184
3.24761
-10.6724
1.25148
8.04677
687.076
0.749574
6.61612
4.35346
4.99559
4.50231
-4.80106
-2.85296
-35.9867
8.06183
2.05261
-2.61027
-4.21408
-4.48409
-3.48346
-3.10452
209.506
-11.1924
-17.5499
-14.1252
-23.1099
-21.0154
-15.6391
-16.4882
-16.6481
194.97
-9.3125
-19.1265
-8.60957
-24.0047
-15.7637
-20.5918
-11.4006
289.552
-13.0357
-19.905
-6.72843
-11.6209
-4.93558
2.43754
-4.59858
269.093
-8.40049
-6.30589
-11.5605
-13.0857
-14.8298
-14.8869
-20.1585
184.125
-12.9218
-19.1156
-23.6474
-24.7826
-16.4712
-21.6432
-23.4858
115.496
-25.2376
-16.771
-26.0474
-18.7058
-14.0309
-12.4468
-10.6348
-27.8555
46.8359
6.55425
1.29498
-4.15756
-3.17383
-3.10802
-8.92623
-16.4017
-65.5451
-20.0069
-24.7319
-29.2805
-28.1284
-35.5667
-38.6807
-30.2312
75.9913
-25.8387
-36.1297
-30.2246
-36.8131
-27.1774
-20.7163
-16.9602
128.814
-24.1847
-30.6029
-20.3601
-19.7963
-11.757
-23.2199
-8.93212
0.479117
9.73318
10.2725
7.74438
-4.99453
-9.65902
-6.80736
-18.2776
-27.4026
-27.4978
-27.8913
-15.7492
-10.1706
-3.73939
0.421585
1.31833
-8.0618
-108.136
-5.35032
5.89334
8.91561
16.8754
36.0163
25.4983
12.7263
-263.42
20.4887
21.6761
18.9764
20.9879
17.7215
31.6148
38.1261
-141.123
17.5961
30.2372
15.5748
18.7382
20.3751
16.3812
28.6486
-133.424
19.4374
21.2636
18.3591
30.1476
34.6192
21.6715
18.856
-158.056
21.1067
14.0566
4.54179
12.5749
10.3296
18.5477
12.5092
-195.482
16.4108
21.2538
26.6338
24.8529
28.4387
22.2866
17.4823
13.378
-317.32
-5.13047
-5.65563
4.08615
-7.80542
-10.7202
3.99863
-5.92892
-131.876
-12.3709
-5.80106
-8.16006
-11.6989
-13.1361
-8.27877
-13.0264
-59.3259
1.08295
-0.400065
9.99637
12.7591
11.3718
8.24841
12.4929
-63.1317
12.0478
12.1176
11.6043
16.5234
8.42182
11.8379
9.85703
-77.0161
5.35419
14.4885
11.1747
10.5499
20.5079
14.1651
21.7641
23.577
19.7134
13.0051
-2.19851
1.34333
-6.99748
-6.17734
0.0260921
-2.50319
204.825
-2.81905
5.99897
-0.127256
-2.03224
2.24397
-2.22701
2.81886
19.9951
-0.778013
-4.86274
-0.221396
4.02176
-1.94267
2.00604
5.96589
-174.91
3.44409
9.14665
0.627583
7.16908
4.43156
5.98157
11.3945
-100.36
5.83454
3.40388
6.74625
1.56262
8.40553
2.79828
0.217814
-71.813
0.950587
-5.58795
-4.04334
4.11772
-3.65447
-3.3504
-7.71539
-4.68906
88.6997
-9.16937
-9.29561
-10.2056
2.60725
-0.176846
2.33488
2.58067
274.296
-0.131678
-0.775514
3.09687
-0.61353
-2.88386
-2.5083
-1.82315
-67.8774
-1.2923
-4.55642
2.51978
9.09905
0.447043
-4.47246
2.98899
-62.1491
-1.23206
0.569294
3.67767
1.8925
3.66213
2.55838
-11.6209
371.106
2.80885
-12.0409
-15.9335
-10.7612
4.39438
28.2527
36.7137
44.1272
5.67992
0.569066
6.89649
8.17631
-17.2767
-19.3408
-4.61948
4.50919
-62.7628
21.9786
2.36135
-6.34067
-6.1303
-5.5519
-1.27882
2.13682
-70.4383
-8.4898
-4.73397
-1.11753
-2.87265
-12.2846
-16.3851
-10.2724
8.95621
-6.97946
-10.7864
-5.38302
1.84291
-5.15346
-2.19672
-10.0529
-64.2552
-4.45289
-4.22961
1.14455
1.72463
-7.19277
3.63397
-4.72503
90.7596
-4.67939
-8.0325
-6.00007
-6.96439
-0.411815
-11.0621
1.24903
116.468
-2.54259
7.14415
6.66443
12.5122
7.13816
21.3709
6.89569
18.3504
-68.5191
9.9442
23.8964
16.0547
20.7337
16.351
8.07412
18.9835
-203.707
5.76662
15.3198
11.0133
3.48702
12.7779
-0.452873
-7.36648
-124.489
-21.9257
-17.3353
-21.7126
-21.3146
-25.4108
-26.279
-24.5434
-59.9283
-15.7621
-10.9685
-11.5346
1.27339
-7.10896
-5.72511
-8.05585
40.1013
-8.80832
-7.69968
-2.87127
-7.62766
-8.84399
-2.54316
-12.5958
-6.31733
14.851
-20.5793
-14.8158
-18.1292
-5.73007
-9.34241
-12.3291
-9.32059
180.508
-20.7088
-25.7914
-32.3002
-29.5187
-21.6553
-22.4701
-17.8527
305.903
-8.68642
-24.9682
-11.9662
-14.562
-9.40683
-9.94916
-4.73951
-152.98
12.5633
12.3332
9.36812
14.1258
26.5839
34.2341
37.5524
-172.473
29.3549
17.4452
20.9932
22.9754
21.137
23.8718
25.0719
-66.1718
19.4831
17.6705
15.0184
11.3346
3.85963
-3.35406
-7.21886
2.80771
57.7834
-6.11237
-11.06
-8.96937
-12.1935
-6.86587
-14.0957
-10.0373
142.863
-15.4043
-23.0229
-19.7563
-16.1491
-11.5923
-10.9097
-18.8283
287.392
-24.2317
-20.1278
-23.648
-20.7247
-19.7124
-12.1106
-15.2222
280.522
-21.23
-6.54361
-13.1841
3.3607
-2.46288
-3.25394
-4.04288
-14.3144
6.9351
7.15889
19.0927
20.5056
14.9522
24.9058
20.819
44.1936
-214.137
15.4404
13.7511
21.3668
29.3998
22.0903
29.8869
20.2658
-258.253
23.8609
21.723
24.4457
10.1971
20.2844
24.4968
13.9371
-231.505
18.0619
-2.70738
-4.8996
-0.0411191
-1.13315
-7.01844
-4.99155
-22.7072
-7.57785
-21.4393
-21.1498
-12.8121
-18.1866
-21.0503
-11.5305
215.329
-9.51025
-20.1739
-11.8946
-6.01881
-5.54227
-1.8715
0.561282
63.9668
6.60594
2.98593
2.92554
-5.40197
-8.28174
-2.20214
-10.6021
1.11651
-374.573
6.07751
12.4678
16.1496
23.1496
28.1042
29.786
28.2968
-173.848
26.489
20.0042
27.0681
20.3181
23.7622
20.6439
20.2574
-145.26
11.2175
14.2084
12.5816
10.4247
17.385
5.51992
19.1775
-3.31252
13.6993
25.8691
17.3616
17.5074
2.55232
-0.650696
-7.65375
18.8533
-1.25663
4.14345
8.77092
7.70238
16.3111
15.2942
4.69838
-81.3339
13.0394
9.35691
4.0766
10.5316
5.86133
2.03994
-3.1846
3.41746
53.512
-0.18882
2.27096
-2.85594
-5.72826
-1.55637
0.819897
-3.83973
70.2743
-6.51183
-9.64536
-10.6013
-9.54654
-10.3879
2.69238
-10.2178
229.021
-6.36829
-12.9722
-5.57104
-0.546931
-7.76796
-8.03208
-8.0275
6.70764
-5.65025
-6.10661
-5.38814
7.28095
1.53109
-5.66549
-9.28599
-156.902
-8.35822
-10.7316
-15.8869
-12.3504
-5.86713
-9.1658
-6.91447
-84.941
-2.70475
-2.15083
7.8473
-0.0840724
-7.97353
-14.2077
-19.1626
-25.181
11.7091
-24.0462
-22.5095
-25.1569
-29.9562
-30.4318
-36.1689
-29.8402
356.127
-20.9184
-12.5278
-28.831
-27.6055
-34.6612
-39.111
-40.731
446.94
-36.3834
-16.0426
-13.1319
-0.921381
0.110241
16.2039
-4.97543
-114.042
4.54915
0.418762
-5.19443
-12.7225
-4.9795
-19.4726
-20.6589
200.582
-23.9122
-22.2089
-11.8979
-21.838
-29.0723
-20.3505
-15.5941
284.496
-15.2563
-1.67138
-8.03521
2.48564
-4.31959
5.627
8.49739
7.85387
155.163
5.94965
12.6097
10.8857
16.2618
20.0623
11.1232
17.3123
-575.106
13.1379
22.0684
15.025
22.5637
21.1544
26.5723
27.742
-518.183
13.1633
24.3341
22.9261
16.9855
25.6836
33.7053
26.8192
-195.333
19.378
23.3718
4.97029
13.4647
11.9085
14.3049
15.8731
-94.1495
14.5848
16.2098
17.7487
17.7823
15.9736
20.5384
22.6939
15.1397
-12.6165
-1.1479
-11.9017
-18.1251
-8.22674
1.08394
5.15967
2.4462
254.449
3.36741
6.12844
4.46553
9.4631
13.0186
13.5859
13.1933
56.4443
16.5465
26.1884
20.7292
20.2846
16.9555
17.4557
13.9774
-173.988
3.3155
3.77908
-3.14632
-3.75052
-5.84016
-8.49993
-9.01888
-42.5834
-10.4782
1.9677
-2.39988
-6.20084
-2.62584
-4.00038
-9.34734
-28.0941
-5.47483
4.19445
3.10841
-1.735
3.26401
2.10861
1.72213
7.97561
-51.4474
4.14289
4.13155
0.31325
-3.15003
-8.60732
-7.45486
-7.55018
-23.3091
-9.88576
-10.2028
-1.64402
9.64342
13.9754
7.03863
5.54863
122.91
3.29066
7.42854
0.179973
5.23713
-6.43253
-4.15289
0.501242
-45.0753
3.10862
0.938991
6.63127
10.8902
8.38222
8.18203
5.67101
-199.155
6.39411
3.24745
7.34004
5.86446
-4.93995
0.294179
1.70094
2.02521
69.1905
-7.38304
-6.97734
-5.30551
-6.85942
-8.8684
-11.0637
-17.1894
151.877
-13.6241
-8.22113
-5.99233
-3.36833
-1.77006
-1.9953
-24.6021
116.186
-13.0368
-24.2769
-6.28143
-8.27068
-3.88344
-3.80983
-5.04314
-110.653
-5.50059
-0.208732
0.229487
0.605294
-3.78045
-1.03475
-2.72961
-3.53018
-2.55223
-15.5026
-15.0512
-5.02535
-21.7266
-13.8652
-16.5974
193.963
-24.8557
-43.8305
-36.9788
-50.1973
-42.5906
-50.5537
-40.1361
-29.2077
381.46
-50.098
-57.8078
-52.9957
-52.1017
-50.7735
-51.0495
-41.781
299.909
6.10868
17.68
8.99518
12.4487
20.5363
16.1057
13.4359
199.414
26.5716
36.5755
23.762
35.2247
30.1577
23.7998
27.3005
-181.861
26.1159
30.7933
40.3056
32.8053
34.4964
33.9504
33.2837
-232.232
28.2591
28.7165
25.4444
23.4879
24.7971
18.5882
16.9936
91.4753
-438.249
5.14685
12.4927
2.04215
-3.80761
-1.46677
-0.0991031
-0.171502
-293.736
3.17806
3.9054
9.61137
2.01103
0.665042
9.34317
17.7201
-201.312
8.98522
-1.9854
4.29359
2.64398
11.0324
12.1009
22.6355
-109.706
21.9055
17.0633
11.9399
13.7328
12.7618
16.5052
14.7141
-104.831
7.83464
17.4189
11.8487
10.4459
13.2411
10.2911
12.1957
-57.6747
4.45622
2.50807
0.328514
6.09314
2.24743
8.88589
5.05823
12.0561
421.41
9.08293
5.89354
13.4479
8.99808
3.45061
2.35676
-2.52766
15.113
0.993477
9.30983
0.829891
1.35884
3.34323
-2.64945
-3.72359
-202.241
-2.95191
0.0648471
2.21057
4.68145
0.364984
-1.16626
8.4552
-141.423
19.004
18.0329
3.34834
0.474309
-6.19446
-15.1104
-16.9497
-27.2159
-16.4754
-12.7238
-28.9718
-25.487
-21.866
-22.0686
-12.4443
-76.3764
-12.5359
-10.6749
-9.22794
-10.4666
-0.626652
-3.17247
1.14917
-7.7374
126.702
-15.7945
-11.3227
-13.2624
-13.658
-4.5734
2.56777
5.97588
256.963
18.1997
2.73885
15.4061
6.15094
2.07501
12.7782
10.7495
-99.9785
19.8835
21.3376
18.587
4.66729
-7.10363
-11.4931
-17.1699
-162.877
-14.7852
-4.9841
9.40718
5.49551
3.182
15.8029
11.9462
-140.005
2.02385
-8.92253
-5.7022
-4.23531
-14.2169
-3.14432
-2.14309
44.4805
-1.56384
-5.32474
-4.77208
-6.6966
-1.27622
-1.3344
-0.637043
-0.975
149.744
-4.86693
11.545
8.59969
6.39988
4.60118
15.0393
6.40937
-4.10386
-5.95895
-4.5965
-9.5949
-9.24162
-1.35797
9.36618
4.82863
-165.698
4.38301
10.0656
5.00477
0.782594
-1.92997
-5.22988
-1.30625
-104.342
-0.340487
-3.87467
-0.95012
0.75667
0.29868
2.12462
-2.09278
-64.3371
2.12104
4.73151
6.69783
8.19615
3.66485
4.82595
1.94988
-1.23402
-1.41893
4.26148
-6.22822
4.98104
0.277698
5.34119
4.50272
14.9985
129.376
8.91935
8.40134
4.14549
-8.04642
-5.67514
-5.69401
-13.8688
71.3019
-16.4388
-13.3969
-7.2674
-7.01558
3.19214
5.82388
-3.83178
-112.589
3.41074
11.9247
0.350181
3.65671
7.2481
9.74683
6.02734
-65.7723
6.66266
2.40137
9.21024
2.81034
-3.55399
1.30409
1.38881
-32.4986
6.40652
-1.3545
-5.16903
9.35495
-0.844844
4.01327
-0.904296
-10.1746
93.5356
-23.1
-20.3091
-5.1885
-3.05462
-2.61316
0.570655
-2.70266
126.844
-13.4471
-15.5016
-7.26618
-8.87792
-5.26933
-1.21854
-4.98591
167.772
-5.84359
-13.7495
-6.68414
-19.3109
-22.4281
-32.4638
-31.5187
288.78
-50.8803
-45.5435
-47.0947
-34.996
-20.5714
-26.7372
-27.5017
35.8921
1.34288
11.8063
10.3398
9.84571
1.01193
-2.71473
-13.1795
36.5188
-19.6449
-6.11474
-27.4326
-10.859
-18.4
-14.0651
-29.9473
-16.5096
489.586
-17.7283
-23.5448
-21.1694
-11.4271
1.81469
-8.56355
1.49103
43.5362
3.0337
2.60692
1.37355
3.22769
-0.0948317
5.952
2.49208
-49.9214
-7.68827
-5.48419
-14.768
-23.5494
-18.9887
-22.1427
-28.3606
23.1211
-30.4185
-23.3168
-26.487
-28.0334
-34.5033
-21.9315
-26.8161
282.01
-13.9214
-13.6095
-5.03363
7.49827
-3.19847
14.2454
9.03187
9.92249
60.4162
15.5423
10.6386
26.1383
24.8029
24.683
29.2335
27.3681
-168.882
21.331
25.4019
22.4489
25.6868
34.7571
31.2205
36.1152
-263.516
43.0337
38.2544
48.7117
49.0295
43.2238
35.8506
35.3846
-361.698
23.0254
34.2844
21.495
27.3604
33.3301
28.8892
22.1025
-343.674
19.6678
24.383
22.0548
23.4475
22.6661
19.2586
13.1028
-216.357
-3.50886
3.8349
2.40072
-4.20303
-1.9527
-18.325
-24.5085
-25.4302
64.9248
-35.3352
-32.4445
-28.7252
-37.8508
-28.0939
-34.3378
-31.581
298.751
-29.1185
-24.5925
-6.44011
-9.46157
2.14298
-6.26243
13.8676
167.65
15.7613
21.7924
25.4378
24.8154
18.4687
22.6902
10.6809
-69.6444
15.2248
0.688298
7.03862
-3.1836
2.83116
4.48204
16.5058
-167.239
9.17877
23.6322
22.7427
21.8433
20.5344
35.0385
27.9873
-329.553
24.978
15.6798
-1.20524
1.4124
6.537
13.4602
13.899
15.2835
-247.777
6.81142
-9.66759
-8.91492
-5.12572
10.3647
18.6497
21.63
-139.284
27.8776
34.5125
14.3328
14.4443
12.8513
10.0499
11.0269
-114.81
19.3515
10.4033
14.5809
14.1225
12.1801
7.28359
7.45074
-56.4282
3.70048
0.485822
-6.64963
0.341326
-8.90435
-14.3164
5.64786
251.605
13.4846
17.9442
4.81282
11.0121
7.10831
-8.6586
-10.8171
-23.0004
137.214
-3.6824
-2.79802
5.11799
0.0675189
-0.753829
3.41516
-5.29854
-145.659
3.99649
16.659
7.52703
2.46943
3.39022
3.14208
-2.25539
-141.243
5.79981
9.68252
2.53943
8.52942
9.17939
8.70726
2.95344
-91.5548
7.49964
-1.24895
5.00548
10.0797
2.14915
9.08955
-10.6824
111.683
-17.5723
-21.087
-18.3852
-9.12516
-11.212
-10.2532
-9.65684
434.965
-4.55093
4.20791
8.55944
13.5205
21.7834
33.0701
51.7865
49.4357
-124.485
37.4601
29.4724
13.755
22.9434
21.1296
9.07471
21.6036
-466.341
-9.37305
-17.0071
-23.6077
-24.038
-14.4457
-16.2801
-15.2383
226.554
-2.09453
5.33486
3.20816
1.93192
-3.29073
-2.59648
-10.3216
30.9957
-8.76666
1.80684
-5.38142
-6.83707
-7.66054
-11.5372
3.1074
-191.047
-3.33025
-8.3263
-0.711487
-4.24873
-1.26572
12.4507
4.01909
-87.7303
3.23023
3.32994
-1.68992
2.15992
-9.09515
-3.8378
-3.44721
-10.501
-58.0606
-7.61523
-9.63313
-8.72675
-6.07431
-15.329
-13.0275
-17.4309
165.917
-18.2861
-19.3952
-12.7292
-17.9301
-2.90135
-6.78909
-5.43228
422.218
-2.05294
-12.201
-19.3762
-15.4257
-20.333
-22.554
-39.2555
-45.4193
-34.6319
-40.8327
-45.9115
-42.9933
-55.1914
-48.4165
-29.8823
-41.312
3.71309
4.85638
2.6608
4.92545
10.2964
9.42424
1.57094
93.2567
0.256567
-12.6792
-22.7273
-18.1497
-20.2029
-31.3509
-23.944
-10.9475
382.746
-2.07381
4.50859
9.96807
-2.83761
3.89047
8.03334
0.901074
59.9434
11.4476
15.272
15.315
21.9152
28.1881
26.3945
33.2695
-239.455
18.9408
15.7369
21.3089
14.4977
8.99342
-2.43845
4.42672
-334.079
7.43357
2.48623
10.5027
12.0693
9.35726
13.4129
7.24867
-197.053
-3.99672
-1.7963
-13.0255
-1.43549
-1.43817
3.62388
8.82043
28.3482
-120.69
24.3961
14.7937
16.6932
21.334
3.74877
21.5955
6.84049
-118.567
14.2961
11.8382
14.5967
3.37867
9.77163
9.48543
13.7108
-33.5682
24.0708
10.2073
8.82672
3.83332
2.20626
5.21086
3.82966
260.504
4.76059
12.2486
1.38974
12.3673
6.369
10.3583
1.49839
105.102
-7.93618
0.161508
-10.135
-6.79845
-17.2214
-7.8758
-8.72953
-111.182
-2.22113
-8.30719
-3.88488
1.38369
1.74847
3.94309
3.45567
6.36368
-102.816
-1.4837
10.3831
10.635
7.48275
9.16366
6.03879
6.62644
-103.744
-0.656421
-1.0995
4.42944
-1.51029
-10.9531
-16.9786
-7.10995
9.88585
1.6459
-3.90319
5.38798
1.82519
2.6449
0.903592
-10.443
125.063
-8.46718
-7.89049
13.5113
10.4918
9.27436
16.6298
8.51569
-21.3364
10.5467
4.51122
1.08961
5.32016
6.22182
0.835938
10.4729
-112.517
-9.73917
-8.97719
-4.09506
-13.7362
-16.2701
-5.00576
-8.08224
-9.7651
-95.4194
-7.26264
-4.38247
-1.83083
-11.0358
-0.905575
-3.05399
0.157617
-1.17472
-1.32998
14.6296
10.5828
-2.70925
3.4305
-0.315156
-8.06863
88.6081
-0.961874
10.9565
1.22379
18.0141
20.034
7.91406
10.2552
8.93925
5.8332
7.118
0.792447
4.85799
3.10814
-7.24011
5.72469
-73.7003
4.29626
-1.51165
10.4925
7.68266
16.3242
3.51289
10.5445
8.95388
78.6587
0.687685
-6.246
-17.32
-13.1617
-27.3143
-19.2841
-17.9251
91.3087
-8.53571
2.33862
-0.530615
2.5123
-10.6647
-10.0268
-7.97193
-136.011
-5.19204
-10.8441
-4.17666
-13.0156
-13.411
-12.4884
-20.7208
308.902
-20.4287
-25.2173
-17.1134
-9.86047
-13.9895
-11.9982
-25.146
440.903
-41.1959
-50.0077
-47.5548
-36.6126
-31.3864
-26.7406
-26.8611
197.28
-18.2914
-17.2652
-6.42185
-18.7714
-17.5885
-18.1804
-24.8779
-29.954
9.53578
-23.2539
-18.5033
-33.3183
-17.0296
-24.4228
-2.91402
-4.3839
-99.9871
-9.6435
-4.67254
5.00765
19.8864
19.965
18.5447
9.01406
-91.9071
4.70634
15.0267
14.1421
16.2036
9.46908
15.3511
20.8049
-113.869
23.6586
15.8682
19.3679
11.6991
18.7069
14.055
13.079
-35.8891
3.79241
10.3484
-0.7553
-5.97888
-15.9948
-1.93574
-13.986
77.675
-6.62661
-1.43873
-7.61153
-4.93534
-4.32609
-7.82243
-4.85585
-14.7062
78.0035
-23.4361
-28.3995
-19.6241
-26.4398
-18.2147
-22.9723
-22.3833
237.467
-32.602
-25.5205
-18.6074
-12.382
-18.6507
-20.4999
-15.2766
544.724
-36.5684
-45.0627
-41.7076
-39.5794
-35.6322
-34.0006
-23.1793
230.711
-24.3433
-23.0726
-32.4861
-27.0418
-43.0044
-43.7012
-18.4451
127.584
-20.2998
-20.7345
-11.1312
-9.67268
-11.1741
-8.7695
2.63873
-19.5867
52.4704
6.68102
4.97088
13.9481
-0.140986
8.04341
12.3785
14.2399
-3.34763
14.6846
22
20.1157
17.1209
28.2412
27.8831
26.2438
-119.141
32.1544
30.7632
34.064
30.535
36.3907
34.6404
48.2997
-160.957
38.4754
48.8439
43.2893
23.1148
23.3716
20.5935
22.9413
-242.534
12.3593
12.5435
13.5223
21.8968
6.99681
2.69762
3.78609
-212.558
6.36124
4.97288
9.08831
10.9359
12.8812
18.6276
7.11392
20.1967
-155.766
27.7195
31.2822
28.755
31.552
38.4183
30.3685
34.6543
-256.907
17.7244
24.4996
20.2557
11.1724
19.5702
14.103
16.0123
-370.937
13.883
4.94612
22.1553
13.8962
14.6937
26.4386
14.9533
-221.997
2.35874
-6.26141
-17.6042
-16.6679
-15.1375
-17.1742
-19.4561
12.5022
-14.5361
-19.3327
-11.3658
-17.1316
-28.8859
-21.9182
-27.1354
395.873
-24.3666
-22.9278
-20.0975
-11.8766
-19.3869
-11.0533
-15.6974
-6.98762
358.822
-10.729
-11.4609
-2.31874
-3.77456
6.66739
4.47486
3.7239
-43.7276
18.3982
5.23646
25.7977
16.7132
14.3232
17.2764
24.9148
-228.445
17.2683
19.4885
23.9022
21.6212
24.5549
29.6703
19.5513
-293.425
13.6754
20.9738
13.2352
12.2932
0.392899
9.55494
1.50782
-149.363
-6.28918
-7.98245
-7.34949
-12.182
-21.9622
-17.7236
-37.2595
170.615
-47.7698
-51.7272
-60.5925
-69.3196
-70.8031
-48.0355
-21.5053
-20.0072
418.242
-6.88525
-9.26696
-12.2025
-21.005
-26.7869
-25.0871
-12.2861
358.751
1.94054
-0.799695
-0.976293
-23.4087
-40.8232
-37.7801
-20.8745
141.299
-23.5858
-20.7625
-19.0097
-21.9349
-25.951
-16.3995
-18.9603
-12.1206
-9.21152
-4.37881
3.525
14.8269
6.41941
9.8898
25.183
-6.38434
40.9778
41.446
40.079
53.1826
41.4143
55.7068
56.2021
73.3905
-627.566
57.8615
53.7764
70.2278
57.5923
54.8837
48.7376
42.0995
-671.038
17.6852
12.3893
18.2081
18.5436
16.7119
14.7119
16.2566
-325.113
12.1246
10.1792
8.4188
6.08143
7.78197
11.8628
6.50336
-191.866
4.34796
-0.792207
-1.50982
-0.299137
1.20656
-0.581033
-6.44581
-59.8592
-0.182798
-3.22824
-1.76476
-0.0548544
-7.31594
2.595
-0.696687
14.376
-2.21359
3.60498
-5.32893
1.80855
-5.46183
-5.59211
-10.4178
-6.06015
41.3672
-6.6281
-5.32471
1.1099
0.36017
-2.59124
4.9316
-1.39814
-12.1524
-6.62077
0.684265
-2.30559
-0.32432
-2.15749
-1.11944
2.19551
244.579
3.83584
11.3774
9.57762
15.7041
21.6438
14.3436
15.5574
373.683
6.94966
-0.701109
-16.3609
-9.7373
-11.1341
-9.6757
-12.0393
-30.941
-22.3768
-21.8578
-19.9305
-9.40268
-12.0633
-9.13349
-6.92833
-1.51728
-302.53
4.72966
-4.03036
6.8627
0.145028
1.57743
-1.02406
-4.22186
-94.1367
-5.32581
-9.28107
-11.699
-8.18619
-8.06473
-9.12584
-6.42208
81.7471
-5.78973
2.16152
-3.0704
0.572423
-3.15448
-2.11149
-2.04866
113.081
1.21677
-10.6328
0.926403
-3.31239
1.11043
-5.74697
-5.83459
415.485
-18.2213
-17.5
-21.704
-36.2928
-32.5672
-45.3117
-44.0275
532.549
-84.9133
-73.3368
-72.7545
-43.2873
-44.8284
-33.4969
-29.3378
-27.4726
210.234
-36.35
-39.9385
-23.8788
-9.08225
4.98808
-4.52066
-1.86407
18.764
33.3591
35.0214
23.7616
12.6691
-14.7271
-33.1611
-27.4567
-44.5645
-43.11
-49.6415
-35.3155
-37.9699
-24.3461
-26.232
-21.6522
-19.8017
-17.9664
-17.0792
-18.8159
-19.7374
-20.0331
-18.3563
-7.70689
-2.51163
6.73193
6.41945
13.528
17.9626
14.5641
17.9911
18.3958
14.0204
5.90199
21.129
20.7578
27.2045
20.0919
22.8014
24.2988
25.111
25.7119
26.4977
37.7139
30.4296
50.7621
48.9835
51.5468
67.204
-263.309
58.6226
65.2831
70.5518
68.3027
61.3625
57.8262
52.7526
-430.317
29.5206
41.0507
34.7935
38.6069
38.0151
37.5219
39.8665
-325.646
32.3751
28.6698
29.0219
21.3382
25.6941
19.0808
22.5045
-287.103
10.6115
-2.32573
-4.48034
-5.7035
-5.29036
-12.3943
-12.0152
-18.2197
-18.2288
-23.7778
-25.2389
-39.2381
-25.6829
-29.094
-21.2926
-22.1456
209.922
-14.9991
-14.324
-11.1258
-6.48281
0.946409
9.6034
9.76507
247.349
23.6119
11.6961
16.902
15.5103
12.9733
9.81761
9.43485
28.1352
-0.602776
5.76571
6.51526
1.80829
-3.1926
2.53225
-5.20155
-108.628
14.0171
22.66
23.3253
26.4993
29.5484
35.1278
36.1858
-368.521
26.5116
10.5083
15.9643
12.1149
16.181
12.5958
11.8128
74.9479
-381.478
-6.25729
5.23642
14.9507
10.9713
20.197
22.3789
44.2978
-127.773
25.183
18.8748
18.0006
11.9075
11.6449
10.1095
15.1925
-85.3203
8.87548
14.7441
9.49202
6.92418
7.90292
11.5667
28.8479
258.394
51.9624
35.0541
32.2095
34.5283
25.1098
25.4352
15.381
-179.242
21.2574
41.5444
25.4158
23.4144
18.8253
14.6354
9.35438
-278.756
-18.1841
-12.3525
-16.5145
-7.32464
-0.0455458
4.27505
0.476054
-2.09202
-194.131
-10.0766
-3.07621
-16.0491
-15.1598
-8.23662
-10.4832
-14.1142
8.13987
-7.05983
-14.7848
-7.2942
-12.2173
-19.7531
-6.64497
-12.2167
360.013
-18.8017
-2.7334
-13.3207
-19.6047
-13.5289
-6.50615
-7.83444
332.338
-24.2392
-29.757
-24.931
-46.1076
-32.4171
-32.6241
-33.94
214.803
-33.3153
-40.0038
-53.8318
-50.6298
-59.3694
-59.066
-35.7449
391.286
-42.4122
-49.243
-34.6765
-48.6536
-20.4011
-22.4693
-8.05638
-6.19256
113.582
-8.83605
5.82564
1.73291
-0.650125
1.25872
3.77233
23.0294
-170.625
-3.02926
1.00994
-12.6776
-2.59545
-17.4868
-15.2869
-27.2157
64.9079
-33.1426
-22.008
-7.53279
-7.58051
-8.18199
-3.73239
1.9846
-11.8873
-2.49983
2.88752
5.90048
6.80956
14.5409
12.2084
16.2522
-20.2418
16.6287
9.82696
18.1412
10.2959
24.3562
9.9138
19.5677
1.4644
51.0854
4.57758
0.275029
5.1145
3.69697
12.5399
22.5529
22.0403
-90.5895
28.9793
24.2827
36.016
35.9271
33.5228
37.0116
38.3803
26.3236
38.7538
34.2769
41.2015
37.3311
34.68
32.2543
28.3018
-250.334
5.55025
11.39
0.110698
3.0736
-10.2173
-11.4509
-13.9658
-523.253
-16.6439
-21.9078
-16.5771
-23.2478
-13.7863
-21.8822
-15.8425
-27.7555
-17.4748
-17.8295
-19.6106
-10.6905
-18.481
-25.6305
-21.3804
-24.6312
107.25
-18.8188
-24.4452
-15.4754
-18.6345
-19.8883
-8.28269
-18.0421
185.801
-27.982
-15.8742
-20.6459
-20.4679
-13.6398
-15.5777
-13.4142
190.307
-18.5971
-17.6626
-18.2379
-16.3603
-12.9336
-11.4664
-11.9791
174.004
-9.62479
-10.0092
-15.8627
-11.3426
-10.5218
-15.1647
-17.4745
148.985
-5.9313
-18.8134
-13.512
-9.15748
-5.89026
-16.7971
-6.12634
124.445
-1.45397
0.596438
-1.9339
11.5464
15.9498
12.2363
16.4814
12.5993
80.6165
24.4808
28.8208
26.8685
6.73281
6.07353
2.74424
5.43322
-4.13976
-6.44156
-10.238
-8.06748
7.61179
0.865514
7.12389
14.5522
-55.257
23.407
21.0935
23.4882
13.2549
13.8179
12.8458
1.76464
-148.386
3.10902
4.6456
-0.59615
-6.03021
-17.409
-5.89295
-17.87
-46.7978
-4.76071
9.41577
5.7768
13.1057
11.7694
27.3889
25.0171
47.6949
64.4007
41.4385
22.5573
25.5006
19.1087
25.3439
32.8915
28.0393
-223.645
36.1627
36.9658
39.0664
45.5541
37.7287
44.401
34.0077
-509.751
32.4268
29.3919
31.9009
28.6188
30.9933
29.0369
27.1735
-498.368
15.9412
11.0986
6.77637
6.20063
6.59439
1.13666
0.0180813
-265.825
-6.22997
-0.992013
-2.98562
1.10698
-11.5985
-14.1626
-8.36486
-39.9126
-9.76015
-18.2789
-18.4487
-15.2345
-12.8012
-9.25597
-7.59783
-5.69107
259.194
-18.0296
-23.3049
-16.9236
-15.4962
-24.3789
-13.3943
-25.3472
544.496
-29.742
-25.8937
-24.8941
-36.4848
-30.7888
-33.5059
-32.4321
354.78
-53.7002
-45.857
-44.4351
-43.2892
-46.0549
-42.3057
-41.7684
75.1565
-39.7844
-28.3596
-25.9074
-17.7905
-3.97543
1.72574
3.14266
40.4179
44.7682
62.9297
81.5281
88.8611
85.9767
51.8989
27.9278
23.2021
13.9038
1.902
12.3129
28.0541
39.5569
28.9765
43.1895
45.8366
-149.71
52.3034
54.3302
57.6973
59.2829
62.5805
60.5458
66.0084
-678.279
38.3001
40.3486
29.1021
30.3898
29.647
26.9395
25.9384
-462.529
21.25
19.5136
9.6969
-1.74588
6.21774
-1.53173
-9.14894
-254.278
-2.62617
1.30451
3.14228
9.07384
-1.13263
-9.88588
-29.1792
-153.412
-7.73538
4.81786
-2.91184
18.6742
22.3118
25.066
23.3198
43.1713
-192.448
20.092
19.7816
5.42498
-1.24331
6.59816
-2.40897
-2.85363
-77.2675
-7.07297
-7.78268
-11.4709
-24.0011
-28.5295
-26.0369
-16.0182
281.986
-3.30095
-12.3997
4.44889
-6.24973
3.3694
0.580278
2.61205
256.366
10.2837
4.09287
17.1094
7.49034
6.40796
4.60819
14.6457
89.5194
10.9506
11.6224
14.3642
18.3403
21.4631
12.1259
11.6845
-143.121
7.09246
1.86096
4.07082
9.22146
15.7575
17.6374
27.9051
77.0956
-343.205
21.7528
21.9698
32.7638
29.9205
37.3808
40.7195
35.3204
-359.692
7.81289
-1.23607
-0.338119
-7.52924
15.684
9.37128
0.271825
-95.3516
-10.0162
-10.0245
-13.2577
-9.78807
-12.5997
-23.9118
-26.7914
98.2319
-29.5947
-25.3633
-23.1222
-17.7533
-14.6281
-4.48583
-2.99975
72.0683
7.1964
4.62271
10.3094
0.0545479
12.0352
8.2534
7.13416
-40.8473
11.2574
12.2166
11.7211
10.1302
7.61588
7.87931
1.48119
0.357507
39.7295
-10.6141
-6.20427
-15.1414
-18.4424
-30.1844
-30.3914
-27.4138
358.689
-29.6706
-66.9372
-71.5769
-30.0799
-20.9435
-18.2126
-12.213
342.202
-19.5155
-7.00862
9.46303
13.3996
21.8527
19.13
28.7083
-237.835
26.2758
30.6223
38.2828
36.7277
40.2553
52.3691
44.9068
-290.099
31.2027
24.3451
16.9726
13.9084
1.309
1.96442
-3.18863
-51.3588
-15.3015
-10.1353
-16.7944
-17.4622
-13.7494
-20.7427
-26.2961
-9.15206
271.118
-14.403
-14.5506
-8.62976
-20.5219
-14.8407
-16.9858
-14.7524
342.813
-15.4409
-12.6679
-19.4156
-19.8196
-15.8959
-14.3621
-12.8201
61.335
-12.2578
-2.95361
-4.7033
-3.85903
-0.13
-7.44613
4.94574
-87.235
3.21404
7.44844
7.19768
16.5288
9.24534
22.56
21.9635
-197.368
22.5884
16.3933
17.6372
21.3012
19.493
18.1092
18.7091
17.0521
-281.184
19.7099
23.6396
9.76026
8.59751
5.43714
1.20151
1.12101
-141.833
-4.75217
-16.9018
-13.4869
-21.6999
-26.993
-34.4614
-34.7635
154.559
-34.7178
-26.1918
-24.1276
-15.6006
-17.6822
-19.2933
-16.8199
431.016
-31.4382
-34.6335
-38.4865
-37.5814
-40.6942
-53.011
-38.7845
373.169
-18.2599
-13.9332
-15.4183
-4.56854
-12.6626
-11.0195
-4.98575
223.337
-1.47829
-2.49136
6.86821
9.18881
14.9218
9.40409
15.3712
17.7789
-34.1134
16.5398
10.74
7.97932
11.2166
24.7763
22.8671
27.3138
-812.531
9.4633
13.2412
22.6931
22.0661
27.5206
28.232
40.6495
-417.322
25.4124
30.9609
23.1214
21.7927
32.4709
35.6775
27.2224
-295.669
17.8059
12.6647
19.3222
17.5418
8.25722
16.8009
13.7694
-29.3951
7.05729
5.87434
-6.35003
-13.3152
-8.79255
-26.941
-18.2261
35.165
-17.8061
-17.0218
-14.6936
-9.5693
-16.3881
-18.6014
-12.8278
-13.9307
86.1483
-13.2794
-22.4908
-10.686
-19.296
-14.1168
-9.61469
4.12884
341.2
20.3595
20.4727
11.6787
16.8805
9.18273
8.19637
15.6386
248.4
23.9028
13.0724
25.4707
5.72599
7.14192
-0.0105284
-4.43463
106.814
-20.461
-9.94522
-26.2793
-35.3219
-25.8902
-29.5763
-21.1515
-37.5446
0.188367
1.04731
21.7931
22.8298
27.0731
27.5529
29.1352
37.7494
-375.525
24.4978
23.6628
28.6628
11.1881
1.12941
1.64894
-18.2176
-283.254
-22.4693
-21.9778
-27.5433
-23.7829
-22.8976
-30.7192
-22.9446
211.018
-27.1889
-28.2897
-37.8573
-10.3865
-10.2726
-4.01625
-3.71431
409.87
5.33839
5.26523
11.9016
9.22085
18.1499
14.0686
24.8564
285.74
38.7382
41.2045
47.0535
62.1281
62.7673
67.7214
70.9056
-368.726
46.2763
40.2383
34.0781
41.2305
26.1905
20.8246
10.1908
12.2458
-750.936
-2.51968
-5.85382
-11.767
2.33657
-5.66411
-2.95419
0.0378411
-361.664
4.61898
4.39099
10.6522
10.6853
13.0591
15.5104
19.4088
-136.464
2.74785
6.73012
9.0419
2.66882
0.347435
-0.264044
0.49368
-44.2872
10.3444
7.17425
6.04752
7.95239
3.48887
-3.2637
-8.51077
-3.09106
-37.2807
-43.7999
-41.6975
-37.4848
-36.7967
-28.2765
-27.0624
-26.3584
198.801
-16.8366
-10.7938
3.97126
-2.02057
-0.127634
1.73321
2.76132
948.974
-14.8941
-2.53534
-20.2045
-15.3139
-14.9646
-9.49743
-20.1136
57.3726
-16.4956
-17.4783
-18.5247
-17.0386
-25.9253
-28.9881
-26.2922
57.2378
-25.6324
-40.6612
-44.1774
-44.0715
-53.1636
-61.8682
-51.5402
197.657
-31.0107
-20.7877
-14.9366
-21.9998
-33.8395
-11.6158
4.61156
45.9945
5.10931
18.054
8.16219
6.34571
-1.11423
-4.75426
1.73161
-0.820354
10.5734
6.34327
-4.41915
6.32217
8.31546
17.158
7.72012
21.6061
21.1453
11.0521
20.2048
21.5638
22.7601
22.4997
23.9897
44.8756
-97.161
39.254
40.8658
42.2378
40.0786
40.5
42.5064
35.3669
-357.151
17.0128
23.5067
12.8937
19.4015
18.5026
19.7293
15.2967
-662.378
14.9063
6.34228
-2.12409
9.7706
10.7728
15.2735
9.42297
-392.305
15.7749
14.7516
20.564
21.6793
21.4106
21.8592
18.4135
20.8406
-178.63
13.0078
0.083081
-8.69125
-12.6207
-25.0351
-21.0764
-15.8598
108.457
-28.1513
-19.1458
-27.0007
-15.3316
-18.9182
-23.8237
-14.2538
423.628
-9.28046
-7.66244
-6.55467
-6.36021
-3.32675
-6.90582
-5.85687
287.988
-23.126
-14.452
-16.5252
-17.8184
-23.9541
-18.7858
-23.2094
318.055
-22.8426
-33.5122
-32.1021
-43.6912
-59.231
-57.5925
-64.6313
288.806
-60.4613
-45.077
-9.63346
8.82882
9.16411
8.76638
-3.79056
-8.78227
4.73721
-6.58606
9.34286
3.74557
5.67675
6.93316
13.7415
18.6261
9.30484
14.3446
25.2997
26.8704
41.4857
36.8801
41.6223
45.5328
-146.067
42.0259
43.6017
46.7335
46.5997
34.0901
27.3469
24.8738
-575.45
23.4653
6.54898
21.595
16.145
16.9452
11.0329
11.8634
-326.698
10.1936
8.94425
5.75887
9.15526
4.44208
-4.20389
-2.98381
-120.845
-3.0703
-11.5563
-7.38134
-16.3202
-17.4373
-28.4574
-15.3134
-19
36.1948
-10.6058
-5.97544
-5.56592
0.596368
0.879725
-1.87577
-3.86596
202.213
5.22408
2.98211
4.16939
-1.84605
12.2726
5.98908
9.43915
253.069
11.0139
13.3038
-3.20972
-7.26324
9.95798
4.10037
17.5236
-74.5394
20.7983
22.3347
28.8654
33.1487
18.3753
26.6196
16.7149
-182.495
16.2106
20.4075
17.6919
27.3456
17.9729
11.0323
24.6636
22.8252
-227.164
21.6015
31.9792
19.769
23.7775
26.4905
24.7634
19.4628
-252.964
5.25244
18.1363
7.07229
1.51891
-7.02508
-10.5695
-20.7316
-167.9
-15.9116
1.21772
9.16391
3.861
11.8397
9.97914
9.99645
84.5891
-1.70663
-18.5987
-28.5442
-28.9913
-40.439
-31.6155
-37.9923
162.129
-39.1493
-29.5585
-28.0181
-28.5497
-21.0588
-24.3447
-16.3831
203.19
-20.2842
-10.5747
-14.6773
-5.819
-14.3573
-12.3703
-0.544192
-1.8171
57.1976
-6.64093
-3.2596
-7.97646
-8.63527
-8.19977
-8.28155
-10.7629
-59.2148
-9.75037
-21.335
-22.2698
-26.2157
-20.9269
-24.1091
-8.92159
7.43384
1.90349
19.943
21.2583
27.2989
16.4256
24.6567
21.3266
-154.258
21.7269
16.2405
17.4538
21.8732
19.0877
19.1501
22.1578
-161.183
18.1925
14.5802
6.75529
11.1656
-2.00732
-8.95734
-10.2351
-17.7291
112.908
-14.9266
-10.0415
-15.9786
-12.7982
-3.60298
1.81915
16.4455
387.58
24.098
18.8591
-1.36653
-2.89598
-2.81201
-12.8773
-7.76708
-33.3428
-16.391
-14.7821
-13.5029
-11.3219
-4.60622
-6.73689
-10.9436
-41.6655
4.05541
3.96108
-4.36832
0.664966
2.66454
2.61408
-2.33909
56.5888
0.0202171
5.02821
-0.14686
-5.87958
12.7885
-9.39219
-3.16248
69.4419
-11.5447
-2.94009
-12.3816
-6.45508
-12.1382
-0.775957
-10.1376
-1.70304
46.0578
-16.7214
-14.7143
-18.9344
-23.331
-23.8828
-26.4832
-24.253
266.584
-36.2896
-36.3803
-24.4315
-21.2553
-12.2386
-21.6146
-14.6125
161.369
-16.9402
-5.30648
-10.35
-13.5474
-1.03886
0.591038
0.301882
7.48682
5.75194
3.85512
3.36504
1.90674
12.3695
15.7559
7.83849
22.0862
5.98885
21.4869
12.0715
20.3507
15.9408
11.2556
15.2272
9.92134
18.4815
16.6343
0.353987
6.29665
8.27622
13.7409
16.37
12.7052
11.5679
16.9105
25.9389
14.2783
24.9082
15.8827
19.4503
19.6096
-80.8718
16.4559
27.7749
25.4472
24.9108
27.5763
28.3787
34.6135
-232.929
30.0579
27.3405
31.6953
43.9979
39.4664
43.7402
39.7401
-414.54
4.19887
-0.414682
4.58421
16.7137
18.8328
25.772
27.2631
-423.604
17.5929
22.6376
23.9761
18.28
28.601
20.8406
27.3045
17.287
-227.865
10.5013
27.8289
27.3668
14.9437
33.7339
28.4239
38.5763
-303.394
30.7783
35.6461
45.4647
61.2717
44.5128
40.8336
35.5202
-273.157
20.7596
18.9717
23.8433
28.3319
34.1418
17.1972
-5.02013
-55.3897
-28.5264
-19.2348
-12.0888
-0.0946023
11.6493
0.507422
-5.2262
497.788
-1.39783
6.13225
-1.70369
5.34099
2.85517
6.20365
8.27492
38.9121
-5.9842
6.46152
1.5706
4.64072
16.8442
-2.91958
13.4241
2.97474
-358.326
3.39831
0.314826
-4.06077
6.82956
5.2044
10.3878
14.3986
-335.252
10.602
8.90874
13.3833
5.11723
10.7807
5.99508
6.94562
-280.755
2.47083
1.00575
6.01503
-1.32627
4.55616
-1.65375
3.18287
23.4099
0.548759
1.75203
-8.1688
7.1527
1.7709
-2.15125
8.38145
-15.1758
3.87948
-0.548075
5.03033
0.955717
2.26789
2.74331
1.86173
-97.4535
0.262216
1.33647
-2.59151
1.40702
-2.80689
1.76514
-6.50424
-4.13498
257.28
2.79271
2.252
4.27191
-1.62728
2.91535
-3.96805
2.68323
410.678
-0.277781
1.04884
1.97392
2.75365
9.29618
10.0478
10.2207
-115.37
3.88816
0.527324
12.1301
3.8859
2.45601
9.49332
-1.95403
-241.092
-5.57642
-7.02842
-0.498026
-2.06073
-11.9119
-1.09577
-11.5394
-371.958
-6.43937
-4.18327
-6.93538
0.845603
-1.07359
-2.71245
1.71387
58.3344
1.90841
0.0137324
-0.537555
-3.57096
-0.395195
-2.90912
3.80517
-3.68833
184.354
-3.08726
-6.5042
-2.12293
0.00106872
-5.02623
-4.72181
-3.15941
-81.7709
2.45281
5.34188
14.4178
4.35437
4.15662
12.7669
2.7152
-152.89
5.95288
-3.647
-5.54446
-4.63124
-3.78402
-5.4227
-8.04646
119.958
-15.644
-15.8206
-8.28823
11.9367
20.6786
5.11297
5.94407
116.952
8.6514
10.7718
9.54458
2.19149
4.67297
1.07456
0.269159
-4.996
-61.1715
-5.33344
-0.107801
-8.27705
-1.72075
3.2721
-5.5899
5.88925
37.3983
11.0536
16.4591
6.35746
9.81107
8.3107
7.39244
5.7157
-31.9871
0.213614
-0.0202937
-2.88625
-3.38876
-3.95834
-16.6255
-0.169443
-100.03
-5.48935
-5.8583
-2.176
-7.90179
-0.227729
7.218
12.1903
-219.319
1.89018
2.59386
0.794038
-4.78834
-32.3942
-23.3381
-19.8105
344.519
2.98196
8.19923
12.2094
53.6789
28.0275
1.30956
-0.959895
5.5736
382.818
3.94591
5.45382
6.79721
-3.23426
1.84624
-1.10057
1.66935
-766.029
-51.5031
-15.9282
-3.31415
-8.73267
7.5364
5.18035
22.2556
903.891
21.0796
-2.00056
-4.08615
-12.7012
-8.82188
-9.33851
-8.35315
-689.162
-8.72861
-2.3048
-2.63517
-2.21342
-5.50542
-4.15947
-9.04024
-32.8076
-10.6297
-9.45616
-1.67238
-7.03958
-3.40776
-4.76924
1.29811
397.701
-1.58212
-1.13996
-9.23923
0.821956
0.297111
-3.89075
-2.28434
-3.20255
-59.9138
-1.00612
-1.29306
-5.73804
-8.88188
-2.2453
-0.49322
6.37208
314.335
1.97551
-5.54659
-4.08325
-9.67324
-8.88707
-6.28048
-18.0812
-282.722
-3.59864
2.94772
13.2451
8.95114
8.11226
10.5622
13.2656
-111.732
5.25249
1.7624
8.86412
4.91574
8.07084
22.7178
21.6639
382.985
10.886
1.86066
-0.468436
-6.45336
0.108183
-2.46848
-5.58718
0.726364
-325.359
5.35861
6.61258
9.50486
-15.7232
-28.2984
-8.0444
-10.3504
-230.617
-3.40553
0.249472
-19.3598
-14.9112
-2.1748
16.7139
10.2686
115.954
18.4409
2.42606
-5.03027
29.0203
19.7055
7.55717
2.64955
300.366
0.10696
-4.84458
-4.89304
0.455467
0.913734
-0.971281
-12.6451
-559.416
-13.7887
-18.3576
-12.4257
-2.561
-1.40928
-0.743152
-0.849132
165.608
10.8774
6.54259
13.7556
10.7538
6.70525
12.2553
5.7742
12.4035
91.5871
9.5991
-2.33532
3.63722
1.50724
-0.222846
1.06267
-4.67069
-229.011
-8.94683
2.89334
-12.7941
-6.71202
-10.0285
-4.57844
-14.852
-58.3468
1.82465
2.87119
-9.87823
0.502234
5.8085
5.12424
13.8674
159.064
6.11729
-0.483073
1.12629
7.51703
3.84641
-7.90833
-3.98741
312.393
4.68394
11.2046
3.79936
-2.67314
-0.351992
-2.32221
-11.4107
-7.06959
-217.948
-9.38747
-3.74045
3.91448
-0.269694
-0.827449
2.66932
-0.415024
-261.209
-34.0532
-16.6717
-3.84072
-8.98046
-1.01911
-9.80974
-8.24726
729.332
7.69517
-2.73618
-5.04208
-3.77504
-12.6418
-0.239781
-0.118635
-482.831
4.14358
1.66154
5.99797
9.85959
2.29806
11.2853
-1.66604
-228.158
4.66449
2.07333
-1.70083
-16.3801
-4.82267
-10.4207
-10.3894
442.944
5.78478
1.51667
3.41562
5.18777
8.52981
7.81129
30.0248
21.5351
417.004
-1.00574
-6.72325
-7.51803
-8.7131
-13.082
-17.2652
-9.23114
-769.636
-2.56633
0.950278
6.06495
-7.44391
-3.95759
-6.3435
-23.6964
18.4354
-5.34834
2.76829
16.56
14.7873
6.65764
-2.1595
-4.67222
292.195
5.34562
4.66926
5.35462
11.2455
1.82568
13.9181
4.83651
-407.885
-3.85682
0.38169
-2.40461
-7.54199
-12.842
-12.3291
-0.612553
561.184
0.983164
14.9953
12.1407
31.5047
24.9906
16.1362
-0.438743
-5.15423
-76.8583
-3.64321
-9.27828
-7.74721
-10.8614
-10.9752
-4.6854
-3.47412
-485.971
1.14904
-2.7721
-6.23657
-11.7995
-20.7986
-18.7348
-16.991
393.19
-6.16136
0.456448
0.11436
-2.28251
-4.83985
-1.68863
9.05276
299.777
-1.81554
-2.43206
2.58845
3.74969
2.87074
7.26215
17.2889
-479.838
6.08846
6.81923
6.49565
-0.690829
-0.409605
5.43017
-5.8685
-93.5303
0.998207
-1.00826
-2.81175
-3.43218
-5.39154
-2.57295
-7.19479
-9.83465
299.27
-18.2701
-14.4146
-11.1525
-9.70071
-12.2412
-3.39854
-3.29979
14.5694
-8.07343
2.9455
3.29904
-6.51694
-3.39049
-2.19899
-10.4565
70.6523
-9.82457
-6.08579
-3.97904
-7.46761
5.98519
-0.405876
-0.138086
68.518
-9.1217
-0.324396
6.65644
5.78058
8.34969
5.00055
8.33878
-194.58
12.0082
16.3598
11.8462
10.5348
10.2918
6.76949
5.17251
-258.345
1.48145
2.08403
0.358643
1.27912
5.91707
3.31088
2.77127
2.70469
336.321
3.15491
6.2817
1.49874
-6.80529
-3.51198
-9.32262
9.05169
-226.257
3.4608
8.56192
-1.42855
6.81331
7.98566
-4.43153
5.17488
-262.771
-2.25081
0.0711793
-11.4143
2.34984
-8.07778
2.76631
-7.39025
62.8488
-11.1565
-12.7883
7.71621
4.60227
2.54004
6.86319
-3.42786
1006.32
6.72621
2.89073
3.30629
-3.68522
-4.21713
-0.160669
-6.64398
-13.7831
-524.098
-4.0448
7.20944
1.0227
9.82675
5.34763
2.67347
-1.35946
-33.685
-8.34347
-6.33923
-2.71291
-5.58853
0.243678
-1.04755
5.50113
-412.121
-0.127332
1.22287
3.93614
4.03
1.54673
1.92508
6.39595
-88.4731
4.14663
-1.42254
1.86684
-0.16174
-10.428
-0.498648
-3.32835
549.819
15.5925
10.5155
5.14303
11.064
-0.163876
-1.08433
2.30051
-201.422
1.28313
-0.279453
-0.588063
-0.465611
-1.68786
0.446379
-0.497273
2.51257
-257.061
-4.30968
-2.81945
2.09884
-5.24468
5.12333
-0.0419609
-1.24304
85.0634
-0.372529
-2.43788
2.1438
-4.37186
-0.270228
-0.870096
5.82463
0.147714
-5.47496
1.91402
1.78765
1.90747
-1.56502
-4.26674
3.845
-16.9975
-2.46733
1.87701
-0.817475
5.40785
-3.9929
-0.334924
0.176461
-26.4993
-5.23471
4.70809
1.81465
-6.97786
8.62251
-4.64658
3.10871
-25.2363
4.20295
1.58495
-4.0338
0.696462
-2.87066
1.34286
-1.66872
2.49095
-19.3203
5.73979
-5.02603
3.07947
-4.05152
-0.640168
-0.00366196
1.31207
-25.4286
2.10745
-2.60258
8.22857
-4.58042
-0.321115
-1.89416
4.69285
-11.7488
-4.46015
7.50291
-4.46431
-0.778852
4.77358
1.06226
-0.87088