1.13295
1.12565
1.05886
1.02907
1.01681
1.01213
0.961342
0.954552
0.954601
0.954097
1.02163
1.0396
1.03955
1.07515
1.07296
1.01217
1.03626
1.10899
1.17617
1.22449
1.17394
1.13343
1.13703
1.10879
1.11485
1.1005
1.12149
1.12638
1.12355
1.12979
1.10804
1.08742
1.09581
1.08018
1.08067
1.02665
1.04439
0.994335
0.926597
0.836803
0.743047
0.705301
0.692721
0.622281
0.632864
0.676876
0.749101
0.769813
0.77765
0.795361
0.812899
0.820767
0.907151
0.91756
0.94194
1.03803
1.09807
1.09529
1.05814
0.968052
0.889132
0.862734
0.88127
0.889683
0.860322
0.877698
0.86624
0.839036
0.836808
0.793449
0.76821
0.771829
0.754093
0.790485
0.840571
0.834194
0.842134
0.847313
0.821607
0.766926
0.733261
0.733514
0.756447
0.785445
0.780857
0.781633
0.808062
0.831054
0.857342
0.900908
0.956565
1.01733
1.01613
1.01052
1.02466
1.03864
1.08669
1.08562
1.08274
1.07982
1.07768
1.05758
1.04963
1.05628
1.05562
1.09251
1.13561
1.18978
1.27374
1.20313
1.19024
1.18711
1.16679
1.16446
1.16082
1.11811
1.04806
1.07157
1.22648
1.22482
1.20216
1.10366
1.12413
1.19079
1.2934
1.41914
1.40804
1.37489
1.37601
1.38686
1.29785
1.16026
1.04667
1.00206
0.934991
0.893868
0.909815
0.845468
0.842785
0.850726
0.882189
0.914349
0.987667
1.00971
0.989895
0.998771
0.964783
0.998966
1.06994
1.13
1.20059
1.36235
1.48196
1.42879
1.32159
1.2273
1.28762
1.19111
1.16415
1.11009
1.06756
1.05449
0.954633
0.89646
0.871034
0.884361
0.904729
1.0109
1.09208
1.12866
1.09452
0.975025
0.911829
1.06854
1.24615
1.20913
1.26947
1.33091
1.21034
1.18538
1.253
1.27306
1.26664
1.22432
1.20073
1.17279
1.13312
1.0764
1.01008
0.947175
0.90439
0.871143
0.848136
0.832902
0.837829
0.883298
0.895697
0.903806
0.923204
0.990973
1.0839
1.19896
1.36867
1.53263
1.49741
1.49974
1.32656
1.28563
1.14493
1.00976
0.931218
0.896506
0.925012
0.859592
0.807245
0.782279
0.779815
0.792479
0.828567
0.858831
0.864883
0.952587
0.897202
0.953469
0.990808
0.96159
0.977962
0.85424
0.98985
0.834683
0.989549
0.972039
0.998209
0.923258
0.833877
0.780682
0.734756
0.693763
0.706367
0.721187
0.712393
0.672042
0.661335
0.61727
0.555011
0.479712
0.359949
0.22594
0.236845
0.27307
0.340879
0.410148
0.467778
0.497308
0.513244
0.486371
0.507776
0.53183
0.516645
0.489845
0.431821
0.443796
0.457078
0.445949
0.439826
0.412655
0.355692
0.374886
0.534625
0.772586
0.8134
0.856997
0.872106
0.908974
1.01629
1.0341
1.03089
1.02355
1.02291
1.00819
0.974428
0.891814
0.765346
0.770301
0.876007
0.942564
1.01425
1.06058
0.966832
0.810414
0.718683
0.765188
0.789421
0.80569
0.826484
0.83525
0.825828
0.822789
0.840453
0.793969
0.777386
0.841395
0.888777
0.827941
0.653774
0.536956
0.629798
0.697421
0.816303
0.863907
0.900509
0.91924
0.978301
0.974407
0.94457
0.916561
0.857976
0.797309
0.778582
0.786548
0.897663
0.952713
0.94331
0.956714
0.874921
0.938819
0.897413
0.860194
0.776058
0.828294
0.793494
0.775573
0.749236
0.833996
0.897153
0.899517
0.908352
0.920476
0.922605
1.00642
1.10459
1.09931
1.11333
1.13191
0.930494
1.00357
0.832451
0.637802
0.446982
0.452228
0.491638
0.523318
0.580877
0.725701
0.696971
0.695134
0.86741
0.726708
0.716572
0.732046
0.742129
0.743046
0.796296
0.808942
0.775223
0.806984
0.863296
0.881677
0.89493
0.939197
0.972936
0.92593
0.909442
0.906126
0.918107
0.960459
0.969464
1.01873
1.10845
1.1085
1.04899
1.03994
0.985068
0.924438
0.871756
0.825056
0.835004
0.876463
0.919347
0.928851
0.897134
0.926359
0.986876
1.00146
1.00158
0.894701
0.787856
0.736266
0.706069
0.669484
0.641722
0.621421
0.630952
0.631686
0.625096
0.582549
0.550332
0.504025
0.441979
0.398576
0.359557
0.338063
0.326842
0.309583
0.273741
0.289893
0.386554
0.595959
0.70222
0.500114
0.42819
0.397821
0.377765
0.372839
0.370032
0.401304
0.430653
0.492733
0.59217
0.668827
0.611203
0.689243
0.758762
0.796221
0.891342
1.07895
0.983729
1.00685
1.04448
1.26228
1.26724
1.13744
1.01415
0.928866
0.868984
0.755857
0.720737
0.778009
0.804412
0.829914
0.786527
0.825244
0.79682
0.778364
0.808334
0.815681
0.823503
0.83607
0.847184
0.854365
0.854316
0.8398
0.813274
0.842789
0.877006
0.894067
0.933299
0.964073
0.955998
0.955839
0.983831
0.954603
1.04095
1.03094
1.06586
1.06257
1.11287
1.15924
1.17196
1.16528
1.09524
1.07271
1.03975
0.940679
0.794988
0.699482
0.679262
0.666966
0.759394
0.859491
0.921331
0.997167
1.03702
1.02638
1.09306
1.14612
1.11134
1.05496
0.989747
0.97272
0.989139
0.917548
0.940861
0.942047
0.910597
0.9071
0.931093
0.953686
0.954296
0.960653
0.89606
0.829346
0.80192
0.869908
0.894341
0.870211
0.905828
0.997878
0.989654
0.929569
0.874071
0.825276
0.807158
0.808264
0.835577
0.820471
0.808123
0.812886
0.830192
0.844098
0.857406
0.875512
0.887028
0.882667
0.899206
0.92717
0.942917
0.949049
0.953266
0.964545
0.969192
0.971661
0.97376
0.972408
0.971451
0.977315
0.978302
0.973
0.972667
0.973202
0.972622
0.973642
0.973101
0.970348
0.969022
0.967489
0.969449
0.967878
0.967871
0.958454
0.959469
0.955099
0.954534
0.9619
0.967246
0.97046
0.978902
0.98432
0.986358
1.00577
1.11185
1.08949
1.16299
1.14198
1.14
1.03119
1.07289
0.977583
1.00989
1.06673
1.10226
1.16643
1.13614
1.04952
1.00409
0.893417
0.868404
0.85779
0.911919
0.947808
0.971612
1.02049
1.1376
1.17686
1.14175
1.12499
1.18373
1.14575
1.09072
1.02438
0.98328
0.946728
0.93879
0.95155
0.981345
0.963641
0.921059
0.86982
0.811734
0.776393
0.752712
0.741947
0.827292
0.778297
0.740224
0.728958
0.826468
0.97564
1.18957
1.10348
1.05973
1.04533
1.00472
0.995474
1.118
1.15075
1.10338
1.03695
1.12926
1.07358
1.13828
1.0785
1.04724
1.11597
1.091
1.02543
0.942496
0.930876
0.931078
0.936475
0.919225
0.89896
0.909763
0.914252
0.902738
0.840266
0.829096
0.855449
0.9164
0.939006
0.972339
1.01822
1.00811
1.07084
1.07703
0.979196
0.896249
0.86471
0.836174
0.77397
0.708338
0.704481
0.741947
0.778125
0.870847
0.933649
1.00925
1.05072
1.07547
1.10353
1.01514
0.919412
0.900096
0.864325
0.921734
0.923107
0.90899
1.02644
1.07105
1.09277
1.06843
1.05216
1.01469
0.96748
0.897714
0.91297
0.916353
0.832358
0.775837
0.771527
0.772834
0.733747
0.744421
0.736139
0.711695
0.686702
0.708209
0.732069
0.86917
0.950208
0.996979
0.969655
1.00143
0.924534
0.908132
0.918136
0.951571
0.934259
0.868807
0.891745
0.89119
0.833992
0.838888
0.842832
0.817717
0.78323
0.772794
0.735539
0.776683
0.727162
0.782924
0.729234
0.815028
0.747027
0.86208
0.794809
0.850883
0.855743
0.868882
0.910402
0.889793
0.912163
0.989091
1.0357
1.01176
1.07006
1.02821
1.12599
1.07889
1.24724
1.14728
1.17794
1.1556
1.12059
1.12429
1.10542
1.14121
1.19671
1.1951
1.25642
1.33327
1.25306
1.19165
1.24311
1.14758
1.10297
1.13644
1.13896
1.09934
1.08476
1.08809
1.17054
1.30251
1.39703
1.31995
1.24101
1.19435
1.14635
1.15259
1.12105
1.09076
1.01989
0.940516
0.792532
0.737403
0.745744
0.848669
0.854636
0.868959
0.771865
0.642447
0.628064
0.700461
0.760201
0.833291
0.882033
0.973923
1.0017
0.946284
0.846802
0.759663
0.697034
0.618124
0.593935
0.636867
0.735471
0.810415
0.772344
0.826064
0.829926
0.843855
0.863332
0.841778
0.876844
0.921342
0.88408
0.813509
0.811264
0.819967
0.932198
1.03701
1.19961
1.21559
1.19246
1.17534
1.14813
1.08639
0.990629
0.936224
0.972402
0.987662
1.01588
1.00346
0.987632
1.01337
1.03923
1.06652
1.06475
1.02437
0.978728
0.921417
0.874872
0.848974
0.803829
0.736096
0.730529
0.754474
0.758186
0.753327
0.779396
0.781939
0.798417
0.805203
0.8074
0.814289
0.804877
0.786069
0.779622
0.732915
0.706794
0.69797
0.669838
0.711335
0.670521
0.746209
0.841082
0.955556
1.03954
1.02474
1.00116
1.03077
1.11199
1.01928
0.950135
0.854531
0.866202
0.890907
0.924837
0.920435
0.875497
0.775774
0.668861
0.592722
0.687173
0.793037
0.875138
0.877731
0.817503
0.790958
0.778867
0.886541
0.990475
1.03109
1.15911
1.05157
0.85283
0.87322
0.875641
0.758153
0.754334
0.794754
0.854493
0.923854
1.01873
1.05465
1.04488
1.01783
1.02274
1.03732
0.964372
1.02774
0.993597
1.07758
1.03302
0.965061
0.972404
1.04395
1.01214
0.968273
0.842321
0.841455
0.807277
0.738673
0.604555
0.59436
0.613532
0.682293
0.749018
0.788392
0.807904
0.787819
0.772723
0.76217
0.746674
0.74201
0.798894
0.891898
0.969107
0.947123
0.887458
0.801017
0.727949
0.757401
0.808783
0.957185
0.997506
0.943791
0.874321
0.851757
0.843356
0.886344
0.921616
0.929842
0.956916
1.0057
1.02408
1.00487
0.956042
0.982205
1.05962
1.07966
1.04788
0.910449
0.892651
0.873518
0.977288
1.0512
1.09379
1.16442
1.21524
1.37995
1.35292
1.25959
1.21148
1.16485
1.16782
1.13103
1.13475
1.17409
1.19742
1.23655
1.24902
1.20317
1.13855
1.08997
1.02006
1.10117
1.18626
1.2206
1.23005
1.19809
1.13231
1.21855
1.06302
1.07827
1.04783
0.941577
0.80501
0.81823
0.888459
0.854066
1.03838
1.23442
1.25987
1.23129
1.20349
1.1907
1.20046
1.13055
1.05725
1.09531
1.11215
1.14515
1.15861
1.10567
1.01104
1.24154
1.34879
1.4223
1.36947
1.24276
1.1702
1.14964
1.16551
1.12849
1.14217
1.12439
1.1247
1.01531
0.878415
0.854588
0.921868
0.949647
0.858412
0.78592
0.833241
1.00527
1.0421
0.998978
0.88869
0.889444
0.994953
1.08103
1.12457
1.09743
1.04761
1.01702
0.998335
0.837828
0.829829
0.865456
0.860789
0.854872
0.765608
0.966491
1.10872
1.19896
1.216
1.5012
1.67728
1.81227
1.74023
1.67244
1.55997
1.50134
1.45911
1.52266
1.49076
1.70891
1.71992
1.84699
1.35422
1.28806
1.26143
1.29476
1.29551
1.45134
1.51181
1.4316
1.35432
1.32524
1.30138
1.25178
1.25573
1.10741
1.05309
1.00201
0.951326
0.920547
0.870551
0.893947
0.91954
0.8995
0.924798
0.979477
0.821739
0.855666
0.913853
1.06835
0.957355
0.93133
0.956226
0.986956
1.00317
1.04038
1.03326
0.962544
0.793809
0.833921
0.654595
0.721121
0.624735
0.783204
0.582404
0.843025
0.637173
0.726517
0.814781
0.852171
0.897765
0.90838
0.912585
0.90914
0.917316
0.931121
0.947815
0.961561
0.990931
1.0116
1.04521
1.05387
1.06801
1.0811
1.11513
1.14976
1.18555
1.217
1.21597
1.22327
1.31923
1.31512
1.26579
1.12882
1.00666
0.884791
0.902612
0.990244
1.07334
1.08908
1.02455
0.982777
0.973115
0.951244
0.944849
1.01623
0.902836
0.910361
0.960505
1.00203
1.02114
1.00083
0.978132
1.01937
1.01221
1.03476
1.05037
1.0195
1.02327
1.02833
1.06064
1.03731
0.960457
0.901104
0.891956
0.872702
0.811784
0.762548
0.75572
0.769029
0.803034
0.82418
0.913027
1.04466
1.14387
1.09832
1.06257
1.08996
1.15943
1.20637
1.18105
1.13537
1.03765
0.960597
0.911744
0.878165
0.840216
0.810373
0.775409
0.743289
0.701154
0.718212
0.75518
0.809562
0.841442
0.870104
0.907409
0.951563
0.896013
0.867998
0.836008
0.865618
0.907656
0.927042
0.96536
1.01967
1.042
1.02356
0.990005
0.973458
0.942913
0.908373
0.884486
0.847064
0.821065
0.790162
0.76576
0.754157
0.740181
0.690854
0.648124
0.620756
0.608931
0.632861
0.680216
0.763687
0.772635
0.741737
0.789499
0.8877
0.988151
1.10575
1.18688
1.13479
1.06186
0.995537
0.979442
0.944271
0.896132
0.883944
0.868333
0.868267
0.876121
0.876115
0.908128
1.05036
0.869932
0.957091
0.971305
0.951135
0.936153
0.904658
0.889985
0.904262
0.918567
0.926531
0.932684
0.943115
0.967983
1.00835
1.06378
1.10722
1.13999
1.16008
1.05066
0.928295
0.921861
0.956268
0.999787
0.947224
0.868407
0.825727
0.979204
1.086
1.11573
1.1041
1.03192
1.01163
0.985921
1.04696
1.06079
1.04244
1.07557
1.09933
1.06332
0.974004
0.918632
0.938851
0.937412
0.891379
0.832791
0.776938
0.742174
0.736924
0.824409
0.949275
0.998052
1.12766
1.25143
1.23354
1.13903
1.06203
1.03494
1.00393
0.951345
0.969315
1.03209
1.09788
1.08301
1.05705
1.04981
1.08239
1.04778
1.10684
1.14893
1.04073
1.14344
1.2251
1.14669
0.995761
0.901298
0.902579
0.860344
0.868999
0.840824
0.817053
0.883936
0.935275
0.934352
0.914007
1.10972
1.20156
1.2202
1.28983
1.28521
1.29297
1.25549
1.21544
1.19791
1.10872
1.12766
1.14527
1.17084
1.137
1.07935
0.917369
0.992578
1.07069
1.12933
1.12169
1.07589
1.08242
1.06709
1.00441
1.00314
1.06932
1.08793
1.05114
1.11509
1.21914
1.21168
1.17665
1.2189
1.23002
1.26596
1.33118
1.40891
1.39181
1.40765
1.38798
1.36976
1.41033
1.36775
1.38124
1.38603
1.40632
1.43079
1.43392
1.42868
1.42237
1.40874
1.37245
1.33757
1.31578
1.28716
1.26807
1.24321
1.22953
1.26328
1.31208
1.3409
1.36236
1.38056
1.36972
1.37678
1.39791
1.43891
1.50453
1.52605
1.49095
1.4454
1.36762
1.32839
1.32083
1.28658
1.29178
1.2645
1.22607
1.14989
1.07238
1.03783
1.0509
1.06327
1.07992
1.07326
1.06866
1.07541
1.11404
1.08498
1.09573
1.10455
1.08835
1.05231
1.0416
1.01506
1.00224
1.00086
1.04356
1.10353
1.15522
1.22245
1.22767
1.18689
1.21364
1.25193
1.32127
1.32404
1.33949
1.28945
1.22068
1.14837
1.08524
1.08002
1.12101
1.22102
1.19888
1.21044
1.35906
1.3538
1.24048
1.19743
1.14733
1.18465
1.4111
1.33072
1.29685
1.28253
1.20303
1.11314
0.974621
0.936109
0.958497
1.05808
1.16643
1.17211
1.25734
1.19637
1.24001
1.21407
1.14143
1.12019
1.16657
1.0863
1.04848
1.14393
1.43332
1.48025
1.39024
1.23192
1.28461
1.21424
1.06747
1.08382
1.09917
1.09839
1.04214
1.12242
1.16899
1.23125
1.07885
1.10557
1.06098
1.04557
1.0906
1.0723
1.05998
1.12736
1.16913
1.15596
1.23504
1.18779
1.12694
1.1234
1.1392
1.05421
0.99209
0.939559
1.00977
0.9844
1.00817
1.13911
1.20283
1.31814
1.32439
1.28439
1.2946
1.21033
1.14449
1.05485
1.04527
1.07012
1.0893
1.03155
0.994471
0.994444
1.0017
1.06193
1.09524
1.14988
1.19872
1.11119
1.06587
1.10709
1.10738
1.17827
1.20223
1.16263
1.16839
1.17188
1.17401
1.22097
1.19481
1.16214
1.23991
1.22692
1.20379
1.22932
1.25513
1.28784
1.30043
1.35255
1.37848
1.45038
1.57094
1.62456
1.63789
1.56776
1.50143
1.48655
1.38118
1.28561
1.27099
1.24543
1.24042
1.23191
1.24318
1.20775
1.15823
1.159
1.14272
1.27097
1.29183
1.27696
1.23909
1.24823
1.29287
1.39057
1.30668
1.20338
1.09354
0.983939
0.896615
0.878734
0.861589
0.804308
0.789334
0.828679
0.887345
0.940762
0.975287
0.956245
0.99284
0.956867
0.98893
1.06899
1.1233
1.19653
1.39308
1.48204
1.40179
1.30294
1.22753
1.21778
1.16197
1.08895
1.04198
1.01939
0.975439
0.900389
0.857384
0.877232
0.900398
0.994771
1.12461
1.08373
1.01562
0.958253
0.978943
1.11193
1.17231
1.23662
1.28055
1.1878
1.15638
1.21092
1.20682
1.23013
1.16001
1.05478
0.959556
0.888591
0.827167
0.800842
0.800393
0.846034
0.854671
0.925632
1.00085
1.07385
1.23235
1.3053
1.31229
1.22188
1.2233
1.24768
1.21323
1.07601
0.934466
0.885104
1.03707
1.14513
1.1472
1.13347
1.03999
1.14137
1.18705
1.1631
1.09964
1.07115
1.01716
1.03043
1.14824
1.23674
1.29679
1.29605
1.25703
1.19359
1.14178
1.07102
1.04871
1.06742
1.10629
1.13159
1.16358
1.18544
1.20481
1.17568
1.08687
0.982369
1.12351
1.06851
1.06862
1.06958
1.05042
1.03356
1.02719
1.05471
1.03892
0.977802
0.956333
1.05977
1.28229
1.24923
1.25652
1.22126
1.16549
1.13203
1.1033
1.0818
1.07249
1.08125
1.09497
1.10808
1.19292
1.2278
1.22114
1.19312
1.15826
1.14697
1.1795
1.19158
1.17666
1.14884
1.13301
1.12131
1.15615
1.19292
1.2307
1.20704
1.16676
1.11508
1.07041
1.05847
0.978011
0.899622
0.83594
0.865978
0.951163
1.02589
1.19753
1.19646
1.22648
1.27697
1.26903
1.20356
1.16238
1.19512
1.16849
1.15944
1.16834
1.17162
1.15583
1.12673
1.14342
1.20235
1.20661
1.23237
1.24178
1.30229
1.28048
1.2592
1.20198
1.20545
1.07565
0.983179
0.939369
0.922106
0.948961
0.897724
1.01365
1.04541
1.03281
1.01848
0.960079
1.08287
1.02755
1.07209
1.02062
1.04147
0.995234
0.99131
0.949654
0.879851
0.927087
0.971346
1.02198
1.04712
1.03984
1.05365
1.0666
1.09557
1.11032
1.10314
1.10521
1.14001
1.15528
1.17777
1.13664
1.10595
1.08223
1.06427
1.05199
1.00772
0.936649
0.949292
1.08371
1.14725
1.24093
1.2862
1.24589
1.28817
1.30645
1.3213
1.31029
1.19191
1.07062
0.937409
0.767418
0.693732
0.662823
0.74597
0.849291
0.882782
0.866173
0.888337
0.9447
1.10821
1.19923
1.20003
1.14962
1.11672
1.145
1.15149
1.20929
1.2082
1.20447
1.26218
1.1696
1.36627
1.58137
1.77524
1.85889
1.76978
1.56762
1.37174
1.14812
1.05313
0.96197
0.739609
0.699079
0.668085
0.680232
0.654678
0.690758
0.810419
0.862632
0.839194
0.844254
0.83657
0.987003
0.779781
0.820062
0.847169
0.853529
0.774566
0.916415
0.660306
0.72425
0.805028
0.854272
0.93251
1.10109
1.23398
1.27629
1.39556
1.36597
1.21515
1.09349
1.04714
1.04091
1.03766
0.962236
0.950266
0.935121
0.805994
0.813357
0.881301
1.02605
1.09603
1.08098
1.03962
1.31803
1.48835
1.41976
1.4318
1.34768
1.48671
1.51637
1.78588
1.7405
1.73082
1.60508
1.7379
1.67694
1.65374
1.56805
1.56625
1.4559
1.45738
1.49563
1.31422
1.30436
1.16228
1.05458
0.933789
0.886504
0.847141
0.817534
0.780981
0.757087
0.81882
0.917322
1.00402
1.0294
1.10531
1.02201
1.05784
0.981738
0.955908
0.972132
0.895187
0.905829
0.82296
0.856106
0.871555
1.01265
0.976842
0.99429
0.963246
1.02205
0.940182
0.975528
0.99325
0.996973
1.01546
1.05206
1.09625
1.13934
1.172
1.20985
1.25589
1.28467
1.31791
1.32599
1.30889
1.35125
1.36864
1.42726
1.46831
1.47237
1.28096
1.4399
1.41727
1.38538
1.23627
1.39976
1.32482
1.19365
1.07303
1.05893
1.12605
1.17465
1.14116
1.09646
1.06698
1.11319
1.13495
1.18031
1.19232
1.206
1.21949
1.26719
1.28725
1.3064
1.27371
1.21367
1.15421
1.16929
1.17724
1.19764
1.12729
1.08144
1.04429
0.984439
0.890876
0.772561
0.763054
0.835003
0.730657
0.843145
0.79791
0.930957
0.828424
0.920082
0.950918
0.951369
1.01372
0.954215
0.877374
0.858901
0.901414
0.921153
0.937077
1.0758
0.862146
0.909482
0.940309
0.960584
0.983588
0.937073
0.917559
1.00781
0.965
0.948629
0.93923
0.899083
0.911055
0.952202
0.976218
1.00333
1.09965
1.05246
0.991168
0.90366
0.996895
0.965565
0.83797
0.830355
0.880905
0.806393
0.75272
0.732326
0.724314
0.812715
0.887168
0.770129
0.769947
0.73235
0.692366
0.698187
0.624351
0.581928
0.657439
0.783296
0.866011
0.860774
1.01164
1.04704
1.00678
1.02329
1.04028
1.07223
0.957085
0.900127
1.02247
1.04635
1.0668
1.00777
0.906582
0.793034
0.822195
0.916627
0.915405
0.953502
1.0522
1.05335
1.01716
1.03917
0.932247
0.764438
0.693566
0.806896
0.886191
0.961944
1.01777
1.03598
0.993793
0.926876
0.954805
0.873569
0.757999
0.68828
0.673675
0.723868
0.784321
0.827614
0.841849
0.799913
0.758401
0.706771
0.693297
0.725723
0.771165
0.764804
0.748735
0.724789
0.729169
0.775144
0.773572
0.785612
0.813227
0.847361
0.896182
0.955915
0.966528
0.954049
0.926356
0.8818
0.898674
0.945169
0.955506
0.949679
0.920576
0.938626
0.935254
0.89361
0.858228
0.811517
0.756932
0.677188
0.616686
0.581549
0.63781
0.789609
0.858163
0.948884
0.891531
0.843682
0.846076
0.905307
0.908659
0.877914
0.803747
0.798582
0.792872
0.804471
0.847885
0.868398
0.899122
0.933314
0.922826
0.93776
0.858672
0.795941
0.798562
0.789598
0.855905
0.800013
0.8539
0.896421
0.88766
0.929438
1.02269
1.03451
1.00603
0.954748
0.922962
0.841495
0.820099
0.784193
0.710793
0.725918
0.781886
0.801045
0.882654
0.95852
0.952502
1.02267
0.990296
1.11842
1.15248
1.17492
1.07513
1.12863
1.03478
1.14642
1.09838
1.13718
1.18312
1.2517
1.28735
1.3184
1.24165
1.07603
1.04562
1.15715
1.22563
1.35152
1.33514
1.2405
1.19073
1.09948
1.06552
1.01557
1.02784
1.00436
0.988485
1.01382
1.01449
1.02435
1.04243
1.12138
1.15052
1.04763
0.998333
0.98183
0.992136
0.983761
0.962345
0.912026
0.944487
0.998975
1.05402
1.11573
1.07387
1.23803
1.11404
1.05452
1.04043
1.0279
1.0481
1.04076
1.06558
1.012
1.05469
0.996909
0.95424
0.956617
0.958454
0.954445
0.931335
0.916279
0.94635
0.923767
0.927538
0.953536
0.978693
0.99837
1.00885
1.04976
1.09027
1.12925
1.15537
1.17552
1.18491
1.18282
1.1788
1.17774
1.18028
1.19005
1.19926
1.21316
1.22028
1.22263
1.21783
1.20004
1.16755
1.12679
1.12213
1.11685
1.10251
1.08516
1.05018
1.01404
1.02147
1.05807
1.06168
1.05186
1.0902
1.0936
1.07566
1.0805
1.01402
1.12042
1.28323
1.43799
1.37417
1.29296
1.24338
1.19763
1.16263
1.22187
1.25664
1.21309
1.13386
1.07416
1.1325
1.31798
1.36809
1.40188
1.35337
1.27557
1.33404
1.29609
1.26441
1.312
1.32689
1.3339
1.30957
1.27068
1.17042
1.09142
1.07057
1.03838
1.06173
1.08919
1.09402
1.12406
1.18499
1.10743
1.06337
1.06073
1.07971
1.14593
1.14041
0.976845
1.06671
0.90993
0.984938
0.91557
0.808385
0.896261
0.784614
0.809405
0.76545
0.826441
0.775341
0.799017
0.874404
0.880891
0.936149
0.991504
1.01906
1.02207
0.984771
1.02467
1.09804
1.14223
1.21625
1.23881
1.22251
1.17041
1.20925
1.22189
1.18418
1.11843
1.06168
1.04264
1.05118
1.04919
1.01382
0.971399
0.942213
0.95161
0.935776
0.88865
0.869494
0.835162
0.845189
0.940668
1.02901
1.03694
1.06751
1.02938
0.977885
0.885594
0.780123
0.76642
0.770404
0.829765
0.882744
0.973013
1.02958
1.10907
1.13393
1.09669
1.07413
0.872543
1.00048
0.954165
0.91212
0.911007
0.869868
0.861286
0.82769
0.63068
0.475648
0.464601
0.509148
0.622385
0.758308
0.809192
0.767246
0.718012
0.753016
0.804448
0.859126
0.917154
0.961601
0.985159
0.980665
0.913783
0.773116
0.971633
0.867087
0.781052
0.72714
0.642424
0.589697
0.409014
0.355833
0.260195
0.198369
0.151876
0.194026
0.194053
0.181566
0.185219
0.146805
0.119707
0.0658584
-0.00565101
-0.0983935
-0.116843
-0.103017
-0.107427
-0.0937589
-0.0645515
-0.0324559
-0.0230935
-0.0251387
0.0731403
0.1571
0.328193
0.425715
0.489535
0.639534
0.693504
0.584711
0.542238
0.575629
0.53344
0.463588
0.584929
0.499056
0.491834
0.563468
0.85876
0.651659
0.772493
0.951815
0.93161
0.806578
0.698685
0.635023
0.631559
0.623683
0.642959
0.622463
0.621037
0.614103
0.605515
0.600102
0.580351
0.559913
0.409042
0.355386
0.370419
0.457262
0.532434
0.533894
0.551709
0.619339
0.661397
0.599078
0.599425
0.631622
0.653289
0.63582
0.64359
0.635835
0.598304
0.665499
0.72688
0.774138
0.69974
0.662163
0.70016
0.851605
0.80494
0.829978
0.813375
0.820107
0.854667
0.872853
0.98464
1.06194
0.975085
1.02501
1.13791
1.18459
1.16654
1.06483
0.957368
0.980515
1.00347
1.0563
0.971234
1.02927
1.03418
1.01234
1.07563
1.11155
1.00272
0.915206
0.952961
0.99286
0.981906
0.973
1.02533
1.06139
0.956561
1.02
1.03572
0.964376
0.970133
0.941666
1.02254
1.18379
1.11723
1.06802
1.06162
1.02804
0.973802
0.933974
0.891156
0.928928
0.935181
0.828489
0.84702
0.921711
0.958757
1.0371
1.08058
1.14531
1.15882
0.994791
0.844243
0.887649
1.28812
1.67591
1.36577
1.15296
1.14699
1.08766
0.985616
0.945594
1.02434
1.1103
1.1009
1.10249
1.16147
1.12784
0.964453
0.823764
0.809248
0.843275
0.804056
0.765605
0.76106
0.811812
0.804167
0.829019
0.830764
1.09865
1.30029
1.12798
1.11212
1.08645
1.12522
1.20057
1.19334
1.10778
0.990812
1.06072
1.07805
1.11906
1.08375
1.04229
1.07423
1.03412
0.937616
0.912585
0.875589
0.868133
0.861394
0.850276
0.858577
0.884975
0.894119
0.914859
0.914332
0.875804
0.870611
0.867194
0.835558
0.82466
0.807733
0.832264
0.802761
0.778686
0.759134
0.736024
0.744874
0.769845
0.803962
0.815196
0.812196
0.938957
0.959264
0.921477
0.947069
0.981059
0.957621
0.970179
0.888259
0.890161
0.934344
0.896646
0.985457
0.97643
0.963644
0.981885
1.00124
0.961635
0.888456
0.935572
0.963981
0.957716
0.906817
0.886132
0.826584
0.852319
0.915492
0.932212
0.864414
0.830286
0.713203
0.745611
0.793354
0.764813
0.812902
0.809972
0.822395
0.833596
0.874329
0.913762
0.882659
0.936924
0.997579
1.00494
0.973132
0.974674
0.960263
1.01094
1.06205
1.04595
0.956741
0.91517
0.863313
0.876741
0.874755
0.812187
0.743301
0.802358
0.822523
0.850318
0.890662
0.866572
0.897788
0.977494
1.00695
1.0593
1.0519
1.02743
1.01832
1.04605
1.01203
0.942287
0.914233
0.927422
0.952876
1.03877
1.22874
1.29715
1.29323
1.3626
1.26264
1.32353
1.29954
1.30958
1.21329
1.1737
1.10667
1.17814
1.11517
1.21387
1.28873
1.12748
1.13654
1.17429
1.1813
1.26578
1.2969
1.25559
1.27463
1.1942
1.1002
1.03009
1.02629
1.06026
1.10232
1.06666
1.05927
1.01162
0.936766
0.8836
0.899654
0.959803
1.0217
1.08562
1.05099
1.01133
1.06113
1.02461
0.952942
0.969513
0.996237
0.985743
1.01856
1.07447
1.15037
1.36171
1.32828
1.33727
1.19383
1.12689
0.942611
0.947557
0.921061
1.09935
1.45794
1.44191
1.73562
1.4595
1.40035
1.30048
1.20044
1.10108
1.02901
1.03276
0.904887
0.909294
0.949061
0.960374
1.05985
1.08553
1.103
1.08964
0.941749
0.962732
0.912014
1.04518
1.00837
1.07334
1.14078
0.978503
1.10562
0.987074
0.966373
0.928681
0.961781
0.984369
0.974356
0.943344
0.874711
0.89134
1.03833
0.982929
1.123
1.06478
0.980192
0.824069
0.76806
0.66354
0.674473
0.791457
0.899247
1.08056
1.3339
1.42568
1.34996
1.37892
1.4421
1.5008
1.3521
1.11964
1.02059
0.91436
0.840507
0.843318
0.876522
0.944139
0.922155
0.852437
0.822203
0.732129
0.625522
0.511706
0.430201
0.503758
0.450398
0.681124
0.526231
0.623149
0.870866
0.67477
0.83099
0.916533
0.967812
1.02514
1.12205
1.11514
1.02735
1.04438
1.04079
0.979783
0.865386
0.885905
0.919257
0.96243
0.995747
1.01935
1.02832
1.00709
0.981205
0.84061
0.704741
0.688278
0.692582
0.652632
0.602449
0.573614
0.53988
0.538936
0.577771
0.639335
0.692445
0.728322
0.73673
0.736335
0.730149
0.728414
0.736715
0.75262
0.782846
0.817275
0.854957
0.889872
0.908788
0.936209
0.957548
0.94176
0.898272
0.892572
0.956529
1.00828
1.13211
1.04843
1.07263
1.0809
1.1467
0.994663
1.00217
1.00755
1.01134
1.03401
1.03943
1.0301
1.03648
1.02503
1.05164
1.08545
1.0639
1.06962
1.10993
1.15927
1.17595
1.18605
1.20144
1.23487
1.28058
1.33091
1.36543
1.35308
1.35692
1.39471
1.4286
1.40811
1.41851
1.39177
1.40121
1.44564
1.37976
1.28935
1.22456
1.19868
1.20804
1.2134
1.23817
1.19971
1.19511
1.20202
1.218
1.2519
1.29616
1.29887
1.27084
1.23641
1.18753
1.10804
1.20618
1.19326
1.13033
1.04579
1.08103
1.17321
1.13253
1.09292
1.10294
1.06792
1.07541
1.10867
1.15445
1.18883
1.18618
1.15971
1.10206
1.03503
0.987204
0.932589
0.878458
0.840735
0.9654
1.11907
1.07001
1.05586
1.02268
1.1027
1.19101
1.18648
1.15719
1.05721
1.01681
0.978862
0.932985
0.937575
0.898431
0.887523
0.920429
0.898117
0.892444
0.870589
0.847837
0.846703
0.846042
0.862608
0.867351
0.881808
0.923025
0.941935
0.973
1.00941
1.05564
1.04123
1.14232
1.25376
1.25404
1.32846
1.32216
1.323
1.27211
1.31727
1.37059
1.27063
1.24744
1.24302
1.15597
1.06589
1.03808
0.995399
0.958807
0.950687
1.05089
1.14476
1.21666
1.13141
1.09415
1.14482
1.13726
1.21121
1.23595
1.09828
1.05405
1.06044
1.00003
0.928606
0.900856
0.88953
0.919111
0.948869
0.913084
0.960246
1.01311
0.955365
0.94472
0.982315
0.924992
0.904772
0.861227
0.783614
0.810025
0.798612
0.827004
0.836014
0.861107
0.866599
0.8712
0.89182
0.926054
0.929485
0.937204
0.931885
0.847699
0.785275
0.747158
0.729435
0.75962
0.727073
0.854831
0.999578
0.831848
0.780363
0.772639
0.643946
0.652144
0.661601
0.650868
0.644327
0.547981
0.589462
0.644733
0.650151
0.641525
0.613005
0.75032
1.01162
1.00403
1.10334
1.16813
1.33786
1.20698
1.09185
0.970008
0.900751
0.880758
0.921102
0.901508
0.834813
0.730319
0.682369
0.659776
0.623635
0.599573
0.603481
0.598166
0.638125
0.699911
0.739709
0.778134
0.821367
0.856146
0.836751
0.814428
0.862999
0.889331
0.892384
0.890053
0.915081
0.930587
0.9463
1.06093
1.16817
1.22025
1.27769
1.26419
1.28914
1.36252
1.40207
1.2963
1.13343
1.17096
1.06888
1.14229
1.32204
1.36194
1.33551
1.32185
1.30423
1.4417
1.4327
1.41568
1.45414
1.39731
1.40962
1.2908
1.20454
1.21264
1.32777
1.44667
1.5247
1.57007
1.53316
1.50611
1.47945
1.45796
1.41725
1.41875
1.39095
1.32661
1.2597
1.18919
1.13957
1.24093
1.33415
1.46263
1.49042
1.3648
1.35518
1.16554
1.02302
1.19685
1.00566
0.990425
0.933155
0.896494
1.04452
1.26307
1.33075
1.33342
1.31369
1.2202
1.22466
1.22839
1.25968
1.21091
1.27785
1.3118
1.28581
1.37164
1.45829
1.40339
1.33765
1.27044
1.2786
1.37521
1.41069
1.31899
1.24673
1.26318
1.29242
1.34331
1.35158
1.34774
1.28933
1.3002
1.35648
1.40373
1.46176
1.4575
1.32917
1.18161
1.22439
1.09141
1.15923
1.15817
1.17504
1.1862
1.13392
1.20788
1.25376
1.30537
1.36875
1.38126
1.38652
1.29555
1.21896
1.23714
1.07257
1.05005
1.03282
1.04726
1.06949
1.19856
1.16937
1.27703
1.19345
1.15897
1.09968
1.09041
1.00768
1.19338
1.12669
1.05174
1.05889
1.06939
1.01001
1.02746
0.908768
0.988654
1.02787
1.07916
1.12082
1.19452
1.31754
1.13304
0.961072
0.772135
0.671323
0.656862
0.497845
0.604438
1.11085
1.18261
1.22676
1.18303
1.08261
1.12291
1.1246
1.10006
1.12174
1.09861
1.02107
0.977059
1.00314
1.07063
1.07502
1.05345
1.00734
1.01101
0.997431
1.03072
1.06473
1.1185
1.18949
1.24892
1.36109
1.48622
1.51753
1.25419
0.826406
0.592547
0.672411
0.546771
0.690367
0.946424
0.654827
0.907324
0.835992
0.655224
0.894002
0.730091
1.00159
0.925081
0.951618
0.874469
0.850655
0.868359
0.862701
0.889202
0.921068
0.917679
0.906358
0.892277
0.857233
0.793178
0.748765
0.70195
0.654397
0.772141
0.712101
0.837983
0.831031
0.954625
1.18681
1.04955
1.04498
1.00432
0.924981
0.832957
0.836513
0.845815
0.838266
0.951206
0.860021
0.935347
0.994513
1.07509
1.11861
1.08133
1.05745
0.898964
0.872156
0.966062
0.878233
0.921176
0.878944
0.848759
0.827948
0.690572
0.470621
0.439838
0.478258
0.566976
0.755235
0.983664
0.664241
0.700175
0.730457
0.796836
0.850959
0.920812
0.96295
0.976365
0.978247
0.915552
0.783587
0.941463
0.856927
0.781513
0.7287
0.632297
0.562291
0.38125
0.340243
0.24529
0.162641
0.117963
0.13903
0.133662
0.124251
0.137038
0.128821
0.113565
0.112008
0.0872178
0.0575485
0.00450622
-0.0712598
-0.144013
-0.165595
-0.158544
-0.188735
-0.203452
-0.166489
-0.12333
-0.0772373
-0.0625722
-0.0814365
-0.0204927
0.0374692
0.152889
0.307059
0.391914
0.440389
0.574676
0.669777
0.654701
0.588966
0.603224
0.625633
0.505884
0.447075
0.548688
0.550869
0.554629
0.509778
0.63125
0.833623
0.748123
0.72472
0.846112
0.958149
0.965971
0.885481
0.792333
0.709452
0.667823
0.640681
0.639238
0.623499
0.612317
0.605227
0.553578
0.519795
0.456965
0.415846
0.39928
0.396165
0.382869
0.357468
0.587757
0.446547
0.507619
0.578752
0.60036
0.561719
0.476924
0.424469
0.403505
0.391634
0.404491
0.417579
0.530715
0.608035
0.595652
0.687009
0.792451
0.792828
0.962539
1.09895
1.01829
1.00892
1.18175
1.28133
1.1721
1.03862
0.936193
0.870239
0.753256
0.720411
0.821423
0.825933
0.820167
0.805248
0.847809
0.787842
0.774326
0.813133
0.836529
0.813207
0.840253
0.848657
0.854222
0.865106
0.865392
0.829231
0.870331
0.883628
0.935055
0.972033
0.959878
0.965774
0.997564
0.949035
1.05493
1.08368
1.0767
1.16046
1.18909
1.14612
1.0849
1.01867
0.897621
0.753784
0.669125
0.6431
0.803575
0.901459
0.989857
0.9994
1.05214
1.1268
1.09232
1.04068
0.965315
0.974595
0.922366
0.950428
0.917091
0.913748
0.950602
0.970775
0.973208
0.878133
0.817851
0.906066
0.901563
0.936992
1.00555
0.92183
0.816424
0.779792
0.764184
0.740421
0.743987
0.746816
0.761467
0.783373
0.798686
0.831031
0.849413
0.868297
0.912313
0.930297
0.946372
0.952843
0.965089
0.980281
0.999955
1.02839
1.07567
1.14505
1.20892
1.18064
1.1207
1.08191
1.09299
0.985501
1.07081
1.14722
1.19317
1.14239
1.07235
1.05923
1.02435
1.00642
0.875329
0.87694
0.850226
0.902298
0.971769
0.975258
1.02646
1.12297
1.0704
1.11901
1.20275
1.18322
1.10792
1.04081
0.992179
0.967928
0.961912
0.990684
0.942076
0.89478
0.835694
0.776327
0.762612
0.719407
0.778179
0.844142
0.715628
0.722273
0.861938
1.02751
1.17952
1.14835
1.07065
1.04887
1.11942
1.17701
1.12148
1.0494
1.14336
1.07589
1.12103
1.03462
1.13074
1.04926
0.991868
0.895127
0.925195
0.916813
0.90751
0.863695
0.882587
0.865768
0.85687
0.815669
0.851682
0.907105
0.932428
0.985627
0.970706
1.01541
0.977428
0.94076
0.88148
0.83181
0.740775
0.709642
0.747323
0.80908
0.89751
0.996102
1.05136
1.0741
1.08503
1.0261
0.905559
0.81061
0.920623
0.917901
0.915315
1.05193
1.09051
1.06599
1.0504
1.00136
0.918841
0.879703
0.911177
0.82617
0.772275
0.796635
0.751732
0.751286
0.741871
0.725273
0.705546
0.727513
0.781037
0.888231
0.992677
0.969414
1.00464
0.924942
0.913941
0.966679
0.989117
0.90449
0.878881
0.886391
0.90452
0.850698
0.836322
0.798805
0.768296
0.700248
0.703024
0.646512
0.648483
0.674267
0.716325
0.707893
0.766624
0.75379
0.780134
0.769218
0.843377
0.840615
0.941243
0.960851
1.01402
1.03292
0.945998
1.06063
1.01585
1.08304
1.05887
1.14024
1.06092
1.11307
1.16167
1.20977
1.25746
1.20633
1.16317
1.26828
1.30488
1.25278
1.22507
1.17479
1.13298
1.14164
1.13536
1.12187
1.10147
1.14248
1.13556
1.23116
1.35504
1.39045
1.26974
1.203
1.14962
1.15355
1.13726
1.12482
1.05115
0.946677
0.781825
0.725534
0.74579
0.817064
0.842881
0.758614
0.623772
0.648329
0.731421
0.817014
0.877993
0.970483
1.05395
0.992593
0.871474
0.760314
0.686845
0.57828
0.597867
0.67917
0.795787
0.810656
0.84901
0.848331
0.846454
0.858811
0.895642
0.876044
0.822873
0.814327
0.834336
0.949405
1.10756
1.2554
1.17833
1.18118
1.13222
1.03319
0.969174
1.01051
1.04633
1.02239
1.0035
1.03513
1.05698
1.0384
1.04006
0.980731
0.915847
0.848323
0.791698
0.697193
0.730185
0.743988
0.779274
0.796972
0.794814
0.810626
0.80441
0.761295
0.71469
0.650592
0.638254
0.633905
0.642943
0.814553
0.919302
1.04555
0.996227
1.01036
1.05984
0.950566
0.85443
0.869177
0.907774
0.906367
0.86323
0.762848
0.653234
0.602613
0.690451
0.771937
0.869818
0.842203
0.795662
0.871998
0.993447
1.07952
1.13996
0.929388
0.8885
0.934412
0.805473
0.787698
0.852895
0.92892
1.00703
1.11605
1.09827
1.06453
1.09896
1.03408
1.04721
1.0488
1.08763
1.04707
0.939777
1.07424
1.04551
0.934181
0.851744
0.830924
0.736228
0.603139
0.591681
0.706888
0.77422
0.8363
0.832903
0.814757
0.799065
0.782081
0.843357
0.943677
0.955191
0.903065
0.776446
0.775385
0.929233
0.882967
0.860371
0.832447
0.807341
0.833282
0.89791
0.892266
0.94891
0.86959
0.806483
0.889346
0.918872
1.01082
1.00961
0.91123
0.82615
0.80725
0.749505
0.72919
0.654377
0.506429
0.484667
0.508314
0.569759
0.761051
0.845471
0.837542
0.764894
0.729895
0.700769
0.807939
0.875909
0.885607
0.729545
0.671038
0.724167
0.77808
0.834067
0.828783
0.804794
0.804736
0.792011
0.792234
0.72938
0.657792
0.624701
0.584597
0.563115
0.734867
0.821542
0.703941
0.705808
0.67966
0.628617
0.595869
0.583173
0.575207
0.56414
0.561126
0.532742
0.526673
0.505983
0.502354
0.498767
0.485635
0.441546
0.416764
0.404346
0.400103
0.385774
0.384272
0.377338
0.358272
0.418343
0.443656
0.491272
0.532388
0.582797
0.632743
0.697474
0.765419
0.812754
0.856296
0.915835
1.02908
1.11366
1.18534
1.24225
1.2885
1.31061
1.33058
1.32827
1.30509
1.24786
1.18462
1.15222
1.14334
1.12039
1.09047
1.05806
1.03231
1.01192
0.987248
0.963002
0.947404
0.933521
0.913734
0.894445
0.872408
0.85093
0.89589
0.945808
1.0359
1.03055
1.1064
1.03808
1.10416
1.03409
1.10734
1.148
1.16361
1.23929
1.25944
1.20708
1.2009
1.17646
1.19765
1.22432
1.27275
1.25584
1.16387
1.10935
1.15492
1.2116
1.24632
1.22629
1.21397
1.26316
1.35024
1.44808
1.52128
1.55751
1.60797
1.61605
1.58288
1.55073
1.54552
1.49522
1.45985
1.4397
1.40866
1.373
1.34674
1.38179
1.43697
1.49247
1.54192
1.57892
1.54971
1.4627
1.40035
1.36651
1.41894
1.49095
1.43567
1.4329
1.43839
1.33534
1.34124
1.49384
1.56211
1.50847
1.43683
1.35648
1.34048
1.35697
1.4196
1.40931
1.36929
1.32733
1.33347
1.37524
1.33437
1.33428
1.37369
1.33776
1.38364
1.43096
1.34297
1.26135
1.24408
1.24797
1.25107
1.27196
1.30963
1.34956
1.38309
1.41047
1.44576
1.47575
1.51587
1.52276
1.51039
1.42402
1.30086
1.26402
1.26501
1.27664
1.28539
1.31692
1.34365
1.34333
1.29737
1.28129
1.37738
1.42492
1.3464
1.27711
1.24286
1.27113
1.28074
1.29836
1.31183
1.30207
1.34124
1.37846
1.29865
1.14832
1.06643
1.12156
1.15099
1.15438
1.10935
1.14708
1.19858
1.24455
1.39758
1.39428
1.40292
1.29129
1.16891
1.14822
1.17779
1.20758
1.24775
1.20936
1.16504
1.13351
1.13199
1.12772
1.15703
1.15082
1.16697
1.18545
1.16651
1.13939
1.13677
1.14992
1.2027
1.31919
1.36582
1.39008
1.33443
1.36459
1.41607
1.45335
1.50257
1.49873
1.46923
1.42607
1.39995
1.33464
1.33881
1.3815
1.35588
1.30071
1.1987
1.09835
1.07294
1.13217
1.20904
1.2356
1.25549
1.26866
1.28527
1.2663
1.24527
1.22931
1.26392
1.2553
1.21006
1.11638
1.08659
1.03932
0.964671
0.92232
0.942918
0.969207
1.01675
1.10351
1.1471
1.18816
1.22034
1.25417
1.20219
1.13843
1.23014
1.26504
1.24928
1.19023
1.1562
1.10118
1.09412
1.07517
1.05163
1.09677
1.17535
1.27704
1.28376
1.32917
1.3153
1.24243
1.1822
1.12653
1.11377
1.15319
1.18493
1.16044
1.10406
1.07954
1.05658
1.06874
1.02716
1.00706
0.955559
0.911992
0.871139
0.856961
0.916325
0.98821
1.09263
1.08765
1.13209
1.02902
0.989072
0.981549
1.15065
1.19653
1.28217
1.28062
1.27557
1.17117
1.0599
0.939807
1.05248
1.16934
1.19194
1.11855
1.08932
1.07748
1.06388
1.10637
1.22534
1.28745
1.34858
1.42714
1.43903
1.47317
1.41087
1.34574
1.30615
1.22173
1.1394
1.1723
1.20891
1.34117
1.30266
1.21535
1.17792
1.15824
1.26183
1.33382
1.27452
1.17134
1.0746
0.993661
0.953346
0.971289
1.01883
1.01553
0.985513
0.962891
0.91945
0.942699
1.01083
1.08363
1.10856
1.1054
1.15835
1.19712
1.21213
1.18383
1.14889
1.11741
1.05011
1.01624
1.00428
1.01263
1.01779
1.02956
1.09734
0.995214
1.05611
1.07799
1.06119
1.08404
1.12361
1.11781
1.09835
1.10022
1.0794
1.09008
1.11484
1.13877
1.19168
1.18957
1.1839
1.13757
1.10131
1.09702
1.14547
1.14754
1.15499
1.1066
1.04857
1.03405
1.16545
1.25172
1.30364
1.32853
1.31532
1.30222
1.22936
1.13541
1.06829
1.03507
1.03661
1.08532
1.11037
1.16002
1.12276
1.15608
1.16202
1.11768
1.03783
1.01736
0.931
1.16081
1.16848
1.10287
1.06451
1.06271
1.06322
1.04225
1.05394
1.07505
1.08718
1.12139
1.13738
1.10876
1.12391
1.12849
1.1254
1.10763
1.08385
1.0424
1.03348
1.01242
1.08719
1.10926
1.07316
1.04258
1.01307
1.02774
1.05218
1.05786
1.10711
1.15206
1.17075
1.12837
1.1202
1.07877
1.10323
1.11011
1.11635
1.1539
1.14062
1.11497
1.08055
1.03553
1.05344
1.02682
1.00905
0.987655
0.955927
0.904443
0.875522
0.959295
1.0365
1.10546
1.17606
1.24635
1.3626
1.44958
1.5606
1.61691
1.63539
1.63824
1.61994
1.59891
1.65473
1.87361
1.85252
1.77375
1.74216
1.84903
1.92125
1.89935
1.7896
1.72013
1.65445
1.62626
1.37766
1.23201
1.06812
1.07953
1.05151
1.03128
0.957277
0.967226
0.947326
0.918495
0.902509
0.861985
0.811535
0.789361
0.755842
0.744777
0.770103
0.81545
0.697616
0.748485
0.631282
0.694302
0.786725
0.659096
0.906275
0.750683
0.855334
0.834559
0.835465
0.846304
0.90689
0.920611
0.926696
0.966425
0.85515
0.871465
0.894739
0.922113
0.942196
0.959543
0.980843
0.99578
0.992787
0.988938
0.985891
0.971692
0.946916
0.920538
0.913469
0.916312
0.928886
0.946885
0.951198
0.928465
0.920536
0.921492
0.935837
0.946461
0.956097
0.95583
0.957324
0.952614
0.916596
0.885388
0.884271
0.919967
0.92157
0.928559
0.91255
0.8948
0.895908
0.871502
0.902175
0.867903
0.887617
0.853058
0.876081
0.883711
0.992002
0.941308
0.908539
0.925414
0.924677
0.87541
0.85155
0.850902
0.845118
0.900549
0.950422
0.996218
1.06321
1.06795
0.980151
1.08008
1.13089
1.19389
1.20831
1.21203
1.18078
1.20374
1.13714
1.09329
1.09977
1.1221
1.1253
1.10178
1.06895
1.06592
1.04467
1.05012
1.01759
1.01311
0.970166
0.910113
0.785994
0.730434
0.7202
0.613817
0.6217
0.664672
0.724081
0.769391
0.754974
0.798188
0.820197
0.92191
0.949919
0.976824
1.0454
1.08644
1.0841
1.02394
0.908684
0.862054
0.869257
0.850543
0.861649
0.868727
0.825358
0.796786
0.748953
0.757958
0.768504
0.828143
0.80964
0.809686
0.745461
0.692944
0.682567
0.726801
0.74771
0.800403
0.892903
0.979362
0.982914
1.00559
1.14013
1.06441
1.11044
1.16408
1.25499
1.22746
1.21655
1.17323
1.10816
1.01085
0.978054
0.958608