834
834
834
834
833
833
833
833
833
833
833
833
833
832
832
832
832
832
832
832
832
1
831
831
831
831
831
831
831
831
831
1
831
1
1
1
830
830
830
830
830
830
830
830
1
830
1
829
2
1
830
829
1
1
829
829
829
829
829
829
829
829
829
829
829
829
829
1
829
829
829
829
829
829
829
1
830
1
829
1
1
1
1
1
1
1
2
1
1
1
1
1
1
1
1
1
1
1
1
1
1
1
1
1
1
1
1
1
1
1
1
2
1
1
1
1
1
1
1
831
831
831
831
831
1
1
830
830
1
830
830
830
829
1
829
829
829
1
829
829
829
828
829
828
1
1
1
828
827
828
827
827
827
828
827
827
827
827
827
827
827
827
827
1
826
826
826
826
826
826
826
825
825
825
825
1
1
1
824
824
824
824
1
823
823
823
823
823
823
822
822
822
822
822
1
1
821
821
821
1
1
821
1
1
1
1
1
1
1
820
1
1
1
1
1
1
1
819
820
819
819
819
819
819
819
819
819
819
819
819
819
819
819
819
819
819
819
819
819
819
819
819
819
819
819
819
819
818
818
818
818
818
818
818
817
1
817
1
817
817
816
1
1
1
1
1
1
1
1
1
1
1
1
1
1
1
1
1
1
1
1
1
1
1
1
1
1
1
1
1
1
1
1
1
1
1
1
2
1
1
1
1
1
1
1
1
1
1
1
1
1
1
1
1
1
1
1
1
1
1
1
1
1
1
1
1
1
1
1
1
1
1
1
1
1
1
1
1
1
1
1
1
1
1
1
1
1
1
1
1
1
1
1
2
1
1
1
1
1
1
1
1
1
1
1
1
1
1
1
1
1
1
1
1
1
1
1
1
1
1
1
1
1
1
1
1
1
1
1
1
1
1
1
1
1
1
1
1
1
1
1
1
1
1
1
1
1
1
1
1
1
1
1
1
1
1
1
1
1
1
1
1
1
1
1
1
1
2
1
1
1
1
1
1
1
1
1
1
1
1
1
1
1
1
1
1
1
1
1
1
1
1
1
1
1
1
1
1
1
1
1
1
1
1
1
1
1
1
1
1
1
1
1
1
1
1
1
1
1
1
1
1
1
1
1
1
1
1
1
1
2
1
1
1
1
1
1
1
1
1
386
1
1
1
1
1
1
1
1
1
1
1
1
1
1
1
1
1
1
1
1
1
1
1
1
1
1
1
1
1
1
1
1
1
1
1
1
1
1
1
1
1
1
1
2
1
1
1
1
1
1
1
1
1
1
1
1
1
1
1
2
1
1
1
1
1
1
1
1
1
1
1
1
1
1
1
1
1
1
2
1
1
1
1
1
3
1
1
1
1
1
1
1
1
1
1
1
1
1
1
2
1
1
1
1
1
1
1
1
1
1
1
1
1
1
1
1
1
1
1
1
1
1
1
2
1
1
1
1
1
1
1
1
1
1
1
1
1
1
1
1
1
1
1
1
1
1
1
1
1
2
1
1
1
1
1
1
1
1
1
1
1
1
1
1
1
1
1
1
1
1
1
1
1
1
1
1
1
1
1
1
1
1
1
1
1
1
1
1
2
1
1
1
1
1
1
1
1
1
1
1
1
1
1
1
1
1
1
1
1
1
1
1
1
1
1
1
1
1
1
1
1
1
1
1
1
1
1
1
1
1
1
1
1
1
1
1
1
1
1
1
1
1
1
1
1
1
1
1
1
1
1
1
1
1
1
1
1
1
1
1
1
1
1
1
1
1
1
1
1
1
1
1
1
1
1
1
1
1
1
1
1
1
1
1
1
1
1
1
1
1
1
1
1
1
1
1
1
1
1
1
1
1
1
1
1
1
1
1
1
1
1
1
1
1
1
1
1
1
1
1
1
1
1
1
1
1
1
1
1
1
1
1
832
834
834
834
834
833
833
833
833
833
833
833
833
832
832
832
832
832
832
831
831
831
831
831
831
831
831
831
831
1
831
1
1
830
830
1
830
830
830
830
830
830
830
829
1
1
2
830
829
829
829
829
829
829
829
829
829
829
829
829
829
829
829
830
829
829
829
829
829
829
829
1
829
1
829
1
1
1
1
1
1
2
1
1
1
1
1
1
1
1
1
1
1
1
1
1
1
1
1
1
1
1
1
1
1
1
1
1
1
1
1
1
1
1
1
832
831
831
831
831
831
831
831
830
830
1
830
830
830
830
829
829
829
829
829
1
828
828
828
828
828
828
828
1
827
827
827
827
827
827
827
827
827
827
827
827
827
826
826
826
826
826
826
826
825
825
825
825
824
824
824
824
824
823
823
823
823
823
823
822
822
822
822
1
821
821
821
821
821
821
820
1
1
820
1
820
820
820
820
820
1
1
1
1
819
820
819
819
819
819
819
819
819
819
819
819
819
819
819
819
819
819
819
819
819
819
819
819
819
819
819
819
818
818
818
1
818
818
818
1
817
1
818
817
1
1
1
1
1
815
1
1
1
1
1
1
814
814
1
1
1
1
1
1
1
1
1
1