1271
1303
1312
1278
1273
1304
1308
1239
1225
1255
1251
1234
1204
1230
1191
1211
1218
1169
1180
1190
1173
1183
1150
1188
1148
1170
1147
1123
1118
1087
1088
1078
1057
1070
1055
1003
1001
992
967
915
924
891
868
849
881
846
845
825
889
886
901
902
885
882
886
895
873
839
839
836
828
833
856
827
890
925
924
948
975
977
1010
1052
974
1009
1004
1021
1050
1109
1101
1115
1050
1067
1085
1085
1138
1108
1148
1159
1125
1146
1138
1181
1181
1151
1206
1141
1197
1230
1238
1202
1243
1217
1229
1209
1194
1170
1146
1148
1143
1136
1139
1152
1161
1162
1173
1169
1124
1120
1168
1182
1161
1223
1248
1247
1237
1250
1232
1195
1201
1215
1226
1232
1190
1223
1244
1240
1254
1192
1188
1200
1197
1234
1219
1174
1201
1162
1190
1201
1137
1111
1070
1021
1032
967
929
896
884
874
851
889
932
963
881
896
883
868
846
873
833
826
866
872
868
898
856
859
870
830
789
863
849
843
842
838
850
854
870
998
1004
1009
1083
1116
1126
1152
1111
967
972
916
882
840
820
751
746
476
501
465
461
450
460
469
457
432
431
397
368
370
353
342
320
304
723
730
696
706
680
703
710
725
1324
1302
1335
1383
1427
1424
1455
1474
980
1002
979
968
1012
999
1003
1016
552
571
555
548
571
553
558
555
497
510
499
485
511
526
556
583
754
761
786
756
764
782
754
766
738
1215
1276
1278
1308
1333
1300
1317
1344
1395
1434
1424
1453
1459
1473
1475
1467
1152
1118
1134
1150
1139
1141
1161
1175
1113
1078
1104
1105
1117
1108
1122
1104
868
864
850
830
819
805
772
773
1177
1186
1160
1152
1115
1150
1110
1145
1203
1854
1892
1960
1931
2029
1996
2007
2060
1790
1807
1833
1815
1818
1834
1826
1845
1098
1085
1090
1070
1056
1048
1061
1029
560
516
534
494
463
485
482
454
1165
1131
1137
1081
1081
1071
1089
1056
909
1694
1643
1703
1671
1723
1682
1714
1735
1894
1895
1918
1943
1889
1962
1967
1999
1184
1191
1188
1180
1179
1177
1141
1153
1003
996
982
974
991
967
953
949
1075
1057
1019
975
939
915
916
894
1071
1079
1089
1115
1086
1067
1071
1058
1051
1351
1396
1363
1419
1379
1413
1380
1357
1190
1151
1152
1158
1175
1158
1144
1159
885
868
857
872
867
886
863
892
829
780
762
763
734
710
648
651
752
692
663
660
619
596
580
591
1176
1141
1144
1185
1223
1322
1346
1422
1390
1172
1171
1152
1076
1050
1048
983
1011
525
525
504
522
543
528
566
536
418
398
391
387
360
315
261
282
631
608
639
618
642
659
669
653
1582
1582
1561
1590
1560
1621
1659
1733
1758
1829
1877
1875
1884
1963
1988
1971
1950
937
901
913
934
925
962
982
977
925
898
898
836
782
759
787
738
1005
995
944
960
956
977
976
940
1283
1254
1214
1235
1229
1232
1206
1199
1389
1459
1437
1459
1443
1497
1448
1473
1452
1248
1261
1314
1315
1328
1310
1332
1323
1204
1223
1238
1259
1214
1223
1221
1229
1146
1138
1122
1114
1138
1074
1048
1053
1124
1148
1135
1128
1110
1091
1121
1099
1656
1673
1724
1783
1841
1874
1881
1915
1770
1782
1823
1832
1847
1863
1845
1849
1828
944
942
940
904
875
865
835
786
422
406
364
381
380
388
381
397
1136
1083
1099
1048
1026
1005
969
977
1549
1555
1566
1526
1526
1502
1565
1581
1683
1691
1710
1715
1746
1756
1806
1813
1800
1303
1274
1332
1325
1338
1344
1350
1351
930
938
923
923
907
903
845
840
841
827
804
818
780
755
737
715
997
995
980
984
1014
1007
1007
1015
1286
1270
1230
1307
1264
1262
1240
1211
1437
1464
1453
1435
1464
1480
1467
1435
1452
1029
970
969
980
946
1033
1121
1179
980
893
968
972
997
930
913
844
1011
1036
1054
1085
1083
1135
1145
1112
1132
1215
1211
1244
1220
1255
1211
1197
1205
1290
1324
1193
1066
1112
1102
1124
1149
1110
1143
1134
1170
1116
1041
1073
1068
1344
1422
1571
1560
1476
1611
1658
1619
1400
1418
1460
1378
1368
1418
1415
1381
1297
1349
1366
1371
1280
1381
1398
1426
1486
1479
1410
1401
1408
1444
1419
1346
1426
1538
1560
1551
1415
1382
1381
1389
1319
1110
1238
1222
1192
1316
1207
1224
1236
1300
1275
1311
1078
961
957
958
930
1067
1059
1069
1045
1099
1274
1417
1408
1493
1414
1400
1369
1344
1330
1302
1313
1217
1292
1282
1337
1327
1246
1010
922
878
861
873
882
913
878
846
872
826
1271
1455
1560
1617
1632
1607
1564
1544
1215
1267
1181
1280
1304
1292
1252
1184
990
802
830
854
891
895
880
898
979
991
1012
1005
1029
1031
991
1025
1025
1013
1047
1019
1050
982
1041
991
1016
899
895
881
867
848
860
867
885
972
973
990
966
985
966
1004
946
1070
1047
1041
1053
1004
1012
1001
921
955
950
890
841
822
798
801
790
985
950
923
862
797
698
674
618
700
644
607
580
540
515
466
443
393
404
375
316
282
269
259
252
260
262
287
253
260
252
253
231
226
211
196
186
170
181
229
265
275
361
388
400
382
413
355
343
346
545
529
527
552
538
508
487
517
560
546
531
537
514
496
492
509
499
516
548
572
569
546
544
550
549
554
526
557
569
581
585
584
597
599
582
601
588
616
598
610
629
603
627
645
644
637
664
687
676
685
670
716
726
739
748
719
735
719
715
728
737
744
789
775
773
784
754
718
753
738
746
732
749
795
751
748
776
785
824
832
876
886
816
851
886
935
962
976
939
933
893
865
879
891
892
865
875
874
851
836
814
772
765
771
752
804
788
936
960
955
965
928
865
828
835
908
862
813
804
824
812
780
798
870
840
819
833
821
805
831
835
845
841
837
834
868
857
866
827
802
813
832
865
859
862
898
934
879
845
875
910
905
899
906
960
917
887
880
866
902
867
842
872
905
830
813
869
817
789
835
820
813
748
714
724
686
679
696
691
707
696
692
709
703
700
728
729
716
711
738
736
727
729
736
735
718
728
714
734
717
785
784
766
795
807
1004
988
1005
1040
1050
1093
1129
1161
1344
1368
1459
1483
1519
1552
1552
1601
1669
1707
1734
1854
1983
2053
2161
2144
2203
2210
2330
2393
2476
2662
2785
2963
3086
3239
3410
3583
3901
3979
4130
4451
4682
4465
4639
4802
4815
4880
4868
5142
5160
4162
4383
4510
4505
4980
4985
5119
5170
4512
4560
4607
4901
5084
5027
5187
5253
5028
5338
5335
5416
5523
5611
5701
5613
5494
5575
5675
5789
5807
5888
5949
5880
5889
5811
5972
5982
6059
6143
6199
6221
6583
6376
6428
6459
6395
6324
6320
6466
6440
6249
6188
6179
6112
6087
5957
5910
5804
5825
5826
5865
5901
5898
5899
5907
5919
5976
5982
5953
6086
6082
6020
6064
5994
5813
5681
5511
5332
5210
5264
5229
5279
5246
5354
5318
5351
5326
5240
5146
5151
5049
5046
4908
4911
4886
4867
4784
4639
4532
4592
4461
4536
4551
4605
4574
4616
4547
4543
4398
4430
4366
4381
4288
4306
4295
4369
4361
4301
4206
4157
4165
4086
3998
4063
4045
4041
4047
3960
3946
3898
3877
3872
3921
3861
3833
3828
3826
3813
3845
3775
3837
3850
3725
3770
3789
3774
3780
3830
3843
3631
3589
3476
3493
3525
3479
3473
3566
3568
3528
3394
3311
3370
3400
3278
3254
3188
3122
3044
3082
3088
3056
3039
2827
3079
3184
3282
3393
3534
3601
3662
3643
3833
3757
3756
3749
3745
3844
3722
3662
3902
4049
4252
4535
4813
4937
5131
5260
5426
5650
5842
6112
6217
6386
6630
6646
6173
6149
6128
6140
6047
6079
6255
6379
6237
6481
6793
6804
6962
7111
7141
7121
7279
6753
6845
6780
6800
6748
6831
6928
7024
6836
6820
6739
6660
6639
6651
6681
6803
6835
6887
7035
6896
6892
6755
6611
6619
6485
6415
6484
6525
6484
6447
6409
6414
6555
6617
6596
6680
6805
6869
7033
6976
6907
6863
6702
6671
6605
6601
6691
6642
6538
6602
6495
6436
6471
6515
6546
6734
6859
7201
7120
7091
7005
6943
6816
6917
6912
6725
6635
6679
6606
6493
6498
6662
6649
7025
7084
7258
7207
7192
7057
7012
6887
6786
6782
6869
6921
6954
6918
6842
6846
6949
6992
7196
7360
7576
7817
7761
7726
7569
7400
7441
7417
7417
7465
7499
7512
7461
7277
7217
7110
7235
7212
7244
7267
7072
7192
7129
7092
6972
6992
6869
6803
6733
6747
6804
6732
6750
6657
6575
6643
6632
7006
7087
7232
7346
7514
7507
7318
7077
6927
6809
6900
6879
7021
7103
7030
7035
6901
6849
6819
6841
6955
7068
7263
7332
7374
7590
7712
7815
7774
7826
7815
7737
7695
7390
7267
7247
7301
7335
7232
7172
7098
7143
7123
7203
7318
7260
7378
7421
7450
7376
7388
7295
7357
7257
7240
7382
7503
7595
7574
7641
7479
7604
7633
7665
7811
7831
7600
7630
7527
7551
7476
7460
7357
7456
7354
7282
7264
7051
6902
6874
6895
7025
7138
7260
7340
7400
7553
7503
7524
7484
7488
7587
7682
7707
7528
7561
7501
7380
7355
7429
7394
7313
7340
7623
7740
7864
7891
7967
7938
7956
7968
8061
8075
8042
8070
8026
7999
7882
7771
7679
7667
7716
7624
7490
7508
7567
7794
7938
7933
8152
8222
8072
7964
7945
7903
7884
7840
7873
7800
7797
7862
8000
8004
8002
7907
7880
7789
7808
7665
7733
7807
7807
7890
7982
7932
7958
7713
7655
7610
7546
7477
7611
7580
7505
7224
7214
7204
7129
7162
7373
7353
7462
7397
7366
7461
7456
7315
7376
7338
7359
7284
7301
7419
7482
7465
7301
7307
7299
7333
7424
7492
7543
7728
7716
7692
7496
7504
7455
7554
7600
7661
7739
7750
7775
7759
7409
7335
7291
7443
7547
7644
7658
7730
7275
7167
7047
6934
6931
6894
6999
7009
6510
6529
6558
6494
6386
6354
6363
6424
6497
6464
6449
6383
6266
6210
6022
6110
6131
6174
6035
6083
6115
6131
6110
6155
6093
5583
5626
5751
5787
5890
5863
5955
5862
6211
6110
5978
5924
5832
5914
5985
6049
6167
6125
5880
5953
5992
6179
6396
6513
6616
6691
6686
6530
6502
6510
6513
6609
6956
6888
6743
6724
6722
6779
6840
6880
7022
7702
7558
7519
7428
7295
7207
7364
7433
7779
7589
7500
7269
7221
7159
7178
7273
7437
7433
7484
7350
7221
7084
6948
6912
6976
6817
6712
6468
6433
6416
6305
6213
6324
6326
6416
6387
6453
6438
6357
6392
6359
6270
6267
6133
5945
5899
5647
5752
5720
5779
5729
5797
5749
5679
5595
5578
5599
5572
5680
5712
5778
5741
5464
5305
5184
4718
4703
4748
4798
4768
4801
4674
4644
4073
4079
4061
4110
4173
4254
4292
4302
4196
4098
4032
4017
3953
3915
3899
3804
3760
3660
3673
3638
3572
3554
3618
3687
3781
4044
4103
4062
3973
3936
3923
3913
3718
3919
3862
3761
3799
3847
3880
3856
3933
4294
4244
4251
4228
4230
4296
4257
4234
4381
4335
4348
4282
4205
4125
4135
4185
4261
4261
4207
4331
4239
4174
4042
4055
4026
4316
4171
4101
3969
4022
4061
4054
3932
4333
4195
4214
4056
4072
3963
3892
3733
3930
3897
3740
3664
3505
3487
3465
3423
3993
4038
3935
3934
3929
3925
3885
3805
4253
4275
4339
4304
4146
3971
3761
3396
3122
2956
2857
2649
2325
2145
2130
2110
2156
2013
2071
2099
2059
2099
2114
2135
2175
2174
2205
2196
2232
2256
2256
2299
2336
1986
2069
2110
2125
2218
2339
2446
2457
1922
1981
1991
2093
2090
2121
2059
2033
1803
1886
1966
1930
1986
2020
1962
2029
2090
1812
1818
1974
1991
1990
2061
2100
2094
1757
1726
1735
1772
1760
1789
1829
1895
1607
1659
1626
1648
1714
1732
1698
1725
1543
1531
1536
1576
1514
1517
1505
1506
1443
1416
1427
1448
1438
1431
1440
1435
1450
1490
1408
1481
1482
1459
1454
1424
1452
1501
1477
1481
1464
1468
1460
1505
1507
1479
1517
1518
1501
1489
1520
1564
1536
1590
1606
1606
1646
1592
1625
1582
1535
1517
1530
1515
1550
1539
1550
1512
1487
1527
1587
1628
1630
1652
1667
1678
1681
1714
1725
1776
1739
1713
1656
1697
1712
1710
1727
1724
1819
1793
1794
1856
1822
1872
1862
1800
1860
1917
1894
1900
1859
1849
1884
1812
1786
1816
1838
1814
1826
1890
1873
1917
1933
1895
1874
1907
1879
1944
2009
2016
2018
2055
2059
2093
2024
2019
2013
1985
1986
2020
2029
2016
2031
2014
2006
1940
1984
2013
2029
2021
2136
2170
2154
2180
2184
2170
2159
2136
2120
2154
2124
2111
2139
2146
2098
2114
2100
2197
2170
2181
2173
2194
2180
2214
2256
2260
2158
2234
2273
2253
2249
2235
2210
2253
2247
2210
2275
2360
2301
2297
2318
2309
2345
2474
2498
2508
2504
2539
2490
2398
2451
2415
2415
2353
2402
2390
2391
2440
2429
2466
2476
2491
2556
2592
2668
2667
2665
2672
2709
2773
2814
2754
2797
2861
2848
2842
2790
2895
2875
2904
2930
3010
3032
3093
3031
3084
3111
3142
3170
3270
3325
3383
3368
3297
3347
3322
3354
3433
3365
3396
3449
3363
3339
3333
3418
3335
3407
3437
3321
3270
3319
3358
3332
3218
3233
3280
3250
3280
3254
3232
3214
3260
3196
3164
3083
3104
3057
3071
3073
3175
3152
3186
3234
3270
3241
3299
3259
3283
3178
3159
3056
3070
2995
2954
2878
2866
2877
2852
2834
2885
2875
2822
2752
2729
2724
2791
2686
2590
2483
2452
2414
2401
2393
2351
2212
2135
2192
2183
2101
2029
2027
1995
1998
1999
1992
1958
1983
1918
1856
1796
1767
1673
1689
1596
1586
1600
1551
1523
1476
1476
1503
1453
1482
1496
1466
1508
1480
1503
1553
1521
1505
1517
1527
1461
1478
1455
1451
1478
1399
1462
1436
1397
1412
1454
1476
1483
1472
1477
1505
1524
1520
1500
1506
1487
1457
1452
1453
1417
1403
1396
1396
1420
1395
1404
1410
1416
1344
1396
1384
1410
1409
1406
1423
1415
1443
1414
1398
1398
1414
1408
1374
1412
1408
1388
1383
1436
1435
1405
1424
1417
1474
1463
1502
1473
1519
1520
1492
1522
1486
1489
1460
1438
1442
1435
1451
1455
1482
1525
1526
1565
1592
1583
1615
1636
1658
1713
1699
1716
1684
1650
1680
1661
1634
1637
1651
1648
1667
1645
1666
1672
1675
1706
1708
1740
1772
1790
1791
1821
1851
1839
1837
1873
1862
1858
1858
1875
1828
1818
1824
1824
1874
1828
1888
1932
1934
1937
1999
2037
2060
2082
2100
2117
2133
2141
2154
2156
2200
2114
2191
2195
2292
2273
2303
2361
2449
2508
2544
2673
2730
2752
2783
2795
2875
2908
3023
3113
3176
3190
3308
3270
3354
3444
3546
3640
3684
3717
3795
3874
3968
3998
4078
4168
4246
4293
4440
4521
4628
4615
4833
4733
4889
4962
5037
5187
5294
5442
5563
5652
5776
5835
5872
5864
5832
5712
5677
5663
5672
5781
5972
6007
6054
6065
6011
6063
6063
6074
6094
5997
5943
5819
5694
5490
5289
5110
4832
4659
4645
4666
4536
4548
4616
4684
4830
4768
4638
4536
4612
4659
4734
4645
4634
4480
4522
4417
4039
3763
3637
3541
3523
3577
3600
3587
3566
3529
3556
3487
3397
3275
3229
3258
3263
3256
3211
3109
3016
2862
2683
2530
2365
2295
2269
2204
2216
2193
2212
2208
2262
2217
2191
2138
2091
2091
1959
1853
1794
1698
1571
1443
1285
1274
1208
1185
1172
1151
1104
1134
1114
1106
1036
1029
1027
938
899
907
931
882
873
861
855
843
805
815
812
817
846
821
830
794
809
790
767
744
771
750
738
729
726
717
717
749
763
759
759
794
763
765
792
772
766
766
780
782
767
761
756
730
739
742
736
739
714
717
744
745
772
754
749
761
776
778
810
807
791
774
765
763
757
723
754
716
734
726
759
737
761
768
770
806
767
787
811
785
753
774
782
753
720
746
769
754
733
750
757
730
742
742
731
747
769
755
795
761
753
742
805
778
802
784
759
766
736
748
757
796
797
804
782
823
825
863
872
886
892
887
873
865
871
906
872
845
834
784
766
777
795
799
748
721
734
697
708
708
732
738
765
764
778
790
805
811
773
770
741
737
758
732
747
764
726
726
722
727
716
727
790
809
826
864
870
843
862
843
805
814
808
796
781
812
790
775
783
772
785
801
803
814
811
844
840
870
852
874
892
888
848
846
844
835
806
816
811
797
830
820
861
854
871
855
912
934
908
931
924
903
921
923
910
889
846
830
848
842
873
860
823
841
885
885
871
876
867
862
899
916
926
889
874
872
892
897
883
870
901
890
931
965
914
958
936
930
951
959
972
934
981
963
990
1003
1012
982
979
994
1000
1022
1016
997
991
974
970
1000
975
1000
977
1047
1056
1053
1083
1066
1107
1067
1092
1046
1026
1027
1012
1049
1011
1025
1037
1018
1009
1010
1000
1038
1043
1080
1053
1092
1108
1148
1150
1174
1119
1125
1122
1037
1048
1034
1032
977
964
989
963
1002
1014
998
992
1019
995
1049
1110
1059
1106
1116
1112
1062
996
961
941
949
929
944
947
936
912
889
936
903
932
926
943
951
1012
972
971
1005
998
985
996
994
953
930
939
930
970
932
871
863
869
882
854
900
917
963
1003
973
998
988
1005
956
939
856
859
856
838
813
793
844
819
849
792
862
844
830
859
892
883
936
936
963
918
928
914
881
844
835
827
823
801
788
774
787
794
808
801
790
791
820
847
797
816
815
854
855
858
843
840
785
789
808
801
813
809
780
784
819
792
814
813
799
797
809
822
839
812
837
775
802
800
797
791
778
783
775
793
810
813
825
802
799
764
849
820
810
839
834
829
830
824
851
810
833
818
841
861
873
873
845
834
849
796
844
850
853
846
846
862
857
825
846
852
816
848
847
865
861
839
821
882
841
843
854
846
869
835
832
864
820
848
849
840
848
863
850
880
857
869
898
894
870
893
885
897
928
907
884
926
888
867
861
878
880
882
871
862
893
895
899
925
938
944
927
944
950
964
963
940
951
977
949
931
961
954
980
974
944
928
940
941
923
941
969
964
926
981
956
982
957
993
976
974
985
963
979
994
1000
986
982
993
983
1006
1001
978
1033
992
988
1007
995
987
1005
992
1027
1012
994
1008
1048
1016
1035
1045
1033
1009
1047
1035
1043
1054
1054
1055
1054
1064
1073
1086
1066
1062
1075
1078
1118
1088
1120
1126
1107
1120
1092
1102
1093
1080
1109
1099
1104
1122
1144
1139
1127
1157
1163
1145
1138
1138
1172
1151
1161
1153
1154
1160
1144
1138
1160
1127
1186
1195
1146
1220
1183
1174
1242
1221
1203
1209
1215
1194
1197
1202
1231
1170
1210
1215
1211
1231
1191
1238
1264
1249
1218
1257
1248
1240
1234
1285
1255
1273
1270
1240
1292
1304
1337
1317
1292
1264
1273
1299
1269
1301
1294
1250
1314
1270
1293
1288
1284
1279
1296
1286
1296
1308
1338
1306
1290
1300
1286
1320
1294
1303
1299
1326
1314
1376
1332
1336
1364
1356
1366
1358
1336
1345
1373
1345
1367
1354
1339
1333
1351
1339
1350
1331
1365
1364
1370
1353
1364
1377
1372
1385
1378
1386
1374
1370
1411
1390
1379
1409
1434
1429
1443
1456
1471
1487
1503
1439
1490
1474
1459
1445
1457
1485
1471
1455
1523
1516
1519
1514
1488
1474
1533
1516
1537
1556
1535
1538
1538
1540
1515
1535
1543
1556
1538
1584
1587
1576
1592
1561
1584
1595
1656
1642
1637
1632
1620
1612
1636
1623
1657
1656
1661
1717
1698
1657
1656
1673
1694
1678
1739
1713
1740
1737
1735
1720
1694
1739
1727
1726
1675
1709
1691
1691
1654
1691
1659
1710
1690
1710
1696
1676
1723
1725
1753
1737
1725
1736
1706
1750
1736
1713
1696
1774
1747
1748
1738
1753
1778
1791
1798
1788
1812
1815
1849
1844
1818
1799
1859
1836
1835
1829
1845
1849
1780
1834
1789
1849
1833
1916
1862
1856
1909
1901
1927
1877
1882
1943
1936
1941
1940
1959
1944
1914
1974
1982
1998
1972
1966
1996
1984
2030
2032
2028
2011
1981
2027
2029
1992
1970
2010
2049
2039
2033
2042
2028
2056
2092
2086
2062
2089
2144
2142
2222
2202
2184
2252
2194
2242
2230
2237
2231
2241
2252
2263
2263
2288
2339
2302
2338
2344
2327
2344
2339
2396
2438
2458
2461
2486
2508
2477
2491
2452
2465
2494
2528
2425
2449
2437
2445
2432
2437
2461
2454
2519
2502
2492
2555
2558
2581
2565
2539
2526
2528
2501
2466
2471
2476
2496
2522
2501
2514
2492
2524
2461
2536
2518
2506
2534
2577
2650
2682
2721
2714
2608
2684
2600
2622
2627
2701
2663
2677
2623
2662
2656
2660
2700
2639
2655
2658
2650
2617
2637
2681
2736
2718
2742
2771
2752
2725
2775
2789
2783
2811
2751
2760
2746
2749
2850
2805
2824
2874
2808
2868
2873
2859
2900
2900
2897
2883
2922
2880
2893
2874
2932
2869
2875
2832
2814
2921
2859
2845
2907
2890
2958
2897
2887
2978
3019
2975
3168
3127
3112
3081
3093
3131
3095
3171
3158
3236
3249
3243
3250
3245
3243
3310
3314
3212
3276
3307
3242
3259
3240
3351
3264
3267
3274
3291
3286
3315
3382
3368
3399
3395
3431
3476
3457
3438
3482
3526
3611
3569
3619
3664
3700
3645
3655
3721
3658
3705
3676
3704
3677
3675
3657
3693
3590
3594
3659
3617
3600
3599
3657
3624
3628
3617
3588
3637
3660
3700
3729
3736
3735
3673
3645
3594
3590
3628
3548
3623
3644
3597
3624
3700
3740
3708
3745
3749
3817
3752
3706
3697
3649
3638
3711
3634
3636
3663
3652
3674
3672
3612
3637
3613
3635
3652
3677
3692
3727
3813
3848
3812
3886
3791
3819
3780
3841
3826
3883
3938
3916
3897
3925
3932
3964
3893
3883
3928
3941
3981
4026
4092
4063
4116
4134
4096
4113
4135
4162
4213
4209
4148
4184
4169
4184
4173
4201
4233
4230
4258
4247
4226
4249
4261
4283
4277
4330
4314
4309
4304
4339
4351
4285
4241
4227
4276
4309
4283
4305
4262
4286
4285
4344
4282
4365
4282
4267
4345
4283
4323
4371
4368
4378
4471
4444
4458
4545
4624
4638
4545
4680
4666
4703
4689
4779
4876
4858
4897
5058
5040
5135
5150
5147
5246
5275
5337
5340
5360
5366
5374
5431
5485
5404
5447
5507
5485
5372
5436
5491
5478
5387
5388
5397
5270
5244
5240
5288
5201
5216
5111
5057
5128
4908
4863
4843
4784
4616
4590
4464
4344
4411
4275
4099
3921
3743
3681
3589
3580
4106
4135
4107
4138
4113
4016
4077
4052
4202
4125
4147
4126
4085
3990
3880
3795
3812
3689
3659
3577
3629
3631
3670
3786
4028
4037
3981
4038
4111
4144
4219
4217
4158
3975
3824
3639
3505
3362
3116
3069
3041
3172
3180
3393
3526
3636
3715
3757
3856
3891
4005
4065
4148
4165
4098
4071
4052
3919
3811
3749
3666
3624
3545
3579
3756
3904
3908
3932
3994
4066
3994
4123
4096
4159
4296
4247
4170
4091
4001
3905
3742
3526
3500
3477
3549
3677
3835
3893
3807
3745
3651
3571
3582
3512
3446
3523
3567
3696
3848
3838
3777
3716
3524
3462
3375
3365
3449
3524
3600
3798
3823
3907
3998
4135
4359
4496
4514
4672
4641
4530
4432
4329
4283
3941
3804
3740
3779
3837
3857
3860
4014
3989
4081
4197
4205
4307
4427
4471
4513
4471
4436
4345
4330
4168
4030
3844
3679
3581
3533
3511
3549
3603
3621
3657
3742
3953
4079
4186
4305
4440
4484
4546
4462
4252
3981
4005
3881
3777
3624
3523
3422
3475
3528
3511
3593
3629
3641
3814
3809
3934
4011
4210
4256
4344
4306
4365
4384
4297
4086
3991
3935
3892
3839
3880
3841
3825
3916
4028
4016
4031
4039
4046
4059
4076
4171
4183
4219
4051
3963
3940
3951
3860
3787
3743
3649
3573
3532
3604
3575
3603
3679
3950
4002
4172
4298
4362
4318
4229
4140
4039
4001
3979
3994
3917
3875
3753
3692
3724
3705
3776
3790
3830
3901
4084
4154
4098
4149
4188
4158
4157
4173
4190
4235
4199
4029
3848
3783
3762
3770
3801
3843
4063
4183
4191
4189
4212
4287
4232
4297
4274
4332
4244
4336
4287
4299
4238
4097
3988
3917
3845
3797
3775
3746
3762
3759
3777
3842
3922
3951
3914
3855
3789
3736
3686
3772
3683
3588
3648
3636
3640
3713
3695
3785
3856
3886
3773
3677
3678
3732
3708
3747
3803
3750
3799
3778
3862
3870
3842
3857
3857
3907
3821
3804
3855
3826
3823
3854
3924
4015
4010
4071
4070
4152
4159
4136
4179
4208
4179
4190
4199
4188
4249
4256
4105
4022
4019
3976
3997
3973
3954
4030
4253
4256
4336
4284
4389
4376
4399
4402
4444
4270
4356
4314
4266
4269
4276
4200
4207
4209
4293
4228
4258
4420
4519
4597
4652
4636
4704
4656
4729
4603
4553
4468
4523
4528
4550
4461
4485
4493
4445
4422
4512
4515
4513
4592
4684
4697
4740
4683
4723
4670
4701
4762
4793
4842
4698
4632
4611
4515
4403
4517
4624
4599
4741
4773
4748
4839
4864
4921
4875
4781
4819
4824
4736
4803
4747
4775
4671
4591
4592
4551
4509
4385
4443
4517
4622
4553
4620
4677
4631
4663
4705
4774
4874
4873
4980
4864
4818
4835
4734
4643
4585
4624
4704
4676
4717
4818
4827
4883
4987
4997
5049
4988
5002
4986
5088
5094
4960
4951
4954
4961
4844
4810
4746
4593
4673
4668
4802
4775
4841
4873
5021
5098
5127
5141
5117
5198
5180
5321
5290
5284
5235
5137
4942
4938
4762
4737
4763
4734
4789
4764
4662
4751
4799
4932
5164
5356
5512
5596
5567
5577
5646
5722
5635
5638
5420
5343
5335
5380
5421
5444
5386
5485
5577
5668
5759
5696
5673
5648
5817
5864
5756
5640
5510
5480
5392
5315
5059
4982
4911
4952
4995
5105
5143
5169
5100
5149
5229
5066
5036
5062
5148
5065
4969
4955
4691
4467
4225
3911
3848
3736
3604
3574
3679
3801
3819
3888
4048
4079
4182
4151
4109
4060
4148
4241
4236
4092
4016
3970
3790
3523
3379
3260
3196
3154
3285
3486
3328
3368
3352
3305
3280
3304
3388
3404
3372
3281
3177
3149
3351
3295
3279
3253
3171
3107
3171
3255
3267
3073
3111
3136
3219
3277
3392
3384
3422
3436
3422
3380
3379
3328
3222
3198
3081
3055
2848
2778
2763
2790
2895
2896
2904
2923
3010
3090
3146
3177
3145
3190
3294
3316
3319
3221
3138
3054
2942
2833
2797
2813
2878
2827
2863
2876
2881
2941
2995
3095
3197
3269
3248
3252
3223
3221
3205
3134
3054
2877
2857
2801
2788
2821
2838
2810
2899
2826
2835
2864
2976
3059
3080
3136
3131
3166
3216
3201
3150
3001
2986
2924
2864
2727
2796
2774
2858
2728
2705
2705
2745
2775
2819
2827
2874
2930
2881
2971
2921
2938
3080
3050
3037
3021
2954
2929
2968
2955
3017
3032
3053
2988
3006
3083
3127
3218
3286
3244
3311
3348
3320
3302
3363
3324
3332
3280
3299
3288
3319
3335
3317
3373
3424
3393
3474
3501
3535
3694
3639
3707
3711
3759
3763
3802
3797
3783
3821
3846
3963
3897
3797
3743
3775
3864
3858
3714
3710
3726
3758
3721
3758
3792
3892
3863
3820
3830
3733
3684
3638
3583
3413
3320
3248
3067
3091
3024
2983
2959
3040
2985
2999
3072
3013
3027
3002
3049
3003
3038
3059
3072
3042
2943
2959
2931
2883
2923
2927
2977
2899
2955
2924
2964
3025
3022
3011
3143
3291
3249
3221
3105
3139
3172
3181
3133
3156
3146
3101
3151
3170
3130
3128
3135
3156
3221
3217
3196
3206
3237
3241
3211
3274
3355
3313
3305
3275
3198
3228
3288
3285
3276
3349
3244
3309
3330
3332
3368
3399
3507
3505
3514
3558
3575
3541
3575
3561
3592
3666
3689
3761
3681
3708
3653
3663
3626
3681
3553
3573
3568
3682
3753
3768
3773
3798
3757
3773
3805
3823
3845
3795
3813
3924
3885
3914
3839
3754
3842
3849
3846
3770
3869
3860
3860
3967
3988
4074
4119
4045
4106
4114
4070
4148
4061
4122
4141
4174
4196
4185
4203
4182
4128
4281
4332
4358
4333
4390
4347
4425
4433
4457
4575
4492
4517
4418
4420
4601
4491
4493
4469
4463
4468
4432
4408
4456
4641
4578
4655
4673
4824
4820
4898
4923
4941
5009
5125
4998
5140
5191
5171
5078
5020
4970
4955
5054
4973
5119
5142
5192
5236
5185
5318
5265
5278
5360
5464
5407
5418
5472
5467
5400
5415
5218
5054
4826
4748
4802
4764
4812
4942
4923
4984
5089
5055
5005
5096
5052
5096
4976
4936
4814
4746
4716
4543
4177
4012
3911
3827
3779
3777
3756
3751
3687
3699
3675
3806
3796
3723
3749
3655
3580
3507
3545
3475
3440
3352
3121
2985
2894
2769
2738
2696
2735
2744
2766
2883
3012
3114
3143
3178
3189
3177
3137
3240
3209
3193
3201
3098
3101
3074
2976
2934
3007
2982
2980
2912
3017
3079
3173
3238
3296
3371
3396
3424
3346
3367
3391
3313
3333
3229
3223
3070
2958
2882
2826
2835
2907
2864
2905
2921
2973
3041
3201
3208
3287
3275
3275
3187
3159
3128
3070
3029
2956
2950
2852
2890
2902
2871
2903
2945
3007
3066
3082
3150
3184
3242
3256
3317
3349
3343
3305
3246
3267
3183
3151
3081
3009
3045
3008
3052
3055
3099
3079
3033
3164
3232
3279
3362
3320
3379
3409
3378
3416
3328
3190
3195
3226
3187
3158
3207
3271
3441
3494
3410
3439
3417
3397
3386
3480
3489
3478
3635
3650
3665
3617
3712
3760
3679
3703
3775
3747
3795
3761
3837
3781
3837
3928
3843
3818
3853
3811
3858
3823
3868
3947
3963
4005
4009
3944
4010
4017
3966
3964
3900
3928
3981
3863
3897
3778
3881
3895
3893
3935
4011
4051
4039
4086
3983
3919
3793
3775
3724
3597
3514
3385
3295
3363
3268
3262
3300
3266
3231
3259
3302
3320
3308
3288
3263
3274
3214
3130
3000
3015
2814
2713
2632
2625
2580
2595
2530
2481
2534
2522
2552
2517
2536
2499
2514
2569
2545
2511
2485
2483
2435
2373
2403
2362
2313
2321
2362
2356
2344
2381
2341
2312
2212
2361
2420
2351
2411
2492
2468
2457
2457
2387
2421
2416
2415
2361
2433
2475
2423
2603
2606
2543
2461
2459
2433
2479
2485
2594
2553
2559
2563
2642
2569
2542
2451
2411
2391
2334
2321
2321
2354
2404
2443
2595
2563
2517
2525
2573
2548
2569
2598
2617
2614
2630
2607
2616
2618
2588
2584
2623
2516
2469
2492
2505
2531
2557
2598
2543
2627
2672
2675
2711
2669
2755
2812
2724
2802
2766
2846
2703
2745
2781
2816
2834
2900
2931
2937
2940
2875
2809
2846
2885
2906
2910
2898
2943
3003
3014
3045
3023
3048
2966
2857
2935
3030
3021
3148
3108
3181
3296
3222
3225
3183
3132
3219
3219
3233
3201
3232
3254
3264
3277
3369
3253
3277
3222
3283
3259
3351
3372
3396
3404
3467
3447
3476
3486
3545
3556
3581
3623
3678
3581
3558
3600
3637
3634
3650
3643
3606
3586
3574
3620
3535
3614
3596
3566
3596
3603
3578
3606
3579
3616
3620
3674
3640
3577
3504
3393
3378
3277
3194
3126
3108
3004
3028
3002
3072
2995
3057
3039
3050
3006
2976
2926
2934
2926
2949
2898
2839
2738
2609
2568
2477
2458
2430
2465
2430
2475
2419
2529
2531
2530
2511
2557
2591
2557
2617
2530
2537
2563
2524
2489
2481
2509
2521
2509
2506
2573
2558
2608
2586
2561
2587
2639
2693
2715
2747
2723
2730
2701
2714
2637
2646
2696
2645
2677
2708
2691
2689
2695
2735
2700
2734
2725
2729
2733
2742
2737
2691
2740
2751
2689
2758
2677
2681
2598
2496
2612
2476
2579
2553
2578
2532
2596
2644
2577
2599
2679
2635
2646
2724
2725
2676
2701
2691
2673
2684
2658
2691
2688
2617
2659
2625
2642
2636
2571
2571
2576
2600
2644
2598
2673
2656
2637
2580
2608
2695
2601
2567
2566
2620
2554
2533
2535
2563
2567
2547
2535
2534
2567
2605
2607
2562
2689
2602
2565
2584
2594
2640
2570
2594
2550
2601
2596
2575
2611
2565
2566
2649
2754
2738
2768
2784
2808
2765
2805
2848
2857
2821
2830
2841
2889
2875
2889
2910
2996
2934
3002
3061
2991
3115
3137
3085
3163
3134
3239
3202
3209
3286
3255
3247
3255
3208
3220
3231
3186
3177
3220
3304
3254
3239
3214
3232
3221
3228
3203
3223
3231
3222
3230
3266
3238
3238
3144
3146
3145
3121
3071
2948
2817
2803
2754
2694
2683
2705
2652
2704
2731
2699
2667
2641
2590
2580
2443
2421
2341
2229
2191
2144
2103
2010
1948
1936
1968
1970
1973
1950
1973
2009
2062
2049
2070
2088
2129
2123
2131
2108
2090
2086
2073
2042
1985
1957
1949
1929
1946
2023
2050
2094
2096
2109
2122
2115
2128
2203
2132
2164
2185
2219
2195
2159
2126
2083
2016
2015
1980
1973
1970
1943
2015
2117
2163
2175
2200
2205
2152
2130
2166
2200
2166
2157
2132
2111
2126
2096
2091
2097
2002
2042
2035
2021
2055
2061
2045
2055
2167
2078
2086
2054
2087
2074
2108
2094
2032
2010
2038
2034
2032
2003
2016
2011
1899
1947
1984
1995
1990
1980
2049
2018
2056
2083
2059
2045
1982
2021
2045
2081
2005
2033
1999
2048
2018
2048
2001
2029
2046
1998
2004
1947
1993
2010
2033
2001
2087
2082
2063
2070
2075
2037
1983
2007
1980
1821
1847
1854
1926
1871
1894
1894
1880
1910
1919
1931
1968
1936
2041
2001
2001
1982
1953
1957
1934
1879
1855
1877
1862
1845
1818
1794
1783
1816
1793
1827
1847
1845
1847
1893
1907
1864
1907
1920
1886
1902
1828
1829
1844
1836
1799
1759
1728
1723
1769
1769
1764
1761
1749
1781
1742
1808
1863
1851
1856
1841
1876
1844
1791
1835
1731
1708
1718
1723
1719
1738
1732
1708
1663
1756
1728
1768
1716
1756
1762
1779
1771
1762
1795
1770
1776
1682
1644
1616
1602
1550
1529
1512
1551
1509
1535
1539
1553
1679
1651
1614
1651
1652
1652
1655
1646
1552
1532
1500
1498
1504
1454
1423
1401
1499
1430
1474
1483
1494
1467
1485
1474
1473
1598
1568
1566
1567
1555
1592
1577
1517
1521
1553
1530
1496
1503
1522
1526
1518
1557
1528
1566
1551
1535
1547
1497
1533
1528
1564
1563
1548
1523
1550
1542
1562
1510
1508
1485
1512
1500
1496
1527
1471
1544
1518
1548
1604
1603
1564
1571
1574
1578
1534
1502
1484
1475
1471
1475
1501
1455
1340
1379
1449
1440
1386
1405
1407
1424
1388
1387
1392
1411
1389
1358
1378
1385
1354
1340
1320
1315
1311
1295
1283
1254
1335
1262
1270
1315
1327
1340
1285
1330
1405
1377
1374
1383
1353
1341
1358
1342
1352
1359
1334
1321
1359
1332
1350
1338
1324
1318
1267
1213
1246
1247
1264
1218
1245
1196
1199
1170
1189
1222
1238
1198
1183
1147
1181
1189
1208
1209
1167
1171
1171
1200
1179
1167
1205
1212
1226
1230
1201
1200
1198
1183
1164
1137
1126
1101
1087
1132
1071
1096
1112
1090
1127
1120
1157
1175
1183
1153
1206
1172
1186
1182
1114
1146
1087
1093
1056
1029
989
999
992
1021
1117
1146
1190
1199
1200
1201
1199
1222
1216
1215
1194
1183
1214
1158
1137
1109
1080
1062
1025
1043
1047
1089
1095
1120
1128
1191
1160
1186
1236
1259
1276
1236
1273
1258
1244
1266
1233
1158
1080
1090
1056
1062
1091
1109
1152
1208
1157
1152
1107
1155
1145
1157
1160
1136
1135
1107
1069
1104
1066
1030
1021
966
989
964
957
981
1030
1037
1100
1096
1135
1129
1169
1164
1179
1159
1128
1117
1089
1110
1062
1047
1037
1050
1021
1047
1067
1053
1090
1091
1121
1100
1100
1126
1169
1191
1161
1112
1123
1091
1127
1079
1098
1054
1055
1037
1072
1058
1062
1060
1082
1051
1059
1077
1050
1063
1088
1053
1093
1116
1095
1100
1056
1102
1071
1070
1026
1100
1081
1073
1068
1058
1050
1090
1042
1044
1001
1088
1112
1110
1111
1114
1155
1139
1173
1141
1119
1167
1131
1138
1143
1179
1186
1184
1178
1240
1227
1254
1238
1253
1224
1214
1209
1188
1254
1267
1211
1296
1285
1342
1307
1315
1384
1391
1397
1412
1396
1410
1411
1370
1393
1287
1292
1299
1328
1347
1327
1319
1286
1314
1309
1307
1322
1335
1330
1330
1347
1344
1318
1327
1370
1352
1304
1300
1414
1384
1399
1384
1375
1396
1353
1395
1414
1457
1457
1542
1521
1510
1510
1465
1504
1536
1537
1542
1530
1493
1516
1528
1521
1551
1566
1576
1612
1559
1524
1521
1527
1473
1459
1495
1522
1512
1502
1513
1509
1525
1533
1558
1483
1561
1534
1499
1477
1443
1429
1422
1404
1408
1391
1398
1427
1407
1466
1453
1527
1517
1529
1569
1550
1608
1607
1634
1596
1650
1627
1655
1606
1605
1487
1481
1439
1401
1400
1341
1372
1427
1470
1531
1608
1613
1588
1580
1623
1625
1579
1638
1631
1585
1566
1579
1584
1539
1496
1563
1524
1626
1667
1670
1740
1715
1797
1891
1937
1975
1969
2020
2013
1983
2010
2065
2003
2028
1920
1950
1920
1968
1996
1944
2027
2016
2114
2135
2127
2176
2159
2095
2074
2109
2088
2025
2045
1944
1940
1863
1893
1852
1850
1812
1820
1779
1831
1825
1920
1880
1818
1879
1894
1887
1866
1885
1904
1913
1799
1778
1727
1660
1663
1628
1667
1634
1626
1683
1726
1703
1767
1775
1764
1842
1809
1895
1928
1925
1997
1957
1861
1868
1791
1732
1721
1687
1670
1660
1627
1682
1703
1739
1738
1800
1811
1928
1944
2011
1992
2065
2091
2047
2002
2034
1963
1902
1911
1893
1893
1870
1922
1951
1927
2005
1992
2010
1999
2000
2071
2091
2071
2036
2055
2067
1974
2019
1948
2006
1903
1909
1872
1921
1936
1924
1943
1987
2008
2033
2138
2084
2144
2174
2147
2205
2210
2185
2132
2106
2058
2028
1941
2030
2028
2003
1982
1959
2033
2075
2084
2080
2091
2140
2146
2182
2198
2208
2160
2190
2122
2059
2012
1980
1968
1938
1936
1963
1935
1970
2057
2064
2099
2172
2155
2168
2179
2195
2292
2367
2321
2286
2199
2146
2084
2080
2004
1975
1951
1950
1947
2006
2018
2080
2152
2079
2005
2085
2168
2164
2175
2208
2145
2100
2033
1901
1817
1707
1684
1636
1615
1572
1625
1645
1701
1806
1848
1898
1969
1916
1976
2017
2091
2095
2058
1961
1892
1822
1762
1698
1748
1682
1725
1710
1748
1868
1911
2004
2061
2151
2301
2437
2362
2443
2257
2279
2180
2090
2062
2061
2061
2026
2081
2074
2095
2049
2037
2097
2119
2126
2408
2460
2528
2587
2517
2480
2381
2299
2412
2407
2368
2336
2253
2235
2231
2292
2261
2201
2224
2253
2249
2293
2283
2324
2351
2256
2270
2308
2279
2324
2288
2327
2299
2247
2173
2229
2277
2291
2292
2295
2371
2275
2281
2317
2284
2326
2335
2331
2288
2386
2363
2352
2353
2268
2226
2207
2230
2231
2262
2213
2202
2230
2275
2317
2320
2328
2348
2390
2433
2423
2528
2529
2529
2500
2519
2540
2423
2409
2411
2440
2404
2402
2397
2528
2566
2588
2586
2562
2639
2636
2667
2639
2591
2589
2575
2493
2498
2450
2436
2355
2326
2275
2223
2165
2171
2150
2158
2096
2093
2070
2075
2095
2095
2067
2029
2117
2087
2039
2020
2048
1997
1972
1935
1909
1921
1873
1924
1912
1906
1901
1908
1873
1823
1860
1841
1816
1806
1809
1749
1677
1707
1697
1658
1703
1648
1624
1654
1567
1578
1618
1633
1615
1632
1643
1614
1646
1633
1675
1677
1670
1680
1693
1640
1658
1691
1694
1643
1659
1684
1664
1641
1694
1642
1605
1632
1640
1705
1709
1686
1657
1674
1706
1669
1698
1690
1733
1677
1710
1665
1728
1707
1660
1736
1738
1768
1673
1691
1683
1738
1750
1765
1745
1751
1792
1798
1864
1915
1904
1965
1881
1926
1932
1918
1893
1925
1938
1919
1888
1929
1903
1900
1899
1959
1966
1924
1963
1957
1957
2021
2041
2038
2045
2003
2074
2067
2015
2046
2110
2105
2121
2147
2175
2161
2239
2193
2253
2247
2230
2267
2233
2224
2211
2137
2130
2068
1953
1944
1948
1938
1972
2068
2147
2128
2179
2233
2305
2350
2311
2236
2204
2146
2158
2117
2046
1991
1879
1806
1771
1668
1703
1696
1682
1665
1715
1731
1740
1693
1743
1922
1889
1869
1772
1768
1751
1834
1765
1650
1557
1530
1558
1602
1610
1594
1412
1361
1376
1316
1307
1265
1294
1321
1398
1400
1394
1281
1221
1169
1056
973
836
850
861
875
892
881
902
883
820
800
826
788
836
836
802
771
814
798
772
729
684
665
647
651
635
642
656
646
648
633
637
616
650
644
672
695
669
657
646
596
556
552
553
555
555
539
536
537
552
538
509
506
482
504
496
512
516
481
504
474
454
465
450
444
454
465
479
486
478
475
487
488
488
491
502
492
511
479
490
490
500
483
549
533
522
559
541
534
546
539
473
499
508
511
538
538
498
564
543
557
526
556
523
515
526
505
503
482
502
524
519
492
515
504
467
483
463
493
485
506
473
480
489
511
501
512
516
507
516
498
510
471
484
487
498
494
475
499
500
480
506
481
492
467
477
472
492
544
535
550
518
535
530
537
521
460
462
461
461
461
459
464
483
536
530
552
524
520
526
545
532
547
502
472
522
510
516
501
503
514
459
477
486
508
492
480
508
528
615
635
644
628
646
678
686
682
650
638
669
671
673
695
702
676
739
745
746
757
739
770
729
756
811
834
865
874
844
823
857
853
902
883
902
891
908
928
869
849
887
827
806
816
837
828
803
836
821
807
856
825
830
839
859
853
825
840
823
807
836
825
843
822
829
887
873
928
942
914
933
955
971
989
971
951
1067
993
1015
1041
1045
1028
1041
1031
1095
1087
1093
1108
1100
1117
1097
1141
1163
1166
1202
1212
1218
1195
1235
1243
1251
1239
1208
1226
1261
1263
1257
1273
1289
1324
1309
1309
1332
1378
1355
1404
1396
1400
1384
1394
1397
1385
1387
1437
1476
1506
1491
1499
1561
1541
1536
1560
1555
1546
1605
1571
1588
1554
1572
1536
1537
1518
1485
1472
1524
1541
1501
1555
1610
1602
1553
1632
1592
1603
1669
1611
1664
1669
1668
1673
1641
1674
1748
1713
1706
1743
1744
1695
1749
1775
1797
1814
1823
1846
1809
1808
1800
1789
1791
1794
1816
1838
1900
1825
1896
1887
1910
1914
1951
1896
1915
1881
1905
1873
1840
1807
1742
1643
1606
1567
1577
1580
1602
1600
1633
1692
1692
1736
1849
1785
1838
1815
1887
1853
1826
1878
1830
1770
1677
1669
1703
1659
1676
1636
1637
1604
1589
1498
1484
1493
1391
1466
1466
1442
1382
1328
1329
1661
1636
1583
1536
1506
1493
1425
1430
1467
1411
1403
1442
1474
1531
1556
1534
1662
1661
1595
1544
1585
1560
1445
1400
1487
1439
1371
1337
1373
1375
1411
1447
1422
1286
1255
1227
1204
1175
1134
1104
1133
1189
1186
1168
1087
1006
959
966
976
941
931
950
894
930
943
915
880
880
868
833
857
844
806
794
838
887
861
822
777
767
786
808
805
814
773
779
774
741
733
685
687
663
705
651
688
693
678
666
649
656
720
696
709
697
726
744
743
745
717
686
727
700
708
739
746
782
815
800
798
781
773
770
773
799
795
814
836
866
891
885
874
879
857
888
909
888
885
888
872
877
895
913
882
914
871
870
867
872
877
876
844
893
911
950
953
955
954
972
959
953
939
931
934
921
929
874
886
862
877
911
890
915
924
883
936
943
983
971
969
999
995
1028
999
983
972
1011
985
975
927
932
932
984
978
1043
1010
1020
1050
1058
994
991
1007
1037
1045
1018
1027
1001
1040
1043
1047
1022
1058
1095
1135
1135
1114
1148
1124
1187
1131
1148
1165
1180
1166
1219
1182
1179
1144
1179
1131
1139
1168
1197
1168
1230
1219
1206
1251
1277
1276
1205
1224
1240
1259
1264
1267
1263
1267
1276
1225
1221
1213
1212
1205
1262
1257
1171
1228
1228
1249
1275
1277
1293
1291
1294
1268
1275
1295
1261
1268
1301
1283
1338
1309
1328
1367
1381
1381
1390
1365
1408
1442
1449
1483
1497
1466
1486
1536
1529
1509
1538
1483
1522
1478
1498
1557
1522
1485
1532
1566
1605
1543
1584
1571
1598
1654
1583
1601
1628
1668
1617
1711
1700
1755
1731
1749
1721
1757
1772
1716
1764
1721
1757
1748
1737
1748
1748
1749
1780
1736
1792
1786
1828
1856
1850
1845
1829
1859
1792
1744
1801
1775
1727
1831
1751
1802
1896
1880
1894
1891
1916
1982
1977
2009
2027
2119
2074
2106
2069
2128
2134
2110
2061
2106
2095
2160
2115
2133
2124
2149
2136
2288
2238
2205
2253
2214
2265
2244
2280
2295
2311
2223
2211
2287
2314
2304
2365
2339
2343
2350
2416
2386
2353
2385
2371
2452
2422
2414
2411
2396
2383
2381
2404
2395
2439
2495
2556
2531
2563
2600
2541
2595
2535
2603
2632
2598
2611
2644
2646
2607
2620
2569
2587
2586
2668
2653
2679
2720
2688
2734
2723
2772
2695
2759
2755
2807
2729
2727
2762
2688
2647
2578
2493
2475
2435
2524
2500
2524
2504
2526
2525
2529
2480
2410
2453
2445
2500
2417
2369
2390
2383
2280
2188
2098
2000
1950
1863
1809
1857
1893
1966
2076
2048
2043
1965
2027
1980
1987
1975
2007
1992
1944
1950
1896
1777
1615
1542
1513
1524
1528
1589
1561
1580
1511
1507
1475
1435
1446
1426
1464
1404
1494
1427
1403
1344
1282
1142
1089
1075
1023
1048
1037
1063
1064
1101
1123
1136
1067
1011
1025
1104
1121
1117
1097
1090
988
924
907
887
890
853
912
876
904
839
841
872
891
819
840
832
897
943
929
881
825
845
838
857
815
885
899
917
933
957
999
1042
1010
895
880
895
910
920
981
968
973
946
1029
1055
1043
1018
1035
1027
1042
1042
986
1013
1026
1030
1046
1062
1061
1106
1165
1148
1120
1121
1117
1100
1033
1041
1084
1063
1068
1059
1131
1151
1198
1193
1164
1153
1170
1196
1148
1184
1186
1249
1199
1230
1232
1177
1107
1113
1070
1093
1120
1051
1110
1085
1179
1136
1098
1155
1160
1242
1209
1240
1190
1144
1147
1114
1090
1063
1028
999
972
944
957
971
996
967
982
990
1020
1028
1082
1067
1066
1096
1080
1047
1003
987
939
899
909
925
962
985
998
1011
1031
1110
1094
1099
1027
1050
1050
1047
1085
1059
1032
982
1007
996
1021
978
999
936
934
950
901
910
956
983
993
975
1016
982
1128
1095
1106
1106
1114
1120
1155
1173
1110
1140
1138
1172
1156
1141
1157
1165
1085
1075
1083
1081
1146
1163
1176
1143
1166
1263
1263
1234
1251
1274
1286
1301
1291
1223
1239
1260
1257
1232
1227
1200
1219
1213
1188
1136
1177
1138
1125
1069
1079
1222
1174
1196
1225
1206
1240
1290
1241
1205
1206
1228
1237
1256
1236
1271
1241
1259
1418
1416
1381
1391
1390
1384
1449
1463
1337
1337
1399
1386
1385
1405
1444
1420
1405
1396
1418
1441
1435
1480
1479
1499
1552
1574
1586
1609
1618
1601
1673
1684
1623
1605
1672
1643
1669
1672
1682
1731
1818
1812
1836
1856
1827
1854
1854
1868
1881
1871
1953
1921
1953
2019
2046
2067
2050
1966
1947
1938
1944
2034
2095
2132
2120
2248
2264
2284
2230
2273
2387
2356
2369
2348
2340
2337
2358
2389
2385
2367
2374
2452
2522
2550
2606
2551
2554
2578
2618
2537
2548
2582
2630
2631
2705
2679
2756
2739
2347
2338
2391
2388
2407
2489
2495
2458
2580
2545
2557
2587
2546
2603
2561
2588
2554
2594
2521
2535
2529
2508
2564
2510
2560
2577
2486
2548
2499
2407
2283
2271
2235
2197
2133
2140
2188
2250
2295
2334
2377
2331
2318
2289
2317
2232
2248
2199
2145
2216
2204
2139
2039
1999
1908
1874
1924
1930
1922
1932
2010
2062
1988
1992
1908
1879
1931
1901
1890
1855
1814
1742
1604
1656
1572
1524
1507
1523
1506
1524
1538
1338
1275
1316
1270
1253
1239
1260
1313
1380
1327
1341
1319
1273
1147
1081
1045
996
930
896
906
916
917
859
815
816
761
776
756
727
756
729
729
701
725
728
729
711
702
715
716
731
682
663
648
589
598
539
547
550
575
591
590
556
574
554
586
594
592
601
583
625
574
586
573
561
594
572
558
591
570
593
609
602
599
600
553
574
557
549
561
582
601
585
581
591
599
588
619
585
583
591
595
608
607
599
604
588
537
549
538
520
535
537
570
574
562
619
601
608
598
577
605
603
630
643
682
679
644
633
629
607
566
610
580
576
594
572
619
615
611
617
636
606
617
607
598
602
585
581
528
481
488
447
461
431
424
431
440
422
428
421
424
445
424
443
483
452
459
472
484
426
427
390
387
483
504
507
465
493
483
485
487
476
484
478
477
460
489
460
443
356
352
346
334
333
372
323
344
350
362
361
365
352
360
382
392
412
405
388
417
412
402
411
412
410
418
400
431
437
439
455
449
448
464
480
469
459
467
491
519
497
480
510
507
474
453
484
497
481
479
467
451
464
496
529
525
526
531
546
563
574
564
541
516
500
363
616
610
563
614
608
636
605
616
476
448
463
493
472
495
474
506
572
567
576
553
554
540
534
560
541
550
587
604
625
614
624
616
604
597
606
610
603
606
608
612
947
918
980
911
952
969
961
966
791
823
803
836
857
855
879
884
909
1032
1024
1048
1041
1052
1021
1013
1020
1155
1166
1206
1247
1281
1279
1334
1338
1343
1303
1280
1288
1304
1335
1362
1371
1726
1700
1668
1651
1623
1611
1647
1649
1481
1508
1517
1559
1615
1594
1576
1573
1627
1631
1610
1630
1674
1694
1700
1625
1619
1770
1777
1801
1829
1798
1822
1900
1858
1751
1750
1770
1803
1799
1791
1819
1809
1923
1894
1909
1892
1815
1780
1748
1785
1797
1790
1876
1928
1980
2019
2047
2009
1963
1999
2057
2033
2006
2014
2031
2034
1963
2007
1957
1923
1904
1843
1875
1916
2002
1889
1854
1844
1791
1808
1853
1798
1825
1818
1771
1740
1690
1606
1507
1375
1354
1279
1261
1252
1350
1398
1506
1551
1591
1505
1560
1579
1552
1575
1541
1500
1441
1457
1296
1186
1069
1000
971
984
955
984
942
968
992
983
967
1015
1055
1051
1044
1028
1007
992
959
928
908
896
896
886
882
892
850
866
899
892
872
863
882
871
915
868
874
885
965
936
945
917
875
862
860
864
876
888
913
942
898
930
917
905
901
917
964
970
957
947
887
866
879
867
869
858
866
855
889
905
902
870
879
855
855
894
880
891
871
856
847
815
810
790
745
781
751
760
782
789
814
826
843
863
873
838
813
799
825
798
791
746
753
720
726
718
713
676
684
688
709
700
710
727
744
747
762
756
742
761
765
781
763
786
742
734
717
689
693
732
712
790
784
790
839
832
867
905
917
952
922
950
948
944
949
857
859
853
850
787
812
835
833
796
860
893
911
924
948
980
992
1000
970
940
917
874
850
850
813
820
831
805
862
841
840
859
838
882
946
930
961
968
985
985
933
963
938
923
897
905
867
855
874
889
898
892
934
924
941
945
981
1006
998
978
983
956
918
923
901
871
847
819
806
797
849
861
883
923
939
938
974
969
974
1003
963
964
892
885
854
855
831
798
779
762
776
794
782
810
814
818
873
876
896
918
922
935
903
851
850
838
824
778
793
805
777
788
813
838
846
902
893
872
894
952
946
964
963
902
911
863
835
793
759
754
755
768
767
773
790
802
865
874
906
913
938
949
992
972
967
928
902
874
835
811
795
799
794
808
807
875
893
901
917
941
951
950
1015
1003
965
957
970
934
909
882
866
865
859
851
849
877
891
928
948
967
939
949
980
975
982
943
966
916
879
875
870
853
816
822
791
794
815
803
815
813
841
829
844
837
832
823
845
827
801
802
769
757
721
698
694
677
694
715
723
756
800
782
789
832
842
885
879
869
854
853
824
828
807
779
760
741
714
705
760
774
804
802
834
861
889
917
929
891
906
874
905
887
854
838
820
828
796
789
807
832
877
874
908
886
926
923
937
975
959
948
950
883
865
861
808
804
778
747
755
778
767
788
796
840
808
856
858
897
893
896
893
883
864
843
807
829
746
774
754
778
804
781
816
815
859
851
876
899
909
906
911
894
896
883
854
841
831
811
826
836
828
851
850
853
845
825
820
826
837
861
881
890
898
844
844
825
801
766
734
722
719
725
722
746
788
793
793
782
781
797
812
814
855
810
838
818
759
750
727
691
676
707
693
705
696
705
725
737
733
760
759
756
786
782
768
768
777
771
762
749
720
711
709
705
687
714
726
736
745
754
772
780
794
800
813
787
760
779
787
763
709
731
712
707
710
690
693
692
707
707
736
701
736
733
727
746
727
702
674
674
642
640
649
627
653
633
659
634
674
694
711
690
703
687
707
725
723
760
726
732
737
677
650
650
638
652
627
643
635
677
667
676
672
692
720
738
756
753
754
742
706
693
642
624
654
650
621
610
623
640
649
651
643
622
676
674
670
703
699
684
698
675
665
678
644
655
639
642
653
657
662
647
696
653
685
680
711
702
718
696
716
723
720
728
699
686
639
643
666
627
658
676
677
709
712
687
694
678
721
705
725
739
720
746
707
696
672
695
714
713
657
692
691
679
711
737
725
755
740
757
752
760
775
756
779
728
722
714
723
722
704
713
712
760
717
744
778
792
780
832
797
837
813
838
816
824
790
788
776
777
772
744
758
719
734
739
725
757
748
778
779
757
773
771
800
764
768
774
747
781
762
770
767
757
784
766
804
814
829
856
843
874
861
899
914
926
901
899
898
890
881
883
861
869
882
899
874
876
900
877
924
882
922
903
960
962
927
948
945
913
936
914
894
904
917
931
921
941
931
919
945
975
935
993
977
1012
996
1005
994
951
974
973
972
988
984
990
982
1008
992
1032
1030
1040
1022
1040
1057
1073
1041
1058
1064
1058
1054
1069
1054
1084
1046
1085
1048
1074
1091
1073
1100
1128
1113
1141
1127
1124
1159
1092
1095
1104
1070
1100
1110
1086
1096
1124
1107
1098
1108
1126
1123
1116
1139
1173
1147
1166
1162
1186
1206
1201
1203
1272
1247
1254
1260
1180
1184
1206
1203
1219
1265
1265
1287
1255
1304
1300
1334
1350
1311
1397
1376
1373
1341
1299
1303
1288
1306
1292
1298
1281
1262
1249
1226
1241
1287
1319
1343
1294
1268
1316
1311
1391
1352
1376
1391
1331
1360
1341
1328
1348
1351
1365
1353
1394
1427
1417
1419
1414
1453
1420
1418
1444
1437
1371
1481
1469
1431
1486
1472
1437
1482
1502
1457
1476
1459
1468
1447
1475
1505
1478
1520
1514
1559
1506
1519
1537
1505
1534
1535
1487
1498
1526
1558
1546
1518
1564
1549
1614
1581
1641
1616
1668
1691
1669
1656
1701
1677
1693
1670
1639
1667
1632
1664
1653
1642
1685
1618
1652
1611
1646
1658
1678
1720
1699
1710
1696
1678
1658
1714
1714
1708
1725
1746
1779
1798
1757
1772
1770
1765
1773
1763
1773
1778
1771
1771
1797
1835
1782
1827
1916
1874
1897
1878
1906
1924
1928
1930
1836
1878
1871
1871
1927
1943
1905
1916
1819
1875
1809
1852
1840
1865
1815
1870
1964
1959
1964
1958
1987
1938
1946
2010
1918
1909
1875
1894
1978
1932
2007
2022
1992
2011
2050
2025
2028
2009
2082
2047
2066
2065
2084
2109
2136
2171
2151
2128
2120
2184
2157
2220
2168
2161
2208
2187
2208
2179
2178
2182
2163
2169
2191
2235
2241
2034
2074
2131
2136
2082
2181
2136
2175
2214
2210
2175
2125
2137
2198
2181
2180
2231
2229
2222
2211
2275
2292
2263
2301
2229
2240
2256
2279
2262
2293
2234
2307
2253
2358
2336
2305
2318
2302
2311
2405
2349
2377
2417
2380
2388
2455
2441
2483
2503
2405
2478
2471
2482
2470
2463
2497
2476
2594
2629
2592
2606
2579
2575
2616
2612
2523
2562
2548
2572
2585
2571
2588
2632
2573
2622
2639
2643
2620
2586
2607
2684
2646
2679
2653
2707
2678
2696
2741
2796
2783
2801
2851
2781
2839
2858
2846
2815
2842
3031
2976
2920
2953
2948
2936
2966
2908
2931
2991
2973
3011
3043
3053
3062
3107
3010
2990
2981
2977
3053
3078
3007
3040
3094
3048
3097
3134
3161
3201
3194
3239
3291
3267
3284
3329
3336
3332
3402
3418
3482
3529
3560
3512
3512
3479
3457
3531
3544
3552
3653
3669
3617
3712
3731
3734
3768
3791
3852
3863
3939
3955
4003
4043
4052
4117
4045
4102
4104
4099
4136
4200
4165
4096
4139
4165
4256
4222
4300
4247
4269
4388
4337
4412
4386
4375
4318
4340
4306
4320
4283
4230
4266
4274
4342
4451
4411
4575
4579
4515
4659
4641
4652
4715
4679
4692
4660
4658
4552
4444
4350
4304
4374
4418
4338
4291
4373
4440
4464
4595
4566
4672
4708
4760
4777
4820
4816
4734
4684
4662
4666
4708
4744
4575
4539
4494
4547
4629
4632
4664
4738
4827
4862
4850
4931
4922
4953
5089
5136
5087
5098
5103
4921
4848
4869
5013
5017
4974
5053
5071
5072
5212
5216
5140
5156
5174
5242
5214
5296
5279
5309
5248
5368
5343
5224
5143
5131
5199
5190
5217
5237
5244
5260
5282
5299
5357
5335
5305
5222
5215
5247
5283
5261
5181
5127
5041
4909
4841
4836
4899
4863
4838
4940
4971
5031
5045
5061
5016
5111
5131
5167
5091
5247
5107
5159
5038
5016
4899
4841
4735
4709
4838
4866
4911
4938
4974
4978
5090
5165
5173
5270
5310
5344
5359
5304
5275
5291
5221
5126
4939
4991
4955
4913
5002
5064
5091
5095
5201
5229
5201
5297
5310
5322
5421
5466
5407
5421
5357
5319
5144
5148
5154
5158
5204
5221
5373
5533
5566
5526
5589
5795
5910
6035
6068
6202
6320
6216
6158
6239
6092
6166
5950
5799
5730
5684
5680
5635
5610
5642
5660
5618
5522
5572
5551
5696
5784
5948
5989
6143
6094
6110
6174
5993
5902
5783
5830
5600
5467
5512
5542
5545
5737
5786
5959
5955
5955
5919
6074
6142
6223
6232
6121
5989
5953
5715
5482
5314
5233
5339
5467
5564
5610
5709
5778
5888
6170
6168
6202
6162
6189
6123
6162
6118
5991
5908
5777
5616
5503
5397
5391
5333
5536
5650
5646
5745
5672
5777
5655
5908
6050
6169
6277
6476
6622
6595
6589
6519
6501
6203
6122
6020
6092
6100
6353
6383
6339
6322
6063
6050
5979
6047
6045
6017
5981
6001
5890
5733
5567
5447
5263
5208
5060
4925
5114
5050
5147
5333
5247
5372
5447
5536
5621
5701
5734
5725
5868
5842
5885
5738
5459
5363
5438
5539
5517
5623
5705
5791
5902
5951
6087
6135
6124
6340
6438
6508
6354
6349
6254
6294
6248
6162
6233
6165
6097
6098
6313
6353
6343
6459
6648
6593
6465
6530
6562
6642
6705
6768
6843
6806
6476
6454
6325
6128
6173
6195
6315
6369
6438
6467
6577
6661
6697
6676
6721
6816
6937
6975
6983
6899
6905
6811
6694
6465
6321
6120
6157
6112
6077
6021
6070
6054
6109
6049
5960
5991
5964
6131
6275
6280
6207
6323
6287
6209
6057
5973
5837
5806
5793
5803
5940
6006
5937
5999
6083
6029
5867
5991
6203
6298
6246
6219
6289
6321
6320
6177
5950
5823
5733
5713
5674
5765
5895
5978
6076
6010
6080
6106
6050
6169
6213
6235
5982
5959
5935
5726
5487
5254
5062
4904
4993
5055
5099
5147
5318
5370
5430
5397
5339
5389
5552
5538
5581
5670
5643
5713
5683
5231
5118
5007
4936
4924
4912
4886
4966
5373
5497
5586
5726
5596
5652
5753
5776
5833
5855
5938
5937
5827
5740
5591
5481
5264
5132
5078
5070
5239
5144
5218
5410
5812
5815
5917
5911
6012
5995
6016
5913
5850
5797
5623
5554
5433
5428
5339
5258
5311
5232
5264
5421
5582
5621
5656
5631
5511
5479
5464
5458
5315
5193
5218
5157
4968
4822
4708
4635
4633
4570
4651
4655
4697
5069
5289
5361
5475
5603
5666
5756
5805
5820
5838
5798
5765
5521
5486
5251
5299
5265
5254
5247
5278
5272
5358
5326
5481
5464
5529
5516
5567
5538
5507
5391
5342
5204
5124
5040
4924
4782
4741
4723
4738
4832
4939
5090
5205
5323
5411
5457
5522
5593
5570
5573
5585
5474
5442
5348
5149
5014
4880
4755
4749
4801
4839
4860
4821
4833
4921
4955
4912
5006
5160
5330
5327
5308
5251
5232
5284
5049
4908
4711
4731
4646
4585
4546
4545
4649
4789
4818
4968
5066
5136
5149
5282
5213
5268
5262
5177
5166
5015
4908
4802
4656
4595
4645
4701
4887
4944
5048
5148
5128
5144
5222
5236
5231
5238
5283
5246
5277
5196
5045
4974
4947
4852
4739
4614
4619
4753
4791
4790
4810
4730
4743
4777
4824
4956
5030
5032
4984
5134
5096
5060
4997
4959
4886
4871
4951
4953
4997
4894
5029
5177
5221
5174
5165
5194
5247
5325
5366
5446
5426
5454
5450
5328
5319
5313
5247
5350
5399
5346
5431
5479
5481
5514
5691
5705
5738
5745
5729
5804
5750
5763
5825
5846
5794
5929
5802
5724
5801
5859
5831
5880
5919
5983
6017
6055
6080
6067
6007
6027
6010
6118
6083
6054
5969
5942
5872
5844
5728
5751
5817
5660
5745
5744
5688
5750
5753
5792
5705
5629
5722
5652
5650
5626
5582
5501
5479
5334
5220
5114
5050
4862
4833
4815
4862
4760
4772
4804
4850
4949
4912
4948
4975
4983
4990
4809
4722
4816
4739
4526
4380
4284
4215
4170
4114
4058
4051
4168
4192
4202
4083
4162
4084
4003
4052
3942
3849
3784
3712
3642
3565
3461
3290
3203
3181
3195
3156
3197
3176
3147
3258
3259
3289
3290
3352
3368
3414
3403
3317
3264
3227
3204
3146
3123
3080
3128
3069
3049
3082
3146
3043
3084
3095
3187
3172
3129
3225
3158
3223
3294
3260
3246
3191
3270
3245
3207
3186
3274
3303
3336
3308
3327
3351
3460
3378
3410
3451
3426
3420
3428
3365
3407
3411
3405
3409
3450
3455
3470
3455
3521
3475
3514
3475
3491
3478
3521
3535
3444
3477
3388
3442
3384
3356
3361
3358
3331
3328
3271
3192
3176
3158
3064
3162
3142
3177
3155
3149
3196
3200
3227
3156
3201
3179
3199
3142
3098
3096
3056
3066
3083
3051
3060
2987
3010
2945
2959
2978
2950
2995
2985
3018
2970
3056
3018
3009
3005
2977
3022
3004
2944
2945
2891
2876
2891
2828
2772
2812
2880
2851
2958
2994
3022
2987
3164
3137
3140
3178
3139
3150
3181
3119
3176
3065
3066
3096
3077
3095
3101
3019
3101
3144
3162
3203
3233
3265
3385
3462
3462
3429
3384
3296
3233
3177
3171
3099
3159
3136
3090
3112
3151
3126
3179
3196
3164
3217
3294
3352
3373
3423
3340
3385
3378
3329
3296
3288
3174
3083
3099
3161
3128
3150
3242
3274
3279
3194
3256
3305
3396
3442
3412
3453
3417
3398
3453
3419
3400
3424
3415
3367
3339
3311
3384
3349
3428
3506
3532
3591
3687
3703
3703
3758
3759
3760
3766
3728
3820
3764
3732
3674
3671
3701
3744
3757
3840
3831
3820
3842
3904
3941
4014
4075
4076
4059
4049
4069
4063
3981
3904
3928
3877
3854
3829
3828
3882
4038
4063
4074
4151
4173
4116
4242
4233
4297
4345
4327
4210
4194
4129
4039
3871
3739
3652
3593
3549
3619
3646
3676
3700
3876
3914
3963
4082
4218
4148
4108
4213
4175
4181
4188
4147
4022
4042
3944
3920
3984
3896
3955
4089
4129
4168
4298
4479
4535
4622
4543
4568
4577
4578
4604
4570
4485
4406
4291
4210
4226
4216
4187
4124
4265
4246
4486
4536
4675
4741
4742
4762
4886
4892
4778
4676
4680
4566
4544
4323
4297
4219
4090
4009
4045
4058
4114
4082
4108
4111
4155
4230
4271
4301
4245
4224
4151
4053
3959
3698
3560
3469
3397
3276
3154
3340
3339
3461
3533
3593
3661
3682
3712
3733
3793
3839
3876
3806
3865
3795
3699
3625
3493
3366
3371
3344
3342
3416
3457
3482
3556
3618
3713
3860
3853
3852
3733
3763
3638
3669
3626
3613
3610
3490
3472
3417
3406
3529
3575
3658
3617
3843
4050
4122
4190
4000
4055
3995
3939
3881
3908
3906
3816
3664
3453
3410
3386
3328
3304
3375
3428
3505
3570
3620
3617
3712
3743
3822
3927
3952
3927
3924
3919
3774
3701
3589
3655
3539
3440
3421
3386
3422
3469
3488
3529
3624
3610
3742
3841
3791
3711
3757
3759
3865
3810
3794
3627
3557
3474
3348
3314
3231
3312
3397
3592
3674
3917
3916
4031
4076
4057
4054
4129
4120
4175
4098
3958
3873
3695
3649
3478
3488
3358
3342
3399
3457
3557
3664
3713
3857
3971
3978
4035
4049
3989
4012
3999
3953
3963
3899
3885
3933
3762
3822
3850
3972
3988
4045
4009
4073
4155
4250
4290
4259
4202
4199
4117
4126
4082
3978
3938
3848
3785
3669
3593
3600
3529
3615
3676
3645
3689
3764
3714
3803
3853
3790
3815
3727
3740
3697
3647
3613
3558
3514
3449
3389
3354
3487
3624
3528
3685
3794
3937
4066
4095
4136
4163
4212
4278
4273
4228
4079
3956
3781
3752
3653
3608
3542
3628
3610
3652
3718
3702
3719
3681
3710
3768
3789
3958
3927
3912
3767
3757
3794
3659
3703
3640
3608
3622
3691
3722
3733
3861
3851
3805
3922
3984
4013
4013
3981
4117
4101
4136
4074
3985
3809
3623
3552
3460
3344
3368
3373
3448
3523
3492
3569
3621
3709
3776
3826
3903
3760
3832
3820
3699
3651
3567
3492
3374
3353
3329
3403
3482
3665
3676
3738
3783
3829
3797
3861
3835
3817
3720
3792
3688
3678
3554
3426
3405
3248
3254
3257
3326
3423
3526
3708
3871
3937
4005
4038
4144
4148
4198
4257
4158
4136
3977
3922
3784
3738
3692
3599
3545
3636
3680
3760
3887
3977
4099
4108
4195
4203
4245
4259
4300
4243
4185
4108
4018
3833
3665
3580
3647
3623
3656
3744
3791
3872
4016
4097
4282
4377
4458
4505
4552
4485
4488
4400
4332
4176
4136
4066
3885
3825
3895
3952
3959
4021
4146
4265
4303
4358
4467
4481
4649
4570
4557
4574
4581
4501
4466
4263
4132
4101
4037
3940
4056
4061
4191
4307
4427
4486
4503
4507
4622
4577
4498
4355
4238
4087
4122
4074
4093
4029
3989
3908
3898
3917
4015
4083
4261
4500
4599
4722
4735
4844
4823
4857
4797
4800
4632
4488
4379
4202
4023
3829
3544
3494
3541
3632
3827
4074
4243
4462
4799
4985
5239
5326
5184
5088
5034
4861
4732
4608
4526
4378
4275
4078
3978
4020
4076
4170
4184
4244
4403
4347
4477
4466
4468
4511
4457
4461
4472
4505
4468
4339
4267
4051
4001
3923
3946
4048
4128
4220
4413
4489
4614
4618
4632
4776
4922
4904
4967
4886
4898
4891
4723
4651
4464
4641
4634
4752
4695
4705
4725
4837
4781
4712
4656
4613
4650
4515
4538
4476
4435
4473
4408
4244
4113
3946
3754
3723
3770
3752
3797
3778
3810
3863
3832
3866
3816
3957
3934
3894
3833
3784
3684
3624
3617
3402
3345
3287
3313
3305
3358
3428
3503
3640
3782
3811
3887
3996
3983
4010
4040
4087
4082
4021
4007
3897
3770
3785
3640
3552
3530
3475
3606
3699
3796
3878
3966
3906
3901
3958
4017
4026
4061
4003
3975
4031
4059
4020
3920
3780
3758
3764
3728
3679
3706
3741
3821
3865
3956
3974
3994
4061
4089
4068
4062
4080
3994
3924
3877
3690
3689
3658
3604
3536
3464
3590
3486
3438
3494
3566
3619
3672
3730
3765
3822
3833
3828
3834
3791
3696
3587
3525
3497
3478
3584
3494
3653
3693
3750
3666
3694
3594
3585
3526
3505
3604
3539
3550
3570
3447
3240
3263
3077
2952
2907
2972
3025
3103
3099
3320
3358
3392
3484
3430
3553
3572
3572
3536
3555
3597
3511
3337
3168
3093
2958
2871
2783
2632
2689
2613
2601
2768
2799
3054
3114
3216
3243
3307
3336
3374
3427
3517
3559
3606
3623
3635
3706
3678
3720
3689
3788
3804
3926
4022
4003
4022
4053
4036
4007
4043
3989
4012
4009
3975
3818
3687
3558
3496
3578
3655
3635
3646
3651
3716
3802
3713
3751
3708
3652
3628
3679
3708
3670
3592
3567
3491
3397
3255
3188
3232
3230
3211
3391
3430
3435
3447
3404
3472
3442
3366
3339
3292
3180
3209
3178
3190
3227
3229
3199
3150
3095
3152
3169
3264
3247
3361
3323
3264
3319
3418
3436
3464
3406
3352
3329
3245
3153
3002
2892
2719
2564
2415
2349
2255
2131
2104
2098
2080
2061
2160
2112
2025
1987
1916
1928
1880
1852
1881
1838
1755
1648
1573
1502
1474
1472
1429
1502
1491
1493
1496
1532
1475
1502
1486
1632
1630
1636
1579
1570
1613
1531
1487
1430
1427
1408
1419
1429
1427
1429
1459
1491
1461
1488
1425
1459
1407
1416
1443
1440
1560
1537
1568
1553
1541
1558
1535
1514
1597
1599
1616
1624
1636
1667
1637
1615
1712
1728
1678
1667
1679
1653
1716
1705
1664
1639
1652
1613
1619
1582
1574
1601
1642
1645
1660
1631
1646
1662
1673
1631
1610
1609
1630
1605
1636
1638
1720
1684
1634
1682
1665
1688
1669
1704
1730
1700
1675
1742
1731
1766
1733
1684
1709
1704
1659
1666
1670
1680
1635
1621
1604
1580
1554
1640
1622
1593
1585
1607
1606
1556
1584
1522
1521
1497
1455
1480
1461
1468
1408
1410
1365
1342
1344
1304
1276
1291
1253
1275
1214
1231
1195
1180
1166
1170
1179
1177
1221
1195
1152
1150
1138
1175
1157
1183
1140
1155
1206
1213
1261
1259
1243
1230
1220
1197
1194
1169
1185
1164
1130
1146
1198
1188
1216
1171
1185
1173
1197
1233
1216
1227
1154
1160
1157
1144
1136
1135
1137
1152
1158
1146
1199
1241
1270
1290
1288
1254
1279
1263
1238
1278
1325
1311
1321
1217
1259
1254
1284
1280
1332
1293
1293
1231
1239
1230
1291
1239
1205
1194
1170
1030
1028
998
985
1013
1039
1014
1047
1026
1031
1013
1004
1002
1023
1027
1052
1022
948
925
897
848
856
848
851
848
863
861
870
859
884
843
831
845
859
817
842
848
816
837
835
791
752
737
736
736
758
754
768
753
858
856
868
855
848
857
854
842
802
804
780
818
803
775
774
755
784
719
719
745
720
767
783
779
803
836
828
828
801
836
855
863
822
726
725
724
717
730
718
751
738
786
774
783
773
809
815
776
783
732
753
723
741
741
714
734
723
719
715
728
724
723
721
718
706
685
740
746
717
734
745
723
715
722
698
709
680
687
665
668
663
672
680
696
696
724
730
706
706
726
747
756
729
736
745
730
748
729
738
721
709
737
717
694
755
710
713
742
736
763
805
775
797
773
816
733
748
767
754
760
748
764
741
699
690
687
716
705
694
729
754
758
776
764
773
794
767
764
758
697
724
703
695
700
680
669
699
706
722
738
730
741
755
748
775
766
776
785
774
763
773
774
788
784
750
743
737
708
726
771
769
758
754
762
790
787
787
786
777
805
819
813
787
795
784
801
798
780
794
779
794
796
809
804
793
814
785
791
776
825
788
814
798
792
792
814
801
783
815
826
824
794
825
812
811
809
841
825
831
824
846
807
840
846
831
833
847
841
842
809
815
804
803
814
820
817
824
780
802
798
813
833
827
841
840
832
829
812
810
753
758
743
783
758
767
768
762
800
813
811
825
809
822
850
828
865
860
839
842
846
829
832
811
834
796
813
800
835
812
817
824
855
915
917
896
884
889
870
894
867
842
836
854
836
788
814
794
765
792
805
816
823
817
852
880
876
889
876
888
851
881
837
852
845
822
844
846
829
841
825
824
829
781
832
856
828
831
852
876
890
866
904
898
903
890
881
880
846
846
812
846
803
803
811
800
836
831
854
864
891
906
906
963
996
971
1014
1037
1030
1004
1027
1287
1281
1249
1253
1265
1257
1228
1188
1156
1188
1199
1265
1240
1253
1251
1219
1299
1327
1289
1253
1319
1319
1267
1299
1504
1533
1503
1509
1474
1516
1508
1484
1524
1430
1450
1445
1455
1448
1493
1519
1508
1391
1382
1413
1386
1351
1383
1376
1363
1289
1334
1319
1352
1373
1403
1404
1499
1370
1380
1358
1314
1350
1328
1333
1273
1174
1188
1125
1107
1148
1141
1116
1163
1223
1256
1262
1246
1265
1287
1295
1262
1216
1256
1240
1237
1164
1157
1155
1133
1171
1161
1161
1180
1153
1185
1203
1221
1204
1238
1255
1273
1256
1221
1241
1181
1210
1068
1092
1035
1051
1053
1014
1018
1025
1044
1037
1018
1096
1121
1091
1113
1130
1053
1076
1037
1047
1040
1021
997
1021
975
981
986
1000
1015
1002
1030
1023
1030
947
958
958
935
934
959
958
924
979
980
976
989
976
983
959
966
942
960
955
956
938
938
982
918
891
901
935
919
910
909
885
892
980
976
941
963
967
937
954
910
953
906
907
853
869
857
889
858
868
843
847
816
830
825
827
822
852
849
798
796
813
836
852
887
851
809
804
826
831
805
800
795
814
885
906
899
879
877
918
885
898
864
885
857
892
879
879
879
885
871
831
844
814
835
872
815
857
871
904
894
907
909
878
952
940
898
895
903
885
860
902
884
912
902
883
889
904
893
901
902
936
907
892
916
923
941
950
924
933
921
912
921
934
958
961
978
963
979
970
1011
1032
1028
1042
997
1034
994
993
939
958
968
985
1013
1052
1040
1025
1007
1038
1006
1022
1020
1006
1030
1008
1055
1084
1114
1064
1116
1113
1102
1135
1123
1110
1093
1150
1066
1090
1138
1135
1252
1258
1312
1344
1312
1286
1300
1325
1345
1340
1340
1363
1377
1293
1321
1317
1287
1268
1269
1273
1344
1353
1372
1358
1356
1508
1531
1511
1538
1552
1495
1541
1564
1549
1569
1556
1595
1576
1556
1578
1571
1524
1564
1552
1524
1580
1553
1528
1583
1680
1672
1702
1693
1749
1727
1739
1742
1733
1750
1783
1784
1794
1791
1820
1821
1833
2044
2004
2000
2004
2003
2000
2029
2039
2050
2106
2070
2092
2078
2073
2151
2165
2136
2139
2179
2208
2170
2142
2198
2166
2387
2394
2405
2370
2380
2437
2451
2455
2400
2459
2390
2514
2552
2440
2502
2520
2587
2543
2622
2639
2630
2675
2665
2696
2651
2986
2976
2996
3041
3055
3076
3072
3148
3003
3023
3061
3019
3068
3053
3106
3109
3233
3264
3298
3261
3332
3379
3359
3451
3550
3592
3589
3670
3566
3608
3667
3673
3723
3654
3660
3803
3767
3738
3852
3941
3852
4075
4097
4078
4173
4218
4257
4330
4335
4278
4333
4383
4411
4395
4533
4596
4558
4645
4611
4675
4716
4744
4733
4855
4800
5062
5103
5053
5154
5310
5314
5317
5390
5411
5431
5428
5486
5557
5675
5627
5735
5641
5899
5934
5955
5987
6068
6176
6254
6360
6449
6518
6519
6707
6733
6831
6891
7002
6905
6872
6942
6813
6791
6752
6707
6731
6841
6984
7056
7079
7203
7320
7458
7454
7599
7686
7807
7834
7765
7593
7652
7515
7226
7163
7023
7007
6885
6739
6706
6593
6637
6456
6608
6701
6792
6869
6891
6934
7057
7036
7028
6838
6841
6886
6681
6593
6369
5915
5692
5530
5532
5532
5491
5555
5643
5782
5972
5993
5952
5681
5465
5429
5483
5436
5411
5267
5055
4938
4922
4854
4737
4643
4608
4451
4205
4163
4214
4110
4103
4096
4163
4140
3988
3983
3939
3845
3731
3512
3218
3106
2994
2925
2779
2685
2654
2669
2739
2661
2548
2509
2544
2613
2567
2532
2640
2663
2567
2468
2410
2363
2164
2205
2095
2090
2023
2074
2098
2024
2047
2107
2190
2243
2205
2205
2304
2218
2262
2276
2233
2013
2016
1961
2015
2010
1978
2005
2016
2012
2013
1997
1983
1939
2007
1984
1931
1878
1880
1863
1817
1867
1853
1897
1885
1980
1907
1902
1908
1900
1909
1878
1954
2031
2051
2078
2158
2090
2091
2126
2085
2225
2277
2306
2295
2270
2233
2250
2225
2237
2312
2255
2322
2279
2265
2255
2286
2269
2495
2568
2574
2592
2614
2670
2673
2725
2824
2833
2843
2838
2854
2846
2847
2841
2668
2715
2632
2619
2627
2615
2667
2646
2838
2818
2900
2858
2838
2859
2814
2809
2809
2817
2774
2767
2812
2757
2735
2721
2821
2861
2856
2870
2857
2881
2897
2951
2977
2911
2957
2985
3013
2959
2966
2993
2992
2980
2955
2995
3007
3038
2965
3052
3010
3024
3027
3094
3113
3084
3086
3107
3065
3161
3200
3145
3144
3208
3153
3165
3215
3170
3260
3283
3269
3322
3356
3392
3375
3491
3529
3523
3548
3549
3496
3478
3544
3446
3422
3441
3422
3398
3475
3399
3468
3457
3693
3741
3730
3768
3763
3854
3821
3720
3829
3717
3683
3657
3587
3539
3484
3469
3530
3495
3535
3538
3607
3656
3683
3762
3771
3711
3722
3718
3761
3778
3733
3510
3446
3258
3210
3154
3196
3109
3066
3170
3101
3142
3150
3196
3191
3230
3199
3216
3267
3236
3265
3258
3315
3299
3236
3291
3338
3164
3218
3132
3194
3146
3146
3142
3131
3169
3180
3169
3185
3182
3170
3110
3102
3097
3033
3069
2985
2942
3002
2875
2936
2897
3039
2971
2970
2956
2918
2964
2910
2987
3163
3106
3150
3052
3175
3137
3110
3202
3068
3061
3007
3018
3067
3069
3091
3046
3055
2963
3056
3092
3025
2997
2971
3032
2875
2898
2893
2933
2935
2922
2917
2870
2912
3110
3081
3078
3109
3073
3059
3118
3121
3165
3240
3231
3355
3298
3273
3224
3253
3206
3239
3284
3237
3230
3183
3198
3206
3286
3192
3235
3204
3184
3221
3174
3181
3172
3307
3270
3266
3234
3190
3178
3227
3295
3286
3306
3256
3254
3207
3213
3214
3230
3234
3232
3205
3206
3202
3245
3218
3278
3269
3313
3261
3295
3280
3359
3300
3282
3422
3445
3448
3436
3410
3392
3397
3373
3373
3377
3398
3404
3406
3445
3451
3456
3495
3434
3469
3541
3492
3519
3461
3435
3408
3348
3274
3238
3282
3322
3269
3437
3399
3500
3546
3627
3615
3609
3625
3539
3614
3596
3654
3655
3676
3618
3625
3658
3549
3684
3688
3666
3572
3588
3631
3655
3647
3739
3805
3808
3839
3835
3873
3887
3890
4100
4128
4115
4053
4013
4004
3926
3965
3866
3862
3883
3861
3926
4023
4020
4028
4083
3999
4043
4007
4017
4013
3979
3947
3886
4111
4056
4047
4008
3994
3967
3983
3998
4132
4108
4097
4149
4083
4010
4035
3961
3955
3945
3926
3814
3734
3722
3705
3637
3565
3526
3440
3438
3388
3318
3214
3029
3000
3048
2897
2883
2858
2747
2680
2585
2530
2657
2626
2545
2502
2451
2363
2357
2339
2584
2561
2548
2579
2584
2573
2584
2650
2957
2967
3048
3017
2947
3089
3159
3161
3502
3375
3223
3032
2779
2422
2066
1860
2200
2132
2113
2155
2102
2071
2056
2005
2026
2713
2806
2798
2804
2863
2896
2917
2932
2905
2931
2937
2901
2961
3042
2986
2952
2928
2910
3000
2982
2994
3079
3084
3212
3155
3202
3239
3183
3187
3175
3211
3335
3333
3463
3752
4020
4241
4530
4738
5122
4971
5044
5129
5139
5290
5345
5483
5587
5641
5719
5814
5998
6185
6319
6390
6500
6548
6501
6509
6612
6662
6809
6818
6902
6868
6830
6855
6919
7068
6993
7071
7111
7006
7135
7188
7130
7108
7159
7182
7183
7182
7127
7047
7122
7085
7160
7097
6965
6813
6778
6622
6650
6587
6616
6646
6701
6801
6884
6905
6768
6711
6627
6694
6648
6562
6480
6300
6286
6291
6269
6184
6128
6026
5955
5941
5942
5941
5923
5965
6088
6151
6023
6134
6265
6367
6411
6433
6439
6520
6373
6145
5986
5933
5859
5604
5685
5659
5551
5444
5408
5331
5240
5298
5414
5367
5470
5508
5581
5577
5656
5535
5615
5394
5330
5236
5165
5220
5099
4991
4864
4874
4888
4903
4978
5024
4872
4919
4940
4912
4969
4974
5067
5122
5265
5189
5219
5252
5160
5181
5036
5095
5032
4901
4838
4870
4882
4858
4825
4828
4769
4796
4775
4807
4754
4752
4815
4837
4848
4868
4904
4943
5020
4942
4989
4847
4789
4711
4684
4655
4602
4627
4758
4879
4845
4801
4851
4905
4928
4913
4988
4869
4861
4760
4700
4750
4682
4639
4595
4560
4524
4386
4369
4284
4174
4135
4160
4283
4264
4193
4279
4310
4248
4309
4321
4284
4397
4505
4464
4442
4300
4180
4085
4036
3951
3840
3746
3721
3725
3805
3772
3803
3889
3878
3923
4035
4065
4135
4057
4161
4179
4243
4233
4278
4245
4145
4002
3989
3962
3909
3935
3907
3874
3833
3773
3859
3837
3821
3834
3821
3741
3787
3917
3892
3961
3871
3904
3857
3892
3832
3833
3877
3792
3777
3696
3821
3749
3721
3714
3693
3742
3752
3873
3847
3855
3973
4029
4032
4106
4114
4100
4190
4155
4207
4127
4020
3902
3792
3887
3752
3756
3819
3845
3881
3875
3878
4006
3961
4047
4099
4060
4135
4117
4193
4216
4242
4288
4348
4281
4267
4228
4090
4002
3973
3979
3933
3860
3746
3771
3753
3723
3695
3697
3834
3844
3921
3946
4056
4006
4060
4023
4028
4035
4081
4040
4068
4039
4072
4185
4149
4149
4098
4132
4080
4055
4107
4077
4122
4123
4063
4127
4142
4179
4211
4300
4275
4299
4325
4275
4372
4290
4256
4217
4120
4232
4232
4333
4339
4332
4324
4321
4354
4340
4324
4268
4381
4433
4542
4588
4635
4672
4667
4728
4788
4719
4625
4631
4591
4598
4486
4585
4521
4462
4506
4488
4533
4486
4632
4658
4688
4599
4642
4696
4755
4731
4743
4666
4706
4661
4632
4531
4454
4413
4441
4431
4404
4404
4350
4299
4307
4293
4297
4348
4333
4422
4434
4475
4478
4505
4567
4612
4605
4628
4570
4544
4604
4597
4635
4558
4604
4553
4463
4420
4437
4471
4546
4462
4404
4370
4314
4288
4152
4324
4315
4358
4317
4445
4417
4399
4454
4522
4458
4488
4422
4473
4408
4400
4309
4247
4294
4261
4264
4299
4282
4308
4292
4276
4362
4437
4460
4448
4607
4652
4601
4649
4717
4799
4836
4931
4954
4846
4730
4825
4762
4643
4554
4490
4421
4429
4446
4480
4371
4482
4517
4578
4587
4730
4760
4726
4822
4879
4890
4895
4947
4966
4993
4937
4819
4708
4670
4591
4652
4594
4592
4562
4524
4499
4484
4589
4594
4666
4680
4822
4844
4907
5072
5062
5063
5171
5135
5200
5198
5216
5177
5219
5183
5087
5088
5088
5033
5044
4937
4857
4879
4833
4750
4774
4820
4899
4885
4885
4929
5008
5095
5082
5066
5095
5068
5078
5073
5055
5057
4956
4833
4785
4716
4731
4664
4572
4535
4474
4567
4475
4476
4519
4488
4495
4524
4528
4515
4520
4637
4659
4642
4656
4605
4683
4601
4618
4602
4587
4598
4648
4650
4639
4612
4609
4611
4639
4627
4702
4627
4683
4687
4796
4822
4861
4862
4909
4849
4819
4814
4853
4859
4959
4846
4795
4935
4922
4941
4857
4817
4809
4773
4706
4703
4677
4727
4730
4765
4909
4862
4950
4918
4978
5003
5023
5120
5079
5069
4985
4971
4987
5034
5051
5013
5013
5002
4932
4966
4962
4915
4965
4995
4964
4978
5026
5130
5182
5276
5296
5266
5301
5287
5236
5209
5216
5255
5350
5303
5207
5209
5183
5139
5096
5180
5269
5281
5273
5214
5196
5267
5373
5431
5452
5576
5554
5606
5588
5689
5795
5807
5922
5767
5646
5514
5489
5553
5533
5583
5593
5616
5538
5519
5484
5486
5477
5520
5610
5644
5697
5793
5753
5860
5779
5739
5659
5632
5611
5533
5530
5465
5368
5307
5283
5216
5084
5266
5186
5311
5389
5450
5422
5512
5495
5602
5558
5543
5450
5416
5382
5419
5358
5326
5338
5315
5417
5431
5587
5549
5596
5584
5646
5677
5767
5803
5885
6162
6424
6370
6436
6481
6555
6516
6534
6437
6499
6525
6509
6324
6232
6043
5996
5958
5896
5898
5878
5658
5740
5865
5806
5747
5612
5486
5515
5589
5544
5498
5407
5346
5273
5293
5336
5436
5327
5245
5076
5125
5090
4945
4935
4936
4833
4739
4747
4602
4543
4573
4750
4728
4607
4553
4552
4602
4684
4683
4525
4459
4322
4260
4238
4080
3838
3634
3575
3613
3799
3778
3811
3700
3568
3498
3479
3753
3802
3823
3766
3722
3740
3617
3560
3530
3500
3473
3328
3292
3221
3155
3053
3155
3126
3200
3154
3105
3043
2978
2944
2902
3159
3182
3193
3050
2941
2821
2756
2655
2815
2633
2571
2545
2524
2547
2542
2535
2988
3011
2962
2968
2895
2898
2999
2929
3152
3059
2867
2714
2527
2318
2223
2115
2269
2153
2027
1852
1760
1578
1449
1295
1367
1175
1017
941
787
695
615
440
360
401
365
374
345
307
318
324
340
416
428
452
431
403
394
344
315
376
381
381
350
344
332
344
334
384
390
375
365
367
362
343
335
408
394
330
314
290
284
258
264
389
382
362
329
324
319
331
309
299
379
349
353
347
359
358
358
375
416
392
397
404
412
378
367
357
328
291
315
307
293
301
263
253
314
288
267
270
258
257
237
228
582
613
625
670
641
644
659
623
1105
1027
942
913
900
891
884
849
864
1107
1102
1100
1084
1124
1123
1159
1068
1192
1078
1017
1023
958
989
929
873
1013
1069
1034
1032
955
987
996
971
920
991
962
954
946
918
962
972
951
929
878
890
942
977
983
1034
968
986
1014
969
966
980
969
916
916
831
822
784
781
793
747
742
735
593
652
608
584
621
611
587
585
509
497
509
510
528
504
542
555
473
471
457
456
434
445
408
419
387
389
397
425
383
370
346
346
338
336
286
258
255
236
245
224
241
366
374
387
380
402
379
394
372
600
624
624
635
600
629
607
623
645
654
682
701
721
718
702
720
688
678
666
687
653
667
694
677
676
712
739
696
723
763
804
810
799
803
815
862
844
852
817
884
897
915
944
959
959
990
1016
1049
1055
1019
981
981
1046
1071
1134
1193
1191
1069
1114
1093
1120
1140
1212
1209
1255
1068
1079
1171
1293
1408
1434
1527
1566
1285
1353
1452
1467
1570
1576
1667
1726
1720
1222
1245
1292
1311
1365
1407
1400
1409
1046
1036
1029
1022
1104
1137
1191
1236
1080
1126
1153
1125
1166
1263
1362
1394
1268
1262
1250
1189
1202
1171
1142
1089
808
783
744
726
759
732
747
731
616
604
592
599
591
587
562
574
568
1441
1480
1443
1442
1440
1426
1430
1424
1019
1034
977
974
919
891
833
868
632
615
622
587
613
627
593
603
544
549
543
550
524
534
502
475
483
483
497
486
509
519
507
477
488
354
316
318
310
309
305
309
279
365
371
386
389
423
400
425
458
428
471
488
512
534
509
542
530
448
418
424
407
379
381
345
340
338
264
257
231
217
198
166
158
230
232
206
190
184
189
220
215
225
784
872
938
1051
1123
1201
1276
1360
1277
1345
1352
1424
1455
1446
1531
1512
893
942
941
968
955
927
903
845
477
439
389
304
272
260
214
215
750
731
707
703
702
694
735
807
1062
1157
1168
1217
1198
1242
1224
1230
1210
483
526
545
552
559
562
566
514
622
605
578
531
521
496
506
489
587
566
565
574
577
548
536
518
609
584
619
643
683
640
688
709
867
888
916
912
989
986
959
994
1034
1030
1057
1023
1030
1073
1067
1078
1080
1436
1425
1410
1439
1368
1374
1372
1392
1170
1154
1130
1089
1076
1072
1070
1016
649
667
640
614
583
569
545
579
505
520
515
506
574
571
617
630
485
475
476
488
492
465
483
468
447
409
383
343
304
284
256
230
189
214
189
215
211
201
210
216
204
573
547
552
554
545
561
554
544
770
814
853
871
874
873
882
862
514
489
493
500
524
537
526
489
279
278
287
293
303
311
303
293
386
382
367
363
359
361
357
349
354
826
873
919
915
960
968
992
1026
1215
1179
1163
1165
1179
1195
1200
1164
822
811
804
770
781
756
777
764
946
915
852
807
790
762
722
688
623
592
568
543
540
525
503
476
490
533
523
505
511
532
545
537
547
595
603
600
639
659
663
667
686
527
560
544
578
577
596
582
600
510
472
447
406
379
344
329
291
257
240
237
232
244
222
238
233
759
765
781
783
800
841
872
918
950
1092
1134
1199
1247
1303
1318
1330
1364
987
1000
1028
1057
1065
1061
1091
1052
1038
1028
977
953
879
853
845
795
1065
992
967
999
951
957
966
952
1115
1123
1172
1204
1219
1284
1264
1316
880
869
853
870
852
845
792
782
771
333
331
309
296
313
310
279
280
338
338
312
338
326
305
312
312
609
592
558
606
634
687
697
734
760
763
809
870
859
887
872
962
1084
1056
1102
1124
1076
1033
977
1023
991
1173
1153
1108
1109
1055
1051
1032
1055
787
777
766
817
806
792
827
794
768
734
765
762
807
808
810
809
674
692
737
742
761
792
822
798
736
736
681
687
653
631
599
565
401
386
373
345
325
338
279
257
276
307
280
294
280
269
295
303
274
759
782
756
742
774
744
747
716
742
715
725
733
759
728
723
728
519
525
515
490
512
495
502
495
493
533
513
516
502
513
534
511
964
932
905
946
959
986
956
965
966
1001
943
921
947
972
1018
1062
1101
578
564
546
553
544
554
563
546
370
387
406
383
365
378
382
379
430
447
450
483
462
468
433
450
596
565
578
583
572
565
536
523
471
681
631
595
619
631
628
668
716
703
731
725
725
711
681
710
722
750
733
699
650
649
634
636
592
463
467
440
444
408
421
410
400
317
290
297
291
284
294
294
322
386
418
438
453
476
479
517
549
664
366
365
397
410
395
411
427
400
364
338
311
293
292
287
254
246
254
227
214
207
180
149
129
126
625
629
615
620
602
553
589
607
1079
1090
1086
1130
1201
1265
1384
1472
1637
1730
1870
1927
1959
1988
2064
2042
2043
1404
1405
1321
1256
1145
1065
976
923
743
683
627
617
592
540
531
528
934
962
988
990
1028
1121
1202
1216
932
915
914
927
943
930
915
911
441
474
442
460
469
426
400
365
464
474
443
459
440
423
436
419
421
494
492
502
524
535
545
526
529
764
769
796
834
858
839
835
836
916
916
896
905
886
898
898
922
853
867
847
864
838
815
838
877
901
892
931
921
975
1032
1017
900
891
881
831
855
814
812
740
630
689
647
614
665
679
762
761
741
707
503
510
519
462
442
464
484
425
450
451
505
447
439
474
445
463
405
403
385
362
344
365
431
391
484
508
552
576
577
619
636
633
402
386
377
381
350
373
375
355
358
411
427
353
355
362
350
372
356
392
366
360
421
405
395
386
448
548
575
584
599
635
717
708
685
475
426
464
449
414
424
435
460
369
338
347
399
400
404
348
342
315
548
624
569
549
559
555
558
583
432
452
516
569
584
502
474
473
561
490
499
505
527
504
494
521
387
401
395
364
349
322
340
339
412
378
435
453
467
445
475
511
395
406
382
372
342
339
394
356
355
401
458
442
412
419
448
464
473
443
434
392
395
401
384
433
502
668
700
684
715
758
790
825
797
552
560
610
566
536
509
557
521
487
540
544
570
572
538
533
517
718
740
693
727
724
788
845
861
832
608
612
565
603
634
599
608
535
430
395
397
363
351
358
348
336
376
411
455
500
509
566
573
584
626
623
593
582
553
510
455
431
383
396
387
377
386
392
394
398
362
388
408
393
439
475
482
482
522
461
455
430
456
444
412
388
353
351
369
363
344
333
324
337
354
355
398
429
464
472
556
590
618
577
535
515
468
465
438
385
369
340
328
338
343
343
310
312
368
404
437
434
442
435
494
528
632
597
631
548
526
489
475
510
489
493
488
500
486
471
459
478
444
449
475
458
477
504
486
520
516
516
439
441
448
443
446
450
446
453
418
418
406
420
398
425
409
404
400
431
441
429
417
434
435
438