0.537389
0.538479
0.537764
0.537891
0.537789
0.537982
0.537777
0.538011
0.537082
0.537994
0.537842
0.538003
0.537382
0.538106
0.537558
0.5377
0.537801
0.53825
0.53809
0.537994
0.537962
0.538358
0.537683
0.538087
0.537482
0.538043
0.537858
0.537544
0.537894
0.537423
0.538061
0.538124
0.537705
0.537893
0.538353
0.538126
0.53779
0.538308
0.538359
0.537751
0.537771
0.537948
0.5385
0.537748
0.537762
0.53816
0.537606
0.537938
0.538
0.53843
0.537306
0.538574
0.537718
0.537771
0.537681
0.537908
0.537753
0.538768
0.537701
0.538079
0.537497
0.537852
0.537839
0.538139
0.538707
0.537942
0.537907
0.537967
0.538389
0.539017
0.541021
0.539656
0.538241
0.53891
0.53805
0.538891
0.540899
0.541262
0.55057
0.55035
0.548945
0.532927
0.505932
0.415758
0.264528
0.212548
0.250044
0.316556
0.374025
0.42845
0.51419
0.584623
0.632105
0.694122
0.806617
0.958215
1.09395
1.11724
1.21843
1.31052
1.47069
1.54443
1.5902
1.35757
1.3419
1.28655
1.22597
1.12774
0.99732
1.05915
0.930432
0.761985
0.640154
0.569609
0.524694
0.491173
0.413592
0.35877
0.323255
0.301555
0.299155
0.300068
0.292382
0.303998
0.353637
0.442812
0.503172
0.567868
0.660142
0.809006
0.909656
1.08481
1.23773
1.37798
1.50343
1.57494
1.29317
1.32749
1.3425
1.01849
0.997582
0.967159
1.27957
1.19055
1.06206
1.13982
0.954427
0.782095
0.680676
0.546647
0.463719
0.46448
0.431919
0.407174
0.394151
0.369201
0.358737
0.349516
0.341099
0.335111
0.328097
0.323578
0.330429
0.362255
0.418519
0.471588
0.524002
0.558558
0.578345
0.591656
0.599148
0.607968
0.629
0.666116
0.714752
0.758793
0.809835
0.852098
0.893232
0.939663
1.00271
1.09288
1.1489
1.20503
1.29037
1.34322
1.3922
1.38628
1.42181
1.43085
1.22224
1.19359
1.14487
1.35752
1.29116
1.22476
1.10434
1.03851
0.99179
0.979756
0.946423
0.901503
0.857858
0.822545
0.795196
0.816488
0.804394
0.797326
0.817007
0.858558
0.886756
0.907006
0.958913
1.05081
1.10494
1.21313
1.30453
1.29981
1.32716
1.29942
1.23471
1.15378
1.04201
1.09843
0.997449
0.891251
0.806433
0.692238
0.554819
0.467063
0.491536
0.450673
0.404715
0.343303
0.313251
0.311675
0.281937
0.255351
0.212042
0.193257
0.175428
0.169565
0.178897
0.199137
0.250492
0.273992
0.290361
0.300776
0.301174
0.301047
0.297609
0.282831
0.25692
0.203883
0.176063
0.156213
0.144357
0.143319
0.145522
0.14848
0.159063
0.170952
0.178368
0.1658
0.173546
0.161875
0.153041
0.15699
0.164722
0.163535
0.160468
0.161481
0.15934
0.160907
0.159963
0.161234
0.16075
0.161014
0.160812
0.160206
0.160245
0.160186
0.15963
0.159179
0.159808
0.159706
0.159774
0.160423
0.159662
0.160791
0.159421
0.160082
0.159385
0.160209
0.159188
0.160015
0.158998
0.160572
0.159453
0.16013
0.159052
0.159932
0.159214
0.159968
0.159457
0.16004
0.159934
0.160196
0.159971
0.160203
0.159522
0.16059
0.159918
0.161049
0.160058
0.162145
0.163932
0.170059
0.150829
0.176724
0.166439
0.157816
0.167741
0.150388
0.175922
0.19574
0.192678
0.188549
0.171188
0.176908
0.166918
0.160446
0.161258
0.159725
0.158064
0.159898
0.155736
0.163287
0.161701
0.16116
0.16006
0.159693
0.15998
0.1616
0.158598
0.161499
0.158928
0.159693
0.156065
0.160887
0.156278
0.161327
0.163919
0.161358
0.159428
0.15781
0.164132
0.15987
0.158621
0.16066
0.158912
0.160301
0.159373
0.160396
0.159493
0.160992
0.160044
0.160689
0.160196
0.163449
0.158757
0.162515
0.160781
0.15993
0.161532
0.161638
0.159036
0.159101
0.158675
0.16141
0.160544
0.161417
0.161053
0.161721
0.161232
0.161082
0.160891
0.163189
0.159995
0.162551
0.161733
0.161511
0.161684
0.161793
0.161614
0.162232
0.161607
0.162879
0.161867
0.163396
0.161354
0.162717
0.162263
0.162773
0.16308
0.163394
0.163213
0.163755
0.162906
0.164812
0.163001
0.165205
0.164151
0.168355
0.172614
0.17601
0.182278
0.214141
0.27152
0.339263
0.423941
0.541019
0.617262
0.708736
0.644258
0.526885
0.43304
0.46625
0.525385
0.602798
0.681517
0.786141
0.813252
0.777447
0.786004
0.813352
0.837523
0.85656
0.875179
0.894482
0.944921
1.00394
1.07728
1.29217
1.63205
1.54798
1.65534
1.7012
0.820466
0.819031
0.805522
0.737239
0.724176
0.712446
0.757126
0.748219
0.746432
0.748743
0.750314
0.759085
0.699961
0.699225
0.696946
0.802005
0.796709
0.79967
0.847762
0.85003
0.847006
0.845728
0.841187
0.845221
0.94932
0.954108
0.954114
0.956803
0.94708
0.943561
0.985749
0.980759
0.974626
1.39388
1.37636
1.36174
1.22292
1.21336
1.19838
1.23407
1.20722
1.182
1.45887
1.44106
1.42552
1.36791
1.35895
1.34949
1.34603
1.33671
1.32657
1.42555
1.41847
1.40702
1.60368
1.60121
1.58504
1.58249
1.56971
1.57405
1.56479
1.58161
1.58435
1.6021
1.62353
1.66142
1.68759
1.73848
1.75116
1.5227
1.55511
1.58113
1.41288
1.42972
1.43809
1.44539
1.44976
1.45035
1.45624
1.45876
1.46629
1.34993
1.36997
1.38978
1.30358
1.31232
1.31102
1.21187
1.2047
1.2073
1.21208
1.22042
1.22764
1.13948
1.14143
1.14631
1.10836
1.11554
1.1221
1.03235
1.03874
1.05121
0.981774
1.00631
1.02563
0.96967
0.992331
1.01518
0.998744
1.02027
1.03375
1.04284
1.05171
1.05993
1.06487
1.06903
1.07255
1.07415
1.06937
1.06811
1.06566
1.06504
1.06193
1.06087
1.06034
1.06217
1.06523
1.06932
1.07086
1.07371
1.07437
1.07425
1.07499
1.07408
1.07181
1.07246
1.07349
1.07648
1.08532
1.09497
1.1036
1.11403
1.12274
1.13018
1.13814
1.14505
1.14979
1.15214
1.14872
1.15896
1.1612
1.17263
1.18452
1.18758
1.19361
1.18638
1.18464
1.17948
1.19518
1.21413
1.22934
1.23635
1.2476
1.25374
1.26573
1.27161
1.28665
1.29883
1.31312
1.33343
1.34451
1.36566
1.38069
1.39522
1.41263
1.42138
1.43754
1.43824
1.43294
1.4194
1.41044
1.39725
1.38269
1.36765
1.35703
1.35315
1.34121
1.33346
1.32992
1.32565
1.31469
1.30411
1.30179
1.28768
1.27429
1.26828
1.24549
1.23698
1.21714
1.20282
1.18214
1.17089
1.14409
1.11417
1.09049
1.06977
1.05087
1.03169
1.02344
1.00306
0.985645
0.97969
0.969941
0.961021
0.955622
0.946742
0.943693
0.942659
0.953467
0.964244
0.979569
0.9976
1.01305
1.02465
1.04092
1.05539
1.06498
1.05962
1.05385
1.05186
1.04878
1.04893
1.04311
1.03951
1.03
1.02318
1.01514
1.00884
1.00089
0.990629
0.982296
0.978636
0.976863
0.974335
0.974923
0.977173
0.980858
0.985134
0.992062
0.998474
1.00792
1.0133
1.02183
1.03372
1.04585
1.05348
1.06325
1.06822
1.07936
1.08974
1.10305
1.1156
1.1307
1.14507
1.15667
1.16803
1.18375
1.19448
1.20433
1.20942
1.21367
1.21626
1.21867
1.21788
1.22623
1.21677
1.20954
1.20133
1.19402
1.18398
1.17321
1.16069
1.15113
1.14117
1.13232
1.12024
1.11229
1.09991
1.09017
1.07774
1.07412
1.06835
1.06704
1.06512
1.06386
1.06246
1.0649
1.06134
1.05658
1.04909
1.04686
1.04377
1.0409
1.05551
1.05811
1.05871
1.0596
1.05642
1.05868
1.04299
1.04197
1.04258
1.09169
1.08982
1.09064
1.05384
1.04615
1.0425
1.03819
1.03497
1.03256
1.02943
1.02948
1.02915
1.06245
1.05298
1.05287
1.05213
1.04956
1.04819
1.08252
1.08028
1.07849
1.11278
1.11529
1.11397
1.1495
1.14708
1.14826
1.14804
1.1533
1.15186
1.1517
1.14641
1.14576
1.13915
1.13624
1.12915
1.12576
1.12002
1.11859
1.1509
1.14969
1.14804
1.14614
1.15061
1.1541
1.1512
1.14961
1.14839
1.14985
1.14337
1.13448
1.12104
1.11168
1.09005
1.11743
1.1067
1.09447
1.11643
1.10676
1.09623
1.12057
1.10826
1.09664
1.11755
1.10404
1.08576
1.07586
1.06799
1.06348
1.06402
1.06591
1.06824
1.06999
1.07309
1.07318
1.03612
1.03416
1.03385
1.02674
1.02052
1.01936
1.01719
1.00799
0.997403
1.05178
1.04618
1.09052
1.04841
1.08706
1.12214
0.959197
0.943989
0.923009
0.917932
0.914928
0.90797
0.965977
0.966028
0.976085
0.959883
0.980988
1.01427
0.919147
0.971355
1.03137
1.02004
1.0424
1.06092
1.07829
1.10096
1.12329
1.13791
1.14728
1.15033
1.15712
1.16291
1.17351
1.18332
1.20051
1.21158
1.22586
1.23573
1.24301
1.24669
1.25394
1.2461
1.24396
1.23951
1.23506
1.22911
1.22558
1.20842
1.18764
1.16331
1.13932
1.1155
1.09134
1.05791
1.02856
0.998006
0.967784
0.936978
0.908868
0.888747
0.961966
0.949332
0.937241
0.91088
0.897332
0.884607
0.912194
0.90426
0.891818
0.918007
0.906636
0.893131
0.954734
0.940272
0.925396
0.91529
0.901981
0.88496
0.960303
0.942028
0.923679
1.05258
1.022
0.990341
0.959558
0.933071
0.907374
1.06078
1.04351
1.02924
1.06124
1.09601
1.1148
1.10877
1.08147
1.05524
1.04955
1.04976
1.02958
0.963632
0.95736
0.947583
0.948146
0.946318
0.945036
0.899524
0.8955
0.89576
0.912062
0.92096
0.954793
0.949297
0.998286
1.06124
1.13579
1.20729
1.26506
1.33704
1.42597
1.54306
1.5357
1.64269
1.75008
0.780721
0.799062
0.817043
0.592584
0.611584
0.621828
0.635246
0.649173
0.673409
0.677163
0.691723
0.697259
0.704752
0.69348
0.693348
0.684491
0.707238
0.711749
0.727305
0.7331
0.740449
0.73763
0.74868
0.755479
0.766891
0.768407
0.774621
0.780905
0.790938
0.792678
0.803189
0.808004
0.815016
0.817183
0.822499
0.821289
0.826275
0.825854
0.82949
0.831696
0.838111
0.840076
0.848642
0.854712
0.864469
0.87308
0.882941
0.891654
0.894585
0.898029
0.90289
0.904165
0.905709
0.909725
0.914174
0.92075
0.927997
0.932758
0.936827
0.934466
0.932736
0.930977
0.929564
0.92527
0.922448
0.918635
0.918733
0.915652
0.916884
0.909939
0.90737
0.902458
0.901644
0.899331
0.90395
0.90186
0.903693
0.902252
0.899416
0.897795
0.903441
0.910083
0.921411
0.924503
0.936048
0.940403
0.944902
0.952021
0.958836
0.962977
0.972407
0.970342
0.976864
0.986766
0.992647
1.00855
1.00923
0.997672
0.989297
0.98073
0.97442
0.966733
0.963013
0.956988
0.956205
0.955651
0.962404
0.963489
0.967346
0.96774
0.976155
0.992273
1.02124
1.04015
1.06439
1.08101
1.09926
1.1176
1.13915
1.16139
1.18204
1.21232
1.24372
1.27981
1.31104
1.34213
1.37775
1.41153
1.4446
1.47316
1.50084
1.53448
1.5649
1.59113
1.6183
1.64355
1.67164
1.69846
1.73049
1.75303
1.791
1.81991
1.87165
1.90069
1.95
1.98876
2.04173
2.08466
2.1264
2.16782
2.15754
2.10879
2.07201
2.05556
2.06519
2.07198
2.08233
2.1417
2.1942
2.24334
2.31652
2.34364
2.33212
2.36769
2.33589
2.32142
2.34897
2.34343
2.34078
2.31606
2.31811
2.27708
2.26002
2.1886
2.13801
2.08742
2.0182
1.9687
1.94156
1.90498
1.86883
1.84185
1.78632
1.7313
1.66412
1.63328
1.54756
1.4811
1.36944
1.32325
1.2726
1.32003
1.30778
1.39059
1.47257
1.67252
1.77283
1.93225
2.03768
2.11382
2.14647
2.25688
2.27662
2.34594
2.44943
2.51214
2.69052
2.88822
3.16052
3.42298
3.63006
3.72022
3.79876
3.86181
3.89934
3.94422
3.99216
4.02076
4.06277
4.08174
4.11591
4.17704
4.25823
4.31807
4.35751
4.40458
4.44893
4.49674
4.51159
4.57949
4.61603
4.66117
4.68721
4.71379
4.70217
4.68365
4.61228
4.54587
4.52508
4.47132
4.45533
4.41657
4.37719
4.34835
4.32183
4.26366
4.22408
4.19999
4.20311
4.1743
4.18012
4.16754
4.16187
4.11233
4.05623
4.07701
4.02575
3.96488
3.86956
3.78919
3.6921
3.60353
3.50394
3.38868
3.21166
3.04536
2.91642
2.79424
2.7847
2.79449
2.75522
2.75473
2.68504
2.58872
2.45556
2.32315
2.26159
2.23569
2.19957
2.2527
2.41052
2.53583
2.59428
2.6702
2.78135
2.88652
3.04033
3.17246
3.2706
3.38194
3.40763
3.40866
3.39988
3.39635
3.35535
3.30483
3.27975
3.23895
3.1652
3.09151
2.97524
2.90435
2.84383
2.78598
2.6212
2.5194
2.41222
2.34039
2.3115
2.26205
2.16951
2.10862
2.08422
2.09589
2.12857
2.12854
2.1649
2.17334
2.08664
2.05748
2.01625
1.99773
1.96769
1.93001
1.91682
1.9251
1.92504
1.89119
1.87767
1.85982
1.85622
1.86693
1.84796
1.86839
1.88483
1.88581
1.87358
1.88045
1.86414
1.88053
1.88673
1.895
1.88864
1.87364
1.8712
1.87802
1.86503
1.86893
1.86183
1.83344
1.8602
1.8385
1.84551
1.76753
1.73493
1.64855
1.57686
1.53075
1.54635
1.55915
1.5604
1.56922
1.60387
1.63886
1.65304
1.68942
1.73451
1.82749
1.90984
2.01272
2.09126
2.14908
2.21717
2.23175
2.25318
2.2966
2.28944
2.27933
2.27829
2.26806
2.29846
2.33506
2.36112
2.40619
2.44316
2.48654
2.54096
2.5891
2.66757
2.74946
2.77113
2.71973
2.64988
2.62311
2.58749
2.58498
2.56899
2.55502
2.52691
2.51188
2.50716
2.52312
2.5488
2.57983
2.61327
2.65349
2.66907
2.70685
2.7185
2.7509
2.76682
2.81681
2.84614
2.89094
2.92075
2.97904
3.04089
3.06761
3.12692
3.13211
3.13945
3.11146
3.09728
3.10214
3.10229
3.09861
3.07576
3.07993
3.08433
3.07953
3.07425
3.0853
3.09046
3.11187
3.13741
3.18277
3.23389
3.28191
3.31846
3.35847
3.38145
3.39948
3.40681
3.40822
3.40204
3.40715
3.39037
3.39808
3.39404
3.40027
3.41448
3.42997
3.45686
3.46932
3.49159
3.4935
3.49718
3.50299
3.51199
3.50678
3.50792
3.47511
3.45257
3.40906
3.36157
3.31387
3.26708
3.21582
3.17653
3.1358
3.10659
3.07602
3.04099
3.02698
3.01066
2.99611
2.9754
2.94949
2.92998
2.90538
2.877
2.80951
2.76807
2.73451
2.70433
2.66792
2.6299
2.5998
2.56956
2.52656
2.47905
2.43283
2.40867
2.37263
2.33305
2.26054
2.20218
2.12911
2.06852
1.99086
1.96782
1.89356
1.85711
1.82501
1.79699
1.79286
1.80327
1.77642
1.77334
1.7644
1.7539
1.7422
1.75259
1.75478
1.75988
1.77654
1.81442
1.85915
1.87782
1.85809
1.82543
1.76901
1.71605
1.66997
1.62752
1.57878
1.53468
1.49173
1.48024
1.46222
1.44821
1.43956
1.43463
1.43478
1.44193
1.46142
1.48028
1.49803
1.51226
1.51586
1.53429
1.52479
1.51811
1.52589
1.54122
1.54139
1.54565
1.53515
1.50018
1.42005
1.40228
1.40179
1.38742
1.38359
1.35784
1.36749
1.36
1.35377
1.34837
1.34027
1.33194
1.32119
1.3129
1.31944
1.31463
1.32605
1.31968
1.31869
1.31401
1.31415
1.30973
1.3098
1.31656
1.30917
1.31279
1.30986
1.30649
1.30303
1.30513
1.30102
1.30163
1.29577
1.30093
1.3005
1.29614
1.28964
1.28464
1.28244
1.28685
1.28441
1.2824
1.27831
1.26521
1.25541
1.25609
1.24944
1.25671
1.24016
1.25831
1.26606
1.26686
1.26808
1.26529
1.26443
1.26207
1.26691
1.26473
1.26346
1.25826
1.25128
1.22131
1.23036
1.22526
1.20879
1.20104
1.18565
1.13598
1.17219
1.16207
1.14751
1.12454
1.0915
1.09079
1.11872
1.14191
1.14944
1.15093
1.14614
1.14304
1.12949
1.14622
1.13028
1.13283
1.11829
1.11802
1.11716
1.11571
1.10757
1.10492
1.0991
1.09303
1.08254
1.08378
1.07265
1.06501
1.04247
1.02459
1.02767
1.01913
1.01567
1.02358
1.01098
0.993679
0.983152
0.958298
0.932351
0.915449
0.874903
0.846804
0.814252
0.790154
0.751603
0.729554
0.696248
0.674039
0.645977
0.626568
0.600814
0.574615
1.13246
1.07431
1.00661
1.36379
1.25626
1.16519
1.19051
1.10005
1.01202
0.961708
0.901697
0.849718
0.80523
0.766794
0.724149
0.682471
0.649621
0.610811
0.574936
0.546222
0.523338
0.50827
0.49255
0.47932
0.47474
0.476262
0.479963
0.489434
0.506349
0.521006
0.541249
0.573031
0.619695
0.694493
0.761973
0.83918
0.940096
1.02836
1.12998
1.30361
1.3424
1.44041
1.22266
1.29834
1.36775
1.18078
1.23972
1.29196
1.35746
1.40024
1.39052
1.34422
1.25055
1.17739
1.12388
1.07132
1.03724
1.02381
1.01158
0.984692
1.00811
1.00357
1.01099
0.969199
0.966115
0.961083
1.01687
1.01024
0.988711
0.990732
0.982925
0.967399
0.954895
0.939308
0.926481
0.984411
0.978963
0.974016
1.00685
1.001
0.994272
0.98795
0.984542
0.976208
1.00423
0.994911
0.986591
1.01287
1.00374
0.992437
1.07116
1.07359
1.09323
1.11239
1.12913
1.14661
1.12911
1.14328
1.15795
1.12921
1.14415
1.15638
1.12393
1.12973
1.13264
1.14179
1.1459
1.15244
1.11575
1.11823
1.11894
1.11527
1.11343
1.10742
1.10148
1.09531
1.08918
1.11942
1.1083
1.09779
1.1305
1.12272
1.11959
1.15348
1.14698
1.14535
1.14266
1.14309
1.1503
1.21049
1.23424
1.24902
1.17424
1.18834
1.20214
1.20979
1.21292
1.22114
1.13977
1.1512
1.16623
1.14231
1.15598
1.15899
1.1212
1.11665
1.10628
1.08915
1.07468
1.06779
1.09864
1.09763
1.09472
1.09986
1.10414
1.11102
1.07803
1.07858
1.08453
1.0812
1.08378
1.0848
1.058
1.0571
1.05877
1.02237
1.0233
1.02478
1.02906
1.03746
1.04426
1.04206
1.05199
1.05749
1.02012
1.03643
1.05365
1.05692
1.0593
1.06347
1.06956
1.08007
1.09252
1.10327
1.11605
1.12691
1.13472
1.14159
1.14959
1.15652
1.16668
1.17291
1.18501
1.19134
1.20379
1.20982
1.22196
1.22938
1.24969
1.26925
1.28306
1.29644
1.30821
1.314
1.31389
1.31629
1.31284
1.31419
1.3208
1.32713
1.33643
1.34461
1.34859
1.34798
1.3367
1.32053
1.31947
1.33975
1.37013
1.40755
1.43228
1.4411
1.44315
1.43433
1.42278
1.42045
1.4258
1.43
1.43643
1.43836
1.43045
1.43252
1.44342
1.45142
1.45839
1.46027
1.4569
1.45549
1.45752
1.46414
1.47505
1.48202
1.49017
1.49445
1.49607
1.49414
1.49552
1.49557
1.49305
1.494
1.49166
1.4898
1.48525
1.48389
1.48444
1.48677
1.48372
1.48114
1.47817
1.47471
1.46885
1.46517
1.46149
1.46688
1.46418
1.45572
1.44365
1.42979
1.41325
1.40319
1.39642
1.39091
1.38123
1.38198
1.38434
1.38102
1.37567
1.36381
1.35944
1.35533
1.36249
1.36023
1.35579
1.3571
1.36543
1.36983
1.36897
1.37872
1.38626
1.39477
1.39013
1.3798
1.35229
1.3124
1.26834
1.22976
1.18384
1.13515
1.09693
1.05644
1.01893
0.984525
0.954214
0.906214
0.874059
0.84301
0.820579
0.778853
0.704188
0.797587
0.712637
0.652458
0.9857
0.936922
0.888548
1.27178
1.22473
1.20341
1.35834
1.3361
1.32245
1.31674
1.34276
1.36168
1.37005
1.35488
1.34574
1.2849
1.27649
1.2687
1.26653
1.26532
1.27426
1.27326
1.28177
1.27514
1.29339
1.32312
1.35626
1.37695
1.39541
1.39715
1.40446
1.39115
1.38711
1.36539
1.35619
1.33853
1.33286
1.32109
1.31898
1.16826
1.15529
1.13129
1.11467
1.08292
1.06458
1.03393
1.0147
0.994695
0.990998
0.973935
0.980765
0.848964
0.854566
0.852398
0.867558
0.86658
0.878544
0.886924
0.900999
0.900456
0.916481
0.927835
0.950177
0.956132
0.97705
0.98983
1.12306
1.15287
1.19741
1.24312
1.30315
1.34568
1.33635
1.39728
1.45483
1.33643
1.39793
1.47434
1.13054
1.17836
1.21284
0.896763
0.921307
0.948912
0.724165
0.743537
0.759231
0.776516
0.785433
0.797387
0.803319
0.814328
0.81912
0.828075
0.837924
0.849397
0.852389
0.859923
0.863456
0.873064
0.87898
0.887257
0.893674
0.903143
0.908987
0.917587
0.922711
0.931841
0.935925
0.939603
0.942618
0.945194
0.946716
0.948709
0.944119
0.942576
0.940802
0.947028
0.946312
0.946285
0.943481
0.942417
0.940606
0.942154
0.94164
0.944342
0.944676
0.945959
0.943952
0.947984
0.945394
0.945452
0.941961
0.943907
0.93928
0.938053
0.934315
0.935951
0.936291
0.941629
0.942242
0.943361
0.94654
0.949876
0.946643
0.947928
0.952542
0.965088
0.964402
0.969899
0.970152
0.9633
0.96323
0.96244
0.957653
0.958914
0.955965
0.958748
0.955525
0.957663
0.950466
0.95232
0.952673
0.950749
0.951309
0.954647
0.954182
0.95743
0.957948
0.958792
0.954988
0.951122
0.947155
0.944983
0.935595
0.93023
0.921691
0.918225
0.910099
0.909335
0.904703
0.896919
0.889414
0.892695
0.888661
0.886557
0.885101
0.884059
0.886478
0.884258
0.872664
0.867817
0.855354
0.848773
0.838918
0.832732
0.823615
0.818918
0.811544
0.809957
0.805472
0.808037
0.803179
0.806917
0.805766
0.810186
0.814304
0.826211
0.830122
0.836621
0.838898
0.846139
0.849871
0.856081
0.859592
0.865363
0.868767
0.87462
0.877069
0.876892
0.874135
0.875987
0.875908
0.879907
0.876348
0.881405
0.884235
0.885152
0.887312
0.893799
0.889629
0.891182
0.887208
0.889593
0.886893
0.888295
0.885436
0.884851
0.880372
0.878206
0.870869
0.865663
0.859256
0.853601
0.841955
0.823782
0.777083
0.683126
0.558195
0.819927
0.679873
0.5781
0.742697
0.724214
0.74094
0.949476
0.892297
0.80413
0.77138
0.739713
0.739155
0.756093
0.772081
0.792478
0.782594
0.767422
0.743629
0.718821
0.699904
0.684365
0.697659
0.73798
0.770491
0.786394
0.775431
0.747589
0.713388
0.669538
0.616583
0.570188
0.519304
0.479505
0.462117
0.46855
0.49157
0.563336
0.622772
0.670542
0.688418
0.723491
0.73794
0.700981
0.643856
0.552252
0.460512
0.287818
0.0580757
-0.326263
-0.313676
-0.145759
0.104649
0.221389
0.267577
0.293318
-0.0234909
-0.0166959
-0.0619871
-0.0440899
-0.0523295
-0.0489063
-0.0441411
-0.0509151
-0.0510952
-0.0523094
-0.0514067
-0.0533254
-0.0506306
-0.0436707
-0.0501593
-0.0488374
-0.0498577
-0.0506533
-0.0487251
-0.0485708
-0.0477196