-0.347189
-0.346936
-0.346969
-0.344588
-0.346069
-0.346087
-0.346448
-0.345296
-0.345881
-0.344979
-0.344979
-0.345686
-0.346609
-0.34486
-0.346146
-0.345621
-0.34623
-0.344238
-0.314441
-0.380497
-0.371067
-0.347284
-0.352719
-0.349903
-0.354172
-0.357468
-0.367189
-0.362905
-0.346628
-0.360789
-0.360248
-0.344918
-0.367794
-0.344552
-0.362168
-0.354255
-0.342118
-0.367359
-0.364553
-0.379596
-0.350459
-0.370862
-0.34577
-0.369523
-0.363871
-0.325377
-0.331955
-0.379955
-0.369449
-0.339485
-0.355474
-0.330291
-0.382581
-0.367068
-0.336619
-0.358638
-0.337817
-0.327303
-0.367308
-0.372703
-0.356332
-0.352657
-0.352546
-0.36195
-0.350219
-0.351764
-0.350271
-0.349374
-0.352533
-0.358531
-0.350176
-0.366161
-0.344655
-0.353853
-0.352534
-0.362404
-0.357194
-0.358501
-0.363975
-0.364139
-0.367203
-0.36328
-0.370215
-0.372431
-0.373132
-0.372173
-0.3752
-0.375965
-0.378202
-0.378602
-0.379653
-0.393851
-0.461033
-0.511553
-0.569641
-0.606217
-0.60542
-0.579282
-0.561994
-0.496955
-0.439889
-0.367474
-0.310426
-0.247347
-0.182401
-0.0887657
0.024078
0.115324
0.209972
0.302405
0.37249
0.453873
0.52153
0.575404
0.621537
0.675001
0.717565
0.765469
0.80474
0.896067
0.913819
0.937895
1.11275
1.10626
1.10562
1.55975
1.55335
1.56176
1.30618
1.32603
1.30558
1.30096
1.26356
1.22694
1.23563
1.18854
1.14562
1.48184
1.45446
1.41846
1.26941
1.2463
1.25718
1.32294
1.37672
1.42403
1.36542
1.31948
1.22939
1.51775
1.43834
1.36562
1.21831
1.16781
1.14522
1.20462
1.18918
1.16051
1.11047
1.05969
1.01284
1.0214
0.998058
0.9744
0.976603
0.960022
0.942308
0.926635
0.921624
0.929683
0.930727
0.937223
0.939246
0.942042
0.936735
0.9335
0.923409
0.917053
0.912595
0.907831
0.904139
0.909281
0.914698
0.931524
0.949344
0.973673
0.959664
0.931024
0.983892
1.00012
1.01697
1.01743
1.03961
1.06864
1.03873
1.08093
1.12759
1.08906
1.1325
1.1968
1.14014
1.18444
1.23152
1.12036
1.14308
1.17174
1.00445
1.01416
1.01413
0.981289
0.97617
0.973416
0.957342
0.948656
0.939917
0.953392
0.944905
0.959627
0.811276
0.881612
0.929357
0.957593
0.983859
1.01069
0.952774
1.01171
1.02468
0.767652
0.759783
0.750682
0.713156
0.708612
0.706574
0.852941
0.773292
0.749821
1.17769
1.1571
1.13774
0.942773
0.975118
0.971535
0.960354
0.942232
0.919289
0.893417
0.873112
0.855923
0.838828
0.831767
0.818771
0.807476
0.787929
0.765584
0.743226
0.713322
0.6822
0.644885
0.574376
0.500499
0.474445
0.394744
0.314158
0.285361
0.200129
0.10373
0.0966528
0.0243923
-0.0258647
0.507935
0.483456
0.483001
0.552264
0.605604
0.681098
0.748463
0.753292
0.728741
0.74342
0.721481
0.717507
0.790583
0.847694
0.907341
0.928268
0.995577
1.06976
0.892967
0.92937
0.970495
0.732047
0.743091
0.743573
0.693896
0.707625
0.745647
0.73046
0.798911
0.873183
0.886031
0.946438
0.991662
0.995071
1.02373
1.03831
0.988561
0.986024
0.948967
0.837176
0.776182
0.690298
0.391744
0.398981
0.404092
0.374907
0.373391
0.36432
0.369154
0.365094
0.369166
0.296863
0.29083
0.310734
0.191479
0.188288
0.197765
0.159557
0.16169
0.1608
0.162006
0.162194
0.16418
0.16742
0.180494
0.192239
0.15021
0.158007
0.16939
0.171225
0.168969
0.163964
0.156687
0.149724
0.147086
0.148417
0.157267
0.164225
0.165611
0.166926
0.164625
0.510783
0.523169
0.540676
0.261556
0.296295
0.333849
0.332878
0.342474
0.343066
0.334726
0.330857
0.30118
0.26526
0.215461
0.16225
0.307233
0.229298
0.165628
0.0490201
-0.0207364
-0.0896527
-0.104433
-0.197882
-0.255534
-0.232183
-0.228026
-0.23355
-0.231932
-0.222745
-0.208947
-0.206142
-0.197887
-0.199497
-0.20315
-0.204766
-0.20787
-0.211812
-0.216824
-0.216261
-0.216229
-0.218941
-0.220421
-0.22319
-0.230689
-0.241887
-0.256952
-0.26859
-0.275457
-0.281023
-0.283102
-0.277914
-0.251722
-0.208706
-0.163569
-0.116867
-0.0337784
0.0426638
0.117393
0.203418
0.288015
0.371884
0.42059
0.43097
0.392397
0.351181
0.311163
0.252261
0.214732
0.18031
0.150661
0.133868
0.133978
0.137349
0.132718
0.10974
0.0227696
-0.0405463
-0.0974521
-0.147952
-0.186298
-0.214586
-0.190345
-0.205794
-0.224106
-0.203035
-0.220752
-0.229198
-0.226865
-0.230748
-0.227032
-0.192046
-0.177823
-0.148688
-0.0858563
-0.0468681
-0.00477751
-0.000315282
0.0385411
0.0946543
0.118287
0.163173
0.170366
0.144849
0.146161
0.154837
0.236794
0.277302
0.341264
0.283104
0.31563
0.339298
0.28613
0.329381
0.393958
0.548916
0.623808
0.67755
0.790199
0.820176
0.879333
0.837952
0.851972
0.859008
0.859058
0.847201
0.844046
0.783648
0.741246
0.689891
0.671254
0.593567
0.538582
0.527045
0.520897
0.50771
0.511715
0.503915
0.501181
0.509549
0.525177
0.54345
0.573476
0.601934
0.629979
0.624677
0.66809
0.695372
0.683791
0.727245
0.764084
0.805024
0.855486
0.918665
1.06743
1.12034
1.1376
1.52035
1.45346
1.40549
1.21846
1.2262
1.26541
1.31743
1.40816
1.49865
1.40235
1.45643
1.46051
1.37843
1.35861
1.33483
1.70177
1.66304
1.63436
1.49124
1.45863
1.41346
1.75224
1.69293
1.62171
1.51012
1.44642
1.40881
1.67293
1.744
1.82816
1.47516
1.55686
1.60852
1.22489
1.3113
1.40465
1.29368
1.41091
1.41454
0.824325
0.802894
0.771215
0.714938
0.651918
0.599409
0.527363
0.455473
0.402323
0.973239
0.931569
0.926271
0.425226
0.373925
0.347802
0.877036
0.800762
0.707995
0.543191
0.476291
0.410005
0.324257
0.282696
0.262119
0.276573
0.297156
0.275649
0.242546
0.207176
0.149389
0.118113
0.0774336
0.0221306
-0.00221008
-0.0527817
-0.096711
-0.129981
-0.156141
-0.166606
-0.176145
-0.180545
-0.212307
-0.18674
-0.198509
-0.173097
-0.136333
-0.122817
-0.112985
-0.0924475
-0.0477294
-0.0330028
-0.0352558
-0.0404622
-0.0185899
0.0127789
0.0539216
0.0933969
0.107199
0.161926
0.23031
0.225435
0.306846
0.38024
0.348698
0.413213
0.402086
0.301411
0.226357
0.140527
0.137424
0.0711426
0.031922
0.0545524
0.0264575
0.0198215
0.0629529
0.0516089
0.0473273
0.118111
0.13203
0.193577
0.232955
0.206109
0.177216
0.113041
-0.0124824
-0.152407
-0.268528
-0.372756
-0.445489
-0.475614
-0.498782
-0.500169
-0.491806
-0.479049
-0.457175
-0.432932
-0.410235
-0.393875
-0.37482
-0.347921
-0.322473
-0.250512
-0.217295
-0.184208
-0.125411
-0.0874021
-0.0539535
-0.0121962
0.00235677
0.0130554
-0.0114961
-0.00821119
-0.00955338
-0.0495765
-0.0602346
-0.0667191
-0.058182
-0.0461282
-0.0349603
-0.0462758
-0.0296657
-0.016182
-0.0458006
-0.013037
0.0077407
0.0366023
0.0631785
0.0831114
0.139071
0.157219
0.174303
0.234576
0.265404
0.296956
0.342174
0.364981
0.378268
0.386431
0.395522
0.400496
0.403588
0.393458
0.371957
0.332713
0.281502
0.212321
0.142764
0.058494
-0.0189206
-0.048257
-0.0876839
-0.102175
-0.121206
-0.130364
-0.136023
-0.153986
-0.16721
-0.186306
-0.227771
-0.270014
-0.311274
-0.356879
-0.392258
-0.423649
-0.446421
-0.432117
-0.396936
-0.371525
-0.356434
-0.348153
-0.344173
-0.342319
-0.339709
-0.334637
-0.319093
-0.298387
-0.284131
-0.260059
-0.226973
-0.203238
-0.168483
-0.163552
-0.164846
-0.165177
-0.16977
-0.174921
-0.167069
-0.162097
-0.173878
-0.171802
-0.168217
-0.17548
-0.187798
-0.194208
-0.18276
-0.157038
-0.126046
-0.112017
-0.0681407
-0.0271742
-0.0255483
0.00864525
0.0368056
0.0178182
0.0317
0.036806
0.014729
0.0243254
0.0291449
0.0385109
0.0335741
0.0383969
0.0425773
0.0607341
0.0891149
0.0896295
0.114456
0.124325
0.148309
0.121022
0.103977
0.135048
0.153246
0.184875
0.158602
0.198524
0.219728
0.183312
0.188935
0.203354
0.208265
0.212107
0.188452
0.109571
0.0843538
0.0614647
0.0805368
0.0574944
0.0200239
0.409123
0.478874
0.521921
0.366558
0.42921
0.466873
0.723366
0.793098
0.812199
0.697098
0.677807
0.671216
0.679493
0.696841
0.737711
0.774401
0.799519
0.816869
0.801002
0.800809
0.796395
0.774846
0.786988
0.812577
0.783651
0.842976
0.970646
0.845791
1.04356
1.14067
0.871891
0.909344
0.986866
1.06832
1.10975
1.10904
1.75148
1.71885
1.66285
1.58242
1.48893
1.39027
1.27039
1.16321
1.05424
0.956564
0.868968
0.792029
0.780736
0.781159
0.783277
0.791935
0.773632
0.74441
0.820866
0.769958
0.719081
0.728686
0.772059
0.777165
0.466247
0.496582
0.523414
0.442469
0.433181
0.399062
0.373714
0.325157
0.264639
0.184531
0.132788
0.0919251
0.0531373
0.0113358
-0.0241474
-0.0698475
-0.115468
-0.137264
-0.103054
-0.0851322
-0.0777148
-0.0469745
-0.0591347
-0.0510168
-0.0187059
0.0271127
0.0557194
0.0800788
0.0686965
0.0597035
0.0501038
0.0314226
-0.0104682
-0.0622668
-0.0853827
-0.0494494
-0.0233969
0.030402
0.0799767
0.127072
0.181488
0.237128
0.277734
0.349971
0.391343
0.398284
0.474475
0.483431
0.41327
0.417059
0.385321
0.178831
0.178414
0.230422
0.398291
0.421238
0.460092
0.486994
0.520422
0.541048
0.574533
0.598245
0.604237
0.721041
0.6639
0.600412
0.940053
0.892222
0.845334
0.775435
0.738957
0.708605
0.750567
0.770496
0.782854
0.774486
0.764959
0.756862
0.74938
0.738364
0.730593
0.713857
0.749825
0.824208
0.832791
0.941898
1.07806
1.03947
1.17929
1.35791
1.29192
1.53184
1.69576
1.12407
1.2267
1.27335
1.22584
1.19537
1.13994
0.686674
0.693995
0.673529
0.955952
0.888974
0.842566
0.828402
0.849866
0.875932
1.56342
1.68563
1.6826
1.00361
0.939876
0.876667
0.838505
0.807243
0.786485
0.752347
0.737901
0.74049
0.753759
0.773325
0.83741
0.588873
0.670641
0.709531
0.837126
0.808089
0.791582
0.908439
0.892118
0.866453
0.858021
0.860965
0.85805
1.4515
1.46128
1.45893
1.46694
1.46267
1.42821
1.74626
1.71809
1.75379
1.66837
1.70497
1.74553
1.34807
1.35918
1.33121
1.10795
1.12505
1.16988
1.10395
1.14598
1.17205
1.16204
1.15975
1.16023
1.16968
1.13576
1.06183
0.983354
0.890792
0.802753
1.17265
1.12736
1.07432
0.767838
0.777086
0.758324
0.823052
0.815614
0.810415
0.832081
0.808899
0.759126
0.659296
0.5922
0.526127
0.459129
0.35583
0.271608
0.32863
0.342381
0.371455
0.429509
0.434799
0.407161
0.355609
0.31292
0.265687
0.335886
0.332537
0.329438
0.309789
0.325694
0.342274
0.271813
0.272205
0.272811
0.160452
0.157228
0.139364
0.093101
0.047203
0.00180734
-0.0393345
-0.0757051
-0.107323
-0.116804
-0.117058
-0.102215
-0.0683775
-0.0260212
0.0151215
0.0445204
0.0636743
0.0753859
0.0902401
0.106856
0.123445
0.131023
0.140836
0.152544
0.168846
0.184927
0.19726
0.205373
0.21051
0.214937
0.22062
0.217643
0.214114
0.2094
0.196696
0.168901
0.109397
0.0287094
-0.0489252
-0.127981
-0.174883
-0.207192
-0.27777
-0.272514
-0.264297
-0.237041
-0.182063
-0.0893367
0.0309112
0.167943
0.290854
0.375574
0.44259
0.481907
0.49352
0.466848
0.414264
0.317033
0.220465
0.118915
0.015598
-0.0942943
-0.187912
-0.291582
-0.413852
-0.548692
-0.630079
-0.663642
-0.672885
-0.663708
-0.607154
-0.510188
-0.413544
-0.300426
-0.18441
-0.0846824
0.0185282
0.116598
0.211413
0.306437
0.398051
0.47903
0.547933
0.608896
0.65523
0.704184
0.753014
0.786915
0.830086
0.860961
0.889218
0.926417
0.944797
0.957135
0.990033
1.02153
1.02727
1.08084
1.11986
1.12509
1.13074
1.11226
1.08547
1.05625
1.02767
1.04105
1.00735
0.972429
0.944453
0.922901
0.920111
0.89923
0.845702
0.806394
0.765868
0.738669
0.716936
0.684467
0.641056
0.589393
0.547614
0.520773
0.53297
0.556935
0.592288
0.633438
0.659234
0.679116
0.697744
0.71936
0.733946
0.749633
0.780732
0.805393
0.84251
0.883677
0.915384
0.937301
0.950075
0.923177
0.872221
0.795879
0.715493
0.624507
0.533759
0.473979
0.421734
0.390967
0.287073
0.178381
0.144643
0.0595463
-0.00908404
0.449046
0.457128
0.46725
0.202645
0.245874
0.327584
0.256673
0.396979
0.550156
0.520694
0.607323
0.672788
0.59289
0.595516
0.596255
0.535905
0.510789
0.492729
0.480278
0.469706
0.46956
0.479555
0.501863
0.527846
0.532047
0.52963
0.528631
0.524138
0.532292
0.546023
0.375226
0.348991
0.323507
0.451434
0.412021
0.38203
0.357076
0.347578
0.343126
0.870377
0.903485
0.912631
0.524439
0.520199
0.506484
0.466002
0.428553
0.386968
0.451419
0.448183
0.440427
0.451678
0.436939
0.426257
0.438489
0.432529
0.437152
0.447239
0.469174
0.502498
0.51971
0.551798
0.576609
0.528524
0.552236
0.546046
0.527737
0.498767
0.468987
0.479499
0.448402
0.413238
0.408289
0.395708
0.388201
0.392981
0.414325
0.450488
0.476545
0.526667
0.570485
0.602562
0.617725
0.608479
0.57622
0.522412
0.463991
0.441389
0.40091
0.41001
0.460752
0.476035
0.46714
0.494133
0.524898
0.57191
0.629393
0.686787
0.766657
0.860444
1.00043
1.15773
0.884054
0.913306
0.904033
0.564937
0.495865
0.445399
0.394772
0.349499
0.315845
0.275134
0.241794
0.202464
0.272681
0.262244
0.269912
0.30676
0.380406
0.408705
1.0652
1.02066
0.944174
0.733405
0.698985
0.690683
1.18284
1.22151
1.27514
1.12055
1.16734
1.26257
1.33543
1.46256
1.54982
1.11736
1.22411
1.24436
1.04303
0.994286
0.971124
1.41576
1.34359
1.26482
1.18039
1.12142
1.07154
1.06192
1.04855
1.03035
1.04103
1.0241
0.992069
1.04507
0.974114
0.925227
0.95892
0.967433
0.983518
0.878484
0.910019
0.952995
0.818866
0.851314
0.886648
0.714981
0.7348
0.69517
0.690189
0.634863
0.589014
0.659688
0.637914
0.606829
0.640297
0.577103
0.524659
0.512164
0.489412
0.479925
0.351554
0.345395
0.328366
0.278489
0.266974
0.210436
0.160399
0.135502
0.111928
0.16495
0.173872
0.186241
0.201021
0.252846
0.295669
0.318525
0.316565
0.278127
0.267328
0.205617
0.167681
0.17715
0.14911
0.123462
0.0904326
0.0622325
0.0407092
-0.00298146
-0.017947
-0.0160901
-0.0293374
-0.0539735
-0.0827693
-0.12295
-0.13196
-0.121366
-0.0908679
-0.0295183
0.0343188
0.00374903
0.0621721
0.127217
0.119507
0.165421
0.210278
0.150389
0.201712
0.201566
0.067274
0.059981
0.04345
-0.00172286
0.0208397
0.0430986
0.238824
0.230737
0.198381
0.240466
0.161632
0.0787243
0.376718
0.317984
0.253163
0.0672905
0.0347166
0.0108099
0.117385
0.137185
0.186195
0.246371
0.328345
0.481265
0.54854
0.662693
0.745542
0.344167
0.456993
0.511886
0.225985
0.246204
0.277693
0.255416
0.279099
0.29574
0.296365
0.296841
0.286168
0.284917
0.303164
0.306079
1.00255
0.947943
0.818731
0.733745
0.670188
0.638849
0.608486
0.594829
0.5779
0.548608
0.523131
0.479729
0.426423
0.370405
0.320345
0.301422
0.255878
0.19973
0.165835
0.107109
0.0485086
0.636445
0.615991
0.609256
0.19393
0.190014
0.194525
0.325066
0.336363
0.342383
0.377772
0.442118
0.500489
0.482114
0.509343
0.529
0.529761
0.570738
0.614719
0.612677
0.661435
0.704993
0.694319
0.720974
0.751038
0.713732
0.723455
0.72579
0.727121
0.737154
0.756631
0.781288
0.846862
0.904414
0.85322
0.874654
0.881524
0.828132
0.810295
0.801859
0.771237
0.76204
0.75883
0.736555
0.707616
0.662641
0.535105
0.528102
0.527332
0.470108
0.488153
0.513677
0.596022
0.611707
0.644935
0.707042
0.741024
0.775036
0.805475
0.840612
0.874128
0.904173
0.919882
0.935159
0.979614
1.00492
1.03989
1.0987
1.10878
1.11616
1.16262
1.13663
1.11602
1.4478
1.35912
1.27814
1.07925
1.05553
1.03094
1.01854
1.03951
1.05964
1.07549
1.05423
1.02819
1.02719
1.00072
0.973498
0.944052
0.915022
0.891488
0.715293
0.70312
0.700684
0.650695
0.673192
0.701843
0.702457
0.734662
0.748152
0.688147
0.669197
0.651953
0.577762
0.562471
0.541507
0.48544
0.435119
0.372169
0.306655
0.221316
0.124968
0.0375481
-0.0395353
-0.0757337
-0.0955391
-0.0903138
-0.0847726
-0.0824568
-0.0837567
-0.093659
-0.111316
-0.120426
-0.115942
-0.0972625
-0.0807333
-0.0759142
-0.0760038
-0.078573
-0.0855669
-0.0901475
-0.0938012
-0.103037
-0.114332
-0.118121
-0.115881
-0.105915
-0.0952422
-0.0840275
-0.0684941
-0.0545336
-0.0418197
-0.0389557
-0.04097
-0.0542097
-0.0714143
-0.0850636
-0.100636
-0.111312
-0.126528
-0.136211
-0.145392
-0.148668
-0.160729
-0.180019
-0.204268
-0.237621
-0.268177
-0.298632
-0.321354
-0.335427
-0.339176
-0.334949
-0.318476
-0.304285
-0.286058
-0.276164
-0.268962
-0.259009
-0.252007
-0.235218
-0.237195
-0.247028
-0.294835
-0.347622
-0.390894
-0.430797
-0.46969
-0.495563
-0.526329
-0.525539
-0.527602
-0.526477
-0.549021
-0.542252
-0.537648
-0.542048
-0.535149
-0.556015
-0.554049
-0.527534
-0.424741
-0.410104
-0.40877
-0.397581
-0.380129
-0.378151
-0.381021
-0.379835
-0.364172
-0.364374
-0.357029
-0.376847
-0.370985
-0.36918
-0.368372
-0.370525
-0.364032
-0.367141
-0.362242
-0.362388
-0.374511
-0.391038
-0.349245
-0.356498
-0.393718
-0.368106
-0.381643
-0.377446
-0.354726
-0.398258