1.20998
1.21009
1.20892
1.20858
1.20914
1.20896
1.20824
1.20739
1.208
1.20739
1.20586
1.20663
1.20775
1.20635
1.207
1.20655
1.20579
1.20511
1.20619
1.20578
1.20478
1.20513
1.20537
1.20614
1.20633
1.20529
1.20604
1.20704
1.20518
1.20572
1.20641
1.20564
1.20502
1.20471
1.20544
1.20463
1.2052
1.20551
1.20443
1.20463
1.20363
1.20369
1.20327
1.20304
1.20438
1.20311
1.20268
1.20333
1.20256
1.2032
1.20346
1.20364
1.20326
1.20249
1.20241
1.20229
1.20033
1.20189
1.20348
1.20112
1.20092
1.20027
1.20133
1.19512
1.19752
1.19797
1.19518
1.1954
1.19788
1.19785
1.19516
1.19233
1.19628
1.19668
1.19407
1.19483
1.19553
1.19264
1.19498
1.19328
1.19381
1.19024
1.19005
1.19073
1.19198
1.18984
1.19094
1.18924
1.19066
1.19243
1.19305
1.19304
1.19073
1.19166
1.1865
1.18945
1.18893
1.19224
1.19101
1.19107
1.18802
1.18807
1.18983
1.18987
1.19038
1.18724
1.18994
1.19006
1.18672
1.18867
1.19026
1.18827
1.1875
1.1859
1.18552
1.18768
1.18671
1.18344
1.18182
1.1855
1.18356
1.18075
1.18141
1.18093
1.18134
1.17613
1.17824
1.1808
1.18034
1.17747
1.17316
1.17581
1.17255
1.17046
1.16678
1.16429
1.16222
1.15683
1.13844
1.08645
1.04675
1.00515
0.980806
0.970081
0.972473
0.984329
0.986623
0.991944
1.00758
1.01648
1.02514
1.03212
1.04939
1.04754
1.04918
1.03006
1.02391
1.01612
1.01642
1.01977
1.02536
1.02737
1.02449
1.01916
1.01411
0.995949
0.979768
0.962811
1.46937
1.44129
1.42478
1.69939
1.67558
1.65649
1.78592
1.76516
1.74148
1.85967
1.84639
1.82971
1.88684
1.86329
1.85138
1.83646
1.82142
1.80541
1.90601
1.87922
1.86565
1.80937
1.79901
1.79116
1.78956
1.77647
1.74832
1.7483
1.73524
1.71559
1.74735
1.73508
1.71326
1.68056
1.65899
1.64891
1.66526
1.67564
1.68794
1.69364
1.70293
1.70315
1.70189
1.68397
1.66695
1.66237
1.65168
1.65207
1.65424
1.66687
1.68207
1.69271
1.70197
1.6998
1.70944
1.71766
1.72868
1.74174
1.76643
1.78931
1.77919
1.79201
1.78645
1.73461
1.72122
1.73685
1.79926
1.9216
2.07818
1.98954
2.13412
2.34019
2.57684
2.8719
3.12184
0.317239
0.310652
0.310638
0.133408
0.146076
0.141618
0.253178
0.252762
0.270325
0.244135
0.267845
0.287323
0.35683
0.371158
0.365544
0.355213
0.346948
0.333764
0.389986
0.381291
0.37623
0.361524
0.346273
0.321567
0.30394
0.282835
0.257311
0.30785
0.303075
0.291113
0.414762
0.403434
0.390408
0.458498
0.446546
0.43193
0.947617
0.864011
0.760078
1.12465
1.01144
0.91632
1.17033
1.10121
1.05165
1.14593
1.08508
1.03806
0.987624
0.946526
0.908368
0.980364
0.957283
0.95053
1.05355
1.07309
1.09678
1.25988
1.27506
1.29066
1.30657
1.34104
1.3927
1.44176
1.49161
1.53916
1.5434
1.5703
1.6178
1.66171
1.73761
1.82082
1.87525
1.991
2.09939
2.02801
2.12093
2.22367
2.22928
2.30694
2.4263
2.55431
2.69033
2.84686
0.127162
0.152181
0.168315
-0.0292076
0.00434234
0.0362765
0.0767304
0.115057
0.150183
0.185179
0.20267
0.233222
0.2699
0.321762
0.383496
0.442786
0.494303
0.519385
0.525655
0.521422
0.513289
1.09802
1.07683
1.05248
1.45902
1.48348
1.52526
1.57525
1.60338
1.57951
1.51968
1.45263
1.38561
1.55061
1.46033
1.37119
1.49059
1.40023
1.31562
1.35001
1.29398
1.25392
1.22024
1.18971
1.16245
1.37319
1.36567
1.36864
1.35226
1.36974
1.41162
1.48141
1.58416
1.71627
1.70997
1.82539
1.92974
1.91286
2.01712
2.17994
2.23278
2.22938
2.19341
1.29778
1.21497
1.11801
1.41372
1.33243
1.30486
1.22637
1.24592
1.25612
1.17327
1.19926
1.22795
1.18662
1.14112
1.10155
1.36878
1.30869
1.235
1.05514
0.994973
0.967245
0.988783
1.00757
1.041
1.02445
1.03882
1.02259
0.992601
0.964356
0.957572
0.971299
0.973059
0.96083
0.946649
0.932827
0.917598
0.962953
0.975456
1.00487
1.04542
1.09402
1.14307
1.15524
1.21776
1.28011
1.17583
1.26077
1.34557
1.17257
1.24355
1.32478
1.08053
1.07119
1.05128
0.778794
0.788651
0.798383
0.644135
0.641631
0.616951
0.39948
0.395901
0.405408
0.399849
0.386925
0.373349
0.200698
0.189091
0.177492
0.123408
0.118528
0.114696
0.0411561
0.0573627
0.0705349
0.10833
0.146283
0.170185
0.180089
0.188688
0.204965
0.254857
0.354863
0.513042
0.744571
0.921312
1.01356
1.02883
1.02401
1.0024
1.40995
1.36182
1.31674
1.50335
1.52372
1.52034
1.62442
1.615
1.61115
1.72033
1.6869
1.65
1.67111
1.64942
1.6007
1.50965
1.4143
1.34339
1.43456
1.41552
1.39793
1.37409
1.35967
1.33612
1.3399
1.3762
1.43464
1.50492
1.57385
1.64408
1.6028
1.64617
1.67331
1.64862
1.6997
1.75899
1.76692
1.8346
1.91644
1.96765
2.02736
2.03506
2.0126
1.97399
1.89125
1.53111
1.41636
1.32548
1.5011
1.45244
1.4315
1.33933
1.38876
1.44235
1.41831
1.44613
1.48731
1.0796
1.09097
1.10349
1.00428
1.00897
1.01496
0.907769
0.925075
0.95725
0.934394
0.968596
0.991249
1.00436
1.00374
0.999015
0.992921
1.01161
1.04023
1.09339
1.14669
1.20781
1.13018
1.17351
1.19727
1.1116
1.13745
1.15407
0.937258
0.949432
0.956929
1.51884
1.51077
1.50691
1.28612
1.27756
1.25179
1.09178
1.02192
0.952093
1.3326
1.30215
1.28016
1.08202
1.07275
1.0753
1.07742
1.09852
1.13231
1.0885
1.13215
1.17427
1.00738
1.0009
0.986436
1.09775
1.09863
1.10747
1.01804
1.02024
1.01523
0.999593
0.993859
0.994388
1.07605
1.05799
1.05193
1.538
1.51937
1.50103
1.29212
1.24187
1.2062
1.55265
1.50369
1.42069
1.30351
1.27734
1.28259
1.35423
1.37051
1.35565
1.30222
1.33206
1.35792
1.32564
1.32078
1.29115
1.30055
1.26878
1.24665
1.24036
1.24542
1.26459
1.30387
1.36462
1.41323
1.39121
1.43451
1.5048
1.46066
1.58131
1.71648
0.85792
0.942787
1.00562
0.687657
0.736115
0.776059
0.610197
0.639325
0.664563
0.67997
0.693296
0.686906
0.495619
0.490163
0.491108
0.530574
0.521075
0.513653
0.507914
0.504037
0.501765
0.496085
0.486852
0.478104
0.503946
0.496014
0.491916
0.48668
0.490415
0.496383
0.43979
0.444262
0.448264
0.404053
0.425378
0.456554
0.498443
0.543029
0.569481
0.588752
0.597883
0.589441
0.554338
0.524933
0.502885
0.44849
0.414979
0.392788
0.391205
0.393623
0.396042
0.435314
0.425632
0.393231
0.359951
0.318562
0.286133
0.869459
0.832853
0.798361
0.518658
0.471581
0.412063
1.01348
0.959926
0.898545
0.986496
0.944586
0.904304
1.02592
1.00296
0.980041
0.95038
0.923215
0.9044
0.975747
0.973418
0.979328
0.990572
0.998129
0.994568
1.0001
1.01334
1.03308
0.875222
0.884843
0.890123
0.891543
0.892885
0.895477
0.806292
0.806426
0.796004
0.787173
0.780812
0.773471
0.763587
0.758867
0.756968
0.758212
0.755864
0.757532
0.761002
0.760312
0.757821
0.763716
0.768331
0.778016
0.870867
0.875984
0.879074
0.875993
0.874488
0.869701
0.94053
0.930177
0.917376
0.997791
1.00474
1.01028
1.02397
1.03762
1.05749
1.00544
1.04516
1.09648
0.979648
1.04434
1.1065
0.085152
0.108064
0.140794
-0.103648
-0.0720533
-0.0212997
0.731919
0.763913
0.78966
1.24321
1.2828
1.32993
1.70438
1.71532
1.71879
1.76843
1.77871
1.78028
1.78159
1.78158
1.78086
1.80514
1.83507
1.88527
1.93936
1.97811
2.05503
1.88322
1.88268
1.83584
1.71457
1.68706
1.68125
1.69882
1.76424
1.95352
0.98164
1.07469
1.13949
0.523455
0.524498
0.514756
0.411939
0.395193
0.382963
0.361325
0.331687
0.302783
0.254854
0.214589
0.168384
0.232735
0.186013
0.141504
0.239775
0.207835
0.188477
0.174063
0.161679
0.149915
0.66612
0.686519
0.729359
0.651171
0.691208
0.745362
0.757051
0.728468
0.702026
0.704363
0.703842
0.728552
0.736987
0.737188
0.746663
0.581313
0.543973
0.47983
0.0414577
-0.0431154
-0.127887
-0.466896
-0.493047
-0.503486
-0.496593
-0.483978
-0.458003
-0.427462
-0.437271
-0.465739
0.458036
0.415526
0.379262
0.931046
0.912127
0.937978
0.767609
0.790943
0.805735
0.736075
0.751743
0.773438
0.798413
0.809879
0.809962
0.725903
0.718396
0.723399
0.59025
0.62779
0.664667
0.52095
0.540272
0.548345
0.379857
0.377581
0.38598
0.238483
0.248907
0.241387
0.378961
0.374126
0.366538
0.358928
0.356265
0.36175
0.362381
0.363651
0.358058
0.420914
0.404003
0.393163
0.449748
0.428253
0.410158
0.379399
0.352001
0.328035
0.454208
0.432431
0.410315
0.772219
0.720073
0.640709
0.477409
0.354182
0.220519
0.434437
0.381812
0.334723
0.203465
0.148795
0.0869688
0.137764
0.0991213
0.0655919
0.110628
0.124956
0.174659
0.259819
0.358762
0.443383
0.497221
0.643682
0.775244
0.770842
0.867083
0.880531
0.691733
0.780382
0.804946
0.324886
0.302911
0.291942
0.137954
0.121322
0.114405
0.0726673
0.106383
0.138207
0.242947
0.0884541
-0.0988892
0.179018
-0.159306
-0.462421
-0.123332
-0.196418
-0.251676
0.274122
0.258039
0.257313
0.250111
0.247776
0.256652
0.318299
0.334749
0.358425
0.387997
0.39989
0.434116
0.424623
0.48536
0.607831
0.708204
0.869417
0.983425
0.812087
0.907626
0.980338
0.797859
0.8217
0.84014
0.696806
0.71138
0.716318
0.641994
0.638527
0.644069
0.387329
0.38943
0.389376
0.453597
0.392899
0.29293
0.688706
0.532337
0.400679
0.718377
0.648674
0.616602
0.664185
0.651438
0.641379
0.632293
0.6401
0.658623
0.679784
0.706589
0.744268
0.729391
0.776954
0.845822
0.769738
0.850871
0.921564
0.828944
0.870118
0.906054
0.858316
0.929542
1.02189
0.953249
1.03435
1.07896
0.519529
0.538889
0.551814
0.372892
0.396675
0.417502
0.252682
0.271838
0.276756
0.187841
0.202243
0.234608
0.173271
0.221095
0.245298
0.328874
0.321018
0.318168
0.308918
0.306079
0.315182
0.144755
0.168284
0.19858
0.225463
0.256202
0.291079
0.326666
0.38909
0.46136
0.454729
0.424981
0.352267
0.422849
0.312705
0.203832
0.785077
0.774264
0.770691
0.346487
0.304645
0.269055
0.433346
0.404163
0.389546
0.395636
0.43972
0.486762
0.522026
0.541355
0.569636
0.464862
0.558328
0.651949
0.554092
0.613053
0.690711
0.517685
0.550288
0.563236
0.575569
0.574991
0.582508
0.609988
0.615088
0.562803
0.449785
0.302912
0.0774348
0.68195
0.600519
0.513791
1.15715
1.12414
1.10422
1.52633
1.51917
1.52012
1.86668
1.88821
1.91704
1.75571
1.78493
1.79583
1.65075
1.61389
1.56713
1.8896
1.95866
2.05125
1.46711
1.55036
1.64139
0.646507
0.786286
0.922896
0.488412
0.559115
0.591276
0.480423
0.454724
0.442333
0.430656
0.415088
0.403217
0.402307
0.40378
0.414777
0.431441
0.449479
0.460279
0.431592
0.391042
0.305964
0.236172
0.126345
0.0403865
0.718079
0.707063
0.707835
0.326662
0.316051
0.305938
0.302898
0.296301
0.297419
0.335305
0.372708
0.442884
0.540992
0.652943
0.721035
0.400968
0.417208
0.42152
0.438054
0.45968
0.481257
0.507096
0.504755
0.512218
0.524152
0.536663
0.53357
0.505993
0.46047
0.397492
0.284316
0.182406
0.0972628
0.733825
0.68078
0.646988
0.137714
0.115239
0.0928942
0.163984
0.175769
0.188246
0.210645
0.25587
0.315622
0.261087
0.337446
0.432691
0.380242
0.412904
0.436038
0.365691
0.378575
0.390031
0.379042
0.392753
0.395073
0.370243
0.338234
0.29627
0.882215
0.771407
0.671906
1.05973
1.01198
0.987976
1.2763
1.26197
1.25462
1.53147
1.52683
1.51814
1.67385
1.68382
1.69218
1.69084
1.68586
1.68067
1.68498
1.67951
1.67765
1.69201
1.7856
1.96822
2.13296
2.30289
2.50299
1.0213
1.0645
1.10883
0.510787
0.532223
0.527379
0.513972
0.532408
0.53525
0.499594
0.453356
0.446608
0.59004
0.486791
0.395123
0.907896
0.856635
0.821548
1.24222
1.23002
1.21387
1.47137
1.44101
1.41568
1.6673
1.65834
1.70975
1.81577
2.00939
2.2295
2.12556
2.48664
2.75745
0.819509
0.75882
0.700989
0.670517
0.64193
0.645269
0.649124
0.683179
0.757223
0.892393
1.03609
1.1133
1.15796
1.11558
1.01821
0.917706
0.816184
0.728484
1.06578
0.957584
0.884883
1.1249
1.06949
1.01454
1.1739
1.14853
1.13982
1.35396
1.38756
1.46246
1.67902
1.7996
1.91354
2.0527
2.23658
2.42162
1.49893
1.5616
1.60985
1.03615
1.0185
0.955222
0.909843
0.883817
0.880067
0.915756
0.96828
0.929151
0.818363
0.677933
0.486546
0.601692
0.475524
0.36458
0.455358
0.378624
0.316267
0.405538
0.377888
0.360967
0.520267
0.527424
0.535512
0.669037
0.691499
0.713528
0.727667
0.740414
0.769853
1.05351
1.15344
1.27966
1.42526
1.51653
1.6679
1.73588
1.94891
2.18617
2.32443
2.53541
2.74314
2.92469
3.08954
3.24812
0.438032
0.46299
0.506449
0.555477
0.57619
0.568265
0.961005
0.799655
0.638674
0.88165
0.849098
0.838118
1.09178
1.09387
1.08787
1.34711
1.3582
1.37513
1.54984
1.57099
1.59031
1.60809
1.62136
1.64732
1.67081
1.69534
1.72337
1.71214
1.77761
1.93561
1.9612
2.15654
2.34964
0.869957
0.926326
0.965432
0.764409
0.754705
0.74094
0.538681
0.547481
0.505744
0.974897
0.79495
0.617172
0.973335
0.889448
0.815789
1.1304
1.07703
1.04047
1.38033
1.32965
1.27151
1.19928
1.14398
1.10177
1.00165
0.988334
0.99249
0.947717
0.957486
0.985213
1.03265
1.09829
1.13938
1.1564
1.23003
1.3133
1.35069
1.47992
1.69498
1.59259
1.80246
1.98823
0.324216
0.277417
0.204764
-0.286099
-0.286318
-0.29424
-0.24314
-0.283115
-0.372355
0.324756
0.212127
0.136951
0.550597
0.457615
0.375484
0.679509
0.619433
0.565422
0.841407
0.774084
0.710385
0.664154
0.633305
0.608395
0.596328
0.614591
0.653947
0.702348
0.760751
0.860734
0.983838
1.11036
1.23738
1.31992
1.47076
1.63072
1.63424
1.8311
1.94966
-0.0812805
-0.131202
-0.184175
-0.501581
-0.470226
-0.47783
-0.262258
-0.330066
-0.442641
0.17189
-0.0348122
-0.232794
-0.0576775
-0.21186
-0.35691
-0.171929
-0.24839
-0.323527
0.0339517
0.0108619
0.00312098
0.0500529
0.0967954
0.178652
0.307094
0.468321
0.647638
0.835953
1.03185
1.29984
1.3538
1.59029
1.85885
1.14294
1.15539
1.15443
-0.287004
-0.250158
-0.210053
0.678336
0.553559
0.372919
0.591204
0.352978
0.113329
0.177292
-0.0379941
-0.238238
0.0324465
-0.0376913
-0.0847964
-0.0440139
-0.0693103
-0.128084
-0.160668
-0.172162
-0.150518
-0.0971959
-0.0549646
0.0124838
0.0755814
0.0700534
0.129697
0.229497
0.381625
0.549679
0.711942
0.873228
1.00344
1.05099
1.22202
1.41225
1.17264
1.24651
1.3157
-0.117166
-0.0345541
-0.033986
-0.0394728
-0.0161005
-0.051404
-0.0917939
-0.180824
-0.261647
0.441303
0.397357
0.388208
0.92462
0.941567
0.993545
1.07083
1.15186
1.27943
0.706997
0.718877
0.720158
-0.0841338
-0.0797194
-0.0895804
0.771201
0.768454
0.759919
0.557549
0.560788
0.559681
0.652766
0.629758
0.605405
1.15894
1.08592
1.00748
0.822268
0.727584
0.652089
1.12776
1.25948
1.44151
1.25761
1.41576
1.5304
0.28055
0.213752
0.154275
-0.0052791
0.0537904
0.0488031
0.755094
0.573612
0.396416
0.605417
0.425582
0.303555
0.499674
0.381899
0.310171
0.65337
0.697376
0.800473
0.93017
1.11745
1.35112
1.36432
1.5237
1.63324
0.948449
0.986644
1.02177
0.244756
0.250633
0.234653
0.763147
0.596908
0.40418
0.567345
0.339087
0.124867
0.332898
0.182487
0.107062
0.485017
0.49405
0.526668
0.568466
0.632621
0.751443
0.869125
1.05206
1.27214
1.20427
1.3776
1.49855
1.24547
1.36894
1.42051
0.935239
0.906958
0.86939
0.878886
0.782333
0.661
0.973395
0.832492
0.701031
0.920291
0.827333
0.747112
1.00458
0.990237
0.987987
0.879995
0.913763
0.996816
1.08598
1.37422
1.75328
1.52131
1.62812
1.66771
0.381946
0.378843
0.34152
0.299421
0.29677
0.294495
0.340448
0.334959
0.327454
0.281523
0.221735
0.185594
0.826235
0.742416
0.645517
0.952476
0.854257
0.740946
0.972312
0.908873
0.877661
0.991147
1.0187
1.07679
1.11278
1.30947
1.56118
1.45907
1.65448
1.48624
0.67814
0.669855
0.691565
0.549261
0.550777
0.546449
0.527829
0.497825
0.481562
0.4328
0.356309
0.293124
0.937156
0.878335
0.818315
1.21881
1.14891
1.09688
0.787964
0.747842
0.709335
0.597446
0.575666
0.55149
0.367997
0.311244
0.238938
0.165744
0.124089
0.107171
0.0314578
0.0360071
0.0296504
0.0361492
0.0595163
0.127493
0.224394
0.324613
0.416961
0.237244
0.257725
0.249698
0.238943
0.2234
0.212778
0.20654
0.208331
0.207238
0.268585
0.283378
0.30651
0.276338
0.311613
0.36107
0.325886
0.347212
0.357838
0.236512
0.241317
0.245143
0.124376
0.130943
0.130025
0.113958
0.101566
0.083301
0.257066
0.232711
0.224654
0.360501
0.363268
0.365352
0.290604
0.277911
0.266437
0.316262
0.3047
0.299947
0.366279
0.367791
0.36455
0.440817
0.440124
0.437174
0.434522
0.435322
0.438035
0.442856
0.441683
0.43661
0.5118
0.494765
0.473489
0.62601
0.633144
0.64131
0.648628
0.651564
0.652034
0.647923
0.65185
0.648973
0.649694
0.652704
0.649979
0.641477
0.626815
0.609669
0.677953
0.665366
0.644259
0.724161
0.722767
0.720614
0.72372
0.736065
0.741165
0.757273
0.75834
0.761141
0.677926
0.685103
0.68802
0.691723
0.697824
0.699886
0.537378
0.53362
0.524559
0.437436
0.425833
0.417603
0.347758
0.345057
0.33528
0.343179
0.378179
0.440533
0.268783
0.253227
0.224769
0.207217
0.195419
0.189047
0.265789
0.278243
0.291043
0.315731
0.327997
0.343617
0.274298
0.281051
0.295634
0.243644
0.269672
0.302426
0.19235
0.231883
0.275489
0.947558
0.931565
0.931189
1.31639
1.35137
1.40739
1.71338
1.76835
1.78094
1.72232
1.66787
1.58652
1.6888
1.56378
1.44598
1.45723
1.35763
1.24977
1.13645
1.0303
0.957008
1.12576
1.09641
1.07182
1.16855
1.28311
1.45445
1.49656
1.66908
1.88974
1.9295
1.96869
1.89454
1.81204
1.73758
1.69348
1.39213
1.32686
1.24179
1.21879
1.18369
1.13116
1.03629
1.00464
0.985532
0.885457
0.761151
0.642453
0.666971
0.565515
0.469607
0.378872
0.276146
0.178551
0.153913
0.124607
0.0778319
0.0451994
0.0273719
0.0222144
0.070894
0.139709
0.223661
0.279688
0.311213
0.331082
0.363296
0.401277
0.439226
0.473233
0.52355
0.576455
0.627434
0.67782
0.72411
0.76775
0.831979
0.890833
0.943119
1.02441
1.11048
1.07383
1.18546
1.29989
1.02414
1.07485
1.10589
0.840365
0.851882
0.851636
0.504679
0.42159
0.318685
0.10583
0.0762623
0.102264
-0.0819861
-0.0888784
-0.0846079
0.721848
0.696755
0.667548
1.2106
1.18228
1.15982
1.67978
1.69172
1.70915
1.40246
1.42961
1.46239
1.31954
1.37273
1.42775
1.15172
1.20288
1.23699
0.859175
0.787607
0.68172
1.01369
0.907837
0.82371
1.02627
0.963246
0.935503
1.17928
1.1939
1.21073
1.30802
1.32319
1.32827
1.32259
1.32182
1.33382
1.5867
1.63617
1.67649
1.69753
1.71249
1.72967
1.7214
1.71684
1.70992
1.71497
1.70768
1.70254
1.69227
1.69601
1.70433
1.7081
1.69998
1.70046
1.71843
1.75314
1.82398
1.90684
2.03853
2.15441
2.14512
2.18084
2.18063
2.14958
2.08228
1.9853
1.901
1.82833
1.77103
1.84372
1.80778
1.80705
1.78768
1.81134
1.85023
1.86542
1.91522
1.96511
1.95112
1.99514
2.05934
2.16164
2.28265
2.40656
2.52641
2.58078
2.5715
1.31289
1.29465
1.27183
1.6871
1.64939
1.61429
1.84881
1.83543
1.83837
2.04057
2.05853
2.08921
2.10659
2.1689
2.23304
1.67498
1.71183
1.73736
1.31549
1.33604
1.34036
1.25557
1.26573
1.26508
1.26853
1.26429
1.27361
1.27663
1.27967
1.27993
1.26129
1.23517
1.20833
1.74695
1.73278
1.72765
1.61162
1.62217
1.63423
1.53068
1.55058
1.5675
1.32669
1.3308
1.33285
1.24195
1.25044
1.25551
1.25389
1.25099
1.24453
1.23285
1.20978
1.18509
1.16373
1.11802
1.0818
1.04373
0.998072
0.960854
0.919086
0.920045
0.927178
1.0164
0.999523
0.963166
1.03342
1.02684
1.02852
1.02011
1.02267
1.01659
1.02175
1.02723
1.0243
1.02297
1.02275
1.0245
1.02407
1.02072
1.02039
1.02244
1.0238
1.02593
1.02542
1.0184
1.02185
1.02126
1.01676
1.02083
1.01628
1.01312
1.01098
1.01361
1.01536
1.01214
1.01029
1.00982
1.004
1.01159
1.01165
1.0133
1.00505
1.00974
1.01292
1.01083
1.01126
1.01592
1.01214
1.00728
1.01569
1.01653
1.01723
1.0187
1.01913
1.0178
1.01833
1.01957