-0.0120255
-0.021896
-0.0461993
-0.0792198
-0.125549
-0.169655
-0.211078
-0.233095
-0.230268
-0.221785
-0.226481
-0.216856
-0.21693
-0.196529
-0.148226
-0.0883289
-0.036946
0.0105423
0.0680202
0.145186
0.239076
0.314191
0.407575
0.482869
0.552507
0.615039
0.677653
0.697676
0.722396
0.711503
0.672821
0.604363
0.520196
0.43651
0.309205
0.158708
-0.000999882
-0.171285
-0.283351
-0.336093
-0.390853
-0.398381
-0.391246
-0.381318
-0.381141
-0.371805
-0.335483
-0.293334
-0.201619
-0.0544763
0.101521
0.269844
0.432067
0.560707
0.666813
0.768011
0.854137
0.848169
0.855219
0.819873
0.755254
0.666569
0.568498
0.51549
0.409803
0.286979
0.150594
-0.00669086
-0.156294
-0.259568
-0.299392
-0.336981
-0.352017
-0.349317
-0.354694
-0.348673
-0.319615
-0.2666
-0.161522
-0.0212717
0.122095
0.27285
0.413792
0.506376
0.5873
0.667249
0.748419
0.787091
0.832617
0.853542
0.818847
0.779107
0.718445
0.658361
0.580111
0.496971
0.419625
0.297133
0.142873
-0.0318114
-0.184776
-0.291125
-0.334454
-0.370254
-0.377333
-0.37618
-0.38775
-0.356871
-0.293955
-0.200194
-0.0543952
0.0868513
0.226946
0.341347
0.436144
0.521285
0.614719
0.707793
0.800421
0.874622
0.857611
0.851054
0.810715
0.743693
0.662157
0.573282
0.535919
0.431841
0.317108
0.183902
0.0510642
-0.0617084
-0.133243
-0.196411
-0.239151
-0.270962
-0.287604
-0.29217
-0.293912
-0.298037
-0.250647
-0.138823
-0.00862028
0.122812
0.27587
0.435945
0.584872
0.681694
0.828646
0.960155
0.970247
1.03929
1.07647
0.919461
0.882169
0.825398
0.822956
0.736648
0.646976
0.757063
0.652267
0.56805
0.44602
0.373528
0.297293
0.206667
0.110791
0.0294637
-0.0296678
-0.0716687
-0.0997142
-0.117442
-0.122241
-0.122498
-0.126863
-0.135478
-0.148544
-0.16707
-0.200101
-0.260936
-0.334682
-0.443046
-0.555744
-0.655235
-0.717716
-0.723686
-0.710141
-0.718727
-0.710158
-0.690068
-0.661584
-0.639604
-0.634593
-0.641486
-0.649322
-0.646598
-0.638863
-0.621803
-0.602388
-0.583522
-0.574585
-0.585214
-0.597321
-0.603871
-0.600535
-0.592674
-0.58537
-0.569153
-0.554192
-0.541393
-0.534816
-0.534689
-0.536618
-0.538257
-0.540476
-0.541096
-0.54276
-0.544593
-0.545762
-0.550054
-0.556995
-0.573834
-0.591322
-0.601596
-0.612515
-0.619322
-0.626255
-0.621243
-0.607306
-0.608801
-0.644331
-0.656367
-0.650588
-0.62623
-0.568005
-0.49353
-0.428847
-0.396455
-0.391837
-0.396675
-0.389558
-0.356017
-0.315129
-0.291269
-0.269752
-0.246886
-0.236182
-0.241679
-0.26523
-0.28824
-0.300705
-0.310173
-0.322179
-0.335962
-0.351834
-0.374987
-0.39625
-0.412759
-0.421354
-0.441769
-0.473381
-0.527906
-0.578118
-0.602424
-0.61534
-0.593826
-0.608383
-0.616749
-0.59963
-0.587251
-0.597387
-0.645549
-0.675217
-0.666641
-0.615008
-0.570197
-0.537644
-0.504717
-0.474859
-0.451705
-0.443533
-0.444275
-0.460071
-0.484702
-0.527079
-0.578958
-0.649428
-0.712653
-0.730382
-0.717234
-0.676254
-0.649511
-0.646913
-0.664598
-0.687681
-0.651654
-0.599365
-0.577925
-0.544914
-0.516225
-0.502087
-0.536644
-0.579006
-0.601937
-0.59301
-0.577237
-0.562033
-0.553962
-0.55372
-0.564866
-0.579777
-0.597514
-0.619348
-0.62715
-0.605414
-0.567837
-0.547203
-0.573622
-0.604124
-0.648702
-0.721936
-0.786575
-0.73317
-0.662555
-0.667419
-0.746308
-0.848367
-0.879028
-0.843573
-0.780339
-0.728255
-0.668978
-0.62737
-0.598778
-0.603007
-0.619281
-0.63518
-0.675945
-0.728743
-0.802867
-0.874518
-0.913674
-0.878958
-0.774868
-0.703998
-0.731901
-0.851007
-0.912525
-0.859453
-0.826771
-0.767345
-0.688469
-0.636544
-0.626298
-0.631634
-0.624129
-0.569133
-0.487834
-0.406049
-0.339065
-0.29142
-0.265237
-0.204793
-0.176216
-0.165912
-0.140951
-0.0957604
-0.128463
-0.166619
-0.148924
-0.122398
-0.14875
-0.0725401
-0.0697069
-0.153986
-0.163994
-0.132246
-0.117673
-0.167119
-0.236954
-0.272005
-0.340578
-0.37239
-0.407466
-0.450604
-0.506653
-0.548769
-0.557618
-0.515737
-0.561704
-0.697084
-0.753383
-0.708302
-0.632401
-0.625942
-0.829147
-0.921434
-0.855934
-0.759423
-0.79184
-0.810005
-0.811194
-0.756482
-0.663579
-0.590904
-0.534952
-0.504468
-0.457748
-0.394318
-0.320037
-0.246574
-0.20401
-0.153704
-0.106443
-0.0759561
-0.0624317
-0.0677847
-0.0604146
-0.0574722
-0.0322473
-0.0356319
-0.0352103
-0.0459961
-0.0835031
-0.153228
-0.253263
-0.336995
-0.392301
-0.438299
-0.463388
-0.468969
-0.452349
-0.432465
-0.443244
-0.464612
-0.457299
-0.442213
-0.475853
-0.49192
-0.487562
-0.481132
-0.476696
-0.478879
-0.498085
-0.54312
-0.562057
-0.558719
-0.540801
-0.505288
-0.442158
-0.365904
-0.309347
-0.278894
-0.238182
-0.207443
-0.179391
-0.177503
-0.18178
-0.17057
-0.151132
-0.13737
-0.127976
-0.138997
-0.161155
-0.177392
-0.193885
-0.183371
-0.172505
-0.153926
-0.142397
-0.134036
-0.137294
-0.137861
-0.137355
-0.160518
-0.191558
-0.230313
-0.272738
-0.301435
-0.302902
-0.286317
-0.243349
-0.199193
-0.198537
-0.201966
-0.163932
-0.139811
-0.135863
-0.13984
-0.150066
-0.174257
-0.203577
-0.221951
-0.223801
-0.218101
-0.241714
-0.227157
-0.206415
-0.189206
-0.167907
-0.152932
-0.135474
-0.122068
-0.11126
-0.134528
-0.12008
-0.108811
-0.096341
-0.0869941
-0.0782559
-0.0722891
-0.0651388
-0.0628207
-0.06263
-0.0612973
-0.061602
-0.0612742
-0.0612823
-0.0618112
-0.0609919
-0.0625922
-0.0626161
-0.0628604
-0.0615591
-0.0609447
-0.0605634
-0.06085
-0.0607449
-0.0603995
-0.0594577
-0.0591124
-0.0589103
-0.0591279
-0.0587596
-0.059738
-0.0598941
-0.0598682
-0.060157
-0.060125
-0.0593881
-0.0589438
-0.0589152
-0.0590336
-0.0593142
-0.0586863
-0.0591287
-0.0585558
-0.0578712
-0.0578821
-0.0577765
-0.0578809
-0.0572936
-0.0565089
-0.0560698
-0.0557132
-0.0556809
-0.0559853
-0.0572693
-0.0569689
-0.0580376
-0.0575203
-0.0585433
-0.0587781
-0.059872
-0.0595221
-0.0606981
-0.060423
-0.0611919
-0.0618934
-0.0624437
-0.0627682
-0.0630062
-0.0624199
-0.0631728
-0.0620175
-0.0623028
-0.0615533
-0.0611879
-0.0604456
-0.0605777
-0.059866
-0.0597157
-0.0593638
-0.0597566
-0.0588814
-0.0590083
-0.0586004
-0.0592095
-0.0584595
-0.0588173
-0.0584535
-0.0583768
-0.0572712
-0.0583061
-0.0577261
-0.0584547
-0.057099
-0.0580778
-0.054636
-0.0452125
-0.0407356
-0.0424478
-0.046516
-0.0498181
-0.0370986
-0.0406502
-0.0579232
-0.0369893
-0.0434887
-0.0452114
-0.0455862
-0.0487707
-0.0358968
-0.044589
-0.0609262
-0.0329217
-0.0399573
-0.0570194
-0.035597
0.0330485
-0.0132529
-0.01466
-0.0202139
-0.0343708
-0.0193358
-0.0148704
-0.0184419
-0.0267658
-0.0339367
-0.0399481
-0.0228657
-0.0194042
-0.00962635
-0.0120685
-0.0217378
-0.035525
-0.0460385
-0.0214608
-0.025149
-0.0103341
-0.0236383
-0.0212619
-0.0303408
-0.0287905
-0.0244677
-0.0427553
-0.0230272
-0.0179131
-0.0297521
-0.0215635
-0.0167332
-0.026226
-0.0176441
-0.0184138
-0.0248575
-0.0190758
-0.0162984
-0.0285127
-0.0206016
-0.01816
-0.0317166
-0.0187541
-0.0151987
-0.0344643
-0.0172768
-0.0159098
-0.0328015
-0.0163897
-0.0158991
-0.0328704
-0.0151574
-0.0176042
-0.0208962
-0.0209141
-0.0233934
-0.0239097
-0.0245673
-0.0155181
-0.0210369
-0.0188739
-0.020498
-0.0219241
-0.0219771
-0.0228882
-0.0218315
-0.020914
-0.0196648
-0.0222275
-0.0226455
-0.0178655
-0.0222162
-0.020026
-0.0196117
-0.0135809
-0.0196378
-0.0194972
-0.0176635
-0.0216062
-0.0190926
-0.0205581
-0.0109911
-0.0185159
-0.0139067
-0.0183972
-0.0172514
-0.0178618
-0.0188036
-0.0186938
-0.0189708
-0.0173812
-0.0184354
-0.0176955
-0.0227093
-0.0193823
-0.0170339
-0.0194525
-0.0154277
-0.0294471
-0.0160112
-0.029014
-0.0161399
-0.0260045
-0.0130777
-0.0134326
-0.0169121
-0.0175851
-0.019148
-0.017152
-0.0158677
-0.0163936
-0.0199153
-0.0171143
-0.0211551
-0.0225312
-0.0192339
-0.0197921
-0.0105831
-0.0207988
-0.0192021
-0.0207614
-0.0215275
-0.019483
-0.016066
-0.0227334
-0.0193385
-0.0164669
-0.0159287
-0.0173635
-0.0173634
-0.0194745
-0.0177866
-0.0200431
-0.0147105
-0.0215016
-0.0190329
-0.0164718
-0.0152527
-0.0196285
-0.0170918
-0.0211733
-0.0220553
-0.0206419
-0.0209759
-0.0242523
-0.0198265
-0.0202802
-0.018202
-0.0226655
-0.0189778
-0.0170026
-0.0119134
-0.0108597
-0.0150556
-0.0157902
-0.0369751
-0.0699669
-0.102979
-0.16897
-0.226555
-0.268211
-0.296789
-0.329164
-0.316712
-0.282796
-0.280229
-0.282564
-0.269634
-0.235202
-0.195176
-0.125967
-0.0960559
-0.0739857
-0.0528452
-0.028308
-0.00871754
0.0196466
0.0481751
0.0690389
0.122433
0.145776
0.171896
0.196183
0.225453
0.264991
0.289275
0.31045
0.331278
0.352003
0.366416
0.373543
0.388507
0.422202
0.475765
0.546175
0.627024
0.712426
0.785609
0.825863
0.849817
0.84022
0.869715
0.905538
0.943167
0.984445
1.03795
1.06436
1.13818
1.20662
1.13954
1.20689
1.26543
1.00822
1.03856
1.06328
0.931065
0.940742
0.944388
0.882324
0.881344
0.877583
0.877771
0.878403
0.878202
0.879464
0.876717
0.874412
0.814167
0.808762
0.803575
0.796332
0.789672
0.782243
0.717756
0.71111
0.699683
0.690552
0.678026
0.676321
0.731329
0.727692
0.724757
0.664598
0.65953
0.657326
0.710787
0.71125
0.712839
0.71325
0.712907
0.713074
0.715597
0.719471
0.722897
0.732536
0.739135
0.742471
0.748822
0.761865
0.771515
0.788374
0.799185
0.807869
0.817149
0.822794
0.828754
0.830188
0.832748
0.837689
0.840587
0.842235
0.840514
0.838044
0.834001
0.831168
0.872573
0.862848
0.854656
0.846814
0.839419
0.838045
0.838093
0.834231
0.835179
0.832275
0.823179
0.813498
0.8076
0.802274
0.790676
0.787282
0.78529
0.783008
0.790579
0.798072
0.80045
0.850075
0.846502
0.848838
0.80855
0.812886
0.81434
0.85751
0.858225
0.858874
0.820152
0.826389
0.834636
0.839296
0.85016
0.859404
0.863605
0.876363
0.886847
0.857294
0.867608
0.880401
0.880532
0.879374
0.871915
0.868978
0.858783
0.851488
0.840976
0.836578
0.833064
0.877517
0.880605
0.885263
0.85663
0.867072
0.869642
0.866752
0.848297
0.83244
0.815067
0.801941
0.788309
0.828224
0.824599
0.815966
0.817711
0.826136
0.829948
0.837756
0.842048
0.852008
0.814318
0.817599
0.814077
0.819707
0.823867
0.834679
0.839477
0.847207
0.844903
0.84311
0.837501
0.824274
0.812992
0.801639
0.786524
0.817978
0.802565
0.789881
0.779702
0.771468
0.767473
0.761482
0.765632
0.762171
0.757484
0.746881
0.738736
0.732412
0.729431
0.723965
0.7243
0.720803
0.719365
0.718076
0.721639
0.726406
0.731172
0.733633
0.730539
0.7345
0.726897
0.713767
0.68089
0.676698
0.67041
0.684814
0.676186
0.669379
0.656098
0.65372
0.645509
0.638139
0.624446
0.610433
0.591536
0.573749
0.552396
0.549023
0.533127
0.525877
0.531692
0.52539
0.520079
0.515897
0.511903
0.51012
0.507007
0.501577
0.495454
0.488217
0.482528
0.477732
0.470731
0.464026
0.456506
0.450335
0.44444
0.440571
0.434448
0.436434
0.451213
0.47123
0.490354
0.50479
0.503394
0.522674
0.529748
0.541209
0.555527
0.584656
0.620749
0.653855
0.687215
0.717784
0.74623
0.769703
0.788793
0.806357
0.825387
0.846488
0.851362
0.858231
0.861629
0.868265
0.879893
0.896038
0.913443
0.927244
0.94195
0.962824
0.98187
0.978666
1.00094
1.02216
1.01127
1.03382
1.05303
0.964739
0.981076
0.986317
0.958377
0.958276
0.976913
0.998074
1.02606
1.05344
1.08424
1.12186
1.15422
1.18112
1.20904
1.23676
1.25712
1.266
1.2667
1.2686
1.26586
1.27123
1.27137
1.2708
1.26628
1.26918
1.26686
1.27369
1.27265
1.27397
1.27506
1.27875
1.27284
1.26769
1.26411
1.25924
1.25761
1.25387
1.24495
1.23518
1.22068
1.21441
1.20751
1.2112
1.21441
1.22037
1.22618
1.23045
1.23763
1.24991
1.27678
1.28303
1.28253
1.28125
1.28257
1.29772
1.2966
1.29481
1.28885
1.27372
1.27562
1.26369
1.25395
1.24573
1.23812
1.22044
1.21666
1.1948
1.19114
1.17819
1.17448
1.17155
1.1677
1.16776
1.15312
1.15437
1.15823
1.15988
1.16487
1.16653
1.17248
1.1733
1.18478
1.18531
1.19328
1.19369
1.20531
1.21419
1.22549
1.24161
1.26346
1.27889
1.30911
1.31663
1.341
1.34561
1.34117
1.33915
1.34255
1.33908
1.34594
1.34234
1.34565
1.34336
1.34603
1.34548
1.35121
1.35286
1.35856
1.36106
1.36269
1.3626
1.37195
1.37369
1.37567
1.37452
1.37475
1.37122
1.37085
1.36116
1.35055
1.34689
1.3361
1.32259
1.2906
1.27873
1.25789
1.24081
1.22881
1.21168
1.20662
1.19815
1.18738
1.18028
1.18368
1.18178
1.18049
1.17415
1.16309
1.15736
1.15368
1.13989
1.13761
1.12897
1.12269
1.11157
1.10824
1.10524
1.10655
1.10662
1.12459
1.14477
1.15896
1.17803
1.20383
1.2225
1.24687
1.26241
1.2821
1.29717
1.31034
1.31806
1.32397
1.32459
1.32708
1.32416
1.32811
1.32227
1.32416
1.31844
1.30307
1.27895
1.25208
1.22665
1.21632
1.21747
1.23087
1.2632
1.30398
1.34679
1.38272
1.38582
1.38607
1.38553
1.39709
1.39878
1.40477
1.39851
1.40035
1.40113
1.43172
1.44033
1.44966
1.45579
1.4673
1.47529
1.48992
1.49364
1.51002
1.51498
1.51845
1.51061
1.49061
1.46688
1.45309
1.43731
1.44136
1.44502
1.46316
1.48973
1.51917
1.54855
1.56687
1.58795
1.59481
1.59954
1.57866
1.56701
1.56169
1.56098
1.56297
1.56408
1.56609
1.56413
1.56982
1.56741
1.57151
1.57311
1.57763
1.57722
1.58422
1.57869
1.5811
1.57401
1.57187
1.57276
1.57883
1.56675
1.56024
1.55152
1.54491
1.537
1.53239
1.5321
1.54426
1.55851
1.57937
1.59942
1.62221
1.63028
1.62504
1.60768
1.60971
1.61215
1.62856
1.63936
1.66319
1.68309
1.70116
1.72552
1.7411
1.73859
1.72625
1.69315
1.67659
1.6442
1.60232
1.56235
1.5402
1.52534
1.51496
1.50501
1.5018
1.48986
1.48513
1.47569
1.47686
1.47835
1.48341
1.4852
1.49714
1.49888
1.51028
1.51227
1.51941
1.52145
1.52857
1.52859
1.53422
1.54227
1.55846
1.56624
1.57528
1.59462
1.59808
1.61688
1.65109
1.65762
1.65776
1.65345
1.64871
1.64217
1.63953
1.63861
1.63599
1.63176
1.62532
1.61019
1.59575
1.5789
1.56903
1.54377
1.52054
1.51052
1.50852
1.50687
1.50782
1.50717
1.50641
1.507
1.50454
1.50578
1.51018
1.50995
1.50184
1.49868
1.49768
1.48475
1.46912
1.45636
1.44492
1.43475
1.42529
1.41842
1.41429
1.41592
1.41831
1.41728
1.41571
1.41028
1.40691
1.40438
1.39833
1.39003
1.38375
1.37488
1.3693
1.36336
1.35911
1.35202
1.34779
1.3424
1.33687
1.329
1.32781
1.31821
1.31543
1.30821
1.30354
1.29653
1.29038
1.28432
1.28104
1.28125
1.28777
1.29092
1.30124
1.30342
1.30618
1.3094
1.31654
1.32347
1.3291
1.33447
1.3406
1.34766
1.35401
1.36026
1.36888
1.37129
1.37102
1.36856
1.36722
1.36619
1.36563
1.36768
1.37301
1.3771
1.38238
1.38986
1.40169
1.40887
1.41434
1.41742
1.42135
1.42677
1.4393
1.44893
1.46015
1.47429
1.4936
1.51968
1.54279
1.56028
1.57443
1.5846
1.59449
1.60483
1.62988
1.65826
1.70935
1.75253
1.78199
1.80162
1.80751
1.80802
1.80128
1.79465
1.79261
1.78941
1.78454
1.77424
1.77217
1.77485
1.78568
1.79223
1.80523
1.80788
1.80667
1.79628
1.77652
1.74575
1.70279
1.67748
1.66754
1.63959
1.60711
1.58237
1.59206
1.61696
1.63566
1.65559
1.67647
1.6921
1.70997
1.7139
1.70527
1.68718
1.66246
1.63784
1.62607
1.60918
1.59906
1.59439
1.58693
1.57696
1.57083
1.56429
1.56106
1.55305
1.56692
1.57944
1.59013
1.59613
1.61837
1.64411
1.66062
1.66956
1.67215
1.66741
1.65905
1.64425
1.63441
1.62311
1.60893
1.59628
1.59387
1.59078
1.59557
1.59809
1.6013
1.60527
1.60659
1.60909
1.61388
1.61456
1.61526
1.61676
1.61846
1.61969
1.62275
1.62081
1.61791
1.61561
1.61409
1.6117
1.60875
1.60729
1.60478
1.60021
1.59286
1.58494
1.57134
1.55095
1.53334
1.51445
1.49877
1.48193
1.47153
1.46974
1.46665
1.46889
1.48792
1.50755
1.52689
1.54512
1.57826
1.59956
1.60895
1.61111
1.61371
1.61262
1.60531
1.61215
1.61878
1.62762
1.6326
1.62001
1.60638
1.59805
1.59097
1.58756
1.58429
1.57813
1.5673
1.55769
1.55405
1.55501
1.54831
1.5458
1.54057
1.54362
1.54567
1.55112
1.55076
1.56257
1.56069
1.55835
1.55881
1.56086
1.55564
1.55717
1.55433
1.55672
1.55463
1.55933
1.56085
1.56864
1.57335
1.57459
1.58446
1.60084
1.59525
1.58995
1.56593
1.51888
1.48344
1.43031
1.39303
1.35584
1.31447
1.27792
1.24488
1.2244
1.20369
1.18365
1.15714
1.1427
1.12294
1.1109
1.0967
1.08571
1.07326
1.0721
1.06518
1.0542
1.03501
1.01429
0.988939
0.970144
0.954923
0.936721
0.917022
0.907595
0.898152
0.895666
0.888533
0.876766
0.868536
0.859999
0.852124
0.837578
0.804663
0.77074
0.747482
0.721207
0.687159
0.65742
0.62983
0.607563
0.587707
0.568417
0.546068
0.641363
0.62723
0.612046
0.648646
0.633306
0.617927
0.657751
0.645481
0.640401
0.69936
0.725331
0.76813
0.727691
0.794672
0.865664
0.768226
0.805714
0.824883
0.83143
0.814267
0.793127
0.7505
0.70439
0.650016
0.730568
0.699463
0.680865
1.0347
1.03604
1.03083
0.864947
0.859787
0.860266
0.802345
0.804856
0.809374
0.766817
0.768736
0.775333
0.777072
0.781999
0.780278
0.782081
0.788461
0.808625
0.834455
0.87734
0.916901
0.786972
0.80559
0.817719
0.755563
0.724485
0.689995
0.76733
0.763579
0.770034
0.726606
0.7261
0.725217
0.775433
0.788925
0.804027
0.730985
0.748952
0.775835
0.807169
0.834959
0.867432
0.895194
0.920874
0.950998
0.974799
0.99283
1.01659
1.03215
1.0732
1.1188
1.17845
1.20634
1.23451
1.22621
1.23071
1.21454
1.17049
1.12192
1.09548
1.06961
1.05616
1.03925
1.01925
1.00156
1.02066
1.0479
1.07523
1.08289
1.08321
1.0848
1.08393
1.08551
1.08762
1.09201
1.082
1.06533
1.05135
1.04637
1.05039
1.07194
1.10603
1.12708
1.1511
1.17052
1.16937
1.17467
1.18612
1.20031
1.22744
1.24996
1.27988
1.28957
1.31408
1.32596
1.34062
1.35918
1.3742
1.41052
1.46142
1.51455
1.56317
1.62486
1.67141
1.70231
1.72643
1.74442
1.77454
1.78241
1.79526
1.79683
1.79722
1.78461
1.77827
1.75041
1.73934
1.718
1.70804
1.71566
1.72204
1.71852
1.71886
1.7178
1.72368
1.72511
1.71736
1.70166
1.70797
1.72023
1.74725
1.76449
1.8167
1.85698
1.92187
1.95641
1.97697
1.98706
2.01177
2.0185
2.01405
1.99089
1.96765
1.95066
1.94593
1.94274
1.95772
1.969
1.96463
1.94876
1.92478
1.89663
1.91949
1.9242
1.94451
1.93754
1.9551
1.97869
1.99769
2.00557
2.04973
2.08313
2.1644
2.19974
2.23158
2.27449
2.29697
2.31458
2.32875
2.34415
2.37175
2.39489
2.42321
2.43764
2.44702
2.46471
2.4769
2.47698
2.50165
2.53612
2.58475
2.61502
2.65508
2.66028
2.67118
2.65631
2.62519
2.60098
2.57929
2.54482
2.53949
2.54451
2.5483
2.554
2.57114
2.57449
2.57371
2.57301
2.55199
2.5025
2.44458
2.37124
2.30869
2.26343
2.22838
2.18494
2.17422
2.18793
2.19247
2.1849
2.15682
2.13194
2.11437
2.09337
2.06565
2.0365
1.99584
1.95555
1.93257
1.91789
1.91012
1.91483
1.9165
1.9156
1.92791
1.9142
1.88576
1.86829
1.8627
1.86613
1.86901
1.87802
1.89471
1.90855
1.92168
1.91641
1.91226
1.89244
1.87133
1.85722
1.85979
1.88248
1.91113
1.94763
1.97555
1.98394
1.98817
1.99645
1.95422
1.88912
1.82183
1.74888
1.7047
1.66004
1.65714
1.66644
1.67539
1.68971
1.70714
1.7256
1.75556
1.7833
1.80343
1.83597
1.87186
1.89218
1.88068
1.87289
1.86488
1.87145
1.87845
1.87298
1.86236
1.84991
1.83247
1.8135
1.80637
1.79808
1.7869
1.77689
1.76973
1.76758
1.76092
1.75862
1.75948
1.75752
1.75844
1.7575
1.75741
1.75383
1.75394
1.7545
1.75714
1.76017
1.75711
1.75276
1.74659
1.73085
1.7137
1.70562
1.70051
1.69554
1.69302
1.68965
1.68788
1.68358
1.67757
1.67148
1.66404
1.66002
1.65242
1.65495
1.6503
1.64974
1.63555
1.62506
1.61161
1.59683
1.58087
1.56612
1.55137
1.53849
1.53019
1.52961
1.52435
1.52046
1.50568
1.49044
1.48052
1.48371
1.48956
1.49304
1.49152
1.48393
1.46892
1.45749
1.45422
1.45095
1.44903
1.45475
1.45317
1.45408
1.44415
1.439
1.41545
1.40181
1.39532
1.3896
1.39191
1.39313
1.39035
1.38235
1.3731
1.37322
1.37113
1.38262
1.39768
1.43981
1.47813
1.51831
1.55654
1.59265
1.62107
1.64966
1.65662
1.65886
1.65452
1.65465
1.6552
1.66065
1.65355
1.64804
1.63717
1.63014
1.61795
1.6146
1.60261
1.60435
1.60006
1.60339
1.59935
1.59917
1.58989
1.58937
1.58207
1.5836
1.57716
1.57604
1.56981
1.56634
1.55939
1.55265
1.5424
1.53776
1.52835
1.52419
1.5153
1.51622
1.51124
1.51537
1.51875
1.52398
1.53041
1.56438
1.58336
1.60855
1.62012
1.62106
1.60614
1.59918
1.56757
1.53575
1.47499
1.42363
1.37702
1.35203
1.35299
1.39515
1.45521
1.55787
1.62517
1.66619
1.70428
1.71014
1.69409
1.69045
1.68123
1.67472
1.66204
1.65121
1.64302
1.63865
1.63126
1.64465
1.65704
1.6756
1.68351
1.68793
1.67794
1.66713
1.66
1.64581
1.63926
1.64363
1.64831
1.65483
1.64649
1.6452
1.64001
1.64337
1.64319
1.644
1.63856
1.63893
1.6277
1.62678
1.61798
1.61211
1.6092
1.60796
1.60427
1.60668
1.6045
1.61168
1.61885
1.63275
1.65294
1.66646
1.67053
1.68247
1.67987
1.66389
1.65464
1.66505
1.66403
1.66678
1.66759
1.67295
1.66625
1.66368
1.64422
1.62774
1.60668
1.58356
1.56004
1.54954
1.54766
1.54757
1.54856
1.56016
1.58959
1.60449
1.57236
1.49789
1.42073
1.40317
1.39464
1.38415
1.36121
1.34534
1.34495
1.35838
1.36925
1.36526
1.32792
1.29786
1.28099
1.25955
1.24795
1.22776
1.21115
1.21514
1.24192
1.27302
1.29602
1.31135
1.29809
1.29159
1.29418
1.31311
1.31949
1.32462
1.32674
1.33713
1.35027
1.3569
1.35673
1.355
1.33823
1.30975
1.26733
1.23865
1.19783
1.17494
1.15821
1.14538
1.13855
1.13702
1.12873
1.12369
1.10981
1.09698
1.07523
1.05964
1.05091
1.04896
1.04727
1.0433
1.04039
1.0489
1.05441
1.07039
1.08448
1.0983
1.09988
1.10598
1.09716
1.09359
1.08949
1.08503
1.08095
1.08183
1.08064
1.08643
1.08611
1.0979
1.10821
1.12374
1.13363
1.14976
1.15666
1.16117
1.16129
1.16622
1.16631
1.17001
1.17371
1.17413
1.16998
1.16846
1.16724
1.16717
1.16294
1.16226
1.15825
1.16046
1.1647
1.17199
1.17645
1.18921
1.1909
1.18966
1.196
1.21781
1.24369
1.25628
1.26013
1.26839
1.27632
1.29877
1.31271
1.31817
1.33998
1.34723
1.37041
1.40926
1.44861
1.47651
1.47865
1.47215
1.45171
1.43605
1.42369
1.4149
1.41157
1.41143
1.41099
1.42058
1.42807
1.44062
1.449
1.45933
1.4617
1.46655
1.46536
1.46103
1.46013
1.45197
1.43925
1.44409
1.47149
1.50533
1.52652
1.54374
1.55914
1.57044
1.58148
1.62016
1.64956
1.64765
1.63831
1.64338
1.65016
1.67663
1.69891
1.7305
1.73588
1.75164
1.75708
1.76504
1.77333
1.77784
1.78112
1.77447
1.7667
1.75507
1.73961
1.73237
1.72435
1.72552
1.73507
1.74512
1.75784
1.77284
1.78454
1.78757
1.78132
1.77486
1.77645
1.78398
1.79354
1.8031
1.81028
1.81929
1.82486
1.8325
1.82965
1.82497
1.82228
1.81414
1.81409
1.81108
1.81741
1.83256
1.85424
1.87001
1.85584
1.83468
1.82057
1.80895
1.80878
1.82465
1.833
1.83673
1.83012
1.82936
1.82383
1.82106
1.81779
1.81927
1.817
1.81688
1.81805
1.81855
1.81844
1.81791
1.80704
1.79644
1.7793
1.76501
1.75363
1.74276
1.72182
1.69821
1.68111
1.66502
1.65191
1.64392
1.63736
1.62523
1.62593
1.62746
1.63079
1.63759
1.63866
1.64106
1.6366
1.63259
1.62346
1.62222
1.62169
1.6162
1.61027
1.60015
1.59538
1.5928
1.58864
1.58783
1.58795
1.58747
1.58452
1.57718
1.57434
1.56661
1.56832
1.57017
1.57468
1.57177
1.57213
1.56857
1.55996
1.54582
1.51765
1.47992
1.43733
1.38851
1.34087
1.30469
1.26992
1.24109
1.21173
1.18672
1.16214
1.13995
1.11472
1.09283
1.08808
1.10124
1.12765
1.14091
1.15469
1.17648
1.19427
1.21334
1.23433
1.25801
1.28065
1.30692
1.33444
1.36514
1.39344
1.42236
1.44746
1.46859
1.46861
1.47061
1.50053
1.52377
1.55607
1.58861
1.59527
1.59304
1.63473
1.65848
1.67878
1.71386
1.73886
1.77516
1.7812
1.7758
1.76531
1.75469
1.75005
1.74911
1.74891
1.74261
1.73804
1.7343
1.72797
1.73018
1.7243
1.71816
1.71824
1.72213
1.72482
1.73685
1.75325
1.7627
1.77713
1.7899
1.7985
1.81086
1.81676
1.81268
1.78391
1.74857
1.71529
1.69341
1.68031
1.66947
1.66453
1.65834
1.65447
1.65633
1.66688
1.66957
1.66287
1.65649
1.64916
1.64163
1.63336
1.62673
1.61815
1.6021
1.58899
1.57726
1.5685
1.55895
1.54984
1.53826
1.52712
1.51571
1.50659
1.4949
1.48391
1.47467
1.46368
1.45729
1.45064
1.44374
1.44115
1.43588
1.42732
1.42222
1.42101
1.41916
1.41698
1.4169
1.41478
1.40702
1.3975
1.38354
1.37556
1.36819
1.36343
1.35968
1.35849
1.36025
1.36888
1.37326
1.38319
1.38849
1.39089
1.39355
1.398
1.40119
1.41175
1.41657
1.42865
1.43933
1.45208
1.46357
1.47963
1.49903
1.5303
1.54578
1.55578
1.57246
1.58757
1.60493
1.62298
1.63744
1.65292
1.66532
1.68274
1.68844
1.69308
1.69466
1.69802
1.68518
1.66381
1.63436
1.6087
1.58555
1.58703
1.59789
1.60617
1.60403
1.60929
1.6119
1.61189
1.62692
1.64067
1.65871
1.67638
1.69046
1.69955
1.7036
1.7099
1.7101
1.7101
1.71443
1.72484
1.73271
1.71678
1.67022
1.62274
1.57488
1.52447
1.48297
1.45148
1.41225
1.3881
1.36474
1.34694
1.33108
1.31784
1.3086
1.2995
1.28954
1.28264
1.2648
1.24503
1.21591
1.18335
1.14854
1.14968
1.14443
1.12757
1.11193
1.09525
1.0762
1.05857
1.03882
1.02072
1.00649
1.00285
1.00117
1.00377
1.00374
1.0049
1.00194
1.00879
1.01383
1.02183
1.03735
1.04831
1.05973
1.06984
1.06705
1.06424
1.05876
1.05878
1.05508
1.05437
1.0539
1.05717
1.05881
1.06433
1.06674
1.07504
1.07969
1.08595
1.08555
1.08918
1.09515
1.11296
1.13456
1.15723
1.1839
1.21316
1.24744
1.28146
1.30675
1.33538
1.35178
1.36538
1.3789
1.3862
1.38667
1.39467
1.3994
1.40773
1.41931
1.43027
1.44113
1.46291
1.46969
1.47758
1.48125
1.48763
1.49019
1.49695
1.51104
1.5236
1.53553
1.54461
1.54747
1.5518
1.54646
1.54165
1.53403
1.53205
1.5193
1.50818
1.50649
1.51292
1.51519
1.5188
1.52087
1.5159
1.48936
1.48104
1.48012
1.47734
1.47997
1.49239
1.47822
1.47283
1.47459
1.46883
1.44452
1.42907
1.41981
1.41444
1.40696
1.40354
1.39846
1.38809
1.38137
1.37923
1.37641
1.37778
1.37534
1.37864
1.37518
1.37869
1.37428
1.37217
1.36508
1.35683
1.34921
1.34473
1.34204
1.33896
1.33376
1.32858
1.31467
1.30343
1.27233
1.26249
1.25345
1.24951
1.24263
1.23722
1.22975
1.22657
1.22243
1.21841
1.21632
1.2173
1.21398
1.21253
1.20271
1.19259
1.18035
1.16996
1.16068
1.14952
1.14048
1.13634
1.12948
1.12183
1.11719
1.11668
1.11309
1.11455
1.11317
1.10938
1.09868
1.09072
1.0791
1.07038
1.05541
1.04315
1.03907
1.03738
1.03013
1.02526
1.0102
0.998015
0.985065
0.971296
0.955692
0.949135
0.939181
0.957961
0.948089
0.936875
0.926719
0.910957
0.899275
0.959912
0.945071
0.933478
0.923644
0.916484
0.90667
0.939269
0.926825
0.918707
0.909032
0.895856
0.893532
0.926036
0.917574
0.913592
0.907531
0.903258
0.896812
0.93635
0.931063
0.931738
0.929371
0.934508
0.929961
0.929304
0.930888
0.92738
0.923861
0.923936
0.919538
0.919684
0.921241
0.912141
1.00787
1.01553
1.01141
0.953697
0.944317
0.928259
0.959032
0.940037
0.914971
0.935191
0.9165
0.901097
0.88134
0.862943
0.845973
0.824123
0.789839
0.771624
0.743944
0.727174
0.69758
0.695585
0.708394
0.729377
0.766112
0.802818
0.841669
0.820507
0.848845
0.856025
0.861924
0.86029
0.858627
0.862015
0.859013
0.857968
0.858568
0.863283
0.870349
0.87579
0.871604
0.851131
0.883768
0.848513
0.785031
1.05696
0.922388
0.779136
0.926664
0.820887
0.733918
0.724183
0.65501
0.592813
0.550201
0.502754
0.468668
0.459257
0.463231
0.469743
0.476692
0.480382
0.479782
0.473247
0.46821
0.457206
0.437941
0.414426
0.385436
0.354897
0.322477
0.301427
0.309173
0.318994
0.327017
0.332522
0.340064
0.335947
0.313327
0.291408
0.261071
0.231885
0.210017
0.182411
0.159843
0.147432
0.14539
0.145185
0.141715
0.112553
0.0721135
0.0341159
-0.0108661
-0.0674564
-0.124037
-0.172608
-0.207653
-0.210117
-0.198549
-0.180726
-0.164317
-0.147994
-0.155423
-0.180364
-0.209046
-0.238397
-0.261047
-0.275105
-0.275086
-0.271075
-0.246149
-0.224139
-0.205402
-0.197352
-0.187145
-0.178217
-0.180781
-0.19072
-0.200968
-0.219352
-0.239143
-0.243194
-0.244772
-0.240917
-0.230917
-0.215384
-0.238487
-0.30293
-0.3567
-0.353394
-0.352019
-0.32429
-0.301743
-0.235892
-0.237358
-0.3522
-0.336298
-0.328204
-0.328065
-0.319723
-0.327463
-0.32977
-0.326758
-0.325507
-0.326167
-0.323801
-0.324538
-0.324052
-0.324084
-0.323976
-0.325319
-0.322851
-0.322832
-0.328725