48.4421
49.2842
48.2947
48.1684
47.6211
47.1158
48.1474
48.0842
47.5368
47.1158
46.9474
47.0316
47.0526
49.8105
46.7368
46.1474
45.5789
46.2316
46.9684
47.5158
48.1474
48.8421
48.4211
48.0211
48.8
47.9789
46.7158
46.2105
45.9579
45.3263
47.3895
49.5579
50.0211
50.6316
48.0842
49.0526
48.9053
49.6421
49.4947
49.2632
48.1053
47.4737
46.5684
46.2737
46.1895
46.6526
46.2947
46.8
47.6211
48.0211
50.0421
50.5895
50.2947
49.7895
50.2526
51.4947
51.1789
50.5684
49.3684
48.3789
48.4421
49.4526
50.5684
50.6947
50.8
50.4632
49.6632
48.7789
50.5474
50.6105
51.5158
51.1368
51.6421
51.6632
50.7158
49.8316
49.8316
49.9158
50.1895
51.4316
52.3789
53.7263
55.3053
56.4421
55.4105
54.7368
54.1053
53.8316
54.8211
55.7474
54.8632
52.8632
52.5474
52.3368
53.1368
52.6737
53.6211
53.9158
51.9789
52.9263
53.1789
52.7368
52.0421
52.0421
52.8421
52.7158
53.4526
54.5895
55.7263
57.4105
57.9579
56.7789
55.7263
54.0211
54.5895
54.4
52.9474
50.7789
54.5053
55.2632
49.8737
49.7474
47.7684
52.1474
51.2
49.2842
50.2316
49.9579
48.8421
48.6526
53.4316
55.2421
50.1474
51.2211
49.3053
48.1263
53.3474
54.2316
48.9684
48.7368
49.1368
53.6211
51.6842
53.0316
49.9579
50.0842
49.2211
47.3053
51.4737
47.1579
48.6316
47.8947
52.6316
51.2421
53.2211
53.2632
52.2947
51.5368
51.1789
51.2421
50.9263
51.0316
51.2
51.0526
50.5053
50.6105
50.5053
50.2526
48.6947
47.7474
47.7053
47.2842
46.7368
47.1158
46.8
46.5474
46.0632
42.3158
44.1474
42.9263
42.4632
43.1368
43.5789
43.3053
44.1474
44.5895
44.8
44.9895
44.6947
44
42.9263
42.6526
41.7684
41.2632
40.6947
40.3579
39.8947
39.7474
40.1474
40.3368
43.3684
43.9789
43.8105
42.7368
43.4737
42.8632
42.5684
42.2737
42.2737
42.1474
46.6105
42.5895
42.9684
43.0737
44.3158
43.8737
43.9368
44.1263
44.2947
43.9579
43.2421
46.4
43.4526
43.7474
43.8947
43.9789
43.8947
44.0211
43.8947
43.3053
42.3368
42.1684
41.6421
41.3895
41.1158
41.2632
41.3895
41.4105
39.5368
41.0526
38.8
39.0737
39.3053
39.0737
38.8211
38.9263
38.7368
39.0737
39.1368
39.0105
39.0526
38.9474
38.8
38.8
39.1158
38.8211
38.9263
42.1053
42.2105
42.1895
42.3579
42
42.1053
42.3158
42.1684
42.3158
42.6947
42.9474
42.8842
42.7789
42.5263
42.3789
42.6105
42.4632
42.4632
42.6105
42.8632
42.9053
42.4632
42.5474
42.7579
42.7789
42.7789
43.1158
43.2211
43.3895
43.0526
42.9895
43.2421
43.3684
43.0737
43.4526
43.4105
43.1158
42.9474
43.0947
43.3474
43.4316
43.6211
43.1368
42.9684
43.0526
42.9474
43.0947
43.0947
44.8842
44.9684
42.4842
42.3158
44.6316
44.6105
44.5895
44.3158
73.8526
44.0211
43.8947
43.3474
72.8842
73.1368
42.4842
42.7158
42.6947
42.5263
42.1895
41.7684
41.6632
42.0421
42.2947
42.1684
42.4632
42.6526
43.0526
43.2
43.3053
43.6632
43.3895
43.5368
42.9263
42.9895
43.5789
43.4737
73.8316
43.8105
42.2105
41.8316
43.7263
43.8737
42.2316
42.1053
42.1263
42.2526
42.2526
42.3789
42.7158
42.3579
42.2316
42.3579
42.4842
42.5895
42.4842
42.6316
42.6105
42.7158
43.0947
42.8211
43.0526
43.5158
43.0737
43.2632
42.8632
42.6947
43.3263
43.1789
42.9053
42.9895
42.8
42.6947
42.6737
42.3158
42.6526
42.5684
42.8211
42.3789
42.2316
42.3158
42.5895
42.5263
42.7579
42.6737
42.9053
43.0526
42.5684
42.6316
43.0105
42.8421
42.6737
42.4
42.5263
42.5895
42.5053
42.6737
42.4632
42.2947
42.5895
42.4
42.5263
42.5263
42.6737
42.3789
42.4632
42.7579
42.9895
42.9053
43.0105
42.7158
42.8211
43.1158
42.9053
43.2842
43.3684
43.4316
43.7895
43.2632
43.2842
43.2211
43.4526
43.4526
43.4737
43.5368
43.1368
43.1368
42.9263
43.3895
43.1579
43.4526
43.1579
43.6
43.5368
43.4737
43.4316
43.5789
43.6842
73.2632
43.6211
43.7474
43.8947
43.6842
73.3684
43.6421
43.5158
43.8316
43.5579
43.7684
73.5789
73.4526
73.0947
43.4947
43.4947
44.0421
44.1263
41.9579
43.6632
43.3474
43.2211
41.6
42.7579
43.0737
41.9579
42.4632
42.4632
42.5684
41.5158
41.7053
41.9158
42.7368
42.6737
44.4842
44.4632
43.8947
44.0842
42.6316
42.5053
42.2737
42.4842
42.2526
42
42.2737
42.1684
41.9579
43.2211
43.3474
42
43.1789
41.7263
41.8737
41.9368
41.9158
41.9579
41.9368
42.2737
42.3789
42.3789
42.2316
42.4421
42.4
42.5263
42.1053
42.0211
42.2526
42.1895
42.3789
41.8947
43.4105
43.9158
43.5579
43.4947
43.3684
43.7263
43.5158
43.7053
43.3895
43.1368
43.4316
43.4737
43.7263
43.3895
43.5158
42.9474
42.9474
43.0316
43.0737
43.0947
43.0526
42.8
42.9263
41.7263
41.5368
41.2842
41.6
42.2947
42.2947
42.0421
42.1895
42.0421
42.1263
41.5579
41.3263
41.6421
41.8737
41.9579
41.6421
42.0632
42.9895
41.8526
41.7474
41.8737
41.7053
41.8737
41.8526
41.6211
42.9263
42.9263
42.8211
42.7789
42.6737
41.4737
41.6211
42.9474
42.8632
42.5684
42.7368
42.7579
42.9895
41.7474
41.8737
41.6842
43.1368
42.9684
43.2421
43.3053
43.4316
43.3684
43.3474
43.3895
42.9895
43.2632
42.8842
43.3474
43.3263
43.3684
43.9158
43.9579
43.7895
43.4105
43.6
42.9053
43.0737
43.7053
43.6211
43.6842
42.2526
42.0211
42.3158
42.3579
44.0421
44.0421
43.5789
43.4947
43.7263
43.5579
43.7053
43.0316
43.0737
43.3263
43.3053
43.3684
43.1789
42.9263
42.5684
42.5684
41.8947
41.8316
41.8526
42.3789
43.7474
43.8947
42.3579
43.9579
43.7684
43.9158
44.0632
43.7053
43.8316
43.6842
43.3895
43.2632
43.1789
43.3263
43.3053
43.7684
43.8947
43.4526
43.6
43.6632
43.5579
43.5158
43.6211
43.9789
43.6421
43.5368
43.5158
43.2
43.2
43.0947
42.8632
43.0316
43.3053
43.3474
43.1158
43.1158
43.5368
43.9158
43.9158
44.6947
44.7158
44.6105
44.4632
44.3368
43.8526
43.7684
43.7474
43.7895
43.7263
43.7684
43.4105
43.5579
43.4526
43.4316
43.6421
43.8526
43.8526
43.7053
43.1579
43.1789
43.5158
43.1579
42.9053
43.1158
43.0947
43.1368
43.0316
42.6947
43.2
42.9895
43.2
43.0316
43.4526
43.1789
43.2842
43.1368
42.8
42.8
42.8421
42.8421
43.0316
43.1368
43.5579
43.4947
44
43.5579
43.6421
43.6842
43.8947
43.7263
43.7895
43.7263
43.8105
43.7684
43.7474
44.0632
44.0211
44.3579
44.4632
44.6947
74.0211
44.6316
44.4
43.9789
43.7053
42.7158
42.5053
42.6316
42.5263
42.3789
42.1474
42.1053
42.3579
42.5474
42.8632
42.5895
42.8211
42.5895
42.7579
43.0947
43.1789
43.2842
42.9263
42.7789
43.0316
43.1789
43.5368
43.0105
43.4105
43.3474
43.3263
43.0947
43.0105
43.4316
43.3263
43.1789
44.0421
44.4632
44.2316
44.0632
46.5895
46.7579
46.2316
45.9368
45.7474
43.1789
43.4316
43.4526
43.4316
43.3263
43.2842
43.2421
43.1158
43.2
43.3263
43.2211
43.2842
43.2842
43.3474
43.3895
43.4316
43.6632
43.6632
43.8316
43.8105
43.8526
43.7263
43.8316
73.3895
73.7474
44
43.5789
43.6421
43.6211
43.1579
42.8842
42.3579
41.8526
43.3263
42.5684
71.5368
71.2632
42
43.0316
44.3789
42.9263
43.2211
43.0526
43.2421
43.5158
43.0316
43.2211
42.8632
42.8842
42.9053
42.8632
42.8
42.5263
42.4
42.2316
42.1053
42.0211
41.9158
42.1474
42.3158
42.5684
42.2316
42.5263
42.2947
42.2526
42.8
42.4
42.7789
42.6316
42.8211
43.5789
43.4316
43.2842
43.0947
43.0737
45.2842
45.5579
44.9684
44.6737
44.6737
44.4632
44.6316
44.6316
44.2737
42.1684
42.2947
42.1474
42.2105
42.5263
42.4
42.2526
42.5684
42.3158
42.5684
42.6526
42.4842
42.8211
42.6316
42.7579
42.5895
42.8842
42.5895
42.5053
42.8842
42.4632
42.5053
42.6947
42.7579
42.4211
42.5684
42.1684
42.3789
42.2526
42.5263
42.7368
42.3789
42.6105
42.5895
42.2105
42.3789
42.2737
42.5474
43.0526
43.5158
43.6211
43.0526
42.9053
42.6316
42.2737
42.3579
42.1684
42.3158
42.2105
42.0632
41.9368
41.9579
42.1684
42.2316
42.1474
42.1474
42.4421
42.8
42.6737
42.6737
42.4421
42.7368
42.5263
42.7579
42.6737
42.7158
42.8632
42.8211
42.7579
42.9053
42.8842
42.4
42.2316
42.6737
42.4632
42.5053
42.4842
44.6737
44.5895
44.3579
45.0316
44.9474
44.4211
44.1263
42.8
42.5263
42.4
42.5263
42.2316
42.3158
42.5263
42.5053
42.1895
42.8211
42.4
42.6737
42.3789
42.5474
42.6947
42.7368
42.7158
43.0105
42.9474
42.7368
42.6947
42.5895
42.6947
42.2105
42.3789
42.5474
72.5474
42.6737
42.6316
43.1368
43.0526
43.2421
42.9684
43.0737
42.6737
41.4316
41.2842
41.4526
41.4947
41.6
41.3684
41.2421
41.2842
41.2211
41.2211
41.2211
41.2421
41.1368
42.5895
42.5895
42.8632
42.9053
42.8632
42.6737
42.7789
42.9053
42.7789
42.6105
42.7158
72.4842
72.6526
42.7579
43.3053
43.5158
43.1158
42.8842
42.6316
42.8
44.6105
44.1474
44.5474
44.8
44.8421
44.9474
44.5895
44.9263
44.8
45.1368
45.3474
44.8421
45.5368
44.9263
45.1368
44.9895
44.9684
42.3158
42.6947
42.8
52.4211
52.2105
52.2105
52.0842
52.2947
52.2737
52.4842
52.2316
52.2316
52.9895
52.9263
52.6105
55.4105
52.5053
52.3789
52.3789
52.3158
52.3789
52.1684
51.8526
51.8316
51.5368
51.7684
51.8526
52.1684
52.4632
52.3158
52.3368
52.2105
51.9158
51.9158
51.8105
51.7263
51.9579
51.8316
52.2316
51.8526
51.5789
51.9368
52.0211
52.0632
52.1053
51.9158
51.8526
51.7053
51.7684
51.9158
51.7684
51.7474
51.7474
51.6
51.5789
51.3474
51.2632
51.3684
51.5789
51.4105
51.4526
51.4737
51.5158
51.4526
51.3895
51.4526
51.4737
51.4947
51.4316
51.4947
51.2842
51.8105
51.5368
51.5789
51.7474
51.7474
51.7053
52.0842
51.3895
51.3684
51.2421
51.1789
51.1579
51.7263
51.8105
51.8526
51.7684
52.1263
53.4316
53.3053
52.9053
52.7368
52.8632
52.6105
52.7158
52.6526
52.3368
52.2947
51.9368
52.4842
52.3158
51.6421
51.8737
51.8947
51.9579
51.9579
51.8737
51.5789
51.7263
51.7684
51.7053
51.8526
52
52.0421
51.4947
51.5368
51.6211
52.0211
51.6632
51.6632
51.7263
51.5579
51.0947
51.3895
51.4105
51.4316
51.0737
51.0526
50.9684
50.9895
51.2421
51.2632
51.0105
50.9474
42.2526
50.6737
50.9684
50.8632
51.0105
51.0947
51.0316
50.9684
50.6316
50.8632
50.7789
51.1579
50.9263
50.9895
50.9053
50.9684
51.0105
50.9263
51.3053
51.8947
51.6
51.4316
51.1789
51.0316
50.9474
51.2632
51.2842
51.2421
51.5579
51.3895
51.4105
51.3684
51.5789
51.0737
51.2842
51.3684
51.1368
50.9895
50.9474
50.6316
50.9474
50.8
50.7368
50.8421
50.9263
50.9684
50.7789
51.1579
51.3684
51.4105
51.2632
51.0737
51.2842
50.6526
50.4842
50.8421
50.6526
51.0105
50.8421
50.5895
50.7158
50.8211
50.7368
50.3368
50.6105
50.7158
50.9053
50.6105
50.6947
50.5053
50.5684
50.0842
50.4421
50.2737
50.1684
50.2737
50.1684
50.3789
48.7789
48.9684
49.0316
50.3579
50.4842
50.4211
49.3684
49.3474
50.9684
51.3895
51.5368
51.6632
51.1368
50.8842
50.6947
50.0421
49.8526
49.8105
49.9579
50.1474
49.6632
49.9789
49.8737
49.7053
49.8105
49.7895
49.7895
42.5263
50.3158
50.1053
49.9789
50.1263
50.5895
50.2947
50.2105
50.2737
50.0421
50.3789
50.4842
50.1895
49.8947
49.7053
50.0842
50.1263
49.6
49.7053
49.5579
49.6842
49.6211
49.6211
50.0421
49.8947
49.9368
50.5684
50.4421
50.3158
50.3158
50.2947
50.2105
50.2737
50.2947
50.3789
50.6737
50.4842
50.3579
50.2947
49.8737
50.0421
50.0211
49.9579
49.9579
50.3368
50.3368
50.0842
50
50.1053
49.9579
50.0842
49.8947
50.0632
49.7263
49.8316
49.6842
49.6632
49.3684
49.5789
49.3895
49.2632
49.0526
48.7158
48.7368
48.7579
48.7158
48.9263
48.9895
48.8421
48.9263
48.9684
48.9895
48.9474
48.8421
48.7579
48.9053
48.8842
48.7368
48.5684
48.6105
48.9895
48.9263
49.0316
49.8947
50.3368
50.3579
43.6
49.8737
49.9368
49.6842
49.4526
49.7263
49.6632
49.6421
49.4947
49.1579
49.0737
48.9474
49.2211
48.9895
49.0316
48.7579
48.8632
49.1368
49.0526
48.6316
48.8211
48.4842
48.9684
48.8632
49.0105
48.8421
48.6316
48.5895
48.8211
48.5474
48.7789
48.9263
49.0526
49.1158
48.5895
48.7158
42.5263
48.4421
48.6105
48.4
48.4632
48.7579
48.5053
48.2947
48.4842
48.1684
48.3789
48.2947
48.4421
49.3263
49.5368
49.2421
49.1158
48.8632
48.7579
48.5474
48.9263
48.9053
48.6526
48.3158
48.4
48.3789
48.6105
48.4632
48.2947
48.3368
48.1895
48.4632
48.0632
48
48.4
48.6947
48.9263
48.6105
48.6526
48.8
48.7579
48.3789
48.4211
48.5474
48.7158
48.9474
48.5684
48.5895
48.6105
42.9053
48.6105
48.7789
49.0105
48.5895
48.2526
48.4632
48
48.1263
48.0632
48.2526
48.1263
48.0632
47.8737
47.8105
47.7474
47.8316
48.1895
48.2526
48.4211
48.1474
47.9368
48.1263
48.4211
43.1579
48.1684
48.2526
48.3368
48.3158
48.2737
47.6632
47.6842
47.8526
47.7895
47.5789
47.8105
48.1895
48.0421
48.1053
47.9368
48.1895
47.8737
47.9158
47.8526
47.9789
47.9158
47.9579
47.5789
47.7895
47.3474
47.6632
47.8316
47.7895
47.4316
47.4105
47.3053
47.4947
47.3474
47.4316
47.6
47.6
47.6421
47.4526
47.4105
47.5368
47.6842
47.9158
48.1684
48.5474
49.0105
48.5474
48.6947
49.0316
48.7789
48.9053
48.6737
48.3789
48.6526
48.6105
48.8421
48.9053
48.1474
48.1474
48.0421
47.8947
46.3579
46.4
46.2316
46.3579
46.2526
46.4421
46.4211
46.5053
46.4211
48.2526
47.7895
47.7474
46.3368
46.3789
46.5263
46.4842
46.6105
46.6316
46.7579
46.5474
48.4211
46.8
48.4211
47.1368
48.6947
47.1368
47.1579
47.3263
47.0737
48.7789
48.6947
48.3158
48.1263
48.0842
47.8947
47.5789
47.2632
47.1789
46.9684
47.3684
47.2211
46.9474
47.0737
47.3263
47.5368
48.0211
47.8105
48.1684
48.1053
47.9368
47.7895
47.5579
47.2211
47.2632
47.6632
47.3895
47.3053
47.8316
47.3263
47.3895
47.1368
47.2
47.1579
47.4737
47.2
47.0316
47.2421
47.2632
46.7579
46.4632
46.0842
45.5368
45.5579
45.4526
45.4947
45.3474
45.4737
45.5368
41.8737
42.4842
45.7684
45.8316
45.9789
46.1684
46.1895
42.7789
46.5263
46.1053
46.5684
46.4842
46.5053
46.5263
46.5053
46.4
46.4842
47.0105
47.4105
47.4947
47.6632
47.6
47.5789
47.3474
46.5474
46.6105
46.6737
46.8632
47.1158
46.9895
46.9053
46.9053
46.7789
46.4632
46.2316
46
46
46.0211
46.3158
46.4211
46.2526
46.8632
46.5895
46.5263
46.2737
46.1474
45.3895
45.1789
45.0316
45.0737
45.0105
44.3368
44.7368
44.6947
44.3368
44.2105
44.4
44.5474
44.3368
44.2105
44.4211
44.6105
44.7789
44.6105
44.6526
44.4632
44.6947
44.9263
45.4526
44.8421
43.6
43.9368
45.2421
44.9474
45.2421
45.4526
43.9789
44.0632
44.1053
44
44.1474
44.1895
44.0842
44.0842
44.2947
44.2947
44.2316
46.1053
44.6316
44.6316
45.7684
45.4105
44.7158
44.4421
44.5684
43.8316
43.9789
43.8737
45.2
44.7158
44.6105
44.4842
44.4
44.8421
45.1158
44.9474
44.7158
44.8842
45.0316
44.6316
45.0316
44.8842
45.0105
44.7158
44.5474
44.6105
44.3368
44.2316
44.1474
44.4842
44.2526
44.1684
44.3368
44.2737
44.5895
44.3158
44.3158
44.3158
44.3158
44.2737
44.6105
44.5263
44.2105
44.6526
44.1895
44.3789
44.5684
44.2105
43.7684
43.5789
43.6211
43.7474
43.6842
43.6842
43.5158
43.5789
42.6316
42.8421
43.6632
42.8632
43.3053
43.3053
42.9895
43.9368
44.3579
43.5368
43.7895
43.4737
43.6
43.4316
43.4526
43.4316
43.0947
43.3263
42.9474
42.8421
42.7579
42.3789
43.6
43.5579
43.4947
43.2421
43.3684
43.2632
43.4316
43.2421
43.6842
43.6211
43.6842
43.7263
43.4947
43.6842
43.4526
43.8526
43.7263
43.6632
43.4947
43.3684
43.0947
43.1579
43.1368
42.9895
42.9684
43.2632
43.3474
43.3684
43.2211
43.4105
43.3684
43.3263
43.4105
43.3895
44.0632
44.4211
44.9474
44.0632
43.3895
42.8842
43.2211
43.2632
43.5158
43.1579
43.1579
42.9263
42.9684
42.9474
42.8632
42.8211
42.7579
42.5895
42.4632
42.6947
42.8211
42.7368
42.6105
42.0632
41.9579
41.8316
41.7263
41.8105
42.1474
42.5474
42.3579
42.2316
42.1684
42.1684
42.6526
42.6105
43.4737
43.4947
43.1158
43.0737
42.9474
42.7789
42.5895
42.8421
43.0105
42.9684
43.7474
44.1263
43.8316
43.1158
42.8211
42.7158
42.4211
42.5263
42.5053
42.8211
42.9263
42.9474
43.1368
43.0105
42.8
43.1789
42.9474
43.6211
43.6211
43.8737
43.8105
43.5579
43.3474
43.0737
42.7368
43.0526
42.9895
42.9684
43.4737
43.0316
43.3053
43.2421
43.1368
43.0737
43.0947
43.1579
43.5158
43.3684
43.7474
43.6842
43.4105
43.7684
43.1368
43.1789
43.2211
43.0947
43.1789
42.9263
42.6526
42.1263
42.1895
41.9158
42.1474
42.1263
41.9579
41.9158
41.8737
41.7684
42
41.9789
42.0632
41.6
41.6211
41.7895
42.0842
42.4
41.8105
41.7053
43.0105
43.4737
42.9263
43.0947
43.0737
42.9263
42.7158
42.4632
42.4842
42.6316
42.5474
42.2316
42.2105
42.3368
42.0421
42.0842
41.8947
42.2316
42.1895
42.3579
42.1474
42.1474
42.4
42.0842
42.1684
41.9789
41.8737
42.0842
42.1053
42.1053
42
42.1895
42.0842
42.1684
42.0421
42.2316
42.2105
42.0211
42.2737
42.4
42.1474
42.3368
42.1474
42.2526
42.0842
42.2526
42
42.0211
42.0632
42.2316
42.9263
43.2
42.8421
42.5684
42.2105
42.3158
42.3579
42.2316
42.0421
42.1684
41.9368
41.7684
42
41.9789
41.8737
41.9158
41.6421
41.5579
41.6842
41.7474
42.0842
41.7895
41.4947
41.6421
41.4737
41.2842
41.2632
41.1158
41.0105
40.8421
40.8842
40.8
40.6526
40.9474
41.0105
40.9263
40.9474
40.9684
40.8421
41.0105
41.0947
41.1579
41.3053
41.2842
41.4737
41.4316
41.4316
41.3053
41.3684
41.3053
41.1579
41.1158
41.2421
41.4526
41.5789
41.6
41.8316
41.2421
41.0737
41.4526
41.4947
41.8526
41.8737
41.6632
41.9579
41.6
41.7895
41.3684
41.3263
41.3474
41.6632
41.7684
41.8737
41.7684
41.6211
41.7684
41.7053
41.6211
41.7263
41.7684
41.8316
41.7263
41.5579
41.5789
41.3474
41.6842
41.8526
41.7053
39.7263
39.7895
38.7368
38.7158
38.5895
39.3895
38.3789
38.6316
40.4421
40.3368
40.4211
40.0211
40.9053
40.9684
40.4842
40.2947
40.2316
40.2316
40.4632
40.2947
40.4
40.4211
40.4842
40.5053
40.1053
39.8737
40.3579
40.1053
39.7474
39.4105
39.5368
39.4947
39.3263
39.5789
39.3684
39.5158
39.7053
39.7263
39.7053
39.6211
39.9789
39.7684
39.8316
39.7474
39.7263
39.8526
39.8105
39.7263
39.6632
39.8105
39.8737
39.8737
38.2947
38.9053
39.0105
39.2842
40.6947
40.2526
39.9579
40
40.2737
39.9579
39.8105
39.9789
39.9158
39.8737
39.6211
39.5789
39.6421
39.5579
39.6211
39.8526
39.4947
40.0632
39.7053
39.6842
39.7053
39.7474
39.6
39.8105
39.9789
39.7263
39.8947
39.9158
40
39.9368
40.3579
40.1053
40.0211
39.8737
40.0421
40
39.7474
39.7474
40.0842
39.7684
39.7053
39.5579
39.4737
39.2211
39.1789
38.6737
38.6947
38.7368
39.2842
39.3895
39.4737
42.8421
39.7684
39.8526
40.1895
39.7684
39.8316
39.9368
40.6947
41.2
40.9474
41.1579
40.6737
41.2421
41.0526
40.6316
40.7579
40.8
40.9684
40.6316
40.4421
40.6526
40.8211
40.4421
40.2105
40.1684
40.0842
39.9579
39.6632
43.3474
39.9158
39.4316
42.2316
42.9053
42.2947
42.7158
41.8947
42.4
41.7474
41.3895
41.8526
42.1895
42.3789
42.6526
42.2947
42.5684
42.2947
42.1895
41.3263
41.6842
41.7895
42.2526
41.8737
42.2947
41.6211
41.8947
41.8526
41.8105
41.7895
41.7895
41.8526
42.0842
41.9368
41.4737
41.7895
42.0421
41.7263
42.1474
42.1895
41.8316
42.0842
41.8526
42.1263
42.2316
42.1263
42.2947
42.7368
42.6526
42.3368
42.2737
41.7263
41.6
41.3684
41.0737
41.0316
41.0105
40.7158
40.8632
40.9053
40.8211
40.8211
40.7368
41.0105
41.1158
40.9895
44.5474
41.1579
41.0737
41.1368
40.9263
40.8632
40.9895
41.1579
40.5053
44.1895
40.5684
41.0737
40.9474
40.8842
41.1789
41.0526
40.9263
40.4842
40.4
40.6316
40.5895
40.1684
40.1263
39.9368
39.4947
39.1579
39.4737
39.6421
39.5368
39.7053
40.2105
40.5263
40.7579
41.1789
41.2842
40.8211
41.2421
41.2842
41.0105
40.9053
40.3789
40.1895
39.7895
39.6421
39.7684
39.7895
39.5368
40.1684
39.8737
39.2
39.2421
39.3474
39.6421
40.0211
39.8947
40.6316
40.1895
40.2737
40.2105
40.4842
40.3789
40.2737
40.5263
40.2105
40.1053
39.9158
39.8316
43.3053
39.5579
39.4526
39.6421
39.4737
40.0632
39.9158
39.9158
39.7684
39.8316
40.0421
43.5368
40.2105
40.2316
43.9158
40.2526
40.1474
40.4421
40.5684
40.4632
40.3579
43.8105
40.3368
40.1474
40.1263
40.0421
40.2947
40.2737
40.3579
40.3789
40.1684
40.0421
39.6842
39.7895
39.6632
39.7263
39.7263
39.8105
39.4316
39.1789
38.9684
39.2
39.3263
39.4737
39.3474
39.3474
42.8
39.6632
39.5579
39.7895
40.0421
40.0421
39.7684
39.6
39.2632
39.7474
39.0526
39.0947
39.1579
39.5158
42.8
39.6421
39.6421
39.2632
39.3684
39.5368
39.3684
39.3053
39.2842
39.1579
39.3053
38.8842
39.2842
39.2421
39.0947
39.3474
39.5368
39.5368
39.2
39.4737
39.4737
39.7263
39.7053
39.4316
38.8842
38.8632
38.5053
41.9368
38.6526
38.8211
38.5474
38.4632
38.4632
38.7789
38.8842
38.8
38.6947
38.6737
38.6105
38.7579
38.3579
38.6526
38.4211
38.4211
38.5684
38.8
38.8421
38.8632
39.2
39.0526
39.2632
39.2842
39.3474
39.1579
38.9053
39.5368
39.0947
38.9684
39.0737
39.3684
39.4947
39.4105
39.0526
38.9895
39.2211
39.2842
39.4526
39.4526
39.4526
39.3053
39.6421
39.8105
39.7895
39.4316
39.6
39.8947
43.1158
39.8105
39.5158
39.9789
40.4
40.4421
40.1684
40.3789
40.1053
39.9158
39.9158
39.8947
39.7684
39.5789
39.5158
39.4947
39.7263
39.1789
39.2842
39.3474
38.9474
39.1789
39.1158
39.3053
39.3053
39.1579
39.0737
39.1789
39.1789
39.2211
39.5368
39.3474
39.7263
39.5579
40.0421
39.7053
39.7684
39.9789
40.5053
40.5263
40.6316
41.0737
41.7263
41.6421
41.1789
40.9684
41.3474
41.3474
41.3684
41.0526
40.8421
40.9053
40.6737
40.3158
40.2316
40.6737
40.0632
40.5474
40.0211
39.9368
39.8737
40.0842
39.9158
39.9368
40.2105
40.2526
40.0211
40
40
40.0842
40.4421
40
40.5684
40.9053
40.2947
40.4421
40.4842
40.8
40.8211
40.3368
41.0737
40.5263
40.9895
40.2737
39.8947
39.6
39.6632
39.9789
40.6737
40.2737
40.0842
39.5368
39.8737
39.7053
40.0211
39.8947
40.2737
40.4
40.3579
40.1895
40.1474
40.2316
40.3579
40.2105
41.1158
41.0947
41.2842
41.3053
41.5789
41.5368
41.8947
41.8737
42.0632
41.9158
42.3579
42.1895
41.6
41.0316
41.0526
40.5053
40.5263
40.6947
41.0316
40.6737
40.9474
40.7579
40.8
40.6737
40.5684
40.3158
40.4
40.7579
41.0737
40.6737
40.8842
41.3474
40.9684
40.6947
40.6947
40.4632
40.6737
41.0526
40.7158
40.4211
40.6947
41.0947
41.3474
41.2
41.4737
41.3053
41.0526
41.0316
40.8211
40.9684
40.8211
41.0105
40.7368
40.3579
40.5263
39.8105
40.1474
40.3368
40.4
41.0105
41.1579
40.9895
41.4105
41.7895
41.3895
41.0105
41.2842
41.3474
41.4737
41.2842
41.3263
41.0737
41.2421
41.1158
41.1789
41.6842
42.1053
41.9158
42.0421
42.3158
42.6947
42.5053
42.3579
43.0737
42.8632
42.6737
42.6105
42.4421
43.6
43.3474
43.1579
43.0105
43.3684
42.9053
43.3263
42.9474
42.3368
42.4
42.3158
42.2526
40.1263
40.2105
40.5474
40.7158
41.2211
41.2632
41.4947
41.3263
40.7368
40.8211
40.5263
40.4421
40.2947
40.2526
40.1263
39.9579
39.9789
40.2947
40.0632
39.6
39.8526
38.9053
40.2316
38.4
38.4632
38.5895
39.0105
39.1789
39.2842
39.7263
39.6842
39.9368
40.3368
40.5053
39.3263
38.9684
41.0526
40.4211
41.0737
38.6105
39.3053
39.4947
39.7684
39.4947
39.6211
39.5368
38.8
38.5474
38.4632
38.3579
38.3158
38.5684
38.7789
38.8421
38.9474
39.2
38.8211
39.0947
39.0737
39.0316
38.8211
38.8632
38.9053
39.2421