48.3158
48.4632
47.6211
48.1263
47.9368
48.5263
48.3579
48.3368
48.0421
47.8105
48.3368
47.6421
47.4316
47.0526
46.2526
46.0421
45.5579
45.3474
45.0526
45.8947
45.3895
45.8737
45.6842
45.7684
45.1579
45.2421
44.8842
44.7789
44.3789
44.5895
45.1579
44.6526
45.7053
45.4105
45.7053
46.4
49.9368
50.5053
51.4316
51.5579
51.8947
51.9368
54.9474
54.6737
51.9158
52.2737
52.2947
52.3789
52.2737
52.3158
47.3053
46.8
47.4316
48.0421
48.5053
48.2737
48.6105
49.0737
48.8
49.0105
49.0526
49.3474
49.5579
49.9789
50.4632
50.1474
50.6526
50.6316
50.6105
50.2947
50.1053
50.1684
50.5474
50.6105
51.4737
51.8737
52.4421
53.4947
54.4
55.9368
56.5684
56.8842
57.7263
57.7474
58.0632
57.6632
57.3474
56.8421
56.6737
56.5053
56.7789
57.7263
59.0737
59.6
60.1684
60.2526
59.1579
59.9368
58.5474
58.5053
57.0737
56.3368
55.7263
55.7895
55.4737
54.4211
54.4211
53.4947
52.5684
51.2842
50.5684
49.4737
49.5158
49.0947
49.4737
50.1684
51.2421
53.3263
53.0105
51.4947
50.5895
50.6316
50.9053
50.9053
50.7579
51.8737
52.6105
52.1895
52.1684
53.3053
54.2105
54.9263
55.0316
53.6211
55.0316
57.6211
55.2632
57.1579
57.3053
57.0947
57.4316
55.6211
58.5263
56.7579
55.8105
54.4
54.5053
53.7684
54.4421
54.5053
53.3684
52.5053
52.5684
52.4
52.4211
52.9263
53.0316
51.6421
49.8316
47.4105
45.7895
45.5789
45.0737
46.4421
46.9684
48.2947
48.7579
49.1368
49.1579
49.5368
49.7895
49.7895
50.8632
51.9158
52.3789
52.3579
52.3158
50.6737
50.4421
49.1579
50.0632
50.4211
48.2737
46.5895
45.9368
46.3579
46.2105
46.4211
46.8211
47.1579
46.9053
47.3684
47.6421
47.5789
47.0526
46.4211
46.5474
46.4842
46.7789
46.2947
46.4632
46.8632
47.2211
48.4211
48.5895
48.6737
48.3579
47.9789
46.9895
46.6316
46.0842
45.7263
44.8632
44.5053
44.0211
43.3053
43.0947
42.0211
41.9789
41.6632
41.3053
41.2
41.3895
41.4316
41.2842
41.4105
41.5579
42.0421
42.6316
43.6211
44.0421
44.4632
44.4632
45.4526
45.8947
46.5895
47.6
47.7474
50.3158
51.1158
57.1158
52.5684
48.7789
49.4947
50.0842
50.6316
50.1263
49.7053
50.1263
51.1368
51.3053
52.1895
54.2737
54.0842
52.6737
52.3368
52
51.7684
50.3579
49.1368
48.9474
49.3053
51.8737
51.9158
51.1368
51.9158
51.0105
51.0105
52.2526
53.2421
53.5158
54.2947
54.2947
54.3158
55.3263
55.1368
54.8421
54.2526
55.1158
56.5895
56.6105
56.2526
54.5474
54.5895
54.0842
53.4737
53.2421
54.9263
55.1368
54.8632
53.7895
54
52.4421
51.1158
50.5895
51.2211
52.7158
53.8526
54.9053
55.3895
53.6421
53.4526
53.4737
52.4842
53.3895
52.8
52.2526
52.7579
52.9684
53.4947
53.7895
49.7053
51.6632
47.7895
50.0211
46.3579
48.4
49.2632
48.5895
48.7789
49.8526
50.9684
52.8632
54.1474
55.2211
56.1263
55.2421
52.4842
49.6632
47.2421
45.3474
43.8737
43.1789
42.2737
42.5684
43.6
44.4421
44.2526
44
44.0421
44.7158
45.5158
46.1053
46.4421
46.6105
46.6526
46.7579
47.0316
47.4316
47.2211
47.0947
46.9895
47.0316
47.2632
47.5368
47.8316
48.1684
48.9684
48.9895
48.3789
47.8737
48.3368
49.0316
49.1368
49.2211
48.6737
48.2947
47.5789
46.6737
46.5684
46.0632
45.2632
44.6947
45.1158
45.1158
45.3474
45.6632
46.4842
47.6421
48.8211
50.4421
48.9263
53.2211
53.6421
53.1368
52.3789
51.9789
50.9263
50.6737
50.5053
49.7684
49.3895
48.2105
48.8211
48.5474
48.3368
48.4
48.1053
48.7789
48.9895
49.0316
48.3579
46.9263
47.2842
47.8526
48.5895
49.7053
50.1684
50.2947
50.4421
49.9579
48.3158
48.1684
47.6632
47.3895
47.1789
48
47.8947
47.5579
47.4947
46.7789
46.3789
46.6947
47.3895
47.2632
48.3158
48.7368
48.9474
48.1263
46.4421
46.5263
44.3368
44.5684
44.1684
44.8
44.8632
44.8842
44.6947
45.4105
46.2316
45.9368
46.5684
45.9158
45.5368
45.0737
45.7053
46.3158
46.6947
47.6632
48.2316
47.9789
46.9474
46.9474
46.4
46.2947
45.7684
44.8842
48.5684
43.8105
47.1579
45.9579
45.1368
45.2632
45.6632
45.8947
44.4
45.5579
45.6211
45.2211
45.0105
49.3263
48.8842
48.8
49.7053
50.2316
51.5579
53.1368
54.3579
54.8
49.1158
49.4737
49.3263
48.6737
48.6526
49.7684
50.1474
50.3368
50.8632
51.1579
50.4211
50.2947
49.7684
46.7368
46.7158
47.4526
47.3263
48.0842
47.1579
46.4842
45.3263
43.5789
42.4842
41.6632
42.7368
42.2737
42.7579
43.4526
43.8316
44.4
44.5053
46.5684
46.1474
45.2
45.3684
44.8211
44.1263
43.8526
43.7895
44.0211
44.7789
45.4105
45.7895
45.8526
45.4947
44.9684
44.2526
43.3263
41.6632
40.8842
40.7158
40.9474
41.3684
42.1895
41.7895
41.5579
41.7684
41.8526
42
42.4421
42.4
42.5684
42.6105
43.6
44.0632
44.5263
44.0632
44.6316
44.8421
45.2421
46.2316
47.1368
48.0842
49.5579
48.0211
48.9684
48.4842
48.1895
48.1684
48.8842
49.5158
49.3895
52.1263
50.3789
44.9474
47.7053
46.2526
46.5263
46.6316
47.2842
46.8
47.5158
48.7368
48.9684
49.8737
50.3158
51.1579
51.7895
52.7158
53.1158
52.9684
52.7789
51.7684
51.2421
50.2737
49.8947
49.0526
47.2421
45.5789
45.1789
45.7474
46.4211
46.9474
47.8947
47.2842
46.1474
44.9263
43.1368
42.5895
42.0632
42.4421
42.8632
43.3895
43.9368
45.1368
46.5474
47.0526
47.8737
48.5474
48.5684
48.4632
47.6211
46.8632
46.5895
46.3368
46.6526
46.7789
47.4947
47.5579
47.4737
47.9158
47.7474
47.6842
47.9368
47.7684
48.1263
48.0421
48.5263
48.6105
48.1684
48.5684
49.0105
48.9053
45.4316
48.4632
48.4842
48.3579
47.1368
46.2737
45.8105
46.8842
47.1158
47.0316
47.2632
47.6
48.6947
49.4105
49.3895
48.9684
49.3895
49.2211
49.1789
49.3895
49.6
48.8842
47.8105
48.0421
47.4105
47.5158
47.4526
47.1158
46.1895
45.9368
46.1263
46.6105
46.4211
45.7263
46.2105
46.5895
45.8947
45.6842
46.3158
46.0421
45.9579
45.4316
45.8526
45.4947
46.1684
46.7579
47.2421
47.7684
47.7053
47.9579
48.1474
48.3789
49.0526
48.9684
49.0526
48.9895
48.4421
48.0842
47.8947
48.0842
48.3158
48.4
48.4211
48.8211
48.6316
47.6842
48.2105
47.7895
47.5158
47.8737
47.5789
47.7895
47.4737
47.5579
47.4316
47.1789
46.8211
47.0947
46.8211
46.5474
46.5263
45.2
47.5789
47.5579
46.9684
46.2105
46.4421
46.4421
44.9684
45.2632
45.0316
44.8
44.8842
44.9263
45.1158
44.7158
44.8
44.6947
43.7895
45.2842
44.3368
43.3474
42.4
42.3789
42.3579
42.8842
43.1368
43.4316
44.1684
43.7895
44.1474
44.2947
44.0211
44.0211
44.6526
42.8211
43.4947
46.3158
46.4
46.5474
46.5263
47.5158
48.1474
49.4737
50.0211
51.1368
52.3789
53.7053
54.6105
56.1053
56.7789
55.6211
53.7263
51.1579
49.6842
48.1684
44.9684
42.8211
40.4421
40.1053
40.7368
41.6421
42.2316
43.0526
43.7684
44.4
46.2316
48.1053
49.7474
50.3579
50.1474
50.5895
49.5158
49.1158
47.5158
45.7263
45.1368
45.1158
45.3474
45.3053
44.6526
44.4421
43.6
43.6
44.1684
45.0316
46
44.9053
44.7158
44.8421
45.1158
45.7053
45.5368
45.6
45.4316
45.7474
47.8526
47.9579
48.3368
48.0421
47.6
46.3789
46.8632
47.3684
47.9789
47.3474
46.6526
45.7263
46.9474
47.0947
44.8632
44.5684
45.0737
45.5158
45.0316
44.4
44.4842
44.9684
44.8632
44.6737
44.9263
45.3263
45.3263
45.1368
45.0105
43.6211
43.2842
44.4842
45.0316
45.4105
45.2211
48.3158
48
47.0737
47.1579
45.7053
44.3789
43.8947
43.7263
43.8737
45.7684
45.7684
46.5263
45.4526
44.8842
45.0947
45.5579
45.4947
45.4105
45.3053
45.3474
44.6737
44.8
44.2105
45.5579
43.9789
43.1579
42.6737
43.1579
42.8211
43.3895
43.5158
42.4
42.9684
43.1789
43.1368
42.6737
41.9158
42.2316
42.5053
43.6211
45.3263
46.7789
45.9579
46.3579
46.7158
46.2526
46.5895
47.2211
46.1053
45.4947
44.6316
44.9053
45.3474
45.6
45.6421
46.1053
46.3579
46.6105
47.2842
47.8316
48.2105
48.7158
49.2
48.9474
49.5579
49.7895
50.6737
51.4526
51.9158
53.6421
54.4
54.1684
54.4842
54.9053
53.8316
53.8526
54.1895
54.5895
54.9053
54.2526
53.6842
52.8632
55.0526
54.9474
55.0316
55.0105
53.6
52.3789
51.2842
49.8947
48.6526
47.6
46.6947
46.4
45.7684
46.4421
46.9684
46.8
47.8526
49.9579
50.4842
50.0632
49.7684
49.5789
49.7895
49.8947
49.9368
47.7263
49.0526
49.2842
49.5158
50.0421
50.4842
50.4211
51.2
51.3684
51.7474
51.6421
51.4737
52.3368
52.0842
53.0947
50.8421
50.0421
49.3263
50.0842
50.6316
50.3789
51.2421
51.7895
51.7895
51.6842
52.0632
51.6421
51.2211
50.3579
48.7368
47.3053
45.8105
45.1579
44.4632
44.3368
43.8526
43.6632
44.0211
43.7684
43.9789
43.7474
43.6421
43.1368
43.1368
43.3895
43.7895
43.9579
44.2105
43.9368
43.7263
43.9158
44.2737
44.8
44.8211
45.5789
45.7684
46.5053
46.5053
47.4316
47.8947
48.1684
48.6737
48.5895
49.5789
50.5474
50.3789
51.6211
51.7474
52.1684
51.7474
52.0421
51.6211
51.5368
51.3684
59.5789
50.7579
49.4316
48.3789
47.0316
46.0632
45.9368
45.6
45.7684
46.2526
46.4211
46.4
46.5684
46.9053
46.7158
46.9053
46.8421
47.6842
48.1474
48.3789
48.6105
49.0526
48.9895
48.2737
49.0947
50.1474
51.6211
52
51.5789
50.1263
48.0211
44.6947
42.5053
42.1263
42.2947
43.2
43.8526
44.9474
46.9263
48.9684
51.5158
54.1684
52.3789
51.6211
51.7474
51.8526
52.8421
53.3474
52.7368
52.1895
51.7684
49.6842
48.9895
49.5789
49.0737
50.2105
49.5368
49.8737
49.7684
49.9158
49.5579
50.2105
49.8947
50.9684
51.1789
50.7579
51.2
51.0526
51.2632
51.6421
51.7684
52.2526
52.3158
53.2421
54.1263
54
53.7263
52.5474
51.3684
53.2632
53.2211
52.5474
52.8211
50.4842
50.8
51.4105
53.6211
54.3789
54.8
54.6316
54.0421
53.0947
53.1368
52.5053
51.1368
49.4947
50.4421
48.9263
49.9789
49.8526
49.1368
48.9474
49.3053
50.2316
50.7158
49.7263
48.5053
47.4526
47.9579
46.6105
45.9158
46.0842
46.1263
50.1263
47.5368
48.3368
48.5053
48.8421
48.8632
49.0737
49.6
49.9368
51.2211
52.5053
49.2632
47.1579
48.4632
45.5368
47.9368
45.8526
45.6421
47.5368
46.5474
47.1789
46.5895
46.4
46.4211
46
46.2947
47.4105
48.6947
49.9158
50.3368
50.6105
50.0211
49.6632
48.2947
52.2316
51.3895
50.4421
45.7684
45.6632
45.9579
46.2105
46.1684
46.2526
46.1474
45.3053
46.2737
46.3579
48.1474
47.4947
47.8947
47.9579
49.4737
49.8737
50.3579
50.9263
50.8
50.2526
50.2316
49.8947
49.4947
47.9789
45.6632
45.0947
46.3368
47.6211
48.9895
49.4526
49.9579
49.1789
49.0316
48.7158
48.0842
48.3789
47.8105
47.6842
47.8316
47.3895
47.5158
47.4316
46.8
47.3263
47.7895
50.2316
50.8421
51.8947
52.0421
52.5053
51.7684
47.5158
47.8526
51.6632
52.1053
52.3158
53.7474
48.9263
49.7474
49.2
48.2316
47.3474
47.5158
46.9684
46.8632
46.2737
45.6421
44.9895
44.6737
43.3263
42.7579
44.4632
43.6632
43.4947
43.8526
45.4105
45.6421
45.7895
45.0105
45.4947
45.9368
44.9474
44.9895
45.1158
45.9158
47.0105
47.9158
49.3263
51.8526
49.4526
48.7368
48.1895
47.7474
47.0105
47.1158
47.6632
47.9368
47.4105
48
47.1789
47.1158
46.5474
46.9684
46.7158
46.6526
46.3789
45.9368
47.0737
49.4105
48.9684
48.6105
48.4421
48.6947
48.2105
48.5895
50.6737
50.9263
51.3684
50.5053
50.2316
50.9053
51.2211
50.2947
49.5789
49.5368
49.1789
48.4211
48.3158
48.6947
49.6842
49.6632
50.0211
50.0421
51.1579
53.1368
54.1263
52.5895
52.1053
51.7895
52.0632
52.7158
53.6632
53.3474
52.1474
51.6842
50.2737
49.9158
52.5263
52.1053
80.9684
81.2
50.9474
51.1368
51.4737
50.7789
52.9684
52.8421
84.3368
53.4105
84.3579
82.8842
83.4105
83.4947
83.9368
83.4737
82.8632
82.1053
82.4632
81.4316
80.9474
81.6842
82.3579
82.9053
82.6737
82.0842
82.4211
82.7368
83.5368
83.2211
83.0526
82.8842
82.7789
82.1263
51.8737
51.4737
51.2421
50.8632
50.9684
50.4
50.1474
49.7053
49.4105
48.9263
48.6947
47.8947
47.1579
47.1579
46.6737
46.1684
46.4842
45.4947
44.9684
44.5895
44.3158
43.7053
43.6842
43.2211
43.0737
43.4947
43.7474
44.0632
44.5895
44.4632
75.6421
45.2842
46.5895
46.3368
47.2
47.8947
48.0842
47.0737
46.6526
46.7579
46.1895
46
45.6211
46.0842
47.0526
47.6842
44.7579
44.9263
44.9474
45.2211
44.5053
44.3158
44.2316
48.0211
47.8947
47.6211
48.0632
48.0211
47.7053
44.2737
43.8947
43.9579
47.5789
47.1368
46.9684
45.8737
45.7474
46.9053
46.2526
76.5263
48.7579
48.0842
47.9789
77.0526
45.5579
43.7895
42.9263
42.0842
41.8947
41.9789
41.8316
41.6211
41.5158
42.0842
42.2316
42.6526
42.5684
42.6947
42.7368
41.9789
41.9789
41.4526
41.2
41.4526
41.4105
41.7684
41.6
41.6211
41.9158
42.6316
42.9474
43.0947
43.7053
44.1895
44
44.3368
44.8421
45.6842
75.9368
76.9474
47.8737
47.9789
48
48.0421
47.4526
47.6421
47.1368
76.1474
47.1368
76.8211
47.6
47.0316
75.9368
46.2316
75.6842
74.2947
44.6105
43.9789
43.8316
43.0105
42.9684
42.8211
43.1579
72.9684
43.1579
42.7158
43.2421
42.7158
43.0105
43.0947
43.8526
43.6211
73.7684
43.6
42.9053
43.3895
43.2842
43.6421
43.7053
43.8105
43.8316
43.8316
44.8
44.9474
46.1474
46.4842
45.8526
44.7789
43.8947
42.6105
42.3789
42.4211
42.5474
42.4211
42.2316
42.0632
42.2737
42.4632
42.0421
42.9053
43.2632
43.6211
43.9789
44.1474
44.5895
44.6947
45.8737
45.9789
46.6947
48.3368
48.9684
49.3684
50.2105
50.9263
51.2211
51.2
51.1368
49.8526
49.2421
48.7158
48.5474
48.6316
48.9895
49.0316
48.7579
48.6316
47.4947
46.7579
45.5789
45.2842
47.8316
47.2211
45.5579
45.0947
45.7263
46
74.6526
74.5053
73.8737
73.4947
73.5158
73.8947
45.2632
46.0632
47.6
49.4316
51.1789
52.3158
52
50.6947
50.4632
79.8105
78.7368
78.2947
79.6842
80.2526
51.3895
51.3474
51.0737
51.3895
50.7368
50.7579
46.8421
46.3789
46.7789
45.8947
45.8316
45.3053
45.3263
74.7579
45.8105
45.7474
46.4632
46.6316
47.3263
48.2947
48.5474
47.7474
48.3579
48.4632
48.9474
48.6737
51.0526
49.3684
47.6
46.8632
45.3684
43.5579
44.1053
43.4737
45.6
46.2316
44.4421
44.6737
45.5789
45.8105
45.8737
44.9263
45.5789
46.9263
47.9789
48.7789
49.3474
49.2421
49.4526
49.0947
47.9789
47.3895
46.2316
45.5579
44.3368
44.5263
44.9474
47.0737
75.8316
45.8737
75.7895
75.8526
75.8526
45.7684
45.3684
45.1579
43.6842
44.1474
44.2105
44.7368
44.7158
44.9684
44.8842
45.2211
43.5368
43.2421
43.1789
43.4526
44.4421
44.5263
44.6526
44.7789
45.2421
46.1895
46.8
46.9474
78.1263
49.0105
49.6632
50.2947
50.3789
50.6947
51.3895
51.0105
51.2632
51.1158
80.8632
49.9579
49.4316
49.4947
49.2632
48.1684
50.2737
49.8526
46.3789
45.9789
46
49.1579
49.5158
46.6737
46.9474
50.0421
49.2842
48.4211
47.9579
47.5368
47.7263
46.7158
46.4632
45.7053
45.3474
45.0105
45.3263
45.7053
45.6421
48.5474
48.4211
48.3579
48.3789
48.4211
45.5368
45.3053
45.7263
45.7474
46.0211
46.2947
49.3263
47.6
48.2947
49.2211
49.7895
50.0211
50.6105
50.2947
49.8105
49.3895
51.7474
48.6105
48.2737
48
47.1158
51.0737
50.3789
48.7579
77.4737
76.5895
46.3368
45.5789
44.9684
44.8
44.9263
44.8
44.4421
44.4632
44.5263
44.1684
44.8421
45.2211
45.9579
46.2947
47.0737
46.7368
46.7158
46.0842
46.2947
46.4842
46.2737
46.1474
46.2316
45.9158
46.2105
75.9789
76
45.6842
44.7579
44.1474
43.4737
43.4737
42.9474
42.5895
42.6316
72.9053
72.9684
43.6421
43.5789
44
43.4737
43.8947
43.6
42.8
43.0316
72.8211
72.4
72.1263
72.1474
72.2526
42.6526
72.3579
72.6526
73.1158
42.8842
72.7789
73.3474
44.1053
44.3368
73.8947
43.6421
43.6
43.7053
73.7053
74.2105
74.2526
44.9053
45.6632
74.1684
73.8947
72.7158
72.8632
72.5263
42.2105
41.7684
41.2842
41.7895
42.0421
42.2947
42.5895
43.1368
42.8421
72.8842
72.0421
72.3579
44.1053
44.2105
43.7474
43.0526
41.6
41.6421
42.1053
42.6316
41.8737
42.2526
42.6316
43.2211
44.2526
45.8947
46.0842
46.3789
46.6105
49.9158
49.4947
49.4105
49.5368
50.1684
49.3263
48.7579
48.2316
48.1684
46.8
45.0947
44.5053
44.5053
43.8105
73.3053
44.4842
44.0211
43.3684
73.2
73.6
43.2
43.1158
42.4
42.0842
41.4526
43.4105
44.0842
45.0947
44.3789
47.3053
46.9474
46.3158
46.1263
45.7474
45.3263
45.5789
45.2421
45.0947
44.9474
44.0211
44.1474
44.6947
43.8737
44.7158
46.9053
46.6947
47.0737
46.7158
75.8947
47.6632
47.0526
48.1263
49.6421
50.2947
49.8316
48.4632
46.8421
44.8421
47.8526
46.5474
46.9053
46.8842
47.4105
47.6211
46.5895
46.4421
76.5474
47.0105
47.0526
48.7368
45.0105
47.4737
46.9474
77.4947
77.0105
48.0211
48.3579
77.8737
77.5789
77.8316
76.8632
47.0105
74.7789
73.9579
44.7579
45.4316
45.8526
44.4842
44.2947
44.5684
45.1579
44.4421
45.7895
44
42.9684
42.4211
71.0737
70.6947
41.2211
71.3263
41.1158
41.2
41.5158
41.3895
41.7053
41.4526
42.0211
43.0947
44
45.6
47.5579
48.0632
48.8
49.9368
48.2947
46.9474
45.7895
44.4632
43.6
43.1789
43.3053
45.3474
44.9684
45.7684
47.0105
46.9895
48.5263
49.4316
50.0211
51.0737
52.4
48.5474
47.2421
46.6316
76.1895
77.3053
77.3684
76.8421
77.0105
46.5895
46.6316
46.8211
75.9368
75.8105
46.2737
46.2737
45.6632
75.0105
45.7684
45.6211
45.1579
74.0632
73.7895
73.8737
74.9053
75.7684
76.4
46.9263
77.5158
47.7263
77.3474
77.2
47.8737
49.2211
51.1158
49.5789
50.6105
50.1684
50.2526
51.0526
51.3263
50.2105
50.1474
50.2105
50.2526
50.5684
50.1474
50.4842
51.4526
50.5263
50.5895
49.8105
49.1158
47.5579
46.1263
46.1895
45.9368
45.7895
45.3263
74.2316
44.2737
43.9368
43.9789
43.5579
43.0947
42.8842
42.6316
42.5263
42.4632
42.3579
42.3368
42.0211
42.4211
42.5474
42.3579
42.5684
42.7579
42.0421
45.6632
45.5579
45.9789
46.0632
45.9579
45.8737
46.5895
46.4
46.5263
46.4842
46.6105
46.5895
47.0105
46.8842
45.6632
44.9474
44.8211
45.6421
47.0737
46.8842
47.1579
46.9684
46.9053
46.6526
46.7158
46.4211
46
45.8105
45.3895
45.4105
44.9053
44.8632
44.9053
44.6316
45.2211
45.1368
44.2947
45.2421
45.2632
46.1053
46.8632
46.6316
47.1579
47.8947
47.5579
47.7053
47.3263
47.7895
47.5368
47.7684
46.7158
46.8842
46
45.3895
44.9684
44.9474
45.0105
45.9579
46.1684
46.4632
47.0737
47.3053
47.9368
47.9158
48.9263
48.8842
49.0316
49.1368
48.9053
49.1158
49.1579
49.7474
48.9263
48.9684
49.0947
51.1579
52.5895
54.8211
56.6526
56.8632
58.6737
59.5579
60.4211
58.4211
59.5368
60.1474
61.6632
62.3158
51.6842
48.9263
62.1474
61.3263
60.2947
59.3474
58.4842
58.0632
58.1053
57.9158
57.4105
56.9684
56.4632
56.4211
56.5684
56.9684
56.5474
56.2737
56.2316
56.8421
56.5053
57.4105
58.2316
58.2105
58.6105
59.4947
56.6105
56.6737
57.6421
58.2737
61.1368
60.9474
60.5895
59.7053
60.2105
60.2737
59.7263
59.5158
58.6316
58.2526
58.4421
58.0632
56.8
56.1263
56.1684
56.2105
56.3579
55.3053
55.2632
55.7053
56.5053
57.2
57.7895
58.2947
58.1053
58.1474
58.2526
58.5684
58.3789
57.9368
57.0105
57.1158
57.0737
56.2526
56.7579
56.0211
56.1263
54.4632
54.6526
53.6
53.9368
52.9684
52.8632
52.6526
52.3789
52.4632
52.1263
52.5895
52.7368
52.4842
52.1895
52.9684
52.9263
53.1789
53.3263
52.9684
53.4737
53.4526
53.2421
53.4526
53.4947
53.0526
57.0737
57.1789
57.0947
57.2
57.7895
57.8316
57.8105
57.7263
58.1263
58.5053
58.2737
57.8526
58.3158
54.9474
58.4632
58.5474
58.7789
58.6316
58.5053
59.0105
58.8
58.6947
59.4316
60.1684
60.2737
61.0316
60.8842
60.9474
59.9579
59.8737
59.5789
59.6421
59.4947
59.8316
60.0632
59.8526
59.7474
55.8737
56.3368
55.8947
56.8421
56.5263
56.0632
61.3684
60.6526
59.7895
59.0737
59.0737
59.7474
58.0421
57.7263
57.8105
57.2211
58.6526
53.8316
54.5053
54.6316
55.1579
55.0105
56.8211
55.0526
55.2632
55.0316
54.7368
55.0947
54.4632
53.1158
52.2737
50.8211
49.5158
48.1053
49.6211
49.2421
49.7474
50.8632
50.8421
50.7579
50.3368
51.1158
50.8842
51.4947
52.1474
51.6842
51.7895
51.4737
51.0737
52.1895
51.7474
52.7158
52.8
51.9789
51.0316
50.8421
49.9579
49.9158
50.1474
51.0737
51.9158
52.3158
53.6211
54.5263
55.3895
57.2842
57.2842
56
54.4842
53.8105
52.6526
51.9579
55.0526
54.3789
54.2105
55.5368
57.2421
55.1579
57.9579
57.6842
57.9158
56.9895
56.8
56.5684
56.0632
56.2526
55.5579
54.6737
55.1368
55.0947
55.8947
56.5053
56.5895
57.1579
56.9684
57.0947
56.1895
55.3053
54.0421
56.6737
55.3263
54.4211
55.3684
54.2316
55.6632
52.5895
53.0526
52
50.5263
49.8947
50.7579
50.7158
54.5263
55.9789
56.5474
56.8
55.9789
54.4421
53.8737
53.0526
51.9789
52.1053
52.2105
52.9895
52.3158
51.9789
50.9053
49.6211
49.1158
49.4737
49.5158
49.6632
50.0421
50.5263
51.0316
51.0316
51.0316
50.4211
50.9053
50.6526
50.8211
50.8421
51.8105
53.0737
53.6842
54.4632
55.2
55.3474
55.6211
56.5684
57.3263
58.7789
57.8316
57.5579
57.2
55.6211
52.8842
54.1684
55.0947
53.6421
51.2421
50.8
52.1895
52.8421
52.1053
52.0421
53.7263
53.5368
54.1474
53.6632
53.7474
55.0316
55.6211
56.5684
53.5368
54.4842
53.9579
52.1684
52.3368
56.2316
59.9789
61.6211
59.9158
60.7368
57.6632
54.6737
54.8842
54.3579
56.1895
61.4526
62.7789
60.2526
63.2842
58.7368
54.5895
49.6
49.0737
48.2526
47.7684
49.1789
49.9368
50.4421
49.9789
48.4421
49.9158
50.4211
49.7263
50.9474
53.2421
54.0632
55.8316
54.8211
55.4526
55.1579
57.8105
54.2737
55.8737
56.2105
57.7684
60.9053
63.6842
61.7053
60.5053
56.6105
56.5263
50.3789
50.8
52.0632
53.1158
52.1263
50.8
50.3789
50.4421
51.1158
53.0105
54.7158
54.1263
54.6105
54.4
53.7895
53.5368
49.3684
49.8105
48.6947
48
47.3895
48.1474
47.6421
46.7368
46.7368
47.3474
47.7895
48.3789
49.0316
49.9789
51.3895
53.1368
54.1474
54.4211
54.5263
54.0421
53.9158
53.9368
53.2421
51.7474
50.7368
50.1895
51.0947
51.6842
51.6
50.9474
50.1895
49.8947
49.4737
48.9684
48.6737
47.8737
47.4316
46.5895
45.9789
45.9158
45.8105
45.7474
45.1368
45.0947
45.4316
45.9158
46.5684
46.2947
47.7474
47.5789
47.1579
46.4842
45.7474
44.8
45.0526
44.6737
44.9895
45.5579
45.4737
45.5579
46.8842
47.5579
46.7158
47.2211
46.1053
45.3684
44.8632
44
43.6421
43.8526
44.2105
44.1263
44.4211
45.2
46.1263
46.7579
46.1474
45.5368
46.0211
44.9895
45.4526
45.7474
45.9158
46.1263
46.7579
46.7789
48.3158
48.5263
48.0632
49.1368
48.5474
48
50.3158
48.8211
49.5579
51.1368
52.8
54.1895
53.0316
55.5579
53.6
53.6211
52.4421
50.6947
47.0947
44.0421
43.9368
44.2105
45.0526
44.6105
45.4105
46.0211
46.1895
46.8421
45.7053
45.3053
46.0211
46.1053
46.4
46.4632
45.9789
46.9263
47.1368
48.0421
47.6421
48.3158
49.2
49.5158
50.8
49.6632
47.1789
47.0947
47.3474
46.4421
46.4632
45.8947
45.7263
44.9474
44.8632
45.1368
44.5053
44.4
43.8737
43.9158
43.8947
44.1895
45.2211
46.0421
46.8
46.6105
46.3368
46.3789
46.6526
47.3684
47.2421
48.4211
48.9684
48.2737
49.1579
49.4947
50.2105
50.7579
50.2105
49.5368
49.4105
51.0947
50.8421
51.1158
51.4737
51.0526
50.6105
49.6842
54.8211
55.4737
55.2
53.8316
53.0316
50.4421
48.9684
48.3158
45.7053
45.4737
44.1474
42.9474
42.9053
42.5684
43.3053
43.6
43.3053
42.6947
42.6947
43.3053
42.5474
42.4632
42.3158
42.4632
42.5053
42.6737
42.5053
42.4421
42.4421
42.4421
42.6737
43.0105
43.1158
43.7263
44.4
44.6737
44.7158
44.8842
44.2316
43.5579
43.0947
43.5158
43.8526
43.7895
44.1474
44.1053
43.6842
40.6316
43.6842
43.3053
43.7474
43.6632
42.9263
43.4947
44.4632
44.8632
44.6947
44.7579
44.2316
43.0947
42.7368
42.7158
42.7579
42.7158
42.6526
40.1263
42.8842
42.7368
43.1789
43.4737
43.7474
43.7895
44.0211
44.0211
43.6211
42.5895
42.6316
42.9895
42.7158
42.7579
42.5474
42.6737
42.6316
42.6737
42.8211
42.5053
42.6105
42.6737
42.8211
42.8632
42.7579
43.0105
43.2
42.9263
43.4737
43.4526
43.5789
43.2842
42.8421
42.8211
42.7158
43.1789
42.9684
43.5579
43.7684
44.5053
44.0842
44.5895
44.5684
44.9053
44.2947
44.0632
43.4526
42.5474
42.3368
42.8842
43.4526
42.8
43.2842
43.3263
42.7158
42.9474
43.3263
42.9474
42.8
42.9053
43.0947
43.3684
43.6211
44.0211
44.5053
43.9579
44.5684
43.0947
43.1789
43.2842
44.1474
44.3579
44.4632
44.6526
44.8421
44.7579
45.7895
46.1474
45.4737
46.1053
45.3895
45.0947
43.8947
43.0947
42.8421
42.6737
42.6105
42.6105
42.8421
42.5474
42.9895
43.1789
42.9474
43.2
43.1368
43.7474
43.7474
43.9368
43.7895
43.7474
44.2105
43.7263
43.4316
44.3789
43.3263
43.2842
42.5895
42.9053
43.1368
43.1789
43.2
43.4947
43.4947
43.0737
42.6737
42.8211
42.6105
42.4632
42.7158
42.6316
42.5895
42.6947
42.6316
43.1368
43.6211
43.6842
43.6421
43.9579
44.4421
44.8211
44.7158
44.3579
43.8947
42.8421
42.9263
42.7368
42.8211
42.9895
43.4526
43.9368
44.0632
44.1895
43.6421
43.4947
43.1789
42.9053
43.1579
43.8526
43.5158
43.8526
44.1895
43.7895
43.7474
43.4316
42.9895
43.3263
43.7053
44.4
44.7158
44.9474
45.2632
45.7895
46.2526
46.5053
46.5895
46.4
46.4842
45.7053
45.2211
44.7579
44.7789
44.5263
45.1789
45.9579
45.9368
46.2526
46.1474
46.3579
46.5684
46.7368
47.5368
46.6526
46.6316
46.3579
46
45.7263
45.4316
45.4105
44.8632
45.7263
46.4
46.8842
47.3474
47.6632
47.4526
46.9895
47.5368
47.4316
46.9895
47.1789
47.2842
46.9895
50.2526
49.6842
49.6
50.5895
46.7158
47.2211
46.9474
47.8737
47.2842
46.8211
46.4632
46.1684
46.9263
46.7368
47.1158
46.8632
47.0316
46.9053
47.3053
46.6105
46.0842
46.2526
45.4316
45.3263
44.5474
45.7053
45.1368
44.7579
45.2632
45.3053
45.6421
46.1895
46.6526
46.9053
47.2
47.4737
47.1789
47.7895
48.0632
48.8
51.3684
53.8105
52.1263
53.6421
55.2842
55.8737
57.4526
57.8947
58.2526
57.7684
58.3368
58.2526
57.9158
57.7684
55.9579
55.1579
54.9263
54.1895
52.4421
51.8947
49.6
48.2947
48.8
48.5474
48.8632
49.9368
49.2211
49.6842
49.7263
49.7684
50.1684
50.7158
51.9158
52.3368
53.6632
53.6632
55.0737
55.2211
54.6947
55.1368
54.4632
53.2632
53.6421
53.5789
53.4737
53.8737
54.4
54.8421
55.7895
55.0737
53.3474
52.5474
51.7684
52.8211
54.6105
53.3895
53.5579
53.5368
52.2105
50.2526
49.3053
49.3474
51.3895
53.3263
54.6526
53.9158
53.1579
53.7474
54.9053
56.3368
56.8842
56.7158
54.5684
52.5474
53.1368
53.9789
55.1579
54.5263
53.4526
52.3579
50.4
50.2947
50.2316
51.5158
47.6
54.9474
54.4421
53.8316
54.9895
55.3053
55.3263
53.5789
50.3158
49.9368
49.7263
49.0526
49.2
49.8105
50.0842
50.3158
49.8526
48.7368
49.5368
49.7895
51.6842
53.3474
55.0947
56.4842
57.4526
57.1579
56.4842
55.1368
52.6316
50.8421
49.3684
48.6526
48.4211
48.6105
47.3684
51.0105
50.7368
50.1895
50.8421
52.1263
53.0737
52.4
52.1263
52.6737
52.2947
54.3579
55.6
54.9263
55.3053
59.1579
60
59.6
60.0421
55.6421
54.5263
56.5474
54.8211
54.5474
53.2
56.2526
55.9158
55.9579
56.3368
54.7368
52.3158
52.9053
52.3789
51.7895
49.9789
49.8526
49.7263
50.3158
50.3368
49.7263
49.2
51.2
48.5053
50.2947
50.8421
50.2316
49.9789
48.9684
49.0105
51.2211
52.2316
51.5789
52.1053
53.3684
53.3474
55.3895
53.4737
51.7474
51.0316
50.9263
51.1368
52.6526
53.1789
50.4
52.7789
51.6842
52.2947
50.4842
49.6842
49.1368
49.1158
49.0526
48.1895
47.6
46.6316
46.8421
47.5579
47.2211
48.4842
49.0526
51.2421
54.4632
56.6316
58.6526
56.8421
54.7158
54.5474
53.0105
52.2737
52.6947
53.8526
52.1895
49.8737
47.4737
46.1684
45.8737
47.1368
48
48.4211
49.6842
50.2526
50.5684
51.1789
51.5158
53.1368
55.4105
56.2947
56.2947
55.0105
53.0316
52.4211
52.8
51.5789
52.1263
49.3895
49.5368
53.1789
54.2105
54.6737
53.6
51.3684
48.5684
48.3368
49.3053
51.6842
54.2737
55.7053
55.6421
54.8211
54.9263
54.9053
54.8421
55.2421
53.5579
50.8842
48.3158
50.0211
49.3684
48.9895
48.7368
48.8
49.9789
50.3579
51.1789
52.3789
52.8
51.7684
49.0316
50.3158
52.5474
53.9368
50.5895
50.1263
47.8316
48
48
48.3579
49.0316
50.6526
49.3684
47.9789
49.5158
48.9053
50.8211
50.9895
52.3789
49.1579
49.2421
50.0421
50.9053
52.8421
54.2947
54.6316
54.7158
55.2421
56.5474
57.3263
56.8211
56.2105
54.6737
54.3789
55.3474
54.5895
54.8421
53.8316
57.4947
56.9053
54.8842
53.0316
50.3579
49.3895
49.4947
48.8632
48.5895
49.4737
49.5579
49.8105
49.8947
48.9474
48.5895
49.2842
50.8211
49.8526
48.4
47.9789
47.4526
46.2526
46.3789
46.5474
46.1895
46.8421
48
48.4421
48.8
48.4421
49.1579
49.3895
49.8105
50.2105
49.6632
49.3895
49.3684
50
49.9368
50.2947
51.2632
50.9895
51.5158
51.4526
51.2
47.6421
48.6526
49.5579
49.9789
50.8211
50.9474
55.0316
53.7895
54.1053
54.4421
53.8737
52.6947
51.6211
49.2842
50.4211
50.8211
53.2211
51.9789
50.5684
50.4842
50.1684
49.2
48.9053
48.5895
47.6
47.9158
48.1684
47.8947
51.6
50.4632
49.3053
49.1368
48.5474
47.9368
47.9158
48.5053
48.4211
48.8
49.0737
49.3474
49.3895
50.0211
50.4211
51.1158
49.1158
49.5579
50.1053
49.6
49.9789
49.7474
49.5789
48.4842
47.6842
44.6737
45.9579
45.1368
44.7579
44.4632
45.0316
44.5263
44.9053
44.6526
45.1368
46.5474
46.8842
48.1895
49.0737
53.3053
53.4526
53.4737
53.5789
53.5158
53.5368
53.3684
54.6526
54.4
54.7368
53.7053
53.0316
52.4211
52.6526
52.5053
53.2421
53.3053
53.2421
52.5895
53.4737
54.4
56.4211
55.6842
56.0842
58.0421
58.8421
59.1789
58.0211
55.7474
56.1053
53.7053
51.5368
50.7789
50.5263
49.6632
50.5474
52.2316
52.6105
51.6211
51.0316
50.1895
49.6211
50.4632
51.2842
52.6737
54.2105
52.1895
54.1263
55.2632
56.8
59.4947
61.6211
62.7579
62.0632
61.6632
61.7684
61.3895
60.9263
58.8421
57.3895
57.6842
58.9474
62.1895
65.8947
65.3895
64.8421
63.5579
63.0737
62.4
59.7474
60
60.2737
61.3895
61.9368
59.0947
57.6211
56.2947
59.3895
60.4211
61.7684
62.3368
61.5158
57.6632
58.6316
57.4947
60.2737
60.9895
61.4526
60.0211
58.8421
59.3895
58.6316
57.4316
55.9158
55.4105
53.4737
52.8421
55.0737
56.5684
56.9263
58.2947
56.2105
56.9684
58.8842
60.1053
59.5579
59.2632
58.1684
58.3789
58.7368
57.5368
56.9053
57.5158
57.7263
58.8
58.0842
55.9368
59.2632
56.9263
56
55.2421
55.7053
55.3263
55.4105
53.8947
53.8737
53.9789
53.7474
54.7789
54.6526
53.8316
52.8211
53.8316
52.9684
48.8421
50.9684
50.3579
47.8105
48.5684
48.5263
49.1158
47.9368
48.6105
48.5263
49.1368
49.0316
52.7789
52.0421
51.3474
51.3684
51.6
51.6842
52.2947
52.0421
51.6842
50.7579
50.2737
46.9263
51.0526
51.1368
50.7158
51.5789
51.7474
48.5684
48.6105
48.4632
48.3158
48.9053
48.8
48.7158
48.8632
48.8842
48.6526
48.9684
49.3474
49.1158
50.5684
50.9684
51.1579
51.6842
52.4
52.3158
52.2316
52.3158
52.1684
51.3684
50.3158
50.2316
50.0211
50.1474
50.9684
52.2105
52.6947
52.3158
52.0421
51.3895
50.9053
51.2
51.6
52.5053
52.7579
52.6947
53.2421
52.7789
52.0211
51.4526
58.5895
57.8526
52.1895
52.2316
51.0316
48.7579
47.7263
47.3053
46.4
47.4947
47.7895
48.5895
49.8105
49.8526
51.4737
51.9579
53.2211
54.6737
54.1263
53.6421
52.6737
52.1474
51.5579
51.6842
51.8316
51.0737
50.9895
50.6316
50.3789
51.7263
52.6316
53.4947
53.5579
53.4947
54.1263
54.7579
55.0526
54.5684
52.4632
51.7684
50.9263
48.3368
48.7579
49.7684
49.3684
48.6947
48.9474
48.6316
48.1053
47.1789
47.6
47.7474
48.6526
47.8105
48.4211
48.4
49.7474
52.0211
54.4211
55.5579
55.2421
54.9474
52.1895
51.7895
50.6526
51.7474
53.1368
55.0947
55.4316
55.0526
55.1368
55.9368
55.3474
53.8316
52.8632
52
52.0632
52
52.2105
53.1789
53.3474
55.6211
56.4842
57.8737
57.1579
57.4105
52.8632
57.6421
56.6526
56.6105
56.3368
55.8316
54.7789
54.2947
54.0632
53.1368
53.6421
53.0947
53.4947
52.9474
54.0632
54.5053
54.2105
50.5684
47.8737
42.2316
43.6632
51.9368
51.2842
53.4947
53.7053
53.5158
51.5579
50.1474
50.1474
50.0211
52.0421
52.1053
52.4632
53.8947
54.1895
49.9789
50
49.9579
50.5263
49.9579
49.6421
49.4737
47.9158
50.0421
48.5895
47.6632
47.6211
48.5263
48.0211
47.6632
45.6
45.6842
45.2421
47.2211
47.7474
47.8526
48.1263
46.4211
45.9789
45.9158
46.3789
46.5684
46.8
46.8211
49.0105
50.3158
50.9684
51.7474
52.9053
53.5789
54.8211
55.1579
54.2947
53.4526
52.4632
49.3263
50.2947
52.0632
53.6211
53.5789
56.8632
55.5368
54.2105
52.5053
50.3579
48.2316
48.5263
48.2526
48.6105
49.6421
51.8316
52.9684
53.6211
53.0105
51.3895
51.3684
51.1158
51.4526
52.0421
53.2632
53.1368
54.3579
55.1368
55.7263
56.2526
54.8842
55.2842
55.1579
56.6526
56.8
56.4211
55.4947
54.5263
53.7684
53.8947
53.4316
53.3684
52.5474
53.2
55.0526
57.7263
56.9474
56.1263
55.8316
57.2421
56.8842
57.3684
56.8
56.4211
56.1263
55.2421
52.6316
51.9579
50.8421
50.3368
52.6947
52.9263
54.9053
55.5158
56.7158
57.1368
53.7895
52.1053
51.3474
52.6316
52.6737
53.3684
52.7158
52.5053
52.2316
52.3579
51.9158
52.3579
52.5684
51.6842
52.2526
53.0105
53.6
54.3368
53.6421
52.6947
52.5053
51.5789
51.6211
50.8
49.2211
48.3368
48.5053
50.2526
51.8526
53.1368
51.9158
51.0947
46.6105
48.1684
47.6632
46.0842
45.8316
45.9158
46.5684
48.5895
50.0632
51.5789
50.9684
50.2526
50.9053
50.6316
50.9474
50.3789
51.0316
49.6421
49.3263
49.6
51.0737
49.3053
48.0632
47.9158
47.1579
47.8105
49.2211
52.5474
53.4105
52.0632
51.9789
51.5789
52.2737
53.2211
54.3789
54.2105
54.3579
54.9474
55.1368
55.8947
56.8
56.6105
56.8842
56.8
56.1053
55.5158
54.8
54.1263
53.3474
53.0105
52.6526
52.6737
52.4421
52.5263
52.6526
51.9158
51.5789
51.4947
50.2737
49.6842
49.1789
48.1895
47.0947
47.3263
48.4842
47.6
49.1158
49.3053
49.8526
53.6421
54.9474
53.2211
54.3368
55.6211
56.5895
57.9789
58.4
57.9789
58.1053
59.2421
60.0632
60.5684
59.1368
59.0526
58.7368
58.9895
58.1684
57.8105
58.0842
57.4737
57.1158
56.5263
56.9263
56.3579
53.9789
53.7263
52.8842
53.8316
55.0526
55.9158
55.9789
55.1579
54.6737
54.3368
53.9579
54.1895
53.6632
53.3263
52.9684
52.4421
52.3579
52.2316
52.3789
51.6421
51.8105
51.3474
51.8737
51.3895
51.3895
51.2421
51.7263
51.6421
51.3474
51.3263
51.8526
49.0526
42.5053
45.8105
49.3053
50.2737
50.5684
47.8316
49.2
51.2842
47.8737
51.4105
54.9684
54.8211
55.1368
55.7053
56.1474
56.9474
56.8842
58.3789
59.4737
60.2105
60.5474
58.8211
60.2737
57.9789
56.3579
53.6211
52.7579
51.7474
52.1053
51.8947
51.5158
51.5789
52
53.2842
53.3263
54.0421
55.4105
52.6316
53.1368
53.4947
57.3053
58.1474
57.1579
56.8842
56.9895
52.9684
52.4421
52.4211
50.8421
54.8632
54.2737
54.2316
55.0105
55.0947
54.5684
55.2
54.6526
53.9579
54.6947
54.6737
55.4316
55.9789
56.7579
57.6
57.7895
57.2421
57.1579
56.5895
56.4842
56.5263
56.3579
55.8737
56
56.5053
52.2947
51.4947
51.4105
50.5895
53.8737
52.9895
51.8526
50.1895
48.9684
47.1579
46.7579
47.5368
48.6737
50.9053
54.1263
56.5053
57.0737
56.0842
57.1158
55.3684
55.0526
55.7053
56.3368
58.0842
58.3789
54.3579
54.2737
53.4526
53.7474
54.9895
63.0947
54.0211
53.3263
54.2526
54.6316
66.8421
63.2421
63.8947
64.1684
61.8737
61.1368
60.8632
61.1368
65.3684
54.2316
54.8632
54.7368
54.7368
54.0421
52.7158
50.1895
49.9158
50.4
51.5158
52.3368
64.6947
62.6105
63.2842
68.2947
59.7895
59.3053
58.8
58.8211
58.2316
57.0947
66.0842
65.7684
65.2632
64.8842
65.3053
65.1368
55.0526
54.6105
53.5158
52.4
61.5579
51.5789
61.1789
62.2526
62.6737
63.2421
63.2421
64.0421
63.8526
63.5158
62.4
62.1053
51.7053
52
51.4316
52.2737
51.4737
52.0842
52.7158
53.9579
54.0632
64.9684
64.4211
64.0211
62.6947
60.8
60.9053
60.5263
59.3053
58.6947
58
57.6211
46.5474
60.9474
50.7789
50.8
50.2947
49.8105
51.0526
51.8316
53.0105
54.1684
54.9895
51.9368
63.2
62.5474
62.6316
63.9158
64.4421
64.0632
64.5053
63.5158
62.8842
62.0632
63.1158
63.2842
63.9789
63.5368
63.9158
63.0105
63.0316
61.9158
66.0632
54.3158
53.2211
52.4842
51.7263
51.7474
51.2
49.7263
47.8105
45.9158
45.5789
46.1263
46.0421
45.7474
46.5474
46.4632
46.0211
41.2842
40.9684
40.6105
39.3474
35.9368
42.0211
41.2
41.9579
43.1368
41.1789
42.4421
43.4947
45.7053
44.3789
45.3053
43.3895
44.9895
45.8105
44.0842
45.6421
45.5579
44.2105
45.0316
44.2105
43.9789
43.7263
45.0316
45.8316
46.1684
46.1263
46.2947
46.5684
46.4
46.2947
46.0421
46.0421
46.4421
46.1684
46.5053
46.5474
47.0947
47.8947
56.2526
56.9895
57.6632
58.4842
59.0316
59.0737
58.0211
56.9474
56.1474
55.6421
48.7789
49.0526
48.6105
48.3158
48.7789
47.9579
46.8211
45.8316
45.1368
44.5263
43.9789
43.6842
43.4737
43.0737
43.0105
43.3474
43.9368
44.6316
44.9895
45.2632
44.8632
44.4632
44.7158
44.6526
54.7158
42.7368
42.8
43.3684
43.3895
53.7263
52
53.2211
53.2
52.4
53.0316
53.7895
54.3579
53.5158
52.6947
52.5895
51.7053
40.1474
40.5263
41.2632
42
43.0105
43.9579
44.8632
44.8842
44.7158
44.9684
45.7474
45.8947
46.7368
58.8
58.8632
57.0526
54.8842
54.2737
53.7895
41.8526
41.7263
42.5263
42.2105
41.3263
41.7263
42.4
43.3053
43.9789
44.0842
44.1053
44.2526
44.2947
44.4
44.2526
43.4105
43.2632
43.2
42.9053
41.9579
42.4842
42.6105
43.5579
43.2632
43.0947
42.6316
42.7579
43.0526
42.6526
42.5053
42.3789
42.7579
43.1158
43.5158
43.8947
53.9158
53.8737
54.1053
54.8632
55.7474
56.5053
57.2632
58.0421
58.9474
59.6211
59.9789
60.1053
59.6421
60.1053
60.6316
60.5684
60.3158
60.5053
61.0105
61.4316
61.6842
61.0526
61.1158
50.2105
49.8526
49.6211
48.9895
58.1895
57.5158
56.5263
55.6842
54.8211
54.5263
54.2105
57.0526
56.3158
56.2316
55.5789
55.2842
54.5895
54.2947
54
43.7053
43.4737
42.8
52.6105
52.1895
52.2316
52.2316
51.9158
52.0211
52.4421
52.9895
52.6947
53.1368
52.4842
51.9158
52.0211
51.8526
41.7684
52.4842
52.6316
53.1158
53.3895
53.6421
53.7895
54.1474
56.0211
57.0526
59.6842
60.7368
59.7053
60.6947
60.8421
60.4421
59.9368
59.5158
58.9053
43.6842
37.0526
40.8421
40.7579
41.9579
42.4421
42.8211
42.7158
42.7368
43.6842
44.3789
45.7474
46.6737
45.4316
45.6211
45.6211
44.4632
43.2842
42.4
42.3368
42.4211
42.3368
52.6737
52.4421
52.4421
52.6316
53.1579
43.1579
43.5368
44.1263
44.8842
56.3579
45.9158
45.5368
43.1158
42.4421
42.1053
42.3158
41.2421
41.5579
43.7684
41.3263
39.7053
42.4842
42.1263
40.6316
40.6526
37.7895
40.1684
40.4421
36.6105
38.7789
37.1158
35.7053
37.2
42.2947
42.0842
42.3368
42.6316
46.8632
47.9368
49.1158
51.0105
53.1158
53.2632
53.2632
53.1368
53.4737
53.9789
54.5684
50.0421
50.0632
49.7684
53.0105
49.3053
47.8316
43.9579
47.1368
45.2842
48.5895
45.0316
43.2211
45.1368
44.7579
43.3684
40.2737
35.8316
35.0526
35.1158
32.1263
32.1263
30.9474
30.6105
31.0316
31.0947
37.0947
35.9368
32.5895
36
40.6526
42.2316
41.4316
41.2842
41.4316
41.4105
40.1474
40.4632
40.3579
52.5053
53.3053
43.8947
43.9368
54.7368
45.9579
46.2105
45.0105
52.3579
51.7474
51.0737
52.6737
53.3474
52.1895
52.3158
54.1263
52.4
53.3895
44.7579
55.0105
56.1053
47.0737
49.2842
48.1895
42.9895
34.5684
35.0316
36.5474
32.6526
36.5895
39.7263
41.0737
39.1368
38.7368
42
40.6947
42.2737
43.7684
41.5579
38.0211
38.3368
38.7789
36.9684
33.7895
34.4632
37.1579
37.2632
36.2316
39.5579
46.1474
48.7158
46.9263
44.5684
42.0632
46.0842
46.1263
49.8105
50.2526
46.4842
46.7789
47.0526
58.9263
48.8842
59.2632
58.9263
46.9263
45.5368
44.2947
46.1895
45.5579
44.9053
42.9895
42.5684
42.9684
44.0211
41.8526
36.9053
30.1263
28.4632
32.4211
27.0737
28.2526
31.2632
29.4947
33.2
33.1158
35.2632
39.7895
41.3053
42.5263
49.5158
54.1053
53.9368
50
50.3158
45.8105
45.3474
46.9684
51.4105
53.2
54.6105
55.1789
55.1368
55.2
65.4947
65.3474
65.9368
65.9579
65.9368
55.8105
55.7684
55.9579
55.8947
55.9579
56.9684
57.3263
56.8842
56.2947
55.1158
54.1684
51.9368
50.1474
47.6421
45.6632
45.1158
43.5579
42.4
37.4526
42.6947
42.0421
42.4211
45.0526
49.6632
44.5053
45.9789
52.5474
52.8421
51.6
52.1053
48.4842
53.3684
50.9684
54.9053
53.6632
53.8947
54.0421
53.7474
53.5158
54.2526
49.9368
49.5579
48.8842
47.7263
47.8737
48.2105
48.2316
50.4
52.0421
49.8105
50
50.8211
51.0105
48.5474
47.1579
47.0316
50.6526
52.6737
52.4632
47.3263
48.9895
44.7579
47.6421
48.0421
48.1053
52.0842
52.9895
50.4421
40.4632
41.5158
50.7368
55.0105
58.4
59.3474
71.0947
67.0526
67.6842
67.1368
70.6105
66.5474
67.8105
67.4737
67.4947
65.6
69.6
69.0526
68.2737
57.1158
56.8421
55.8526
55.4737
55.7684
55.2
54.1263
52.9263
51.7263
51.2842
48.5263
47.8105
49.2632
47.7684
48.7158
48.2947
48.5263
48.6105
47.2
46.3158
42.8
42.7789
42.7579
42.4421
41.6842
46
46.1895
48.5053
49.6211
49.7263
50.8211
51.6842
52.5895
52.9053
53.3474
52.4
52.2737
51.9158
51.2632
51.4105
51.2632
50.7158
48.4211
52.0421
51.7895
52.1263
52.2105
52.3158
52.2947
52.4842
60.7789
61.7895
61.9368
61.9789
61.7053
61.2211
60.2316
58.4211
57.4105
58.5263
57.5368
46.6737
46.0421
46.4421
46.3158
46.1684
46.1895
46.2105
46.5474
46.6105
47.1158
47.1158
47.6
47.3474
46.9895
47.2211
58.1684
55.6632
56.6105
56.8211
57.5579
57.4526
57.3895
56.4632
55.9579
54.9895
54.7789
55.1789
47.3684
48
48.0211
47.8737
47.5158
46.4632
45.2421
44.7579
44.6316
43.8316
43.0105
42.4
42.1895
42.8211
43.0737
44.2316
44.7368
44.3789
44.3579
44.2105
54.5684
53.4316
42.3368
43.2632
43.0947
53.7684
53.8105
51.9368
52.5895
53.1579
53.7474
53.1789
52.4632
52.5684
40.9895
51.3474
41.7895
41.5158
42.5684
43.4316
44.4211
44.8421
44.3158
44.8
45.6421
45.6842
47.0737
58.7368
57.9789
55.2632
54.1895
54.1263
41.8947
41.6421
42.5474
42.1895
41.4947
41.9579
42.5053
43.5579
44.2526
44.0421
44.4842
44.6947
44.8632
44.1684
43.5789
43.1579
43.2842
42.5684
41.8316
42.3368
42.7368
43.2211
43.2
42.7158
42.4
42.7158
42.9684
42.1895
42
42.0842
42.4632
43.1368
43.6211
54.5895
53.3263
55.1579
53.8526
54.3368
54.6316
55.3684
55.8737
56.2316
57.5789
58.0842
59.0526
59.4316
59.9789
60.1053
59.9368
60.0421
60.3158
60.4842
61.0737
61.0316
50.8
61.6211
61.0737
60.3789
60.7579
60.7158
60.3158
59.8737
59.3053
59.6421
59.6211
59.9789
59.8737
59.6421
60.2316
59.0737
56.8421
55.4105
54.5684
54.9474
54.8211
44.3789
54.2737
55.0316
57.1158
59.3053
59.9368
59.6842
60.3789
61.3474
60.2105
59.4526
57.2
56.8632
56.4211
57.1789
55.7263