46.1877
47.3303
48.4729
49.5056
50.5383
51.4392
51.8348
50.8899
49.0442
48.1213
46.6051
45.1549
45.089
45.88
46.693
48.2751
50.1868
47.3962
47.8796
46.9347
45.089
44.8912
44.4298
44.6276
44.8253
46.3415
47.7038
48.2312
49.0661
49.5056
48.6706
46.7809
45.6603
45.7702
44.5177
44.298
44.8912
45.7482
47.0886
48.5608
49.3957
49.4836
48.0114
45.924
44.9572
44.1441
45.7042
45.6163
46.2316
47.0226
44.9352
45.5944
46.2096
45.8361
45.4186
45.0231
44.3419
43.2872
45.9899
45.9899
46.5832
47.9675
49.6594
50.5823
51.7908
81.169
79.6748
49.8352
78.0708
75.8954
75.412
75.9394
76.4447
47.7477
48.7146
48.7146
49.198
47.3522
45.7042
45.4845
44.8693
74.2035
74.3353
73.9178
73.2367
72.7313
42.3643
42.3643
42.5401
42.3423
72.5335
72.6214
72.6434
43.3971
44.0123
43.6168
43.6388
73.3465
73.742
73.9618
44.232
44.276
44.4737
44.6935
45.2208
46.1657
46.1217
46.4294
46.0558
45.6823
45.8361
46.3634
47.6159
49.3078
50.3845
51.4392
51.9446
47.9235
46.8688
46.2096
45.067
47.0886
46.8908
47.2424
47.4621
48.4289
49.4617
51.5271
52.2962
48.1872
47.2424
45.5285
44.8253
47.4841
44.5177
47.55
45.4845
46.5612
47.6599
47.7697
47.7477
47.6159
45.9459
46.2975
48.2751
48.363
76.9062
76.9281
47.6599
48.1213
49.7913
81.4107
82.5533
82.5313
81.6744
49.5715
78.3784
77.082
76.7743
76.4008
76.8403
48.2531
49.7473
51.3514
49.0881
49.3957
52.2742
78.8618
76.5107
45.8361
45.5285
45.9679
46.2536
77.3456
48.4729
49.5935
50.6922
47.572
48.0114
47.2643
48.9782
47.7038
45.8361
44.6495
44.8693
44.8253
44.6276
44.9791
44.8473
45.5065
45.6823
45.7702
47.3962
48.2971
48.8025
48.2751
48.2971
47.4401
45.9679
45.2428
44.8693
44.4298
44.232
44.3639
44.254
44.1661
44.4518
44.8253
44.9791
45.3307
45.5065
46.6491
47.7038
49.6155
50.2087
50.9558
52.0105
52.1204
50.0769
47.4841
44.6495
42.628
45.3307
44.7154
74.0277
73.9178
44.7154
44.0343
44.9132
45.2208
46.5832
47.1325
48.5608
49.0881
48.5608
48.7805
77.4116
75.6976
74.1815
73.8739
73.9398
74.3353
74.9286
75.0385
75.2362
76.1151
76.7084
77.2577
78.4004
49.6155
50.3406
50.1648
48.9782
77.9829
76.7743
76.4447
76.4667
46.4074
47.2424
43.6827
44.1881
45.2648
44.7154
45.88
46.0998
46.8249
75.2582
46.0998
75.5438
46.715
45.8361
46.3854
47.0007
46.5172
47.506
46.6271
47.0666
77.2138
46.1877
46.2316
46.0998
44.7594
45.3307
73.6322
44.1881
42.8697
43.1114
41.815
44.0123
44.232
42.8258
45.2428
43.3751
45.88
46.5392
46.8688
76.1591
46.737
46.6271
46.1877
45.4845
45.8361
45.7482
46.4953
46.3854
46.0778
46.2536
45.5944
45.7042
44.9791
45.4845
45.4845
46.1877
46.6491
47.3742
47.3522
47.4621
47.7917
48.7805
48.7365
49.8132
51.9886
52.7796
52.8455
53.4828
53.9222
54.4496
54.7132
55.8119
56.4931
56.0976
56.3393
56.3832
57.0644
57.4379
58.229
57.9653
58.2729
58.6684
58.4047
58.3828
58.5146
58.5366
58.2729
56.6029
56.7787
56.6908
57.394
55.3724
54.7572
55.746
55.9657
56.1415
55.6801
56.2953
55.5482
55.8559
54.8011
53.8783
52.494
52.472
53.241
54.0541
55.2626
55.4384
55.3944
54.6693
54.1419
53.285
52.1863
52.9554
52.9993
53.5926
54.3397
54.9989
55.2846
55.0209
55.2186
54.9769
54.6034
53.1312
53.4608
84.5089
85.1681
56.0097
57.2841
57.7895
57.6796
57.0204
57.0644
54.4935
54.1419
83.4542
53.7684
84.3331
55.8339
57.7456
57.5698
56.2294
58.4926
87.3215
87.2336
56.9325
57.5698
58.2729
59.2178
58.8222
88.9695
57.5258
57.5917
57.3061
56.1635
55.5702
55.746
56.1635
57.9873
59.3276
59.7451
58.7783
55.5922
54.6034
53.7464
53.0433
52.7576
52.9774
53.7025
54.4056
54.9769
56.2514
56.6029
57.416
57.8334
56.1415
53.5047
51.637
50.9558
50.8679
50.2747
49.6594
49.0442
48.6267
48.8904
48.385
48.2092
48.1872
47.8576
47.2424
47.3742
47.506
47.9016
48.2751
48.363
52.5819
48.6926
52.8236
49.2639
49.6594
49.6155
53.6805
52.9774
53.5706
53.307
53.3509
49.7034
49.6155
49.6374
50.0989
49.8572
50.2966
50.4505
50.6922
50.9998
50.9998
50.7141
51.3074
52.3841
53.1751
53.6805
54.2958
55.0209
55.0428
54.7132
54.5155
84.4869
54.7132
55.8119
56.4491
56.9325
56.6469
56.5151
86.7721
57.2621
85.7174
85.7614
55.3065
84.6188
54.0321
84.465
86.1129
57.372
87.5192
87.4094
56.2953
53.5706
54.3397
53.5706
53.4608
54.1859
54.6473
58.3828
60.9536
60.7339
59.4814
58.7783
57.9213
56.4491
56.559
57.1742
57.8115
58.5805
57.8115
57.0864
86.7941
86.3766
84.5309
53.4168
53.8123
54.2079
55.5482
86.069
55.0868
55.0209
54.6034
53.1532
51.7688
52.0984
52.1204
53.307
54.1639
55.4384
54.5375
54.2298
54.3617
52.7576
52.2523
53.7684
53.5267
54.8671
54.6473
55.1747
53.5487
53.0213
52.7796
51.6809
51.7029
50.824
51.7688
52.0765
54.3177
54.7572
54.7352
53.8783
52.494
51.1316
49.4617
49.5715
49.6814
51.1536
53.0872
84.9044
85.3439
53.5267
53.4168
52.5599
51.7249
52.45
53.5047
84.1793
84.3551
85.6955
54.9769
54.2738
52.6697
51.3953
50.4944
51.4392
53.1312
54.3177
56.2074
55.5043
54.4276
52.7357
52.5599
51.2195
51.1096
51.1316
51.8787
53.4168
55.1307
55.4823
55.2406
53.8123
52.5379
51.4612
50.6702
51.0218
52.2303
53.9442
55.1747
54.6913
53.7245
53.5487
52.1204
50.9778
50.6702
51.637
52.0325
53.8343
55.1967
55.8119
54.5594
52.45
52.1204
50.4285
50.011
50.5383
51.5271
53.7904
55.1967
56.8007
56.7128
55.4384
52.3621
50.78
49.3518
49.0002
49.6155
50.6702
51.8128
53.4168
53.4388
52.1863
50.5164
50.6482
49.8791
49.4836
50.0769
51.2854
52.9334
53.9662
85.9372
58.4707
58.5586
56.2733
86.1569
85.3659
56.1635
56.9765
57.0644
57.8994
58.4047
88.0246
87.2555
87.3654
57.2621
54.4056
51.7029
49.3518
47.4401
47.2643
46.8468
47.3742
47.1984
47.1325
46.737
46.8468
46.8688
46.7809
47.1105
46.8908
46.8029
46.9347
46.4074
46.8688
46.5392
46.737
46.4294
46.0998
45.8581
46.759
47.4181
48.2751
48.6047
47.3742
47.2424
46.2755
46.1657
46.0119
45.6603
45.045
45.1769
48.9343
48.1872
46.9347
46.2536
47.4621
47.4401
77.3017
76.7304
77.9829
47.5939
77.1918
47.506
47.528
47.6379
46.4074
46.2755
76.4447
76.7963
48.1872
46.0338
46.9787
48.2971
48.8684
48.5827
48.4509
47.3962
46.2755
45.6383
43.7047
44.0343
43.4849
44.8253
44.7154
46.0998
46.5612
48.1213
79.521
80.1362
80.312
50.9778
78.9936
77.873
47.0666
45.5065
44.232
43.7706
45.0231
45.924
47.506
49.0442
50.1209
48.6706
46.9787
46.9347
45.5504
44.0343
44.1441
44.4518
75.8734
47.2643
48.6706
49.8132
49.3738
46.3195
44.8693
74.7967
74.621
46.8688
79.5869
80.312
81.0152
79.6089
48.7585
49.3518
76.3129
77.2797
48.7805
49.5495
51.8787
52.0984
52.0105
46.1657
45.4186
77.895
47.0226
47.2204
48.6267
50.011
50.802
50.9119
49.1321
47.3522
46.1877
45.5724
45.089
75.6317
47.2863
48.7585
50.0769
49.7913
49.6155
78.9057
78.2026
46.8249
47.0226
46.9128
78.3564
80.3999
81.8062
81.7842
49.7253
49.0661
47.6818
76.7743
47.4401
49.5715
46.6271
47.7477
48.341
50.9558
47.7038
47.528
46.0558
45.7042
46.9347
48.1433
79.1035
51.1756
51.9227
50.802
48.9123
47.2424
45.7482
46.3415
44.232
48.363
49.6814
51.0437
51.4612
51.3733
45.2868
47.4621
46.1217
45.111
75.2362
75.9833
47.7477
50.0769
47.8356
47.9675
46.0558
44.6715
44.6935
44.4298
45.2868
45.7702
47.9016
49.5276
49.5935
49.7913
48.1872
46.3415
45.5724
44.3639
44.6935
44.9791
46.6491
47.9675
49.4836
49.5056
49.2859
46.693
45.5065
44.8693
43.7926
46.3195
46.3415
47.2863
44.8473
45.5944
46.3854
45.8581
45.8581
45.3087
44.8912
43.5948
45.902
46.1657
76.3349
77.4775
79.521
80.4439
51.615
51.2195
79.7407
79.5649
78.2026
76.9501
46.1657
75.3681
45.3527
46.3195
47.7477
48.3191
48.7365
45.1549
47.4841
46.2755
46.1657
45.1989
74.1156
74.3573
74.2694
74.2254
43.3311
43.3311
42.1006
41.8809
41.815
41.6172
42.0127
42.1446
42.2105
42.9796
43.3311
43.2872
43.6827
43.8805
73.8519
73.8958
74.1156
74.1595
74.5111
45.2648
45.5944
46.3415
46.9567
47.0666
46.1657
46.4733
46.5612
46.8468
47.55
48.0554
50.2527
47.2643
47.9675
48.4069
47.7917
45.111
44.9132
43.9244
47.1105
47.0886
47.6159
48.2312
49.6374
51.1316
48.4729
47.4401
45.7482
45.3307
44.298
44.6495
47.7917
45.2648
46.2975
47.506
48.0554
47.572
45.6383
46.5172
48.6047
47.4181
77.1479
77.5654
48.2312
79.543
81.2349
53.1312
52.494
50.8899
48.4289
77.1259
76.6205
76.8403
77.3456
48.9782
50.4065
48.5168
49.3738
47.8796
78.8838
46.9128
45.9459
45.9459
45.7921
76.3788
47.8356
49.4836
47.2863
47.7477
51.4392
48.9343
76.8842
45.1549
44.7154
44.5616
44.8693
45.2868
45.2428
46.0778
46.4074
48.0554
48.7365
48.341
48.4289
47.0226
45.4406
45.089
44.6495
44.4078
44.232
44.4078
44.1661
44.276
44.5616
44.9132
45.1769
45.4845
46.9567
48.385
49.5715
50.4505
51.1536
51.1756
49.6594
47.8137
44.9791
43.441
42.4962
45.5504
74.4452
74.2254
74.0936
43.8585
44.9572
45.3527
46.3415
46.5612
48.363
48.8684
48.363
49.0661
77.7851
76.7084
74.7748
73.9178
73.9178
74.3573
74.599
74.9945
75.1923
75.3461
76.7304
77.8071
79.1035
50.3626
51.7249
50.9339
49.8132
48.6706
47.1984
47.1545
43.3531
43.9024
44.8912
46.0778
46.3634
77.2577
76.1811
46.4953
44.0343
76.0712
47.2863
76.5546
48.1433
47.3962
78.5761
48.2971
48.8025
49.0661
48.6267
49.4397
48.385
78.0268
78.1367
77.6093
77.3456
77.8071