-1.28223
-1.22939
-1.26346
-1.286
-1.33331
-1.3322
-1.29765
-1.29077
-1.32201
-1.30551
-1.29248
-1.30394
-1.298
-1.29976
-1.28375
-1.27989
-1.29189
-1.32274
-1.31933
-1.30779
-1.33727
-1.31243
-1.31559
-1.31736
-1.33453
-1.34189
-1.29594
-1.30599
-1.3016
-1.28866
-1.29526
-1.30144
-1.28007
-1.28352
-1.27606
-1.28247
-1.27761
-1.28763
-1.2791
-1.29319
-1.27319
-1.29364
-1.26956
-1.28921
-1.28664
-1.25753
-1.28847
-1.28912
-1.28044
-1.27913
-1.27679
-1.29098
-1.29586
-1.31233
-1.30294
-1.29546
-1.27933
-1.26733
-1.26696
-1.28328
-1.27678
-1.29189
-1.28344
-1.28644
-1.28067
-1.33155
-1.29136
-1.31519
-1.29969
-1.33529
-1.32145
-1.31286
-1.34464
-1.32504
-1.33328
-1.3428
-1.34985
-1.32046
-1.31074
-1.31326
-1.31386
-1.32113
-1.31932
-1.34643
-1.35747
-1.33908
-1.37782
-1.39163
-1.38997
-1.40062
-1.39329
-1.4206
-1.38797
-1.39505
-1.39198
-1.39682
-1.39282
-1.40314
-1.42619
-1.44003
-1.47269
-1.4775
-1.49083
-1.48903
-1.48785
-1.48829
-1.46651
-1.46461
-1.42362
-1.43852
-1.40657
-1.41305
-1.39561
-1.36516
-1.33737
-1.31138
-1.28463
-1.27291
-1.24636
-1.23537
-1.23571
-1.24433
-1.23115
-1.1942
-1.20683
-1.17275
-1.16953
-1.15717
-1.14121
-1.16364
-1.17002
-1.17432
-1.15915
-1.17034
-1.17375
-1.17557
-1.179
-1.15766
-1.17271
-1.16168
-1.20114
-1.17575
-1.15658
-1.17773
-1.17822
-1.17901
-1.19252
-1.187
-1.24151
-1.27325
-1.34634
-1.31823
-1.33782
-1.34029
-1.34414
-1.33412
-1.38374
-1.21656
-1.2734
-1.27315
-1.2734
-1.28754
-1.28797
-1.27151
-1.26342
-1.16708
-1.15883
-1.15801
-1.15945
-1.12959
-1.11713
-1.10994
-1.11535
-1.10821
-1.10686
-1.06643
-1.05173
-1.03318
-1.02358
-1.03208
-1.0311
-1.14931
-1.15697
-1.16472
-1.1644
-1.18759
-1.20566
-1.22044
-1.24932
-1.26085
-1.31288
-1.33545
-1.35823
-1.36653
-1.39907
-1.45061
-1.49335
-1.49537
-1.49319
-1.49435
-1.51774
-1.52385
-1.52656
-1.50832
-1.50869
-1.4861
-1.43299
-1.40391
-1.38262
-1.36795
-1.35612
-1.34259
-1.34045
-1.35404
-1.38183
-1.40979
-1.40894
-1.38475
-1.40149
-1.40883
-1.37688
-1.36668
-1.33984
-1.31081
-1.32147
-1.30948
-1.26076
-1.2187
-1.21005
-1.22834
-1.10656
-1.12488
-1.13006
-1.11569
-1.10381
-1.08858
-1.09795
-1.09513
-1.10557
-1.02343
-1.03572
-1.01235
-1.02712
-1.01298
-0.990765
-0.977715
-0.954244
-1.0553
-1.04312
-1.06147
-1.0721
-1.0825
-1.0969
-1.1018
-1.08153
-1.21934
-1.23273
-1.2408
-1.26656
-1.30695
-1.28838
-1.32766
-1.34744
-1.35042
-1.36864
-1.44738
-1.42511
-1.41336
-1.39553
-1.44556
-1.45413
-1.37543
-1.35777
-1.36469
-1.3547
-1.32927
-1.32051
-1.2882
-1.27831
-1.2529
-1.27523
-1.28074
-1.25081
-1.24092
-1.21575
-1.21513
-1.24298
-1.2337
-1.25811
-1.25697
-1.23485
-1.25327
-1.28524
-1.30947
-1.29942
-1.33342
-1.31633
-1.34296
-1.36896
-1.35893
-1.40419
-1.37141
-1.33764
-1.27553
-1.09341
-1.10991
-1.11306
-1.10065
-1.08993
-1.06634
-1.05092
-1.03452
-1.10831
-1.10691
-1.12148
-1.12601
-1.12307
-1.13849
-1.09737
-1.06902
-1.17792
-1.20822
-1.19257
-1.21909
-1.2296
-1.23702
-1.24317
-1.29862
-1.30471
-1.26296
-1.25142
-1.29645
-1.27927
-1.31758
-1.28801
-1.29221
-1.26884
-1.23669
-1.25656
-1.24709
-1.21125
-1.18585
-1.21153
-1.23106
-1.19065
-1.22589
-1.23599
-1.23021
-1.20422
-1.2302
-1.18066
-1.16101
-1.16814
-1.11289
-1.11923
-1.09053
-1.14684
-1.16028
-1.19233
-1.2321
-1.24602
-1.20593
-1.22306
-1.29352
-1.36506
-1.32936
-1.31338
-1.25525
-1.19517
-1.14715
-1.19451
-1.18573
-1.13175
-1.08971
-1.09281
-1.08965
-1.09634
-1.09086
-1.13868
-1.15525
-1.15104
-1.17648
-1.12668
-1.10923
-1.06805
-1.05959
-1.06669
-1.08169
-1.0741
-1.07159
-1.08994
-1.13085
-1.19892
-1.22946
-1.30332
-1.46255
-1.50391
-1.50593
-1.44349
-1.39033
-1.38486
-1.41735
-1.36236
-1.31262
-1.31168
-1.26056
-1.19482
-1.14576
-1.11342
-1.06737
-1.06437
-1.04724
-1.06658
-1.05773
-1.02588
-1.06761
-1.08212
-1.12077
-1.18526
-1.26297
-1.27773
-1.38053
-1.39304
-1.41353
-1.45519
-1.45251
-1.41345
-1.37149
-1.37874
-1.3945
-1.41943
-1.41213
-1.37055
-1.30313
-1.25281
-1.17178
-1.13238
-1.08208
-1.05656
-1.07821
-1.10715
-1.10792
-1.12992
-1.21535
-1.27676
-1.34338
-1.40912
-1.52971
-1.51144
-1.41543
-1.41361
-1.36545
-1.34909
-1.3895
-1.43322
-1.43194
-1.38901
-1.31337
-1.26571
-1.21461
-1.20094
-1.19438
-1.18706
-1.18675
-1.18866
-1.15747
-1.1791
-1.19203
-1.31909
-1.33203
-1.42752
-1.492
-1.4341
-1.46347
-1.38929
-1.38237
-1.30748
-1.28732
-1.28176
-1.19636
-1.18266
-1.27095
-1.24579
-1.30761
-1.28657
-1.22286
-1.17843
-1.27935
-1.28689
-1.23468
-1.1688
-1.14113
-1.16197
-1.19155
-1.1579
-1.15265
-1.15645
-1.16157
-1.12921
-1.15511
-1.18477
-1.16758
-1.15136
-1.18412
-1.17179
-1.22195
-1.21885
-1.24731
-1.25906
-1.22547
-1.23238
-1.26304
-1.29301
-1.29064
-1.27006
-1.28012
-1.29162
-1.27006
-1.28544
-1.31374
-1.3405
-1.35459
-1.36897
-1.38328
-1.38672
-1.37077
-1.36501
-1.35888
-1.37228
-1.35336
-1.35929
-1.32231
-1.34095
-1.30095
-1.29438
-1.27986
-1.25834
-1.24365
-1.18366
-1.16284
-1.15018
-1.05345
-1.03048
-0.997734
-0.993247
-0.980479
-0.917949
-0.881963
-0.878799
-0.812871
-0.799282
-0.783434
-0.807381
-0.8141
-0.818693
-0.826997
-0.833977
-0.859279
-0.867689
-0.868927
-0.913012
-0.921763
-0.92484
-0.916174
-0.874311
-0.840045
-0.807133
-0.765939
-0.835313
-0.835327
-0.768626
-0.798312
-0.878311
-0.877318
-0.847602
-0.832451
-0.798094
-0.805765
-0.785562
-0.780576
-0.782746
-0.776573
-0.78711
-0.785335
-0.768566
-0.774137
-0.794604
-0.789982
-0.737944
-0.727978
-0.730974
-0.716887
-0.712885
-0.70558
-0.673633
-0.653936
-0.647315
-0.605591
-0.575179
-0.576592
-0.572219
-0.552318
-0.556067
-0.559046
-0.55277
-0.566932
-0.567986
-0.5264
-0.536744
-0.545926
-0.536911
-0.539114
-0.551281
-0.547869
-0.534674
-0.480759
-0.463883
-0.466408
-0.452417
-0.435941
-0.406953
-0.386638
-0.377604
-0.356629
-0.357907
-0.352614
-0.370436
-0.385445
-0.40581
-0.424281
-0.432775
-0.505941
-0.524037
-0.540334
-0.528954
-0.551697
-0.574755
-0.577875
-0.589091
-0.686581
-0.699875
-0.748648
-0.806424
-0.75324
-0.746857
-0.798782
-0.858742
-0.797956
-0.80974
-0.789003
-0.746914
-0.780152
-0.880412
-1.02695
-1.21462
-1.44947
-1.23332
-1.22412
-1.10426
-0.946392
-0.677037
-0.534055
-0.422661
-0.407317
-0.340002
-0.400382
-0.422255
-0.421721
-0.420522
-0.401845
-0.393753
-0.369136
-0.43352
-0.462416
-0.437853
-0.444226
-0.454842
-0.439882
-0.46561
-0.477983
-0.763807
-0.784026
-0.80631
-0.844785
-0.886611
-0.96591
-1.09598
-1.16951
-1.11336
-1.11047
-1.0702
-1.05227
-0.976793
-0.945624
-0.854848
-0.776774
-0.796802
-0.722248
-0.756686
-0.785158
-0.767323
-0.77389
-0.777673
-0.781131
-0.743805
-0.745836
-0.660645
-0.586232
-0.565962
-0.570863
-0.57263
-0.570437
-0.613744
-0.686066
-0.723808
-0.750121
-0.787216
-0.825508
-0.905549
-1.00958
-1.12381
-1.06012
-1.04585
-1.01211
-1.0601
-1.14066
-1.09197
-1.03297
-0.956129
-0.89737
-0.784092
-0.814305
-0.773887
-0.779634
-0.780295
-0.775787
-0.757524
-0.831143
-0.819122
-0.774566
-0.705823
-0.678069
-0.641133
-0.604887
-0.599372
-0.604188
-0.827291
-0.785754
-0.749592
-0.703621
-0.621973
-0.535663
-0.446536
-0.367379
-0.452169
-0.439803
-0.442671
-0.443991
-0.420598
-0.397968
-0.407826
-0.425069
-0.395079
-0.416429
-0.422381
-0.418698
-0.425767
-0.430853
-0.460812
-0.486567
-0.488467
-0.518396
-0.525761
-0.558058
-0.590103
-0.601338
-0.619516
-0.638019
-0.818091
-0.845939
-0.926417
-1.07248
-1.1609
-1.23467
-1.27703
-1.24602
-1.12718
-1.08221
-0.98343
-0.878555
-0.722051
-0.65985
-0.67032
-0.69374
-0.698905
-0.665083
-0.658416
-0.647288
-0.64178
-0.666673
-0.68592
-0.634386
-0.576395
-0.450252
-0.444185
-0.440553
-0.468346
-0.46707
-0.468088
-0.461908
-0.451734
-0.431968
-0.433402
-0.425639
-0.419652
-0.390121
-0.415392
-0.415614
-0.432053
-0.557336
-0.586309
-0.610773
-0.638817
-0.668232
-0.699276
-0.723818
-0.71537
-0.925237
-0.89857
-0.891565
-0.872178
-0.858688
-0.906237
-0.942494
-0.991199
-1.0285
-1.11577
-1.20943
-1.20756
-1.24108
-1.26213
-1.30383
-1.2662
-1.21324
-1.16339
-1.16119
-1.15959
-1.15331
-1.1666
-1.14739
-1.15085
-1.16964
-1.13118
-1.13499
-1.15056
-1.15167
-1.14992
-1.19294
-1.18534
-1.21205
-1.19636
-1.20479
-1.18567
-1.18956
-1.15846
-1.15749
-1.12371
-1.13339
-1.11492
-1.10409
-1.094
-1.06137
-1.05541
-0.999063
-0.950352
-0.941103
-0.932858
-0.907807
-0.911172
-0.895076
-0.87334
-0.87762
-0.857686
-0.837087
-0.819084
-0.858249
-0.840322
-0.819878
-0.816459
-0.803599
-0.809358
-0.806992
-0.794049
-0.855888
-0.859016
-0.853322
-0.851479
-0.847542
-0.857692
-0.853868
-0.864489
-0.906595
-0.901592
-0.89678
-0.911243
-0.90362
-0.90899
-0.921655
-0.91957
-0.938112
-0.938024
-0.909624
-0.92078
-0.936163
-0.929678
-0.940306
-0.908908
-0.893263
-0.878711
-0.854889
-0.853073
-0.825529
-0.808191
-0.757749
-0.722529
-0.710284
-0.622277
-0.614723
-0.595464
-0.568772
-0.596296
-0.584467
-0.58819
-0.60159
-0.557208
-0.510401
-0.501443
-0.503598
-0.535826
-0.532029
-0.541353
-0.531869
-0.483057
-0.474654
-0.471584
-0.4576
-0.439224
-0.438421
-0.428465
-0.421382
-0.36835
-0.364085
-0.373904
-0.376806
-0.376062
-0.378636
-0.37485
-0.375922
-0.355559
-0.357263
-0.352651
-0.361527
-0.372872
-0.382978
-0.384865
-0.394182
-0.398463
-0.409816
-0.426598
-0.433888
-0.41998
-0.425549
-0.423396
-0.404466
-0.417679
-0.42436
-0.463905
-0.479467
-0.483823
-0.482482
-0.488716
-0.495296
-0.447287
-0.470311
-0.503888
-0.525474
-0.517465
-0.52776
-0.527517
-0.588098
-0.576721
-0.681422
-0.697561
-0.70956
-0.732937
-0.755292
-0.78803
-0.768853
-0.718518
-0.824242
-0.818048
-0.831819
-0.833576
-0.869375
-0.906232
-0.916101
-0.928201
-1.09691
-1.08865
-1.02494
-0.97468
-0.800425
-0.696829
-0.589044
-0.549097
-0.622508
-0.614822
-0.603536
-0.600246
-0.587338
-0.562485
-0.559357
-0.550883
-0.536081
-0.458336
-0.465885
-0.460655
-0.455864
-0.466613
-0.48172
-0.500866
-0.519471
-0.511205
-0.55204
-0.558507
-0.576024
-0.589574
-0.606044
-0.642247
-0.693045
-0.7856
-0.81057
-0.84625
-0.894437
-0.887453
-0.969562
-1.03389
-1.03173
-1.07824
-1.15146
-1.14702
-1.1748
-1.21709
-1.31709
-1.37259
-1.4412
-1.47926
-1.45775
-1.50642
-1.51435
-1.4748
-1.56072
-1.59018
-1.56265
-1.41449
-1.42917
-1.30991
-1.25415
-1.35248
-1.36005
-1.28727
-1.29933
-1.25843
-1.21903
-1.25719
-1.15934
-1.09069
-0.977852
-0.701849
-0.551293
-0.478263
-0.470196
-0.454612
-0.448944
-0.455089
-0.456301
-0.466516
-0.494084
-0.536706
-0.826857
-0.867256
-0.918235
-0.912351
-0.918859
-0.905976
-0.92235
-0.861882
-0.824609
-0.788487
-0.759193
-0.755171
-0.779908
-0.800554
-0.887621
-0.95478
-0.92526
-1.03295
-1.09103
-1.04368
-0.900461
-0.757433
-0.642442
-0.522904
-0.618058
-0.604263
-0.565908
-0.550653
-0.522176
-0.506021
-0.496384
-0.482047
-0.478951
-0.50439
-0.523343
-0.549516
-0.543287
-0.5188
-0.497948
-0.46864
-0.457151
-0.400381
-0.42758
-0.454352
-0.464956
-0.466783
-0.510882
-0.61503
-0.658646
-0.671733
-0.687577
-0.637465
-0.663719
-0.667547
-0.614201
-0.59579
-0.498448
-0.631896
-0.549309
-0.514738
-0.506529
-0.525044
-0.554032
-0.594829
-0.701929
-0.868983
-0.922684
-0.968535
-0.914821
-0.829808
-0.73064
-0.603063
-0.539123
-0.502492
-0.595596
-0.575338
-0.548007
-0.534124
-0.529344
-0.53121
-0.561118
-0.583351
-0.535265
-0.532153
-0.507568
-0.501447
-0.506532
-0.533149
-0.563924
-0.589837
-0.581663
-0.596944
-0.637824
-0.67932
-0.694256
-0.714231
-0.708843
-0.745042
-0.873091
-0.932457
-0.964396
-0.995093
-1.0238
-1.04971
-1.05625
-0.980487
-0.925505
-0.872888
-0.856962
-0.805094
-0.729598
-0.669535
-0.643274
-0.670135
-0.487955
-0.446433
-0.448447
-0.448499
-0.550622
-0.580739
-0.653109
-0.742509
-0.805411
-0.805381
-0.820278
-0.816528
-0.854247
-0.883081
-0.871162
-0.878629
-0.859751
-0.823103
-0.770637
-0.719306
-0.678482
-0.647586
-0.695729
-0.701083
-0.662718
-0.644066
-0.641378
-0.639243
-0.631716
-0.622596
-0.618479
-0.612252
-0.609927
-0.601378
-0.597844
-0.590247
-0.588147
-0.612018
-0.611374
-0.611793
-0.602172
-0.619693
-0.620972
-0.621184
-0.627047
-0.631069
-0.62519
-0.629872
-0.634994
-0.636246
-0.639596
-0.646591
-0.641095
-0.660781
-0.650396
-0.652127
-0.650837
-0.659731
-0.644877
-0.649491
-0.650581
-0.661256
-0.668862
-0.681442
-0.726273
-0.727701
-0.719582
-0.713968
-0.743222
-0.752421
-0.76498
-0.754714
-0.748514
-0.754357
-0.74357
-0.754618
-0.744264
-0.756047
-0.737624
-0.744121
-0.748274
-0.743658
-0.740602
-0.725281
-0.727119
-0.719012
-0.723213
-0.713324
-0.699141
-0.715692
-0.678426
-0.66795
-0.645803
-0.617988
-0.603704
-0.590632
-0.563005
-0.570317
-0.573994
-0.577348
-0.571373
-0.565033
-0.557851
-0.547526
-0.55663
-0.559159
-0.563239
-0.557827
-0.553163
-0.569071
-0.557379
-0.549779
-0.55099
-0.550503
-0.558356
-0.590203
-0.602584
-0.599565
-0.608242
-0.620525
-0.627232
-0.636617
-0.639705
-0.702667
-0.719662
-0.741364
-0.744556
-0.763678
-0.78893
-0.813219
-0.827697
-1.05441
-1.07871
-1.07178
-1.04716
-1.03723
-1.00777
-1.01078
-1.00813
-1.18736
-1.18215
-1.14664
-1.13762
-1.11484
-1.11254
-1.12615
-1.13127
-1.1466
-1.26461
-1.28072
-1.37919
-1.4758
-1.55057
-1.56326
-1.58368
-1.59002
-1.62189
-1.62904
-1.65321
-1.66441
-1.67372
-1.68481
-1.65077
-1.67326
-1.6847
-1.64001
-1.64112
-1.64496
-1.6345
-1.59325
-1.53789
-1.52882
-1.42763
-1.43028
-1.40589
-1.40405
-1.37808
-1.39284
-1.41483
-1.39156
-1.37724
-1.37765
-1.39336
-1.3612
-1.34578
-1.33387
-1.31596
-1.29128
-1.26292
-1.24743
-1.22601
-1.1936
-1.1683
-1.12898
-1.10673
-1.11297
-1.09642
-1.14737
-1.11751
-1.11469
-1.10169
-1.08568
-1.09416
-1.07302
-1.08133
-1.14762
-1.11413
-1.11772
-1.11468
-1.11795
-1.13616
-1.14708
-1.15537
-1.19138
-1.18209
-1.15036
-1.15243
-1.13496
-1.13158
-1.15778
-1.15992
-1.20017
-1.20425
-1.21905
-1.1933
-1.2187
-1.2151
-1.21059
-1.21435
-1.21699
-1.17584
-1.1743
-1.13167
-1.10978
-1.1439
-1.17208
-1.18969
-1.22476
-1.23703
-1.18161
-1.20882
-1.16745
-1.17574
-1.2035
-1.18968
-1.17651
-1.20787
-1.22901
-1.24747
-1.31039
-1.2247
-1.23524
-1.2437
-1.34522
-1.41256
-1.3989
-1.41472
-1.46061
-1.4292
-1.434
-1.4565
-1.45531
-1.4277
-1.37892
-1.50065
-1.39907
-1.32731
-1.29111
-1.24473
-1.28782
-1.29084
-1.19276
-1.20628
-1.1566
-1.149
-1.20143
-1.26177
-1.25164
-1.26616
-1.1894
-1.14208
-1.17145
-1.20942
-1.21221
-1.28002
-1.27234
-1.33262
-1.29567
-1.23395
-1.32837
-1.39437
-1.44188
-1.51311
-1.50929
-1.48959
-1.40553
-1.36918
-1.30477
-1.2368
-1.2232
-1.25619
-1.31061
-1.33723
-1.23802
-1.20102
-1.22033
-1.19705
-1.22297
-1.15663
-1.18017
-1.2374
-1.2661
-1.216
-1.27071
-1.29922
-1.3125
-1.31882
-1.40445
-1.39329
-1.40735
-1.44989
-1.39016
-1.43622
-1.41564
-1.37338
-1.31191
-1.30146
-1.23032
-1.2476
-1.25264
-1.2713
-1.28674
-1.31123
-1.29119
-1.26114
-1.23482
-1.28499
-1.29761
-1.29066
-1.29156
-1.34626
-1.25619
-1.21265
-1.20084
-1.24713
-1.26186
-1.23833
-1.23792
-1.31121
-1.3338
-1.35762
-1.3624
-1.39872
-1.40159
-1.39531
-1.40366
-1.38378
-1.34881
-1.31315
-1.31703
-1.31996
-1.28038
-1.31637
-1.26599
-1.29442
-1.23446
-1.23332
-1.18471
-1.26449
-1.23971
-1.17625
-1.19374
-1.23937
-1.29129
-1.31908
-1.41005
-1.48266
-1.52699
-1.49053
-1.51807
-1.46173
-1.47105
-1.50571
-1.47084
-1.46264
-1.43487
-1.39783
-1.36465
-1.30209
-1.33834
-1.27682
-1.14908
-1.13476
-1.15186
-1.10148
-1.15234
-1.14736
-1.13952
-1.15462
-1.24272
-1.29776
-1.36403
-1.40661
-1.47323
-1.40827
-1.44043
-1.51611
-1.56043
-1.52576
-1.4044
-1.4483
-1.48741
-1.5374
-1.60553
-1.59185
-1.5577
-1.41676
-1.39753
-1.39094
-1.34656
-1.2874
-1.24723
-1.20743
-1.12251
-1.21146
-1.23149
-1.15597
-1.13839
-1.179
-1.17011
-1.28053
-1.36186
-1.3844
-1.43267
-1.40194
-1.45385
-1.4571
-1.37688
-1.4308
-1.48205
-1.55266
-1.54639
-1.54925
-1.46695
-1.39223
-1.41076
-1.33858
-1.24484
-1.2019
-1.16282
-1.11887
-1.07576
-1.07909
-1.08059
-1.09884
-1.08769
-1.16114
-1.19842
-1.31938
-1.35674
-1.29904
-1.33953
-1.37448
-1.50175
-1.51106
-1.42058
-1.41569
-1.44014
-1.51272
-1.45443
-1.5466
-1.57188
-1.51247
-1.48229
-1.49452
-1.51027
-1.45283
-1.55804
-1.51239
-1.47538
-1.42233
-1.41333
-1.34353
-1.39565
-1.3617
-1.28815
-1.32261
-1.31966
-1.36989
-1.37776
-1.42775
-1.28656
-1.32184
-1.31384
-1.27194
-1.28906
-1.28854
-1.26178
-1.2758
-1.24423
-1.25176
-1.28169
-1.25266
-1.26253
-1.28068
-1.26551
-1.2411
-1.27835
-1.28439
-1.29515
-1.22347
-1.25117
-1.26849
-1.22579
-1.19359
-1.1695
-1.1796
-1.20368
-1.20824
-1.1562
-1.16108
-1.17635
-1.1829
-1.21569
-1.22428
-1.30798
-1.33365
-1.26557
-1.31482
-1.29898
-1.29054
-1.26735
-1.182
-1.22194
-1.2384
-1.22439
-1.24128
-1.23044
-1.35374
-1.40399
-1.39678
-1.48932
-1.55374
-1.55517
-1.61948
-1.56853
-1.59681
-1.60396
-1.56162
-1.63125
-1.53894
-1.56139
-1.51791
-1.50994
-1.48809
-1.4523
-1.38992
-1.4054
-1.37721
-1.37065
-1.38797
-1.3978
-1.38265
-1.33956
-1.31965
-1.32318
-1.32419
-1.32535
-1.36558
-1.36159
-1.37284
-1.38448
-1.39849
-1.43275
-1.43198
-1.51106
-1.47613
-1.50743
-1.52217
-1.50561
-1.52842
-1.48707
-1.50062
-1.486
-1.53447
-1.44844
-1.43499
-1.46418
-1.39239
-1.30421
-1.28756
-1.25147
-1.23722
-1.23904
-1.22841
-1.26039
-1.21632
-1.19479
-1.19663
-1.24313
-1.2413
-1.23507
-1.22925
-1.24807
-1.2174
-1.2362
-1.18869
-1.22695
-1.23328
-1.23947
-1.25515
-1.25391
-1.23767
-1.23656
-1.25851
-1.23317
-1.25099
-1.24751
-1.21613
-1.21951
-1.20119
-1.22325
-1.21915
-1.20542
-1.22713
-1.21666
-1.21208
-1.25222
-1.25966
-1.30397
-1.32502
-1.33126
-1.28573
-1.24884
-1.23949
-1.28206
-1.29653
-1.32658
-1.3444
-1.35797
-1.39531
-1.36731
-1.40549
-1.41852
-1.44021
-1.41419
-1.35064
-1.32014
-1.34443
-1.31991
-1.33145
-1.3047
-1.25578
-1.21429
-1.18808
-1.22571
-1.19525
-1.18483
-1.23178
-1.21892
-1.21776
-1.20188
-1.23898
-1.31021
-1.28031
-1.27599
-1.25497
-1.29034
-1.24204
-1.2659
-1.23192
-1.23046
-1.2336
-1.28312
-1.24026
-1.26557
-1.27731
-1.25209
-1.20911
-1.23885
-1.22465
-1.24657
-1.24226
-1.20547
-1.211
-1.25317
-1.23764
-1.23956
-1.26013
-1.21506
-1.199
-1.23691
-1.23033
-1.22739
-1.22547
-1.26724
-1.25833
-1.21044
-1.22964
-1.249
-1.24923
-1.24215
-1.26762
-1.26062
-1.27515
-1.22715
-1.26125
-1.22625
-1.27623
-1.26514
-1.27781
-1.26211
-1.28334
-1.26661
-1.28774
-1.29108
-1.25335
-1.28257
-1.32406
-1.24691
-1.24209
-1.23084
-1.27539
-1.24709