66.1763
65.1071
63.7558
66.5454
64.0936
66.0573
67.7948
65.8387
63.5237
64.3734
64.6956
65.23
63.4593
67.0445
64.9153
65.6297
66.1604
65.4334
68.2214
69.5465
65.8981
65.7003
67.3534
65.3818
66.918
68.7877
68.0839
67.486
66.8424
67.3579
67.0594
67.166
66.6687
66.0932
66.6757
68.5605
69.1035
69.3983
68.4245
68.0115
61.3735
64.2709
67.3311
65.9101
67.9669
66.4947
64.8351
62.8768
71.4337
63.4341
66.2528
64.4842
68.5296
65.8014
67.6941
64.2856
63.8644
67.2571
68.3294
67.9787
63.6274
63.7153
66.3517
62.1605
64.3858
65.7689
66.887
66.8781
63.2584
67.7475
65.9596
67.8588
64.0696
63.462
62.1816
62.0135
64.6063
62.7096
65.7491
65.0898
63.534
64.8016
63.1048
62.2909
65.6726
65.9755
62.1112
65.8784
65.3397
64.9204
67.5048
66.8953
68.7155
66.2107
62.4597
67.018
66.2963
68.0553
67.6587
69.4061
68.2338
67.585
69.9956
69.218
69.595
67.5591
67.9082
61.6672
67.4862
62.3582
62.8416
63.3709
64.9875
65.0595
65.1852
64.903
68.1274
69.6585
67.2313
71.3503
67.0862
68.5448
70.5909
68.135
67.2349
70.1801
70.6982
69.4371
70.8998
68.2407
70.1706
69.58
64.9964
70.7207
68.402
62.5302
61.9856
64.8281
62.8199
59.2631
60.0301
61.9473
59.933
58.8044
63.5878
59.7889
59.6893
60.8493
59.5697
59.3116
58.1496
61.4043
60.4906
62.0578
63.0907
60.7746
61.3967
61.6998
60.2269
61.1813
61.3887
61.8135
61.9662
64.815
64.5572
63.769
66.2339
62.9665
62.4218
68.3704
66.7823
66.7906
65.1257
68.2939
69.8252
65.1581
69.0911
69.8419
66.5312
68.4779
67.6395
65.6878
61.5949
64.1532
60.505
60.4716
61.2031
59.7267
59.3534
60.2358
58.9997
65.5803
64.7083
65.0189
62.9075
66.2801
68.284
69.5954
67.7633
62.9455
63.1732
63.6185
57.806
61.9188
61.3193
56.6897
58.0108
60.7924
61.0984
61.4233
61.7391
58.1335
59.4514
55.2431
59.6258
55.9409
57.7932
58.1425
57.9742
60.63
58.1784
61.7963
63.1072
63.8913
65.7461
65.5316
69.2521
66.7045
73.266
74.6866
66.757
68.0735
64.7255
63.5239
63.9562
68.5565
63.5542
64.9724
64.23
64.2475
63.669
64.8864
64.5745
61.9209
64.4697
65.7494
65.2534
65.4088
65.561
66.4812
64.8879
69.1248
72.2025
65.8907
66.8001
72.4837
67.7827
71.3061
70.4799
71.2821
71.8993
73.605
69.9758
68.526
66.1378
68.514
67.9417
69.6958
65.0127
67.5629
69.1102
65.3428
65.6584
64.6038
65.4374
64.6766
63.9531
62.0618
62.607
60.3668
61.4548
60.4697
56.9801
55.1042
58.5369
59.2148
58.9778
58.9749
64.6432
62.2525
61.4608
68.6579
69.2427
69.9923
68.8046
71.0663
74.0121
73.0493
76.0697
70.5937
71.5904
68.0518
70.0388
69.3419
65.3752
65.611
66.6613
65.0722
66.5658
66.438
67.2785
65.5246
69.3596
67.9312
68.2929
68.4452
66.9062
69.3904
69.826
69.8013
68.9567
67.805
66.3818
56.1233
63.8811
57.8619
55.7785
56.2681
57.4925
61.0159
57.4681
60.1213
57.7154
58.3861
58.377
62.2176
64.1972
62.2545
65.6429
63.0161
70.1618
69.2819
62.485
63.9542
62.3184
66.8344
64.2342
61.169
61.606
66.1125
66.3746
62.5757
67.4942
63.9959
66.7321
67.8491
69.1828
68.4426
68.2571
71.1378
69.0013
62.5638
63.176
62.3675
63.2282
63.5188
61.6502
65.2812
66.3436
66.4849
68.012
66.9007
66.8928
64.3325
70.7954
65.6003
65.2735
67.608
71.0311
70.2825
73.9448
67.9434
64.9023
63.7618
66.008
65.0057
61.6883
61.7972
65.9926
65.3049
65.6253
64.2708
65.942
68.044
67.5571
68.5365
71.3
71.7556
70.1223
70.3416
67.5304
72.8828
71.9226
71.5007
73.7132
65.4705
64.2914
61.2748
66.5167
63.2241
63.8847
58.7596
62.7073
63.3024
64.5706
65.6068
63.2197
67.8642
62.5427
65.8468
70.8759
66.8079
66.7104
69.7413
70.4872
71.0873
72.9199
69.5737
72.2288
72.5942
73.0024
63.6228
62.8001
63.0707
67.3134
63.6708
60.7503
61.3756
61.5667
62.4479
62.3767
61.3925
58.9204
69.1969
65.9142
70.0551
67.1346
67.9628
73.7216
75.3839
77.1162
71.5631
72.6261
68.4683
68.7811
67.1108
67.174
69.6323
67.2874
61.2687
57.431
57.9212
59.7423
60.7015
58.3036
61.4175
60.3292
62.8149
68.6403
69.1474
66.1386
71.851
72.2486
69.7328
70.8407
68.0914
66.1054
66.8124
67.0552
66.2399
64.6543
62.2832
62.9278
62.437
61.9607
64.642
66.2151
66.6767
69.8152
66.5159
64.0133
64.3131
66.0917
68.1699
68.572
66.1367
67.3026
69.0697
66.4384
67.5474
67.7412
70.2065
71.6327
72.673
67.216
70.7929
66.1597
72.4468
73.0257
70.2425
69.0109
65.8075
69.4182
67.9208
64.2754
65.0604
65.2157
60.396
59.5147
60.8629
61.8582
61.2756
63.4729
62.6424
59.1569
61.424
59.1179
59.4826
58.371
59.7338
58.0769
59.0027
58.7021
59.5901
58.0195
57.5211
56.5686
56.2112
56.1096
56.2598
53.8056
53.502
51.1167
51.8484
50.9982
52.2281
51.4378
50.2835
51.7983
50.7818
49.095
49.744
50.9304
52.4136
53.5766
51.5493
50.9325
50.9692
49.1388
50.5627
50.289
46.7548
47.7897
45.0904
45.5197
43.5066
44.5012
45.8152
47.9581
50.7625
52.15
53.3461
58.4016
56.6726
57.263
58.7857
59.8486
61.5509
61.1661
59.0853
58.8199
57.9927
61.6804
59.0556
61.3801
64.5556
61.6132
62.5999
60.3596
62.7835
63.8491
57.7574
58.7365
54.4353
49.1551
50.1025
47.8453
49.0142
47.9961
45.1777
47.3789
47.4302
47.7453
46.9399
47.5709
51.2214
48.6512
49.214
49.2233
53.0202
49.613
51.5117
50.6499
51.5491
50.1633
50.1717
49.1449
49.494
50.3726
50.3527
51.7624
53.0896
51.1931
49.8636
48.6664
51.462
51.5651
50.4122
50.6832
49.3421
50.0327
50.7066
46.4695
49.2968
52.1065
49.6821
46.2277
47.8084
46.7824
50.5432
51.9202
51.409
51.7826
54.9973
53.986
57.78
60.8942
60.1424
55.169
53.0919
53.1182
53.9749
53.1397
54.4275
55.5738
52.3056
54.8841
52.9714
48.2892
46.0823
45.6955
46.6791
50.3918
47.7441
50.4258
48.6484
48.2608
50.619
48.8081
50.477
49.4963
49.7125
44.4621
45.3518
44.7458
46.5803
47.3847
47.8671
49.069
48.5398
50.4374
55.3396
53.134
50.878
52.2309
50.1785
51.5307
51.5683
47.4955
50.5596
48.0916
49.5287
46.6315
48.277
51.1312
53.5513
52.7492
50.3263
48.1472
47.856
53.7509
50.784
46.0004
42.7864
44.8136
45.03
45.5476
46.6197
49.6515
49.2074
50.378
49.4252
54.8076
52.3374
53.0056
53.56
51.691
45.8839
46.9264
46.0974
48.8238
53.3017
56.0202
54.3427
55.0075
50.2085
50.6749
52.2996
48.9725
50.2427
49.0361
48.9928
48.8829
50.0662
52.4324
58.4788
59.1913
57.9125
55.2163
56.0183
52.2263
49.9836
49.3286
51.9021
49.2848
51.159
48.407
47.7735
45.7534
43.6122
44.4076
45.4141
48.7464
47.1955
48.9097
48.7995
52.1344
51.9465
52.2165
54.1409
52.6679
50.5424
50.5265
50.7538
51.0211
52.095
50.5815
50.7127
49.8711
50.005
49.44
48.1363
47.8342
46.9942
48.3885
48.9779
48.1097
50.432
50.7631
46.9931
50.1581
50.8543
50.4387
49.1841
49.6419
49.2156
49.8498
52.1117
55.258
54.0841
56.3495
55.6561
58.8045
55.2965
57.094
53.1864
52.999
53.8782
50.1968
49.3657
50.0646
51.9519
51.5838
52.8887
50.708
54.5647
54.1428
52.815
51.425
50.7255
50.0791
47.9363
47.958
48.5754
48.2636
49.6668
48.4972
46.4857
48.4724
50.4784
49.2909
50.2996
53.1701
54.2901
57.1158
53.5974
54.0635
53.1282
51.9543
49.4042
50.9708
50.9525
50.1026
49.427
52.4318
51.2101
51.7146
51.5293
49.7407
51.9674
53.6755
52.1814
53.5399
52.6731
53.3007
51.9077
52.6948
52.7638
50.6105
54.9285
51.217
53.1992
52.5344
54.0194
53.9533
53.9082
51.2385
53.3999
53.1075
54.7563
51.2032
53.2418
52.4051
51.9875
49.2837
49.7517
53.6967
52.083
55.0605
53.8871
51.5142
54.487
55.3275
52.5595
53.1945
53.7668
54.5748
56.0362
55.9738
57.4205
56.2515
57.1042
55.1913
54.569
54.9972
52.567
52.3457
50.2174
49.2978
49.3484
49.2608
51.3526
50.3126
51.9893
50.4825
50.3923
48.4732
49.8114
51.0917
49.9321
52.5344
51.3475
50.9965
48.0304
49.2384
53.3995
48.6943
51.5726
49.213
52.474
51.5543
53.156
53.9321
55.3077
55.2112
58.4468
56.2813
60.0606
60.1505
60.2708
60.363
63.8409
65.3168
64.8885
66.1789
65.2605
64.6018
65.1001
65.4638
67.8913
67.279
69.954
77.7639
73.2363
66.6312
70.3776
63.5352
72.0537
73.9225
70.8678
66.4835
69.12
65.5211
67.3621
64.3286
59.7094
62.1089
58.8767
60.2747
54.3525
53.8412
52.3938
54.1881
52.946
51.0738
53.1208
53.9755
54.1016
53.5571
50.0068
53.8513
50.6065
53.1532
52.9101
57.4548
54.854
58.3548
58.3681
60.9488
59.2122
55.9931
56.8137
55.3092
53.6844
51.6886
51.3871
50.6771
52.4639
51.4116
53.4566
54.9458
56.1272
54.2919
52.0983
54.2953
50.2303
50.3679
50.6048
50.395
51.4442
53.4823
51.88
50.7779
52.9295
52.8689
53.3954
52.2939
51.6973
55.1168
56.9536
58.2693
53.5827
54.554
52.1944
50.707
52.2667
51.9298
51.7017
49.8397
46.7268
46.607
46.0274
46.3424
47.7184
48.7103
50.3043
52.2172
54.7883
57.4514
55.7608
53.1494
55.3842
51.2807
53.6926
55.8846
56.9242
54.5731
53.8321
51.0744
52.6355
51.028
50.4971
48.6386
51.2824
47.773
49.7366
49.2177
48.3951
48.8542
49.4997
49.0008
53.5795
52.5452
52.0678
57.322
55.0871
55.9349
54.8581
55.4216
56.649
51.9871
55.7852
54.1801
53.9646
53.8179
54.5444
58.2165
57.0272
55.1873
59.3576
59.3529
57.4625
59.8551
56.9168
56.7238
59.3843
60.2564
59.452
61.5363
58.0606
56.4683
58.9656
56.0021
56.4689
57.2687
56.9704
54.4873
49.7636
51.1947
49.418
50.2326
52.9082
47.958
48.8767
47.5464
50.4087
48.4419
49.6096
50.4448
48.766
51.2667
51.9095
50.8832
53.9991
54.2335
55.2481
54.4597
54.6868
53.2864
54.9125
53.2633
52.5783
58.0845
57.0098
56.3166
55.4823
55.0099
52.7831
50.5537
48.4544
49.8537
47.3924
46.0046
47.9296
47.2933
45.7811
51.2974
50.232
57.1917
54.9522
62.2533
65.8161
60.2713
63.9622
65.0946
61.2308
59.2043
58.5678
54.648
58.6934
57.4812
56.2332
58.2436
57.0542
58.9834
60.6821
62.8112
58.9369
57.832
54.1531
54.2188
58.3875
54.978
49.8332
48.6565
52.0283
48.7845
49.6079
51.8963
48.9408
52.6276
51.8564
51.3612
51.4969
51.5791
52.5161
49.9847
45.7053
44.1879
44.1804
48.2336
48.3341
47.7745
49.2774
49.9977
48.3437
50.4609
50.7122
55.4855
62.0816
60.9155
57.237
54.9349
53.7417
56.0001
52.952
51.073
55.0155
50.7312
50.1885
51.8025
53.098
51.9458
51.9023
50.119
50.8638
47.8019
48.0318
42.7378
41.3074
42.7725
48.2684
45.0358
46.1905
49.518
47.6505
46.9455
44.8888
50.494
47.8946
49.5323
52.2232
56.4745
55.0243
52.5046
56.462
54.8438
51.4069
53.3726
51.478
52.9278
55.6124
56.4068
51.8551
49.6466
50.2732
51.2202
52.0733
50.6389
50.8228
49.4614
49.6863
48.1137
48.7999
47.8316
49.5145
47.9645
49.2149
48.3125
50.5497
47.394
49.0097
49.2185
50.997
50.4449
50.5377
50.9565
49.3578
49.7213
52.3929
50.0756
50.3
52.5307
51.6282
55.0376
51.8074
50.7849
51.6931
50.9147
49.3713
49.1779
49.0148
51.2522
48.1937
48.1221
47.9032
49.2341
50.2422
49.3149
50.0564
49.6804
49.3271
47.5683
49.2355
49.8533
49.2559
47.0284
46.603
47.1307
45.1264
48.8772
44.5805
46.6979
48.5668
46.1893
47.8349
47.2886
45.5987
46.9097
47.4169
48.109
49.5542
49.2522
50.0008
49.6229
49.9979
52.0007
49.6063
49.3559
53.3179
52.1749
53.0711
51.8408
50.8312
52.8833
52.3893
51.5919
52.3246
52.7291
52.2172
51.326
53.5515
51.4379
52.7442
50.8312
47.7769
50.671
51.876
50.1863
50.824
50.7508
49.7233
48.9944
48.7877
49.1747
47.4638
47.7739
48.5551
48.9069
49.5249
48.1643
47.1102
48.2142
48.0209
46.9441
49.2595
47.2419
51.1878
48.486
49.0376
46.7001
45.6444
45.6513
46.5823
46.2042
47.6459
49.6033
55.1901
52.9627
55.9929
56.2704
58.7152
59.3045
62.7038
57.7462
59.9447
55.2121
57.4573
55.7026
53.4987
54.607
52.7768
55.1476
59.1261
57.037
62.1869
66.3363
66.3484
66.8568
68.811
69.9098
72.0528
77.8321
73.5155
74.1932
75.8048
78.0235
75.5331
73.8913
74.5942
75.1342
73.3871
72.5772
69.9144
69.2062
67.7124
67.257
66.5818
66.1075
65.8022
68.3425
71.7751
71.6835
70.8928
69.2715
70.2633
69.7343
70.8779
70.8725
71.5152
69.4676
69.6598
69.6813
71.7577
72.1402
71.3581
69.7676
70.6154
67.8267
66.032
67.2563
64.5173
64.317
61.7732
64.9132
62.9287
64.7387
59.9793
64.4971
63.5626
62.5435
62.9073
63.6081
63.6216
62.8856
62.6463
64.124
64.0285
65.923
66.0426
65.7041
66.6008
68.5025
67.2735
66.8016
68.6841
65.2876
62.7469
64.8298
66.2751
68.3742
65.6667
64.9713
64.1064
66.7811
62.8642
65.0692
63.2744
61.6221
62.9324
63.7112
63.9098
60.369
60.3638
60.1905
61.4653
60.6751
59.4027
60.2591
58.6979
59.2511
59.5146
62.2359
61.6368
57.4815
62.3906
59.5137
60.1281
59.7128
60.1735
60.1086
57.4592
53.2273
60.4677
57.5186
57.9029
60.2612
59.4166
58.8561
62.4068
62.5228
63.0074
58.5092
62.2107
63.7658
65.0237
67.2872
70.6733
66.6834
64.5479
67.5106
66.7961
67.0657
66.5006
69.8494
69.0103
65.6922
60.7528
62.3304
62.2513
60.6575
59.2646
58.1335
59.8738
60.0743
60.4693
57.6201
60.2706
57.0371
57.4183
59.1711
59.9208
62.3642
60.7189
60.5487
58.7722
61.2437
57.2697
59.5427
58.1399
59.9362
57.5999
63.3004
64.4844
66.6104
68.1207
66.4345
65.6821
62.993
63.8513
64.1064
61.9835
61.7577
62.0411
62.4027
63.8373
63.6744
66.4887
65.3898
70.3377
64.303
60.2393
57.1262
57.4552
53.9234
49.0695
48.1209
47.7006
48.0225
50.2538
46.4631
47.5408
48.6029
52.5869
53.3435
57.8154
52.7232
59.2747
61.7077
66.6464
62.9656
67.6838
65.1415
62.4531
62.3457
61.3915
61.4135
63.5437
61.8899
65.1983
64.6975
67.6481
66.055
63.1504
57.4789
55.8734
56.4658
55.879
52.5254
56.4022
55.7071
53.4385
56.6337
62.6238
67.8451
65.5403
68.0731
66.9458
65.6212
65.663
67.7543
65.3994
66.3618
64.6688
66.6779
62.8159
56.9467
45.6958
46.9868
46.4473
48.8716
50.3116
54.9248
55.063
57.5292
59.3979
61.9429
65.7687
65.296
63.8575
62.7143
60.7315
60.2696
60.6291
59.7466
62.4397
63.434
62.4264
66.7739
66.2721
66.0931
62.3212
60.7352
56.6171
53.6746
51.395
47.0784
49.6138
49.2142
50.9813
53.7136
53.7376
53.906
56.8599
62.3434
63.3476
64.426
66.6588
60.9851
61.8625
61.6521
58.5824
59.8559
61.3561
62.7453
63.6793
64.5979
70.3002
67.6882
69.2515
70.8277
62.0757
55.6378
57.5727
61.6107
50.9532
50.776
48.3818
49.2602
53.2554
57.722
56.3861
62.4991
64.7942
65.0643
65.1715
64.1058
62.4229
62.0852
61.2794
64.3611
64.6217
67.6851
70.2293
69.6433
65.1152
62.412
59.3562
58.779
57.516
56.5212
56.5078
53.9645
51.8922
49.0032
50.6552
55.8258
55.0251
59.2696
56.5086
58.1732
58.71
63.3306
61.1642
59.6886
63.4382
62.6317
58.7536
61.1279
60.0061
57.6199
60.0719
59.7989
63.7892
62.8245
58.0712
58.4371
60.3996
57.3792
57.1188
59.7937
57.871
56.5836
56.2313
58.8503
54.3896
58.1917
56.7287
58.2623
57.7593
60.0122
61.5276
57.0871
57.9226
62.6533
59.8426
59.8544
58.0313
60.4202
61.7782
60.8789
61.2388
63.2434
61.3938
58.5045
60.9713
65.1335
62.1465
63.7218
64.8697
66.9798
67.5198
68.7088
71.9943
65.6775
68.4024
67.9065
68.5405
72.5221
70.3089
71.9155
69.0862
70.279
66.0617
64.3963
64.7884
64.8298
60.9026
58.9823
56.5138
59.403
56.2356
55.7698
56.7082
56.6962
56.0496
58.1817
55.2022
56.8364
58.1969
55.3642
53.8738
57.1648
54.0829
56.6178
54.4743
57.0876
55.7932
54.264
56.4423
55.3426
53.8883
56.4519
57.7394
61.1008
65.5634
64.5268
64.4021
68.2103
64.2331
66.8112
68.743
73.5023
74.8002
69.2282
70.924
66.9173
74.0798
70.8995
69.8735
65.8399
69.555
76.1718
73.003
73.7969
70.4032
70.9678
71.0393
70.7966
69.7081
70.6873
69.3082
67.643
66.8959
67.3805
69.8108
66.3525
68.1483
65.95
62.5242
63.0933
64.3505
66.7918
63.9442
61.5022
60.9342
59.7678
62.4537
60.8755
62.8912
62.8033
64.6984
68.452
68.4344
68.4876
67.7057
65.4031
64.3408
64.92
65.5127
64.0842
65.0524
66.0495
67.2904
65.6973
64.9953
62.6401
69.2856
64.0281
61.7234
66.2427
71.1173
68.0172
71.3238
67.7189
65.2774
65.0039
63.8595
63.0244
65.658
64.1105
64.3645
65.4909
65.6446
67.0055
65.3965
65.3664
64.6735
62.5515
60.8352
64.4911
59.5499
59.4901
60.2692
62.0099
59.4536
61.2695
61.85
64.7247
63.3587
63.3363
62.1499
63.9055
62.9301
62.2451
63.9328
61.8474
67.5878
62.343
60.1323
60.061
61.5075
60.2722
62.0165
60.7296
63.4852
64.4774
63.2828
62.1151
59.8702
61.831
60.8114
61.7551
59.6916
59.5455
59.6322
61.213
59.5508
61.231
59.83
61.194
60.31
59.5851
63.7611
60.5103
62.5514
63.5084
59.606
62.4848
61.997
61.6065
59.4877
61.9616
62.1986
63.0808
59.6008
59.2985
59.9291
61.384
61.0762
58.8151
59.2109
58.1341
62.4326
63.282
61.306