70.2337
72.686
72.7999
72.3611
71.7783
72.0263
67.9906
68.2771
67.1365
68.5276
70.4679
72.2692
73.3407
70.6404
71.1297
69.437
69.42
69.3061
66.1543
71.7026
68.4368
69.34
71.8729
68.8502
72.1244
69.7256
72.2806
70.5716
72.9993
76.4937
71.3444
74.9539
71.5814
70.3068
66.4729
72.2485
69.2533
69.2062
69.3486
68.4067
65.9188
71.0916
70.5178
71.6928
73.6243
71.8351
73.6723
69.3353
68.0224
67.93
67.6898
69.7767
67.2704
66.2268
65.2835
68.2048
69.0856
68.753
71.2078
67.5481
66.4669
66.7352
70.7097
68.8094
69.6363
67.6538
70.9877
69.9331
68.6628
69.9851
70.3333
67.7586
65.5395
67.0718
65.8982
71.7416
68.8198
71.5311
72.3569
71.3044
66.4004
74.9023
72.7671
70.4525
71.6678
70.4482
71.8477
74.5806
73.4722
71.8614
69.8744
70.2178
73.8824
73.051
69.2957
67.4516
72.6142
74.2685
75.3127
75.2475
74.7415
73.0399
70.6367
67.5153
69.7768
68.5256
73.8066
71.2006
70.857
72.0302
72.2202
71.1038
69.3641
69.9868
67.0043
70.7612
69.7125
64.2342
69.768
66.993
69.9786
67.4983
74.3643
69.8808
72.8266
72.0131
67.994
72.34
69.1806
72.9973
69.029
65.3356
64.0763
65.8497
65.9148
66.6798
65.4568
66.2238
68.1953
65.6795
70.1568
71.8123
71.914
70.3841
70.6324
69.7279
70.9342
70.5936
68.7244
70.2975
74.2022
69.2626
68.6308
72.1323
72.4313
74.0504
73.5086
74.3982
75.8213
70.103
71.9432
73.988
72.0146
66.8234
69.0666
63.6125
68.6186
68.8398
68.2117
68.1938
72.6274
71.5618
74.7724
74.528
75.9869
72.4053
69.9076
71.3942
66.8899
66.6873
67.3565
68.6172
63.1859
67.1603
64.2632
63.1157
67.4418
66.571
60.1035
64.1915
65.0908
64.3502
63.9753
58.1797
59.4641
59.0914
63.5227
66.2846
69.9276
71.8226
67.129
68.7441
68.4287
66.8801
65.9951
63.0889
67.8158
67.7277
63.264
65.5971
68.6913
67.7681
69.4171
74.5034
71.0872
72.3929
75.0925
73.2563
77.0692
70.5913
71.2991
73.2822
70.962
68.971
70.0851
69.0166
68.8709
71.953
67.7581
67.737
67.8329
68.7055
66.301
65.1507
65.2498
65.892
66.0712
67.0836
68.7922
71.462
72.4752
71.5064
67.8512
71.806
67.8941
72.0672
70.5574
73.0176
73.7031
71.3143
66.6726
66.425
68.0478
68.7428
70.4477
67.4159
68.1489
69.0463
67.0712
64.6152
63.276
66.0786
62.0732
64.0062
66.407
66.268
66.4622
66.3883
68.2989
69.3251
66.1851
62.3753
65.4424
65.2216
62.4684
66.8444
59.2348
51.642
50.8113
47.8401
43.7234
41.5679
43.1074
45.0659
45.6301
45.4934
47.2315
50.0704
49.6115
50.9856
49.2452
53.7799
56.8774
58.4272
63.732
61.3076
62.9653
63.1856
62.6324
62.0621
64.8218
60.8578
57.8967
56.5722
57.9292
59.8437
60.3142
60.6719
61.6006
60.6308
63.3226
66.4419
63.8997
67.3431
66.3958
69.0694
69.541
72.331
70.2031
73.2751
66.0473
61.1195
58.241
59.3943
53.0073
43.959
43.1288
42.6202
47.3417
45.4975
43.7556
42.5016
45.0465
44.8182
46.3897
51.9482
60.4555
64.5472
81.5212
73.8538
73.5597
69.9453
76.5164
77.3148
75.0912
71.6813
72.9843
73.4565
71.7675
66.9067
72.0063
68.854
67.4866
70.097
67.9324
73.1568
69.2373
79.0594
77.3343
77.8423
74.1162
71.1725
69.7206
64.9596
66.5565
63.8109
66.7164
71.3096
70.6576
67.1343
66.947
67.7712
67.8375
69.1681
63.6073
59.5944
56.5601
57.8337
60.6676
57.5083
59.2128
60.8924
64.181
68.6117
71.6973
71.7331
70.2989
72.6366
68.077
69.9553
64.7444
63.8469
66.9442
63.9476
66.2194
71.712
69.146
68.4917
69.4131
70.1751
65.603
67.4456
66.9411
68.0333
72.5565
66.8537
73.1541
73.103
74.416
69.3078
65.6692
65.2494
61.7996
60.985
59.7578
61.0207
68.7245
66.1984
70.7008
75.8793
71.3017
69.0527
68.7495
62.3915
55.5712
47.2647
47.6722
46.766
47.1448
45.993
54.2926
61.37
68.1394
65.7109
66.6519
71.8365
73.449
72.6883
72.6436
62.3889
63.5656
60.5667
61.7595
62.4291
63.0838
65.3596
70.0529
67.5068
72.5718
67.1127
69.4396
70.7112
71.723
76.9713
71.1109
68.9091
69.1596
71.5267
69.5172
64.9844
57.4062
55.8086
59.5843
60.1043
59.9386
58.8739
59.0258
61.6291
59.1329
68.8451
72.2292
71.8818
73.3158
73.2143
70.1509
67.4711
69.8059
66.9056
66.825
64.732
61.1965
62.1465
61.5012
60.985
60.5898
65.2153
62.3431
67.3208
70.623
71.0499
71.3493
70.2918
66.8057
69.7861
69.9319
73.8918
72.6071
77.4989
74.9771
67.8363
66.0299
64.6357
61.8497
59.5441
59.8929
61.382
65.7431
66.9905
74.5303
76.0007
66.4525
67.4861
70.7265
69.4009
70.282
78.3323
72.8999
71.6582
68.9664
65.5083
61.1946
59.7562
60.3941
59.171
62.9773
65.7185
65.7434
70.4451
76.7102
73.8302
71.8367
68.9512
66.9524
65.2766
65.6083
68.0378
68.1045
68.184
68.3255
69.1484
69.5491
69.4752
74.0108
74.4985
75.4534
73.6331
70.9786
67.6869
71.6614
68.7846
69.6616
68.7842
73.242
74.9103
73.1039
68.4319
70.504
69.6878
69.3034
71.3933
76.0409
75.3902
70.4625
75.0921
76.6103
73.7039
71.7499
75.936
72.0241
74.3272
67.2565
67.3432
67.0547
68.7092
68.4485
67.0683
69.6336
68.9345
72.9345
68.3359
71.3546
70.5828
68.4945
67.1249
70.075
68.638
68.1206
70.0741
69.4016
66.1467
70.0605
70.1762
71.5989
71.0168
70.6684
74.2851
72.1697
72.2342
75.7552
73.911
73.7381
75.8961
76.874
77.9638
74.9402
74.9282
73.1106
71.7163
71.2118
70.1661
71.6276
68.8345
66.8394
67.2718
65.378
65.082
65.6077
60.9648
62.6875
60.2722
62.4337
60.5515
64.6092
63.4612
62.4855
63.3762
62.5931
61.5036
64.7332
61.9684
60.4781
64.5432
63.1629
65.0877
65.3539
64.3237
64.5943
62.9656
61.1772
61.9201
60.4737
60.4982
61.1344
61.0195
59.9124
60.7833
58.6994
58.1452
58.0408
59.7145
56.7423
58.2982
57.5768
56.688
56.5942
55.5592
55.2938
54.5489
56.5431
55.0566
53.9894
53.7817
53.297
52.1755
53.7241
53.6167
54.5499
54.4707
55.0249
53.6452
52.9666
51.9014
52.0144
52.3602
50.695
52.7205
51.241
53.8545
54.7838
54.1335
55.8567
55.9766
55.7104
53.7583
54.4623
56.2334
56.2538
56.543
55.9777
55.6833
59.9345
58.9897
61.3397
59.3749
58.0226
58.2139
60.9524
61.7384
60.2472
57.8615
57.4288
57.9284
57.0358
58.7047
58.9939
59.6108
58.8416
57.7158
57.9585
56.5504
56.411
55.0508
56.6048
55.4027
56.2354
54.4119
53.8146
52.4668
54.7483
56.9292
54.6268
61.9977
60.3579
60.6047
66.3324
63.7787
65.5087
68.7344
64.4908
64.2199
64.0685
60.0097
61.3912
59.6377
56.5004
57.5377
56.6684
56.7985
57.3518
56.2903
55.2628
57.0263
57.3161
58.5287
60.0317
59.8294
59.8771
58.2416
59.9302
59.8725
64.1869
58.9982
58.2036
58.911
56.6462
58.3997
56.8203
58.5446
61.2039
59.4367
62.5451
62.7113
62.9701
58.6474
61.3448
62.758
61.57
57.6693
59.0929
57.9056
57.5225
54.5839
54.2787
56.6367
56.0264
52.4293
50.7969
53.1902
51.9417
52.2726
53.9536
54.9041
53.7141
49.6646
49.0093
50.7828
50.1898
48.9422
47.997
48.1772
47.1427
46.0171
48.2344
46.852
51.6361
49.9805
50.9456
50.4036
49.9867
50.147
50.9013
48.9342
50.7505
49.4262
50.947
53.2384
53.3183
51.2039
53.1909
54.169
54.9751
56.9904
57.4778
59.3891
57.8274
57.3535
56.5002
59.0945
57.9483
57.5039
54.4712
57.2608
56.2887
57.9022
58.515
59.6694
62.1951
64.8699
63.206
65.4447
61.6741
65.0475
65.2606
64.2994
63.3128
65.0639
64.8259
65.2488
64.6994
66.8982
64.5626
65.9367
64.0528
63.1421
62.1131
62.2762
59.4076
58.0566
55.4274
54.4506
52.4919
51.3615
52.3938
48.0567
45.9813
45.8386
47.5859
50.3022
49.7062
49.5632
51.462
53.9586
52.2711
55.001
52.6773
56.2149
55.8693
54.4891
52.2657
56.9289
58.3831
54.3542
53.2799
55.952
57.8664
56.6515
56.8318
60.545
60.612
57.0304
57.3865
58.6547
52.4966
53.1678
52.2982
54.2773
52.2747
54.3014
56.2964
53.2105
53.6071
53.8854
54.7224
54.8001
54.9459
52.8286
52.3176
54.2403
55.0776
55.0552
54.911
54.6771
56.0465
56.5765
57.8095
56.0696
55.3217
54.3471
55.8923
56.276
53.7592
53.5419
55.1927
54.6577
56.8846
54.749
56.563
57.1533
58.618
58.9895
59.7697
59.2761
59.1937
59.0767
60.7529
62.2784
66.817
65.3894
62.8192
64.1839
67.2211
64.8137
66.6384
65.4492
63.1206
62.3171
61.2067
59.0575
60.1631
57.4385
57.023
56.834
58.6558
53.1823
56.5072
53.9652
54.8308
55.9036
55.2258
58.2441
57.6068
57.4254
55.2606
56.2661
58.0437
56.4934
56.0679
56.0063
56.3593
56.7648
58.9594
57.2359
59.9082
61.3625
67.0489
63.2741
62.9495
65.2576
62.6101
62.1316
61.938
63.1029
57.9882
60.8615
56.9615
56.763
55.477
56.4978
52.4097
51.1026
51.3132
52.2005
51.071
50.9437
52.4904
52.0298
50.1579
48.1265
48.9421
46.386
47.2773
43.6325
43.2023
41.7908
44.08
44.1527
42.3884
44.074
43.288
45.6862
48.0352
47.9641
47.4372
51.9425
50.4947
51.981
52.5526
55.9863
60.5886
59.971
61.6419
67.4432
64.6023
63.5936
62.3952
67.118
66.9552
67.8767
66.3643
64.2392
64.8548
65.3263
62.4295
61.8546
64.1657
63.9799
63.5464
63.9968
59.8747
61.3109
62.2632
63.9364
66.4996
64.0508
64.4035
64.1668
61.0341
61.2402
59.4054
56.9633
58.405
56.7822
55.6821
55.4514
57.5223
59.2847
57.3925
59.3518
59.121
60.0457
59.8099
59.8477
61.2473
59.0491
56.303
58.2957
61.1865
61.0542
59.4972
63.3087
65.4284
61.7398
62.0296
62.7793
63.1773
61.7628
59.1071
59.7263
57.0659
57.3729
57.0126
55.727
55.58
52.0513
52.8865
51.5692
52.3423
51.9824
51.2997
52.2044
48.9493
50.7562
53.6304
54.0027
55.5759
54.9018
54.9733
51.461
55.4341
54.8835
58.0003
56.5099
56.1437
57.9966
60.4247
57.2168
56.6811
56.5682
53.0079
56.8781
54.4605
54.2049
56.3128
54.5939
56.0724
56.9352
58.8473
57.7762
52.9542
55.2047
54.3392
59.66
60.4951
61.8315
62.9279
63.5044
65.8732
65.058
66.819
68.4359
66.2987
68.6584
66.8419
64.1225
65.5074
64.1368
61.6403
60.1516
58.9161
62.0493
57.8909
59.547
61.5683
59.3641
58.0708
52.1141
56.4115
52.2849
52.8599
51.9084
46.8545
49.392
47.0697
50.6413
53.1318
58.7651
62.4762
61.4013
58.5808
60.3677
64.076
65.4751
64.637
64.4373
63.7892
61.5362
63.4813
67.7642
65.2086
65.215
65.496
65.7243
64.6209
62.7303
63.2386
63.9178
61.5095
60.4206
58.7904
57.8053
55.8213
55.8471
55.9771
57.3932
55.604
56.8971
57.6069
58.18
57.0805
58.7835
58.7148
56.636
53.1286
60.8872
63.3397
64.8908
66.1527
69.4143
69.3453
69.5023
67.9139
62.7342
60.4965
57.1934
55.7665
55.8227
52.1222
53.6882
56.9234
58.3841
61.5813
60.4278
61.2425
59.4565
57.6746
56.3092
53.6323
53.4351
50.4624
49.7711
47.6268
45.3549
44.35
45.2339
48.9024
48.2957
53.1427
53.7195
55.3904
57.4199
54.9563
56.8319
54.4745
56.5001
58.363
57.131
59.051
56.5677
56.3662
59.6643
63.7646
64.1157
65.1827
71.1063
69.5273
69.6676
68.9404
71.3552
68.2679
65.0334
64.9274
67.4246
66.854
66.5695
64.3717
64.8225
63.4541
58.7798
59.8008
56.7547
63.1981
63.0484
60.9151
54.9454
56.3367
58.3018
56.1488
57.0135
57.3534
57.0717
58.7133
57.5149
60.4602
61.9498
61.6387
58.4059
60.123
60.0508
59.6856
58.1607
59.3389
59.5966
62.988
59.1348
62.4745
54.1491
58.6527
59.0833
57.6682
55.8636
54.1755
53.9543
50.226
50.2573
53.3403
57.3821
56.6863
55.8211
55.0557
56.8185
59.9543
57.668
56.3715
54.7099
55.234
53.559
53.2401
56.0609
56.7659
59.7491
59.5438
60.5177
63.9746
61.3778
57.5819
54.1323
52.4797
55.0929
55.5641
62.2722
60.94
61.6394
61.2243
66.5968
66.6536
63.6188
66.6573
63.4855
64.3518
65.7046
68.8246
72.3524
70.1792
66.875
72.5387
68.8228
70.6781
63.8534
61.8044
59.7305
59.8421
57.913
57.1527
56.428
57.7124
57.1722
59.5203
56.3119
56.9687
55.3404
55.4187
56.6018
59.1837
54.583
54.1891
52.7267
54.9297
53.6988
52.3137
51.0594
53.016
53.8828
52.891
54.3786
54.9012
57.3704
59.1063
61.3445
59.812
59.266
60.327
64.1622
64.706
67.0193
70.3332
65.5852
64.7488
65.1304
63.8963
60.7234
59.086
57.861
49.4649
48.4736
49.4058
48.7967
49.0667
47.254
48.0779
48.2662
47.7947
50.2391
46.3297
49.4451
49.0769
53.3713
59.0286
65.702
67.5238
71.3416
65.0939
64.8683
69.5315
70.1031
71.0446
64.62
62.9741
62.3748
55.6534
50.554
49.8721
49.7318
47.9332
43.9266
44.8734
46.8016
51.1038
53.7053
56.1229
59.8903
63.7255
69.5235
71.3236
61.0749
53.9129
59.7857
52.7548
48.2124
48.4379
49.2726
47.154
52.0354
51.4685
53.5257
50.8382
52.9599
54.302
51.3604
54.1031
54.151
57.3139
56.3072
56.0385
56.3116
64.6375
60.6718
61.6137
58.7757
66.7017
70.722
62.7047
59.0006
55.2908
52.1489
46.4972
46.7029
46.6798
45.2768
48.379
46.9677
47.4645
49.1578
48.1805
50.322
49.0569
49.091
48.4038
48.723
48.6592
47.3297
51.1547
52.6477
55.3153
56.1661
59.4995
60.4391
59.3439
63.6362
69.7864
66.1455
61.2388
59.135
62.5962
60.7465
59.9851
55.5476
56.9822
59.038
59.5715
61.8839
60.7574
61.132
60.4157
62.9316
61.4758
61.6011
60.5279
62.1964
64.547
61.0374
58.316
57.7684
55.2104
55.9618
57.7874
54.59
55.1415
54.9041
51.0162
51.9233
48.4606
48.536
50.6126
50.6064
49.5796
51.2016
48.7629
51.6681
42.1728
39.5657
41.555
40.9194
42.2366
44.9166
47.6472
49.0078
51.4716
55.356
56.8752
61.0299
59.1385
61.9063
59.6347
61.9857
69.1429
69.7127
64.7359
61.1525
59.3099
58.1347
59.1701
62.5571
58.0861
57.0159
54.0195
51.7594
49.8355
49.4802
47.9528
47.1961
47.061
46.9045
47.8844
47.7009
51.2866
54.7624
58.7617
60.0739
53.9498
55.8378
56.7122
59.1237
62.4939
63.3259
61.3507
62.1008
60.3584
61.4666
62.2971
60.268
61.2815
60.0301
59.0021
60.9528
56.8256
54.7056
51.2179
50.8606
51.3468
52.3113
53.4133
52.3016
51.1463
50.1118
52.4658
56.0438
57.2005
60.1957
65.2031
64.8857
63.8315
65.9344
65.4435
67.6837
71.1555
65.2034
57.3468
61.9831
63.5488
56.9182
56.8001
59.8374
59.8855
54.5041
51.1592
50.5323
53.0232
56.084
54.7318
54.7632
53.2206
53.9363
55.2489
54.4368
54.843
55.5667
57.701
61.1581
62.8327
65.7686
67.2029
64.0073
63.8061
61.7585
60.1986
60.3182
58.6985
58.7536
57.2631
57.237
56.9083
59.2886
57.0064
56.6929
54.6145
54.9987
52.3598
43.9781
46.566
46.5236
48.4404
53.9077
55.1558
56.1753
63.3649
69.5718
66.3068
54.4142
53.9346
52.1375
50.3074
51.5856
52.116
51.0011
48.2027
49.8236
50.9217
52.3913
51.8918
53.2904
53.2503
53.3796
52.7644
52.6033
51.7228
51.3137
50.0576
50.3306
50.9532
49.5918
52.2467
51.7152
54.1783
55.3158
49.619
49.8299
54.5775
58.7535
52.7013
52.4316
55.02
52.0445
51.2254
50.783
50.3479
52.1356
53.2862
54.1373
55.5799
58.5791
58.757
63.6922
57.1143
57.2742
55.6308
58.1879
60.2316
57.498
57.4326
58.0606
56.3926
58.9118
58.9334
57.33
56.051
54.4383
53.2405
53.8611
54.3984
53.1203
55.5374
56.9751
57.541
58.0951
60.7115
60.9138
60.9187
61.4514
60.8733
61.0717
59.881
58.6138
59.4962
55.259
56.8868
57.5493
58.4042
56.0832
53.4218
48.8259
47.6916
47.0029
48.7683
50.7008
53.6942
57.0977
57.249
56.2476
60.1376
59.9761
62.896
63.888
60.2133
61.565
62.5102
61.5164
61.7984
61.5203
58.2271
60.2948
61.1203
61.1861
60.3319
59.665
60.0979
58.6982
60.7035
61.7365
60.6483
61.7929
61.7163
62.7911
64.7785
59.902
62.7955
58.7591
58.6313
59.6998
58.6893
59.4807
60.7854
62.7016
60.839
64.0977
57.2501
61.1176
58.899
54.6114
56.1859
55.4071
52.3912
52.047
53.5486
50.0224
52.7024
49.8931
52.6145
53.3555
53.6013
54.4007
55.7203
55.2558
54.8842
51.7261
51.1587
49.1888
51.6202
49.9421
49.3552
49.5319
49.0527
50.1826
50.6817
49.6097
52.6235
52.1333
53.865
54.3704
56.4444
56.6431
56.5104
55.9709
55.7109
55.9372
59.7876
58.7228
61.1775
61.0837
61.5298
60.9696
62.075
61.6533
61.3457
60.2547
62.3287
56.9808
56.3418
57.7841
55.4951
55.4768
56.1927
54.5243
55.3875
57.0263
56.3279
60.7823
65.0938
70.6086
64.9238
68.8165
65.6829
62.7018
62.1422
59.3188
59.236
56.1024
57.2131
58.8815
57.7953
59.4061
58.4197
59.6138
57.6979
54.649
54.4247
55.7286
51.5443
48.3875
49.2145
54.0103
53.4233
54.1142
55.0703
58.5079
58.1716
56.3465
58.9532
60.0541
61.6272
61.7069
63.0366
64.5047
63.6074
61.6489
59.4975
59.534
58.7178
60.8073
57.2349
56.1453
57.0418
55.9266
55.35
57.4472
55.9016
56.917
58.0752
55.695
56.7423
55.5859
56.6812
54.2744
56.123
55.3668
58.0117
57.017
55.0859
57.0784
58.5847
59.7756
62.7834
61.2998
66.1908
64.2742
62.6064
63.7574
64.9238
57.1349
56.4762
54.1276
54.9197
52.8469
55.6454
56.5025
54.2986
56.0699
56.7448
55.8443
58.1741
56.6951
57.2172
57.2705
55.2137
57.4151
57.0348
58.1085
55.16
62.259
61.9801
62.2282
66.0923
61.2842
62.847
61.6357
61.8144
56.8765
54.332
60.4083
55.8605
59.2654
55.2682
54.3897
52.0681
48.6423
52.0538
52.2195
53.9793
48.2669
52.3552
48.4791
51.644
54.1752
60.4584
63.4661
65.6367
70.3793
72.766
76.5882
78.9412
71.3829
73.2598
66.8195
71.3622
65.5474
62.2324
59.6054
59.7981
56.8465
58.7171
58.8554
58.9414
60.1918
59.0863
60.9655
64.2387
65.4673
64.843
59.9487
57.8765
62.4731
60.9915
57.8032
63.0541
64.6158
69.5094
70.585
67.0039
67.5688
68.1784
74.396
77.3427
73.5923
67.9094
67.2292
66.6226
66.4892
64.5996
63.6185
65.3994
63.3533
64.7196
68.2495
61.6076
63.5128
60.3634
61.112
60.781
62.8302
63.9415
67.8285
62.9673
59.6868
58.7615
60.3819
61.2559
61.6474
58.2776
62.9432
62.0061
63.4278
60.4525
62.2908
62.0775
69.1076
67.1922
72.3872
70.7207
70.4083
69.2713
65.4373
65.7127
63.4351
63.51
55.7097
59.1608
57.8698
55.8399
50.7146
46.8647
42.979
43.4998
42.0599
41.6888
42.0633
42.8019
49.1645
56.1642
59.7298
66.6027
69.3166
71.3126
69.9704
69.9693
67.1473
67.8383
65.9895
64.2182
64.3525
62.5028
58.6007
61.0972
56.4143
57.3599
56.5736
57.2247
58.571
59.5839
59.2029
58.6402
55.401
55.4953
55.4647
55.9003
55.7083
52.7488
50.0632
48.7652
48.4964
48.8023
50.8311
53.0623
55.8554
55.3013
54.9039
60.2595
61.1183
59.7915
59.9878
61.3172
59.0625
63.5231
64.1574
68.4973
63.7862
61.3333
63.5238
60.8249
65.5056
68.2187
70.7522
69.3853
69.4269
65.4389
67.7182
68.7231
68.3076
65.2646
66.3955
66.5132
69.1695
66.8829
61.8429
58.712
59.6142
59.6713
56.6463
56.0519
55.0404
55.6537
54.681
55.9227
57.8709
57.5727
55.9428
59.1842
62.389
64.7713
68.78
64.6146
64.6436
63.3757
66.2674
64.1066
62.8285
60.3293
61.5812
58.297
55.3041
57.0456
52.1015
52.8668
51.8321
52.2887
53.2279
55.2908
56.2874
60.2094
57.7805
61.8205
57.6156
55.8714
56.1649
59.8208
61.4682
61.1741
61.3469
64.9775
60.1346
61.451
57.7459
60.472
59.0605
57.7122
57.0489
57.4673
56.9655
55.5812
56.3658
53.9874
57.2605
53.1349
52.7907
53.722
53.9775
53.6899
56.6438
55.6895
55.6383
56.5733
54.7534
51.6446
54.268
53.7811
56.7959
56.3953
56.4236
53.8884
55.9196
58.8833
64.3169
65.6346
64.3684
68.9106
72.8489
72.0767
69.1194
70.0263
70.9459
66.2079
65.1829
64.7554
66.6157
61.7811
63.964
62.3872
62.7845
58.8361
60.3119
59.1476
60.9788
62.4755
66.1508
59.5301
58.9326
59.4028
58.0103
59.0748
52.6331
54.0383
57.2337
58.3508
61.1407
55.6285
60.5329
60.0584
56.5384
59.9466
56.9659
58.2728
57.6213
57.7686
55.3039
57.7668
57.2865
65.8659
63.5571
62.5664
64.0101
63.866
57.4243
59.419
58.8302
58.7525
56.6912
58.2233
57.0645
53.452
50.6012
53.6919
51.5702
55.2026
53.4532
55.1252
56.8035
53.5331
57.2778
56.9006
54.0201
53.0223
53.9897
53.5878
54.5182
55.6012
58.0995
59.0149
61.0637
65.1418
68.2952
63.1362
67.2369
66.2341
65.5728
67.1994
68.8182
68.4209
67.7307
66.0359
65.0411
65.4307
63.999
66.7995
66.9803
63.7361
65
63.4469
64.9643
65.741
63.4008
69.8225
70.7892
70.3326
72.9235
77.531
75.9113
76.48
72.1341
72.4893
72.8014
72.2093
66.2167
63.4959
58.483
58.7716
54.8648
53.616
57.6698
55.9521
55.612
55.3462
58.7615
60.7965
62.0598
63.3259
62.4256
61.3013
63.1816
64.1704
63.2326
63.6986
60.233
60.8915
58.4957
57.8202
54.1183
51.8949
55.3196
50.7663
48.0943
50.7183
49.8282
52.8417
53.2878
58.758
57.1583
61.1705
60.7946
61.44
61.0801
64.66
66.841
67.3596
71.6533
64.1196
64.9541
61.7306
65.7098
63.9893
68.159
66.9366
68.4517
68.4138
66.773
64.9115
64.0274
60.3208
57.5283
56.241
54.5783
52.7611
49.0644
51.0767
52.7318
51.4236
51.7037
52.9878
55.5823
55.2226
54.7791
53.1023
53.7291
53.9229
54.9602
54.247
55.0797
55.9675
58.0666
57.825
55.7577
59.3901
60.5479
62.6292
63.3658
63.7378
62.5257
60.2919
58.9216
58.0408
56.4446
55.2051
55.6401
56.0191
62.1676
64.7253
68.0924
70.4227
73.9772
76.6021
75.2477
71.8359
71.7041
67.1516
63.3831
62.1929
57.9083
57.6552
56.7489
53.7639
55.4532
55.3698
53.1083
55.2824
55.1408
54.7721
58.9499
57.7932
55.8743
56.7288
56.1703
61.02
60.7671
61.7481
61.9477
60.6819
64.7308
66.6701
65.2038
62.9027
63.7305
63.9586
65.5759
63.8836
60.8565
60.8105
58.3321
57.5343
55.7024
59.3167
57.127
58.5507
61.4414
60.444
59.8886
61.9266
62.6511
63.8958
65.2537
63.022
63.7112
64.8298
67.24
70.804
66.1071
65.4826
64.0154
64.5674
62.9042
64.4639
58.2867
59.3121
56.3704
55.6423
54.4896
51.5848
52.2947
55.2862
53.597
55.4375
55.8191
54.5623
54.0364
55.7299
57.5131
57.7436
61.4258
62.4329
63.2283
61.9331
61.617
65.5995
66.0764
60.7313
65.5284
64.63
62.7576
62.7865
63.3736
63.0329
65.8833
61.4925
61.7456
60.0756
58.054
59.7366
58.4074
56.7644
55.2703
54.8291
56.893
57.3798
56.0894
54.6625
55.1987
54.8128
55.3489
54.1066
54.9256
55.3806
57.9616
60.4604
57.1354
59.1027
58.9863
60.8019
64.1091
59.5382
59.4135
63.0198
62.7793
62.706
63.6867
63.4829
60.6265
63.2826
60.0355
60.5551
60.2772
61.1762
62.0748
62.1506
61.9847
56.6864
55.343
59.0648
60.3689
63.6099
61.0751
62.8508
63.314
63.415
63.1054
60.9083
65.454
66.3319
66.9699
69.9476
68.1214
62.487
65.427
65.9274
66.8767
66.1052
63.5558
66.9881
63.5078
62.8202
62.2259
63.2472
61.33
61.7147
60.3449
59.5536
58.7318
59.5384
57.3648
55.3353
51.1168
49.0209
44.4059
43.8751
44.4753
44.0152
47.1591
48.9256
48.8854
49.4581
50.1414
54.8726
58.1316
60.4487
62.4575
63.6024
59.3256
59.3881
59.4054
55.7736
54.8491
53.2874
52.2946
55.0332
55.6087
56.5877
59.0046
65.6427
70.9906
70.2244
63.0528
66.4673
67.8609
62.0238
60.3587
56.7747
56.3277
54.2147
51.0759
52.0358
49.694
50.796
51.1784
50.501
53.3768
53.637
50.7687
50.6785
52.029
53.0418
56.9299
59.8434
60.7745
61.9889
63.0093
67.1981
62.0673
58.7976
57.5851
59.0463
60.8195
61.4196
59.485
59.1974
65.6349
62.0982
64.4827
64.1028
56.368
55.753
53.8278
54.9271
56.4042
57.8654
59.5496
60.1535
62.7974
66.551
68.7853
69.8098
67.8698
65.4154
58.7593
56.6586
56.8754
60.0504
54.8818
55.8763
57.5085
63.357
59.5535
57.9764
56.9337
59.7271
56.3986
54.3362
55.4302
57.4005
57.5817
56.7598
63.7555
58.5493
61.6926
59.9345
60.4924
58.401
56.5197
59.9034
55.5369
57.459
61.9685
64.6652
64.5562
62.1523
58.2541
61.1642
59.5225
55.7146
57.9777
56.5608
60.002
61.9144
61.8932
63.9601
68.869
69.2492
61.3399
67.1873
63.0733
62.4809
62.0745
65.4768
64.625
63.0684
61.9963
63.3669
60.3317
58.419
60.2119
62.3391
60.7895
61.08
59.2029
59.3711
60.8244
59.191
58.6503
61.324
62.9774
61.2375
63.5071
64.8289
60.9246
59.0569
61.6115
61.9505
64.5155
62.6718
60.5254
62.905
64.0366
61.511
61.9839
62.5902
60.4334
62.0901
65.2094
61.2591
62.287
63.5915
62.8662
60.2258
60.1744
59.5977
61.6305
62.0498
62.2973
64.1439
62.4527
65.0357
65.138
61.3781
64.3622
65.0015
64.4986
62.2286
63.587
65.834
64.1289
63.7727
62.6628
63.2266
65.2965
67.5679
63.4246
61.7714
66.1454
63.2296
66.0771
67.1725
64.2026
65.1304
65.454
68.5491
66.4222
64.9279
75.4794
70.5109
68.7944
67.4178
69.2355
68.0801
65.0089
70.2747
64.0673
67.2629
65.5483
63.2159
60.0499
58.2097
57.7941
59.1422
60.7206
59.4863
58.5589
60.1446
59.0914
61.8886
61.1813
63.3101
59.676
62.6081
61.4493
63.6941
62.1137
61.452
61.5855
60.2742
62.137
58.87
60.8911
60.3579
60.519
61.0687
63.4829
64.5857
61.9386
60.8054
63.7198
65.7998
62.4575
61.2671
62.2155
65.6305
66.7646
63.7007
62.574
62.7156
63.8653
61.2489
62.594
62.7972
63.5946
61.8999
64.1572
61.8245
62.7562
62.4767
62.7231
61.621
62.0771
61.6002
61.0163
63.2397
58.1355
60.046
61.3648
61.0825
62.8999
64.2544
60.9775
62.3555
63.7445
62.513
59.0869
62.7052
62.6195
60.8742
61.8103
63.5306
64.4632