65.3647
68.4842
68.7493
68.5111
72.0004
69.7594
69.7398
67.7131
65.7799
72.1462
68.576
68.2141
70.9719
72.3991
67.3771
70.0595
66.558
70.2879
68.1716
73.9045
74.1039
69.1089
70.1795
70.6446
71.46
70.7886
69.9367
67.3296
71.3945
68.171
69.7585
69.328
69.8706
67.2715
66.5772
68.3334
67.4224
65.0748
67.4714
68.5299
66.7889
69.4351
67.252
64.6216
65.0069
63.3258
66.6505
68.8461
63.2264
63.736
66.4938
65.3918
65.498
67.7692
65.9563
66.7404
66.0836
65.0672
63.0377
68.4423
63.076
64.252
65.6776
63.6957
65.2221
64.9114
64.5249
66.6943
65.6099
64.7767
66.3708
67.3242
65.9584
66.2291
65.2226
69.1507
69.1258
72.8234
68.5455
69.1098
70.9414
71.1265
72.1229
72.0984
72.0676
72.2702
71.6628
70.5531
73.4286
74.6567
68.4341
71.1425
68.3514
63.9551
66.4465
66.9543
73.7546
67.4434
67.6078
66.6966
69.2967
65.5718
66.7734
67.7162
65.3535
70.0193
69.2935
69.2047
69.1104
70.835
68.359
69.3379
66.6415
65.8561
64.7607
70.8331
66.4471
69.2593
68.9885
69.4525
69.8825
69.6988
70.8903
72.4166
71.1725
70.6898
67.6352
71.2231
72.1559
72.9243
73.7708
74.123
68.5751
71.8474
73.3641
71.2533
75.9321
74.1052
72.8642
72.6872
70.3439
73.5145
76.5966
74.4541
69.8803
67.3375
69.5482
70.5129
72.5993
72.745
71.1722
68.3137
71.1943
70.5866
70.8216
71.8262
69.3264
69.1146
68.9845
71.313
70.6084
73.7776
69.7053
73.1427
67.8742
68.6595
71.1469
70.2353
68.1525
71.6127
66.9097
69.0264
65.8374
66.8334
74.5587
70.9664
66.5589
71.0087
67.5742
69.0068
67.9914
64.2289
66.7019
67.3514
68.7318
67.5757
64.5577
66.6992
65.0604
63.33
63.9077
64.5239
63.3473
63.6914
64.2882
63.7897
65.4891
62.7966
65.0825
63.4109
58.9167
59.4656
60.5901
55.6441
60.5084
58.6381
61.1587
58.0559
57.5661
57.6663
60.1397
58.5272
59.7869
57.9881
59.9373
58.6373
62.1243
58.6839
60.4324
60.2583
57.814
63.2916
64.1094
66.4469
62.308
61.2098
62.6289
63.2832
65.0004
62.8098
64.2813
65.0108
64.7812
62.4926
62.3804
63.1518
64.3766
62.3644
65.8522
67.3773
66.8218
67.7295
63.3565
63.5939
65.1773
62.4424
65.2786
64.5626
62.73
62.4855
61.3887
62.5172
62.5864
65.7387
60.6592
63.7249
64.0581
63.8998
67.3502
64.8032
66.5074
68.3679
69.7982
72.5958
66.9332
73.9128
75.2446
74.4097
78.1343
76.7485
76.9004
76.4541
70.8236
70.892
68.7325
71.0515
71.663
76.9281
75.017
76.2207
78.3515
73.9926
67.8573
69.439
64.3243
64.9541
66.253
68.051
65.9618
63.8668
67.2354
65.8176
67.234
69.5262
66.8351
65.5822
64.9011
68.8588
67.6567
62.5711
66.6687
69.6388
67.1768
68.6226
69.7297
71.9036
72.6734
72.5844
67.9727
66.6501
72.5803
69.6828
69.6081
70.6282
70.18
70.3556
70.6331
69.8193
70.1238
70.5996
69.4686
68.4969
71.1828
67.6509
66.487
63.5161
66.148
67.194
68.6034
66.2814
64.5038
69.0574
66.6025
66.667
66.6997
58.1505
64.1973
57.5473
57.7337
58.343
59.4562
59.3712
63.0448
62.7902
63.0538
69.0568
71.5515
68.4313
73.398
72.8476
76.5687
73.8642
69.1297
70.562
70.4818
72.9027
75.7275
71.5942
70.661
74.5191
68.4534
68.5818
72.0271
70.9134
73.2071
68.7872
67.0747
72.838
73.6829
70.2852
69.383
70.9024
66.162
65.5653
64.2886
68.5843
64.31
66.8638
66.6575
67.2273
62.9633
65.2826
64.4673
66.8745
62.7093
66.3749
61.4413
63.7507
64.3228
63.2055
62.3088
63.5251
65.4131
61.0783
63.8876
63.4788
65.0547
67.1102
69.4383
69.7509
68.6257
67.6294
73.8179
67.6117
72.7492
69.5437
72.0593
69.9801
72.6777
70.1724
72.2437
68.5413
69.2737
69.8156
72.6748
65.455
67.5506
66.2656
62.9388
62.2971
63.051
64.9
60.8701
59.374
60.7777
61.0947
60.7331
60.8307
61.1289
59.2885
58.0935
62.6931
62.4581
59.8953
67.9641
66.344
68.6788
67.4063
69.039
67.321
73.405
70.7297
77.231
69.2765
71.8007
73.3855
71.5272
73.12
78.1051
74.7167
66.6529
69.9866
70.5079
73.9217
69.5058
70.8012
71.2667
72.587
72.9199
68.1157
65.7054
67.5366
67.8725
65.3186
67.5061
68.8096
68.9302
70.1478
71.4299
73.6975
78.1617
76.4414
75.5341
68.4959
73.0048
74.5116
73.5883
72.1855
74.4412
70.1423
72.8677
72.5028
66.586
67.2901
72.2006
73.8454
72.6004
74.2637
72.8726
72.5183
75.5096
64.8067
68.0933
67.7385
69.4967
67.6847
69.1748
66.0207
71.8019
71.1718
71.1959
69.0565
70.3053
70.8806
68.7703
68.6304
70.2159
70.9454
77.0919
74.5214
74.0998
73.6622
72.489
70.7056
74.9127
69.8886
70.8213
69.9266
66.1436
68.6103
72.5408
70.1569
71.6188
68.323
70.0018
71.132
75.436
78.8145
72.7424
71.9372
72.9532
72.8177
73.4328
72.3372
72.4952
72.0806
75.5002
70.1172
70.9921
73.1348
69.3132
66.0747
66.3976
65.9231
69.3345
68.4937
71.1254
70.2064
68.8501
68.0565
70.7763
67.6076
70.4609
68.2098
69.5601
68.1979
65.7609
67.6105
69.757
67.4601
69.1113
70.5274
68.1991
69.8424
71.1047
69.493
70.9768
69.8325
70.5576
72.3683
71.9629
70.6561
74.8551
74.3005
74.4439
72.8848
75.4607
73.0176
67.9368
72.5193
72.7067
68.9575
68.9217
71.9495
70.2371
70.517
71.7828
70.5112
72.0457
71.8829
68.9038
65.0596
67.0868
69.4641
69.3424
72.0252
69.6244
67.1841
72.3062
70.2628
70.5825
74.5895
74.9545
69.0244
68.0572
70.3332
68.5847
67.0946
68.159
69.6836
70.1478
72.826
70.8339
71.7806
72.4851
68.5579
74.1919
76.7946
74.3932
73.6134
73.168
77.6021
75.4131
74.388
75.6176
74.2295
76.8922
75.0744
76.7034
73.9508
73.8044
71.4545
73.1321
71.1303
70.2515
74.0302
71.3369
70.8389
68.3087
67.0194
64.7697
63.5871
62.3644
60.5136
63.9357
62.0819
61.7815
60.8108
63.241
65.9614
63.4252
64.663
66.281
71.2345
70.6828
72.6279
72.8757
69.2137
71.237
67.2441
71.6421
73.9981
76.002
74.0681
74.2072
76.3204
76.9891
75.9818
76.3193
73.5768
74.3879
76.2103
74.6593
73.663
70.3447
71.2548
69.3672
68.177
67.8331
69.3714
67.2992
67.8221
70.4137
65.7085
68.7206
65.1796
67.764
65.6312
66.8421
70.5154
70.8306
66.4743
71.6922
66.922
69.7928
71.4904
73.3357
72.8755
72.3136
73.3701
71.6094
69.7814
68.8171
73.1882
70.6075
72.5278
72.2761
70.2832
71.6344
73.3065
69.0496
71.2884
66.8549
67.9485
70.7616
70.8701
70.4029
68.2011
68.0663
64.9312
69.0797
70.6984
66.2587
68.1344
67.5934
67.4883
67.5992
66.6702
71.9822
73.3637
72.613
76.3554
67.4276
71.1293
68.9411
72.0187
73.6736
75.0718
70.061
73.0572
72.4675
74.0047
74.0577
71.1289
74.4012
77.418
73.7844
70.9419
68.9415
73.0074
70.0393
74.4484
69.9485
69.5438
71.0591
70.1249
74.349
67.6887
73.416
74.9335
72.7393
74.7206
71.9358
72.3764
70.5334
68.417
69.1078
73.0329
71.5968
68.733
72.9943
72.5985
72.6416
69.0931
74.0748
72.0515
71.8631
69.8834
70.7832
71.733
69.381
71.4643
70.5441
72.8703
69.6637
71.2309
68.7295
70.9456
70.8807
68.5393
67.5023
68.8435
65.0608
66.4336
67.6788
68.5947
66.6424
67.855
67.3741
65.9026
65.6539
63.227
66.5782
68.7577
64.917
68.2999
66.9761
68.6083
67.844
65.4858
63.8753
61.7766
62.8242
65.9463
66.6858
67.168
64.532
65.9769
66.3519
64.8723
64.8165
64.1744
62.6745
63.059
63.6482
63.7933
66.4917
65.0358
69.4048
70.0701
68.8069
70.5324
68.5516
65.1438
67.8064
69.2532
71.9315
66.9613
71.7273
73.7494
74.8481
71.2926
76.7051
75.6402
73.8015
74.3502
74.44
72.3439
73.578
71.6064
71.9561
69.9798
71.1707
70.1089
71.3257
70.3187
68.4552
66.6418
65.28
66.1403
63.2052
61.6922
65.792
68.3493
69.1294
72.7278
70.838
74.5091
72.7481
72.1101
71.6879
66.8505
65.5358
65.8947
66.2352
70.713
69.4545
72.2743
69.5942
71.643
71.7574
72.9952
73.3842
71.015
73.3805
74.3763
73.4716
73.3156
75.6388
76.3522
74.3392
74.6725
71.5639
75.5532
77.9812
82.201
75.3717
76.1461
75.3498
72.7806
70.8579
66.732
69.5164
71.4286
72.7992
70.2864
67.8829
69.1668
66.0093
67.7273
63.1347
61.3878
65.0015
64.9356
67.4494
65.4948
63.2163
65.7879
63.1484
65.4493
69.3955
73.0744
74.866
71.3945
75.4056
74.4206
72.9631
75.2983
74.889
75.3284
73.6466
75.7549
71.4368
71.3572
72.1564
70.6988
71.467
73.8427
70.8586
73.0836
75.7816
72.0329
70.1787
73.1507
72.2696
67.794
71.0815
69.5459
68.3406
70.9127
68.0747
70.339
69.7421
66.2734
68.2136
66.841
68.4795
71.7043
68.9923
64.4117
69.4712
68.8365
66.8869
68.5475
71.6836
68.9869
70.0959
71.6455
72.7901
75.2222
76.8076
73.9741
73.1789
73.052
70.7561
73.2935
70.2557
68.1315
69.6754
70.0013
69.4503
71.5419
71.7352
72.2697
72.8799
76.7522
71.0321
71.6733
70.8149
66.894
67.1728
66.8624
70.8964
70.6158
70.3146
69.4068
69.4258
72.0633
69.8845
70.9192
71.7525
70.0889
72.9779
68.6803
68.8751
69.3995
70.6425
67.9517
67.3755
70.9225
74.0207
71.9863
73.4501
74.8697
74.5738
73.5012
73.1985
71.7263
70.0688
77.1409
73.972
75.8547
71.4254
69.1988
72.5034
71.7873
75.6987
73.2748
74.2714
73.0901
73.8
72.8519
73.0765
77.4665
76.85
72.8075
74.0399
74.3999
72.8726
72.8901
75.4204
74.434
73.3718
78.2656
72.7899
73.9604
78.9493
75.4988
72.03
70.3186
71.885
72.1963
73.1245
69.3815
70.9153
67.062
66.8355
66.819
67.5543
68.543
72.3019
69.0014
68.9064
68.5372
67.2547
64.1735
66.1393
67.1189
71.3541
74.0822
73.6433
78.6776
76.5669
72.6895
71.0471
66.8267
66.527
65.1368
67.6006
65.2683
65.1006
66.448
66.5691
65.4148
66.691
74.1503
72.3625
73.4181
73.8182
73.2422
73.2897
72.6799
72.895
73.233
67.5668
67.0622
63.2927
66.4434
69.6351
61.6416
61.05
65.1408
65.0054
62.0275
66.3634
64.789
62.5169
63.5662
64.5216
68.4392
64.5313
67.3737
68.7722
69.1874
70.1558
67.2804
70.2077
67.678
68.6466
70.5595
68.0807
68.593
69.1823
72.5797
73.7044
71.8064
66.2038
68.2359
66.7587
69.5255
69.7057
64.5848
66.0257
66.6598
62.8221
65.0131
69.312
63.6719
67.4951
62.6983
67.2717
73.1213
73.7619
74.5974
71.8157
70.2174
71.9642
70.587
67.4281
70.5922
72.1587
70.1538
72.4891
68.1026
72.1723
75.5373
74.6851
73.4623
75.8698
75.8877
77.013
72.5162
67.7065
66.5895
66.8566
55.1346
54.1801
49.9032
50.0166
51.3656
53.8943
56.7773
54.7486
57.481
55.9307
53.0951
51.3882
58.3017
67.0193
69.9338
70.5798
75.0312
74.0127
69.4835
69.2301
66.3793
60.3601
57.2723
58.43
59.9351
64.5102
69.3737
70.0657
72.2751
75.0784
70.1361
67.6244
61.1191
55.6755
52.4351
51.0155
55.1851
55.2111
55.2179
55.126
52.0003
50.5356
55.6215
62.1162
74.4092
66.9244
75.1281
69.6527
73.0485
68.7883
67.3117
63.6959
61.2549
57.9491
60.473
64.1121
67.4208
70.0567
72.6971
72.3745
70.6057
66.6746
77.0121
62.0818
58.8825
54.195
51.7468
51.6674
53.1067
55.6513
58.5039
64.0805
70.3053
67.8627
73.4679
74.4719
71.8929
74.1876
65.9875
67.871
67.7688
66.6191
67.1143
67.1059
72.2022
71.1552
72.3092
73.1224
65.9987
73.6292
59.7822
53.6768
51.3259
48.9102
54.442
55.6061
54.1985
54.5463
51.3956
57.6932
60.4258
68.1733
67.7868
75.523
72.7635
73.9737
67.4998
66.9871
61.6331
59.9559
59.0403
62.3233
63.5613
68.35
73.6433
74.5141
71.0204
64.78
65.5105
57.2339
50.757
51.522
54.7281
55.9764
53.5359
54.9992
57.8787
53.088
52.1381
56.1691
64.8297
72.0479
65.5118
71.5828
73.8565
74.0991
71.1595
68.0944
65.1049
60.536
56.2552
56.3949
57.2304
57.8841
60.9592
64.3582
65.4433
69.8351
73.2146
71.7574
70.8024
70.2709
66.0587
57.3509
50.5538
52.0532
52.1632
55.3039
53.6446
54.1852
56.2692
50.4655
53.1153
53.4165
57.5463
64.9733
67.8141
70.7467
71.4129
74.8763
72.7624
68.7101
67.8499
64.8172
64.1094
60.3901
62.2975
63.5296
67.3358
70.3412
74.8893
70.4654
72.0143
70.1748
69.6439
66.8213
68.5072
68.8907
66.9563
69.1952
70.3117
69.0284
65.7096
68.3046
64.4851
67.9298
67.0896
67.2817
70.0792
69.6216
66.5901
70.5637
69.2866
72.1942
68.9884
69.3273
69.3322
66.7554
71.0351
67.5938
68.1619
71.0536
68.0845
67.9829
71.541
69.1642
69.1069
66.3864
70.0805
65.7928
66.1489
66.5105
66.0862
69.7286
67.2241
70.8204
68.8809
65.0774
70.112
70.9426
65.029
69.6399
69.4062
71.1894
72.3673
70.5547
69.5644
65.931
67.9062
66.3457
65.2819
65.2753
68.2109
67.9511
66.4697
64.9082
63.5923
62.8877
64.1537
61.8632
64.6433
63.9967
62.6844
62.5695
64.0184
59.0079
62.2463
62.8276
62.3197
63.6542
61.3172
65.4871
60.2475
60.4539
61.4634
60.4629
59.5527
57.6405
57.7685
57.3995
57.6491
56.4353
56.7876
53.2468
52.7765
54.1449
51.7048
49.2051
50.0471
51.0172
47.227
47.3544
48.1379
46.6278
47.9556
49.5715
47.8856
46.5929
45.1738
47.9445
47.6384
45.7828
46.7899
50.1525
52.9274
58.7253
54.8803
61.546
53.9228
57.0423
54.8149
56.7935
56.0236
55.6505
52.4654
53.7187
50.5743
52.3042
51.9332
52.1115
52.4499
51.0472
53.8034
49.505
54.9911
53.1012
52.1755
50.845
55.2
52.1349
50.739
48.9722
48.5193
48.566
46.071
46.5515
48.956
46.5673
45.8695
45.8265
44.2543
45.7154
46.7085
45.2426
42.7429
43.9641
43.0546
43.6273
45.6158
44.8386
45.8588
47.2039
49.9398
48.5541
49.2976
48.2288
50.8767
48.5956
52.2261
51.2638
50.6866
49.6087
50.286
49.9622
49.8898
50.9074
51.1976
48.5739
52.0408
50.8847
51.0192
48.394
49.0977
48.4119
49.5136
52.5562
50.7567
51.1537
54.6425
53.3808
56.8068
59.7167
58.1786
59.2429
62.6663
62.7759
63.8108
56.191
59.1072
56.6173
56.4353
55.2046
56.5034
58.365
56.8967
54.9566
56.2956
57.5817
55.6932
55.3536
54.9519
51.2665
51.0394
50.1384
51.5344
52.059
51.2688
53.3442
52.555
55.5629
51.1845
48.034
48.7781
49.2678
48.0227
49.9624
49.8403
51.0815
50.2293
51.447
49.7044
49.2217
53.0547
49.752
53.5019
51.1402
49.6635
51.2895
50.0278
51.2601
48.7866
51.2799
51.7515
52.1397
50.1936
48.8767
49.5074
45.8252
47.2138
47.8399
52.0454
49.6998
48.8342
50.3868
52.5884
51.5925
48.0245
47.4234
46.3992
43.548
42.4573
45.715
44.3811
44.8674
45.8205
44.5377
43.2066
46.5988
49.3605
50.2714
50.1661
49.5653
46.8032
46.5176
44.2769
43.8261
42.9234
43.987
44.0663
49.2137
50.6418
49.7361
52.7967
48.0684
48.8812
51.3944
47.2629
49.4804
47.6564
49.1785
48.5031
50.2552
48.8128
48.7195
51.4796
49.3382
46.8758
48.3803
51.4433
51.6324
51.2046
50.0357
51.9299
50.0926
49.7786
50.8367
48.4832
49.4053
48.6526
51.4074
50.3396
50.8603
50.4642
52.1158
49.4081
47.921
48.03
48.5697
45.9006
48.7107
47.6392
48.6124
49.354
48.6735
49.7983
50.2568
49.7577
48.8869
48.06
45.5009
47.8458
47.2672
44.5708
45.7572
47.4985
46.2693
46.0525
47.2868
45.3817
45.8073
47.4117
46.3731
45.4003
44.5542
44.6456
45.9997
46.5641
44.4248
45.2939
46.0274
44.7559
45.9428
44.51
46.2832
46.5198
46.777
46.3291
46.0928
46.3993
46.2329
45.5259
47.8187
46.6067
47.6235
47.6267
46.5735
47.3166
43.9043
46.7859
45.4395
44.1386
44.4106
41.7772
43.7381
43.4784
43.4433
43.683
44.0932
42.5888
42.0481
43.5122
44.3715
43.9107
45.8737
44.8163
44.1824
43.1497
44.6965
43.4779
47.584
47.8061
47.9642
50.9358
52.1193
51.1331
50.399
49.2272
50.24
52.4772
50.3842
51.0969
51.3646
50.5503
51.9008
52.0812
56.3245
58.2095
62.0275
60.1828
59.8696
66.8768
65.497
74.1475
68.6141
70.7638
70.2645
67.5718
71.8875
72.4405
73.2522
69.9586
71.7953
67.2404
67.2643
64.7414
69.0498
71.8508
67.5345
67.3279
68.4689
69.5543
66.836
68.4522
69.0403
68.2659
67.3326
68.6282
66.6975
68.5798
66.2196
65.2546
68.2226
66.8598
66.8784
66.9586
67.5451
67.8046
69.2172
70.4752
67.2315
71.7277
71.1418
69.2465
66.2074
67.0107
66.5681
68.4195
69.7248
66.9656
68.8772
66.8587
67.4764
66.7384
67.619
67.7987
67.5381
68.6417
69.3362
71.2389
70.3006
68.1208
70.1668
67.3986
67.3953
67.1263
67.9279
66.6124
66.2076
67.3506
63.5284
66.7012
66.4951
68.3351
67.7016
69.4142
70.9388
68.7879
66.3656
64.2978
68.5909
67.7968
68.2397
67.4021
65.4203
64.5809
64.7611
66.383
67.3478
64.8902
65.4605
65.7024
65.5089
65.3431
65.421
66.0786
67.2127
65.1135
65.3912
66.6379
65.2837
65.6994
63.858
64.7883
64.4599
64.0242
64.7179
65.1202
63.1033
62.7477
63.4817
63.7376
62.4155
63.8574
62.7672
63.8785
62.1596
61.6055
61.9609
61.5559
62.0465
62.2295
60.6967
62.8005
62.1526
61.0768
61.2702
61.5373
62.9755
62.434
64.0381
62.8324
63.967
64.0425
62.6367
65.1297
63.0529
62.7013
61.3924
61.3101
62.29
62.6776
61.7265
60.5712
61.5557
61.4541
60.9072
61.2315
60.8458
62.0666
63.7031
63.6765
64.0657
63.5517
62.0071
62.3222
62.7339
64.9376
66.0355
64.3806
64.3707
63.979
65.5576
64.23
64.3154
65.2905
65.2894
64.5556
64.1464
64.872
64.9617
65.1404
65.4347
64.7741
64.9843
65.2618
65.3952
65.7889
64.1485
65.6654
66.832
65.827
65.3565
66.398
67.0674
67.4486
68.1475
66.1449
66.0752
65.3913
64.9048
65.0881
63.7942
65.4742
64.8181
63.9726
65.3598
66.2188
65.8501
65.5352
65.6883
62.3568
63.6527
64.048
62.9916
65.6059
67.6878
65.1835
64.2273
63.0548
64.2626
63.8198
66.2798
65.0273
65.0226
66.5662
65.8894
65.6686
64.6801
64.068
62.9907
63.4594
63.398
66.1549
63.9335
63.3402
63.2578
65.5563
66.9557
65.9138
67.6083
66.3269
65.5874
68.0724
66.0518
67.1956
66.8991
66.2633
67.2404
68.3139
64.8673
65.9019
65.9398
63.9907
66.6576
64.4082
64.416
66.4489
67.7832
67.41
68.8325
66.9602
68.0201
69.6549
67.5579
68.198
67.2738
68.7349
69.4652
68.5201
67.9604
67.6963
68.8743
71.6435
70.3844
70.3505
70.2806
69.5356
70.5027
69.1615
70.9134
68.6373
69.9424
67.6971
69.6323
69.2713
70.5757
71.8165
75.0831
76.1779
74.821
72.4037
73.0764
69.8701
69.0522
68.1807
69.3836
67.7878
67.1698
67.9672
68.1975
66.4133
67.4905
67.0046
63.9352
63.6516
61.6264
61.116
60.1038
59.2339
60.0458
59.4393
61.3732
60.1479
60.2791
60.523
59.1386
58.8966
59.228
58.1687
58.7715
56.9078
57.9091
56.9549
56.4063
56.5239
56.607
58.0005
57.0569
57.4889
58.2481
58.6909
59.0784
58.9394
58.6419
58.3291
59.7548
59.3766
60.078
58.972
59.2373
59.0607
57.4086
57.5258
58.1023
59.343
58.3171
58.4533
59.4157
59.4119
60.1205
61.0351
61.3987
61.258
59.9925
60.4161
59.4927
59.5255
61.9501
60.9884
60.5671
60.9049
60.0673
61.1288
60.7935
60.1477
60.0703
60.2235
59.9289
61.8527
59.9308
59.3298
61.4343
60.5356
59.9224
61.8207
60.3957
59.7735
60.3829
61.0279
60.4085
58.8385
59.154
59.5677
59.6749
58.6662
61.2284
60.6615
60.2944
59.8278
60.6674
61.4749
61.5938
62.378
61.854
59.6229
60.9903
60.0774
59.9611
59.988
59.7178
59.4816
59.8898
60.4502
59.4313
61.3306
59.8692
59.4047
59.2147
59.5077
61.3932
60.4612
59.9581
59.3915
57.8499
57.383
57.6663
58.9196
59.7438
57.3772
58.0472
58.5432
58.4497
59.1481
60.4767
59.0649
59.8296
58.9995
59.7812
60.4711
61.4119
60.7174
59.505
59.0208
60.2735
61.4997
60.7164
59.8269
60.0331
59.1304
59.4093
58.6647
58.8267
56.9372
58.9092
58.4643
57.5989
57.7366
57.0468
57.8569
58.6855
56.8625
57.4757
58.1873
58.7322
58.8103
57.6855
58.7469
59.6501
57.7638
57.8095
58.5212
58.0686
59.5452
59.5488
57.4498
58.9653
59.3862
58.8558
59.8531
59.6949
60.1071
58.2887
61.954
60.9643
61.4764
59.466
60.5182
60.4564
60.1921
60.8418
60.9888
60.2426
59.7284
59.7288
57.7611
58.6517
58.853
57.8573
58.366
58.9244
57.9937
57.8688
57.5757
56.7608
55.2383
55.4446
56.4636
56.0613
56.4694
56.513
55.8018
57.4414
55.7348
54.4736
55.3562
55.6239
54.5413
53.1092
53.674
53.1835
54.1101
54.882
54.3983
53.5968
54.9259
54.328
56.7692
56.3071
55.892
56.3884
55.3501
55.0183
55.5045
55.7923
55.0716
55.3386
55.7282
54.8553
56.0124
55.1616
54.4971
54.7844
55.34
55.5147
56.3093
56.764
55.8117
55.8615
56.1924
56.18
58.1535
56.6791
58.1682
58.6547
58.7713
58.6868
59.6856
59.8779
62.0337
62.3601
60.3692
60.7548
60.2582
61.2605
61.5189
62.464
63.2033
62.4482
62.3886
60.164
59.2919
61.3501
61.4205
61.4353
61.7925
61.0737
61.9971
61.9415
63.2192
62.204
61.7427
64.3705
62.5827
63.5031
62.8461
62.0807
60.9567
60.1092
60.4343
60.2554
60.3682
61.3296
61.5542
61.4141
61.9378
62.6552
63.1524
62.5515
62.1814
63.3535
63.0213
64.5691
62.2224
62.2226
60.3112
61.7917
59.8074
60.2511
61.3572
60.9694
60.7122
60.1386
58.9492
60.5886
60.6299
60.2346
62.1788
60.0737
60.7934
61.6625
63.1506
63.0564
62.038
62.3217
60.9817
61.5627
61.5176
61.3678
61.9037
62.2507
60.6624
63.0552
62.8512
64.0191
63.7352
62.7404
63.1296
62.615
62.019
62.7374
62.0825
62.4275
61.942
60.5312
60.1262
62.2414
61.4377
62.1711
62.5198
63.4265
63.5209
62.594
62.7682
63.9421
64.0782
61.7854
60.8041
62.2716
61.711
62.1579
60.5286
61.2201
60.4779
62.8263
62.1557
60.9965
61.5944
63.2105
61.2841
62.074
60.9708
62.5905
63.5625
61.6169
61.5546
61.6114
61.8006
62.9109
62.0516
62.4392
61.0995
61.3206
60.5235
62.6713
62.2195
62.0142
61.4266
61.4272
60.2622
60.5236
61.8758
60.2674
59.8081
60.3414
61.1398
61.9762
59.2569
60.6458
58.0976
59.9967
58.6303
59.7999
59.8725
58.9608
58.7887
57.8777
59.6149
57.253
60.2026
59.0855
58.8028
58.7694
59.0555
58.0612
58.1673
58.671
58.8112
57.9643
57.6897
58.3222
58.6648
58.0502
58.0892
57.6027
57.7514
58.0976
57.5336
57.9476
58.5751
58.2179
58.3352
60.5133
58.6157
56.2956
58.3296
58.5202
59.3207
58.1148
56.5201
58.2973
56.1607
55.7951
55.6276
54.3078
55.5461
54.9633
57.348
55.8858
56.7171
56.593
55.6399
56.6341
55.949
57.0201
56.0624
55.3658
54.9114
54.6327
54.0127
55.833
53.8646
53.9935
52.1748
54.4655
54.8997
53.6628
55.3536
56.6358
55.8069
57.0535
55.9574
56.3717
55.7964
56.9014
57.3867
56.2105
57.8631
56.9024
57.0264
55.8438
56.7997
55.9645
56.8477
56.6443
57.0281
56.4741
55.8003
57.8424
58.109
58.4193
58.7292
57.6543
57.6398
59.0812
59.3356
57.1091
58.4499
57.3062
57.8009
57.4909
58.0701
57.0069
57.8357
56.1517
56.13
56.0034
56.4321
55.42
54.6879
56.0458
56.5696
56.063
55.1837
56.396
55.7213
54.2336
56.098
55.39
55.6425
53.7602
55.8791
54.6914
54.5789
54.5527
53.4571
55.3883
54.4646
54.9316
53.5232
53.8398
53.949
52.7853
53.199
52.3252
51.5035
51.2084
50.5515
50.7842
50.1462
50.4573
50.0207
48.6024
48.3725
50.5161
51.7157
50.6699
51.0787
48.6164
49.8919
49.4584
48.014
47.991
49.7976
47.5693
48.7756
49.3576
46.3788
45.4708
44.7091
45.3827
45.5763
44.6002
44.7978
46.1587
46.4096
43.8475
46.0626
46.6389
45.8854
45.7301
45.8161
43.0731
44.1763
45.3839
45.8243
45.5748
44.819
45.8675
43.64
44.4381
44.5336
44.7512
44.5471
44.7228
45.8103
44.0709
46.0418
44.6479
43.9598
44.7764
45.4567
44.4926
45.3718
45.7095
44.3614
44.8348
45.3048
43.2212
44.0739
45.7579
45.0925
44.0623
45.2934
44.1464
42.19
43.8942
45.0185
42.9704
44.8608
43.6699
44.3761
43.3155
42.3443
43.5517
43.5046
43.5321
43.2857
45.3198
44.4803
44.7931
42.3159
41.6988
40.9684
43.3941
40.8489
42.042
40.6835
41.423
40.7606
42.6613
43.0373
43.7226
43.016
43.0269
43.9884
44.5467
44.673
43.5142
44.2724
42.8368
43.5948
43.1668
43.2224
43.4711
43.3821
42.8332
43.0784
42.5484
43.3428
42.2937
42.9234
42.8493
44.3919
42.7609
42.258
42.8019
43.7231
43.5126
43.7298
44.1446
43.071
43.1523
42.4709
41.9577
41.5118
42.7596
42.7382
42.4649
42.8968
43.7979
43.8958
43.1293
43.5833
44.9487
45.5592
45.5966
47.338
46.0344
46.9557
46.2934
46.9321
46.0061
46.1234
43.7191
45.5692
44.9993
44.9736
46.0316
46.313
46.0697
45.6951
45.7335
47.6079
47.0317
48.2106
48.9156
47.9702
47.8579
49.5518
50.3424
50.3419
48.8521
48.3816
49.5313
49.5426
49.8725
48.662
48.9346
48.4335
49.0323
49.6924
48.9678
50.5781
48.6768
49.2838
50.6518
50.1773
49.8082
51.1714
52.5432
52.1321
50.6252
51.2686
53.3741
51.2073
51.2386
52.4361
52.1991
50.1158
50.6358
50.5784
48.301
49.8369
50.0753
49.4274
49.8765
48.5652
53.3677
52.7675
54.5356
53.3313
50.6208
52.5955
53.0695
50.9117
53.9697
54.401
54.0408
53.327
53.8967
52.4145
52.9833
51.7599
52.011
51.7739
52.8105
52.6553
52.4484
52.9323
54.6017
52.6077
51.5452
52.8683
53.0268
55.4064
53.414
52.9791
53.9819
54.9961
53.6111
54.2511
52.6984
53.1412
54.9466
54.0691
53.7214
52.7855
52.8513
54.3925
53.6291
55.3279
53.9313
52.864
54.9185
55.1375
55.6158
55
56.4763
55.6231
56.1736
55.9341
53.6951
56.2849
55.4598
54.2422
57.0028
54.6984
58.0679
53.9883
55.6669
54.8227
56.721
54.0202
54.216
52.236
55.9097
55.9434
55.2949
55.5677
55.4693
52.8761
55.3592
54.8972
54.2055
55.37
56.2947
54.1438
55.0479
55.6272
56.1604
56.0829
56.0145
54.2844
57.171
57.6342
56.3198
56.8566
57.3227
55.4806
55.6466
57.6171
55.9669
56.5164
56.8426
55.1769
54.7221
54.9663
54.5983
53.2757
55.1834
54.6519
53.4032
54.4869
53.5828
54.9597
56.1419
58.6622
58.7222
61.8762
58.8895
59.8766
62.0267
61.6503
61.9381
61.8906
62.8582
62.9678
63.0554
63.7312
60.7802
63.4532
62.668
62.0428
62.3312
63.2658
62.867
64.4674
65.585
66.4306
65.2095
68.953
71.0338
66.673
67.5003
66.8732
64.9695
65.9506
66.4451
66.5587
69.5404
65.9966
69.9595
70.29
70.8846
70.253
69.7488
72.9197
71.2219
72.6484
75.0558
77.1478
75.7554
79.0606
80.6695
79.8487
79.2304
77.3944
78.3054
75.1897
75.2076
77.3467
76.4629
76.5821
76.2273
67.9086
69.3092
64.4748
60.4356
58.9924
55.2361
56.4552
56.8934
57.5875
54.9268
57.8216
58.5574
60.2316
59.1803
58.3762
58.8513
58.714
58.7377
60.645
59.9456
58.2491
62.9414
57.8272
58.2601
58.3991
57.6112
59.5985
58.9716
58.9163
58.2084
57.806
58.8646
57.8606
58.6618
59.0551
56.8799
57.5922
57.4349
58.0435
58.2812
57.5965
57.4936
59.1942
58.5376
58.3794
58.0858
58.172
58.6402
57.934
56.5453
57.5796
58.8827
56.8828
57.9081
57.4475
57.0733
58.6414
58.0054
59.6683
60.0037
59.0946
58.8966
58.2462
56.9483
59.1833
58.1172
59.0457
58.4717
57.5956
58.8144
58.0556
57.4509
57.5992
58.8222
56.5581
57.5326
58.0876
59.2285
59.1101
59.1818
57.4152
58.3321
58.5025
57.9919
58.6617
57.3465
56.63
57.9319
56.3657
58.3626
56.9457
57.364
54.8423
56.241
58.2665
57.5801
59.9199
57.9447
59.7087
59.0001
58.81
59.3602
59.1439
59.3038
61.4
59.0177
58.7488
57.4469
57.9784
58.2851
57.0083
58.6443
58.3288
58.3832
57.3829
56.8602
59.5195
60.2063
59.1533
56.4816
57.7688
59.7376
61.1847
61.5687
59.7145
60.2885
60.0756
58.644
57.8074
59.0374
58.3134
58.523
59.0005
58.5574
60.2176
60.3405
58.5408
59.6028
59.2951
60.5126
60.1157
60.5842
60.1758
60.0762
59.5525
58.2713
57.8779
59.9269
59.1747
59.2597
59.9677
60.2076
59.3282
61.0928
59.273
58.3294
59.2334
59.4646
61.7503
60.6407
59.3029
60.0053
61.4111
60.2052
60.4384
60.5585
61.0066
60.0399
60.5165
60.2377
59.6666
59.9471
59.8251
60.2335
58.9609
59.5587
58.9454
60.4131
58.8551
59.2963
59.5542
60.4903
58.9249
59.3304
59.4112
57.8285
60.0212
59.9028
60.7312
60.3035
60.7067
60.1359
61.3961
59.9889
59.6696
60.4497
61.3649
61.2248
61.6673
59.3338
60.5943
60.6768
59.9763
60.0912
61.1631
60.6643
60.3448
58.8435
60.7179
59.1705
58.584
60.1199
61.3081
61.351
60.3807
60.7483
59.8497
60.7386
59.7422
59.6099
61.2539
59.6109
58.9381
58.6451
59.4976
60.4545
57.7112
59.3563
59.9105
61.3437
60.127
59.2858
58.7329
59.2769
57.7648
58.6615
58.5563
58.3637
58.4711
58.653
57.8259
59.0833
58.6194
58.4124
58.6673
58.7013
57.5039
61.6187
58.7032
61.3224
60.2539
58.8245
58.1673
58.7666
59.8789
59.5166
59.6347
59.0096
59.3502
59.4619
57.3639
60.8538
59.8159
59.2333
60.1366
59.8323
59.5294
58.5766
58.8321
58.5692
58.342
60.3022
58.9184
59.2652
57.9691
57.899
59.2188
58.0008
56.0344
58.6367
56.6413
57.071
58.7296
57.733
59.2124
59.5566
57.7827
60.0337
60.7396
59.4362
59.9065
59.4812
58.4409
58.6759
58.5368
59.8328
62.2826
60.4926
61.9638
60.7754
62.2516
62.0366
62.1591
62.6932
61.7576
61.5774
61.9054
62.3122
60.7624
63.0797
62.2067
62.0384
64.1056
61.4974
60.93
62.0371
62.4629
62.5095
61.7975
63.6526
62.4899
63.0829
62.8893
62.3663
64.8368
62.3335
63.3843
64.7594
62.1281
61.0931
63.6527
62.2856
61.9423
62.7963
61.6582
61.273
64.084
64.6691
64.9666
62.3837
62.5466
62.8631
63.8817
63.4264
63.6327
60.8093
63.3181
61.3886
61.7226
62.0386
61.8508
63.3553
64.1812
61.7413
62.2599
60.2682
61.9818
60.0292
60.3929
59.7916
60.8363
60.6842
60.6495
58.8144
61.8032
61.0629
60.3504
60.2454
59.8862
62.1846
62.2357
59.9911
60.316
61.4622
62.7005
61.744
62.2182
60.1856
61.2138
60.2906
61.2986
59.7602
60.4537
58.6721
58.5154
61.4841
60.6038
60.6249
60.3149
61.0685
60.2196
61.4134
61.6717
58.6358
58.9622
60.3845
58.3407
61.3106
60.6823
61.685
60.9639
61.5075
57.2315
60.7121
59.3317
60.1846
59.0588
58.5859
58.4757
59.2029
58.7041
58.1274
60.4982
59.269
57.8665
57.4389
55.8296
58.5146
57.317
57.45
58.0208
58.7399
56.5956
58.1965
57.5679
56.7214
56.973
53.6804
53.613
56.7323
55.1499
54.2404
59.3691
60.5002
60.1082
60.0901
58.559
56.591
58.9273
59.0959
58.4025
57.1313
58.8023
60.2304
57.7155
57.0299
56.05
56.9956
57.6725
52.9957
58.6123
57.4433
55.6806
57.7261
54.4046
55.7084
56.8467
55.794
57.7546
56.624
56.2513
57.2873
55.6494
56.1573
55.7364
54.291
56.2624
58.5666
56.9376
57.2687
56.1829
54.7471
57.3436
59.0869
56.7912
58.0139
58.8717
58.0754
57.891
56.4677
57.8872
57.2637
56.2165
55.9015
56.9221
56.8118
54.7713
58.0706
56.3051
55.2255
55.8872
55.68
57.3556
56.503
53.6819
55.1639
53.8109
55.5564
55.0794
57.0005
54.855
53.5444
53.6589
53.0739
51.6518
53.044
50.9011
50.2959
50.2234
52.3506
51.4067
51.264
53.1394
51.2049
51.9469
52.5304
52.0167
50.4059
52.8663
52.2767
54.5593
52.0781
53.7417
54.8335
51.8567
54.5076
53.9689
55.7277
53.043
55.4721
55.5931
54.3721
53.4972
55.6767
54.464
54.1797
56.9373
57.6207
58.7801
56.0178
57.7173
60.1433
57.6404
56.4742
54.8874
54.2255
54.2907
54.7446
53.9814
52.1197
53.1433
52.7051
51.9983
55.0161
53.4977
53.0623
52.7889
52.5445
54.5053
55.6917
55.8625
56.0099
56.3223
56.0638
55.3448
54.8336
55.5111
53.9027
55.1149
52.5659
52.7278
54.309
54.799
52.5001
54.2575
54.4358
52.2359
54.127
55.7444
55.3852
55.0078
54.6274
53.9693
54.2985
52.4854
53.0585
53.056
53.9459
53.2584
51.7313
53.8917
52.6025
51.1795
50.8452
52.9352
50.049
50.6194
50.4719
52.9266
54.3273
55.4199
56.4208
55.0691
55.5474
55.0469
55.421
55.002
55.0794
54.9845
52.8867
55.2529
54.8813
53.0562
51.3035
54.583
53.4481
53.4087
55.1318
53.1529
51.6411
51.9355
51.3887
56.5809
53.5769
52.9741
54.0584
53.0633
54.1974
54.6267
53.3677
54.1757
52.5741
52.062
52.6137
54.3005
53.7949
53.1944
53.5216
55.162
54.0017
53.943
54.2542
55.5902
56.1487
55.8548
56.3125
56.8441
58.6847
56.47
55.9264
56.9911
56.0789
56.658
55.2099
54.7489
53.5258
54.2958
53.9161
53.3721
51.8552
53.3285
52.3048
53.9546
54.2853
53.831
55.4596
54.9187
55.0419
55.0864
55.0905
54.5007
54.2707
54.8
53.6753
54.7391
52.3897
51.3337
51.7734
54.8973
51.471
51.4176
54.4783
54.3433
53.0036
55.5683
53.0645
52.2987
51.7984
52.6801
53.3505
54.4563
55.2385
53.9453
52.9962
52.8886
54.4039
54.5614
52.564
52.8609
51.6407
51.587
50.646
52.9802
52.7442
51.4478
52.4335
54.0559
53.1048
54.2848
53.6394
53.8244
52.776
53.2373
53.1848
55.0634
54.6112
52.8984
52.8508
51.8585
50.8228
52.276
53.0031
51.9927
51.8929
52.029
51.9421
53.3257
52.7293
53.0016
52.2684
51.7908
52.4872
52.0088
51.6842
52.5473
53.0863
52.9897
54.6553
52.7145
53.6869
53.106
55.2784
54.5133
56.357
54.3687
57.0006
56.2968
56.6035
56.5937
58.6568
57.7488
57.6266
57.1391
58.6813
57.6721
57.4337
58.1917
58.4296
58.5012
58.0118
56.8073
57.1816
58.9207
58.6518
56.4852
59.2551
59.7269
61.0505
60.9076
59.4332
61.283
59.3806
59.3465
60.2698
58.8529
59.5388
59.3355
58.1138
59.7082
57.6946
58.0681
58.4745
58.6643
58.1174
59.3047
58.9562
58.64
59.8274
58.6955
59.8137
58.2995
58.2595
57.3466
57.248
57.448
56.9518
58.0514
57.7933
56.7605
57.9255
58.0007
57.787
58.3264
58.1739
57.8355
57.4035
57.9685
57.1812
59.141
58.6521
59.7031
59.2175
59.6803
60.3773
59.3228
58.1736
58.9326
58.8469
58.5689
60.0126
58.1509
58.2619
57.0686
57.6935
58.2507
57.485
58.4873
59.0876
58.6448
60.145
60.6587
59.6627
59.7555
59.2903
60.1217
56.3668
57.3911
56.4013
55.8075
53.5885
53.5231
54.3265
55.0951
55.1077
53.298
55.232
54.4965
54.2797
53.7097
54.7775
54.3867
54.2703
54.4045
55.258
55.0422
57.2853
57.4076
56.8742
58.5429
58.7063
58.9701
57.9873
58.8554
57.5291
59.2263
57.5213
57.1935
58.6681
55.0199
55.4171
56.8765
55.8277
55.4129
56.6694
56.1081
57.0767
54.8005
56.4469
57.7101
55.1919
54.9088
55.3144
54.2292
54.0368
54.5991
53.6363
54.0723
54.9827
55.8653
56.2387
55.5858
55.392
55.9466
54.8901
56.2472
56.9761
57.5275
56.6544
58.8668
56.2794
56.0816
57.6274
58.1904
55.9683
57.0949
57.518
54.9556
56.7873
58.8474
58.9192
60.7439
62.042
62.7273
61.0189
63.0417
61.5431
60.4591
63.5812
64.2235
62.6657
63.0779
63.4636
62.0008
62.1816
61.9886
63.9473
63.8415
63.2101
62.9632
62.9852
64.2913
64.3429
63.3962
64.6424
65.019
65.2768
64.5811
64.5555
65.0215
64.827
65.972
65.593
63.8622
62.6293
63.6041
63.1838
63.7102
60.7536
62.9817
62.6429
63.3263
62.0709
63.2009
62.5555
62.4072
61.5266
62.4013
63.6612
62.5952
62.8494
62.5298
62.9032
62.0539
61.2862
60.2077
57.983
59.5136
58.3103
58.1059
58.648
57.3727
58.4667
59.6292
59.0063
59.9455
59.6513
59.0813
59.1881
59.4592
59.8944
60.2312
59.14
58.7425
57.1698
57.044
56.5949
56.941
56.0676
55.6679
56.4326
56.756
56.4636
55.5455
54.6271
55.958
57.0132
56.789
56.8844
56.1523
55.9255
56.3357
56.7227
57.8938
57.0783
56.5373
55.589
56.2678
53.4533
54.857
54.4515
54.2538
54.5613
54.3481
53.6202
57.1189
53.096
55.0261
53.5132
55.6635
54.3449
56.9269
54.1546
55.6406
55.3341
54.6438
53.1373
51.9807
52.9129
53.2865
53.9768
53.2762
51.6048
53.0265
54.3685
52.4783
55.3835
52.6291
53.0203
54.0256
54.8933
53.6865
54.7837
54.1116
53.8107
53.4415
53.6879
52.4941
51.3307
50.5132
52.7498
52.459
50.8761
53.0935
52.6731
55.3505
54.217
53.6069
54.6427
54.6509
54.1094
53.1865
54.5293
54.4741
55.7783
53.6665
54.6585
53.7128
52.5716
52.2421
51.8836
49.9389
49.0734
51.2288
51.2713
49.4161
50.7629
51.1674
51.9512
52.4813
51.3282
51.6338
52.9329
53.2177
54.2348
53.8828
54.3764
52.4686
52.6527
51.3023
50.5343
50.9329
50.6677
50.3746
50.635
49.6222
50.8959
53.4719
51.6788
52.6258
52.5414
53.4235
54.8992
54.3767
55.1886
56.0529
53.1661
54.0487
52.3968
53.6889
52.5698
51.5181
52.1006
51.2935
50.0667
52.2035
51.7745
51.325
52.1263
52.2996
53.8137
53.5436
53.3181
52.2526
54.6054
54.8107
54.4012
55.119
54.8651
55.2402
54.3266
54.3976
55.3117
55.3014
55.831
57.2758
56.6228
54.988
57.1177
56.5113
55.8072
54.2058
53.8358
55.8929
56.9108
56.4213
58.1609
57.8853
55.6208
56.3011
56.146
55.5267
55.2072
56.7673
56.8134
56.8836
56.8279
56.1371
55.9129
55.4274
56.044
55.4946
54.2306
56.0349
57.3816
57.9556
57.067
57.5854
57.137
57.3106
56.5232
57.4665
56.3038
57.0554
56.5039
58.1257
57.391
55.3703
57.0291
56.4359
56.1513
57.2539
56.0568
55.4766
56.0746
58.1708
61.0621
58.4615
58.032
57.6891
57.8881
57.4699
59.4975
59.4251
58.6235
57.2512
59.8367
59.8152
61.1068
60.0568
59.4394
62.1228
62.2569
61.4435
61.8193
60.7565
62.6135
61.9251
59.538
59.6756
59.444
57.591
58.8145
57.4556
58.8095
58.842
55.4256
56.9849
56.7429
55.9867
55.3551
54.6596
57.3308
55.6761
57.0895
57.7233
57.9936
60.1377
58.6126
59.1848
60.9938
61.6707
61.9887
61.6166
60.9176
60.6083
61.1978
61.3894
60.209
62.8537
63.2799
62.5684
60.4868
61.3116
61.1576
62.6131
63.9361
64.7945
65.4195
66.0098
64.5363
66.7162
64.1471
64.5425
64.8458
63.64
63.0619
61.2032
60.6463
60.8191
62.2631
60.0246
60.0308
58.9494
60.9359
60.9928
57.947
59.2559
61.1328
60.2685
61.0092
61.0019
62.0326
61.6831
62.6173
63.0837
61.7454
60.5754
59.9508
59.0549
60.2481
60.6945
60.3659
60.1417
61.5249
60.0302
60.167
60.91
60.6003
60.5269
60.6095
60.4091
63.8608
62.518
62.7475
62.7122
62.2851
61.7451
63.1937
60.7884
61.4737
62.9401
61.2806
61.9378
61.5578
61.3562
61.7194
63.6095
63.3896
63.9886
64.0403
63.7421
62.5895
61.1868
60.9841
61.6767
62.4454
63.1894
64.3141
64.4027
62.8406
63.4006
63.7723
63.9116
63.277
62.407
62.0941
62.9769
62.5158
62.7729
60.2894
60.4905
61.2972
63.6497
60.9554
63.0808
63.4062
62.7175
61.6985
62.6518
62.0972
60.6306
58.4242
60.4158
60.3216
59.075
59.6921
60.3318
60.4022
59.1285
60.1721
59.2115
58.9585
59.9991
60.3468
61.2045
58.5425
61.1343
61.2164
61.155
58.7429
60.8193
60.2155
59.3533
57.6206
57.9496
60.0483
57.6307
56.1692
58.0084
57.4756
57.8083
58.6024
58.2717
58.5151
59.5426
60.0425
57.0088
58.5412
60.1848
60.1074
61.0939
59.8148
60.2103
58.5266
57.3591
57.7202
57.1696
57.8069
58.1121
58.2079
58.3299
57.6487
57.279
57.4535
57.6814
59.5538
58.5153
60.2861
59.8244
59.7344
58.1136
60.4057
56.4693
57.9918
57.5955
56.2569
55.8163
56.917
55.876
56.3021
54.897
56.0133
57.946
55.7962
57.7853
56.8539
55.5937
56.8578
56.8822
56.4483
56.7285
56.6553
54.7204
55.6694
55.0371
56.6502
56.0608
57.0349
57.5439
56.9863
56.6981
56.3831
55.7252
57.683
55.4167
57.4063
58.9285
57.2633
59.2104
57.8228
58.8557
60.1066
59.6234
60.1602
60.2624
59.4162
59.6326
61.1108
59.6555
60.0499
58.5284
56.3838
57.6118
57.5268
58.8589
59.6745
59.106
62.0435
61.2383
58.9266
61.4892
59.1834
60.5472
60.7617
60.2823
61.214
59.3669
59.7839
59.1397
59.4401
59.2083
60.0338
61.4581
59.5132
59.5347
60.7457
60.491
62.6875
59.1946
61.6492
64.6389
63.1966
62.9755
63.6541
63.074
61.7708
61.2001
59.3172
59.89
58.6825
58.3861
59.2277
58.1753
58.6834
55.3133
55.738
57.6947
57.045
57.8378
55.4285
56.231
58.7624
57.3902
57.9469
60.0906
58.0317
58.807
58.5035
59.0273
60.2114
59.6787
59.08
57.3854
56.396
55.813
56.3185
54.8225
56.848
57.2991
55.607
57.3436
58.5915
57.2041
58.0246
59.4549
59.5402
58.3257
60.6626
58.7751
58.8207
59.8318
58.5545
57.0236
56.2202
55.6421
57.2391
58.9681
56.5888
56.2492
58.9994
58.979
57.8064
59.4085
59.5439
60.8474
60.6977
59.2646
60.1186
61.1197
60.7719
60.9024
60.497
61.0831
57.9777
59.1836
58.8146
55.4392
57.391
58.2413
58.0992
59.2138
58.1243
58.5512
59.7627
57.8421
59.214
56.9893
57.0886
57.2843
59.6004
57.3432
59.8002
56.0828
56.5628
55.8141
53.6745
54.9383
57.8361
57.5294
57.544
58.7179
59.2111
58.8249
58.0679
61.0355
59.3862
60.2697
63.4966
59.8743
62.5901
63.2434
61.5734
62.2342
61.0427
61.6756
61.0373
60.5565
61.6598
60.6786
58.0787
59.442
59.835
58.722
58.9639
59.7727
58.4716
58.5444
59.5226
61.606
61.1501
61.2106
64.3627
62.8091
62.6249
63.4293
59.7823
62.4612
61.5354
61.2189
62.8273
62.8279
60.8598
59.3684
60.2135
60.7811
61.6792
64.5475
64.1173
62.2608
63.2485
65.0631
64.0619
62.9261
64.504
62.3873
64.3156
62.197
61.1999
59.3103
60.2837
61.6972
60.4739
58.6849
61.2382
61.0014
61.225
60.8093
59.7186
58.7683
60.0476
59.6823
58.8732
58.5887
60.4323
57.875
57.5801
58.7253
57.792
58.3381
58.425
56.9009
57.3046
56.8297
56.2616
57.864
57.5673
59.9175
59.4013
59.3156
58.7786
56.6378
57.161
55.655
55.6981
57.3333
55.6021
56.6238
56.566
56.5774
57.8936
54.2213
54.9693
55.2543
53.576
54.2934
56.319
56.5116
55.0909
55.1939
55.1634
55.0222
53.734
55.3215
55.2458
53.0934
52.1597
51.5707
50.3946
51.0982
49.5946
50.3951
49.4124
48.4215
49.9214
51.2516
49.9343
50.4308
49.7756
49.3766
50.6334
50.5449
49.5724
49.9528
50.4734
51.4612
51.5437
52.6396
50.0022
51.8543
55.5527
49.5463
49.1078
49.2887
51.7551
53.3654
50.3608
50.3194
51.1715
51.2191
51.7814
50.1953
51.9796
50.7631
51.9332
52.4072
52.3789
51.7408
51.7056
50.5147
51.7607
50.0092
49.8667
52.885
51.6378
52.9802
52.8908
51.7065
53.1595
52.1648
50.7533
49.8642
51.6284
51.6501
51.2026
52.8855
51.9032
52.0953
52.1051
53.81
53.7075
52.2591
53.914
51.6295
52.9982
53.6765
51.653
52.2295
53.0727
51.6889
50.8989
51.2568
51.6366
51.5531
51.4916
51.4703
53.3302
50.9129
53.8913
51.5239
52.447
52.9312
51.4226
51.5177
52.2702
50.4084
50.8766
52.6593
50.9907
53.1731
50.6722
50.6607
50.7393
51.7987
51.7204
50.0425
52.4601
51.6505
53.1029
50.8832
52.4078
51.1194
53.1614
53.4611
53.0803
53.9119
54.4538
55.0474
54.5699
55.678
56.7087
56.714
57.3632
59.4586
57.2808
57.4951
57.1208
61.4755
59.8477
60.0931
61.5962
63.5702
63.171
64.9695
66.1503
67.9201
67.9305
67.6252
67.3065
68.0778
67.4398
67.6416
67.6587
68.2668
69.1401
65.583
64.6343
67.5143
68.3591
68.7437
69.491
69.4085
70.1124
70.6594
72.4896
72.5188
73.4545
72.8159
74.9501
71.5122
73.0944
74.1842
74.2891
75.1559
76.6476
74.0317
74.8197
73.0688
73.1589
73.9404
73.4841
74.9885
73.1592
74.1946
72.7157
73.1512
73.7718
73.8614
72.3873
73.9147
73.8057
72.1065
76.3775
75.1864
74.5729
72.9984
71.2851
72.6922
71.794
73.9343
73.0509
72.8732
75.4765
74.0986
74.032
76.2788
76.9432
76.9354
73.8357
74.5443
74.603
71.452
73.7763
74.067
72.3475
72.1111
71.6155
73.6594
73.3003
72.974
71.4825
72.4493
74.3438
73.728
74.7227
74.9045
74.1402
76.3722
73.9776
77.4962
77.5725
78.2901
80.2649
78.4174
75.813
78.9189
77.5094
76.4994
78.7638
76.6034
80.5135
79.4068
78.853
80.7245
81.3446
79.3924
81.6602
77.5118
77.2887
79.0386
78.8648
81.1588
80.2193
81.9175
80.7266
79.2201
80.4702
78.8124
79.4886
76.3328
76.532
78.9059
79.4913
79.1143
79.5329
77.7215
82.4065
81.1834
82.6379
78.7512
81.6218
83.0677
80.2342
82.2258
82.9003
79.1235
77.6266
79.3422
79.8231
80.7113
77.0256
75.5887
79.9083
80.584
79.6013
82.3819
81.7127
79.9171
76.706
79.4523
77.8931
75.7801
80.6911
77.407
80.6329
80.3488
77.6374
75.2463
75.0697
78.0369
77.3428
75.669
75.1926
75.1943
75.5256
75.0068
74.8314
75.2556
76.8115
75.2641
78.5996
78.3256
76.3122
74.5509
76.1309
75.9911
78.5428
79.7637
80.5041
78.5576
76.4433
75.5707
77.8057
75.3924
77.0555
77.6174
76.6694
79.1055
74.3566
75.9486
75.6864
71.8036
69.2612
70.5272
68.3262
71.3215
70.6542
67.4434
69.3559
70.558
69.5906
67.0194
67.5286
65.8953
66.1475
65.0896
62.8074
63.2152
64.4622
65.139
65.0872
64.7475
65.7426
63.8781
63.7509
64.5155
63.4136
63.6175
63.0228
63.0891
62.8119
62.961
61.3842
60.3386
59.6122
62.2561
59.9093
62.4537
62.7644
62.1616
62.282
62.0028
59.7314
59.576
59.4336
58.6668
58.0541
57.6302
58.4312
58.9632
58.9357
57.9767
59.7239
59.9801
59.8771
61.02
58.3742
59.8006
58.8593
58.4156
61.6155
60.8075
59.5206
60.649
59.9807
60.6313
62.1946
61.99
61.9894
59.692
60.3722
58.8092
59.0592
57.628
57.676
59.1423
57.153
55.9673
54.8831
56.5798
55.2099
53.4482
53.0579
55.441
53.4818
53.0157
53.7782
55.8
56.8399
55.7372
56.7656
58.2476
58.4792
58.3624
58.7598
58.0135
57.5158
57.0893
57.8501
55.9978
55.1302
55.2241
55.4407
54.5987
55.702
55.9088
55.6453
56.6077
56.1536
56.3459
56.561
55.5643
55.0637
55.268
54.177
54.2359
56.3239
58.4071
56.6821
58.195
58.7294
59.2015
55.0071
56.4821
55.915
56.7826
57.7562
56.1659
56.574
59.0368
56.6724
58.2568
56.8804
56.5774
56.9374
57.1835
56.614
55.2932
55.5795
53.5782
53.3038
55.6182
55.8588
54.441
55.7865
53.3105
55.3836
55.2223
54.9066
52.6124
54.8344
55.6775
57.0213
56.3606
56.095
55.3573
56.7735
57.0973
55.3745
54.21
54.063
53.0052
53.9773
54.9802
54.5219
52.4553
53.025
51.5948
52.7024
51.3649
52.1155
52.3587
51.759
51.8285
51.7061
51.435
52.2594
52.0326
51.8492
51.7156
52.9124
51.9454
52.019
52.959
54.6412
53.5125
52.3203
52.5109
53.1982
53.6078
53.4604
55.4867
56.4049
55.8292
56.9444
54.406
55.0196
56.9255
55.2845
56.0343
54.7478
54.3062
55.5101
54.7351
58.3456
56.801
55.8446
55.4375
55.6129
53.5754
55.1355
57.5311
55.4563
57.0234
58.1177
58.1141
57.6993
58.5718
57.823
58.2622
57.9178
57.8985
56.2118
55.3897
54.339
54.9024
55.4039
54.6336
56.8246
54.1121
57.0143
56.2073
56.8723
57.9176
59.2234
59.1444
59.7993
61.5731
61.9855
62.1394
62.2155
62.393
60.5258
61.4756
61.1813
63.4319
62.1452
60.4918
64.0495
63.0892
61.7841
62.5655
62.088
62.7568
61.4463
63.446
63.8623
63.6177
63.6521
61.1467
60.1387
59.7008
59.872
59.7348
58.4746
60.9638
59.361
59.8037
57.3699
58.8827
58.2513
58.1575
60.3853
59.9612
59.2575
59.3592
60.3451
60.8494
60.5181
60.3252
59.9469
58.7448
59.7994
58.6159
58.815
60.2194
60.4335
58.2204
57.5523
59.3731
58.1316
56.3365
58.2949
54.3638
57.8385
55.2339
55.7895
55.3265
54.6328
54.7733
56.5999
56.5851
55.8079
55.3156
55.8504
54.3373
56.7308
54.7714
54.8139
55.8849
57.4546
57.0743
58.2966
57.6051
59.4844
58.8867
59.1215
61.0517
60.9632
61.7321
60.1408
59.6023
59.2659
58.5935
58.7371
59.3255
60.434
58.7396
58.3191
57.5109
60.1031
58.2164
58.987
58.7789
58.3061
57.7483
58.5252
56.6792
59.4177
58.7642
57.5953
56.9865
57.0883
56.5742
58.4637
59.7382
56.5777
57.4596
57.4457
58.796
57.6269
57.5995
58.381
57.6308
57.4242
58.2671
58.4891
59.252
60.9434
59.1511
61.243
59.3488
60.1682
60.087
58.4046
60.1394
61.1784
60.4083
60.972
59.9829
62.0499
59.8215
59.8296
61.2007
63.171
61.5155
62.503
62.0437
62.7582
63.8028
65.6209
62.0557
62.2099
62.8738
63.6127
61.9092
63.6595
61.5745
62.5437
62.7331
61.6863
60.4004
61.2044
60.2832
58.9085
59.3181
61.3992
59.9505
58.0455
57.3938
58.619
58.1415
57.1552
58.4179
59.5194
57.2413
59.7705
59.0779
59.6765
59.7139
59.3035
59.8734
59.1323
59.1626
58.5612
58.9971
58.0842
58.8703
57.9335
60.0382
60.8582
59.1668
59.1087
61.621
60.3792
61.0378
59.7564
59.7965
60.6712
58.9364
58.9561
58.7103
57.9942
59.4981
60.3446
57.7454
61.1935
59.2993
58.6486
60.3655
61.4224
60.7236
61.7036
62.979
64.2267
62.5182
65.8271
63.3278
63.0905
65.6479
67.4759
65.8464
62.9279
65.2819
66.0962
66.2993
68.2079
65.385
64.5132
64.6083
65.7173
62.4045
64.4953
63.5832
65.6662
67.8987
65.4768
66.0587
65.3903
67.4603
66.9749
65.8152
65.0448
67.5493
67.9679
67.0726
66.4793
66.1657
66.1651
68.6751
67.1174
67.4391
65.2575
65.213
65.9036
66.133
65.0935
64.6152
64.2448
62.8503
62.6285
62.7807
62.0539
63.8291
64.3611
63.0069
62.6892
64.0498
65.1684
61.2556
62.2132
62.263
61.6046
63.1211
61.9145
63.8051
63.6246
65.2949
64.2004
63.0281
64.8338
63.9796
63.3213
65.1514
62.5539
61.8434
59.3205
59.236
60.7955
60.4553
59.3893
58.509
58.8947
58.7226
61.4144
59.6235
61.4025
61.0585
61.667
61.8271
62.1454
62.9161
62.4579
60.8873
60.9435
58.7334
58.9626
60.0081
58.172
60.1952
60.3419
58.1439
58.5601
57.871
59.815
61.2522
59.3367
58.2748
59.8702
59.0347
60.1053
60.2325
61.0574
60.2789
58.4461
58.1628
57.6592
57.7712
61.1251
58.3342
55.6902
56.5831
59.0965
58.6298
58.6109
59.0777
58.3861
57.6604
58.2956
59.334
61.4211
61.1546
62.5885
62.6449
63.5592
63.4689
61.2468
62.2432
62.5945
63.8909
63.3766
63.6751
63.9705
63.318
65.6769
64.009
62.3292
61.9444
62.7905
61.333
63.1046
63.5837
63.8723
63.284
63.3553
63.7941
61.0558
61.4049
58.8401
58.5944
57.9564
58.5978
57.6209
57.0525
55.3834
54.9686
57.3452
55.8932
56.6434
59.6997
58.4082
59.6411
58.6799
61.7964
61.221
59.4895
59.57
57.2008
57.0567
55.7313
56.2311
57.8004
55.4408
57.4161
56.2754
56.4005
57.0865
58.2954
57.9701
56.7853
56.7437
59.8239
57.7696
57.1308
58.142
56.0596
55.7635
56.0469
55.7955
55.2876
54.3024
57.7648
57.2769
58.3798
58.1072
56.5578
54.9542
55.1304
56.3352
55.0089
56.6248
56.6385
55.6343
55.9358
55.9056
57.4689
56.5458
57.9275
55.8396
55.7464
57.2691
56.4093
55.04
56.0645
55.9288
56.2696
54.6984
54.8148
54.1319
56.1415
55.6048
54.4982
55.9891
58.0803
58.197
56.636
57.6069
56.5065
54.4602
55.0985
54.2416
54.0718
54.6993
54.8502
55.8007
55.3128
54.4133
54.7134
55.1054
53.3315
53.9895
54.2598
56.7796
56.1965
57.0022
54.9934
56.8868
58.6512
57.529
58.1385
56.907
56.4928
56.5084
57.9562
56.2432
56.5932
56.6313
56.9551
56.7397
57.8802
60.331
58.6213
59.9298
58.4968
59.9125
62.5662
58.276
61.411
61.3677
61.8126
61.4469
59.6901
60.4128
61.254
61.197
61.1903
62.0304
63.5181
61.0106
60.5944
59.2072
59.1948
58.6812
59.3136
57.4307
58.6904
58.5007
57.9254
59.8763
57.5336
61.0593
60.4662
60.2801
59.2694
58.5412
57.3518
59.4916
56.4751
56.3205
57.9586
56.1543
58.7479
57.8856
58.9031
57.5053
57.4302
57.4893
57.4351
57.1197
58.5984
58.9388
59.4061
57.7373
57.6108
57.8107
56.566
58.7192
56.7618
59.1903
55.905
59.8269
57.6875
57.6303
54.9052
54.6996
55.1077
55.8557
56.685
55.9673
56.4324
57.6839
55.9814
54.7369
56.6339
58.0989
57.0494
55.1367
55.9973
55.9348
57.337
56.6129
56.1584
55.6299
54.7524
53.2716
54.4931
53.8339
55.8514
54.6276
54.7396
56.3201
54.1527
57.1734
56.391
56.651
55.9423
57.4428
54.1755
56.2982
55.7737
55.1421
53.36
52.9995
54.2288
56.359
55.1011
54.9942
56.745
56.9281
59.2847
57.3922
57.5858
61.122
57.9789
61.443
63.8289
63.2867
58.8316
61.3551
59.6685
59.4085
56.8573
59.5032
58.4682
59.5856
61.3209
60.6316
61.5106
61.6657
61.0085
63.7462
62.3627
61.3826
63.6241
64.2922
62.4381
64.9849
64.4613
61.1333
59.5317
61.6959
62.5327
60.2732
62.6648
60.4186
62.3755
59.6048
60.2914
58.8498
59.4651
58.4501
59.9579
59.4093
58.2279
61.9423
60.1039
60.0763
60.4598
61.3006
58.1142
61.688
59.6795
62.1371
62.0684
62.3822
60.2989
62.1717
60.2584
61.2453
62.2217
60.9072
59.1524
62.2042
61.8618
61.7353
59.5688
62.4465
63.2345
64.4549
64.5171
63.7454
63.9235
65.4289
65.5775
66.3272
63.2835
63.4054
64.2214
61.3245
61.6188
61.3803
62.3498
59.2629
59.9934
61.1614
61.2654
62.2954
62.2255
64.0033
65.0729
61.6503
61.6583
62.6978
63.3094
62.8882
63.4184
60.861
61.303
62.698
62.5674
60.2572
61.5726
62.3372
60.8821
61.8527
63.2241
60.5864
61.2006
61.4432
60.7353
62.2704
62.0062
60.8257
61.4817
61.3747
60.7066
61.9974
62.2043
57.5711
60.5052
58.9943
57.6842
58.7981
55.8372
54.6519
54.7651
56.2617
57.0849
53.2548
52.3497
56.1878
56.8877
57.3696
56.2485
54.4819
57.4461
57.619
56.1533
56.9517
56.4467
55.9048
55.441
56.2495
54.4436
54.2465
53.441
55.3296
53.9687
55.4151
54.6665
55.3045
55.111
55.3422
53.5002
55.2281
56.0271
55.0796
54.7293
54.0141
56.1133
56.7233
55.3991
54.8676
54.1538
54.2349
55.5358
54.5863
55.5368
54.6772
55.5798
53.8264
55.075
56.6096
56.0148
55.4568
55.1457
53.7921
57.9853
53.6954
53.3015
54.0003
53.6952
53.4511
52.6189
53.1476
53.1787
52.8096
51.8562
53.7385
51.9638
51.3361
51.6257
47.3711
52.3684
52.3483
51.9335
51.2643
52.5848
55.0253
52.9368
52.8514
50.6003
51.7395
49.5307
50.0405
52.7425
51.8993
53.6239
52.8934
53.2629
53.0569
56.1035
53.8143
54.7347
57.2731
56.3184
59.7797
56.2063
56.8469
57.6329
58.7933
57.2948
58.0411
57.1206
57.3064
58.3596
59.5172
57.7858
58.3331
59.3947
57.6655
59.0578
57.828
56.9635
57.6933
56.6532
57.128
57.3775
59.0848
59.4873
56.3654
57.5823
55.7243
55.4201
56.7065
54.4166
55.4009
57.5377
53.8076
53.3792
53.7382
54.4528
54.6029
52.963
54.2969
52.8652
56.9807
57.3864
54.7204
55.3906
54.722
55.2918
55.2554
54.4318
57.0432
55.8226
56.764
57.3486
56.0649
57.3698
56.1626
57.5419
56.5976
56.0704
56.2046
54.5061
54.5745
55.46
52.7164
52.4038
52.1171
54.0536
55.2546
53.4535
53.9704
53.2287
53.401
54.16
51.805
51.4261
53.6545
52.808
53.6828
51.3709
51.9032
50.4949
49.6062
54.5889
51.1064
51.0242
52.0357
52.1123
54.2737
54.7628
54.754
55.5262
55.0829
53.1085
55.5235
53.154
53.108
54.9532
54.5471
54.7179
53.6899
55.3156
53.7411
54.9101
54.906
54.8658
54.4373
53.1749
54.269
54.3652
51.8417
53.8796
55.8931
55.1448
54.7543
53.5424
55.117
56.9492
56.7669
57.8693
57.6475
58.2274
58.5739
58.4568
58.2851
55.7951
58.3487
58.0841
56.1152
58.0591
56.2126
54.934
55.7824
57.1224
56.4357
57.0026
58.5255
58.4053
57.1382
57.2785
58.1784
59.2867
58.2875
55.6186
54.7654
54.2579
54.2539
56.5542
52.8124
52.2629
53.0986
53.4308
51.108
51.088
51.8122
54.1054
55.6455
55.5596
55.3974
57.193
56.1795
56.9651
54.8147
53.1566
55.3193
56.2986
55.9299
54.518
53.1336
56.8773
55.0994
53.1625
55.2236
54.9613
54.4019
53.3712
54.6073
54.8228
54.7448
54.3097
54.027
55.6265
56.9861
54.1715
55.0924
55.1552
56.7393
54.8202
56.6936
56.4797
56.1055
58.0422
56.9531
55.1469
53.6966
55.0297
57.3979
57.1482
56.9795
57.7444
55.7905
57.1142
59.3434
55.9632
57.6557
57.326
57.2574
54.7669
55.083
55.6131
53.9658
54.3648
54.5372
54.457
55.1762
54.6575
54.35
54.0259
55.582
54.7527
55.3328
55.3113
55.641
55.7231
56.3085
55.3975
57.9058
58.2687
56.9346
56.3793
55.6195
56.3798
55.5327
55.7559
54.7999
57.267
57.2827
56.1658
54.6354
56.4872
58.1735
59.1927
60.0809
60.9704
58.9606
57.897
58.7224
57.9913
58.6296
56.6456
59.2432
57.0301
59.436
55.9675
55.6567
55.5684
54.8916
55.8134
58.2944
53.5054
55.6207
54.059
56.8899
56.187
56.949
56.4338
58.0661
58.1556
58.3189
57.6903
58.2166
57.6184
58.0867
57.5195
57.4374
57.1128
56.5064
57.4049
56.0022
57.6061
56.5629
57.3086
59.6066
59.5112
62.9917
60.3283
58.6373
60.8108
61.2649
60.7314
59.8105
61.8142
60.7898
60.5564
60.2063
62.5667
62.7138
63.1945
61.4179
61.0979
62.9756
62.8007
62.9264
63.6051
62.5537
63.0426
62.6611
65.2596
65.8702
66.3911
65.2573
66.5521
63.7602
62.1698
61.862
61.9288
61.3011
60.5371
59.5675
61.8788
60.0478
57.3165
59.4949
57.5278
58.5073
59.1621
58.1051
58.058
59.4207
59.3432
59.0823
57.0359
56.7445
56.6036
56.5762
57.0964
56.8499
55.4513
55.8846
55.316
54.6536
54.8478
56.0486
56.3115
54.9594
54.7484
56.0538
52.9901
54.134
54.9251
55.2044
55.4143
57.5437
54.2751
54.6994
55.3014
55.8717
56.0158
55.8362
54.587
54.9519
54.3699
55.3536
55.8799
55.3697
55.2882
55.5856
56.0929
56.8645
56.3503
58.1006
60.9292
60.5199
60.2796
61.6428
60.5517
60.4117
59.7825
60.6574
61.7567
62.9841
61.2955
61.9803
62.2502
60.1889
61.1724
60.9597
61.5621
61.8107
61.8686
61.7228
64.8306
65.4852
65.9897
65.7625
65.2538
65.7561
65.1065
65.5794
65.4724
66.7498
66.6086
66.4686
65.9787
65.5256
64.3098
64.221
64.3803
64.7545
66.2317
66.1754
66.3829
67.7271
65.7318
65.4032
64.5054
65.5359
66.1512
66.6324
67.3406
66.3938
66.6664
67.4749
67.6502
65.6545
66.8868
67.6832
65.8876
66.4267
66.8765
64.7571
63.6807
64.7724
64.2369
64.3055
63.1362
64.472
61.6828
63.5755
63.3034
63.1437
64.2808
67.279
64.7484
65.6718
66.8826
65.7206
63.025
63.2715
61.1885
62.6361
62.1529
57.1132
59.5862
60.0232
59.7017
59.2133
59.1885
58.462
57.1537
57.6592
55.8827
58.1166
58.597
57.3719
55.3663
55.7229
55.4146
54.7519
55.4002
52.1551
51.5384
50.8464
49.7236
50.1105
50.1065
50.3759
50.6941
50.628
49.1972
49.9805
50.944
49.3213
49.9443
49.0484
49.0801
49.5224
46.3803
50.263
50.0971
50.5446
48.531
49.6222
47.7188
47.792
48.9428
47.839
49.6519
50.3445
49.7944
50.7538
48.7695
49.1251
50.7209
50.2614
51.3826
49.2568
50.2802
49.986
51.0427
51.5046
51.7254
52.7416
56.597
54.2613
53.7506
52.6821
53.5133
53.3704
56.9459
55.1287
53.6032
54.7543
56.2051
55.348
55.6603
55.8445
57.4077
56.71
57.1141
56.9679
58.4229
57.0178
57.8833
58.0517
54.3958
55.2413
57.1657
58.301
58.0561
58.7512
59.1819
56.8653
59.6761
55.7958
55.5191
54.989
55.8826
56.7978
56.4031
55.2925
58.7777
58.7606
58.635
57.0886
57.8835
57.6301
57.1467
58.5709
55.7344
60.3238
59.5331
59.9115
57.0864
58.6617
57.9226
56.2571
56.867
58.294
56.4368
55.4281
54.3751
53.4864
53.5473
53.8697
53.386
54.0193
55.8195
54.6576
56.6835
56.1236
56.6171
57.7641
57.6766
56.995
58.1208
56.9817
57.2848
56.2442
55.3287
57.4177
56.6871
57.1296
56.8565
55.9355
55.47
55.5966
55.252
55.7143
57.3442
57.6009
57.4817
56.972
56.6153
55.6247
58.0331
56.4298
56.1365
56.6938
56.7946
56.3613
55.4142
56.9729
54.7559
56.0661
55.0434
56.1921
57.1767
55.9938
57.3189
56.4374
56.3554
57.1988
58.3144
56.84
56.9945
58.0003
56.81
57.1932
57.2165
55.6718
54.5212
54.1506
55.3074
55.4686
55.7566
56.9425
55.7465
56.2106
57.126
56.3981
56.608
55.2295
56.4156
55.3288
59.3295
56.6422
55.7614
56.2093
58.2884
57.9114
57.1189
57.1738
59.0462
56.7612
55.8292
56.348
57.0745
56.6712
55.7185
57.1734
56.0499
58.3006
57.4799
57.5127
57.7332
58.312
54.9077
56.8975
57.3567
56.6639
56.6904
56.5702
55.5867
55.7868
56.8718
56.0057
57.285
56.9641
57.5192
57.0355
58.1593
55.9464
57.3102
57.9206
58.8002
58.2488
57.8155
58.0916
57.2398
57.5164
56.4466
56.2838
57.2189
56.7674
55.7873
55.0477
54.347
53.6729
53.8503
54.1037
53.7536
54.4563
55.2493
54.5157
54.6064
55.9487
55.4275
57.3128
56.2438
56.6716
55.3899
55.9076
55.5828
55.461
55.4552
53.9315
54.7621
54.9629
54.9073
55.2195
56.1292
56.8048
57.349
56.3698
56.3231
58.262
55.5761
57.3598
54.9957
55.8439
55.5927
54.2304
53.0846
54.9885
54.6203
53.2162
53.7424
54.0478
53.6859
53.9001
54.9256
55.0799
55.6092
56.8912
56.3842
58.7643
58.2648
56.3056
55.6415
54.6127
54.7039
54.3744
54.9617
54.044
53.4718
53.3567
54.4004
53.2138
55.0575
54.6865
54.6864
54.7892
55.0132
54.6779
53.3547
55.6651
54.3117
55.7284
55.7492
56.2987
54.2336
53.6819
54.3664
52.7782
54.7721
53.0142
53.4526
52.0221
54.1154
54.492
54.7573
54.2215
55.3174
55.2332
56.6498
55.7232
57.4107
57.5671
57.1439
56.4565
57.1452
55.3943
54.2458
53.6517
54.3087
51.82
52.8984
52.7394
51.8103
53.2001
53.3374
51.8824
52.2771
53.4394
53.8895
55.3984
56.3229
56.0047
54.1177
55.6827
57.2499
56.0241
55.4684
55.8064
54.7685
53.7992
55.4855
53.3076
54.6586
53.3001
54.4352
56.2108
54.1567
54.5976
53.4073
53.7639
54.6958
56.1459
56.0569
55.9964
55.9862
55.5975
56.0895
55.842
55.5186
54.7592
54.9097
54.7648
55.8742
54.8863
55.6752
55.3762
56.6452
56.9882
57.3181
58.1457
58.1138
56.8218
56.0215
58.0326
57.5252
56.346
56.3383
56.3861
57.2027
55.1986
57.3811
55.2946
56.4099
56.4893
55.7321
57.187
56.1389
57.0814
56.6153
56.5477
57.4362
56.5236
57.3881
57.4281
55.3471
56.1753
54.1786
54.9807
54.6211
54.936
55.143
56.1058
54.52
57.226
56.0251
57.4146
56.2054
57.7537
57.0749
58.2611
57.2604
59.1714
58.17
56.2282
58.0246
58.0155
57.9916
58.5434
57.8311
55.9331
57.5079
56.7746
58.2084
56.655
56.6435
57.2481
56.1399
55.6286
55.1634
57.0285
57.0739
57.4333
57.4341
56.9873
56.8653
57.5055
58.3278
58.1872
58.1936
57.4316
56.2094
56.5649
56.8445
56.4372
54.3674
54.79
54.3499
55.8293
57.9253
55.0635
56.7359
55.9653
56.9492
56.5516
56.845
56.4372
56.8852
56.6935
57.0671
57.0037
57.2166
56.8431
57.429
57.9886
55.3533
57.0187
56.1296
59.2026
57.447
55.1563
57.675
57.1257
55.913
56.6603
56.032
55.5264
54.8187
57.2485
57.787
57.2841
56.6143
56.663
55.6089
55.5484
52.652
55.1009
53.4304
53.7894
55.7096
53.7811
53.2842
54.4621
53.3511
54.3896
52.1878
53.2916
54.5739
52.6736
55.7377
53.3759
53.014
51.6707
53.7067
50.6818
50.2894
50.5957
49.111
48.5453
49.6469
49.2638
48.6647
48.7305
49.3108
49.695
48.6534
48.9808
51.9329
49.4488
49.2686
50.0721
48.8872
47.975
46.6437
46.6552
46.734
43.921
45.612
45.4891
42.9488
42.7426
43.1161
42.4315
44.0678
43.4103
42.3534
44.9531
42.5312
41.7346
40.7797
41.7889
42.8969
42.2183
42.8988
43.9033
43.2575
45.5869
47.731
49.6518
50.3814
50.7658
52.6107
53.4253
53.7119
52.0918
53.3885
54.0699
52.9084
52.9264
54.8672
55.0129
54.5397
54.9561
55.5202
57.8423
57.0317
59.4361
58.545
62.3416
58.4418
59.6995
59.8281
61.0516
61.5684
60.2579
62.2727
63.1902
60.7546
61.0435
58.4762
62.9486
61.5234
62.3208
61.1244
63.9103
63.6142
64.5103
63.1964
64.4735
63.0515
65.6616
63.3312
64.8682
65.6648
64.724
66.6145
64.5881
63.9125
63.6992
63.6308
63.352
63.3765
65.1806
65.2443
64.9663
64.8957
64.4262
68.5334
66.7156
65.865
68.4424
71.6005
69.5236
67.7159
67.4799
63.9849
66.3616
64.6525
67.4186
64.5353
61.9347
62.9505
57.204
57.2023
59.6818
57.9578
57.8144
58.0552
59.4525
59.5273
59.4403
57.7246
61.2144
58.0883
58.1453
57.0801
58.1615
54.1342
52.8221
52.404
51.8355
56.0979
52.1375
51.9753
53.4674
50.6448
53.2327
56.1932
56.2483
55.624
56.2993
56.7003
59.6449
57.387
56.8037
54.8372
57.6805
56.1218
54.3194
55.0332
54.5639
55.4668
56.2785
56.1692
55.548
58.5858
57.04
58.8191
59.7067
57.1496
59.5285
59.1406
59.5849
59.0254
60.7173
60.6808
59.2619
60.4851
60.4543
59.7969
60.9943
59.6385
60.0057
60.8428
59.3785
60.5826
60.1089
59.5472
57.9303
57.9777
61.3021
57.241
59.4441
58.8297
59.9839
56.3578
53.3304
53.7889
49.7294
51.8236
48.9065
44.8897
47.7642
48.2803
44.4725
46.1488
46.5971
48.5221
45.436
44.3736
46.4224
45.5784
46.3554
45.4598
45.3784
45.5664
46.6831
47.3089
47.7143
48.9986
48.7668
47.1368
47.8549
48.5007
47.2266
48.0687
50.3914
48.7779
51.6246
51.7428
52.2404
53.3279
51.0642
52.2281
50.3261
52.3245
51.2591
51.8515
50.1294
51.3198
52.3707
52.9828
52.3564
54.0473
52.9159
55.382
54.4611
54.9902
52.6494
55.8545
56.166
56.2448
57.3757
58.0249
56.0364
55.2418
53.526
53.5253
54.3485
53.721
54.228
56.1118
56.8158
54.9508
54.6319
55.4358
54.5151
55.7707
53.0515
56.3399
56.7131
54.2185
54.3445
53.6388
54.853
54.7698
58.273
57.7578
57.5133
55.8164
57.3523
59.405
59.7132
61.2871
58.4915
57.1065
57.0985
60.6343
57.3358
58.6542
58.9611
56.5232
55.3229
56.6267
58.4315
58.5431
59.9552
61.2644
60.7201
65.3676
63.306
64.0097
65.4511
61.9908
65.632
64.7057
62.9764
66.0664
61.8612
62.9613
63.8108
64.4392
65.2002
61.6113
64.1872
64.0459
64.5541
64.7413
62.168
65.2711
62.0696
66.4689
65.6536
64.2715
62.1112
62.5198
60.1185
60.1724
55.8143
59.6919
60.0571
61.0683
61.1227
59.9022
63.3355
63.4694
64.4177
61.2024
61.2698
64.0629
64.2192
62.8325
63.7436
62.2955
67.7843
65.9989
61.8141
61.3814
62.2082
63.3603
62.3584
61.2635
61.2553
61.3985
64.2587
63.4246
61.5629
60.6066
60.085
61.1401
59.9392
63.1609
59.4718
61.2478
62.4355
63.2265
64.5312
63.0808
58.9559
59.401
57.919
54.409
56.1961
54.6491
57.7436
57.9738
56.8052
57.0003
58.3635
55.2772
58.0535
58.5416
56.2114
58.2496
58.1515
58.4075
59.2706
57.5078
58.0749
59.9309
58.1493
59.2419
57.4117
59.5831
59.7847
58.6527
58.6258
60.1978
59.4921
61.0883
60.9285
60.3183
61.6149
63.7135
61.5628
63.8908
64.2208
65.223
67.2477
66.3333
65.2456
58.9579
60.3725
58.0911
60.8578
58.7482
58.8028
59.7566
60.2203
59.1516
59.2898
58.7024
59.4813
60.0716
57.9541
60.4115
60.1261
56.8925
57.2816
58.7111
55.8407
54.9153
58.8184
58.5842
58.6602
56.9455
58.2692
59.6465
59.1642
58.7025
59.7542
61.4268
62.2784
60.6473
63.3301
62.5047
63.338
61.8788
60.9356
64.7845
62.9278
65.8824
66.5058
66.0574
65.473
64.5471
64.0979
61.4973
67.0735
63.2561
64.9312
64.585
69.108
67.0724
65.927
67.0219
63.1854
66.4215
62.7431
63.3361
61.9656
59.4096
62.6625
63.1112
65.7325
65.9161
65.5769
64.4133
62.8275
59.7702
60.3539
58.7894
60.9238
59.9913
61.019
58.4367
58.9376
58.6378
59.5156
58.3698
59.0376
58.1867
62.579
57.1408
56.2089
58.2586
58.7059
56.5539
56.6125
57.7865
54.6905
53.7611
51.7677
52.1562
51.3347
53.2334
52.1901
53.0215
56.7699
54.7855
57.0523
56.1864
53.279
56.5965
58.3011
62.8899
60.2504
61.2217
64.2762
62.4963
63.7048
63.161
62.7395
63.2443
62.6258
60.8281
60.6236
62.0354
62.7195
62.8946
63.9177
63.0876
66.7381
70.0404
66.8009
69.3316
64.459
66.7369
66.5994
68.5749
65.9713
64.1546
62.264
61.5438
61.819
63.2282
62.1498
59.0322
60.4321
60.3384
61.8519
55.8032
57.6854
57.4612
57.7871
59.1668
58.377
59.1141
56.7293
55.4124
55.5583
57.0822
58.6817
58.6745
59.5059
56.208
56.1332
56.0774
56.199
56.3475
57.9444
59.372
59.2445
59.2949
60.1924
63.7574
63.6556
67.8881
67.0071
70.1338
70.858
71.0153
70.9665
72.0394
71.3932
66.9867
70.6356
66.4317
66.4839
67.8382
61.573
63.666
64.0817
67.2247
62.427
63.6449
64.1432
64.1899
61.7269
62.177
60.4968
60.0534
60.6139
60.7561
62.5527
61.3296
60.7813
60.6632
59.6656
60.4014
59.4903
59.0288
58.2298
56.0054
59.1763
57.4
56.9116
56.3976
57.6794
57.2401
57.9179
57.605
59.4502
61.3281
62.5971
61.3734
60.2051
59.3889
58.6029
59.6132
58.4429
60.8574
63.621
64.5893
63.2158
61.9553
60.6448
60.0134
56.9913
57.9418
56.0597
55.4948
54.5247
57.4136
56.6411
52.1231
56.0294
55.0415
57.1784
54.7478
53.1921
55.2548
53.9802
54.1336
56.3867
53.4904
56.9444
56.5175
56.9836
56.6016
55.1963
53.8014
56.2096
54.3832
56.9852
57.4169
58.3933
58.06
58.5109
58.3756
57.3204
57.2825
57.8421
58.485
59.0757
59.2576
60.7048
59.6949
58.5849
58.3627
57.5189
56.2977
56.066
54.998
55.9758
55.7168
54.8825
55.7519
54.5291
54.8814
54.4355
55.4722
55.75
55.6952
57.652
58.8922
58.3563
60.2888
62.0174
61.1305
62.388
61.7485
61.9158
60.161
58.4596
60.5072
59.5595
62.4188
58.2042
58.0672
59.5668
54.6792
56.6653
58.1839
56.4836
59.2583
58.8806
59.2779
60.8521
60.4255
62.2626
55.5772
55.1664
54.7151
53.9596
53.2112
52.5103
54.4292
55.8726
55.2253
53.4347
53.9655
54.5277
53.9515
55.3273
53.3971
56.3604
54.7589
55.5071
56.2767
55.2131
55.4254
55.1432
55.9598
56.8836
58.7317
56.0621
59.6063
54.5903
53.7852
54.5247
53.8672
53.1599
53.1196
52.6238
52.8301
53.0978
51.3594
50.0699
51.9119
52.1506
53.0727
55.0688
54.7392
52.4933
52.9022
54.2361
57.3786
56.4401
56.7787
54.1076
53.3546
56.67
55.9121
57.8396
56.0788
57.5801
56.8604
57.9194
59.9469
59.9792
60.7864
61.813
63.2361
66.2754
60.3781
62.6532
61.8377
61.3689
62.2001
61.3026
59.6082
58.8334
59.4043
63.4766
63.9498
60.0523
61.5999
63.265
61.0903
62.0652
60.7887
63.4901
65.3047
61.9601
65.6576
69.0123
69.5228
68.361
70.1115
68.6678
71.0322
68.5474
68.9409
66.9412
65.2396
64.2676
68.5995
67.311
72.7434
75.885
76.2121
77.3624
78.9812
80.4591
79.0997
77.2373
79.9987
80.3324
79.9962
75.9693
75.9628
73.7464
74.174
72.5102
72.8252
72.4897
71.8521
74.9941
74.6189
72.9253
72.2645
70.8531
71.5923
71.373
69.6653
72.221
69.0602
69.9531
71.4997
68.7697
71.0051
70.113
69.7174
68.1306
68.405
68.0817
67.5244
66.4618
66.1294
65.0583
65.446
64.9894
65.1678
65.2712
64.7628
63.4915
63.1286
64.306
64.7764
63.4985
63.6959
63.5941
62.9483
63.6437
62.8472
60.369
61.4553
59.5714
60.8975
62.9262
61.9719
61.8534
62.479
63.5865
65.0326
62.314
64.4245
64.3356
64.3896
64.4322
63.9087
66.3824
66.3144
64.6954
66.3773
67.4053
67.3016
67.2371
67.5322
65.8443
65.9894
65.1932
65.2032
63.1521
64.6787
64.581
63.5676
67.0686
65.3363
64.7843
63.8796
63.3933
63.9257
62.6864
62.5842
60.6578
60.045
62.611
62.774
64.408
64.3035
62.332
63.9218
62.9829
64.4838
62.754
62.8993
61.4702
61.9434
62.4664
60.1483
58.552
60.2594
60.0618
61.0128
59.4119
60.6055
61.2588
60.3238
60.7807
61.2626
60.8452
60.0601
63.8603
62.8251
63.4746
61.7775
65.3327
64.106
62.6624
64.3164
63.611
63.2659
62.7763
63.39
63.3513
62.3924
62.554
61.4635
61.1515
62.3047
60.8192
61.1659
62.9128
60.1837
60.0956
61.0303
61.2336
60.9645
60.0879
61.1853
60.9702
62.1046
62.3364
61.1093
59.1648
63.6129
61.7231
61.496
61.2832
61.8494
62.8305
60.2128
62.5217
62.0201
61.7011
61.15
62.7486
61.9466
62.6956
60.4268
61.115
64.5704
62.0305
60.0313
60.0192
62.2003
60.1557
61.296
65.8255
64.1648
61.3355
61.3357
62.8198
63.5404
61.6708
63.4053
64.1343
64.1921
65.4982
66.0665
64.1633
63.4729
63.6301
61.891
61.3087
61.3143
61.327
61.2432
63.676
61.248
61.4133
63.5909
62.0131
63.5059
61.3233
63.2038
61.6471
61.8155
64.0572
63.0852
61.0717
61.6307
61.7707
63.6753
60.5461
58.9242
59.3483
60.8302
59.4651
62.5166
60.9871
60.745
58.2448
61.2104
59.035
60.4616
61.4068
61.0197
62.1138
61.5717
60.7479
63.7622
64.0262
61.3282
61.3826
61.7197
61.764
61.5982
60.7322
61.9291
61.5145
57.9355
57.9733
59.5974
59.5347
59.6746
59.2201
61.0242
60.1611
58.6823
58.7144
62.1717
61.1441
59.4655
60.1471
57.2278
57.4502
58.0325
57.6943
57.9456
59.6836
58.1367
60.4865
59.2278
58.3009
58.4497
57.398
57.7325
59.5086
59.4844
59.8148
59.407
59.4754
57.4078
58.6769
56.2875
57.1067
55.9149
55.8706
55.3059
54.9178
54.8104
56.0283
58.0271
57.7659
55.276
56.9929
58.1879
57.6972
58.5594
58.9824
57.8009
58.2248
58.1242
61.6061
61.3845
61.0258
60.7681
58.6444
58.2591
57.4807
58.1134
57.1306
58.3463
55.6487
56.8393
53.6181
54.5302
56.4128
56.2835
58.4642
58.0339
56.9969
57.7901
58.4018
57.9172
56.0368
57.62
56.9149
56.3865
56.0313
54.745
54.3704
55.2445
53.2333
56.4789
56.4171
55.7156
57.6994
56.4137
56.658
58.8659
59.539
59.068
59.7812
58.5958
60.9491
60.8595
58.6531
58.5998
58.6068
58.2093
60.0392
60.7598
57.8149
56.8621
58.5696
58.1507
59.0222
57.0251
59.0812
56.6092
58.939
59.0131
58.7822
58.03
58.2789
59.5539
55.3162
59.3645
59.0801
58.0388
57.4167
57.4387
55.3503
57.856
54.4436
55.8248
56.584
58.2343
57.4047
55.4212
57.7863
58.8229
60.0462
60.6347
60.9715
59.9614
59.7601
59.9198
57.9552
57.804
58.888
58.3684
58.2989
59.7494
60.4928
59.8298
59.1367
59.9866
64.1489
64.4484
63.1056
64.064
65.0501
67.1604
67.3146
68.4332
65.88
66.5642
67.1094
67.6205
68.3014
67.912
68.299
66.9968
67.2234
67.8691
69.0561
67.3971
69.352
70.3865
70.6925
70.4791
72.5043
74.2444
75.7687
74.3675
76.4731
78.8463
77.41
79.1767
80.6804
80.7752
80.4461
83.7753
82.0052
81.9259
80.8881
80.0767
80.4283
77.2989
77.7502
78.966
82.2586
82.5623
83.2592
83.3491
81.629
80.5083
80.5585
78.1855
82.4877
79.3765
78.9512
80.7593
83.2597
81.6366
81.4431
80.8891
79.8618
80.8974
79.6233
79.3336
78.2928
82.6529
80.2631
81.8877
80.7398
82.4369
83.1314
83.6423
83.8539
85.1321
83.5144
81.7153
81.1687
79.4709
83.6844
81.452
81.8271
80.7638
79.6022
80.8607
82.0314
81.038
79.7479
79.9251
81.4378
79.111
77.4957
77.6678
73.7537
74.4609
71.8565
70.4266
70.42
72.0647
72.2731
71.2958
71.4335
71.8642
73.5172
71.0289
73.106
74.2097
73.4837
74.6327
74.8388
74.6441
77.4021
77.7439
74.0558
74.2799
75.6833
74.738
75.0213
73.8449
75.1012
73.2739
76.7855
76.8486
76.3725
75.2472
75.1926
74.5138
73.073
74.4012
75.0895
75.73
74.2015
73.5973
72.6966
71.9084
70.194
70.8179
71.7848
72.7601
72.2757
72.1333
71.0131
68.1194
68.1293
69.8105
67.0986
69.0625
65.9838
66.7251
68.4597
67.0677
66.5764
66.4484
66.0968
65.1417
66.4228
64.9008
67.8075
65.5505
63.7418
64.6812
66.7143
68.1034
68.9444
66.1383
66.0801
66.2464
67.4963
66.3734
65.5439
66.0291
66.396
66.0174
65.2204
65.8192
64.8193
64.6088
66.1039
65.2286
65.6001
67.614
65.1526
64.7703
65.0554
64.3737
62.8103
62.1416
63.4915
63.5163
63.706
63.4197
61.0211
64.1887
63.9969
62.4209
63.9645
64.5411
65.95
66.0939
67.5
66.3625
62.9308
64.6506
63.1006
64.6403
62.4822
62.1384
61.0298
63.0914
65.1336
65.1622
66.1267
63.3855
66.2532
65.5735
66.3017
66.2177
66.0325
67.5771
68.5145
67.9917
68.2793
69.3063
68.9683
68.0096
68.2384
67.6081
68.7949
67.2161
68.7964
70.0715
67.7833
68.7092
68.0468
69.1025
71.3183
70.501
67.3174
68.8599
66.1063
63.8952
65.1939
68.3243
68.7258
67.8537
68.4225
69.2599
68.6863
68.6209
68.1305
67.8576
70.7609
69.251
69.3251
69.856
68.115
69.9101
67.9964
67.5379
66.0852
67.1032
68.2797
68.4307
66.6394
67.1583
67.8437
64.1709
65.8842
67.4187
69.1368
67.429
66.3497
66.7166
64.6688
66.4605
65.1963
64.9854
65.1605
66.4608
66.2503
64.2631
64.139
64.0652
63.9268
65.8289
62.7151
63.6309
62.4721
63.9709
65.1393
62.4534
61.582
64.2524
66.1636
66.0715
66.3414
65.0332
64.9438
63.7234
62.04
60.0163
61.8092
61.7646
61.37
59.7197
61.0289
59.9224
62.3405
61.658
60.7902
61.0444
61.1925
61.9863
60.2904
61.0638
62.7313
63.54
65.5595
64.8245
65.0689
66.0035
66.2094
67.1758
62.9384
63.7063
64.8192
65.836
62.5606
63.9858
61.3389
63.6972
65.2587
63.1829
65.3099
65.9786
64.399
63.3125
64.0415
65.2776
65.4304
64.8788
64.8724
69.3426
66.9787
66.5411
66.7372
67.0669
68.2619
68.1952
66.3881
67.2951
66.1361
64.5108
66.4566
65.2221
64.0728
63.2622
65.2204
65.2224
64.2617
65.4132
64.9536
64.5457
64.1129
64.8163
63.4918
64.6995
64.2938
63.2388
62.6272
64.602
64.4452
64.2379
63.3958
63.3271
64.139
62.6881
62.1601
60.4673
60.7524
63.9193
62.3923
63.4869
63.5663
64.4704
63.4053
62.91
62.5913
62.5498
61.4752
62.6658
62.101
61.9862
60.8687
61.39
63.5516
60.5626
61.559
63.5003
63.2632
63.3067
63.3546
61.6854
62.3286
60.7146
60.7392
61.6028
61.2475
60.1383
58.8145
59.2048
59.2859
59.6168
58.3395
60.7705
59.799
59.3487
59.5262
59.8481
60.2181
59.1638
61.2688
59.2755
59.1316
57.8506
59.4468
56.8494
57.0429
57.1181
56.3223
56.1073
56.387
55.7879
56.776
56.4037
57.4828
58.4925
57.2064
57.1403
58.467
58.4069
57.4392
56.2872
58.3799
57.7665
58.4277
56.8534
56.5671
56.6176
56.7337
56.1665
57.7453
58.782
58.3731
59.5426
58.603
58.716
58.594
59.1328
59.1736
59.7758
57.5025
58.1431
61.1328
58.0106
58.4638
57.9665
58.167
59.0425
60.1674
59.286
58.281
60.8449
58.5215
58.8402
59.8455
61.3108
60.447
60.6281
59.9399
60.0783
60.3137
61.7105
60.1997
58.7594
58.9039
58.9418
57.1465
58.0042
59.1876
59.6762
59.1866
58.4321
59.9223
59.0865
58.8115
59.3706
60.5826
60.2545
60.1271
61.8659
61.1434
60.6455
61.1765
61.9165
60.7126
60.1074
61.6485
61.447
62.0507
62.4342
61.7209
59.0645
59.4687
58.9924
60.6576
59.2965
61.1553
60.1156
59.7103
59.8273
58.7894
58.1229
59.3762
59.0956
58.9676
59.4287
59.5399
60.2343
59.7114
60.5046
59.6154
60.2432
58.7803
58.5118
58.7414
60.3896
60.6418
59.1864
59.6473
59.1028
59.071
59.0816
60.2881
59.6074
59.174
58.5569
59.4103
59.1873
57.8192
58.0887
57.8514
57.8688
58.955
57.2855
57.5383
57.3352
57.5321
57.5322
57.649
57.3705
57.05
58.0719
58.6805
58.9577
58.856
59.1282
57.915
57.5209
57.1187
57.3759
58.8224
58.7345
58.8002
58.8849
56.7262
59.1124
58.921
56.7868
57.4049
56.4266
56.4387
56.615
56.7515
57.3226
56.3244
54.814
55.3603
55.5018
55.4487
54.0771
54.0157
53.8773
51.4233
53.4794
51.8371
51.2856
52.4571
50.879
53.6529
53.3518
54.2029
54.1588
56.1947
54.8853
55.5482
55.9014
55.8209
54.2313
53.9043
54.8141
54.1259
52.9068
53.6563
52.1279
52.0194
51.0894
52.3464
51.4963
53.9038
54.541
55.9471
54.5442
54.9492
54.3844
55.8444
57.5249
57.2293
56.2531
56.4696
56.5258
52.7478
54.0885
54.1644
54.5262
53.521
54.7627
53.5525
53.6061
53.5001
54.6312
55.0182
54.3271
58.0289
58.6777
56.8956
59.6394
56.5596
55.4871
57.4437
55.8742
56.2516
56.4234
53.2174
55.0485
55.9353
54.2036
53.5561
53.8411
54.3568
54.2019
53.0378
53.3332
55.0434
56.3931
55.2818
57.1592
55.7218
58.6238
56.6331
57.6179
56.8078
56.2953
55.2594
54.5939
56.0853
54.9111
53.467
56.3059
54.628
55.5239
55.7432
55.2376
56.2206
58.1348
58.3341
57.9013
59.6714
57.4746
59.5875
59.7343
56.8176
57.7597
57.4422
54.8425
54.6764
53.8719
53.9697
53.3013
54.0742
53.4371
54.0707
54.8788
53.6156
54.5673
54.9083
54.8032
56.1596
58.4033
57.1331
59.5248
56.6995
57.5468
57.6205
56.3747
56.6025
55.0221
54.7376
55.5189
53.0688
52.3683
52.3716
51.2972
50.5788
53.7707
54.0432
53.0537
53.7851
54.4758
54.4723
54.6255
55.7491
54.7545
54.5926
54.7922
54.2102
55.0385
54.5517
51.7471
51.3881
53.7741
52.7334
51.5063
51.4913
50.5989
51.6013
50.5351
50.9393
51.7816
52.2699
52.4287
54.6441
54.311
54.5484
53.9453
53.9597
54.1552
52.206
51.798
51.9674
53.2126
52.3619
51.5787
52.2706
52.4869
54.6292
54.7862
54.4256
57.3654
57.0839
57.9166
59.5817
59.614
59.1367
60.2719
60.3459
59.0065
60.0707
57.9784
59.1539
59.4123
59.3763
60.1754
59.3055
61.1414
59.7735
59.8945
59.768
60.9173
61.4399
62.7265
63.0221
64.1288
64.3327
64.4953
63.1828
62.4626
63.7427
63.742
60.9291
62.0471
60.4581
62.1095
61.7405
61.2936
60.8649
60.7292
61.6822
61.6342
62.5213
61.6545
62.1591
63.5742
63.2185
62.8763
63.0828
62.4381
64.4488
62.6127
61.4716
65.9822
63.4719
62.6318
62.0911
61.4981
61.3981
62.2308
63.3248
62.2897
62.6815
62.6618
65.3098
63.9236
64.4187
64.8676
64.1878
64.7326
63.9954
61.3573
61.0309
61.1575
61.2276
62.5304
61.4186
60.9668
61.2968
60.5246
59.8285
59.4204
60.4902
61.186
61.1541
63.0586
63.1341
62.6317
62.4283
62.3639
61.3323
62.8181
62.6889
63.4946
64.4573
63.2353
63.9172
63.3457
64.0216
63.1303
63.7858
64.9426
64.451
63.689
63.1084
65.7714
67.432
66.3323
67.3591
67.6145
65.9618
67.2038
64.8695
66.3156
66.3198
65.376
64.4
66.6832
63.6506
63.8396
64.7349
63.3563
62.7883
64.6558
64.2763
63.5994
65.2022
63.969
65.645
65.7228
66.6034
65.6956
64.1429
63.9751
64.1049
64.9005
63.3556
64.0338
63.3792
63.567
63.3365
63.5638
61.4775
61.8801
63.4947
62.8946
62.7462
62.5044
61.6396
62.8088
65.0753
64.2054
63.1882
63.8598
60.7036
59.3643
62.6485
60.8316
57.8551
58.5851
58.4952
59.4065
60.5228
58.1399
60.7385
61.2248
58.6858
61.0083
61.5969
61.044
62.0024
61.2628
63.3827
62.4923
61.5436
62.9884
61.2379
62.9378
61.2892
62.2594
62.4753
60.6184
62.8165
60.221
59.6933
59.4621
60.704
59.0385
59.7112
59.8993
59.278
60.3567
58.7095
59.0829
60.2001
61.034
60.2867
61.2029
57.4658
57.5049
58.5928
59.1066
57.7868
60.6982
59.3741
59.4344
59.4181
57.2155
56.825
58.8873
58.5944
60.1691
62.2101
61.2674
61.9186
60.0172
59.3491
58.3071
60.1185
58.7905
58.9633
59.1191
57.2646
59.262
59.8056
60.6101
60.0315
59.7882
59.607
60.4967
62.0613
61.5575
61.863
63.6309
63.5874
64.5389
63.1668
62.7338
63.1989
64.7989
62.2891
63.2951
63.6558
63.4888
62.9333
62.7171
60.8891
62.2895
62.3917
62.4023
64.4144
63.4834
64.4479
64.8145
63.2142
65.6019
65.4008
61.9713
63.6512
61.699
62.6242
61.3541
61.2098
63.1021
62.1339
60.3957
60.0264
61.9447
64.2299
59.9645
62.4262
62.8197
65.0971
64.3012
63.4833
65.4459
67.3274
64.2062
65.6013
65.3261
66.0771
64.7172
66.0783
66.1463
65.0412
65.3767
65.2314
64.3877
64.414
65.795
64.7883
63.9968
64.5978
66.3698
66.5059
67.4828
67.9268
65.4493
65.2432
65.9637
67.4776
64.4582
65.4298
65.1601
66.3005
66.0606
66.1962
64.9203
65.9875
66.2822
68.2518
68.5109
66.6149
69.9538
69.5332
70.962
71.8367
67.8755
68.0841
69.9975
67.217
67.4151
66.7286
68.1335
67.0926
69.0248
67.696
66.7715
67.421
67.6226
67.6399
68.1134
66.7096
69.9641
70.6361
69.4494
69.9091
70.7339
68.7845
70.7044
69.2801
70.0397
67.5684
68.3943
69.8958
68.3753
68.4504
68.3366
69.5069
67.5993
68.3217
69.058
70.8032
70.1929
68.0064
68.396
69.374
68.4882
70.1811
71.602
69.4076
71.5448
68.3807
68.0259
69.1968
70.0331
67.4569
69.5506
70.033
70.2149
69.1637
70.632
70.0352
67.2682
67.7212
71.3461
68.7875
71.3824
71.2535
73.3548
71.7049
71.7565
69.8918
74.1302
71.2846
74.0658
71.8732
74.234
72.6052
74.0108
72.1341
71.6532
72.9719
71.2221
70.6241
69.1011
73.8855
73.386
72.0994
71.0496
73.1527
70.7656
67.4867
69.0002
69.1675
67.6606
68.2496
67.9709
68.9619
69.6785
68.9495
69.2953
69.6442
68.4811
69.6504
71.0449
71.9155
70.908
70.2195
72.842
69.0176
72.7572
70.7882
71.5008
72.8993
72.7762
69.7743
69.8358
71.5376
71.198
69.5958
66.3777
67.5008
66.4955
67.808
66.3893
66.9754
68.8763
68.1899
68.3311
67.6921
68.2535
67.0627
67.5791
65.7333
63.2146
64.4706
62.6942
64.3444
63.7453
64.9889
65.4792
64.7891
63.8476
69.5514
65.2472
67.1282
64.627
63.8185
66.4966
66.8692
64.8426
64.6076
64.7533
64.9666
65.202
66.0188
67.7061
66.9986
67.0224
67.1609
64.7777
62.9681
65.4627
65.903
68.3934
67.3729
63.7841
64.4238
64.5697
65.8586
65.3611
63.5214
66.144
67.7061
64.9235
65.2709
65.7273
64.6977
65.5387
65.3836
63.96
63.8655
64.961
64.8564
64.9387
64.3324
65.452
65.8551
65.6946
65.2278
66.9563
66.6634
64.3088
66.3485
65.2265
66.918
66.6325
64.8342
64.0076
64.166
63.251
62.2414
61.6492
60.7611
61.9267
62.9147
62.089
62.1813
62.2657
62.1433
64.33
62.876
62.4835
61.7838
62.5264
62.5429
60.1882
58.6354
59.8533
58.8757
59.9856
59.4805
59.4439
60.3664
60.1313
59.2081
59.7474
61.8595
59.5675
58.9881
58.3081
60.9829
59.4715
60.8326
61.2483
61.6113
61.5748
61.8499
61.6254
59.9316
60.0189
59.3519
61.1742
58.5116
60.9424
60.0812
60.9493
59.944
60.3495
61.5689
60.2845
61.532
60.3345
59.7908
60.8606
61.4594
59.9271
60.7405
62.4284
61.6071
62.1632
63.766
60.8133
62.1947
61.1121
62.4855
64.4561
61.8767
62.5224
62.2797
61.238
62.7908
63.5825
63.7587
62.5866
63.4168
62.0995
61.4775
64.7012
61.2185
61.765
62.1972
61.8829
63.8482
62.4252
63.0945
63.9752
62.6371
62.683
62.5397
62.6035
62.3748
63.3758
63.2667
63.1837
63.2375
63.9188
63.3762
63.3201
63.3412
65.083
65.2115
63.856
65.0756
63.9177
63.8299
64.3311
64.5164
64.938
63.1657
62.9224
63.2816
63.382
61.6504
62.6465
63.0101
61.3588
63.1234
62.8254
61.5053
63.0672
62.0879
61.5952
60.9365
62.0672
61.5142
62.0599
59.7298
61.3596
60.2564
59.108
60.405
60.3727
59.4643
61.4593
59.7378
59.4184
59.6365
59.5255
57.7517
59.4511
58.611
57.4923
58.5518
57.2663
56.2607
53.598
53.9159
52.4206
52.8941
54.7969
53.8351
54.4064
54.7179
56.3417
55.1749
56.0293
54.7823
54.7013
56.0219
53.884
55.353
54.6366
53.4917
54.1297
54.2021
54.8077
53.5217
52.0998
52.0837
52.3439
53.1622
53.4182
52.2688
51.8026
52.1862
51.9504
53.0984
52.4256
53.4397
52.22
53.9137
53.291
54.1796
53.4441
53.2496
55.4505
52.2975
53.3225
52.6016
52.6726
51.6044
51.2692
51.8698
50.2746
50.3496
49.3826
51.7145
50.5583
48.9287
51.0467
51.8412
51.3277
51.7118
52.8478
51.9205
52.5836
50.7602
50.6771
50.8714
50.7423
50.8399
49.079
49.0043
48.3566
47.4633
48.2241
46.8477
47.0674
46.6082
45.0122
47.2913
47.5323
49.1396
49.0961
49.8562
49.3003
51.3447
50.8668
52.5995
49.206
49.8055
50.1898
49.3798
48.891
47.9261
46.8162
48.3893
48.8979
49.1075
48.984
49.616
50.2998
50.2548
53.0604
51.7283
51.6292
52.8356
52.8548
54.6823
51.2968
52.5169
53.6532
51.9354
53.6552
52.4118
51.4812
53.7493
53.1092
53.4184
54.9569
54.2537
56.3156
56.6351
57.1508
56.9882
57.5121
57.924
59.0196
59.91
59.3565
57.3364
58.1924
57.9219
55.9123
55.3596
54.9005
53.9508
53.0419
54.5569
54.2442
54.9925
55.3204
56.0737
55.8153
55.5906
57.388
58.0051
58.3673
57.2175
59.2484
57.9446
59.1076
57.0911
58.6201
59.7168
59.3884
60.2072
58.6323
59.368
59.5324
58.4619
59.1923
58.0238
59.2049
59.9665
59.1859
58.1034
59.9868
59.5102
58.6265
58.4099
58.6055
60.1245
59.2571
59.6839
58.6506
59.6172
60.2791
59.541
59.7293
59.7923
59.9837
58.8843
58.1821
58.0924
58.501
59.1031
60.9598
60.0399
60.8575
61.0207
60.6035
63.6087
61.253
62.3973
63.4931
64.8893
64.2336
65.5094
65.2645
65.8712
67.1419
66.0979
66.9182
65.888
66.4094
69.331
69.8156
71.5521
72.3772
72.692
75.5354
76.5701
77.8478
78.0923
79.5563
78.9667
80.8778
79.5887
78.8235
78.4749
78.9557
77.7063
78.6215
79.4643
78.9569
79.2872
77.2057
79.5344
77.0898
76.8817
77.4568
74.239
76.0924
74.8608
72.6945
71.1163
72.5663
74.152
73.0374
72.113
69.3725
70.2098
71.217
72.0561
73.2938
72.3939
72.7495
71.3448
70.3326
70.5625
71.8113
71.1987
72.2317
70.7508
68.8656
68.4597
69.1939
67.1102
67.0913
66.1067
68.8573
68.0099
67.4541
67.1012
66.1144
66.913
66.5805
66.7345
66.568
62.0653
64.3056
64.7299
62.4079
61.8383
62.2471
63.2622
60.973
62.6008
60.8644
58.0509
56.8147
55.8924
55.8731
56.0546
53.3426
52.9713
53.2662
54.7247
52.4382
52.9648
52.5436
55.558
55.8554
57.4189
54.423
53.6057
55.631
57.5017
58.593
57.4422
56.5259
57.1509
54.6927
55.6177
56.8421
56.4738
56.6675
58.09
56.306
57.3135
56.36
56.754
55.1676
55.2645
53.1217
53.6334
53.6154
53.6446
54.0485
54.6507
54.8445
55.4694
56.7374
56.9298
56.08
56.9339
58.5495
57.7628
57.7024
56.6163
55.6943
55.8168
54.7518
56.1572
56.0757
57.2333
56.4095
56.8775
56.1638
57.5497
58.7531
59.0963
58.4614
59.4069
58.7016
58.2849
57.1046
56.3676
55.4534
58.4071
55.3065
55.8538
56.7653
56.9327
56.2826
55.2738
55.8421
57.338
57.2105
56.9446
57.2327
57.1963
56.9131
56.3964
57.2934
57.8578
55.9232
56.048
57.367
58.0934
58.1934
56.8518
57.4062
57.4248
57.0066
57.2754
56.8897
58.7855
57.4875
55.9084
55.507
55.098
56.8201
56.336
56.2746
56.4514
56.552
56.5338
57.7628
57.8433
56.1788
56.9942
56.3791
57.1934
59.693
56.5215
57.2243
55.6574
57.0883
54.4872
54.9181
52.3337
53.3088
55.6022
54.2322
55.9923
53.8333
55.7404
55.5883
56.2457
55.6385
57.0619
57.0049
58.9672
58.6409
59.3898
57.9388
60.5343
56.8403
57.5395
56.6185
58.5507
55.8169
57.3543
57.6905
56.8014
55.8511
56.0607
55.8411
57.7373
57.3964
58.754
58.0996
60.0427
56.8832
60.6116
58.1588
59.3294
57.4346
57.4864
57.555
58.3649
57.8948
58.6582
57.4653
58.8823
57.4704
59.7767
57.976
57.7647
58.3166
57.745
58.2172
58.642
60.7877
61.2696
62.6539
59.52
60.6628
61.3994
60.9548
59.5711
58.6207
58.4543
60.9892
59.6671
59.1104
57.7062
58.6309
57.3367
57.8508
60.8026
58.3441
57.5803
56.3562
59.8678
56.3402
56.2041
58.6479
57.3629
56.646
55.8895
56.5086
57.3955
60.2463
58.9782
58.7609
58.5636
59.0702
58.9012
58.0242
58.8495
59.3998
58.5875
59.2949
57.4189
60.7495
60.5274
58.8055
59.0167
58.1329
58.0591
58.6418
58.9029
60.8842
60.6358
61.5856
59.7464
58.6535
58.071
59.4648
58.7431
61.7042
58.8265
57.7937
56.677
58.6386
57.5576
57.0782
57.4492
59.0963
59.8137
58.8563
60.3507
58.4024
60.6785
60.2529
60.6484
59.3904
60.454
59.3759
58.4754
57.1934
57.8825
57.981
57.6048
56.6157
57.5913
56.681
57.7064
55.5923
56.4129
57.9564
55.6688
57.9417
57.4837
57.2038
55.0912
56.7914
55.913
56.3511
57.2156
55.7496
55.9078
56.6212
55.1564
55.8151
54.4818
53.483
54.8679
54.0113
53.0477
54.0598
54.9599
54.3207
55.8181
54.6508
55.5369
55.6778
55.1999
54.8667
55.2777
55.0253
53.9386
53.1149
54.2181
55.049
54.7735
54.1775
52.5575
53.1074
52.204
52.6863
52.1069
52.0858
53.2619
52.8565
52.6663
52.2764
53.882
54.131
52.7016
52.3544
52.9625
52.4338
52.4526
52.7197
53.0051
51.7731
51.9086
52.1698
52.2269
51.4742
52.709
53.904
51.8447
53.2645
52.8923
52.196
54.2321
53.1699
52.7763
53.2799
54.9798
54.8444
54.8063
54.9652
57.126
56.0638
56.3611
57.494
58.8367
59.1788
59.2257
60.4066
59.4663
60.3841
60.6017
58.9031
60.6294
59.3797
59.6845
59.6379
59.89
59.2959
58.168
59.6186
59.4699
58.3931
59.483
58.399
59.2528
58.2852
57.9823
56.4431
56.8873
56.2041
57.2053
60.399
57.9919
58.1334
60.9561
58.0561
59.9799
60.7747
59.2608
58.902
59.148
58.4272
56.9284
56.5389
57.6192
55.5331
58.0875
58.0897
55.556
56.6149
55.5088
57.1109
55.1727
54.8192
56.9452
55.0785
56.7472
56.2027
55.0839
55.9503
56.3233
56.6817
58.0779
59.1742
58.5549
59.4503
58.347
57.239
55.8689
56.346
55.5451
56.8479
55.5017
57.4566
53.77
55.4539
54.9398
56.0606
57.2386
56.9208
56.428
56.6219
57.0279
57.4617
56.9163
56.2975
58.0327
57.1579
58.0934
58.4714
58.8603
58.8389
57.871
57.6983
60.2381
58.1616
58.2488
59.2267
56.83
54.9422
56.752
55.2504
56.493
55.4522
55.3887
56.4684
55.6632
55.3357
54.9176
55.181
55.337
54.1013
54.6915
55.1358
56.0544
57.3712
57.1888
53.5039
56.1942
54.2473
54.1115
53.4107
56.2476
53.2938
55.5927
54.1583
56.7472
56.8771
57.0542
54.6862
58.1256
56.7217
56.4204
55.0096
55.4953
57.8362
56.0466
57.8041
58.0742
58.7489
57.0874
57.6223
56.8721
56.2511
56.88
57.7731
55.9253
57.5451
57.4411
58.7839
57.3413
58.1826
58.2491
56.4788
56.9967
58.5532
58.6339
58.8129
58.8039
57.8161
59.093
57.8049
58.7244
56.8777
55.6359
56.791
57.7723
58.4798
58.0501
58.8354
58.4918
58.442
58.2065
55.633
59.1139
58.5109
57.3339
58.2493
60.2994
59.704
58.0319
57.0657
57.705
55.0857
55.9099
53.2037
56.3749
56.2508
55.3226
58.1853
56.8729
56.6419
56.4665
57.0521
57.546
57.7613
58.3899
57.2939
57.9546
55.196
56.0202
59.1213
58.6062
58.3857
58.7463
58.1405
56.5872
57.2338
56.0247
56.2418
54.5369
56.1425
55.1264
56.246
55.5102
57.8699
55.602
59.5592
57.3105
58.6095
57.4611
56.034
55.74
56.7302
56.3169
55.8779
56.8796
57.9662
55.5129
58.2358
58.1264
58.3867
56.1837
55.7908
54.211
53.1808
53.5533
55.7231
55.0551
54.6913
53.0999
55.1477
54.9602
56.2554
55.8981
55.5554
56.6132
57.0469
57.0722
58.0573
57.33
57.0216
57.8173
59.4504
58.2669
58.6171
57.3827
56.9024
57.1696
55.6508
56.4312
57.0934
56.8721
57.303
57.8542
57.3501
57.5795
57.6618
56.7536
55.0708
57.1016
57.2918
57.3246
57.7602
57.5692
57.0589
56.9562
56.3644
57.6028
56.9786
58.786
58.5237
58.4415
58.3625
59.5205
59.742
61.2311
60.2802
62.6381
60.6359
60.5797
62.1221
62.9272
62.3651
64.3617
63.0805
65.1088
65.1566
64.4347
65.7843
65.2397
63.3566
63.2491
64.6426
62.8344
64.2766
66.3531
66.9646
66.5141
66.9966
68.6358
67.075
66.8681
66.5405
66.7392
69.05
68.8214
66.5499
65.6984
67.0358
68.4897
66.837
68.7952
66.9922
68.0439
69.7417
67.8049
66.8046
68.6628
66.5623
70.8065
69.4181
69.9608
67.3558
67.0244
69.857
68.2153
67.59
68.7766
67.3435
68.8852
69.2715
66.9836
68.6357
69.7597
68.2051
69.2652
69.5588
70.8946
68.6695
69.7834
70.6498
72.4158
69.4554
70.2674
69.4561
71.4954
70.8429
72.4449
71.6129
72.4997
71.6051
72.9961
71.9935
72.4971
72.1949
72.0725
70.3348
70.832
71.329
72.5699
68.1299
68.4197
68.4634
70.039
69.6212
69.9649
70.8625
72.7062
70.6666
70.4435
72.1971
71.0465
70.0773
71.0712
71.1625
70.2792
70.8698
70.1151
71.8696
68.9397
69.9661
69.9047
69.1617
68.0881
69.1712
68.7797
66.3341
67.381
67.8548
68.9224
67.5315
68.166
66.753
66.5189
66.6152
64.7844
64.0741
63.114
62.032
62.3302
63.4809
62.7894
61.6656
62.2027
60.7255
61.4906
61.1013
62.7394
62.2884
60.2862
61.1539
62.1775
63.6925
63.1332
63.0618
64.7347
65.7707
68.1036
68.6912
68.8086
64.2624
61.6928
60.4513
63.2573
62.687
63.0848
60.1101
61.4791
58.7423
60.7795
58.7194
59.407
57.4835
60.278
59.951
60.2544
59.3966
58.4269
57.4865
57.9461
56.5578
58.6045
57.5995
57.6681
57.8714
57.4099
57.3568
57.2675
55.2353
55.3029
55.3148
55.6868
54.8895
52.2161
52.5301
52.8336
52.9374
52.092
51.3759
51.2228
50.6472
50.7294
51.3975
50.3052
52.7868
52.1274
49.1078
51.5707
50.7157
49.5096
52.1385
49.0929
50.7193
48.9766
47.3535
44.1954
44.833
46.261
46.378
47.9505
49.5835
50.4694
48.5301
47.003
44.3858
43.184
44.4626
43.7212
44.6538
43.9312
46.0768
46.4696
45.4549
45.409
46.2627
46.9965
45.3757
45.3334
43.6096
43.1929
43.1857
47.6312
45.0713
47.2503
44.845
45.5028
46.7438
48.0552
51.1491
51.2272
48.8981
50.4504
49.139
47.7386
51.349
53.2259
50.775
50.2335
49.108
49.6538
48.976
48.9712
47.9301
48.4816
47.5319
45.3274
45.2944
43.2806
48.0529
47.9437
47.3623
49.4348
50.1423
53.1181
51.2828
55.9912
51.0396
49.9877
49.4073
51.0174
46.8685
51.7844
50.1157
49.8557
51.1686
49.774
47.0332
47.9185
46.3244
46.2335
50.3578
46.7344
49.6006
50.8696
49.9282
51.8912
54.5864
52.3098
52.6943
54.768
52.0845
50.1463
49.4527
53.8451
51.0565
52.8836
50.0596
50.0628
51.3482
51.5206
51.4911
48.7623
46.919
50.4259
54.3393
52.3942
52.0925
56.085
59.1388
62.3044
60.6721
59.11
53.7261
55.1495
53.8705
58.1409
60.4935
56.584
55.5963
55.8746
58.1311
59.0579
55.8299
54.6637
54.9121
59.5635
57.2666
57.9126
55.4575
55.2897
55.7312
53.5506
53.103
50.2701
51.0776
49.4414
47.1907
48.0533
47.9622
50.9885
49.0213
47.1791
48.5231
47.8231
49.5469
45.8024
46.418
45.9513
45.924
47.3142
47.0349
48.3526
46.2275
48.1495
48.401
49.601
48.2613
44.3805
45.2143
46.3532
46.1605
49.1258
47.4354
48.1383
48.8269
48.6651
47.2353
49.0047
48.4806
46.2553
50.9721
48.4854
46.3269
46.9104
47.0232
48.0538
52.1832
50.5176
49.9933
51.2367
53.5152
53.2701
54.7503
57.1182
55.8469
55.5309
59.2352
57.8307
57.1771
57.2051
58.1854
60.0414
59.8978
58.7485
57.9575
56.0149
58.1791
53.9497
55.3328
55.5179
54.4373
54.4294
52.1578
53.3123
52.0233
55.9598
55.3258
52.8264
54.259
54.907
54.8225
52.3688
54.4626
51.9995
54.7001
58.9644
59.0549
59.874
60.0604
57.3212
57.4251
54.2974
57.6551
57.4854
55.2779
55.512
52.7482
55.6374
57.8963
55.9957
56.0819
54.7662
56.0948
57.6896
55.3727
54.2892
52.0258
56.1495
57.8815
53.3018
56.1291
51.3234
50.9594
49.4757
50.1621
47.9257
47.8717
48.9077
44.7417
43.2994
42.2854
40.3328
42.1517
45.6026
44.7879
48.0279
49.383
50.9214
54.1962
56.4498
54.469
54.8139
58.4135
56.3056
56.3501
58.3759
56.3207
62.9843
67.3977
66.7379
75.0818
72.9737
77.0559
74.717
74.4899
75.8692
77.3987
77.4322
69.393
71.8504
70.5443
66.5101
67.9144
68.1846
69.3519
69.5914
71.1272
70.9009
70.2261
69.0171
72.063
71.008
72.5848
74.2281
76.058
77.5235
77.6056
76.1491
75.8971
73.6243
70.4999
70.3235
71.1353
71.9866
74.0491
72.0344
73.9847
76.4176
75.7111
75.6722
75.3097
72.6012
71.4477
71.8369
74.4706
76.4167
74.841
74.7779
72.5322
77.8318
71.1896
72.0352
77.969
77.0189
75.2871
72.8266
71.3872
65.7749
64.8588
63.8716
67.1787
65.0481
64.848
67.9484
69.0024
68.6685
65.8944
66.459
67.5363
66.7111
64.0969
64.5988
65.0089
63.7766
62.9951
60.3764
58.4269
58.298
59.1554
59.1752
57.3296
56.8824
56.1525
60.0168
61.3909
63.5889
65.7513
64.0035
67.7483
71.5956
67.7354
65.0117
67.9352
66.4979
64.383
63.5549
63.6951
64.3458
65.1175
64.7589
64.2541
65.1053
60.488
59.2105
60.7223
58.6876
57.8348
61.8073
56.1215
59.1505
58.3192
58.5278
58.1488
59.7578
58.2918
57.7279
58.7023
56.7384
57.501
55.2956
56.0198
56.429
56.8045
58.8343
55.0463
55.8102
54.1536
57.3142
54.2045
55.9028
58.2908
60.3863
59.6805
56.3627
58.2833
57.6462
61.0673
59.6622
58.7459
61.6359
63.3641
62.4844
62.2344
61.3167
57.8821
57.2911
59.8863
59.296
58.6185
55.7665
58.9113
60.9062
60.0325
62.4648
59.3624
63.8857
62.742
58.6169
60.0665
59.489
58.2279
59.8116
58.8435
62.6096
62.4848
63.4868
62.8023
63.5709
64.5821
67.5363
66.2723
63.8759
64.312
65.8485
64.6907
67.0858
66.029
67.6207
66.3546
67.4387
66.2206
66.9814
68.6464
65.8514
69.0671
68.093
64.9452
66.1482
65.3271
64.8945
61.61
62.2322
58.0123
59.503
59.8308
60.7351
57.7675
56.6257
57.0214
57.7861
56.8581
58.4345
59.476
55.7368
56.5747
57.5975
57.128
59.4487
61.3252
60.4586
60.3241
62.0827
62.6179
66.4258
68.8567
65.0769
65.1309
61.2962
65.9745
65.9754
69.2939
70.8068
70.148
67.4992
69.135
72.0501
72.7836
70.3708
70.2218
70.7253
71.3847
69.8645
68.2691
65.2702
67.9109
67.9392
72.3957
71.1702
70.5305
68.45
68.6318
67.8678
64.4722
62.9192
62.4674
60.0247
56.7801
56.4061
55.5666
56.0872
56.3468
54.332
54.5764
57.6786
55.7393
57.4695
57.795
56.8558
58.3539
56.7269
61.402
63.6168
62.2142
63.2455
63.8198
66.1379
67.8306
74.1943
69.5306
71.1819
73.5111
70.157
72.2656
69.6017
73.5947
72.1094
65.6968
68.1693
64.4776
64.8616
61.1804
61.5368
65.4957
63.5325
66.7245
66.1394
65.0779
67.1788
65.5625
62.2186
65.6201
62.0998
60.9025
58.0643
59.0447
59.7956
61.6505
63.2278
62.2101
70.1444
68.6449
69.7936
68.5114
72.9843
68.5563
70.8424
71.1202
68.1327
69.8903
68.2259
71.691
68.1031
72.2906
74.5356
69.9961
70.396
71.5939
71.0754
69.3468
63.0547
63.4593
63.8652
66.0097
63.8735
65.0784
64.9402
61.6241
63.2494
60.588
59.4057
58.7547
60.718
61.7046
59.7664
62.0761
60.1372
58.1514
58.5366
59.0097
58.6557
60.1023
58.7108
57.0895
58.518
62.3236
59.8764
66.8993
64.6613
63.2659
63.5662
65.9992
65.8261
66.1303
64.1421
62.1787
64.399
66.6713
64.5791
66.1707
65.2201
66.8126
65.3408
67.9873
67.0008
70.4154
68.7789
69.5222
66.1317
63.0937
65.1054
64.4536
66.4511
64.6884
63.7684
62.5609
61.9634
59.6923
59.4982
57.7941
59.36
57.4777
58.2216
57.2889
59.6447
58.9695
60.827
65.7042
61.7819
61.1176
63.9616
65.4591
70.2204
69.8741
70.4609
70.9479
71.712
70.9087
69.8488
68.4996
69.5523
73.2562
70.9865
70.4847
72.2411
71.0525
66.608
72.9227
72.7515
74.0084
73.4451
73.2836
71.9183
71.64
73.8061
79.0052
75.9802
75.9987
73.9337
74.7421
77.5842
78.1923
77.3057
74.9466
71.58
74.1751
75.2658
78.878
76.078
73.8371
75.9756
72.2399
70.1614
73.6372
76.0753
72.7688
70.5415
68.4507
69.9684
70.0634
70.4435
70.1346
68.7993
70.6911
76.9836
74.2074
72.8975
74.8343
72.3113
72.2399
69.0139
67.6512
69.3939
66.5708
68.9783
65.2323
70.4968
66.5951
67.1088
69.4658
62.2833
64.0101
66.4019
66.3625
69.3871
71.6104
64.1556
59.2673
58.5666
59.4592
59.1235
62.8111
57.2471
56.699
56.569
56.3122
55.0137
58.0653
58.4522
56.4821
60.4432
64.0182
61.2506
63.8644
61.6326
59.2394
57.2147
60.5888
60.7761
59.7389
61.0899
63.8378
61.8778
58.7784
56.2945
57.0854
60.0544
54.358
58.8886
55.6265
55.7547
55.1433
54.6261
55.9769
55.0991
56.6548
59.0521
58.3237
58.4815
56.474
57.2205
58.4918
55.7938
58.2984
57.5376
58.7083
57.1529
56.4803
54.921
58.2237
56.7099
56.354
55.6683
54.5992
56.9975
60.6994
53.4927
58.2927
60.2788
58.3786
58.298
59.7533
61.1475
60.6997
62.6943
62.9367
67.8317
62.6849
64.9815
60.1723
60.1388
57.2229
59.5277
61.5197
58.3459
61.6098
59.8212
58.4641
58.7429
58.5016
59.1643
58.429
57.3934
57.4654
61.3662
60.7666
58.593
58.2376
57.9963
58.3801
58.5503
61.8314
58.1058
62.8101
61.0636
60.7347
57.9059
60.9679
58.7891
60.7651
58.8106
57.9737
63.2971
61.0028
57.8239
60.5036
61.6514
65.0967
66.129
64.2359
62.9995
57.9135
56.9698
56.899
57.7495
59.3951
56.4966
55.8223
57.6239
55.5256
59.284
57.1067
58.6928
57.2677
61.37
61.3634
58.7276
63.3116
64.8842
61.7759
61.9174
58.9502
60.0443
60.1232
61.4981
59.9859
66.5533
61.9942
64.2098
67.0428
65.4643
63.1628
64.9316
62.403
62.4053
63.7009
67.5075
62.5575
66.3872
65.6392
68.6584
68.6574
67.7011
71.6098
69.7539
69.304
68.129
63.5691
66.674
64.8157
65.0912
61.4435
58.958
60.5715
58.8873
58.3549
61.6269
60.0066
59.8703
57.0709
56.5605
55.8718
56.1192
56.9141
55.2384
56.0026
57.4461
58.2617
56.0739
56.8858
59.7099
59.6404
61.4832
62.7204
62.9883
59.5653
60.867
61.7645
63.202
65.5772
70.6243
71.3335
65.9079
71.8287
68.6891
65.0385
68.3407
70.9
70.2011
69.6595
65.2907
65.2079
64.1011
64.9998
59.9135
61.3058
60.2734
59.4352
58.4294
58.8064
54.3967
53.4538
55.8957
53.7029
53.5728
56.6758
54.6039
53.7861
56.3907
57.0126
56.5482
57.3259
56.9624
56.9377
57.9577
56.6131
57.1886
60.9924
63.4414
64.5002
61.1402
66.6262
61.0166
70.1941
63.8442
66.1042
63.9962
69.4271
72.5044
72.2853
69.5356
67.0158
71.6589
68.5047
70.2714
67.4565
69.0039
70.802
71.8733
67.3648
71.0812
67.793
69.3773
71.2983
67.8287
68.2964
69.7316
68.3014
64.2475
60.9188
63.2564
65.0762
63.4312
64.389
61.4221
63.6258
60.4092
62.9896
62.7162
68.491
67.8742
72.2057
70.9156
71.0186
68.3302
70.6408
73.0597
71.9687
74.1322
75.4447
72.684
72.0437
72.7604
70.5798
74.7803
73.8578
72.8589
76.6849
77.2954
72.4552
71.0798
69.1698
70.4852
69.1514
65.5068
65.5251
64.3388
63.0729
61.3925
60.0887
60.5171
59.8117
61.0561
55.9377
57.826
57.9029
56.7519
56.7805
61.6128
58.8763
61.9163
61.3423
60.8018
56.077
60.3101
61.522
62.8361
66.2655
65.3906
66.651
69.0062
70.355
69.721
70.4787
71.1032
68.4707
73.7038
71.0668
67.7517
67.8053
69.357
67.0953
65.2827
62.2341
60.0226
62.4516
64.5127
62.4874
62.6233
61.5364
61.4613
61.2086
61.7618
62.1357
58.837
60.9293
59.3821
58.4073
59.342
59.6054
61.6035
61.6311
60.0423
61.178
60.2552
61.7775
61.7595
62.7838
66.3646
64.7724
64.0876
65.5292
66.5034
66.9204
67.9843
66.6139
67.0501
69.5357
66.9536
66.6995
70.0907
70.0515
69.2318
65.4124
67.0464
65.7663
63.7632
65.2128
65.9522
65.0108
65.1356
66.2178
63.2908
61.5855
61.2092
65.8654
64.8054
63.7861
63.5662
62.7305
61.8817
62.696
66.7726
62.6494
62.8432
64.8605
65.4105
65.7216
66.2555
63.6722
63.8158
66.3803
65.9256
68.451
65.9319
63.5977
68.7656
64.9968
64.2964
69.1692
62.6839
67.0398
65.7672
68.2981
69.3834
64.8059
68.5641
65.6505
66.8009
68.4757
57.9549
64.4936
63.1876
66.2587
67.5776
68.3092
68.7834
64.9617
65.8174
68.3449
68.1827
64.6985
68.4515
66.3969
68.5688
63.7525
66.2919
67.0964
68.3588
68.6868
70.3372
67.4833
69.1006
69.087
68.8876
67.5574
66.9509
67.9055
67.5966
68.885
66.8209
66.8582
66.8476
66.5527
65.3362
69.3014
66.6308
62.1259
63.5047
66.6603
63.7433
64.0341
66.7967
62.0907
60.534
60.2325
61.6314
62.2689
61.5677
60.4802
62.0959
61.0227
63.7451
64.4264
59.2074
58.2084
58.3827
57.4265
57.5731
58.0992
57.4339
61.2908
64.1892
62.0337
60.9888
63.2416
60.5264
61.1522
58.5095
59.423
60.8338
62.1865
55.3993
59.1856
64.2769
63.3955
64.671
65.2472
64.3295
64.9625
59.8965
59.3694
57.6723
59.1507
60.2045
58.2709
58.1011
60.36
63.6871
61.9096
63.787
62.8462
65.3358
63.2713
66.065
63.4515
65.422
63.5951
64.6737
69.3684
64.7128
63.8282
65.0159
65.8281
65.8189
67.6892
64.4826
66.41
61.4182
60.7777
63.4127
64.3042
63.8897
66.9745
69.2337
66.9015
68.1689
67.5912
70.6208
70.0995
73.7299
73.1731
70.6549
71.241
70.1388
68.5685
68.8206
66.3142
67.1523
64.6793
63.9138
67.2506
65.2624
68.0786
69.313
64.7936
57.0495
62.0682
64.6979
63.0109
63.2936
66.1473
65.9551
63.8986
69.5614
67.7964
67.5676
67.9022
69.2263
70.4907
68.824
62.1576
64.8279
60.4292
59.0185
60.3027
60.7726
64.5994
63.312
61.1804
60.801
62.1341
58.447
54.2928
57.5886
58.8715
59.4146
64.5174
63.5318
69.272
66.835
67.1288
68.3756
66.7363
68.5939
71.638
69.9904
68.3477
67.0701
64.6031
62.7005
61.2382
60.4315
63.1191
59.5685
63.4458
64.6288
64.8232
62.1058
65.1069
63.1691
63.7652
61.1955
59.9074
59.0505
58.7548
60.061
63.2284
61.8358
67.2923
69.5773
67.0285
71.7665
68.6535
68.5441
71.042
72.8152
69.5466
71.5685
71.5781
68.8757
73.1062
66.937
67.067
71.0964
73.6956
75.1208
73.085
72.4603
65.1753
61.2274
57.8607
54.1646
55.4015
49.787
48.2679
49.296
53.6995
55.6721
56.0845
55.9036
54.1343
54.4237
51.0414
49.3794
53.8325
61.6804
67.7763
72.1246
78.4349
75.8342
70.8253
64.1981
62.1237
62.3185
59.9871
60.1349
60.8759
65.2747
69.6079
76.9145
75.9268
65.4075
63.0761
50.2028
48.1053
47.8811
51.8858
53.1569
53.123
52.0588
50.7514
47.7424
50.3344
53.7465
57.0968
61.2127
68.3261
73.4676
75.5573
69.1083
65.2388
62.0303
59.9409
57.0779
56.2626
55.6485
57.0753
58.803
59.4251
62.5119
68.7438
74.1179
65.4498
56.5596
59.0123
48.9707
49.3286
48.0535
51.3923
53.6797
54.1109
51.0669
49.7797
44.9368
51.6401
51.8519
58.3306
57.0227
67.0085
65.9066
64.9401
61.694
59.7084
57.8036
56.2997
53.6117
55.3923
54.1124
55.1991
60.7587
63.7316
61.2422
60.9033
59.0386
55.7955
46.8759
48.1015
49.8702
49.419
54.2842
54.7852
56.2588
52.3217
54.4659
52.3381
54.0884
60.5229
61.8246
62.502
63.3888
61.4206
57.2715
59.3487
59.3152
57.757
57.8999
58.3442
58.7662
60.6649
66.0589
66.2757
68.3719
58.278
50.2656
49.6912
47.4887
49.1724
50.2681
57.6913
55.5451
55.7682
52.2287
47.3078
46.4433
49.4395
49.6553
54.1122
57.32
67.5413
68.7027
69.6509
67.7794
65.15
61.4195
60.9274
60.6085
57.6821
61.5582
61.7844
67.5288
73.3334
75.8351
66.7095
60.706
52.5644
46.1185
45.2618
51.5917
54.0833
55.6742
55.567
55.071
53.0271
50.8691
49.0824
52.1761
61.5528
64.5161
79.7623
75.3464
67.6231
64.5675
62.1734
58.9032
55.7211
57.3511
56.6264
57.8528
56.3846
60.3856
65.9063
70.5106
83.6708
63.8143
58.098
55.5888
47.7167
50.2753
56.312
60.3405
62.1137
62.4262
60.3384
55.8024
49.3877
46.9584
54.8112
53.7845
58.0974
75.8427
73.8132
68.2606
62.2453
59.8999
55.1124
56.4297
54.6973
55.4198
56.8492
58.4129
61.6897
63.0054
64.5875
66.7724
70.1767
75.934
67.2499
58.6408
57.3323
52.3985
60.7102
58.8942
56.2581
60.0547
57.3963
60.9478
62.8626
64.5196
69.1693
65.7964
64.173
65.5015
65.003
64.9171
67.7595
71.1393
71.4037
78.7271
76.1789
61.222
56.4715
56.8818
50.4119
46.209
43.8836
48.5028
49.6847
53.7981
55.4876
56.641
62.0662
61.0133
61.9969
60.1166
60.3293
62.195
65.1361
63.886
66.7357
67.844
74.2384
76.74
72.867
58.915
57.6019
48.9037
43.2391
44.9071
45.2687
51.2034
56.4077
53.3908
54.1766
58.9425
60.2257
64.216
65.7118
61.0516
59.3896
61.3336
59.6053
61.2823
62.8424
67.2079
67.9877
70.4417
64.1334
57.4257
54.871
49.0375
47.1825
44.7739
42.9694
46.4792
45.0418
46.0284
48.0131
47.3495
48.172
50.5857
55.2718
53.7454
53.9765
58.0136
57.7055
55.1019
55.5281
57.9443
58.4981
62.1574
64.9963
68.051
69.2742
68.2029
64.0819
52.5417
48.4057
48.2981
47.2395
45.8898
46.8368
48.3028
45.1627
49.4464
54.3779
54.8147
60.5908
65.0155
69.3252
69.4101
68.2758
68.5431
68.6324
69.6699
73.1115
68.6809
72.2051
70.2589
69.4232
58.6993
48.7516
46.0045
49.6109
48.3798
49.5154
47.5768
47.988
46.0529
46.9542
49.226
58.7889
57.1415
62.6131
69.5851
74.3163
76.662
76.5923
76.4839
74.6644
77.1441
76.7744
78.2931
74.7776
69.0333
66.3256
64.7817
63.4858
55.2004
55.7444
53.0602
51.8408
55.2252
58.5498
57.2807
56.1882
55.3214
54.0882
54.9612
54.9028
53.6836
54.9012
56.8001
56.3485
57.5485
59.158
59.571
60.8212
59.011
59.6225
59.7572
60.9964
57.2801
59.4311
60.3829
59.6592
60.2688
60.1031
60.0383
59.6449
61.7126
59.1031
62.0342
58.9725
60.8564
62.1097
60.621
58.5743
60.606
61.1097
62.1632
59.8547