23.1634
28.8925
29.6327
22.8618
26.9463
28.7829
29.3311
32.1546
25.8772
28.92
28.125
30.7566
28.6458
26.864
28.0976
29.057
24.9726
31.4693
23.3004
23.4101
23.5746
27.2478
26.7818
28.0154
29.9068
23.0811
29.4408
26.9463
28.6732
27.5768
28.7555
27.33
25.1371
25.3015
28.4814
27.3575
27.3026
28.2895
28.5362
27.9057
28.2895
30.5373
24.8629
30.5647
25.0548
29.6327
22.9989
28.8377
29.057
28.7829
25.6305
28.5088
26.5899
28.6732
23.3279
28.8651
25.9868
28.7829
28.7829
30.9485
27.2752
25.4112
27.8509
27.7961
28.5088
28.2346
28.0428
27.2752
23.0537
28.3169
28.5362
25.0274
29.3311
28.3991
28.8651
25.2193
29.8794
26.5625
29.1941
27.5219
25.3564
30.1535
27.4397
23.2182
27.5219
26.7818
23.0537
28.4265
30.7566
28.8651
28.6184
29.9616
26.3158
24.9178
25.2193
30.8662
28.3443
28.8925
28.6458
23.4101
26.864
28.591
27.1656
26.6721
28.5636
27.6316
28.6458
28.5088
30.0164
28.5636
26.5625
24.6162
27.7412
23.3553
28.5636
26.6996
28.3991
24.534
29.7423
22.8344
23.3827
28.0702
23.4101
28.0976
22.9715
30.3728
28.8103
27.3026
27.5493
23.2182
26.5351
22.9715
22.5603
28.2072
27.7138
28.3169
30.2632
26.5625
21.6283
23.7664
26.864
21.6009
26.5625
21.6009
21.7654
21.0252
27.7138
21.6557
21.6283
26.6721
25.2467
25.5757
21.5186
21.4638
26.9189
28.1524
24.8081
21.0526
21.3268
20.9156
27.4945
28.3717
20.7237
21.0252
20.0932
26.398
27.8235
19.5998
22.0121
19.9013
20.3125
18.8871
22.2588
18.9967
18.3114
20.3673
16.2829
18.284
23.6842
19.3531
27.1382
17.7632
19.9561
20.0658
20.8607
17.955
27.8783
27.9057
27.9605
15.9265
8.41557
24.8081
23.0811
22.6151
22.5329
22.1491
25.5757
21.7928
21.1349
25.8772
21.9024
21.7928
26.3432
26.261
26.2884
26.3706
21.8202
21.7654
20.477
21.9572
20.3399
25.6031
27.3575
25.932
21.6831
21.6283
21.409
21.3542
20.7237
18.6404
18.2566
15.9265
20.477
18.0373
17.4068
19.0789
19.2982
16.4474
25.4934
21.3542
25.3564
26.398
22.807
22.2314
17.7083
26.1787
23.8761
22.6974
22.2588
24.3969
28.0702
22.5329
21.2993
23.7664
17.9002
18.284
27.2204
22.7248
22.0669
21.6283
24.0406
24.205
19.1886
22.0395
24.7533
22.0395
20.1754
20.0932
21.1897
21.1897
20.3125
21.3816
22.0669
21.4364
21.9024
19.9561
23.6842
22.6425
22.8618
22.2039
22.7796
22.5877
23.3553
22.2039
21.2171
21.7928
20.4221
20.8882
18.284
19.1064
18.3936
19.9013
20.6414
19.3257
21.3816
20.2577
20.2851
19.545
10.307
27.8235
19.9013
19.2434
18.9967
20.2577
10.4989
10.636
17.6809
14.1447
15.0493
16.6393
18.4759
24.3147
18.4485
19.4901
27.1107
21.6557
23.4101
26.5077
26.0417
22.0669
23.9309
28.6184
25.4934
24.7533
27.4397
22.4781
23.1086
20.4496
19.8465
21.1897
24.5614
25.3564
24.6711
24.8904
26.2061
23.6568
23.4649
19.9836
17.7632
17.955
18.8871
18.284
17.8454
18.9419
20.2029
21.0252
21.1623
17.9276
21.1623
20.8607
22.1217
21.9846
19.7643
20.3125
21.5186
19.5175
20.011
20.2851
18.0647
19.0515
18.9145
18.6404
20.5044
18.1195
22.2588
19.216
18.8596
19.9013
19.1612
21.3816
19.2434
10.3618
18.6129
18.3936
18.3114
20.3947
17.818
23.6294
21.1349
21.7928
19.4901
19.9287
18.1743
17.1053
17.1875
18.6129
18.0921
10.2522
17.7632
19.7368
18.6404
15.4057
19.7368
17.9825
19.2708
17.7357
19.7643
19.0515
16.557
20.1206
21.409
19.6272
19.4901
20.2029
21.6831
20.2029
19.2708
21.0526
20.6414
20.943
21.1623
20.3947
20.3947
20.9156
21.7928
18.9693
18.7226
19.0515
19.7643
19.9561
20.6414
20.5318
19.9561
19.0241
18.6404
20.614
20.5044
20.6414
19.3805
22.0669
19.7643
22.1217
20.8607
20.4221
21.1623
21.6009
20.148
19.9013
22.7796
19.1338
20.2851
18.6404
19.5724
18.75
19.4627
21.6283
18.8322
19.6272
19.545
19.9287
18.284
18.6404
19.5998
17.6809
21.4364
19.4627
20.3125
19.5175
20.3673
20.7237
21.9024
23.3279
22.9167
23.6568
26.4254
24.7259
23.2182
23.4923
21.9024
22.5329
21.5186
23.2182
19.682
21.0252
17.4342
18.9145
17.4068
17.2423
17.2697
17.9825
17.1875
19.216
19.5998
17.9276
16.42
19.5998
22.5603
18.7774
18.6952
18.6952
19.2434
18.3936
18.8596
18.8048
18.5033
16.6393
17.5439
17.3794
16.3925
16.091
17.1601
16.091
17.4068
17.2697
17.7083
17.3794
17.8728
18.5581
17.1601
21.1075
23.4649
19.5175
20.0658
18.6404
21.409
22.2039
25.3015
23.3827
22.7796
23.9035
24.205
23.1908
9.07346
17.955
17.9825
18.2566
18.2018
17.7906
18.5855
17.6261
17.489
17.5987
17.955
18.4211
17.7632
18.8322
18.75
38.761
17.6535
17.7906
17.3246
17.5987
17.7083
18.7226
18.7774
6.55154
7.15461
21.0526
20.8333
19.4353
19.6272
20.3947
21.08
21.0526
20.3125
20.8607
21.1623
21.2719
21.0526
21.6557
21.3268
21.6557
22.0943
21.3816
21.2445
21.4638
22.1491
22.1217
22.2314
22.4507
21.9298
22.8344
22.5877
22.807
22.7248
24.2599
25.5482
23.3004
23.739
23.4101
26.1239
25.7127
25.9046
24.6162
24.6985
24.3969
23.1086
22.9989
23.602
23.9857
23.9309
23.5746
22.9441
23.1908
23.4101
23.4923
23.3553
23.4923
23.1634
23.3004
22.807
23.1634
22.7796
22.6425
22.2588
21.9846
21.2171
20.2851
20.3125
23.5471
7.29167
18.6678
18.1743
19.3531
18.4485
18.3114
19.0515
19.3257
18.284
18.4211
17.8454
17.6809
18.1743
18.3662
17.5713
37.7467
37.8838
5.59211
5.61952
37.6919
18.0921
37.8838
5.37281
37.8289
17.5164
18.9145
17.7632
6.44189
5.8114
5.31798
18.4759
17.0779
37.6919
37.5822
37.8289
17.023
17.955
17.955
16.9134
4.6875
4.74232
5.04386
17.489
17.2971
18.8048
17.8728
17.6261
17.8728
17.9825
18.0647
18.5581
18.6404
18.7774
18.2566
19.5724
19.7368
18.5581
18.1743
18.3114
18.5581
18.6678
18.6678
18.6678
18.6129
18.6404
18.4759
17.6809
18.5033
18.2018
18.3114
18.5855
20.2303
18.8048
18.0647
17.818
18.1195
17.8454
18.5033
18.4485
20.0932
18.8322
18.1469
19.0241
20.0658
18.7226
18.5033
18.2566
18.3662
17.8454
18.3114
23.2182
19.3257
19.1064
19.1612
20.8607
18.9693
22.67
22.8344
22.807
23.0537
22.807
22.67
5.59211
5.59211
5.48246
5.61952
6.08553
22.4781
6.41447
22.6151
22.4232
5.15351
22.1491
4.63268
21.875
21.7928
21.7654
21.8202
21.6557
21.4364
21.3268
21.4364
21.5735
17.6261
17.7083
17.8454
17.6535
17.7083
18.3936
17.7357
19.0789
17.4068
19.0789
18.9145
17.4616
17.1875
18.7226
17.7083
17.5439
17.7357
17.7083
17.8728
17.6809
17.7632
19.1612
17.3246
17.6261
17.5439
17.6809
17.5987
17.2149
17.3246
17.4068
17.352
17.489
17.2697
18.6678
17.5987
17.818
17.955
17.6535
17.7906
17.9825
17.6535
19.9013
19.5724
17.6261
17.5713
19.4627
20.0658
19.4353
19.682
20.7511
22.7248
20.3673
20.2029
21.1623
19.5724
21.875
7.31908
39.0899
6.30482
6.71601
38.9254
38.5417
18.2292
18.0099
17.8728
17.8454
18.9693
17.6261
18.7226
17.9825
17.5987
17.9276
17.352
17.5987
17.352
3.53618
3.61842
3.64583
22.8344
22.5329
22.5877
21.3542
21.9846
23.8761
25.9868
26.2336
27.1656
27.0285
26.8914
26.1239
26.0417
25.9046
26.3432
26.6721
26.3158
26.864
26.5077
27.2478
26.3158
25.3564
25.6031
25.0274
25.1919
25.4386
26.2884
21.9572
21.4912
21.7379
20.4221
21.0252
21.5735
21.08
21.3542
21.2445
21.3268
21.2719
21.2445
21.6283
21.8202
21.875
21.6009
22.0121
21.7105
23.0263
22.2588
22.7796
23.0811
23.1908
23.1086
25.3564
23.3553
23.3827
23.2182
23.273
23.0811
21.7379
23.9035
22.67
23.3553
22.1765
23.3004
21.7379
21.3816
21.2171
22.2862
22.2862
23.2456
22.9715
23.4649
24.2325
25.8224
27.0833
26.6721
28.92
25.6853
25.5208
25.4934
25.5757
26.3432
27.2752
26.7818
26.6996
26.6996
26.8092
25.6305
25.4112
24.7259
27.2478
25.5208
25.932
25.0274
25
25.0548
25.2467
24.6436
25.3015
24.8355
25.1371
25.6853
25.7675
26.261
25.4386
25.1645
23.6568
23.602
23.1634
20.5318
20.4496
19.8739
20.3947
20.1206
20.2303
19.0515
20.2851
20.5318
19.3805
19.545
23.3827
22.9167
23.0811
23.1908
23.0537
23.1634
22.5329
4.98904
19.4353
5.09868
23.0263
23.3827
23.0537
19.5998
20.4221
20.7237
22.4507
22.3136
21.6283
24.7533
24.6436
24.5066
25.5208
26.6447
27.4945
25.795
25.0548
24.3695
23.4649
22.341
23.5471
20.477
20.3673
20.0384
22.7522
18.0647
18.5307
22.5877
20.4496
18.8871
18.75
18.6952
19.0515
19.2708
19.6272
19.216
18.7226
4.76974
17.9276
5.31798
19.1886
4.38596
5.26316
20.4221
18.9419
20.8333
21.08
21.1349
24.3147
25.9868
25.7675
25.2741
25.8772
26.1787
25.1096
24.9178
25.7401
26.261
25.0548
25.1371
24.8904
24.205
23.5471
19.8739
21.4912
21.409
20.7785
21.1897
21.2445
21.8202
21.9024
22.1217
21.9024
22.1491
21.2993
21.1349
21.5735
21.2171
22.0395
21.8476
20.5318
21.7379
21.7379
21.7105
22.7248
21.9846
23.0263
25.1096
22.9441
22.2862
23.602
23.3553
23.6294
26.5351
23.7116
24.9178
27.2752
32.045
31.8257
34.9781
31.9901
29.5504
32.6206
26.5351
29.3037
30.7292
33.3059
32.8125
30.2632
33.2785
24.7533
30.9759
33.9638
27.9057
30.6469
30.3728
29.4134
31.2774
33.4156
29.989
30.2357
33.1689
30.455
31.7708
32.4013
27.9879
25.4112
24.1502
29.6053
27.2204
26.9189
18.9693
19.2708
30.5647
26.9737
23.6568
20.3125
24.205
23.2182
23.7939
23.1086
25.0548
23.0263
28.5636
28.9748
28.7281
22.5603
27.9879
29.2763
31.9627
25.9868
32.8673
30.7018
29.7971
32.8125
33.9638
26.5899
33.1689
32.182
22.2314
29.0022
24.6162
23.0811
6.93531
19.8191
18.8596
22.6425
22.1491
10.6634
21.6009
10.6634
10.9101
10.8279
10.4989
10.4715
18.9693
10.7182
23.2456
19.8465
18.3662
10.6908
11.1294
23.7939
20.3947
17.023
22.1491
26.8092
28.8103
29.1667
31.3871
32.0998
33.58
31.0033
30.4276
28.7281
28.9474
34.0735
32.7851
31.0033
29.1118
28.2346
31.6064
30.1809
28.8377
32.8673
32.7577
31.3048
28.9474
29.4956
22.9989
22.8344
24.534
24.5614
23.9583
27.3849
21.9572
18.8596
25.795
26.864
18.9967
26.5625
19.3531
21.1349
27.9331
27.0559
29.4682
29.7697
30.4276
29.989
28.1798
33.1963
28.3169
32.7029
32.6754
27.8235
31.1952
25.9594
32.045
32.0998
29.0844
31.3596
26.7818
19.4901
23.8761
25.8224
22.0943
25.4934
17.1601
21.1897
23.2182
22.9167
24.4518
26.5077
19.2434
19.2708
26.0143
28.6184
26.2336
29.6875
29.1118
28.6184
31.3871
26.6173
26.4254
33.58
29.8794
29.4956
28.92
29.4682
25.7675
26.5077
19.9287
19.5175
21.7105
22.9715
20.5318
20.011
25.3564
19.3257
19.5998
18.5855
18.6404
18.7226
18.8596
25.6031
17.7632
19.7094
19.4079
25.4386
21.3816
21.7654
9.32018
21.5735
20.011
24.3969
19.545
21.2993
27.5768
21.3816
27.7961
29.0844
29.7423
32.3739
31.7708
25.466
26.261
28.6732
27.5219
22.5877
31.1404
21.8202
26.3706
26.727
19.0241
21.5186
20.011
26.4529
21.6283
19.0789
19.545
21.875
17.1601
18.3388
17.2971
24.9452
17.352
17.6809
26.8366
28.7829
28.8377
27.7686
28.8925
29.7697
28.2346
27.4123
26.2336
31.0855
28.9748
28.2072
28.8651
31.2774
21.6831
27.4945
28.0154
23.6568
24.8081
27.5493
25.3015
21.8202
27.7961
24.1228
23.4375
23.3553
24.0406
19.8465
21.9024
22.0395
20.1206
23.9857
24.5888
27.5768
23.9035
20.6963
23.136
21.409
24.1228
24.8904
27.5219
22.67
27.1382
26.0691
28.4265
28.5088
24.4243
27.0011
28.5362
21.5735
23.273
22.5877
20.2851
21.9298
18.1469
18.4485
18.284
19.7643
19.8465
19.9013
9.5943
9.5943
9.64912
18.6404
18.9693
18.0099
20.3125
20.5044
17.2423
18.7226
18.9693
21.2171
18.9967
21.0252
27.8235
24.6985
20.477
21.1349
20.9704
27.2204
26.0691
22.2314
23.9309
24.0132
22.4507
26.1787
28.1798
27.6864
27.7138
24.534
20.3947
27.9879
26.4529
25.8224
28.6184
22.67
17.3794
11.0471
21.7928
11.0746
11.0197
28.2072
18.3936
18.284
18.3662
20.1754
18.9967
17.9276
25.932
25.5208
27.9605
27.9057
27.7961
27.193
24.9726
19.7094
19.6546
19.8465
18.9419
18.7774
24.0406
26.9189
25.7401
19.5998
19.4079
26.1239
24.2325
27.0285
24.6711
27.2204
28.1524
22.5055
21.9846
25.0822
24.1228
25.3015
25.0548
24.6985
24.7807
24.9178
25.1096
26.4254
27.4123
26.9189
26.727
24.1502
28.6184
23.9309
23.9857
25.2741
26.5351
24.6985
26.5077
26.0691
24.6436
30.2632
19.8465
21.1075
19.9836
26.727
18.9967
10.4989
19.3257
19.0241
20.3947
31.3596
27.0559
25.8224
25.9594
25.3015
24.4518
19.9287
27.3849
23.9583
24.3147
23.5471
28.9748
22.5877
27.0833
29.6053
30.8114
27.7138
31.6338
30.1535
28.3991
24.8081
25.0274
22.5603
24.5066
21.9572
24.0406
19.5175
25.1096
29.9068
22.4232
29.1667
27.0011
10.3344
25.0548
19.9013
10.8827
28.7829
30.2083
29.9616
30.6195
31.4419
28.6458
29.9342
28.2621
30.0987
20.7511
21.3268
22.4507
27.8783
26.4529
27.4671
26.0417
24.9452
23.1086
26.864
27.2204
25.466
24.1502
22.8618
25.4386
25.1645
27.2204
16.9682
18.9145
18.0921
25.4112
28.7829
27.5493
21.5461
29.057
31.3322
27.1656
32.4013
29.1118
33.0866
28.1798
28.5362
29.2489
23.6568
22.3684
21.0252
24.1776
21.6557
21.9024
21.08
22.9715
25.4112
10.0877
20.7237
27.9057
27.0833
23.0537
23.7664
19.3257
10.0329
21.4364
26.7818
28.5088
29.1667
22.8893
29.1941
22.7796
10.636
23.273
10.5263
25.4934
27.5768
10.6086
26.5899
25.9046
20.3125
27.8235
22.1765
26.7544
29.3586
30.7566
26.4529
24.6162
29.057
30.9211
29.0022
24.1776
30.6469
28.6732
29.4682
29.7149
29.0844
28.2621
30.0713
31.4419
30.4825
31.9079
31.9901
25.3289
29.3311
26.9189
23.6568
27.8783
27.7961
27.0833
31.1129
26.5351
31.1952
29.7423
28.4265
30.455
24.1502
28.6184
21.7654
31.0033
20.3125
24.8904
24.5614
19.5724
28.0154
31.1678
24.8904
29.9616
30.0713
25.5482
21.9024
29.4134
28.2621
27.4123
26.6447
30.1535
25.8772
25.6853
20.9156
29.2489
21.0252
24.7259
26.1513
25.3015
21.1075
26.0417
10.1974
19.8465
22.341
27.7138
30.8662
31.1129
30.6469
29.7971
26.8914
31.4693
30.8114
26.9189
27.7961
20.2029
28.2346
23.9309
24.1228
26.398
29.7697
25.8772
29.7149
28.7555
23.136
19.8465
9.78618
9.78618
18.9693
19.0789
27.1382
20.1206
19.9836
27.7412
20.5592
25.6579
26.9737
32.1546
26.6996
31.5789
29.1667
24.7259
29.6053
29.7697
30.0164
20.3125
23.3827
29.3037
20.0384
21.9024
28.1524
24.1228
18.8871
19.0241
9.67654
25.466
26.5625
27.9057
28.8925
29.8246
32.1272
28.5362
28.0976
33.4978
32.4013
32.4013
31.3048
32.7851
30.5373
28.4265
31.3596
30.0439
31.6886
26.0691
25.3838
24.6162
28.4814
21.2445
19.1612
18.9693
21.0526
25.5208
27.0011
22.1491
22.0943
22.4507
17.6535
26.6721
25
21.0526
23.0263
23.6842
30.5647
35.2248
30.0439
31.1678
31.6064
36.1568
31.8805
25.8772
26.398
28.2621
25.8772
21.8476
25.0274
26.5077
27.1382
17.3794
26.6173
26.5351
25.7127
22.8618
22.6151
24.0406
27.7138
27.1656
25.7127
26.0691
19.7094
24.2325
29.7149
29.1667
27.1107
23.4649
21.7379
23.273
25.5482
28.3169
31.3322
33.0044
38.7061
34.1009
32.3739
32.8947
37.6371
36.239
36.7599
35.9649
36.0197
38.4046
34.0186
30.2357
33.1414
35.0055
30.8114
30.0987
34.9781
35.3344
34.5943
32.2917
37.9112
32.5658
34.8136
34.2928
27.3026
32.6754
32.8947
28.9748
36.7873
29.0022
27.659
36.239
34.9781
29.2489
36.0471
32.7851
35.17
36.2939
32.7029
35.8279
35.5263
36.9792
33.3333
34.5395
36.9518
33.0592
36.5132
36.4309
30.784
31.3048
34.5395
30.4002
30.5099
29.4134
32.0724
33.0044
34.4572
30.9211
29.057
33.7171
32.2094
31.9627
29.3311
34.4846
32.4287
32.4287
34.5121
34.4298
37.3629
35.8279
35.1151
36.4857
35.636
35.1425
34.5121
28.2621
32.648
26.8092
31.6064
27.3849
35.5263
36.6776
34.2105
35.4167
32.045
33.2237
34.7862
31.0033
30.8662
32.7851
31.3596
27.33
31.9079
30.7566
29.7149
29.7149
27.4123
28.6458
24.6985
24.1776
30.784
20.943
28.0702
20.011
25.9046
24.534
25.0274
21.4364
26.0965
25.7401
21.7928
19.7094
22.0943
21.9298
21.7379
28.0428
27.4123
22.9167
18.1743
23.7939
23.7116
23.6842
26.9737
24.205
25.1645
27.2204
24.6162
23.4101
21.6283
26.1513
25.9594
22.4781
22.7522
22.7522
26.0143
23.6568
26.5077
20.7785
24.3421
23.8213
23.739
25.932
20.1754
19.9561
23.3827
21.2445
21.6831
27.3026
27.5768
28.8377
18.9145
19.216
18.6678
22.6974
21.0252
22.0943
20.7237
20.3947
17.9825
17.8454
10.6634
26.0417
20.3125
25.5482
22.3958
19.2708
21.08
24.1502
17.023
10.0329
19.682
17.7632
23.9309
10.0603
10.0603
10.1974
9.75877
9.97807
10.6086
10.5537
25.1096
19.7094
20.9704
21.3268
20.7511
22.9167
23.5197
27.193
18.1469
25
24.9452
29.2489
28.7829
23.9309
24.1776
20.6414
26.4529
24.2599
23.4101
9.64912
26.5077
26.6447
18.2566
23.9309
18.9145
21.9024
21.7379
8.9364
21.5186
26.5351
27.0833
23.3827
19.9287
21.8202
19.682
26.8914
26.3158
29.1941
26.9189
24.9452
19.9561
19.9013
19.9287
18.8871
24.2325
22.1765
23.3827
23.3004
23.1634
23.1086
21.9298
21.2719
21.3268
21.4364
20.614
21.9572
24.1776
22.3136
23.7939
24.068
17.5439
18.3388
18.4485
21.9572
27.7138
27.2752
19.1612
18.5033
26.2336
25.1096
24.6711
24.6436
26.3158
24.534
24.6436
21.5735
21.9846
24.8629
19.2982
20.1206
20.4496
20.5044
20.614
20.5318
17.6261
26.2336
17.9825
16.9134
16.9682
16.6393
27.1656
21.5186
16.2829
25.7675
26.4254
26.7818
28.6458
26.9737
19.5998
17.3794
25.2741
17.6261
19.0241
23.4649
19.9836
21.6831
16.2281
20.0384
18.284
20.011
19.8191
18.0373
18.3936
10.0877
19.5724
20.2029
25.0822
21.5461
17.7632
23.8487
26.8366
26.0965
26.8092
18.8048
23.9309
30.6195
24.9726
28.7555
29.4682
23.6294
24.5614
23.8487
22.6151
29.0844
18.4759
18.5033
25.2467
20.3947
19.0515
18.9967
25.7675
21.1075
20.5044
26.8366
24.2873
28.4265
25.2467
24.8629
25.7401
26.5625
28.2895
30.8114
24.6162
27.9879
27.6042
23.9857
28.1524
27.193
19.9561
24.9452
23.1908
20.2303
19.9561
20.9704
24.6711
19.4901
24.7807
19.7643
19.2708
22.2039
26.4529
24.4518
27.0559
23.3827
24.6711
24.205
20.4221
9.26535
21.9298
21.1623
21.08
22.0943
21.9846
22.7248
22.0943
23.1908
32.5658
37.8289
31.0855
33.3059
32.2368
24.6985
30.1809
34.1009
36.7873
36.4309
37.2259
34.8684
34.8136
30.9211
35.17
37.5548
36.102
35.307
36.9243
37.7741
34.9232
36.2116
30.1809
34.6765
37.8289
34.8684
30.4002
35.2248
35.1151
35.2796
29.9342
35.6908
34.9781
34.1831
35.1974
35.1974
37.1985
38.7336
36.5132
35.0055
37.034
35.8279
37.5548
35.2796
37.4178
34.8684
34.8684
35.5811
36.0197
35.1425
34.841
37.1711
37.9934
29.3586
34.6765
39.7478
37.5