89.0188
88.4397
91.7119
94.0778
95.7653
96.5301
97.7337
99.1441
100.432
102.299
99.7061
99.3006
99.023
96.8846
95.794
99.1449
97.2462
93.5695
90.5273
87.5052
88.4764
89.9428
88.4525
88.8481
89.9929
91.5929
91.3129
91.2939
93.3541
89.437
90.974
92.2932
89.999
89.6641
90.0049
92.0932
90.6717
92.0638
96.2386
97.8648
97.742
99.3842
100.048
99.2037
100.532
101.305
100.326
97.4474
94.8161
93.4351
93.7277
94.7617
92.9622
94.7561
96.2483
91.3448
87.7759
87.7279
90.3343
92.7587
96.1988
97.6121
96.1969
93.0855
92.7192
92.4975
90.7613
89.9679
90.0412
90.1151
92.1659
93.3804
94.5829
93.8573
92.4694
92.8324
94.2648
95.5
98.1671
100.001
102.348
103.081
103.278
102.527
103.622
104.945
104.692
104.131
103.389
101.715
99.7192
97.7034
98.2048
98.739
98.5682
97.8576
95.2411
95.0742
95.8189
95.0173
94.8186
95.4373
95.5433
94.8764
94.4466
90.687
88.6438
86.3759
83.4769
86.0094
85.7706
85.8393
88.2585
87.8568
86.8615
87.494
89.3972
87.3443
81.6259
82.6633
85.0561
90.8885
90.956
88.4576
85.9281
83.4979
83.0815
83.4687
82.6101
81.201
82.7694
87.5389
91.2296
91.399
91.9264
92.8409
87.8876
89.481
91.7145
94.0269
93.9511
94.6031
93.3004
92.4434
93.4768
93.8569
95.6455
92.2783
89.2431
87.6541
86.095
82.8605
81.0125
84.5128
89.5639
94.0901
89.965
92.7006
91.5964
92.2169
92.3586
87.1903
90.2055
92.8986
94.1079
93.5933
92.8538
89.9915
86.7582
86.7737
91.0866
100.052
106.542
98.8363
91.7188
89.9868
86.7376
84.5118
87.8481
88.7637
85.5481
82.3603
87.3317
87.6915
82.7715
83.0178
84.6461
85.7633
86.4923
86.427
87.5102
88.1151
88.96
89.8587
90.1859
89.616
92.5086
90.2776
87.947
84.7081
81.9292
79.3484
77.0851
76.5085
82.8036
85.1785
93.2511
95.9467
103.441
105.913
107.052
106.6
101.108
103.016
103.968
103.459
102.834
100.941
97.2853
94.1907
92.7811
86.8812
92.2237
91.6464
91.099
93.9534
93.087
101.967
97.7991
104.412
94.9722
97.4235
97.0844
100.433
102.732
104.807
106.112
107.922
107.415
106.023
106.447
107.871
108.308
109.542
112.105
115.834
122.416
131.353
132.711
133.307
129.159
124.303
119.889
116.25
116.006
117.626
116.572
115.429
115.568
116.483
118.735
117.803
116.539
116.462
117.307
119.956
125.304
126.631
120.714
110.338
103.238
101.236
97.3608
94.7786
92.8267
92.9457
92.8201
93.7392
93.9239
94.6236
96.071
99.1631
105.009
105.366
101.631
98.6786
93.7906
91.3334
94.8727
100.756
103.593
100.686
98.3847
96.9228
96.3053
97.4265
97.4458
97.2132
97.1234
98.2779
100.747
99.2266
95.2203
94.6868
98.1589
98.6327
96.2075
96.3312
94.0113
94.4075
94.1527
93.317
91.1314
91.2189
93.6284
94.6965
96.6444
98.9187
99.6694
98.3994
93.4148
91.5877
92.2681
91.234
93.5644
89.7378
91.2758
93.9038
97.0085
94.5609
97.7645
98.414
99.1959
95.6692
92.1026
90.5073
89.8162
88.9779
89.0447
86.2138
84.4291
85.6845
86.6983
88.7749
95.811
92.413
99.0179
106.81
113.738
110.837
108.19
105.194
100.902
96.8712
98.0218
95.8812
89.4028
93.4199
94.9623
95.32
95.2899
96.2929
95.1567
94.4732
96.2603
95.4416
93.8851
94.5547
95.1306
93.2464
92.8802
95.561
95.806
96.3503
96.9346
95.3949
95.1812
93.1172
91.3518
91.674
94.0642
93.8853
95.4449
97.7703
99.5856
100.987
99.5234
96.8688
94.1084
92.8687
93.2703
91.2965
88.4627
87.713
87.855
92.5295
96.594
97.6518
97.7914
98.2301
98.8511
99.4285
99.0915
99.1955
100.145
100.911
102.187
103.797
105.249
106.265
107.077
108.417
109.915
113.343
116.595
116.996
116.587
116.649
117.536
117.483
116.539
115.435
110.45
105.099
99.4372
100.105
88.2604
94.3671
89.7825
89.4258
93.6866
92.5295
92.5703
91.1005
89.103
88.0946
90.1602
89.5602
89.3483
85.0216
84.1573
89.4357
94.5254
97.4849
98.394
103.069
105.538
103.272
102.571
101.921
102.121
102.407
104.503
106.56
104.208
102.633
102.553
100.691
99.8238
98.169
97.5196
97.8424
98.5595
98.1306
97.6412
97.521
96.973
96.13
96.3503
95.9901
93.6008
95.3051
90.7593
89.516
89.0769
90.5203
91.076
89.7707
89.3944
91.5761
96.0909
97.1924
96.9532
99.6317
102.962
104.892
106.333
109.326
105.691
100.466
97.5905
95.1178
94.0212
94.5067
91.2794
88.9439
89.9619
92.3302
95.691
97.1889
94.0027
96.0606
94.5397
94.44
96.1126
95.6874
94.0759
93.4568
92.9984
94.2986
97.6796
100.907
102.144
98.8701
97.5819
98.3469
96.8674
93.1557
93.4464
95.4581
98.0464
100.419
101.673
101.664
101.215
102.37
103.483
103.555
103.174
102.905
102.544
101.984
102.114
102.915
102.881
102.015
101.599
101.49
101.425
101.012
100.676
100.536
100.403
100.463
100.495
100.185
100.189
100.354
100.376
100.348
100.382
100.376
100.424
100.527
100.575
100.643
100.484
100.609
100.664
101.086
101.121
101.379
101.588
101.486
101.48
101.513
101.194
101.131
101.088
100.542
97.2445
98.3076
95.6893
96.0854
95.6057
98.9934
97.955
102.567
102.942
101.754
102.974
103.22
102.114
100.527
98.0215
100.795
95.7827
92.751
88.2788
88.3117
88.8789
90.7014
88.0146
88.5623
91.3454
89.6096
88.6645
89.9836
91.7019
93.9425
94.996
95.7947
95.5419
95.3603
95.1983
95.4603
96.8547
99.4617
102.11
104.717
106.525
107.541
108.123
107.243
102.292
98.2878
93.904
93.0789
93.7175
94.9244
94.9793
93.1105
94.1713
93.8599
88.9423
87.8023
89.7701
93.8996
89.8292
93.2148
88.1622
90.7184
92.7081
89.0338
93.0952
92.1779
96.2732
93.8007
93.9183
94.6687
96.3352
97.4996
94.7784
93.334
93.1404
97.3487
94.8026
94.3942
93.3583
93.3194
94.6381
94.0443
94.1174
90.9828
90.7553
96.1075
100.149
100.577
98.7363
97.9131
98.3715
96.4763
95.4066
92.8567
91.7477
91.5489
90.1227
89.419
90.5087
88.1271
90.1104
91.3078
93.1779
95.574
93.3945
92.2029
90.9447
90.7437
90.3494
91.2853
92.217
91.9947
93.1498
94.8704
97.5013
97.1348
94.9389
95.212
94.6605
98.5521
95.0089
96.9785
98.4378
101.093
104.022
105.285
103.675
102.807
98.3814
97.0249
95.0979
95.6895
94.3011
96.5579
97.6561
98.3225
97.4594
97.0508
97.8523
97.7494
98.5124
101.257
100.949
101.808
102.68
104.405
104.323
105.256
103.687
105.986
103.429
105.921
102.932
106.015
101.698
105.474
101.729
104.383
103.099
98.949
104.558
102.387
97.7475
99.2935
100.089
96.9351
98.965
94.7724
97.688
91.4672
95.8702
94.7526
91.156
97.6042
94.1064
91.3669
88.125
87.0993
87.7664
86.1587
81.9701
84.2161
85.6867
84.5985
88.306
89.5613
87.7997
87.6449
90.1905
93.4988
96.0605
93.516
88.0456
84.6924
82.2072
85.7617
89.2601
92.1912
91.4299
91.5379
93.2951
96.513
98.6715
103.174
103.248
101.287
95.9791
95.1306
93.291
95.8966
98.7256
95.6842
92.8425
89.2663
87.2119
86.6967
87.0827
86.9885
90.9293
96.0217
99.2447
101.44
102.426
102.521
99.6559
93.3715
91.7082
95.9802
96.4109
96.4559
97.1954
97.4216
101.901
102.57
102.495
102.345
103.544
104.244
105.882
102.745
99.2493
94.7799
93.8145
93.5015
93.3239
93.8504
95.1715
97.2554
97.9916
95.4347
94.9078
95.1627
96.7843
98.2889
96.7904
96.1522
95.9874
97.2868
98.2563
98.8833
99.5282
99.7374
100.124
100.811
103.084
103.49
102.806
102.646
103.302
103.523
104.523
103.557
103.463
103.87
104.306
102.316
106.006
103.402
106.965
105.676
105.437
106.062
102.18
103.281
99.6762
94.9876
92.0608
89.984
93.2594
94.6149
94.0585
90.8588
92.0334
95.4821
99.3659
98.4609
97.1202
95.1935
95.3869
97.7494
102.667
106.425
109.411
105.046
101.035
98.7334
98.1857
101.622
104.258
104.737
101.144
97.5744
95.7637
88.986
89.3891
92.5277
90.8013
88.3998
84.2282
86.3716
86.5883
86.7146
88.7953
87.6415
86.4127
91.1373
91.3395
87.3839
88.2772
92.5838
88.8667
91.0068
86.7869
86.6328
90.8511
90.7738
87.6666
88.8416
87.6857
97.6351
100.238
100.763
100.755
102.837
100.783
97.17
96.1361
95.0144
93.5115
92.201
93.4699
95.509
97.4324
98.9644
97.9158
94.9266
91.3268
88.3638
90.6916
95.2952
101.122
103.056
100.658
97.7821
91.4202
91.1256
93.9296
98.0119
98.6195
97.7001
96.1885
95.1473
94.6063
95.5237
94.5625
93.5939
93.0432
95.5131
94.4067
91.021
88.7259
87.173
90.8505
94.6949
100.4
101.424
101.075
100.23
95.1538
90.9568
83.5109
82.6539
83.1297
84.1201
86.4318
87.68
89.5326
89.9597
89.3472
89.4009
88.1818
87.7813
89.1732
91.275
93.194
96.852
93.4556
89.8605
87.9235
86.6035
87.6989
89.9376
85.1357
91.9454
90.1757
91.1399
92.5799
96.5521
96.1898
94.2304
96.9777
96.1632
92.2996
90.9462
92.0794
91.6084
90.6745
86.0593
87.1921
94.2841
95.5713
95.4961
96.1593
96.7628
97.9068
103.564
91.1335
86.3496
83.306
84.1874
87.5733
90.4194
92.659
93.3098
94.1354
91.9605
91.297
86.6774
84.7647
89.946
96.3938
93.5658
93.6073
98.2416
100.95
98.9124
91.426
91.6121
95.2708
102.701
101.062
96.557
95.1882
91.0874
91.2719
91.9045
91.5358
89.6647
97.7688
95.7675
93.3681
96.2412
100.422
109.569
100.251
95.0667
89.6036
91.0617
82.7228
80.4015
79.563
80.9858
81.3341
84.575
88.4837
92.8229
92.3046
94.6089
85.3846
84.3038
72.6258
92.2233
96.8555
99.492
93.9692
97.9525
91.3397
87.313
90.1786
92.5979
92.3446
91.4082
91.6806
89.6828
97.1121
99.4603
101.241
103.668
104.977
108.197
105.724
103.034
106.177
106.275
100.398
108.33
102.018
99.2256
90.3091
100.005
100.22
95.7476
94.0859
94.8978
95.5112
98.2061
99.0564
104.163
97.1539
104.56
98.6317
102.524
94.0092
106.57
92.1247
100.733
94.9245
90.2378
87.849
86.5972
87.451
88.9009
90.134
90.3442
90.073
89.2403
88.629
88.0393
88.525
88.7555
88.6209
88.7699
89.166
89.4119
89.9452
90.7523
90.6907
91.4363
92.4833
86.9708
84.6121
84.1998
86.269
89.0634
93.6814
95.7232
95.4964
95.1527
93.706
93.4846
93.754
95.766
96.1006
95.0934
85.7325
90.0884
91.7043
88.1098
85.2065
83.7174
85.2631
87.8854
88.7736
90.4424
90.1848
88.9171
88.3011
87.4667
87.6673
86.9469
87.9622
90.4294
92.7536
92.8109
93.003
91.265
91.4305
91.7545
90.7519
90.5377
91.7602
88.1513
83.2206
81.1537
84.0052
86.4912
87.0986
86.6831
87.21
88.6148
89.2329
90.7259
92.2793
92.2986
92.0039
91.7473
90.2212
89.893
92.1168
94.4966
98.75
95.1981
92.4475
92.4325
91.6288
91.3768
87.9534
90.2161
94.5158
94.3679
92.09
90.2614
89.7255
87.9694
86.0725
86.4704
87.8338
89.0908
89.503
90.3699
91.3705
91.7505
92.4616
92.3919
92.4375
92.3334
91.2063
91.5038
92.8639
92.6839
93.829
94.2782
94.2539
93.9253
92.9838
95.6921
98.8226
98.9285
96.4295
94.3673
90.4312
87.3244
90.5872
95.4205
97.6266
98.9359
100.867
101.623
102.694
102.206
99.8021
98.5231
97.4832
96.482
90.0465
97.7098
95.1081
94.9462
96.3294
97.5736
99.1175
100.01
99.6816
99.42
99.1084
98.4002
97.3508
96.228
94.3124
91.2858
89.2189
88.5474
89.0003
93.3961
96.2176
95.5493
94.7715
93.0371
94.9661
97.2078
96.4892
88.5546
83.937
83.3077
84.2602
87.856
88.916
90.1718
87.1754
87.3846
88.1334
86.2317
85.5447
87.6691
91.347
92.2614
91.1278
91.0047
93.571
96.2895
98.3044
99.4919
101.277
99.1586
92.3877
90.9762
87.7464
85.0351
87.0618
90.9113
93.2611
93.178
92.5141
94.4593
93.3614
91.1178
88.5557
86.3957
90.0365
91.9669
91.2585
91.4427
92.3703
88.0001
86.1412
83.6445
81.0279
83.6214
89.972
96.2033
98.6668
101.106
98.4273
98.7243
99.4913
97.8701
94.6623
94.7059
96.7314
90.8846
87.9831
87.2896
84.6133
84.4966
85.0313
88.0738
90.1038
89.6455
92.4055
92.2342
92.5367
92.3056
93.3105
94.4724
98.9224
97.237
96.3408
93.5544
92.2667
91.7751
89.6237
88.6303
90.0137
90.3429
88.5755
88.995
91.8945
91.7896
87.5712
87.9286
90.7364
92.0761
95.7653
95.3213
91.5528
89.929
90.34
90.2488
90.8494
91.7105
90.6394
92.0697
91.8362
91.6633
90.795
89.952
89.5992
89.6738
89.7864
90.2091
91.1747
91.8307
92.1076
92.7059
93.0892
93.8014
94.0669
92.6305
90.7349
89.6559
88.8615
87.9554
88.448
88.5366
87.9201
87.1907
85.3074
85.6809
88.3204
90.3559
92.4773
93.067
92.1463
93.2102
92.0119
91.7858
91.178
91.9639
94.5249
97.8286
99.4504
100.04
99.8893
99.633
98.9023
97.7738
96.1373
97.2225
96.1706
93.5501
92.0978
91.6613
91.221
93.4625
94.9325
95.6134
94.6529
93.0273
91.2844
88.745
87.3739
88.1189
88.3051
87.6316
87.1517
87.0052
86.8228
88.7276
88.9782
89.2273
91.4803
92.5673
93.1539
92.0635
94.6404
93.9489
87.8299
88.8364
92.3059
95.2823
95.5224
91.3407
81.8798
86.8099
87.6855
86.8277
88.1961
93.2189
98.2966
102.119
99.3116
94.1866
88.2088
89.3854
86.5984
89.6011
89.0805
88.5411
92.6669
92.5828
89.6862
94.821
96.8168
91.9392
81.5777
81.7349
87.4406
93.1625
89.4321
89.9232
95.3495
93.085
91.6011
93.993
96.5616
92.7524
90.751
89.3736
95.5951
94.0664
94.8291
94.7447
93.7353
96.6024
96.4138
92.7046
90.4356
91.5755
86.8989
89.7594
91.9618
92.1915
90.1021
96.3796
98.0265
100.869
96.3162
96.2724
94.341
90.4275
88.1609
85.4003
86.4196
87.5281
86.9402
88.7674
86.6499
89.1832
92.4967
96.04
94.5307
94.9764
94.5435
91.3869
90.8485
88.3441
88.5747
88.5837
86.9148
91.1559
93.7211
88.6296
86.6568
84.4832
85.4424
88.5696
87.52
87.6913
88.5983
86.8129
89.0132
90.2685
85.7128
85.9546
86.5492
85.8691
84.9471
83.8892
84.0808
83.2515
83.1629
82.5874
81.6813
82.1007
83.3446
84.0109
85.3998
84.8844
89.1384
92.6195
93.6629
93.831
91.9001
89.6484
88.4074
90.8311
92.3192
88.4364
95.9066
91.6719
92.1588
92.861
94.6426
92.8008
89.2331
83.8123
84.7855
87.8418
91.2356
93.1873
94.1625
93.1303
88.8887
91.4424
95.1067
95.529
94.4522
94.7252
93.3321
94.8757
93.2473
94.9987
92.5795
89.2904
87.9128
86.2966
82.3176
81.4601
85.8994
90.7049
93.0303
91.3723
91.4188
92.9294
93.0361
90.4639
88.9824
92.326
94.0375
93.4577
93.3743
90.7493
85.7391
88.7433
94.3455
99.9419
103.522
96.9726
92.4803
87.8636
86.0244
88.7671
89.7422
86.0424
86.2018
84.7589
80.8919
84.516
86.5163
87.3121
88.4048
89.8729
91.7067
92.8913
97.4363
94.3003
93.0697
91.9377
88.2809
88.0108
89.9829
93.943
93.5831
92.0343
93.7393
97.2616
101.523
103.509
97.795
89.0012
87.4643
87.6061
93.9462
89.2471
87.1385
88.6774
91.5945
92.9382
95.2328
94.8993
88.3013
84.509
81.5276
79.35
78.7132
79.6528
81.6025
84.9305
87.4091
88.679
87.6418
86.588
85.8185
85.3069
83.3952
83.4215
85.7691
88.6131
83.7286
87.7951
89.7402
90.8026
89.6764
88.1019
88.4553
89.7603
93.3089
95.6793
97.1602
92.823
84.5312
86.0823
85.8202
86.5481
88.1523
88.2421
88.5637
87.6562
87.3325
86.6172
86.3325
86.5591
84.8333
84.5694
84.7189
85.0195
85.3382
85.0053
84.4052
84.1805
85.0345
85.5939
85.6779
85.6334
84.7481
83.7003
81.8791
82.2594
83.3309
84.4887
86.2685
87.1751
90.4998
93.1319
96.2394
96.0968
93.9659
92.9991
86.0733
84.8309
83.41
84.2239
87.5572
91.3237
93.3301
90.8618
89.6304
87.5537
86.338
85.3055
86.2481
86.7371
85.3461
83.3776
82.9989
80.8416
79.8465
78.6373
82.445
86.5818
88.5748
86.646
93.7187
97.4019
96.3993
94.0913
89.2593
92.5498
85.033
84.9023
86.4693
87.1129
88.5041
83.7723
86.94
85.3716
89.4698
88.0162
91.5793
88.5737
87.6867
88.091
86.5939
86.1435
84.9912
84.311
83.9516
84.7896
86.0186
86.6095
87.5612
87.8907
89.0979
88.5639
87.915
87.748
89.2237
89.5703
91.0367
93.3535
95.0995
96.9752
99.1222
95.1789
89.9017
87.7833
85.7669
85.4099
87.3232
87.4827
87.4722
86.2007
85.295
89.1961
93.7754
99.0926
105.849
110.331
108.692
101.852
96.5448
93.0763
90.3325
93.921
93.376
86.838
84.3912
85.4038
87.6951
88.7932
85.9029
84.4987
83.2603
84.8749
85.6881
84.4934
86.9674
82.286
78.7023
77.4309
78.5461
77.9132
83.9722
95.9393
104.627
105.252
102.577
103.78
104.832
104.846
102.953
102.33
100.115
95.6163
92.7628
95.6777
95.587
95.4085
88.985
98.4225
96.046
93.9689
93.6368
99.0773
95.21
102.391
95.939
93.9303
94.3058
93.4809
89.8219
85.4342
84.9233
83.3223
85.0138
90.3755
95.0367
96.5216
95.5797
89.1921
92.8328
94.8052
95.4397
99.5498
98.2659
94.9195
88.5385
88.4813
88.5373
95.7144
81.1413
79.3567
87.6451
86.9626
90.0355
85.2751
92.9429
80.8147
82.4185
81.2698
91.8759
82.3457
85.8946
84.5702
87.683
84.1769
88.0984
86.6263
84.2758
92.1254
91.1582
96.3818
98.9622
102.294
103.389
105.355
106.283
106.586
105.365
101.603
96.6558
92.8613
93.3584
89.3963
95.9725
93.1307
99.4593
99.8528
96.9458
101.377
97.8631
103.031
97.8797
100.332
89.8518
95.3481
92.7193
92.6975
85.3342
95.0583
91.2848
89.26
89.113
88.3021
87.7459
87.4047
86.9437
87.0847
86.5923
86.0527
86.9375
86.4731
84.7059
85.6748
84.7158
85.4109
85.1032
85.185
86.5721
95.0514
85.5979
87.0872
88.3585
94.5391
87.1927
90.4849
94.5411
98.3308
97.6783
96.1559
92.913
92.5293
94.4735
95.9048
94.8447
94.496
93.0716
92.1425
90.8222
89.8428
88.0599
88.7602
88.4596
89.2624
90.6819
92.7848
91.332
92.1293
89.0757
92.6694
93.3865
95.2861
97.7961
99.7101
101.615
101.807
99.8636
106.532
100.572
103.409
92.1873
99.9475
94.4203
92.8324
91.8643
85.6249
83.1077
87.8989
90.1287
89.3154
88.3926
88.4999
80.2162
93.8122
92.877
92.7362
92.0389
90.7325
92.894
92.8239
89.855
90.5357
89.321
92.1015
95.405
92.9056
93.0841
93.7081
92.7553
86.6929
86.9199
88.067
91.7516
87.5347
88.5113
92.0207
91.5298
88.8892
90.8676
92.3008
92.8596
95.9848
94.169
90.0099
95.3093
97.0198
102.377
106.786
106.301
109.557
111.023
107.094
100.095
97.4297
98.6053
92.8375
89.6878
88.9635
86.4408
84.534
84.1416
86.9907
90.7317
90.0585
90.8221
86.811
83.2568
88.45
96.1484
92.9715
85.6815
88.1197
87.2202
84.7569
86.6729
89.1464
88.0005
91.1595
96.6979
99.5151
94.1554
88.9684
86.2429
87.8743
87.3287
89.6796
93.2058
90.8304
90.7077
93.3855
96.1407
96.869
95.863
93.007
91.7354
93.0523
96.7593
99.0061
100.902
102.122
101.424
100.608
101.857
102.516
103.297
102.779
100.005
98.8068
97.7586
96.3834
94.8124
92.9142
91.1269
90.9895
91.5351
92.6596
94.7876
94.9154
94.3263
94.8592
95.7543
97.1522
96.1566
96.1475
98.1476
99.9845
103.45
108.011
113.338
115.945
116.268
110.17
99.9084
93.7684
85.8209
85.9361
87.395
87.5518
86.7599
86.9364
86.8752
89.235
92.5808
96.2255
99.7292
98.0491
96.5558
95.6296
95.395
96.7018
93.455
96.4178
99.029
99.1013
99.0259
96.8263
99.2023
96.4516
96.0331
97.8026
97.3843
92.1189
91.6756
93.929
97.6852
98.8523
102.587
104.514
105.78
109.274
106.583
102.472
100.569
100.131
96.4569
97.9624
96.4438
98.8457
93.7005
93.7762
91.9586
96.6811
96.9075
100.675
96.2985
97.6588
94.9357
93.1721
87.7647
83.5923
84.614
88.2499
93.2984
95.6794
94.192
93.1561
89.5375
90.346
92.0814
92.8363
93.8709
94.973
95.7002
94.7827
95.7168
96.7853
97.1036
98.2189
98.8412
97.9564
93.2719
92.346
94.9638
96.8645
97.2241
95.7867
96.8009
95.8558
94.5595
94.4472
94.4854
93.597
92.0711
91.846
88.7034
93.7106
95.5818
96.8279
95.8425
95.1718
97.1591
98.2518
101.004
100.639
102.549
103.106
102.107
102.016
102.438
103.44
104.49
103.031
104.681
104.708
103.74
103.271
102.712
102.521
101.046
99.7638
98.4444
97.6011
97.3057
97.4793
98.1297
98.8921
98.9748
98.8537
98.3297
97.8666
97.2999
96.9452
96.5728
96.4974
97.049
98.0607
99.261
98.1679
97.4472
97.5402
97.879
98.5173
98.5672
97.4938
95.78
94.8649
95.0245
94.6343
93.732
92.7081
90.6049
89.2276
88.8612
86.8762
84.2356
85.7611
87.6348
88.7446
89.6455
91.5337
90.3035
88.8126
90.8953
95.126
99.4826
99.0351
94.265
93.9521
92.5253
93.0757
94.2582
92.346
93.7226
94.9171
93.2419
91.6812
90.5718
89.9113
90.4192
93.6948
95.4446
95.5423
97.2879
96.3141
94.5982
94.4687
94.0324
92.5799
95.9489
97.3529
97.4959
96.2992
93.3121
90.9137
94.7298
90.4054
96.3728
91.649
92.7804
95.0153
89.9208
93.1926
87.9968
91.665
87.7927
93.2903
92.4621
88.162
91.1242
90.0699
89.8604
90.5103
91.3326
93.3057
92.5716
90.8477
90.8984
89.867
88.9856
89.3309
92.9943
95.0008
94.0524
91.5361
93.6154
95.3267
95.9288
95.9232
96.4701
97.7871
99.0188
99.8361
98.0076
97.9559
100.422
101.188
102.579
101.608
96.1566
93.0188
93.792
91.8449
92.2836
93.4608
96.2862
99.4996
98.8537
97.2997
96.7445
94.9535
92.7413
92.6975
89.078
86.1454
86.2635
86.3718
92.6168
84.8491
87.9024
88.8706
94.7844
93.2645
93.9712
95.652
102.803
106.466
104.613
102.104
98.4862
96.1142
91.3902
93.0294
94.6296
92.3492
91.1173
90.3709
89.8433
88.717
88.8959
90.9481
95.1026
101.69
92.7123
96.1281
98.7577
95.8225
97.5262
101.451
108.011
109.565
114.309
115.879
118.911
121.686
124.168
127.854
131.193
135.62
140.78
146.075
150.987
156.766
158.305
157.659
158.313
157.666
156.182
154.356
154.305
154.305
149.344
145.355
136.239
130.653
127.961
120.725
115.68
117.214
119.337
118.165
119.268
111.162
100.406
95.9495
96.1141
83.4494
82.8366
88.1779
87.7533
84.6959
83.296
89.3839
94.4422
97.237
97.1978
97.7491
97.9524
97.8375
98.2985
98.3081
98.2725
98.2799
99.2398
99.1964
99.2053
101.046
100.529
98.7846
96.1525
94.5926
94.2845
97.7016
97.1475
95.8085
96.2587
95.4982
96.4811
95.699
94.8406
95.7608
97.4355
95.677
94.5989
94.0691
95.2701
97.0912
98.7238
93.4166
95.0853
95.8428
97.9167
99.7946
100.227
99.3549
98.9867
97.4885
102.735
102.034
96.1049
92.7461
94.116
98.9614
101.22
102.731
104.072
104.268
100.054
97.197
95.6466
95.5885
93.3265
92.9081
96.2719
99.1412
97.4817
98.2582
99.5924
93.8921
90.9497
93.0993
92.9838
91.0776
93.3933
98.1686
101.322
99.1169
95.3653
89.2731
91.5037
93.4187
92.1999
92.2518
93.4693
94.1687
95.7661
94.6436
94.5264
102.181
104.097
99.9565
96.5123
92.9486
90.6818
88.0635
85.4224
93.0211
103.043
108.936
96.4947
81.808
90.7193
96.2599
91.9414
91.7223
95.1455
96.4733
91.6003
89.4455
90.6722
92.4883
85.1605
86.6942
93.978
99.8891
100.436
98.6246
100.132
101.831
102.58
100.79
100.822
100.882
103.843
99.543
95.5065
96.919
93.9809
91.6144
88.4007
83.0072
88.3469
93.1599
97.9556
94.8852
94.1062
91.0598
91.9877
94.7728
93.625
94.5767
97.4355
97.9587
98.9727
99.4179
99.1833
98.9372
98.1262
97.2331
97.1777
96.9796
97.0003
98.7648
98.8189
98.0532
98.5756
97.4135
96.5916
94.2083
91.9902
89.9586
90.4333
91.6804
93.176
94.569
94.8597
95.2074
92.1115
91.2798
93.1144
95.742
94.3385
94.3489
95.7343
96.4734
101.08
99.7733
99.2383
100.214
95.5007
94.5551
90.0341
89.1242
86.0539
89.327
93.0411
92.2548
93.2204
92.7307
90.864
92.1885
94.3054
91.5387
91.5473
92.3866
93.667
98.0695
103.461
98.2997
95.8249
98.1698
97.7814
97.4349
96.9576
96.6167
95.8534
95.2941
96.4802
93.5273
92.658
93.0541
92.8943
95.3747
98.2738
94.3216
89.598
92.2298
96.6942
98.611
101.518
103.55
100.094
101.371
103.276
99.2186
99.3824
97.9109
94.2452
94.6512
95.359
93.6374
94.3989
93.8675
94.592
95.5895
96.0651
92.5181
93.5295
96.8189
96.312
95.7731
94.9727
93.434
89.3496
86.9329
86.836
83.4045
85.6585
85.3252
86.8415
86.121
88.7486
88.6257
90.996
86.6262
89.7271
87.3156
85.3336
90.7017
89.0688
88.742
89.2616
86.0323
84.0056
84.169
82.7485
85.1471
88.1103
90.5944
90.8369
90.547
89.0691
90.4999
90.5969
92.5354
95.4277
98.8017
98.2035
93.6476
89.7398
87.7583
90.8086
92.9653
90.6779
89.8231
90.99
95.1659
95.649
98.8063
99.1357
98.7684
96.7069
89.1219
89.1366
89.636
97.6229
100.297
104.1
100.975
100.458
93.977
82.6648
84.8893
76.5097
83.5079
82.4323
84.3143
86.1206
88.8533
93.2372
94.8569
101.102
101.648
101.518
101.857
97.8322
93.9325
91.8871
90.5159
94.1783
92.1965
98.4101
87.5063
92.6459
90.1919
87.4326
95.5738
86.2112
93.001
94.3592
94.7732
96.6116
94.3901
91.6977
93.2659
95.8945
94.717
91.1593
98.242
87.8345
91.1625
93.7717
99.4562
102.416
107.21
103.506
94.7569
86.1407
79.6476
76.1627
74.1195
80.3777
83.2292
89.6221
80.2946
87.0664
99.9193
89.4543
92.8223
96.9357
99.0798
98.703
93.6168
94.797
97.9732
96.7429
97.7394
98.1118
99.7052
102.218
94.7427
102.098
91.6713
101.435
97.0857
86.1925
96.2019
91.5633
94.1035
94.324
94.3055
92.3783
94.1031
98.0824
97.1327
96.9135
99.2719
104.035
102.792
101.377
97.6548
97.2028
95.6502
93.801
92.9912
91.9654
94.9336
96.4199
94.2651
93.0692
93.8852
94.4747
93.1831
91.4461
89.7476
87.9615
86.8603
85.8924
85.6005
86.7232
89.0018
91.382
91.1716
90.9259
90.944
90.9565
91.1382
91.6587
92.9504
94.6275
96.8462
97.1483
98.6601
101.127
101.537
99.2249
97.6903
91.2828
98.75
97.719
96.7718
91.0866
99.8504
98.5142
97.024
96.7922
95.4079
94.4017
93.6866
91.8497
90.1488
87.5229
84.3784
85.5374
85.92
84.9141
83.2782
82.8899
82.6787
82.8137
82.3711
80.4586
79.6245
79.2395
79.7007
80.267
80.3843
80.197
81.4503
83.0863
83.9382
83.1071
81.5911
83.9988
87.4307
90.8542
92.6581
91.4578
90.3284
90.1752
92.1968
91.8811
91.3413
90.622
90.2822
88.4758
88.9517
90.8008
93.5864
94.1553
97.2858
92.7092
91.9997
93.3109
96.6188
94.3082
88.2369
88.915
88.7483
85.9528
87.2772
87.0527
85.7622
83.8957
83.8902
85.6791
87.037
89.7975
91.2179
92.5305
95.9016
98.6817
98.5843
90.9915
82.0017
85.5427
86.8659
89.2953
86.1026
83.6806
85.2687
87.4322
92.575
93.5482
93.8319
94.7367
93.0373
93.2527
92.2823
91.3981
91.4299
90.0072
90.3096
91.7193
92.1825
93.5764
94.0471
95.5853
96.7064
95.5493
95.075
94.0501
93.5333
90.6842
90.3898
86.1257
82.346
82.5156
78.4349
77.3733
76.7363
77.5086
78.3943
80.496
86.8056
88.8358
89.8283
92.6812
95.0535
94.8553
95.6639
96.8593
97.8446
95.0554
91.1444
89.1044
93.9023
96.1888
95.5368
96.6943
94.2719
92.7746
97.0503
96.8024
96.2047
98.9175
101.954
102.094
101.277
99.1603
98.5582
99.5884
96.8541
93.7405
94.9002
93.9686
90.3341
91.8816
93.6774
95.2577
96.9457
95.2805
95.4506
92.9401
92.7314
93.8453
92.716
94.3172
94.061
94.0147
94.6597
94.8771
94.5102
97.1422
100.584
102.727
105.667
105.752
106.058
99.2286
94.0993
100.098
101.896
99.9184
103.749
104.332
104.245
105.446
104.919
105.538
106.791
106.342
106.044
107.894
110.259
107.197
98.5136
96.1838
91.4362
85.7584
79.249
84.6606
89.3251
94.0477
96.6328
96.797
95.4478
95.6315
97.5938
98.4403
100.413
100.804
101.63
102.608
102.663
103.334
103.732
103.897
103.9
103.729
101.723
99.7485
101.212
100.727
98.7334
98.2651
99.1254
100.244
99.9863
101.597
104.136
99.7617
93.9783
92.7055
91.0276
91.4261
91.1155
89.8829
90.1041
94.7825
91.7409
92.208
91.9296
87.9234
86.9866
90.9049
91.6286
89.7542
88.5648
82.4797
83.8912
86.1401
84.8846
86.7108
85.4662
89.8543
93.6277
94.909
93.098
88.9838
87.6678
86.9832
88.5323
88.8827
89.2955
88.8803
89.3818
90.9076
91.753
92.8493
93.9943
96.6819
98.2803
93.9211
92.3963
89.3044
88.0176
90.4017
84.8511
87.8864
94.4897
85.4073
90.3981
88.7019
91.9489
99.5734
98.8327
90.2165
87.6162
87.4052
87.3836
91.9945
90.3124
88.9412
87.9632
91.1827
92.0773
90.1243
91.5773
90.7001
89.4285
91.6414
95.8455
100.159
99.4482
93.8872
90.3277
90.1281
94.3241
94.5342
93.5005
92.3881
92.4005
92.0425
92.7141
93.4396
92.5005
90.0751
86.9695
85.1975
86.2927
90.1302
88.8268
92.3622
91.5583
93.0944
92.5622
93.3496
93.9197
92.8283
90.0002
88.7337
90.9126
91.6369
88.4585
89.7133
91.2881
88.5607
91.5114
88.9323
89.4621
92.0539
93.9134
91.1655
91.3453
86.1344
87.037
87.7166
90.9976
93.0621
99.0539
90.5337
87.3862
84.3286
85.916
89.1515
94.2264
93.8088
99.0641
94.2003
92.1378
89.5358
87.4342
84.8729
75.6607
82.3542
89.5691
98.3308
107.476
111.252
126.353
119.931
93.5157
89.1874
87.2462
85.8713
94.2555
92.6067
92.2128
93.2156
91.6264
90.5519
91.2075
93.5491
93.8294
90.4765
93.048
95.4157
97.9454
96.2462
95.3735
91.8729
89.1068
86.6657
83.6745
82.7125
81.8023
80.5388
78.5543
76.9618
79.7623
82.1943
86.6559
99.6814
94.4779
83.9232
95.1972
83.8288
86.1392
94.9638
86.4202
95.4655
85.9696
92.458
92.3432
97.0685
100.831
102.112
104.387
104.594
103.188
103.397
103.853
103.986
104.209
106.254
108.491
110.29
111.805
105.244
108.743
101.095
102.369
97.5283
87.1818
95.2683
94.3358
94.5588
97.037
100.615
99.4514
97.8888
97.8976
89.7466
98.033
93.8711
93.8908
90.4535
86.8002
86.7911
87.1085
91.7411
89.7265
86.0462
89.013
92.7713
91.7064
94.3307
95.5825
100.526
107.139
106.105
103.488
100.327
96.059
84.5229
98.2837
95.8544
93.3622
91.3042
90.7355
89.8335
88.9029
89.2238
90.7599
94.7557
101.146
94.1104
96.5973
98.7144
95.8186
98.5374
103.623
111.211
112.221
117.209
119.415
122.864
125.583
127.494
130.449
132.761
135.605
138.652
142.011
145.795
148.418
151.681
155.709
159.549
160.74
160.574
162.318
163.007
161.137
158.701
156.104
155.726
156.5
153.814
151.092
146.149
136.762
132.396
130.633
124.626
118.076
113.86
116.865
117.5
115.657
115.883
109.048
100.518
93.5716
96.3865
91.7833
86.844
82.8974
85.2606
89.5425
88.0703
85.454
82.8682
87.7858
92.1171
95.356
97.0532
97.7958
97.6533
98.385
99.2632
100.43
101.443
102.578
104.43
105.47
105.973
106.612
108.792
110.192
107.658
102.5
100.938
99.7568
99.0715
97.3263
102.868
98.7436
101.645
93.7725
98.639
92.5179
88.3419
88.5169
92.301
90.529
91.0497
90.3384
87.6448
86.2472
88.2106
89.6603
85.6927
83.9462
88.0017
93.167
96.198
97.8427
103.416
105.89
102.463
101.826
100.432
101.141
101.974
105.648
106.69
103.921
102.509
101.34
100.887
99.4234
97.4977
96.7799
96.7239
98.4104
97.6998
97.9544
96.9885
96.1981
96.4959
95.6692
91.9696
94.6053
87.9961
88.0275
89.9079
88.7487
88.0437
92.7935
96.9713
98.9658
102.281
103.867
106.801
110.709
103.936
98.6327
95.0958
95.4871
93.4421
89.9829
90.9325
94.0385
97.4348
95.0037
95.0877
93.1248
95.043
94.5997
93.0398
92.225
94.1602
98.9247
101.716
97.5009
97.4859
95.6349
92.5473
94.5552
99.9678
102.208
104.159
105.796
106.065
106.194
105.897
105.558
105.036
104.007
104.012
104.161
103.038
102.596
102.226
102.495
102.507
101.781
101.076
100.233
98.8568
96.624
94.4486
95.0368
96.537
97.3979
97.4662
101.767
100.794
99.9641
99.5882
100.395
99.662
98.0663
100.152
96.5995
100.225
93.6807
91.04
88.9106
87.6434
90.2731
90.038
87.8651
91.167
89.8376
88.4869
89.2196
91.7425
94.1213
95.0618
94.7792
94.9653
95.0694
96.9439
98.6871
101.6
104.736
106.621
108.413
109.227
108.738
102.688
97.407
93.1097
92.7465
93.3448
93.6863
92.5309
92.0928
88.6494
86.8302
89.2968
93.5126
89.6727
91.7572
87.9931
93.248
88.117
92.5719
92.0075
95.9317
92.1039
93.7295
95.2326
96.9842
93.6773
92.2513
95.751
93.9444
93.7882
93.503
94.0062
93.7108
94.1153
91.0835
94.3911
95.8954
98.9541
98.0256
98.1439
97.377
95.3515
91.7591
91.2405
90.7552
89.2231
90.3741
88.7909
87.9638
92.0949
97.1201
93.2845
91.9865
90.214
90.5113
90.8061
92.0763
91.4549
93.3571
97.0977
98.5856
95.8691
95.5911
97.6951
95.6823
96.3986
97.8923
100.953
103.867
104.608
103.392
101.406
98.7544
96.2118
95.8562
93.2374
95.7681
97.025
97.5651
97.5239
98.2093
98.767
99.6208
98.6091
101.961
101.416
102.031
101.839
105.307
104.361
106.836
106.332
105.222
104.606
105.503
101.697
104.024
99.191
102.43
98.0758
103.067
97.8541
101.576
99.0705
97.5098
101.578
95.7853
99.8325
97.496
99.8
95.0189
98.4797
93.422
94.5989
88.3488
86.0955
86.0974
87.3683
83.439
82.1658
84.9435
86.8388
88.2314
89.4388
88.7522
88.6175
88.8262
91.1224
92.8142
95.3065
92.7679
87.4303
83.2291
83.8124
87.9521
91.3022
91.8537
91.6129
92.4495
95.9934
99.214
104.488
104.169
100.934
96.8533
94.6662
96.4132
99.4464
94.9753
91.4034
87.5938
87.1208
87.5061
85.2161
89.8538
96.2622
100.256
103.398
105.152
102.249
97.4182
93.7407
96.4403
97.5244
98.3876
100.462
103.447
101.753
100.243
101.425
103.54
106.343
102.414
98.0237
92.4781
94.057
93.1297
94.189
96.4488
97.4183
94.5379
93.24
95.6232
97.5837
96.6919
95.979
98.3301
98.5229
99.2602
100.351
101.218
101.689
104.645
103.348
102.988
103.266
103.709
103.87
104.201
104.968
104.664
108.538
108.785
108.198
105.358
104.145
95.515
93.6746
88.8513
96.3705
94.1238
92.2194
94.2032
98.5218
97.1392
95.9182
96.502
97.7529
101.245
106.907
109.027
106.031
103.494
98.4174
100.946
104.463
101.336
97.2351
93.5329
88.6493
92.6673
90.5748
87.868
82.0287
85.4021
85.9414
86.0813
87.1962
87.5554
89.3953
91.9572
87.1243
89.5399
91.7831
89.1585
86.7827
87.452
93.0213
87.3699
86.0375
93.6084
98.5584
101.228
102.655
104.696
98.7009
95.9418
93.5387
91.6916
92.0986
94.8663
97.5728
97.667
93.888
89.7171
91.6683
98.6115
102.909
101.334
94.7331
97.5646
99.3066
100.967
100.595
99.2864
94.3608
94.4861
91.1691
93.72
95.0706
89.9253
91.1405
91.2658
93.8808
98.119
100.126
97.1107
97.7824
95.9383
96.2271
93.9166
93.8048
95.2744
95.6734
97.2175
96.6363
100.602
102.55
103.626
104.245
99.1606
95.4726
92.277
93.4927
95.2494
94.2248
93.2007
91.9454
92.4559
93.4955
95.8678
95.3167
94.9351
96.2757
99.6708
100.571
101.406
101.275
92.0081
87.4052
92.9409
91.8102
93.2942
97.4733
98.2509
97.3802
95.0351
93.7116
93.2491
92.7867
92.7309
93.1372
93.1429
93.2226
93.4784
92.8792
91.9599
91.5224
92.0035
93.5546
93.4331
92.4845
92.7019
91.4293
92.2464
90.3512
89.8934
89.4681
90.2338
89.7806
90.0197
90.6162
92.1992
91.6469
90.8111
90.5093
91.1626
91.7851
91.3105
91.6963
91.1194
91.3228
92.0464
93.5859
95.4485
94.4129
92.8536
92.6016
92.4762
92.2636
92.2568
92.2751
93.0779
92.854
92.3041
91.5096
90.872
90.1329
88.7247
89.4845
85.1049
88.7656
86.3676
88.8545
86.0264
88.332
86.1401
91.5038
91.5008
91.9074
91.0213
88.1823
87.1183
90.4941
92.0893
95.0158
96.2866
96.8531
94.7843
92.2281
93.1347
96.0309
96.3335
94.2681
91.0532
89.5039
91.4628
93.8151
94.1681
92.1722
89.0764
86.3371
83.7727
83.2417
84.6283
86.9174
88.8304
88.898
87.2566
85.7496
85.013
84.1248
86.3779
87.8975
89.1736
88.9989
87.2515
88.8326
88.1618
85.9694
85.7932
86.6928
84.5851
82.9458
85.347
87.9056
91.743
93.7723
90.9382
85.1372
83.0164
82.0047
81.0675
83.5955
85.4469
88.6914
88.9782
87.2748
84.6405
85.6288
87.1518
88.6405
90.1157
90.9268
86.8721
88.648
89.6925
85.1601
84.4047
87.6365
90.5639
92.7301
91.4564
91.5449
91.1931
90.5796
86.9968
84.9743
84.7139
84.2726
82.369
79.9883
78.5937
79.1295
84.1107
87.811
86.7964
88.0118
88.8774
86.6126
84.9445
82.879
85.1071
88.1973
85.9123
82.5167
83.8226
87.0389
90.4399
89.9332
89.3487
84.9409
83.4354
83.8828
85.8131
82.7011
81.7803
84.4413
87.3799
88.3986
91.9546
90.7403
92.7587
94.7699
94.0293
92.7087
87.8374
86.2476
84.3565
82.6379
84.0976
85.9479
87.7714
88.0362
87.656
84.7955
85.8739
85.101
86.8352
87.9961
89.6004
90.2426
90.3486
89.3787
89.4657
89.9276
88.7906
88.9518
89.1154
86.1132
83.5281
82.077
84.9215
86.3875
84.0138
80.5399
80.3609
78.9709
77.9575
80.3348
79.4095
80.9513
83.1025
80.7529
81.9733
84.2191
85.6806
85.3262
86.9987
86.2452
85.1693
84.3828
82.3198
80.7916
81.7375
83.1667
83.1793
83.9003
82.359
84.5233
84.3952
87.5624
88.9993
90.928
94.3095
96.1997
95.1451
92.8282
89.4411
86.427
84.7476
84.746
85.6248
84.1383
87.0099
91.4288
87.6487
81.6104
81.5998
82.8267
83.826
84.7654
83.4839
83.0712
85.2278
87.2437
87.4887
81.6994
83.837
81.8222
80.7777
83.7772
86.3837
90.0436
92.7201
88.8373
86.0498
86.511
89.6092
91.4057
91.637
89.1414
89.3322
87.8905
89.1804
91.5178
93.0627
94.2647
92.9212
92.4467
88.4261
89.0378
88.634
90.5532
88.523
90.9549
88.5307
87.2769
84.6111
85.4494
85.3767
85.9831
87.3713
88.482
86.006
86.6887
85.0365
85.5776
85.6529
86.5508
87.8838
90.3159
91.5849
91.8585
88.9071
84.152
80.9996
78.6937
79.7218
81.3059
83.266
88.0703
92.2144
90.0363
86.8704
79.9256
79.8335
83.9086
88.898
88.8666
83.5529
79.2868
80.0982
81.8154
83.7484
86.0835
86.3445
85.3813
85.457
85.4874
84.8276
85.9725
88.0317
91.9081
92.4106
85.9797
85.0033
87.1166
90.1887
88.8077
83.7696
82.4146
83.0215
84.0548
87.3261
89.2613
84.6563
83.3352
84.7972
85.9033
84.3278
92.94
92.8597
88.2278
87.1422
87.809
88.3496
86.1907
87.1859
86.5118
87.2133
88.4114
88.9022
88.0086
86.9504
86.2184
83.6932
83.9293
85.911
87.5719
88.7126
91.9541
89.0003
89.2431
90.1939
90.8362
88.6814
86.3204
86.1245
81.9439
82.551
82.8584
83.6206
83.8063
85.7815
86.44
87.8337
89.0803
89.7015
85.053
90.0858
89.6308
91.2109
91.369
92.263
93.1417
94.6007
82.6786
79.8966
83.8803
85.3612
84.0794
83.9387
84.907
83.9921
85.8295
87.017
86.6855
85.2771
86.7696
84.5438
83.7383
82.6591
82.6753
84.8411
86.1147
86.1423
86.3345
83.6467
81.8773
83.1173
83.5531
84.6097
85.6444
84.6111
84.3938
82.6366
80.4493
79.1913
81.3346
82.8883
84.851
83.5218
84.2114
83.5007
82.4553
83.2431
82.7613
81.4959
85.3616
84.1311
89.2239
88.8256
89.4637
90.4059
91.5413
91.7151
89.3916
86.9252
85.7937
83.8661
85.2188
83.4566
81.5703
80.5534
81.2682
83.2611
85.9994
86.0534
89.8182
86.3758
79.342
82.0431
85.7528
85.9907
84.1944
83.7035
86.6915
89.7398
91.1841
89.1762
81.518
92.1114
97.7484
104.752
102.327
101.23
100.429
102.547
98.6669
101.252
102.288
101.392
101.02
102.747
103.212
105.48
105.888
103.738
100.236
107.22
104.289
111.3
108.347
104.161
110.106
99.4424
105.97
99.1528
98.5489
97.2062
96.1898
94.0706
93.4458
92.0129
90.305
94.4872
93.5007
93.1321
92.7785
92.6505
92.7023
92.4381
90.8996
90.7246
91.0184
91.4134
91.8521
92.5718
93.4284
93.6597
93.4361
92.6014
91.9041
91.3824
91.9184
92.4455
92.825
93.0041
93.6145
94.3862
94.2636
93.8039
93.1391
93.7134
94.7304
96.0095
95.9331
95.6488
93.7068
93.2633
93.5682
92.4812
94.1269
92.4083
93.5234
91.5234
94.1922
93.0954
94.0439
91.0678
94.6891
96.841
97.4453
98.7487
99.7276
101.537
104.192
107.053
105.514
103.586
101.268
97.6594
96.0764
100.647
95.8017
94.0178
92.2044
91.8709
90.3008
89.0036
84.7074
87.5972
92.162
91.9381
91.5954
90.5363
90.999
92.2038
89.9195
90.6274
90.4636
89.4337
91.7285
91.7352
95.1476
97.5293
97.8965
99.986
100.517
101.366
101.699
100.718
97.3403
95.0602
93.1386
93.3214
92.3272
92.6159
94.6972
90.8218
87.5229
88.1296
90.3755
94.9769
97.8176
96.1382
93.0661
92.7659
90.6759
89.5692
90.7394
92.7393
93.9859
93.7265
93.2351
94.2348
96.9891
100.652
104.147
106.316
105.337
107.04
105.723
102.808
99.6214
99.9656
99.9346
95.0126
96.263
94.5492
93.1009
88.8665
87.6691
86.329
85.1932
84.4754
89.7986
93.3381
95.048