0.100607
0.101688
0.117972
0.117972
0.104507
0.0835287
0.110953
0.129383
0.129383
0.128994
0.128994
0.120522
0.106277
0.106277
0.095114
0.0888896
0.08176
0.0849622
0.0849622
0.0809817
0.0809817
0.0980129
0.0980129
0.0879891
0.0861083
0.0907065
0.0907065
0.0877124
0.0694606
0.0694606
0.0711332
0.102207
0.102207
0.0957327
0.100608
0.100608
0.0990305
0.0990305
0.0901789
0.0907272
0.0973728
0.0973728
0.0860659
0.0843602
0.088236
0.088236
0.0839132
0.0766322
0.0766322
0.0878122
0.0878122
0.080224
0.080224
0.0645764
0.0750945
0.076672
0.0904992
0.110545
0.110545
0.102143
0.102143
0.102902
0.102902
0.093424
0.093424
0.0736723
0.0862307
0.0862307
0.0832266
0.070556
0.0805473
0.0911843
0.0911843
0.0905126
0.0905126
0.0935483
0.118898
0.118898
0.0837285
0.0927534
0.106613
0.106613
0.0919551
0.0991066
0.0991066
0.107619
0.107619
0.0851034
0.101135
0.101135
0.101104
0.114606
0.118786
0.138496
0.138496
0.124787
0.118487
0.124455
0.124455
0.1304
0.147582
0.147582
0.143054
0.14313
0.160436
0.160436
0.132086
0.129348
0.129348
0.112571
0.0959606
0.0937728
0.0937728
0.0899268
0.084594
0.084594
0.0762116
0.106212
0.106212
0.101133
0.101133
0.089961
0.0817284
0.10478
0.10478
0.0920152
0.0920152
0.102306
0.102306
0.0987838
0.0987838
0.0841658
0.0841658
0.0949637
0.0949637
0.0921578
0.0950587
0.109967
0.109967
0.101403
0.107841
0.107841
0.102315
0.0747389
0.0959699
0.103076
0.103076
0.0953844
0.0967765
0.119832
0.119832
0.0759806
0.0813668
0.0813668
0.0717914
0.0681541
0.0676411
0.0958147
0.0958147
0.116951
0.116951
0.0984878
0.0984878
0.0887695
0.0739335
0.088981
0.088981
0.0766064
0.0766064
0.0814585
0.0814585
0.0731252
0.0851069
0.0851069
0.0834593
0.0573239
0.0605183
0.0623099
0.0642241
0.0723095
0.0723095
0.0708768
0.0684459
0.0684459
0.0685858
0.090068
0.090068
0.0791632
0.0777634
0.0965917
0.103176
0.103176
0.088082
0.104251
0.112409
0.133284
0.143501
0.159979
0.193395
0.193395
0.163398
0.163291
0.163291
0.194401
0.194401
0.170066
0.166866
0.161843
0.172189
0.172189
0.158828
0.172413
0.172413
0.150249
0.150249
0.141611
0.129873
0.120462
0.113796
0.113796
0.0953933
0.090279
0.090279
0.091458
0.091458
0.0745588
0.0678204
0.0674297
0.06082
0.0607968
0.0688614
0.0688614
0.0594547
0.0468865
0.0463031
0.0463031
0.0520453
0.0550864
0.0550864
0.046469
0.0502792
0.0502792
0.0404056
0.0528364
0.0528364
0.048834
0.048834
0.0392791
0.0396012
0.0409949
0.0409949
0.0362716
0.0394235
0.0394235
0.0303391
0.0307526
0.0223187
0.0205134
0.0245327
0.0245327
0.0291476
0.0291476
0.0292496
0.0292496
0.0279691
0.0255114
0.0400837
0.0400837
0.0242476
0.0242476
0.0232543
0.029744
0.029744
0.0299615
0.0384394
0.0400841
0.0400841
0.0365578
0.0438604
0.0438604
0.0478828
0.0478828
0.0440958
0.0441679
0.0441679
0.0418154
0.0234374
0.0361041
0.0361041
0.0355072
0.0309485
0.0309485
0.0189071
0.0342138
0.0342138
0.0430294
0.057173
0.057173
0.0698816
0.096777
0.096777
0.0869748
0.0906274
0.100759
0.101363
0.101363
0.129965
0.129965
0.147519
0.147519
0.120126
0.120126
0.144561
0.144561
0.145713
0.146767
0.171205
0.171205
0.165181
0.165181
0.159059
0.155461
0.149054
0.149054
0.141972
0.111488
0.108507
0.108328
0.095357
0.0932623
0.0598731
0.0661369
0.0758735
0.0796453
0.0796453
0.106885
0.106885
0.0943289
0.0977076
0.0977076
0.0933217
0.0918748
0.0918748
0.0822072
0.0822072
0.075206
0.0841332
0.105198
0.107861
0.107861
0.100917
0.0901177
0.0901177
0.0765384
0.0712563
0.0698316
0.102614
0.102614
0.0863075
0.0733342
0.0766799
0.0894055
0.0894055
0.0765812
0.0765812
0.0737447
0.0712551
0.0712551
0.074389
0.0931984
0.0931984
0.0824292
0.0824292
0.0881411
0.0881411
0.0730034
0.072317
0.0715207
0.0715207
0.0519194
0.0594104
0.0765627
0.0790113
0.0790113
0.0786818
0.0790973
0.0796638
0.0796638
0.0675416
0.0692013
0.0871847
0.0871847
0.0930861
0.108987
0.108987
0.0814262
0.0797676
0.0940436
0.0940436
0.0921315
0.0795129
0.0957528
0.0957528
0.077809
0.077809
0.0655834
0.0655834
0.0747794
0.0864113
0.0864113
0.0784731
0.0710951
0.0710951
0.0728329
0.0728329
0.082458
0.082458
0.0993499
0.0993499
0.104069
0.104069
0.104742
0.104742
0.091751
0.0963032
0.120211
0.120211
0.107492
0.107492
0.114601
0.114601
0.119537
0.119537
0.112098
0.112098
0.0955767
0.100831
0.13335
0.13335
0.101792
0.0990084
0.0990084
0.103971
0.103971
0.100761
0.103113
0.103113
0.101762
0.113076
0.113076
0.106798
0.120613
0.120613
0.117319
0.117319
0.12833
0.12833
0.126196
0.126196
0.122151
0.130517
0.130517
0.135666
0.135666
0.135781
0.141225
0.176377
0.176377
0.162195
0.1665
0.1665
0.14581
0.157873
0.157873
0.145068
0.142091
0.129497
0.129497
0.126507
0.119652
0.144148
0.150406
0.150406
0.14221
0.14492
0.14492
0.0973748
0.0853475
0.07379
0.07379
0.0633165
0.0575011
0.0575011
0.0466472
0.0783596
0.100268
0.100268
0.0849713
0.0871278
0.0871278
0.0832487
0.0832487
0.0740706
0.0740706
0.0680984
0.0625081
0.0597314
0.0627801
0.0629651
0.0629651
0.0568945
0.0876901
0.0895659
0.0924461
0.0924461
0.0937792
0.116329
0.116329
0.100504
0.0927502
0.0772016
0.0772016
0.073576
0.073576
0.0763734
0.0763734
0.0639598
0.0667548
0.0740129
0.0740129
0.0636394
0.102055
0.108265
0.145332
0.145332
0.121156
0.146494
0.164614
0.164614
0.146329
0.157895
0.157895
0.143296
0.106614
0.11426
0.11426
0.0965815
0.0802333
0.0782384
0.0574635
0.0491404
0.0491404
0.0431207
0.0431207
0.0843093
0.0843093
0.101285
0.103595
0.103595
0.0868945
0.0873971
0.0873971
0.093317
0.093317
0.0946505
0.107579
0.107579
0.0981837
0.0920563
0.0966881
0.0966881
0.106959
0.115456
0.115456
0.107094
0.107094
0.108617
0.113955
0.113955
0.136459
0.136459
0.129139
0.121483
0.114144
0.111012
0.153258
0.153258
0.15107
0.15107
0.145932
0.153389
0.153389
0.134761
0.14146
0.143029
0.159168
0.159168
0.153327
0.149891
0.149891
0.1473
0.1473
0.122084
0.122084
0.129559
0.135604
0.153246
0.153246
0.149674
0.149674
0.127769
0.143417
0.143417
0.123139
0.125836
0.125836
0.123864
0.110511
0.114613
0.114613
0.124062
0.124062
0.115538
0.113546
0.119093
0.119093
0.112212
0.111848
0.111848
0.110004
0.105038
0.105038
0.106361
0.106361
0.0991983
0.101306
0.101306
0.0849735
0.0985518
0.0985518
0.0883466
0.098249
0.098249
0.0926014
0.0744961
0.0806507
0.0806507
0.0689007
0.0689007
0.0614219
0.057167
0.053976
0.053976
0.0580547
0.0580547
0.0769692
0.0769692
0.0654426
0.0671906
0.0671906
0.0507042
0.0507042
0.0794637
0.0866926
0.107646
0.107646
0.104393
0.0799913
0.0799913
0.0748483
0.0748483
0.0865146
0.0865146
0.0790358
0.0664636
0.0764765
0.0764765
0.0735788
0.0845694
0.0947425
0.0947425
0.0855913
0.107339
0.107339
0.0951951
0.119765
0.119765
0.127958
0.160474
0.160474
0.117125
0.113433
0.141534
0.16544
0.16544
0.160621
0.133346
0.133979
0.153018
0.167245
0.167245
0.137883
0.143066
0.159867
0.159867
0.128555
0.128555
0.11958
0.109812
0.119153
0.119153
0.11855
0.13447
0.150141
0.150141
0.146939
0.146939
0.14672
0.180521
0.180521
0.133981
0.19905
0.19905
0.147437
0.145084
0.136293
0.138888
0.138888
0.135603
0.145264
0.145264
0.127831
0.118838
0.128873
0.128873
0.119988
0.108395
0.112413
0.112413
0.120267
0.120267
0.10292
0.137863
0.137863
0.126201
0.131845
0.131845
0.134393
0.161489
0.161489
0.145229
0.145229
0.126661
0.117205
0.11424
0.131231
0.131231
0.110684
0.110684
0.109847
0.115485
0.115485
0.0769505
0.090003
0.090003
0.062205
0.0742129
0.0855016
0.103286
0.103286
0.0805985
0.0732955
0.0732955
0.0726403
0.0920841
0.0971187
0.0971187
0.09942
0.121164
0.121164
0.09293
0.09293
0.0997489
0.103926
0.107606
0.107606
0.0963772
0.0963772
0.0895852
0.0895852
0.0848061
0.0765478
0.0743506
0.0743506
0.0728337
0.0670806
0.0670806
0.0532938
0.0461384
0.0441305
0.0698099
0.0698099
0.0582832
0.0552667
0.0639792
0.0639792
0.0633328
0.0633328
0.0510134
0.0588912
0.0588912
0.0608392
0.0608392
0.051674
0.051674
0.0447363
0.0470063
0.0486328
0.0486328
0.0409506
0.0279172
0.034145
0.0504713
0.0504713
0.037098
0.040291
0.0428194
0.0428194
0.0528856
0.0528856
0.0523678
0.0523678
0.051707
0.051707
0.0444141
0.0386438
0.048623
0.048623
0.0395924
0.03527
0.03527
0.0343489
0.0397088
0.0437833
0.0463767
0.0463767
0.0386833
0.0338332
0.046237
0.046237
0.0652538
0.0652538
0.0835586
0.0982763
0.0982763
0.115959
0.115959
0.102215
0.135028
0.135028
0.128688
0.128688
0.106455
0.0965601
0.104369
0.104369
0.0717825
0.0731038
0.0639803
0.0694073
0.057524
0.0647875
0.0647875
0.055856
0.103434
0.103434
0.101368
0.0879341
0.0958719
0.102054
0.102545
0.102545
0.0908357
0.0908357
0.0856428
0.0856428
0.083926
0.0910268
0.0910268
0.0761227
0.0747457
0.0747457
0.0636567
0.0636567
0.0552957
0.0552957
0.0578684
0.0612142
0.0712171
0.0712171
0.0573343
0.050365
0.053669
0.0661262
0.0661262
0.0431618
0.0572193
0.0572193
0.0604874
0.0604874
0.0567004
0.0567004
0.0362224
0.0416156
0.0413131
0.0413131
0.0451103
0.0551832
0.0551832
0.0429369
0.03493
0.0372508
0.0377795
0.0422453
0.0527599
0.0603817
0.0603817
0.0602261
0.0574979
0.0574979
0.0713951
0.0826687
0.0826687
0.0837241
0.0837241
0.0694474
0.0861175
0.0925984
0.0925984
0.0789802
0.0846346
0.0846346
0.0797469
0.0828564
0.0932872
0.0932872
0.0903328
0.0881606
0.0468818
0.0884143
0.0884143
0.0847279
0.0971826
0.0971826
0.0674993
0.0681637
0.0810563
0.0810563
0.0592005
0.0740725
0.0740725
0.0638273
0.0638273
0.0620076
0.0686895
0.0686895
0.0574679
0.0811055
0.0811055
0.0648957
0.054219
0.054219
0.0494226
0.0472871
0.0320555
0.0320555
0.038126
0.04715
0.04715
0.0412371
0.0522837
0.0522837
0.0666722
0.0666722
0.0479914
0.0865862
0.0865862
0.0681886
0.0495765
0.0483199
0.0518695
0.0518695
0.0471448
0.0471448
0.0468283
0.0392204
0.0392204
0.0379307
0.0615498
0.0615498
0.0419491
0.0554226
0.0554226
0.05076
0.0613799
0.0613799
0.0522055
0.0585081
0.0585081
0.0455249
0.0514892
0.0599421
0.0752343
0.0774873
0.0816201
0.0816201
0.0590784
0.0590784
0.0609537
0.0609537
0.0599951
0.0680919
0.0680919
0.0660284
0.0660284
0.0656346
0.0634959
0.0632129
0.0733827
0.0807114
0.0807114
0.0899228
0.0899228
0.0876069
0.0876069
0.0947872
0.0947872
0.0908275
0.0908275
0.0853237
0.0704168
0.0794182
0.0794182
0.0826372
0.0826372
0.0688504
0.0614693
0.057957
0.0557555
0.0577749
0.0577749
0.0486342
0.0612946
0.0612946
0.0559505
0.0579848
0.0579848
0.053248
0.0453198
0.0526727
0.0526727
0.0391225
0.031114
0.031114
0.0281497
0.0309717
0.0309717
0.0305316
0.0349675
0.0349675
0.026704
0.0242779
0.0242779
0.0197318
0.0197318
0.0323441
0.0323441
0.0254703
0.0254703
0.0325348
0.0325348
0.0286677
0.0369992
0.0369992
0.0324159
0.0301933
0.0339656
0.0447638
0.0447638
0.0384682
0.0526464
0.0526464
0.0578494
0.0578494
0.0483013
0.0654285
0.0654285
0.0524898
0.0524898
0.0495569
0.0619495
0.0619495
0.0588109
0.0676072
0.0695964
0.07303
0.07303
0.0566306
0.065592
0.065592
0.0623707
0.0745928
0.0745928
0.0781953
0.0781953
0.0804181
0.0804181
0.0789398
0.0848027
0.106508
0.106508
0.0822423
0.0822423
0.0646045
0.0619779
0.0724862
0.0747894
0.0797195
0.0837211
0.0837211
0.0816399
0.0803676
0.0803676
0.0871361
0.0871361
0.0659952
0.0734022
0.0734022
0.0566529
0.0649973
0.0649973
0.0525077
0.0525077
0.049071
0.0618658
0.0618658
0.0568856
0.0754192
0.0754192
0.0664788
0.069024
0.069024
0.0667732
0.0706407
0.0706407
0.0552304
0.0472581
0.0436669
0.0485788
0.0619271
0.0619271
0.0526792
0.0658466
0.0658466
0.0675773
0.0675773
0.0715713
0.0715713
0.0684022
0.0684022
0.0629597
0.0484895
0.0377035
0.0286687
0.0446581
0.0446581
0.0402078
0.0401279
0.0486356
0.0486356
0.0479624
0.0479624
0.0354078
0.0295069
0.0316481
0.0383619
0.0383619
0.0322218
0.0312416
0.0317238
0.0346606
0.0346606
0.0437984
0.0437984
0.057265
0.057265
0.0435951
0.05426
0.05426
0.0504256
0.0523346
0.0523346
0.0536944
0.0536944
0.051156
0.0422712
0.0489257
0.0489257
0.0479523
0.0549577
0.0549577
0.0520191
0.0587445
0.0631512
0.0631512
0.0592694
0.0555974
0.0551588
0.0551588
0.0528119
0.0528119
0.0506375
0.0506375
0.0438336
0.0357801
0.0535706
0.0535706
0.0507951
0.0438191
0.0553439
0.0553439
0.051623
0.052694
0.052694
0.0402953
0.0402953
0.0369748
0.0369748
0.040925
0.040925
0.0513456
0.0618919
0.0618919
0.0682895
0.0748791
0.102354
0.102354
0.075759
0.0706162
0.0816746
0.0866306
0.0866306
0.0556554
0.0555776
0.0555161
0.077103
0.077103
0.0629149
0.0509596
0.057884
0.064463
0.064463
0.0595964
0.0571697
0.0571697
0.0554669
0.0475136
0.0540942
0.0540942
0.0533383
0.0694879
0.0694879
0.0541847
0.0541847
0.0505361
0.0619748
0.0740524
0.0771415
0.0771415
0.0616993
0.0616993
0.0608856
0.0603702
0.0542668
0.0499993
0.0507103
0.0558937
0.0792346
0.0792346
0.0630208
0.0488076
0.0558924
0.0591378
0.0650926
0.0773392
0.0773392
0.0661887
0.0719431
0.0846063
0.116634
0.116634
0.0954061
0.0954061
0.0796327
0.0884616
0.125035
0.125035
0.0839638
0.0763676
0.0907356
0.108555
0.108555
0.0913456
0.0830005
0.0988135
0.107938
0.107938
0.130917
0.135564
0.135564
0.102324
0.103923
0.103923
0.101219
0.101219
0.0745918
0.0766386
0.105608
0.105608
0.0790414
0.0622696
0.072836
0.072836
0.0699925
0.0876643
0.0876643
0.0981447
0.0981447
0.0778995
0.0778995
0.0857351
0.0925463
0.0925463
0.0930914
0.0930914
0.104008
0.104008
0.118647
0.118647
0.10047
0.107267
0.109767
0.124808
0.124808
0.108644
0.114118
0.12123
0.12123
0.122315
0.154904
0.154904
0.147169
0.142009
0.148377
0.148377
0.124239
0.114321
0.123818
0.128463
0.128463
0.118866
0.114342
0.114342
0.107451
0.107451
0.102883
0.102883
0.112219
0.112219
0.101223
0.127789
0.127789
0.113884
0.113013
0.113013
0.0813666
0.0876825
0.0876825
0.0647018
0.0749675
0.0997697
0.0997697
0.102183
0.111907
0.111907
0.116829
0.116829
0.115156
0.103918
0.107779
0.107779
0.0904428
0.107813
0.10924
0.10924
0.105637
0.0984311
0.10103
0.10103
0.109039
0.109039
0.0909211
0.0770832
0.101348
0.101348
0.0961184
0.0961184
0.0935938
0.0935938
0.0936522
0.0936522
0.0858284
0.0857088
0.0695193
0.0760298
0.0760298
0.0612737
0.059698
0.0635667
0.0635667
0.0552188
0.0644833
0.0747658
0.0830818
0.0830818
0.0673602
0.0604159
0.0707572
0.0746885
0.0753533
0.0753533
0.0714879
0.0714879
0.0589116
0.0589116
0.0671725
0.0710938
0.0710938
0.0610637
0.0567674
0.0558632
0.0628536
0.0752448
0.0752448
0.0807756
0.0807756
0.0759642
0.0532746
0.0679729
0.0679729
0.0657946
0.0865813
0.093292
0.093292
0.0666817
0.0653199
0.0653199
0.0541917
0.0541917
0.0719325
0.0987712
0.0987712
0.0783262
0.0898368
0.0898368
0.0894149
0.0776488
0.0776488
0.0851236
0.0858036
0.100699
0.100699
0.102474
0.102474
0.0907527
0.0907527
0.0978978
0.0978978
0.10031
0.10031
0.0956733
0.0865581
0.0865581
0.095454
0.104077
0.104077
0.110894
0.110894
0.108112
0.128846
0.128846
0.107811
0.112828
0.125909
0.131703
0.131703
0.119199
0.117421
0.113375
0.116226
0.116226
0.127675
0.127675
0.120586
0.0856446
0.0832893
0.112229
0.112229
0.127342
0.127342
0.132072
0.132072
0.1246
0.124016
0.152496
0.152496
0.134114
0.114593
0.113942
0.135669
0.155212
0.155212
0.0976376
0.11845
0.11845
0.106332
0.106332
0.124913
0.124913
0.110821
0.119918
0.119918
0.100992
0.104342
0.104342
0.106844
0.115555
0.115555
0.101272
0.138657
0.145915
0.145915
0.150245
0.150245
0.138106
0.155121
0.155121
0.142782
0.138092
0.138092
0.132455
0.137698
0.159493
0.159493
0.138083
0.139801
0.139801
0.138131
0.149064
0.191312
0.191312
0.157045
0.133787
0.149058
0.181579
0.20519
0.20519
0.174777
0.174777
0.158993
0.16953
0.16953
0.156083
0.139787
0.132947
0.111565
0.137173
0.137173
0.120327
0.128583
0.128583
0.12399
0.114587
0.110377
0.0984755
0.0981416
0.090987
0.102202
0.106357
0.106357
0.0792805
0.0792805
0.0666266
0.0594122
0.0600204
0.0625191
0.0665016
0.0665016
0.0867589
0.0867589
0.0727169
0.0727169
0.0848065
0.105953
0.11441
0.11441
0.0805391
0.0805391
0.0779538
0.0779538
0.0736882
0.0736882
0.066906
0.0711064
0.0711064
0.0509474
0.0491054
0.0491054
0.0534637
0.0566758
0.0593298
0.0593298
0.0645284
0.109083
0.109083
0.0785677
0.0945413
0.0945413
0.0776278
0.0682014
0.0648359
0.0898292
0.0898292
0.101996
0.101996
0.0984539
0.0878736
0.0594587
0.0594587
0.0546574
0.0377127
0.0342947
0.0537356
0.0569992
0.0733435
0.0733435
0.0739127
0.0739127
0.0852145
0.0893501
0.0893501
0.057262
0.0577875
0.0577875
0.051438
0.0614495
0.0614495
0.0497272
0.0497272
0.0473908
0.0465436
0.0292842
0.0300618
0.0300618
0.0235798
0.0354929
0.0354929
0.0405578
0.058105
0.058105
0.0452576
0.0438375
0.0438375
0.0310572
0.0424974
0.0426836
0.0426836
0.0614536
0.0614536
0.0797568
0.0797568
0.0630551
0.0630551
0.0827383
0.0827383
0.0818156
0.0774475
0.0689788
0.0729076
0.0852631
0.0883078
0.0883078
0.0869376
0.091824
0.091824
0.0948636
0.0948636
0.0698473
0.0826243
0.0826243
0.0732459
0.0633518
0.0612218
0.0716047
0.0716047
0.0693209
0.0696838
0.0696838
0.0667132
0.0694523
0.0694523
0.0558004
0.0460475
0.0590906
0.0590906
0.0428795
0.0324602
0.0235306
0.0255268
0.0334147
0.0450601
0.0450601
0.0605611
0.0630181
0.0932709
0.101693
0.101693
0.103841
0.103841
0.108418
0.119306
0.119306
0.104379
0.0867234
0.104301
0.106962
0.106962
0.10585
0.105097
0.102756
0.102756
0.103164
0.10441
0.115478
0.121713
0.141281
0.141281
0.0944953
0.0944953
0.112406
0.112406
0.0958372
0.116777
0.116777
0.0784747
0.0951634
0.0959955
0.0997994
0.10577
0.10577
0.0983281
0.0983281
0.0981771
0.0981771
0.0901169
0.0893366
0.0893366
0.0779534
0.103986
0.103986
0.0938155
0.0938155
0.0858765
0.09644
0.09644
0.0939511
0.0882796
0.0882796
0.0892836
0.096194
0.096194
0.132284
0.132284
0.122213
0.113392
0.121504
0.121504
0.107119
0.0867811
0.0867811
0.082674
0.082674
0.0688066
0.0689827
0.0848669
0.0881154
0.0881154
0.0808936
0.0663094
0.064431
0.0700093
0.0700093
0.0698982
0.0698982
0.056219
0.056219
0.0487975
0.0448243
0.0448243
0.0571257
0.0571257
0.0489592
0.0493266
0.0493266
0.042231
0.0479501
0.0479501
0.0364709
0.0354052
0.0467789
0.0467789
0.0477024
0.0477024
0.0584269
0.0585971
0.0585971
0.0629783
0.0801411
0.0801411
0.0820843
0.0820843
0.081181
0.0818814
0.0818814
0.0864275
0.0894404
0.0894404
0.0757669
0.0804884
0.0804884
0.0937198
0.0937198
0.0896573
0.0797208
0.0797208
0.0817315
0.0887342
0.0887342
0.0878848
0.0795748
0.0792843
0.0765874
0.0765874
0.101851
0.101851
0.0983735
0.0983735
0.101848
0.101848
0.0884919
0.0884919
0.080083
0.0879327
0.120617
0.120617
0.0865174
0.0791273
0.0771583
0.0737254
0.0908177
0.0908177
0.0815636
0.0742509
0.0742509
0.0719485
0.0864902
0.100872
0.100872
0.0972219
0.0972219
0.0803439
0.0803439
0.0752627
0.0763068
0.0763068
0.0849299
0.0849299
0.0841568
0.0742238
0.0742238
0.0658495
0.0686303
0.0686303
0.0623452
0.0623452
0.0832055
0.0832055
0.06584
0.06584
0.0818472
0.0840133
0.0840133
0.0941901
0.0941901
0.0693731
0.0734278
0.0734278
0.102052
0.102052
0.0782496
0.0829798
0.0829798
0.0715034
0.0846568
0.0846568
0.063757
0.0652578
0.0741246
0.0741246
0.0677711
0.0781817
0.0781817
0.0718966
0.0718966
0.063773
0.063773
0.049862
0.049862
0.0485243
0.0485243
0.0487502
0.0487502
0.0375299
0.0478175
0.0539745
0.0650452
0.0650452
0.0611225
0.0602441
0.0602441
0.0582771
0.0582771
0.0812272
0.0842822
0.0879023
0.0879023
0.0877939
0.0859386
0.0918241
0.0918241
0.0897687
0.0851126
0.0856747
0.0856747
0.0967761
0.100475
0.113428
0.113428
0.100717
0.0784517
0.109436
0.109436
0.0870464
0.0987719
0.124304
0.129257
0.129257
0.11584
0.11306
0.11306
0.0997978
0.0907579
0.0907579
0.110223
0.110223
0.106101
0.110657
0.123546
0.123546
0.11261
0.113589
0.113589
0.116679
0.116679
0.112884
0.106645
0.088691
0.115075
0.115075
0.101215
0.101215
0.0938191
0.0832311
0.0925164
0.0925164
0.0759939
0.0794172
0.0794172
0.0674952
0.0745998
0.0745998
0.0913196
0.0913196
0.081951
0.081951
0.0792302
0.0792302
0.0813472
0.0813472
0.0890459
0.0890459
0.097892
0.097892
0.103249
0.103249
0.0840647
0.125142
0.127546
0.127546
0.134406
0.151687
0.151687
0.124622
0.124622
0.128519
0.138954
0.138954
0.15138
0.15138
0.145168
0.145168
0.181683
0.181683
0.181395
0.162357
0.162357
0.121728
0.15921
0.165671
0.165671
0.142345
0.142345
0.149865
0.149865
0.151926
0.151926
0.142901
0.147241
0.147241
0.156978
0.156978
0.147374
0.123927
0.123927
0.0982483
0.101985
0.131556
0.137279
0.137279
0.134444
0.134444
0.134013
0.120601
0.0965544
0.13606
0.13606
0.176052
0.176052
0.147984
0.171691
0.171691
0.145507
0.148172
0.148172
0.122315
0.131782
0.131782
0.134312
0.15083
0.15164
0.15164
0.134992
0.134992
0.125229
0.121116
0.109714
0.128446
0.128446
0.125534
0.139166
0.139166
0.102041
0.0881257
0.0881257
0.0875402
0.0903387
0.0936104
0.0936104
0.0766231
0.0801246
0.0801246
0.0825318
0.0825318
0.0794649
0.0928089
0.0928089
0.0875882
0.0875882
0.0871117
0.0878464
0.0878464
0.0845077
0.0845077
0.0566437
0.080541
0.080541
0.0650929
0.0650929
0.056183
0.056183
0.0544355
0.0642475
0.0642475
0.0517185
0.0445454
0.0445454
0.0591586
0.0591586
0.0719071
0.0836748
0.0979126
0.10224
0.10279
0.10279
0.105949
0.105949
0.0989492
0.0996657
0.0996657
0.100555
0.100555
0.0842773
0.0906766
0.0906766
0.0843867
0.0843867
0.0686477
0.0703088
0.0703088
0.0602374
0.0680793
0.0847359
0.0847359
0.0780745
0.0780745
0.0805253
0.0805253
0.0677286
0.0567589
0.0569092
0.0616867
0.0616867
0.0533185
0.0681768
0.0681768
0.0525858
0.055229
0.0640619
0.0640619
0.066726
0.066726
0.0536428
0.0554875
0.0649726
0.0761934
0.0914872
0.0914872
0.0901418
0.0772826
0.0686189
0.0726225
0.0726225
0.073007
0.0843473
0.0843473
0.0804082
0.0993588
0.0993588
0.105284
0.105284
0.107953
0.107953
0.0949615
0.097174
0.1309
0.1309
0.126957
0.183447
0.183447
0.172221
0.127619
0.123228
0.125661
0.125661
0.153775
0.153775
0.178565
0.178565
0.15997
0.119888
0.145266
0.145266
0.155673
0.171294
0.171294
0.169367
0.178862
0.178862
0.202638
0.202638
0.178121
0.178121
0.172845
0.172845
0.151178
0.149489
0.146986
0.146986
0.126656
0.126656
0.136691
0.136691
0.13386
0.112037
0.127394
0.127394
0.12351
0.136771
0.136771
0.122028
0.103927
0.128269
0.128269
0.103142
0.103142
0.101467
0.101467
0.125748
0.125748
0.125396
0.124645
0.12326
0.124562
0.128988
0.128988
0.130182
0.130182
0.125784
0.121783
0.108914
0.138066
0.138066
0.128536
0.105968
0.105968
0.0993642
0.114341
0.114341
0.080979
0.080979
0.084102
0.084102
0.0821711
0.0960578
0.0960578
0.102772
0.102772
0.0731208
0.0817771
0.0817771
0.077781
0.0978547
0.0978547
0.0805922
0.0791554
0.091511
0.091511
0.071278
0.0891114
0.0891114
0.0730544
0.0809012
0.0809012
0.0634842
0.0720086
0.0879741
0.0879741
0.0697211
0.0550433
0.0451805
0.0450056
0.0671002
0.0671002
0.0556019
0.0675806
0.0688597
0.0688597
0.0653799
0.096059
0.096059
0.0667026
0.0697141
0.0697141
0.0586443
0.0554163
0.0596469
0.0744527
0.0744527
0.0675144
0.0675144
0.0618363
0.0611291
0.0718934
0.0912742
0.0912742
0.0956313
0.0956313
0.0803354
0.082914
0.082914
0.095225
0.0968888
0.103528
0.103528
0.0822825
0.0898873
0.089925
0.089925
0.0848973
0.0919343
0.0919343
0.0765756
0.0765756
0.069196
0.0803348
0.0803348
0.0672912
0.0609747
0.0932242
0.0932242
0.0718486
0.0783432
0.0783432
0.0712509
0.0503449
0.0503449
0.0390991
0.0396516
0.0494037
0.0494037
0.0531986
0.0531986
0.0553916
0.0553916
0.0441548
0.0441548
0.0607941
0.0621491
0.0621491
0.0518319
0.0626231
0.0626231
0.0612348
0.0515176
0.055518
0.055518
0.0753127
0.0753127
0.0588128
0.0535954
0.0528957
0.0919812
0.0919812
0.0735257
0.069792
0.0800193
0.0800193
0.0834696
0.0932553
0.0932553
0.0933157
0.0933157
0.11212
0.11212
0.0831009
0.0940259
0.117602
0.117602
0.124733
0.131494
0.131494
0.151903
0.151903
0.139304
0.155355
0.155355
0.168111
0.168111
0.142512
0.142512
0.125271
0.102801
0.13892
0.13892
0.123547
0.123957
0.123957
0.130777
0.134418
0.136312
0.136312
0.132745
0.121673
0.13619
0.13619
0.1428
0.1428
0.119456
0.118406
0.135284
0.135284
0.103813
0.100745
0.100745
0.108142
0.119593
0.119593
0.112858
0.118028
0.118028
0.110362
0.095365
0.085631
0.0969841
0.110947
0.110947
0.10893
0.128359
0.128359
0.12728
0.118572
0.119836
0.119836
0.119803
0.121741
0.121741
0.111087
0.13019
0.135911
0.135911
0.127885
0.14488
0.14488
0.126225
0.126225
0.120195
0.118079
0.126952
0.133057
0.133057
0.095128
0.0984066
0.0984066
0.105442
0.105442
0.121005
0.121005
0.118219
0.115845
0.0998994
0.118012
0.132411
0.132411
0.15998
0.15998
0.1492
0.148014
0.140455
0.137917
0.129781
0.131512
0.131512
0.125422
0.1152
0.113983
0.113983
0.122678
0.135432
0.135432
0.119287
0.113246
0.113246
0.112532
0.135934
0.135934
0.156791
0.156791
0.116428
0.106916
0.113238
0.113238
0.0935061
0.0911315
0.102374
0.102374
0.0933593
0.0823047
0.0952844
0.0952844
0.071941
0.071941
0.0562407
0.0650137
0.0650137
0.0458568
0.0644407
0.0805181
0.110078
0.110078
0.106512
0.109406
0.122256
0.13638
0.13638
0.143815
0.143815
0.114582
0.114582
0.120284
0.131248
0.131248
0.138032
0.138032
0.107083
0.113569
0.118966
0.118966
0.120936
0.12147
0.12147
0.13702
0.13702
0.0851207
0.0991443
0.105231
0.127042
0.127042
0.102134
0.150488
0.150488
0.111443
0.10919
0.10919
0.101683
0.089594
0.082744
0.100375
0.100375
0.0927218
0.0904367
0.0987549
0.0987549
0.0845422
0.0803655
0.0867297
0.0867297
0.0954173
0.0954173
0.089294
0.109724
0.12297
0.128598
0.128598
0.144601
0.144601
0.137295
0.135791
0.131628
0.0966977
0.0966977
0.0938475
0.0938475
0.0922739
0.0925513
0.0976238
0.0976238
0.137004
0.137004
0.111223
0.106215
0.106215
0.0942861
0.0730707
0.0838856
0.0838856
0.0973814
0.0973814
0.100642
0.100642
0.0906793
0.0906793
0.106666
0.106666
0.126377
0.126377
0.115515
0.132997
0.132997
0.137134
0.137134
0.104003
0.104003
0.101954
0.0816573
0.0933898
0.136304
0.136304
0.124966
0.124966
0.0974586
0.131064
0.131064
0.127209
0.130985
0.130985
0.114155
0.107989
0.120566
0.120566
0.112634
0.112634
0.136206
0.136206
0.131481
0.120929
0.128825
0.128825
0.116954
0.130795
0.144936
0.144936
0.128997
0.128997
0.117561
0.117561
0.111253
0.110313
0.110313
0.0935076
0.114474
0.114474
0.105803
0.0987893
0.0916774
0.073933
0.0732528
0.0747191
0.0779495
0.0829056
0.0829056
0.0685994
0.0634545
0.0593654
0.0467252
0.0388817
0.0432096
0.0623531
0.0696279
0.0871642
0.0889285
0.120221
0.142548
0.142548
0.103025
0.103025
0.0945453
0.0945453
0.0760224
0.0913227
0.0913227
0.0909432
0.0936003
0.105192
0.114356
0.114356
0.111317
0.111317
0.0832111
0.0832111
0.0819994
0.0769432
0.0836611
0.0836611
0.0709103
0.0709103
0.0741216
0.0891096
0.0891096
0.0917892
0.0951835
0.0951835
0.0919905
0.0919905
0.0738254
0.0782087
0.0815729
0.0815729
0.069461
0.0746182
0.0746182
0.0616342
0.0697612
0.0697612
0.0688198
0.0893137
0.0893137
0.0910174
0.0910174
0.0834415
0.0966242
0.0966242
0.0702743
0.0780562
0.0780562
0.0693792
0.0639185
0.068494
0.0838049
0.0888317
0.111726
0.111726
0.0714162
0.0828226
0.0961477
0.106326
0.107744
0.107744
0.0823919
0.0948226
0.13221
0.13221
0.0959487
0.0959487
0.082627
0.0847935
0.0847935
0.0845364
0.0825915
0.0868527
0.0988204
0.102355
0.10437
0.105353
0.111577
0.111888
0.111888
0.11393
0.11393
0.121959
0.121959
0.1079
0.107603
0.107603
0.101502
0.10512
0.10512
0.0990783
0.10067
0.10067
0.145704
0.145704
0.116811
0.125946
0.138714
0.138714
0.183148
0.189632
0.189632
0.163402
0.172556
0.172556
0.200823
0.200823
0.163436
0.163436
0.146995
0.12855
0.12855
0.125105
0.110333
0.143001
0.143001
0.132633
0.130946
0.118998
0.120423
0.122494
0.122494
0.111185
0.140136
0.140136
0.12933
0.12933
0.133711
0.133711
0.123536
0.136304
0.136304
0.128278
0.128278
0.127705
0.147707
0.147707
0.117015
0.117419
0.124761
0.124761
0.105665
0.104633
0.0949933
0.0961882
0.0961882
0.0859806
0.0807986
0.0775598
0.0775598
0.07725
0.0848213
0.101056
0.101056
0.0937436
0.103621
0.103621
0.100594
0.100594
0.0945615
0.1112
0.111886
0.111886
0.120757
0.127777
0.127777
0.125376
0.114684
0.137167
0.137167
0.101708
0.134759
0.134759
0.100891
0.108269
0.122516
0.122516
0.0890227
0.102218
0.102218
0.109122
0.109122
0.0831907
0.0833828
0.0833828
0.0891336
0.0891336
0.0952541
0.0952541
0.0902039
0.0902039
0.0874237
0.0781145
0.0980591
0.0980591
0.099562
0.099562
0.106747
0.121909
0.122364
0.122364
0.138761
0.155344
0.155344
0.155791
0.155791
0.133184
0.146376
0.146376
0.140435
0.140435
0.139129
0.124814
0.123349
0.123349
0.109847
0.100491
0.106853
0.106853
0.100471
0.0828693
0.0809522
0.0800543
0.0693148
0.091735
0.091735
0.133785
0.133785
0.117608
0.115176
0.115611
0.115611
0.109566
0.104743
0.086953
0.118982
0.118982
0.119274
0.119274
0.107635
0.111818
0.126958
0.126958
0.118046
0.104321
0.104532
0.104532
0.0990112
0.0990112
0.133842
0.143835
0.143835
0.122044
0.152721
0.152721
0.14217
0.155425
0.155425
0.183061
0.203847
0.203847
0.183328
0.152952
0.135837
0.131497
0.131497
0.123785
0.123785
0.109078
0.116443
0.135326
0.135326
0.142664
0.147425
0.168814
0.180822
0.180822
0.190606
0.190606
0.183754
0.136387
0.136387
0.157843
0.157843
0.154764
0.159636
0.159636
0.14744
0.185252
0.185252
0.142934
0.125361
0.112888
0.0845328
0.0729836
0.0552626
0.0500737
0.0500737
0.0549938
0.0549938
0.065495
0.065495
0.0615135
0.0615135
0.0595098
0.0595098
0.0727252
0.0809425
0.0809425
0.0809502
0.0809502
0.0932227
0.0932227
0.0712667
0.10208
0.10208
0.090889
0.0855966
0.0940901
0.101381
0.101381
0.111003
0.111003
0.096792
0.0779664
0.0759727
0.099416
0.099416
0.108985
0.108985
0.0899339
0.095761
0.0962372
0.0962372
0.0818058
0.0764385
0.0747673
0.0724029
0.0893204
0.0893204
0.0707213
0.0510979
0.0712472
0.0712472
0.0555292
0.0835913
0.0917465
0.0957922
0.0957922
0.0640517
0.0640517
0.0752674
0.0752674
0.0665753
0.0782643
0.0804101
0.0804101
0.0849857
0.101319
0.101319
0.0862646
0.0862646
0.0868347
0.104295
0.104295
0.0836364
0.0836364
0.0805004
0.0556654
0.066813
0.0713369
0.0713369
0.0602762
0.0551484
0.0551484
0.0445928
0.05102
0.0604838
0.0604838
0.0656637
0.0656637
0.0616344
0.0547523
0.0657332
0.0657332
0.0589454
0.0653812
0.0653812
0.0529052
0.0515193
0.0515193
0.0662599
0.0662599
0.0606242
0.0606242
0.0547997
0.0414163
0.0497688
0.0497688
0.038571
0.0370422
0.0416959
0.0698218
0.0776613
0.0776613
0.0820954
0.099607
0.099607
0.0731616
0.0725826
0.0743107
0.0743107
0.0472808
0.0638992
0.0638992
0.0421331
0.0563122
0.0563122
0.0698909
0.0698909
0.0516818
0.0609757
0.0609757
0.0591613
0.0531384
0.0566358
0.0566358
0.0512027
0.0614576
0.0746382
0.0832098
0.121334
0.121334
0.113117
0.113117
0.178081
0.178081
0.109261
0.107131
0.100636
0.100464
0.106599
0.106599
0.0972084
0.0820073
0.0820073
0.0652625
0.0529511
0.0582285
0.0654436
0.0654436
0.0624297
0.0606672
0.0707131
0.0764007
0.0764007
0.0659052
0.0662981
0.0784874
0.0784874
0.0728336
0.0728336
0.0602083
0.0463342
0.0351082
0.0481885
0.0650203
0.0650203
0.0681518
0.0750976
0.0750976
0.0761595
0.0891483
0.0891483
0.080923
0.080923
0.0885091
0.0885091
0.0883442
0.0762549
0.106524
0.106524
0.100442
0.0978972
0.0978972
0.0812681
0.082678
0.082678
0.073138
0.0905117
0.109843
0.109843
0.107125
0.100914
0.100914
0.100678
0.110208
0.110208
0.0925661
0.112456
0.112456
0.11524
0.11524
0.0942713
0.100627
0.100627
0.0795254
0.104917
0.104917
0.0995069
0.0880661
0.0880661
0.0932077
0.0932077
0.0777076
0.0878748
0.0878748
0.0811984
0.0906593
0.0906593
0.0664597
0.064601
0.064601
0.0587658
0.0661488
0.0661488
0.0595653
0.0620421
0.0800109
0.0800109
0.0833007
0.0926825
0.0926825
0.0865496
0.0908037
0.107933
0.107933
0.105404
0.105404
0.0997378
0.135394
0.119353
0.135394
0.121384
0.121384
0.132944
0.160506
0.173379
0.178207
0.178207
0.13747
0.120036
0.121189
0.121377
0.121377
0.108357
0.108357
0.11925
0.11925
0.113559
0.0851529
0.0967882
0.0967882
0.0983625
0.104196
0.104196
0.101564
0.082924
0.114273
0.121615
0.121615
0.100388
0.127679
0.127679
0.097819
0.097819
0.08308
0.0968969
0.0968969
0.0756515
0.0750651
0.0796219
0.089352
0.089352
0.0999029
0.100655
0.100655
0.104107
0.0947988
0.104107
0.106298
0.106298
0.106665
0.106665
0.101458
0.104224
0.118334
0.118334
0.0969025
0.0858498
0.0732037
0.0834228
0.118418
0.118418
0.0888817
0.0888817
0.0770329
0.0631911
0.0690593
0.0690593
0.0910361
0.0910361
0.0922914
0.117623
0.118578
0.118578
0.111996
0.112393
0.112393
0.106691
0.107002
0.107002
0.0951962
0.0869643
0.0869643
0.0906405
0.0906405
0.0697458
0.102775
0.112843
0.112843
0.0849865
0.0867429
0.100914
0.100914
0.0923165
0.0724899
0.0706949
0.100787
0.100787
0.1162
0.1162
0.101072
0.114917
0.114917
0.0897252
0.0912308
0.0912308
0.0845264
0.0669541
0.0774929
0.0853036
0.103133
0.112218
0.112218
0.114386
0.119718
0.119718
0.104277
0.104277
0.0848
0.0848
0.106602
0.11029
0.134371
0.134371
0.120559
0.118333
0.126506
0.126506
0.111946
0.107829
0.119765
0.119765
0.0941653
0.10611
0.126707
0.126707
0.124079
0.125597
0.132176
0.132176
0.129044
0.129044
0.156776
0.156776
0.117651
0.147407
0.164855
0.164855
0.121865
0.121865
0.124802
0.128227
0.137185
0.137185
0.128499
0.128499
0.0891901
0.0938055
0.0951316
0.0951316
0.0882882
0.093206
0.093206
0.0880389
0.0975529
0.108761
0.126071
0.126071
0.11948
0.11923
0.11923
0.118268
0.0925108
0.100781
0.126732
0.126732
0.1342
0.148358
0.148358
0.15332
0.15332
0.123327
0.118735
0.118735
0.10853
0.121382
0.121382
0.0981922
0.0942955
0.0942955
0.0905813
0.087049
0.0852825
0.0679827
0.0940405
0.0940405
0.0897
0.092971
0.100098
0.100098
0.0835372
0.089574
0.116706
0.116706
0.159684
0.159684
0.154807
0.164836
0.164836
0.1324
0.123012
0.107362
0.107362
0.0855692
0.095966
0.100019
0.100019
0.09833
0.09833
0.0943251
0.0943251
0.0867796
0.0867796
0.0950964
0.117162
0.117162
0.0711981
0.0763434
0.0763434
0.10987
0.10987
0.0867505
0.065045
0.0991339
0.0991339
0.0887712
0.0887712
0.0793448
0.0928423
0.10478
0.10478
0.100565
0.109615
0.109615
0.124798
0.124798
0.0963897
0.124838
0.124838
0.120361
0.120361
0.126218
0.126218
0.133899
0.133899
0.127151
0.11294
0.101101
0.0923639
0.0857998
0.0822955
0.0940127
0.0940127
0.0674391
0.0913761
0.0913761
0.103429
0.103429
0.0898555
0.094056
0.094056
0.0804526
0.0827836
0.0827836
0.0673682
0.0756878
0.0756878
0.0627713
0.0691129
0.0691129
0.0681222
0.0679892
0.0852087
0.0852087
0.0946891
0.0946891
0.0936998
0.0936998
0.0781296
0.0743413
0.0831484
0.0831484
0.08074
0.0794935
0.0794935
0.0505897
0.0518158
0.0542289
0.0542289
0.0655655
0.0788334
0.0788334
0.0442149
0.0456827
0.0456827
0.0311589
0.038188
0.038188
0.050823
0.0572728
0.0659755
0.0750648
0.0750648
0.0597279
0.071831
0.114959
0.114959
0.0972471
0.096251
0.096251
0.111904
0.111904
0.102226
0.102226
0.0980668
0.0980668
0.139269
0.139269
0.134782
0.134782
0.117329
0.117329
0.116971
0.116971
0.100365
0.0990286
0.108579
0.108579
0.108494
0.10467
0.127864
0.127864
0.107225
0.095181
0.0929938
0.0990962
0.117257
0.117257
0.0789048
0.0793337
0.0793337
0.0835055
0.0895215
0.108535
0.108535
0.0906809
0.0870509
0.0770305
0.0733758
0.0747502
0.0747502
0.0942497
0.0942497
0.0825543
0.0911175
0.0911175
0.0996977
0.102789
0.107009
0.107009
0.0804397
0.083848
0.083848
0.0857514
0.106595
0.106595
0.107485
0.120181
0.120181
0.104458
0.104458
0.0945042
0.114321
0.114321
0.0943443
0.0762851
0.0891185
0.105118
0.105118
0.0985056
0.105222
0.105222
0.0986455
0.110534
0.110534
0.0894741
0.0935243
0.0935243
0.0882906
0.0966498
0.0966498
0.0750014
0.0750014
0.0604672
0.0633747
0.0633747
0.072642
0.072642
0.059289
0.059289
0.0699939
0.0699939
0.0674818
0.0674818
0.0570352
0.0585967
0.0688903
0.0913317
0.0913317
0.0926007
0.0926007
0.0874909
0.0852816
0.0956467
0.0956467
0.0568618
0.0603326
0.0603326
0.0631174
0.0770541
0.0770541
0.0679134
0.0520878
0.0520878
0.0405077
0.0536724
0.0536724
0.0472981
0.0693547
0.0886537
0.109849
0.109849
0.109586
0.0994401
0.0994401
0.0901717
0.0901717
0.0992233
0.0992233
0.103865
0.120459
0.120459
0.113579
0.102528
0.102528
0.132235
0.132235
0.130239
0.127046
0.133388
0.133388
0.117333
0.0953566
0.1186
0.135094
0.135094
0.14161
0.14161
0.104148
0.0995065
0.0951122
0.118356
0.118356
0.0898521
0.0898521
0.0842314
0.0750143
0.0750143
0.071161
0.071161
0.0578442
0.0464466
0.0487804
0.0614134
0.0614134
0.0616674
0.0643962
0.0643962
0.0573141
0.0385361
0.0385361
0.0317469
0.0308775
0.0401588
0.0401588
0.0309867
0.0304405
0.0304405
0.0282497
0.0279732
0.0330687
0.0491909
0.0491909
0.0400588
0.0537857
0.0595215
0.0666029
0.0666029
0.088986
0.088986
0.074224
0.074224
0.0769675
0.0769675
0.0587689
0.0587689
0.0498517
0.0525664
0.0706981
0.0821114
0.0821114
0.0717038
0.0847493
0.0847493
0.0821588
0.0569801
0.0498783
0.0229013
0.0398989
0.0414984
0.0560429
0.0560429
0.0744376
0.0744376
0.0722592
0.0710289
0.0480449
0.0554037
0.0725023
0.0725023
0.0659813
0.0659813
0.0615936
0.0712182
0.0712182
0.0728705
0.0902532
0.109089
0.109089
0.0981758
0.093581
0.116614
0.116614
0.114877
0.0888965
0.0874295
0.08502
0.08502
0.0827621
0.0827621
0.078076
0.091557
0.091557
0.0879249
0.0787287
0.101609
0.105664
0.105664
0.0840545
0.114832
0.114832
0.0992331
0.0876062
0.0857306
0.0948225
0.0948225
0.0921251
0.0911059
0.0937235
0.0937235
0.0777016
0.0777016
0.0739256
0.0644946
0.0668341
0.086432
0.086432
0.0796334
0.0672041
0.0672041
0.0818691
0.0818691
0.0745376
0.0811074
0.0811074
0.0702179
0.0702179
0.0648609
0.0568471
0.0568471
0.0735698
0.0735698
0.0664681
0.0598364
0.0645599
0.0699052
0.0699052
0.0777569
0.0777569
0.0585638
0.0585638
0.0520995
0.0605032
0.0777308
0.0777308
0.0720814
0.0734364
0.0868986
0.103292
0.103292
0.0966344
0.0827539
0.0827539
0.103578
0.106537
0.106537
0.109739
0.109739
0.0961424
0.10099
0.119114
0.119114
0.105409
0.105409
0.0825997
0.0836797
0.0836797
0.0531894
0.060288
0.065118
0.0710952
0.0710952
0.0624342
0.0624342
0.0554248
0.0602725
0.0602725
0.0587469
0.0765696
0.0765696
0.0851425
0.0851425
0.0612162
0.0628592
0.084957
0.084957
0.0676368
0.0733657
0.0733657
0.0638626
0.0457751
0.0575194
0.0703493
0.074758
0.0771146
0.0862924
0.0862924
0.0849733
0.0849733
0.0936772
0.0936772
0.0902515
0.0921412
0.100641
0.100641
0.107767
0.107767
0.114945
0.114945
0.116411
0.118615
0.118615
0.109078
0.116392
0.116392
0.0771597
0.0771597
0.0960035
0.0960035
0.08294
0.08294
0.0976303
0.110485
0.110485
0.0837999
0.0837999
0.0802059
0.0802059
0.104348
0.104348
0.102444
0.0960344
0.0960344
0.0945981
0.0812123
0.0782789
0.098835
0.098835
0.091368
0.091368
0.0807061
0.0957268
0.0957268
0.0997789
0.106906
0.106906
0.0911207
0.0911207
0.0767298
0.0767298
0.0958141
0.112739
0.112739
0.0942812
0.0908827
0.100302
0.102816
0.102816
0.121723
0.121723
0.110841
0.0934676
0.0964549
0.110532
0.110532
0.106624
0.106624
0.0964066
0.0840187
0.103785
0.103785
0.100342
0.100342
0.0658454
0.0733162
0.0782811
0.0828561
0.0865192
0.0865192
0.0924108
0.0924108
0.0841519
0.0821636
0.0636994
0.0722766
0.0722766
0.0791505
0.0791505
0.0691441
0.0691441
0.0615355
0.0615355
0.0780771
0.094487
0.094487
0.0963547
0.0963547
0.0918879
0.0918879
0.101882
0.109098
0.109098
0.0953963
0.0824792
0.0888309
0.0888309
0.0818398
0.0827893
0.0874071
0.0913549
0.0969372
0.106217
0.106217
0.119174
0.119174
0.112999
0.0929418
0.0929418
0.107919
0.120534
0.120534
0.106445
0.108484
0.108484
0.10313
0.10313
0.117219
0.117219
0.125289
0.125289
0.099018
0.116803
0.116803
0.123709
0.123709
0.143842
0.143842
0.12487
0.129898
0.129898
0.131513
0.131513
0.107025
0.0953697
0.106911
0.106911
0.0727462
0.066519
0.077777
0.077777
0.0635013
0.0622119
0.0788628
0.0788628
0.0714921
0.0655257
0.0774089
0.0801585
0.107354
0.110593
0.110593
0.0973233
0.131189
0.131189
0.132307
0.132307
0.127228
0.129756
0.129756
0.0907198
0.0907198
0.0821925
0.0897028
0.0897028
0.0759789
0.0806984
0.0916172
0.0916172
0.0875839
0.0875839
0.0712692
0.0745917
0.0785877
0.0799015
0.111186
0.111186
0.0855484
0.0811684
0.0755495
0.0834516
0.0834516
0.0783727
0.0783727
0.0799115
0.0799115
0.0644916
0.0695473
0.0695473
0.0748488
0.0748488
0.0650917
0.0650917
0.0646668
0.0646668
0.051471
0.0506691
0.0410724
0.043734
0.043734
0.052326
0.0582126
0.0582126
0.059213
0.059213
0.0667944
0.0667944
0.0582149
0.0582149
0.0691294
0.0722138
0.0722138
0.0679245
0.0679245
0.0664679
0.0811498
0.0811498
0.0677584
0.0702605
0.0709193
0.0709193
0.060824
0.060824
0.0625155
0.0625155
0.0565969
0.0581589
0.0690218
0.0821133
0.0821133
0.0600397
0.0616362
0.0616362
0.0515204
0.0416032
0.0466901
0.0545145
0.0545145
0.0648006
0.0648006
0.0484479
0.0593601
0.0593601
0.0540021
0.052034
0.0465472
0.0465472
0.04028
0.0395464
0.026324
0.0220815
0.0198689
0.0373751
0.0376854
0.0424116
0.0468992
0.0468992
0.0550685
0.0651525
0.0697558
0.0889125
0.0889125
0.0673383
0.0655558
0.0674094
0.0698626
0.0698626
0.0872095
0.0910554
0.0910554
0.069285
0.0647326
0.0647326
0.0618765
0.0440718
0.0349515
0.0644454
0.0644454
0.0593934
0.0593934
0.0428086
0.0694715
0.0694715
0.0573639
0.0816132
0.0816132
0.0684929
0.101538
0.101538
0.112645
0.112645
0.111098
0.114203
0.114203
0.0912567
0.10699
0.117397
0.117397
0.116473
0.116473
0.123726
0.123726
0.11567
0.126156
0.132591
0.132591
0.150152
0.150152
0.135162
0.113424
0.100106
0.0903802
0.106177
0.106177
0.0986043
0.0986043
0.0904009
0.0852947
0.0847973
0.0828051
0.0994025
0.0994025
0.0918109
0.0852744
0.0754538
0.0940536
0.0940536
0.0884895
0.0884895
0.0888086
0.0888086
0.086288
0.115178
0.128885
0.128885
0.118004
0.121722
0.121722
0.112707
0.106724
0.120012
0.120012
0.0946928
0.0952276
0.0903325
0.087769
0.0756832
0.0680512
0.0581517
0.0601878
0.0659007
0.0659007
0.0633633
0.0888186
0.0888186
0.0683089
0.0713542
0.0681547
0.0681547
0.0840001
0.0597982
0.0538828
0.063553
0.0760069
0.0573926
0.0633231
0.0672647
0.0715988
0.0599003
0.0768396
0.0912601
0.125451
0.0899691
0.0572273
0.0603356
0.0978903
0.0876198
0.0658882
0.0672504
0.0604083
0.0702299
0.0530845
0.0795868
0.0672952
0.0481473
0.0582331
0.0672036
0.0818027
0.091227
0.117338
0.08653
0.079563
0.0821365
0.0810501
0.0665837
0.124482
0.0907578
0.0936398
0.109252
0.0975017
0.0849019
0.0774821
0.0642855
0.0708021
0.0908149
0.0940244
0.105553
0.0828155
0.096258
0.0945782
0.0943673
0.0811317
0.0938911
0.0906335
0.0725291
0.133185
0.0850291
0.109971
0.073285
0.0780842
0.0792615
0.0575833
0.064745
0.0520908
0.0559321
0.0572131
0.0693025
0.0510197
0.0817653
0.11742
0.101823
0.0791598
0.12252
0.0711862
0.0809889
0.0654788
0.0798815
0.108595
0.102046
0.0981706
0.0766576
0.0651031
0.0821938
0.0789143
0.0736935
0.0829799
0.0700247
0.0624053
0.088305
0.0849869
0.0786709
0.0763651
0.0935457
0.0889534
0.085661
0.111749
0.0770652
0.0702091
0.10262
0.10262
0.0966189
0.0966189
0.0924909
0.0876952
0.0984459
0.0984459
0.0950604
0.0950604
0.0843608
0.0843608
0.10171
0.10171
0.100639
0.100639
0.0824738
0.0850243
0.0865216
0.0871369
0.0871369
0.105068
0.105068
0.0834279
0.0800344
0.0800344
0.0660388
0.0646862
0.0633402
0.0679436
0.0679436
0.0486966
0.0419187
0.0294537
0.0520762
0.0605595
0.0605595
0.040792
0.045696
0.0385323
0.0290056
0.0217511
0.0252897
0.0252897
0.0231809
0.0231809
0.0202496
0.0226804
0.0238682
0.0238682
0.0215566
0.0238571
0.0238571
0.0265153
0.0290144
0.0290144
0.0292971
0.0292971
0.0257438
0.0378138
0.0433283
0.0437916
0.0437916
0.0376377
0.0376377
0.0301324
0.0362636
0.0362636
0.0329273
0.0544432
0.0544432
0.0358209
0.0352378
0.025247
0.0159169
0.0160189
0.0230365
0.0230365
0.0153612
0.0132669
0.0131978
0.0207376
0.0207376
0.0197801
0.0317293
0.0317293
0.0306451
0.0316598
0.0316598
0.0279404
0.0273755
0.0285531
0.0287435
0.0289859
0.0305114
0.0328103
0.047354
0.047354
0.0607141
0.0633543
0.0893985
0.0893985
0.0748512
0.0763163
0.0857597
0.0857597
0.0624687
0.0672397
0.0672397
0.0688666
0.0688666
0.088207
0.088207
0.0866014
0.0866014
0.0820452
0.0948717
0.0948717
0.110078
0.111337
0.126609
0.126609
0.105084
0.115265
0.115265
0.106425
0.102664
0.0912375
0.0880487
0.0853619
0.0800568
0.0949364
0.105922
0.105922
0.112212
0.112212
0.105864
0.0923025
0.106341
0.118443
0.118443
0.0994775
0.123065
0.123065
0.104618
0.109581
0.109581
0.0982569
0.100451
0.100451
0.0933363
0.116732
0.116732
0.105547
0.0923169
0.120897
0.120897
0.0922038
0.0697065
0.0647367
0.0675416
0.0675416
0.0641842
0.0603614
0.0643562
0.0643562
0.0560796
0.0560796
0.060525
0.060525
0.0568879
0.0783191
0.0868952
0.0868952
0.0588129
0.0571614
0.0689839
0.0689839
0.0650399
0.0650399
0.058477
0.0747738
0.0747738
0.0511969
0.0550536
0.0550536
0.0488939
0.0488939
0.0441351
0.0441351
0.0533414
0.0533414
0.0363363
0.0433735
0.0480159
0.0480159
0.0409696
0.0379252
0.0379252
0.0594298
0.0594298
0.0532436
0.05347
0.05347
0.0497474
0.04244
0.0544461
0.0544461
0.0365896
0.0570287
0.0598658
0.0598658
0.0678453
0.0694491
0.0694491
0.0592806
0.0592806
0.0585049
0.047963
0.047963
0.0730719
0.0730719
0.0687133
0.0687325
0.085509
0.085509
0.0705142
0.0867325
0.0867325
0.0761085
0.0879694
0.0984683
0.0984683
0.0923507
0.0923507
0.0924454
0.0924454
0.0835757
0.0812854
0.0814013
0.10846
0.10846
0.0879133
0.0897389
0.092492
0.131485
0.131485
0.121048
0.111843
0.11347
0.11347
0.0992791
0.109892
0.109892
0.100808
0.116811
0.116811
0.095633
0.0799783
0.0725573
0.0636817
0.0695262
0.0695262
0.0486987
0.0567858
0.0567858
0.0366038
0.0233604
0.0233604
0.0316811
0.0359757
0.0597283
0.0597283
0.0680547
0.0719937
0.0719937
0.0642529
0.0813303
0.0813303
0.0578656
0.0433069
0.0497434
0.0497434
0.0426035
0.0426035
0.045681
0.0585591
0.0585591
0.0648224
0.0648224
0.0578599
0.0578599
0.0708193
0.0708193
0.0561917
0.0838677
0.0860839
0.0860839
0.0904584
0.0904584
0.0910879
0.0910879
0.0733511
0.0650949
0.0615151
0.0677603
0.0677603
0.0761942
0.0761942
0.0696656
0.0607529
0.0651135
0.0663801
0.0941304
0.0941304
0.0520493
0.0583269
0.0766058
0.0902697
0.109646
0.109646
0.109823
0.109823
0.101606
0.105336
0.105336
0.0805732
0.0811343
0.0820098
0.0820098
0.0649547
0.045663
0.0375832
0.0445591
0.0477193
0.0477193
0.0325118
0.0378296
0.0541943
0.0633147
0.0633147
0.0455181
0.0511602
0.0511602
0.0456544
0.0235419
0.0225608
0.0225608
0.0355178
0.0583442
0.0951338
0.0951338
0.0787391
0.0915706
0.0915706
0.0979329
0.0979964
0.0979964
0.0696998
0.0605355
0.0378518
0.0548362
0.0548362
0.0641938
0.0641938
0.0600924
0.0600924
0.0569596
0.0569596
0.0509467
0.0671773
0.0671773
0.0586739
0.0784659
0.0784659
0.0748763
0.0748763
0.102911
0.102911
0.108398
0.108398
0.130078
0.130078
0.103299
0.117064
0.117064
0.0959009
0.123832
0.123832
0.106093
0.118068
0.118068
0.126841
0.12714
0.12714
0.121992
0.128483
0.132177
0.148625
0.148625
0.132967
0.132967
0.115943
0.120401
0.120401
0.126855
0.126855
0.108397
0.106897
0.143223
0.153708
0.153708
0.153066
0.153066
0.162275
0.162275
0.135769
0.135769
0.116074
0.126696
0.126696
0.105444
0.094955
0.0887975
0.0948825
0.0948825
0.101112
0.101112
0.10605
0.10605
0.0898206
0.0964018
0.0964018
0.0893273
0.0799388
0.0700859
0.0807598
0.0938173
0.0938173
0.0924707
0.0969533
0.100144
0.107906
0.107906
0.108996
0.113903
0.113903
0.103177
0.103177
0.111802
0.111802
0.0977801
0.0903325
0.0832896
0.0832896
0.0781722
0.0781722
0.0604935
0.0724915
0.0891746
0.0891746
0.081087
0.0717404
0.0713542
0.0644101
0.0693524
0.0840001
0.0506716
0.0454534
0.063553
0.0760069
0.0573926
0.0683718
0.0715988
0.070883
0.0912601
0.125451
0.0899691
0.0589611
0.0978903
0.0876198
0.0658882
0.0672504
0.0702299
0.0552196
0.0795868
0.0672952
0.0481473
0.0672036
0.0818027
0.091227
0.117338
0.08653
0.079563
0.0821365
0.0665837
0.124482
0.0907578
0.0936398
0.109252
0.0975017
0.0849019
0.0642464
0.067662
0.0908149
0.0940244
0.105553
0.0828155
0.096258
0.0945782
0.0943673
0.0938911
0.0906335
0.0725291
0.133185
0.0850291
0.109971
0.073285
0.0780842
0.0792615
0.064745
0.0520908
0.0559321
0.0572131
0.0693025
0.0510197
0.0817653
0.11742
0.101823
0.0791598
0.12252
0.0711862
0.0809889
0.0654788
0.0798815
0.108595
0.102046
0.0981706
0.0766576
0.0651031
0.0821938
0.0789143
0.0698362
0.0829799
0.0807987
0.0807987
0.088305
0.0849869
0.0786709
0.0796526
0.0935457
0.097041
0.097041
0.111749
0.0782615
0.078151
0.0672263
0.0858419
0.0858419
0.0818804
0.0819218
0.0819218
0.0745315
0.0745315
0.0621878
0.0621878
0.0979388
0.0979388
0.0819849
0.0937104
0.0937104
0.0782714
0.0727382
0.0981703
0.109188
0.109188
0.103887
0.0980658
0.0966083
0.0966083
0.127052
0.127052
0.121232
0.152247
0.152247
0.112251
0.106783
0.0929313
0.0788893
0.10846
0.10846
0.0800203
0.0529628
0.0751386
0.0751386
0.0720362
0.0721436
0.0721436
0.0633528
0.0696181
0.0826229
0.0826229
0.104269
0.104269
0.080205
0.0746794