0.16948
0.189469
0.189469
0.169374
0.169374
0.178037
0.178037
0.20336
0.206426
0.214521
0.214521
0.227507
0.227507
0.198175
0.236485
0.245113
0.245113
0.227885
0.206957
0.196255
0.231001
0.231001
0.187979
0.20891
0.20891
0.178147
0.194599
0.194599
0.182536
0.182536
0.189432
0.202545
0.202545
0.191425
0.162827
0.147839
0.195715
0.212102
0.212102
0.197388
0.172678
0.177465
0.185086
0.185086
0.179984
0.171868
0.175134
0.175134
0.17237
0.145626
0.184337
0.184337
0.144429
0.115178
0.141155
0.141155
0.131646
0.13071
0.117329
0.128597
0.151025
0.151025
0.12492
0.108209
0.125132
0.125132
0.120541
0.120541
0.137721
0.137721
0.109068
0.109068
0.126401
0.126401
0.0993827
0.0923517
0.110412
0.110412
0.0989168
0.118275
0.118275
0.104986
0.107137
0.121079
0.121079
0.112637
0.110611
0.110611
0.125614
0.125614
0.13362
0.137178
0.137178
0.134015
0.127944
0.121951
0.121994
0.121994
0.112436
0.120245
0.120245
0.114511
0.128976
0.128976
0.112616
0.110189
0.140967
0.140967
0.12586
0.12586
0.131987
0.171746
0.171746
0.1552
0.155082
0.200376
0.200376
0.180063
0.162086
0.162086
0.16515
0.170325
0.170325
0.179315
0.179315
0.177412
0.166988
0.188127
0.188127
0.158416
0.15215
0.15567
0.165319
0.165319
0.160802
0.147409
0.137237
0.141338
0.177745
0.177745
0.159889
0.18134
0.190437
0.190437
0.169316
0.16558
0.170216
0.182613
0.182613
0.165065
0.165065
0.157304
0.161768
0.161768
0.119655
0.139695
0.139695
0.135033
0.138806
0.1537
0.1537
0.139692
0.124841
0.123464
0.116249
0.101719
0.0927291
0.0927291
0.0684777
0.0698929
0.0698929
0.106285
0.106285
0.0785331
0.0785331
0.0831481
0.0831481
0.0760779
0.0760779
0.0716589
0.0685149
0.0729444
0.0729444
0.0762685
0.0830963
0.0830963
0.0999654
0.108728
0.108728
0.0978994
0.0975438
0.108629
0.108629
0.107324
0.107324
0.100936
0.100936
0.100212
0.0875528
0.116353
0.116353
0.0919183
0.0919183
0.103189
0.104994
0.104994
0.119282
0.123013
0.125085
0.125085
0.119625
0.0998464
0.0905032
0.0893158
0.0730436
0.065181
0.0782664
0.0834162
0.0834162
0.10218
0.10218
0.0821244
0.0767076
0.0767076
0.071468
0.0795408
0.0843056
0.102941
0.102941
0.0883702
0.0661407
0.0710209
0.0710209
0.0654498
0.0924855
0.0924855
0.086333
0.0881314
0.105337
0.105337
0.0957162
0.0957162
0.0877282
0.0849385
0.100264
0.100264
0.0595587
0.0763136
0.0804194
0.0804194
0.0873853
0.0873853
0.0803407
0.104897
0.104897
0.0811289
0.0633584
0.0757108
0.0757108
0.0770438
0.0770438
0.0601709
0.0596138
0.0596138
0.0597027
0.0651952
0.0651952
0.0564904
0.0564904
0.0617787
0.0733922
0.0861864
0.101425
0.101425
0.0972835
0.0972835
0.0828698
0.0938227
0.0938227
0.0812193
0.0812193
0.0795579
0.0933572
0.0933572
0.0961817
0.0961817
0.0885198
0.0689116
0.0936856
0.0936856
0.0798123
0.0830645
0.0830645
0.0921119
0.0921119
0.0859081
0.0859081
0.092291
0.092291
0.0877069
0.0876314
0.0854843
0.0822695
0.0822695
0.0776353
0.0731721
0.0776353
0.0652225
0.0652225
0.0737389
0.0737389
0.0996533
0.0996533
0.0811053
0.0811053
0.0777442
0.0777442
0.0812191
0.0849066
0.104258
0.117277
0.117277
0.123873
0.126656
0.126656
0.0999211
0.0999211
0.104754
0.104754
0.134886
0.134886
0.118938
0.11081
0.0832769
0.0832769
0.077899
0.0866672
0.0866672
0.0756361
0.0756361
0.064996
0.0918731
0.0950629
0.0950629
0.0772998
0.0721756
0.0588336
0.0529734
0.0688098
0.0688098
0.0825231
0.0825231
0.0786536
0.0786536
0.0750607
0.0750607
0.0563647
0.0958687
0.0958687
0.0917872
0.0824151
0.0850439
0.0850439
0.0722685
0.0614191
0.0614191
0.0523517
0.0547263
0.0725517
0.0778472
0.0999169
0.0999169
0.0918294
0.065979
0.0743552
0.0743552
0.0770326
0.0770326
0.069753
0.0946319
0.105403
0.105403
0.0718196
0.0909283
0.0909283
0.0889606
0.0925199
0.0925199
0.0850133
0.0879015
0.11067
0.11067
0.0986206
0.0986206
0.0757668
0.0569368
0.0552512
0.0664872
0.0664872
0.066478
0.0649564
0.0516729
0.0651302
0.0676176
0.0676176
0.0671831
0.0702572
0.083164
0.0964615
0.0964615
0.0885278
0.0856285
0.082232
0.082724
0.082724
0.0797515
0.0811717
0.0811717
0.0770281
0.0770281
0.0664649
0.0627799
0.0557875
0.0557875
0.0457496
0.0655955
0.0655955
0.0509478
0.0646201
0.0646201
0.0540972
0.0757246
0.0794459
0.0794459
0.0753933
0.0657747
0.0643081
0.0573846
0.0791179
0.0791179
0.0599648
0.0638562
0.0657993
0.0725855
0.0725855
0.0719121
0.0719121
0.0593171
0.0593171
0.0579235
0.0562916
0.0562916
0.0352818
0.0454257
0.0464208
0.0464208
0.0265297
0.0300915
0.0308506
0.0261691
0.0308506
0.0236799
0.0363682
0.0363682
0.0302297
0.034597
0.034597
0.0374779
0.0374779
0.0326312
0.0459655
0.0471891
0.0471891
0.0350481
0.0538518
0.0538518
0.0568297
0.064474
0.064474
0.0588927
0.0596379
0.0663356
0.0663356
0.0526096
0.0591232
0.0591232
0.0569579
0.060288
0.060288
0.0456886
0.04096
0.0480947
0.0625649
0.0625649
0.0604019
0.0599955
0.0599955
0.0572968
0.0467327
0.0661088
0.0661088
0.0542703
0.0483865
0.0483865
0.0404905
0.0532391
0.0549011
0.0578611
0.0578611
0.0540079
0.0540079
0.0475521
0.0482718
0.0482718
0.0441617
0.0441617
0.0320944
0.0521515
0.067478
0.067478
0.052373
0.054615
0.056348
0.0635843
0.0759044
0.102943
0.127665
0.127665
0.0998266
0.0998266
0.090358
0.0856174
0.0856174
0.0812826
0.0936179
0.0936179
0.076053
0.076053
0.0560735
0.0657962
0.0674256
0.075895
0.075895
0.072043
0.0812482
0.0812482
0.0817669
0.0817669
0.0714736
0.0743363
0.0743363
0.0572391
0.0691298
0.0773924
0.0773924
0.0627236
0.0590439
0.0654408
0.0727109
0.0818558
0.0818558
0.0912798
0.0912798
0.0728225
0.0693947
0.0895648
0.0980128
0.0980128
0.0911058
0.0850369
0.0923292
0.0923292
0.0784771
0.0784771
0.0859383
0.0859383
0.0859932
0.0920042
0.0920042
0.0718867
0.0813218
0.0813218
0.0710955
0.0924088
0.0924088
0.0831893
0.0831893
0.0925407
0.0925407
0.090498
0.090498
0.088949
0.088949
0.0733214
0.0733214
0.0709416
0.0821508
0.0821508
0.0709163
0.0874321
0.0874321
0.0831357
0.0831357
0.0742483
0.0742483
0.0954442
0.101667
0.112008
0.112008
0.085937
0.0822206
0.0808553
0.086282
0.086282
0.0889562
0.0889562
0.0758072
0.0758072
0.0686334
0.0718623
0.103697
0.103697
0.0954447
0.0951119
0.0951119
0.0743779
0.0922088
0.101648
0.101648
0.0650081
0.100972
0.132921
0.132921
0.132789
0.134927
0.134927
0.137772
0.137772
0.13946
0.13946
0.143551
0.150039
0.150039
0.152275
0.152275
0.136259
0.136259
0.131852
0.155076
0.157772
0.157772
0.174603
0.180418
0.180418
0.194784
0.194784
0.170382
0.170382
0.19331
0.19331
0.153692
0.157167
0.190028
0.19611
0.19611
0.188249
0.15139
0.179152
0.179152
0.175261
0.18933
0.18933
0.174778
0.174778
0.161962
0.184948
0.184948
0.170196
0.191644
0.191644
0.180515
0.142323
0.140936
0.114369
0.114369
0.115509
0.115509
0.108623
0.117951
0.117951
0.113299
0.119986
0.119986
0.107308
0.123918
0.125359
0.125359
0.124698
0.117515
0.120187
0.12156
0.12156
0.125283
0.125283
0.112596
0.101136
0.101136
0.0898128
0.0851778
0.0851778
0.116427
0.116427
0.104783
0.104783
0.077217
0.077217
0.0883014
0.0883014
0.0841989
0.0740222
0.0733226
0.0733226
0.0628471
0.0735692
0.0735692
0.0738855
0.0738855
0.0593614
0.0675837
0.0675837
0.059366
0.0509535
0.0729034
0.0729034
0.0741958
0.0741958
0.0799016
0.0799016
0.0913356
0.0923384
0.0923384
0.09718
0.09718
0.0901714
0.082075
0.111373
0.111373
0.108363
0.112653
0.112653
0.107359
0.107359
0.0934802
0.130862
0.130862
0.109525
0.101197
0.117747
0.13751
0.13751
0.125826
0.108663
0.105275
0.105275
0.094729
0.094729
0.0963266
0.106484
0.106484
0.101841
0.11569
0.11569
0.131441
0.131441
0.114099
0.134571
0.162032
0.162032
0.165628
0.183466
0.183466
0.165979
0.183689
0.22118
0.22118
0.227483
0.227483
0.215275
0.182666
0.17284
0.175465
0.227273
0.230252
0.312097
0.327628
0.327628
0.337598
0.36385
0.36385
0.348228
0.361757
0.386209
0.386209
0.385168
0.390793
0.452352
0.473228
0.55583
0.523523
0.55583
0.468892
0.53393
0.372857
0.503157
0.476547
0.443538
0.519988
0.512788
0.57745
0.57745
0.541689
0.541689
0.557692
0.556477
0.556477
0.551639
0.551639
0.598087
0.598087
0.559004
0.550713