0.129339
0.104204
0.0879939
0.0859417
0.0695046
0.0874562
0.0696268
0.11136
0.135343
0.121001
0.0888584
0.100879
0.0818482
0.0767929
0.0713424
0.0884661
0.110566
0.144053
0.0802892
0.0647991
0.0422067
0.0485589
0.0657259
0.0637232
0.0736856
0.0620492
0.0704683
0.07181
0.0439089
0.0569444
0.0716395
0.0626643
0.0818722
0.0670571
0.0670571
0.0600538
0.0500418
0.0602952
0.0557427
0.059844
0.0635384
0.0779403
0.0872884
0.0843485
0.0643548
0.0675429
0.0595036
0.0585634
0.0546326
0.0516227
0.0547039
0.0511138
0.0599556
0.0599556
0.0604575
0.053736
0.0764975
0.100117
0.0961366
0.113924
0.0965927
0.108386
0.0819673
0.0785666
0.0654443
0.0661687
0.0662637
0.0491806
0.0746276
0.082883
0.106298
0.0927478
0.0923063
0.0887833
0.0923094
0.059765
0.0778076
0.0766601
0.0974605
0.0743494
0.0787026
0.0787026
0.0790919
0.0907993
0.103712
0.103712
0.0958876
0.10161
0.108822
0.1343
0.1343
0.11665
0.103138
0.0955887
0.0955887
0.11571
0.124636
0.13144
0.13144
0.10271
0.10271
0.100253
0.0955914
0.0955914
0.0766254
0.0950972
0.0950972
0.0704164
0.0811169
0.0811169
0.0730296
0.0633325
0.079962
0.0911782
0.0911782
0.0795986
0.0795986
0.0666949
0.0666949
0.080147
0.0985536
0.0807907
0.103167
0.100919
0.10873
0.10873
0.094301
0.100076
0.0868292
0.0802508
0.0854655
0.0964383
0.0865603
0.0857625
0.101273
0.0832648
0.106204
0.0912749
0.0833129
0.0729838
0.0656971
0.0801621
0.0658926
0.0732991
0.063848
0.0663979
0.0663979
0.0715714
0.058708
0.0769357
0.0775883
0.0705452
0.0835878
0.0739888
0.098671
0.0857898
0.0733236
0.101877
0.131168
0.163685
0.137637
0.116334
0.103436
0.0954334
0.0992709
0.123971
0.123491
0.125278
0.164009
0.108649
0.0822618
0.0762207
0.077582
0.108697
0.118631
0.0729759
0.0609347
0.072989
0.0824482
0.111209
0.112189
0.101702
0.0818576
0.0966391
0.115191
0.113371
0.113162
0.109339
0.0922761
0.0843733
0.113294
0.137471
0.108706
0.0764642
0.0747472
0.0747472
0.101003
0.0935977
0.0884411
0.0851397
0.0851397
0.0645912
0.0555854
0.0631534
0.0631534
0.0591452
0.0477182
0.0448291
0.0597894
0.0655188
0.0667845
0.0667845
0.0525968
0.058467
0.058467
0.0581275
0.0452552
0.0532829
0.0826758
0.0721345
0.0799455
0.0833049
0.0774769
0.0668917
0.103681
0.15253
0.148766
0.135568
0.141283
0.134129
0.125659
0.130593
0.128844
0.112734
0.121269
0.127323
0.132592
0.126336
0.135546
0.120862
0.137241
0.176512
0.139074
0.129411
0.132541
0.111532
0.0915021
0.108305
0.101192
0.112257
0.0759249
0.103837
0.0715161
0.0674906
0.0631194
0.064772
0.0730935
0.0568489
0.0428574
0.0693568
0.0496156
0.0339594
0.0339594
0.0336867
0.0336867
0.0310965
0.0285865
0.0259768
0.0223651
0.0358923
0.0358923
0.0493416
0.0608724
0.0608724
0.055333
0.0580946
0.0745826
0.0745826
0.0639713
0.0692999
0.0692999
0.0723859
0.0887434
0.0887434
0.0982398
0.0982398
0.090342
0.0902474
0.0931784
0.0931784
0.092167
0.0788689
0.0896489
0.11476
0.120774
0.120774
0.11923
0.124317
0.140258
0.147833
0.147833
0.127392
0.140681
0.140681
0.117078
0.117078
0.107683
0.10671
0.0903593
0.0944775
0.0944775
0.0844951
0.0975607
0.0975607
0.0641155
0.0675621
0.0675621
0.0655386
0.0704772
0.0960922
0.0960922
0.112659
0.112659
0.100961
0.134547
0.134547
0.124528
0.127664
0.127664
0.143759
0.156888
0.156888
0.131983
0.103447
0.0993421
0.0993421
0.0911256
0.0792883
0.0789558
0.0789558
0.0730168
0.0730168
0.0442407
0.0442407
0.0444874
0.0533258
0.0606557
0.0656695
0.0656695
0.047964
0.0551197
0.0577025
0.0641033
0.0754335
0.0833269
0.0895893
0.0898974
0.0944978
0.11073
0.11073
0.10854
0.10854
0.100691
0.120634
0.120634
0.0912945
0.0800478
0.0745168
0.093802
0.093802
0.0881982
0.0838029
0.0859453
0.0859453
0.0805617
0.0805617
0.0724303
0.0835845
0.0835845
0.0640174
0.0588662
0.0761895
0.0799863
0.0799863
0.0706713
0.0661371
0.0789584
0.0789584
0.0804818
0.0804818
0.0703596
0.0635498
0.0699834
0.0809046
0.0970211
0.0970211
0.0769367
0.0719841
0.0889939
0.0889939
0.0794816
0.0809662
0.0809662
0.0770052
0.0912372
0.0912372
0.0837789
0.0676643
0.0754881
0.0754881
0.0626414
0.0626414
0.0653462
0.0695832
0.0695832
0.0726901
0.0726901
0.0863606
0.0988738
0.0988738
0.0979565
0.087935
0.087241
0.0899224
0.0899224
0.0683612
0.054442
0.0523006
0.0648721
0.0741737
0.0848962
0.0848962
0.107145
0.125352
0.125352
0.101806
0.087253
0.087253
0.0823022
0.0775876
0.081861
0.081861
0.0838078
0.110377
0.110377
0.0845393
0.108261
0.108261
0.0812933
0.0832596
0.093065
0.093065
0.095652
0.095652
0.103284
0.103284
0.102545
0.0902536
0.102316
0.102316
0.0850824
0.0760672
0.0699686
0.0532608
0.0532608
0.0493243
0.0521958
0.0585045
0.0587848
0.0587848
0.0519916
0.0529681
0.0529681
0.059114
0.059114
0.0469215
0.0469215
0.0466154
0.0735653
0.0735653
0.0696371
0.0676232
0.0472478
0.0321798
0.0420936
0.0420936
0.0373422
0.0434913
0.0434913
0.0271402
0.0302341
0.0378027
0.0396102
0.0396102
0.0361592
0.0454619
0.0454619
0.0298395
0.0296879
0.0296879
0.0133464
0.0376294
0.0681203
0.0681203
0.052977
0.052977
0.0551552
0.0551552
0.0656335
0.0678668
0.0678668
0.0747402
0.0774479
0.0774479
0.0721221
0.0929808
0.0929808
0.076693
0.0843284
0.0843284
0.0726603
0.0726603
0.0689596
0.0562543
0.0561742
0.0703216
0.0703216
0.0404428
0.0458963
0.0458963
0.0403592
0.0470729
0.0589465
0.0589465
0.0535822
0.0535822
0.0562794
0.0562794
0.0514011
0.0354463
0.0387964
0.0556611
0.0556611
0.0338095
0.034811
0.0385512
0.0385512
0.0270465
0.0270465
0.0208839
0.0324503
0.0324503
0.0384202
0.0402576
0.042339
0.042339
0.0487896
0.0487896
0.0238619
0.0222709
0.016652
0.0400911
0.0433013
0.0433013
0.023529
0.0406945
0.0406945
0.0373821
0.0300563
0.0230079
0.0239535
0.0448292
0.0448292
0.0806193
0.0806193
0.0676072
0.0773949
0.0773949
0.0658666
0.0512029
0.0419081
0.0593134
0.0843087
0.0843087
0.0518569
0.0361076
0.0532112
0.0532112
0.0462337
0.0462337
0.0341915
0.0467471
0.0673325
0.0673325
0.0554792
0.040025
0.0310492
0.0321772
0.0470593
0.0470593
0.0346115
0.0368661
0.04663
0.05458
0.05458
0.0536046
0.0512684
0.0368495
0.0368495
0.0411064
0.0548074
0.0569801
0.0575281
0.0575281
0.0646313
0.0646313
0.0376085
0.0376085
0.040553
0.0431741
0.0431741
0.050473
0.0543782
0.0543782
0.0394062
0.0401644
0.0401644
0.0321374
0.0321374
0.0242926
0.0401519
0.0686146
0.0759737
0.0759737
0.0669273
0.0572006
0.0467766
0.0352585
0.0442004
0.0442004
0.0215038
0.0209926
0.0362383
0.0362383
0.0441955
0.0740941
0.0740941
0.0246542
0.03668
0.03668
0.0203671
0.0361931
0.0441931
0.0441931
0.0339793
0.0311971
0.0311971
0.0225428
0.0282605
0.0282605
0.0220548
0.0232646
0.034231
0.058009
0.058009
0.0754773
0.114563
0.114563
0.0951906
0.0683432
0.0751426
0.133274
0.133274
0.12943
0.132
0.135071
0.135071
0.136998
0.136998
0.13603
0.13603
0.139247
0.151433
0.151433
0.151843
0.151843
0.147305
0.161841
0.161841
0.125226
0.125379
0.125379
0.100349
0.0945726
0.111929
0.129054
0.129054
0.138203
0.138203
0.159682
0.167144
0.167144
0.167458
0.167458
0.152582
0.152582
0.121546
0.121546
0.113845
0.106846
0.109828
0.144095
0.144095
0.144195
0.144195
0.133717
0.133717
0.13022
0.123034
0.109831
0.0906261
0.0973066
0.0973066
0.0944102
0.0944102
0.0903788
0.0758847
0.0753408
0.047878
0.047878
0.046715
0.0483191
0.0558697
0.0577746
0.0577746
0.0819721
0.0819721
0.071592
0.0863682
0.0863682
0.0833923
0.0833923
0.0794043
0.0794043
0.0597694
0.071266
0.0723315
0.0723315
0.0539826
0.0585112
0.0585112
0.0563035
0.0563035
0.0451436
0.0367018
0.0462044
0.0606517
0.0606517
0.0438732
0.0595929
0.0595929
0.0568127
0.0568127
0.0554014
0.036838
0.0515088
0.0515088
0.0400925
0.0482385
0.0518998
0.0518998
0.0415612
0.0415658
0.0415658
0.0372165
0.0368471
0.0472499
0.0472499
0.0460349
0.0467994
0.064589
0.0798669
0.0798669
0.062063
0.0573361
0.0636702
0.0636702
0.0476201
0.0525716
0.0625845
0.0625845
0.0462433
0.0450194
0.0446713
0.0410899
0.0446676
0.0446676
0.0435561
0.0438309
0.0438309
0.032515
0.0487442
0.0487442
0.0349126
0.0440241
0.0517716
0.0517716
0.0418785
0.0368713
0.0344614
0.0560677
0.0560677
0.0793411
0.0793411
0.0618556
0.0741713
0.0741713
0.0619185
0.0677257
0.0677257
0.0673264
0.0593171
0.0767992
0.0767992
0.0644473
0.0644473
0.0397702
0.0443508
0.0443508
0.0335717
0.0266364
0.0284896
0.0284896
0.0289748
0.129339
0.104204
0.0879939
0.0859417
0.0874562
0.0696268
0.11136
0.135343
0.121001
0.0888584
0.100879
0.0818482
0.0713424
0.0884661
0.110566
0.144053
0.0802892
0.0647991
0.0461307
0.0657259
0.0637232
0.0736856
0.0620492
0.0704683
0.07181
0.0439089
0.0569444
0.0716395
0.0592372
0.0818722
0.05863
0.05863
0.0500418
0.0602952
0.0583315
0.059844
0.0635384
0.0779403
0.0872884
0.0843485
0.0440536
0.0675429
0.0585634
0.057817
0.048692
0.0510585
0.0547039
0.0596044
0.0500045
0.0604575
0.053736
0.0764975
0.100117
0.0961366
0.113924
0.0965927
0.108386
0.0819673
0.0785666
0.0654443
0.0661687
0.0662637
0.0497528
0.0746276
0.082883
0.106298
0.0927478
0.0923063
0.0887833
0.0923094
0.0677734
0.0692925
0.0796383
0.0974605
0.0896909
0.0760076
0.0760076
0.080313
0.080313
0.0628027
0.0635598
0.10228
0.10228
0.0964619
0.0888089
0.0988392
0.102429
0.105552
0.105552
0.127155
0.127155
0.108781
0.105514
0.105514
0.109146
0.115962
0.126424
0.126424
0.0990115
0.0907464
0.0986084
0.0986084
0.0971719
0.104669
0.125286
0.125286
0.106005
0.106005
0.0860112
0.0860112
0.06788
0.077016
0.077016
0.060521
0.0650026
0.0655346
0.080147
0.0985536
0.0807907
0.103167
0.100919
0.0892741
0.094301
0.100076
0.0830774
0.0802508
0.0854655
0.0964383
0.0718722
0.101273
0.0832648
0.106204
0.0763627
0.0833129
0.0767911
0.0801621
0.0620993
0.0732991
0.0622119
0.0639207
0.0657288
0.0715714
0.0619813
0.0775883
0.0705452
0.0835878
0.0678893
0.098671
0.0857898
0.0733236
0.101877
0.131168
0.163685
0.137637
0.116334
0.103436
0.0992709
0.123971
0.123491
0.125278
0.164009
0.108649
0.0822618
0.077582
0.108697
0.118631
0.0722844
0.0675804
0.0824482
0.111209
0.112189
0.101702
0.0966391
0.115191
0.113371
0.113162
0.109339
0.0922761
0.113294
0.137471
0.108706
0.0764642
0.0717095
0.101003
0.0935977
0.0884411
0.0787741
0.0652112
0.0645912
0.0467176
0.0470068
0.0470068
0.0449768
0.0399367
0.0528503
0.0655188
0.0508043
0.0522732
0.0497373
0.0471454
0.0588628
0.0588628
0.0595856
0.0655069
0.0826758
0.0799455
0.0833049
0.0774769
0.0668917
0.103681
0.15253
0.148766
0.135568
0.141283
0.134129
0.125659
0.130593
0.128844
0.112734
0.121269
0.127323
0.132592
0.126336
0.135546
0.120862
0.137241
0.176512
0.139074
0.129411
0.132541
0.111532
0.108305
0.101192
0.112257
0.0815361
0.103837
0.0715161
0.0674906
0.0646471
0.0730935
0.0564225
0.0480238
0.0693568
0.0362323
0.025698
0.025698
0.0244321
0.0244321
0.021715
0.0164076
0.0213924
0.02227
0.0246638
0.0265283
0.037771
0.0472968
0.0543849
0.0528985
0.0528985
0.0496018
0.0598836
0.0598836
0.0541377
0.0541377
0.0465425
0.0479158
0.0479158