0.164688
0.180942
0.180942
0.172615
0.175942
0.175942
0.174317
0.174317
0.175421
0.176674
0.176674
0.171942
0.161618
0.161618
0.127654
0.127654
0.090857
0.0970887
0.0970887
0.0805842
0.107674
0.107674
0.0961933
0.11649
0.11649
0.0880518
0.0910614
0.111815
0.115909
0.115909
0.106824
0.121614
0.121614
0.128732
0.128732
0.107633
0.0917331
0.0917331
0.0753322
0.0699847
0.0608
0.0775982
0.0775982
0.0765699
0.0716021
0.0412644
0.0420849
0.0483264
0.0530851
0.0530851
0.0524302
0.0642421
0.0642421
0.0961085
0.0961085
0.0957073
0.113851
0.122781
0.122781
0.119362
0.138242
0.166532
0.166532
0.160581
0.150047
0.150047
0.153382
0.153382
0.15717
0.15717
0.137765
0.152616
0.152616
0.140556
0.157785
0.157785
0.155938
0.135868
0.136034
0.14355
0.14355
0.127227
0.127227
0.132925
0.132925
0.120679
0.120271
0.120271
0.111063
0.111063
0.0963431
0.10504
0.133269
0.133269
0.125209
0.125209
0.11729
0.13502
0.13502
0.095832
0.091837
0.0823738
0.0692542
0.0733081
0.0733081
0.0606837
0.0590965
0.0587884
0.0587884
0.063591
0.068474
0.068474
0.0612062
0.0674754
0.0674754
0.0656276
0.0709326
0.072352
0.072352
0.0674506
0.0674506
0.0852286
0.0852286
0.0706256
0.0651119
0.0640859
0.0670965
0.0779581
0.0779581
0.0802037
0.0802037
0.0706756
0.0558372
0.0529317
0.0494465
0.0506451
0.0585748
0.0784872
0.0784872
0.0703887
0.0688483
0.054162
0.0825429
0.0825429
0.07234
0.07234
0.0766543
0.0766543
0.0824817
0.0824817
0.0643302
0.0941901
0.0941901
0.0807443
0.0807443
0.0869132
0.0869132
0.085625
0.072947
0.0730641
0.0730641
0.0714036
0.111311
0.111311
0.0859074
0.0838535
0.0824661
0.0794066
0.0625432
0.0891391
0.0891391
0.0549523
0.0687687
0.0745235
0.0745235
0.066935
0.0900333
0.0900333
0.062059
0.062059
0.0604739
0.069028
0.069028
0.0473603
0.0347637
0.0257463
0.0257463
0.0205281
0.0225045
0.0229313
0.0302729
0.0302729
0.0185277
0.0185277
0.0150324
0.0264318
0.0264318
0.0298513
0.0298513
0.0249025
0.0343355
0.0426229
0.0426229
0.0361025
0.02371
0.033577
0.0377227
0.0377227
0.0418453
0.0515692
0.0804326
0.0804326
0.0618236
0.0618236
0.0432595
0.0476933
0.0503028
0.0503028
0.0514211
0.0515477
0.0593579
0.0593579
0.0624921
0.0624921
0.0517821
0.0517821
0.0500201
0.0465667
0.0465667
0.0395764
0.0389321
0.0474625
0.0531892
0.0541913
0.0674237
0.0674237
0.0534431
0.0561292
0.0561292
0.0648154
0.0648154
0.0588054
0.072412
0.0846464
0.0861607
0.0915861
0.10431
0.114539
0.114539
0.107172
0.110721
0.119275
0.137104
0.137104
0.147621
0.147621
0.110502
0.114289
0.124252
0.124252
0.106541
0.127025
0.127025
0.111201
0.118113
0.118113
0.0995285
0.106096
0.106096
0.0928763
0.0840132
0.0786299
0.0692093
0.0804144
0.0840157
0.09542
0.09542
0.108073
0.108073
0.119812
0.119812
0.118609
0.118609
0.125296
0.125296
0.122182
0.122182
0.0994586
0.118363
0.118363
0.1078
0.1078
0.100311
0.0907995
0.0973923
0.0973923
0.1006
0.1006
0.0880405
0.0758525
0.0884448
0.0884448
0.0716263
0.0716263
0.0857217
0.0857217
0.0862631
0.087174
0.107689
0.113089
0.113089
0.0949815
0.120062
0.120062
0.0852275
0.0886952
0.0886952
0.0937217
0.0975801
0.10558
0.10558
0.104109
0.104109
0.0961191
0.0935808
0.103526
0.103526
0.103772
0.103772
0.0916845
0.0906706
0.0906706
0.0896743
0.0881782
0.0881782
0.0658105
0.0866936
0.104682
0.104682
0.0923673
0.0938315
0.0938315
0.0884598
0.0947457
0.0947457
0.0778303
0.0778303
0.0971996
0.0971996
0.0915006
0.0764347
0.0764347
0.0763766
0.0790825
0.0790825
0.061683
0.0738266
0.0738266
0.0932048
0.0932048
0.0698904
0.0867283
0.0867283
0.0663089
0.0671152
0.0671152
0.0862896
0.0862896
0.0966929
0.0966929
0.106964
0.118049
0.118049
0.106111
0.0894502
0.0891745
0.0885937
0.0885929
0.0885929
0.0704999
0.0918104
0.116966
0.116966
0.0917755
0.098058
0.098058
0.0977175
0.101159
0.101159
0.0979474
0.123423
0.123423
0.107755
0.107755
0.111053
0.119408
0.119408
0.121908
0.125297
0.125297
0.114049
0.160372
0.160372
0.135489
0.135489
0.104252
0.115298
0.115298
0.112707
0.117419
0.117419
0.115173
0.115173
0.10293
0.121233
0.121233
0.116629
0.116629
0.0992715
0.0992715
0.0963085
0.0963085
0.088194
0.105993
0.105993
0.0945115
0.0945115
0.110704
0.114687
0.114687
0.111453
0.119683
0.119683
0.095951
0.0721516
0.0893572
0.0893572
0.0761468
0.0674757
0.0574577
0.0645078
0.0645078
0.0855851
0.0855851
0.0643291
0.0668985
0.0902393
0.0902393
0.0929956
0.0929956
0.0927237
0.0927237
0.0811572
0.0862054
0.0862054
0.0768458
0.105743
0.105743
0.0969333
0.104563
0.104563
0.0964857
0.0849328
0.0849328
0.0823602
0.0823602
0.105969
0.112281
0.112281
0.110566
0.125152
0.125152
0.124949
0.139858
0.140682
0.140682
0.118955
0.0905516
0.0963632
0.105604
0.106063
0.122902
0.122902
0.102699
0.102699
0.0760484
0.067094
0.0568597
0.0568597
0.0413453
0.0329785
0.0307494
0.0234343
0.0228158
0.0405713
0.0405713
0.0437749
0.052148
0.052655
0.052655
0.0625063
0.0840714
0.107025
0.107025
0.0861606
0.0861606
0.0821085
0.0495121
0.0399753
0.0324455
0.033216
0.0625187
0.0625187
0.0525308
0.0525308
0.0411926
0.037066
0.0389222
0.0389222
0.028763
0.028763
0.0226532
0.026071
0.026071
0.021327
0.0340758
0.0340758
0.0260497
0.0303124
0.0303124
0.0319019
0.0319019
0.0349084
0.049922
0.0504411
0.0665457
0.0665457
0.0826071
0.0826071
0.0678044
0.0734432
0.0751436
0.0751436
0.073052
0.0589529
0.0589529
0.058673
0.069297
0.069297
0.0941621
0.0941621
0.0846397
0.0846397
0.0753178
0.0914189
0.0914189
0.0922459
0.0922459
0.0837862
0.071535
0.0793379
0.0795937
0.0795937
0.0675441
0.0655214
0.075268
0.08874
0.08874
0.0795389
0.0788198
0.0651773
0.0651773
0.0547132
0.0531974
0.0830276
0.0830276
0.0740193
0.0971694
0.0971694
0.0892915
0.0892915
0.104406
0.104406
0.0913641
0.0913641
0.0873988
0.0768709
0.0836789
0.0971025
0.100032
0.100032
0.097507
0.0847523
0.0847523
0.102294
0.102294
0.0639214
0.0677442
0.0804367
0.0828312
0.0828312
0.0900998
0.0900998
0.0632348
0.0650956
0.0724487
0.0724487
0.0705028
0.0705028
0.06284
0.06284
0.0670889
0.0714138
0.078343
0.114443
0.151449
0.151449
0.142227
0.166084
0.166084
0.170325
0.164152
0.170325
0.171446
0.171446
0.173438
0.173438
0.187739
0.187739
0.191119
0.191119
0.185575
0.217354
0.217354
0.177609
0.177609
0.180336
0.220264
0.220264
0.206933
0.155492
0.163243
0.189911
0.189911
0.182284
0.168253
0.168253
0.193085
0.193085
0.176986
0.167535
0.136046
0.140504
0.144232
0.14432
0.149386
0.168688
0.168688
0.14648
0.14648
0.139889
0.139889
0.142018
0.142018
0.108164
0.111193
0.111193
0.10151
0.10532
0.10532
0.12214
0.12214
0.113928
0.0986768
0.101841
0.113286
0.11919
0.11919
0.105612
0.105612
0.0882517
0.0882517
0.0731046
0.0666881
0.0666881
0.0939747
0.0939747
0.0880302
0.0686849
0.0740346
0.0740346
0.0511834
0.060335
0.0781614
0.0781614
0.0621377
0.0569439
0.0504019
0.0504019
0.0459267
0.0401649
0.0293245
0.0424701
0.0424701
0.038831
0.038831
0.0295828
0.026491
0.0178792
0.0287045
0.0287045
0.0343571
0.0343571
0.0410858
0.0410858
0.0562401
0.0562401
0.0601724
0.067026
0.067026
0.0628516
0.0628516
0.0472553
0.0626751
0.0626751
0.0831998
0.0831998
0.08858
0.08858
0.0882155
0.087112
0.087112
0.0990479
0.0998309
0.11835
0.12441
0.129702
0.130896
0.130896
0.119152
0.109702
0.114136
0.114136
0.110524
0.119419
0.119419
0.111564
0.113767
0.117827
0.117827
0.108215
0.108215
0.101825
0.108888
0.108888
0.0739931
0.08727
0.08727
0.0805685
0.0827093
0.0827093
0.0826071
0.0818421
0.0725948
0.0725948
0.0500353
0.0500353
0.0339876
0.078044
0.078044
0.0907887
0.0907887
0.0846687
0.0846687
0.0695838
0.0684392
0.0684392
0.055982
0.0357277
0.0320707
0.0320707
0.0351404
0.0351404
0.0281888
0.0420932
0.0420932
0.037759
0.0429264
0.0429264
0.049631
0.049631
0.0379553
0.0379553
0.0346595
0.0296944
0.0296944
0.0284097
0.0326705
0.0392353
0.0392353
0.0313173
0.0376818
0.0376818
0.0501806
0.0672156
0.0672156
0.072114
0.0803412
0.0803412
0.0646273
0.0715947
0.0715947
0.0812529
0.0812529
0.0703169
0.0737507
0.0874602
0.0874602
0.0568697
0.071563
0.081854
0.0882443
0.101574
0.101574
0.108249
0.111035
0.121352
0.121352
0.094493
0.081783
0.0808939
0.0686343
0.0717346
0.07714
0.07714
0.0797748
0.0891802
0.101856
0.101856
0.0753163
0.0753163
0.0842188
0.105354
0.105354
0.0834139
0.0927042
0.116959
0.116959
0.138798
0.138798
0.123651
0.123651
0.0969022
0.0969022
0.084482
0.086079
0.086079
0.0855571
0.0855571
0.0810221
0.0554134
0.0584135
0.0800334
0.0800334
0.0872589
0.0872589
0.101194
0.106136
0.106136
0.130114
0.130114
0.114424
0.143176
0.147793
0.147793
0.136293
0.106997
0.106997
0.101692
0.101692
0.102391
0.102391
0.0788285
0.0676149
0.0676149
0.0624832
0.06839
0.0684227
0.0684227
0.0480872
0.0552005
0.054064
0.0644706
0.0644706
0.0611544
0.08563
0.08563
0.0703814
0.0563777
0.0632682
0.0632682
0.0347686
0.0334011
0.03465
0.0363296
0.0363296
0.0551975
0.0603694
0.0649951
0.0649951
0.0589267
0.0589267
0.0580682
0.0444489
0.0444489
0.0424202
0.0462723
0.0484715
0.054159
0.0843422
0.0872089
0.0872089
0.0843767
0.0843767
0.0712585
0.079506
0.079506
0.0676483
0.0615021
0.0594599
0.0606278
0.0867092
0.0867092
0.0887647
0.113324
0.113324
0.0947155
0.0947155
0.105705
0.105705
0.0839871
0.0951476
0.0951476
0.0873545
0.0875377
0.0875377
0.113528
0.113528
0.0737866
0.0831175
0.0831175
0.0743821
0.085635
0.0993648
0.0993648
0.0942021
0.0942021
0.0898329
0.136548
0.136548
0.1128
0.111167
0.111167
0.105743
0.122282
0.122282
0.0959933
0.0989353
0.112026
0.123142
0.159702
0.159702
0.141293
0.146002
0.146002
0.155991
0.155991
0.153369
0.159131
0.159131
0.187897
0.187897
0.178519
0.113151
0.150241
0.189004
0.189004
0.147194
0.17692
0.17692
0.150047
0.150047
0.166114
0.171254
0.171254
0.154386
0.198808
0.203683
0.203683
0.132227
0.132227
0.113748
0.128011
0.128011
0.104007
0.103962
0.104466
0.104466
0.090587
0.090587
0.0866613
0.0801687
0.0832715
0.0832715
0.0529445
0.0533304
0.0533304
0.0670934
0.0670934
0.0647208
0.0553572
0.0553572
0.0779498
0.0819512
0.0819512
0.0700043
0.0671275
0.0765127
0.0765127
0.0773551
0.0773551
0.0658448
0.102669
0.110681
0.119217
0.119217
0.103811
0.109069
0.11119
0.11119
0.108905
0.108905
0.0952774
0.087639
0.0823054
0.0769737
0.064984
0.0785174
0.0785174
0.0698716
0.0698716
0.0742243
0.0742243
0.0685078
0.0828156
0.0828156
0.081983
0.081983
0.0637737
0.0839529
0.0907739
0.0907739
0.109156
0.109156
0.0903245
0.0903245
0.067488
0.067488
0.0806635
0.0835644
0.0869833
0.095202
0.095202
0.0765926
0.0765926
0.0748543
0.0809013
0.0809013
0.082017
0.0940352
0.0940352
0.0790701
0.0603545
0.0603545
0.0502948
0.0610828
0.0610828
0.059966
0.0751335
0.0751335
0.0796464
0.0864979
0.0864979
0.0713222
0.0802431
0.0802431
0.0726707
0.0726707
0.0619956
0.0606437
0.0608869
0.081839
0.0853979
0.0853979
0.071172
0.0806332
0.0806332
0.0751148
0.0799632
0.0799632
0.110829
0.110829
0.0962476
0.0962476
0.103854
0.121164
0.121164
0.110825
0.110825
0.102483
0.124114
0.124114
0.10984
0.11156
0.125045
0.125045
0.119696
0.133903
0.133903
0.121937
0.121937
0.12382
0.12382
0.138552
0.138552
0.116649
0.111683
0.124445
0.124445
0.110015
0.111963
0.111963
0.128106
0.16761
0.16761
0.149458
0.125733
0.117495
0.1335
0.158645
0.193502
0.193502
0.170828
0.159152
0.185678
0.185678
0.182603
0.193579
0.208905
0.245112
0.245112
0.217153
0.159561
0.15455
0.15455
0.211046
0.22861
0.22861
0.212096
0.212096
0.196276
0.182829
0.182829
0.174954
0.174954
0.162908
0.162908
0.159064
0.159064
0.141939
0.141939
0.0992208
0.119288
0.119288
0.105064
0.106673
0.106673
0.111871
0.111871
0.126083
0.145403
0.145403
0.132123
0.136148
0.136148
0.144184
0.144184
0.127343
0.116375
0.138713
0.138713