0.0614867
0.0732723
0.0732723
0.0554375
0.0630694
0.0630694
0.064717
0.064717
0.0574921
0.0574921
0.0486978
0.0507544
0.0509669
0.0509669
0.0502899
0.0492242
0.0492242
0.0372959
0.0372959
0.0365224
0.032527
0.0513415
0.0513415
0.0213443
0.0365216
0.0515216
0.0515216
0.0507067
0.0354501
0.0307492
0.0908723
0.116729
0.125252
0.145552
0.145552
0.116812
0.117708
0.117708
0.0998335
0.0864573
0.143538
0.146811
0.146811
0.145018
0.135569
0.134098
0.125302
0.110198
0.116007
0.116007
0.112415
0.0929273
0.0878095
0.0878095
0.0633396
0.0455716
0.0430549
0.0403109
0.0384624
0.0451196
0.0451196
0.0526483
0.0526483
0.0413073
0.0386491
0.0394418
0.0394418
0.0263619
0.0387362
0.0531211
0.0588163
0.0588163
0.035722
0.0282842
0.0770834
0.0770834
0.0624262
0.0654616
0.075701
0.075701
0.0595661
0.0685303
0.0685303
0.0773832
0.0773832
0.0634285
0.051687
0.051687
0.0739823
0.0739823
0.0463999
0.040235
0.055489
0.055489
0.0426029
0.0426029
0.0427702
0.077584
0.077584
0.0547537
0.0547537
0.0552256
0.0552256
0.0441065
0.0441065
0.0527394
0.0527394
0.0504632
0.0591454
0.0591454
0.0477796
0.0524734
0.0524734
0.0685305
0.0685305
0.0559509
0.0297731
0.0357775
0.0481458
0.0481458
0.0429143
0.0440878
0.0625822
0.0675115
0.0675115
0.0523716
0.0494369
0.0494369
0.0695105
0.0695105
0.0586842
0.0586842
0.0577509
0.0577509
0.0583062
0.0583062
0.0456495
0.0514409
0.0514409
0.0528187
0.0554618
0.0554618
0.0378386
0.0362221
0.0362221
0.0398263
0.0398263
0.039679
0.039679
0.034904
0.041007
0.0448364
0.0485677
0.0485677
0.0381898
0.0368081
0.0368081
0.0300613
0.0332364
0.0332364
0.0209715
0.0201404
0.0311529
0.030832
0.0460683
0.0460683
0.0443639
0.0443639
0.0428743
0.0380296
0.051039
0.0556046
0.0616982
0.0680798
0.0729785
0.0729785
0.0782993
0.0782993
0.0887609
0.0887609
0.0658419
0.0658419
0.0594304
0.0920072
0.0920072
0.0803831
0.0543808
0.0654196
0.0672129
0.0672129
0.066307
0.0611594
0.0482886
0.068615
0.068615
0.0611266
0.0486978
0.0486978
0.0565959
0.0565959
0.064354
0.064354
0.0773047
0.0773047
0.0656292
0.0650282
0.0563046
0.0649355
0.0754773
0.0754773
0.0636124
0.0533404
0.0600048
0.0600048
0.0625934
0.0625934
0.0483371
0.0462041
0.0630912
0.0766259
0.0766259
0.0697513
0.0697513
0.0623864
0.0583699
0.0583699
0.063591
0.0714255
0.0714255
0.053572
0.0355084
0.0621923
0.0621923
0.0728949
0.0728949
0.0743876
0.0782773
0.0782773
0.0456324
0.0425736
0.0628032
0.0628032
0.070733
0.070733
0.0642648
0.0654912
0.0654912
0.0628457
0.0640362
0.0784951
0.0797077
0.0797077
0.0679569
0.0636666
0.0862045
0.0862045
0.0818744
0.0606869
0.0537674
0.0557362
0.0966301
0.0966301
0.0582213
0.0787181
0.0880447
0.0930321
0.0930321
0.0806514
0.0807883
0.0807883
0.071772
0.0555643
0.0703879
0.0861336
0.0861336
0.0852428
0.0687812
0.0448987
0.0778089
0.0778089
0.0556773
0.0494368
0.0536399
0.0536399
0.0472851
0.0472851
0.0437017
0.0293718
0.0867853
0.0867853
0.0748402
0.0580937
0.0580937
0.0461189
0.0650288
0.0650288
0.0509395
0.0394343
0.0394343
0.0516215
0.0523919
0.0523919
0.0404417
0.0434274
0.0434274
0.0541894
0.058502
0.058502
0.0273768
0.0283741
0.0441887
0.0441887
0.0607181
0.0778602
0.0778602
0.0531203
0.0513546
0.0513546
0.042882
0.0730012
0.0730012
0.0618165
0.0730509
0.0730509
0.0637816
0.0506843
0.0642315
0.0642315
0.0458709
0.0543412
0.0588114
0.0719081
0.0745813
0.0745813
0.0539501
0.0631296
0.0723432
0.0723432
0.0560467
0.0560467
0.0572108
0.0572108
0.050795
0.0491817
0.0522697
0.0522697
0.0485085
0.0485085
0.0444352
0.0429234
0.0429234
0.0322044
0.0325376
0.0325376
0.0333481
0.0423916
0.0438865
0.0467132
0.0511859
0.0511859
0.0452012
0.0485669
0.0588253
0.0621993
0.0621993
0.055934
0.0662312
0.0662312
0.0558133
0.0620183
0.0620183
0.0769198
0.0769198
0.0382107
0.0610944
0.0610944
0.0586976
0.0828272
0.0828272
0.0602278
0.0570194
0.0424787
0.040678
0.0512735
0.0704151
0.0704151
0.0552968
0.0710049
0.0710049
0.0666762
0.0747799
0.0747799
0.0725683
0.0808395
0.0808395
0.0811419
0.0918589
0.0918589
0.090327
0.090327
0.0935617
0.0935617
0.0802616
0.0826449
0.0863698
0.0863698
0.0939908
0.0939908
0.0709278
0.0832465
0.0832465
0.102995
0.102995
0.0806258
0.0806258
0.080172
0.0773645
0.096385
0.105659
0.124236
0.124236
0.108913
0.101899
0.101071
0.117393
0.117393
0.0855752
0.0879287
0.0879287
0.0775881
0.0775881
0.0959787
0.0959787
0.100391
0.100391
0.107472
0.107472
0.0908701
0.107942
0.107942
0.117823
0.117823
0.1175
0.107799
0.122635
0.124445
0.124445
0.10907
0.116608
0.116608
0.118835
0.118835
0.122311
0.122311
0.110483
0.135655
0.135655
0.098745
0.114483
0.114483
0.108713
0.109922
0.109922
0.100897
0.122429
0.122429
0.113599
0.107938
0.114357
0.114357
0.0985493
0.116901
0.116901
0.118811
0.118811
0.0932188
0.0948869
0.102122
0.102122
0.0996866
0.0862662
0.0763236
0.0794339
0.0884464
0.0884464
0.0962096
0.0962096
0.0970645
0.0991951
0.118378
0.118378