0.0896983
0.0896983
0.0810335
0.102184
0.102184
0.0615003
0.0995556
0.0995556
0.0571727
0.0571727
0.0478027
0.059986
0.059986
0.0466959
0.0501123
0.0593374
0.0800767
0.0930069
0.0930069
0.0937005
0.0937005
0.0702232
0.0518857
0.0589181
0.059706
0.0639471
0.0684132
0.0684132
0.0665638
0.0591793
0.0725129
0.0725129
0.0628975
0.0693401
0.0629614
0.063876
0.0597835
0.0597835
0.0471427
0.0405211
0.0452642
0.0410068
0.0461808
0.055238
0.055238
0.0559077
0.0452675
0.0452675
0.0419104
0.042997
0.0536329
0.0536329
0.048485
0.048485
0.052694
0.052694
0.0483025
0.0524494
0.0687676
0.0687676
0.0515284
0.0466478
0.0517175
0.0426946
0.0488125
0.0488125
0.0607475
0.0607475
0.0569406
0.0465466
0.0465466
0.0414019
0.0487634
0.0556378
0.0476797
0.053995
0.0628526
0.0628526
0.0655721
0.0655721
0.0771853
0.0734469
0.0617571
0.073919
0.0665512
0.0799278
0.0591929
0.0476579
0.0541187
0.0665122
0.0562715
0.0481864
0.0531702
0.0631123
0.0455794
0.0463709
0.0379188
0.0558254
0.054246
0.0659587
0.0768238
0.083243
0.083243
0.0799655
0.0887187
0.105718
0.105718
0.0695711
0.116317
0.116317
0.106983
0.103598
0.0781406
0.098515
0.098515
0.0908874
0.0757339
0.0800893
0.0800893
0.0719832
0.0719832
0.066343
0.0944689
0.0944689
0.0723765
0.0594759
0.0594759
0.052596
0.0783892
0.0840144
0.0840144
0.102936
0.102936
0.0977662
0.0977662
0.0647428
0.0685741
0.0712551
0.0712551
0.0612641
0.0652642
0.0652642
0.0471344
0.0463883
0.0698519
0.0852564
0.0989806
0.0989806
0.103371
0.107552
0.107552
0.109644
0.109644
0.12617
0.143726
0.143726
0.115304
0.1274
0.130273
0.130273
0.143384
0.143384
0.131884
0.143573
0.143573
0.12544
0.107064
0.120982
0.135628
0.135628
0.128198
0.122866
0.139734
0.139734
0.141444
0.141444
0.125409
0.155443
0.155443
0.127462
0.118803
0.112633
0.124575
0.124575
0.119292
0.126522
0.126522
0.11068
0.125505
0.126019
0.126019
0.0941852
0.0987545
0.106725
0.106725
0.077667
0.0771015
0.0718605
0.0803757
0.101957
0.101957
0.10072
0.0887608
0.0663362
0.05382
0.05382
0.0427078
0.0424923
0.0424923
0.0259992
0.0498081
0.0526542
0.0641282
0.0641282
0.0628223
0.0710342
0.0710342
0.0705928
0.0705928
0.0779249
0.0779249
0.0598347
0.0943177
0.0943177
0.0722117
0.0689684
0.0768263
0.0794103
0.0794103
0.0664114
0.0724741
0.0724741
0.0702377
0.0839315
0.0839315
0.0816261
0.0780844
0.0678454
0.0678454
0.0647132
0.0828788
0.0854358
0.0854358
0.0823833
0.0823833
0.0771091
0.0634833
0.0634841
0.0783135
0.0858937
0.0858937
0.068314
0.0710412
0.0710412
0.0618219
0.0618219
0.0483609
0.0544442
0.0544442
0.0576182
0.0576182
0.0390784
0.0359812
0.0359812
0.026929
0.026929
0.0322336
0.0395207
0.062058
0.065534
0.065534
0.0705922
0.0795946
0.0827132
0.0827132
0.0707575
0.0899671
0.105739
0.105739
0.0921241
0.0836678
0.0964853
0.0964853
0.0979879
0.0979879
0.0880334
0.0796246
0.0820429
0.0893084
0.0893084
0.0736441
0.0705572
0.0705572
0.0798116
0.0798116
0.073498
0.0706803
0.0706803
0.0962507
0.0986309
0.0986309
0.0828004
0.0919891
0.0919891
0.0910915
0.0910915
0.0801498
0.0895929
0.0895929
0.0792504
0.0672276
0.0672276
0.0629954
0.0579373
0.0579373
0.0494231
0.0494231
0.045797
0.045797
0.0382802
0.0373796
0.04162
0.0521533
0.0521533
0.0511764
0.0392539
0.0490413
0.0548961
0.0548961
0.0543277
0.0543277
0.0564978
0.0564978
0.0581055
0.0581055
0.0607287
0.0607287
0.0571562
0.0569698
0.0569698
0.0609013
0.0623363
0.0623363
0.059725
0.0767347
0.0767347
0.0727095
0.069829
0.069829
0.0532814
0.061494
0.061494
0.0413664
0.0413664
0.0285727
0.0341696
0.0341696
0.0203343
0.0247584
0.02507
0.025633
0.0324568
0.0332063
0.0346233
0.0346233
0.0268809
0.052112
0.0526026
0.0526026
0.0534736
0.0534736
0.0542955
0.0580181
0.0580181
0.067575
0.067575
0.0602224
0.0602224
0.043328
0.042699
0.0421415
0.0421415
0.037131
0.037131
0.0433094
0.0610637
0.0610637
0.0597504
0.0595824
0.0595824
0.0412365
0.062035
0.062035
0.0421602
0.0421602
0.0381538
0.0365129
0.0465717
0.0546181
0.0736002
0.0815188
0.0880968
0.120451
0.120451
0.128075
0.128075
0.116036
0.115968
0.130286
0.130286
0.129921
0.122914
0.111586
0.104714
0.0909854
0.0836844
0.0939827
0.0939827
0.0918929
0.0982655
0.119859
0.119859
0.120993
0.142574
0.142574
0.139024
0.121348
0.13917
0.13917
0.152978
0.152978
0.135825
0.139529
0.139529
0.122781
0.148135
0.148135
0.129682
0.156852
0.156852
0.128423
0.116067
0.110592
0.0927549
0.0927549
0.0905835
0.0926599
0.107892
0.107892
0.110782
0.112879
0.112879
0.113745
0.113745
0.100449
0.0918009
0.0918009
0.0897551
0.150861
0.150861
0.0948705
0.0948705
0.088007
0.088007
0.0866493
0.0884372
0.0884372
0.0957114
0.118589
0.118589
0.131364
0.131364
0.0941531
0.0956644
0.0956644
0.0924218
0.0924218
0.083655
0.0993843
0.0993843
0.0838308
0.0689233
0.0598191
0.0753316
0.0793678
0.0793678
0.0623842
0.100795
0.100795
0.0834401
0.0807592
0.0807592
0.0939829
0.0939829
0.0847561
0.0977688
0.114079
0.114079
0.103663
0.0983413
0.0981324
0.107465
0.107465
0.118052
0.119329
0.119329
0.138445
0.138445
0.136452
0.163823
0.163823
0.141723
0.114138
0.12432
0.12432
0.113257
0.138471
0.138471
0.108393
0.108393
0.095277
0.095277
0.0876673
0.0901684
0.0901684
0.0875067
0.0503301
0.0553288
0.0553288
0.0459127
0.0345949
0.0345949
0.0354413
0.0354413
0.0314013
0.0228894
0.0527313
0.0527313
0.0349006
0.0396933
0.056801
0.056801
0.0449014
0.0632754
0.0587363
0.0648842
0.0811145
0.0811145
0.0777111
0.0777111
0.0722279
0.0789529
0.0800688
0.0815327
0.113599
0.118044
0.118044
0.120683
0.137505
0.137505
0.0897458
0.104914
0.104914
0.0943016
0.109065
0.109065
0.0817367
0.0817367
0.0999594
0.0999594
0.0856183
0.0975727
0.0975727
0.0970907
0.0970907
0.121729
0.110184
0.138755
0.115779
0.129836
0.131118
0.112966
0.126802
0.153039
0.151831
0.175644
0.152492
0.142457
0.13637
0.148828
0.148043
0.133235
0.130869
0.119988
0.101945
0.0931342
0.0849818
0.0897967
0.0892165
0.10726
0.107371
0.148854
0.149102
0.170716
0.191031
0.173677
0.236362
0.174708
0.174103
0.227782
0.151601
0.130706
0.132725
0.1528
0.151387
0.149941
0.147372
0.124359
0.140452
0.132157
0.133608
0.15094
0.169925
0.186292
0.117677
0.164047
0.148049
0.168389
0.21091
0.195216
0.21155
0.153407
0.167741
0.153039
0.146186
0.127299
0.119909
0.112829
0.124577
0.127431
0.103813
0.116742
0.152342
0.150756
0.162606
0.131824
0.153162
0.106042
0.120572
0.084832
0.117138
0.130464
0.152211
0.19605
0.180664
0.184901
0.269613
0.169293
0.160436
0.158135
0.13798
0.129658
0.147278
0.126977
0.146202
0.140875
0.139312
0.212856
0.180316
0.144248
0.153321
0.173583
0.125177
0.120775
0.112636
0.114356
0.113061
0.105903
0.152553
0.13787
0.145579
0.146609
0.110364
0.103423
0.120341
0.119288
0.131383
0.136432
0.114325
0.112897
0.128449
0.117739
0.11206
0.12107
0.12107
0.107054
0.127071
0.148288
0.148288
0.158287
0.111113
0.118888
0.123924
0.147041
0.125926
0.136907
0.150146
0.146871
0.122997
0.115114
0.109094
0.121053
0.129984
0.140488
0.12963
0.15364
0.118102
0.117003
0.118028
0.123779
0.124024
0.116416
0.0996924
0.0797933
0.0613717
0.0776285
0.0870188
0.117796
0.129524
0.119577
0.0851233
0.0891434
0.0823394
0.141933
0.133981
0.113373
0.135441
0.0895141
0.111683
0.0927231
0.0918005
0.0925409
0.115923
0.135511
0.0847714
0.0680227
0.088865
0.131175
0.111072
0.104726
0.108486
0.117539
0.162381
0.214857
0.163202
0.164448
0.16959
0.129496
0.11775
0.110894
0.119581
0.119581
0.0983755
0.116771
0.116771
0.144109
0.144109
0.120955
0.120955
0.10623
0.100432
0.100432
0.113123
0.113123
0.0947506
0.0944733
0.0845836
0.0879914
0.105888
0.105888
0.0719023
0.079896
0.0804193
0.108549
0.108549
0.112287
0.112287
0.109131
0.109131
0.0938349
0.0901105
0.0943364
0.113915
0.113915
0.0835437
0.0835437
0.0807658
0.0857085
0.0857085
0.0788362
0.0922706
0.0922706
0.0845605
0.0682863
0.0682863
0.0664712
0.077226
0.077226
0.0888641
0.114591
0.114591
0.100589
0.0941089
0.111798
0.111798
0.108425
0.116426
0.116426
0.0927558
0.114283
0.114283
0.103836
0.0981533
0.110651
0.110651
0.0918583
0.0923589
0.0923589
0.0799822
0.0829823
0.105025
0.105025
0.0636663
0.0667387
0.0750214
0.0750214
0.100806
0.100806
0.0773609
0.0775458
0.0775458
0.0728352
0.0746535
0.0927383
0.103749
0.103749
0.0833334
0.0833334
0.0677828
0.0615969
0.0676184
0.0676184
0.094536
0.094536
0.0794111
0.0794111
0.0549264
0.057572
0.0687601
0.0687601
0.076011
0.0890887
0.098613
0.098613
0.0904936
0.0916512
0.0938536
0.115855
0.115855
0.105772
0.124397
0.124397
0.121554
0.13095
0.132243
0.133747
0.133747
0.0994276
0.089063
0.11334
0.11334
0.105624
0.0767938
0.0760104
0.0760104
0.0536469
0.0751866
0.0751866
0.0633842
0.0633842
0.0607982
0.0607982
0.0613811
0.0802627
0.0963037
0.0963037
0.113333
0.113333
0.0986452
0.0986452
0.100583
0.101495
0.101495
0.10111
0.0800349
0.0799954
0.0795981
0.0970236
0.0978885
0.0978885
0.106789
0.129238
0.129238
0.127399
0.1415
0.1415
0.112255
0.102914
0.117215
0.117215
0.110346
0.115618
0.115618
0.109005
0.109005
0.137975
0.155333
0.155333
0.14549
0.139081
0.139081
0.122676
0.135344
0.135344
0.122824
0.122824
0.134327
0.134327
0.117531
0.122418
0.122418
0.113123
0.0991164
0.113356
0.113356
0.104391
0.115136
0.115136
0.107573
0.107573
0.10026
0.102432
0.110891
0.110891
0.0854196
0.0965815
0.0965815
0.0899993
0.103225
0.121083
0.121083
0.10814
0.124622
0.124622
0.119376
0.119376
0.110104
0.13393
0.13393
0.153455
0.153455
0.147313
0.13403
0.193995
0.193995
0.153563
0.153563
0.126115
0.145122
0.145122
0.133592
0.133592
0.104667
0.0989116
0.0913079
0.107849
0.123953
0.123953
0.103217
0.0987367
0.0959378
0.0947994
0.112247
0.133956
0.133956
0.115556
0.10509
0.10796
0.10796
0.100845
0.100845
0.100822
0.0974059
0.0961781
0.0947111
0.0943297
0.104502
0.110468
0.110468
0.112235
0.112235
0.111405
0.111977
0.114298
0.114298
0.108693
0.12011
0.127357
0.127357
0.132379
0.132379
0.148667
0.180075
0.180075
0.155768
0.155768
0.166278
0.166278
0.142912
0.145595
0.145595
0.143103
0.143479
0.143479
0.123122
0.135669
0.135669
0.10951
0.106034
0.106034
0.081534
0.0950428
0.0950428
0.0942957
0.106091
0.106091
0.105797
0.0795691
0.0931932
0.0931932
0.0868184
0.0936531
0.0936531
0.0804026
0.0896582
0.0919586
0.0919586
0.0973112
0.101381
0.144958
0.144958
0.105198
0.114151
0.125393
0.125393
0.131018
0.131018
0.116888
0.136158
0.136158
0.121186
0.0922763
0.0864497
0.106957
0.106957
0.0565656
0.0601934
0.0811957
0.0811957
0.0556625
0.0471297
0.0442132
0.0442132
0.0493031
0.0493031
0.0457155
0.0485318
0.0531888
0.0547436
0.0547436
0.0558679
0.0556178
0.0558679
0.0449309
0.0449309
0.0647891
0.0874274
0.0874274
0.10225
0.10225
0.0822337
0.110071
0.110071
0.0795514
0.0795514
0.0834739
0.0834739
0.0673657
0.0889128
0.0889128
0.0852113
0.0840251
0.0840251
0.0761232
0.0704058
0.0704058
0.0659711
0.0659711
0.0661844
0.077912
0.0874653
0.0874653
0.100944
0.100944
0.0980119
0.0814387
0.0814387
0.079822
0.0782638
0.0873198
0.0873198
0.069152
0.0641447
0.0610731
0.0433289
0.0433289
0.0389897
0.0458397
0.0543661
0.0588259
0.0685741
0.0959366
0.0959366
0.0958336
0.0748381
0.094841
0.094841
0.0783552
0.0783552
0.0899041
0.0899041
0.0768416
0.0768416
0.0692191
0.0825887
0.0825887
0.0751256
0.0880431
0.0880431
0.105995
0.105995
0.113587
0.113587
0.142109
0.142109
0.138555
0.128839
0.1179
0.108818
0.120146
0.120527
0.143478
0.143478
0.139333
0.112978
0.117487
0.125226
0.125226
0.15311
0.15311
0.196943
0.196943
0.193057
0.193057
0.174884
0.170156
0.170156
0.164258
0.148014
0.17489
0.17489
0.158402
0.135665
0.14362
0.14362
0.149358
0.16308
0.16308
0.13748
0.152187
0.163918
0.163918
0.123933
0.132551
0.132551
0.117257
0.112008
0.124588
0.143758
0.143758
0.120082
0.11661
0.139077
0.177245
0.177245
0.129327
0.129327
0.126073
0.126073
0.106956
0.143909
0.143909
0.128696
0.120899
0.120899
0.118361
0.118361
0.118133
0.118966
0.147646
0.14894
0.14894
0.16684
0.16684
0.122421
0.107981
0.129446
0.139341
0.152249
0.152249
0.159534
0.164176
0.164176
0.161866
0.176906
0.176906
0.174872
0.173777
0.116423
0.127606
0.153009
0.153009
0.143682
0.176076
0.176076
0.141322
0.151661
0.151661
0.139365
0.139365
0.136947
0.148732
0.15253
0.15253
0.162585
0.162585
0.169135
0.169135
0.1483
0.143314
0.125308
0.130954
0.139377
0.153041
0.153041
0.11311
0.145975
0.152431
0.152431
0.149306
0.149762
0.169694
0.169694
0.163167
0.178715
0.178715
0.117911
0.130998
0.130998
0.12581
0.124552
0.141499
0.141499
0.0938938
0.0840937
0.0679812
0.0777044
0.0777044
0.0669498
0.0722068
0.0722068
0.0616034
0.0605361
0.0733806
0.0733806
0.0684388
0.103569
0.10393
0.10393
0.101013
0.126263
0.126263
0.111514
0.111514
0.112313
0.112313
0.120681
0.120681
0.10339
0.106535
0.106535
0.126278
0.126278
0.122749
0.122749
0.10577
0.0797602
0.0726872
0.0767059
0.0767059
0.0959216
0.0959216
0.0940383
0.121729
0.110184
0.138755
0.115779
0.129836
0.131118
0.112966
0.126802
0.153039
0.151831
0.175644
0.152492
0.142457
0.13637
0.148828
0.148043
0.133235
0.130869
0.119988
0.101945
0.0931342
0.0897967
0.0892165
0.10726
0.107371
0.148854
0.149102
0.170716
0.191031
0.173677
0.236362
0.174708
0.174103
0.227782
0.151601
0.130706
0.132725
0.1528
0.151387
0.147372
0.124359
0.140452
0.132157
0.133608
0.15094
0.169925
0.186292
0.116922
0.164047
0.148049
0.168389
0.21091
0.195216
0.21155
0.153407
0.167741
0.153039
0.146186
0.127299
0.0990367
0.124577
0.127431
0.103813
0.116742
0.152342
0.150756
0.162606
0.131824
0.153162
0.106042
0.120572
0.117138
0.130464
0.152211
0.19605
0.180664
0.184901
0.269613
0.169293
0.160436
0.158135
0.13798
0.147278
0.144884
0.146202
0.140875
0.139312
0.212856
0.180316
0.144248
0.153321
0.173583
0.120775
0.112636
0.114356
0.113061
0.105903
0.152553
0.13787
0.145579
0.146609
0.110364
0.120341
0.119288
0.131383
0.136432
0.121837
0.0998981
0.128449
0.117739
0.109078
0.119352
0.101681
0.127071
0.115625
0.139295
0.158287
0.116418
0.125844
0.125844
0.147041
0.136907
0.150146
0.146871
0.122997
0.115114
0.109094
0.129984
0.140488
0.12963
0.15364
0.107177
0.118028
0.123779
0.124024
0.116416
0.0996924
0.0797933
0.0776285
0.0870188
0.117796
0.129524
0.119577
0.0851233
0.0891434
0.141933
0.133981
0.113373
0.135441
0.111683
0.0927231
0.0918005
0.0925409
0.115923
0.135511
0.0847714
0.0680227
0.108565
0.131175
0.108674
0.107121
0.108486
0.162381
0.214857
0.163202
0.164448
0.16959
0.129496
0.11775
0.111625
0.115731
0.0991147
0.0887313
0.0862412
0.0809395
0.0897218
0.0897218
0.074924
0.0981348
0.0981348
0.0684447
0.0874035
0.0874035
0.081253
0.081253
0.0808206
0.0808206
0.0986463
0.100262
0.100262
0.092718
0.105217
0.105217
0.120222
0.120222
0.121834
0.136291
0.136291
0.13103
0.105967
0.126577
0.126577
0.129644
0.129644
0.105139
0.0975154
0.123386
0.123386
0.119964
0.124178
0.124178
0.105275
0.10177
0.109453
0.109453
0.0979337
0.0976156
0.116116
0.116116
0.0815347
0.0907682
0.0907682
0.0728605
0.0493356
0.0514632
0.0514632
0.0401632
0.0401632
0.0306189
0.0359206
0.03699
0.0426747
0.0426747
0.0423889
0.05302
0.0662979
0.0791382
0.0851358
0.0851358
0.0919063
0.0919063
0.0958052
0.0958052
0.073715
0.063532
0.0892588
0.0892588
0.0821077
0.0821077
0.0808835
0.0749304
0.0749304
0.0842372
0.0842372
0.0656665
0.0656102
0.0812179
0.0812179
0.0654015
0.0654015
0.108465
0.108465
0.103039
0.0949656
0.078499
0.078499
0.0714567
0.0620093
0.0773747
0.0773747
0.071983
0.0735077
0.0735077
0.0857236
0.0857236
0.0669418
0.0669418
0.0776037
0.0776037
0.0586564
0.0510654
0.0510654
0.071005
0.0796365
0.0796365
0.0747013
0.0786792
0.0786792
0.0476187
0.0629761
0.0629761
0.0394373
0.0394373
0.0528734
0.0528734
0.0833483
0.0833483
0.0718458
0.0786472
0.0786472
0.0630417
0.0712412
0.0722535
0.0722535
0.0674174
0.0701236
0.0701236
0.0674167
0.0674167
0.0973952
0.0973952
0.0897222
0.0897222
0.0910603
0.0910603
0.073246
0.0779841
0.0903562
0.0904174
0.0904174
0.0776929
0.0618392
0.10455
0.108961
0.108961
0.0983041
0.075511
0.0683917
0.0666541
0.0666541
0.0626918
0.0614429
0.0862315
0.0906503
0.0906503
0.0876598
0.101473
0.101473
0.0976435
0.0976435
0.087857
0.0904264
0.0904264
0.0845667
0.0953485
0.0953485
0.0819258
0.0840873
0.1172
0.1172
0.0843055
0.0843055
0.0861183
0.104142
0.104142
0.124831
0.125132
0.125132
0.115882
0.103055
0.0992079
0.0802002
0.0844033
0.0844033
0.0736926
0.0736926
0.0848329
0.0848329
0.0718625
0.0901936
0.0901936
0.084806
0.0614223
0.0599699
0.0653031
0.0793063
0.0793063
0.0781996
0.0662953
0.0785227
0.0785227
0.0780765
0.0780382
0.0703863
0.0819659
0.0819659
0.075211
0.0756556
0.0756556
0.0752335
0.0755825
0.0755825
0.0695992
0.0714679
0.0714679
0.0664028
0.0618541
0.0618541
0.0499796
0.0498798
0.0418056
0.0550301
0.0564398
0.0564398
0.0623256
0.0623256
0.0695699
0.0843032
0.0843032
0.0684959
0.0687268
0.0687268
0.0668637
0.0668637
0.0786258
0.0786258
0.0555549
0.0539452
0.0546404
0.0633324
0.0633324
0.0856037
0.0856037
0.0768006
0.0768006
0.0810955
0.0810955
0.0604945
0.0691847
0.0691847
0.0549557
0.0549557
0.0602066
0.0602066
0.0589027
0.0730524
0.0730524
0.0651625
0.0572397
0.0538937
0.0553367
0.0608109
0.0608109
0.0550145
0.0623188
0.0623188
0.0669828
0.0669828
0.0624453
0.0624453
0.060161
0.0683758
0.0753375
0.0753375
0.0678801
0.079591
0.0910792
0.0910792
0.0978877
0.0978877
0.0989768
0.107549
0.108672
0.111941
0.122426
0.122426
0.108205
0.0891052
0.0891052
0.101208
0.101897
0.101897
0.0952999
0.0952999
0.0899369
0.113549
0.113549
0.107056
0.107056
0.087737
0.0822586
0.0822586
0.0976018
0.0976018
0.0934718
0.112128
0.112128
0.103836
0.10424
0.142214
0.142214
0.125658
0.125658
0.133863
0.141927
0.141927
0.11501
0.099497
0.111001
0.137336
0.137336
0.0998207
0.118335
0.125057
0.139155
0.139155
0.132249
0.128033
0.128033
0.142417
0.142417
0.125179
0.132385
0.132385
0.117573
0.118482
0.140571
0.140571
0.126863
0.132369
0.132369
0.126443
0.126443
0.128407
0.128407
0.119043
0.132412
0.132412
0.11211
0.114041
0.114041
0.143433
0.143433
0.100501
0.104419
0.104419
0.124067
0.130019
0.130019
0.111741
0.120234
0.138995
0.138995
0.125662
0.139593
0.139593
0.138519
0.141283
0.141283
0.120012
0.132291
0.162272
0.162272
0.160151
0.156923
0.156923
0.152012
0.145774
0.158417
0.158417
0.143481
0.1553
0.1553
0.152389
0.14911
0.14911
0.155528
0.155528
0.155392
0.139698
0.182705
0.182705
0.16516
0.157514
0.133746
0.14531
0.14531
0.12785
0.12785
0.119817
0.116368
0.134094
0.134094
0.102879
0.102879
0.0964449
0.123119
0.123119
0.102109
0.102109
0.100581
0.100581
0.0956066
0.0956066
0.100632
0.100632
0.0954485
0.109198
0.109198
0.0944762
0.0816448
0.0933785
0.0933785
0.0867375
0.0867375
0.0742391
0.0934735
0.0934735
0.0871176
0.0727883
0.0714084
0.0675463
0.066702
0.0600051
0.0571106
0.0893871
0.0893871
0.0810351
0.0689323
0.0689323
0.0610307
0.0559331
0.0559331
0.0494745
0.0494745
0.0585255
0.0585255
0.0557804
0.0728129
0.0728129
0.0526121
0.0560882
0.0560882
0.0497804
0.0497804
0.0515559
0.0548676
0.0548676
0.0485319
0.0437758
0.0488461
0.0488461
0.0513145
0.0513145
0.0347056
0.0316531
0.0372722
0.0372722
0.0335868
0.0447058
0.0467677
0.0759889
0.0935243
0.125808
0.125808
0.10827
0.146154
0.146154
0.159719
0.19975
0.19975
0.168594
0.134514
0.147158
0.151317
0.134472
0.152636
0.170504
0.170504
0.159793
0.159793
0.152413
0.148853
0.180081
0.180081
0.162641
0.162641
0.161103
0.161103
0.167556
0.167556
0.16254
0.156251
0.139904
0.127681
0.129065
0.129065
0.142068
0.142068
0.114521
0.135939
0.135939
0.115736
0.131981
0.148647
0.148647
0.118026
0.112439
0.112439
0.129249
0.129249
0.106781
0.0939934
0.0847217
0.0847217
0.112774
0.112774
0.117984
0.117984
0.108024
0.0888196
0.0848623
0.0823697
0.0942541
0.0942541
0.0934881
0.0804506
0.0753277
0.0768518
0.0768518
0.0465908
0.0628984
0.0723958
0.0723958
0.0596388
0.0569829
0.0608182
0.069421
0.069421
0.0583293
0.0586128
0.0586128
0.0532774
0.0431553
0.0409211
0.0269565
0.0291596
0.0291596
0.0274408
0.0397761
0.0397761
0.0540785
0.0540785
0.0545162
0.065645
0.0889692
0.10206
0.121032
0.121032
0.103523
0.115772
0.115772
0.106437
0.141076
0.141076
0.12581
0.146186
0.146186
0.133816
0.133816
0.133735
0.133735
0.123977
0.123977
0.12001
0.103228
0.103228
0.0983277
0.103595
0.103595
0.102794
0.101501
0.101501
0.0942623
0.0942623
0.0899241
0.0899241
0.0899054
0.0997485
0.0997485
0.0955973
0.0925471
0.0925471
0.0908529
0.0752757
0.0752757
0.0853651
0.0853651
0.0666155
0.0670664
0.067402
0.0697872
0.0955136
0.0955136
0.0847506
0.0901038
0.0901038
0.0741134
0.0843618
0.0843618
0.0898944
0.0898944
0.0850171
0.0669217
0.0669217
0.0626897
0.0626897
0.0518248
0.0418371
0.0463657
0.0463657
0.0320842
0.0410165
0.0533771
0.0533771
0.0379648
0.0391784
0.0404347
0.042663
0.042663
0.0609773
0.0609773
0.0532756
0.0764481
0.0764481
0.0604553
0.0562684
0.0444943
0.0459819
0.0459819
0.045331
0.0397273
0.0367656
0.0576961
0.0576961
0.0413681
0.0413681
0.0379746
0.0379746
0.0377208
0.0494997
0.0652315
0.0652315
0.0629568
0.0544477
0.0526004
0.0637396
0.0894663
0.0894663
0.0641199
0.0442087
0.0472776
0.0472776
0.0501355
0.0501355
0.0461577
0.0561996
0.0561996
0.051331
0.0615373
0.0615373
0.0538999
0.0607617
0.0685488
0.0685488
0.0640078
0.0640078
0.0602021
0.0665966
0.0721683
0.0764844
0.0764844
0.071645
0.0653168
0.0654153
0.0781599
0.0781599
0.0744905
0.0689185
0.0767214
0.0825848
0.0925896
0.0925896
0.0779672
0.075789
0.0764093
0.0806446
0.0806446
0.0631925
0.0596877
0.0596877
0.0711251
0.0711251
0.070696
0.053269
0.0316304
0.0453117
0.0453117
0.0485431
0.0485431
0.0589338
0.0589338
0.0310048
0.0483868
0.0483868
0.0659665
0.0844654
0.0844654
0.0900146
0.0900146
0.0950396
0.0950396
0.0938282
0.0873771
0.0980405
0.126642
0.126642
0.119771
0.119771
0.0808739
0.0671626
0.066003
0.0740996
0.0740996
0.0639412
0.0642736
0.0642736
0.0464305
0.0380432
0.0478003
0.0865163
0.0865163
0.0666256
0.0671908
0.0765155
0.103309
0.103309
0.083746
0.083746
0.0782892
0.0782892
0.0623737
0.0843624
0.0843624
0.0705125
0.0705125
0.0585643
0.0593005
0.0752992
0.080893
0.080893
0.0878347
0.0926236
0.0926236
0.109078
0.109078
0.123378
0.123378
0.144025
0.159723
0.159723
0.127859
0.125852
0.135883
0.135883
0.121349
0.115396
0.114609
0.105764
0.122027
0.122027
0.111056
0.115529
0.117536
0.117536
0.11329
0.104109
0.106388
0.112956
0.112956
0.0988981
0.123662
0.123662
0.129138
0.129138
0.136295
0.137356
0.137356
0.137568
0.146027
0.194528
0.194528
0.210294
0.232932
0.246244
0.222455
0.244528
0.245818
0.245818
0.254934
0.389463
0.412343
0.564762
0.389463
0.563486
0.473227
0.563486
0.656627
0.52963
0.684576
0.656627
0.680721
0.615204
0.60627
0.604272
0.519275
0.516258
0.556023
0.53501
0.566319
0.545471
0.5714
0.499901
0.53383
0.568971
0.568614
0.569437
0.569437
0.515255
0.584657
0.65924
0.672592
0.698229
0.701959
0.684576
0.708586
0.685311
0.707238
0.708586
0.703045
0.698652
0.666027
0.707238
0.655262
0.69411
0.688853
0.663902
0.698617
0.670987
0.706436
0.706436
0.670987
0.66907
0.671968
0.69411
0.6315
0.396588
0.202623
0.221615
0.221615
0.190324
0.198358
0.182477
0.190324
0.169512
0.163531
0.163531
0.159859
0.153422
0.156775
0.159531
0.159531
0.131726
0.120359
0.120359
0.136081
0.136081
0.12813
0.136397
0.136397
0.115208
0.0874721
0.0648758
0.0586546
0.0486085
0.052264
0.052264
0.0443039
0.0443039
0.0420529
0.040293
0.0820809
0.0820809
0.0947505
0.0947505
0.0700736
0.0785546
0.0848861
0.0848861
0.0832217
0.0626322
0.0602048
0.0693401
0.0789998
0.0789998
0.0737645
0.0694138
0.0694138
0.0542705
0.044457
0.0452642
0.0431467
0.0413271
0.0492555
0.0559077
0.0405083
0.0405083
0.0521335
0.0521335
0.0414298
0.0449561
0.0420852
0.0469326
0.051453
0.0479226
0.0540434
0.0540434
0.0679952
0.0679952
0.0484087
0.0588335
0.0588335
0.0426698
0.0426044
0.0570901
0.0570901
0.0569406
0.0520544
0.0520544
0.0618913
0.0618913
0.0631525
0.0631525
0.0485952
0.0591155
0.0484897
0.0652636
0.0600034
0.0771853
0.0734469
0.0593562
0.073919
0.0645801
0.0799278
0.0491433
0.0541187
0.0406282
0.0665122
0.0562715
0.0417124
0.0531702
0.0631123
0.0463709
0.0300887
0.0558254
0.0405475
0.0600337
0.0568834
0.0897708
0.0897708
0.0474715
0.0515352
0.0518634
0.0518634
0.065726
0.065726
0.0572269
0.0553806
0.0553806
0.0537409
0.0531565
0.0453393
0.0514487
0.0514487
0.0436776
0.0453122
0.0497299
0.0497299
0.0504658
0.0523165
0.0582474
0.0582474
0.0579212
0.0579212
0.0525763
0.0522251
0.0522251
0.067601
0.067601
0.0535263
0.0519505
0.0519505
0.0382953
0.0382953
0.0384976
0.0442218
0.0442218
0.0430423
0.0465659
0.0709012
0.0709012
0.0670348
0.05074
0.0556905
0.0556905
0.0670745
0.0670745
0.064031
0.0627891
0.0627891
0.0701216
0.075332
0.0907509
0.0907509
0.0951508
0.0951508
0.0818278
0.0795867
0.073938
0.0703617
0.0591856
0.0540683
0.0540683
0.0467198
0.0605981
0.0605981
0.0562473
0.047024
0.0571474
0.0571474
0.0421111
0.0414664
0.0562059
0.0626705
0.0831312
0.0831312
0.0807944
0.0807944
0.0779493
0.0717459
0.0937015
0.0937015
0.0884542
0.0816431
0.0816431
0.0629942
0.0629942
0.059983
0.0687997
0.0687997
0.0774961
0.0774961
0.0699917
0.0840633
0.0840633
0.0560964
0.0555047
0.0770731
0.0770731
0.0557399
0.0557399
0.0448958
0.0676791
0.0533159
0.0412877
0.0398855
0.0489704
0.0489704
0.0501652
0.0675594
0.0637413
0.0427441
0.0495813
0.0621106
0.0621106
0.0510563
0.0455554
0.0448382
0.0445395
0.0387907
0.0300049
0.0300049
0.0322109
0.0322109
0.0443134
0.0443134
0.0397123
0.0559328
0.0559328
0.0579566
0.0579566
0.0507793
0.0495141
0.073994
0.073994
0.0634489
0.0612821
0.0717783
0.0717783
0.0793277
0.0793277
0.0793114
0.0793114
0.0611892
0.06288
0.06288
0.0656773
0.0656773
0.0574149
0.0487581
0.0617651
0.0617651
0.0535269
0.0644259
0.0815547
0.0815547
0.0718636
0.0959837
0.0959837
0.0771089
0.0878828
0.0878828
0.0866435
0.0866435
0.0863712
0.101839
0.101839
0.101214
0.105751
0.105751
0.113561
0.113561
0.117353
0.122019
0.13998
0.147076
0.147076
0.140738
0.136902
0.136902
0.126345
0.128024
0.128024
0.122686
0.104009
0.104009
0.0967173
0.0783598
0.075533
0.0758599
0.0758599
0.0659918
0.073625
0.0837351
0.103693
0.103693
0.101647
0.0801293
0.0858171
0.0876994
0.11612
0.11612
0.101512
0.106488
0.106488
0.118371
0.118371
0.0980796
0.116855
0.116855
0.0873327
0.0873327
0.078688
0.0715673
0.0715673
0.0683824
0.0699606
0.0699606
0.0841551
0.0841551
0.0995162
0.0995162
0.0813746
0.0813746
0.0773622
0.0773622
0.0640132
0.0693793
0.0717579
0.0717579
0.065546
0.0596053
0.0584836
0.0609275
0.0609275
0.0605173
0.0778777
0.0778777
0.0602668
0.0602668
0.052486
0.052486
0.0505746
0.0505746
0.0372643
0.0315259
0.0414992
0.0511017
0.0511017
0.0316393
0.0356722
0.0384243
0.0384243
0.037205
0.0409594
0.0409594
0.0584876
0.0584876