118.022
118.12
118.085
118.232
118.047
118.025
118.006
118.143
118.078
118.149
118.083
118.18
118.129
118.216
118.118
118.24
118.115
118.228
118.177
118.278
118.146
118.262
118.183
118.292
118.2
118.316
118.215
118.308
118.167
118.273
118.122
118.155
118.064
118.217
118.076
118.206
117.972
117.997
117.464
116.682
115.449
111.585
104.268
99.2404
98.0218
96.439
99.2218
100.969
101.371
100.981
100.138
100.041
99.8757
101.429
101.768
99.4365
95.1007
91.0637
87.4144
84.1474
84.6313
81.1546
76.1989
75.8875
71.527
68.3279
69.5261
67.1714
63.9984
69.4894
65.6083
63.484
91.4331
91.1096
90.7041
95.7281
94.2651
93.9123
95.2828
97.421
99.2789
82.2666
84.0617
85.4472
73.477
76.051
79.5915
73.0238
77.799
81.6459
81.4892
85.6369
90.2014
87.6025
89.5207
92.3269
95.2373
97.6417
98.0521
92.8738
88.8235
84.9983
82.587
77.2462
71.288
70.2486
62.6885
57.4679
76.305
76.1723
75.8438
90.7896
90.3251
88.9826
90.8398
90.3748
91.638
97.4041
98.6355
99.645
81.3074
82.11
83.5429
84.9136
85.3395
85.2355
71.364
71.9865
73.4512
78.4845
80.4217
81.4305
69.0235
70.4094
70.5223
69.8072
69.4481
70.0423
71.3919
69.0412
63.3456
70.2168
68.373
68.0145
90.1207
89.6406
89.1842
92.5152
92.6012
93.2892
94.1766
95.0333
95.4569
80.7673
80.4081
80.1471
92.3289
93.7557
95.1021
81.2705
83.8281
85.4682
75.0024
76.5904
79.1303
66.3923
68.9606
69.9911
74.7571
73.0027
71.8933
73.2934
75.4314
78.8204
79.1739
79.1177
76.3665
71.6536
66.8693
63.1321
69.5027
69.3841
70.4274
73.4034
74.9321
75.9192
64.357
64.1776
63.5598
70.0496
69.9252
69.724
70.0813
68.3589
66.1414
72.2159
74.516
79.4633
71.9455
77.125
80.4521
84.1654
90.668
96.5557
94.8515
97.5081
97.8683
97.7563
99.2677
99.0118
96.5252
100.147
102.906
110.947
114.347
116.122
116.524
116.675
115.341
118.868
118.572
118.033
117.339
116.658
116.696
116.727
116.602
116.756
116.585
116.642
116.572
116.727
116.622
116.717
116.64
116.729
116.537
116.639
116.526
116.624
116.482
116.539
116.514
116.542
116.456
116.592
116.494
116.591
116.528
116.629
116.483
116.649
116.486
116.541
116.441
116.572
116.503
116.618
116.497
116.621
116.5
116.52
116.388
116.581
116.501
116.588
116.482
116.556
116.523
116.588
116.5
116.608
116.506
116.623
116.54
116.663
116.548
116.615
116.451
116.531
116.457
116.602
116.536
116.611
116.508
116.568
116.482
116.627
116.565
116.61
116.541
116.626
116.509
116.568
116.286
116.173
116.565
116.445
116.418
116.515
116.453
116.497
116.379
116.621
116.262
116.521
116.607
116.345
116.376
116.271
116.301
116.283
116.691
116.501
116.191
116.076
116.222
116.299
116.314
116.37
115.953
116.713
116.176
116.23
115.983
116.678
116.163
116.239
115.871
116.745
116.102
116.339
115.858
116.323
116.373
116.325
116.034
115.883
116.529
116.108
116.133
115.956
116.054
116.626
116.062
116.149
115.878
116.5
116.146
116.259
116.159
116.356
116.131
116.316
116.193
116.302
116.239
116.281
116.237
116.29
116.203
116.37
116.052
116.04
116.069
116.234
116.242
116.102
116.039
116.374
116.032
116.195
116.273
116.093
116.342
116.302
116.057
116.219
116.24
116.23
116.137
116.26
116.109
116.232
116.119
116.211
116.032
116.324
116.211
116.291
116.113
116.096
115.921
116.246
116.043
116.257
116.074
116.383
116.124
116.288
116.193
116.308
116.044
116.181
116.073
115.947
115.846
115.81
115.754
115.853
115.242
114.177
111.863
108.508
104.112
99.0164
97.2561
97.3091
100.265
98.7607
92.2057
87.957
82.8565
82.6944
78.2633
76.3267
76.9616
76.8827
77.3716
78.2394
78.8885
78.8425
75.3107
72.7999
68.3112
68.1379
61.8454
57.9737
78.7207
77.0721
76.0773
92.489
92.0497
92.0013
96.1256
96.2272
96.1041
96.2752
96.3112
96.7682
92.5649
92.8013
92.9806
93.1581
93.3764
93.4651
93.3122
93.4663
93.278
91.7765
91.7412
92.1337
94.2142
95.0042
95.1933
94.0082
94.1909
94.4187
94.3081
94.7174
94.9071
95.2237
95.3829
95.6621
93.9898
93.9961
93.6887
90.0308
89.814
89.9813
91.862
92.4531
92.8417
89.6468
90.1927
90.9553
89.613
90.3519
90.4912
86.579
86.8898
87.3119
85.4363
86.0671
86.3881
84.7125
85.0163
85.681
71.3971
71.9778
72.4292
77.7535
78.22
78.8053
76.5756
77.0929
77.5545
75.9541
76.2701
76.6448
62.532
62.9689
63.3034
72.7519
72.7483
72.9075
71.1016
71.3292
71.3851
71.618
71.7245
71.8945
71.8263
71.9235
71.7622
71.5858
70.9494
70.3751
69.2676
68.3929
67.2256
66.08
65.0782
64.3712
65.095
64.4797
63.8031
65.8433
64.9481
64.176
65.5546
65.1597
64.5546
67.5797
66.75
66.2911
77.538
77.5257
77.4606
77.5983
77.5825
77.497
78.9185
78.4628
77.7882
82.3987
81.4641
80.9564
85.0404
84.6567
83.9913
88.8061
88.0731
87.2549
86.6297
86.219
85.9373
86.1277
85.9984
85.4277
84.6424
84.0172
83.7566
83.6039
83.6687
83.6429
82.9089
81.9109
81.1087
80.5732
79.9431
79.3053
78.6889
77.9611
77.316
76.5037
76.2109
76.1398
75.781
75.7409
75.6685
75.5687
75.5207
75.4886
75.3756
75.4924
75.3854
75.51
75.3734
75.4693
75.4874
75.6689
75.9653
76.0257
76.1283
76.186
76.1955
76.5964
76.9704
77.5093
77.3101
77.1775
77.0279
76.963
76.5764
76.0002
75.69
75.6661
75.514
75.5665
75.5248
75.5489
75.5058
75.4646
75.4247
75.3702
75.2395
75.2163
75.214
75.0889
75.2211
74.9584
74.6314
74.2959
74.0584
73.6434
72.7793
71.8179
70.6077
69.7493
69.4566
70.1937
72.171
74.5772
76.3923
77.5068
78.2552
78.6248
78.9575
78.9016
78.9317
79.02
79.3879
79.54
79.3597
79.4037
79.7074
80.0559
80.1104
80.3399
80.2503
80.2834
80.1086
80.2309
80.0764
80.1422
80.0623
80.1566
80.1384
80.4082
80.7941
81.251
81.777
81.9469
81.8995
81.6671
81.3887
80.8819
80.3108
79.7501
78.364
77.6913
76.8385
76.3027
75.3287
74.718
74.3593
74.0311
73.8114
74.0233
74.1709
74.3276
74.4021
74.6169
74.8993
74.8023
74.8912
75.0074
74.9412
74.9797
75.0916
75.3181
75.4286
75.6925
75.9927
76.1749
76.4561
76.5403
76.6677
76.8596
77.1743
77.2239
77.2194
77.4551
77.7674
78.4543
78.9645
79.3586
79.3579
79.1419
78.8135
78.5816
78.408
78.5536
78.6085
78.7395
78.7512
78.6782
78.748
78.7936
78.5337
78.712
78.9419
78.9747
79.1979
79.1418
79.1765
79.1818
79.3308
79.5861
79.6702
79.9322
80.3369
80.4168
80.9836
81.1528
81.629
82.0907
82.5696
83.42
84.4505
85.7371
87.2709
72.0325
73.2912
74.4863
81.0546
82.3627
83.4289
70.8776
71.2513
71.635
78.6191
79.2829
80.4312
68.2008
69.3628
70.6626
76.9694
77.9236
78.7648
65.1696
65.6593
65.811
75.4621
75.5472
75.6469
75.7103
75.8361
75.8487
75.9384
75.9504
75.9093
78.4578
78.3238
78.159
75.3829
75.0886
74.9381
77.2595
77.0516
76.8829
76.7554
76.5835
76.2773
75.8725
75.6747
75.369
77.9372
77.7381
77.658
74.7931
74.8519
74.7529
77.2318
77.3115
77.2261
74.6309
74.5825
74.2973
74.4097
74.0043
73.6909
73.0025
71.9239
70.611
73.9488
73.039
72.7927
76.905
77.2771
77.444
77.4695
77.4651
77.7922
75.3415
74.8352
74.4231
76.1462
75.2474
74.0039
74.4805
73.0564
71.7904
74.5648
73.6719
73.072
75.5306
75.124
74.5779
74.3347
74.0785
73.5296
72.7057
71.224
69.521
71.8338
70.5101
69.1687
73.8484
72.5115
70.2545
67.3836
64.9652
63.7266
62.6447
61.7241
61.8224
62.8879
63.9919
64.8453
65.9788
67.3398
69.2372
71.1215
72.8113
73.8301
74.6948
75.0054
75.4783
76.583
77.414
78.6773
80.1813
81.1649
81.9922
82.7784
83.6514
84.3187
85.2365
85.7172
86.582
87.0564
87.6759
88.3445
89.0372
89.4307
90.1674
85.3569
86.1992
86.6694
87.397
87.4889
87.8079
87.4249
87.4899
87.3631
88.995
89.1079
89.7116
88.0359
88.3738
88.1438
88.3595
88.2592
88.234
89.7425
90.0402
90.3684
89.5023
89.9668
90.7399
89.5071
90.4107
91.6343
89.3184
91.1497
93.2349
90.8339
92.4271
93.5377
80.0124
81.6786
83.2762
85.4029
87.205
87.6709
84.5052
83.4664
82.3128
83.5808
82.0805
79.8387
95.8136
92.8949
91.0046
105.358
103.559
102.03
100.675
99.0918
98.346
96.6843
95.7878
94.4893
93.6805
92.7696
91.896
91.5438
91.6891
91.4301
90.5809
89.3483
88.664
87.6049
86.7835
86.138
85.5638
84.6706
83.8748
83.2608
82.4839
81.0082
80.2384
79.0251
78.1629
77.4736
77.3434
77.8643
77.5561
77.0656
76.877
76.4383
76.3287
75.9103
75.9644
75.9592
76.1785
75.4349
76.1833
76.6659
77.4383
77.8915
78.1256
77.9246
78.1397
77.9128
77.6786
77.4076
77.3713
77.0162
77.2342
77.2465
77.3497
77.2379
77.0595
76.7449
76.8246
76.5104
76.5302
76.4554
76.6137
76.5803
76.5935
76.5937
76.8692
77.2866
77.8681
78.0458
78.4126
78.7949
79.751
80.6786
81.7006
82.1194
82.4924
82.5361
82.5572
82.2836
82.006
81.3108
80.7645
79.7402
78.9001
77.5037
76.2139
74.7029
73.3332
71.8111
70.5172
69.0631
67.5232
66.4269
65.7491
64.8625
64.3794
63.7093
63.3083
62.7375
62.1475
61.5364
61.2263
60.7859
59.8104
58.5807
57.2388
56.2006
55.3929
54.3628
53.2124
51.7611
50.8519
49.7461
48.9995
48.4113
48.2066
48.0384
47.6226
47.3262
46.8359
46.5499
46.2895
45.9376
45.7437
45.327
45.0424
44.5834
44.3163
44.124
43.9959
44.0604
44.0512
43.8278
43.5043
43.2006
42.7181
42.0859
41.8987
41.4625
41.1553
40.587
40.0699
39.6866
39.5281
39.5725
39.4768
39.0697
38.7148
38.4686
38.4751
38.4739
38.7062
39.1188
39.6705
40.2661
40.9138
41.4883
42.1457
42.4233
42.8179
43.176
43.4858
43.4884
43.8621
43.8141
43.8677
43.7448
43.5255
43.2356
42.7158
42.1658
41.5051
40.78
40.0442
38.7785
37.5351
36.0552
34.6683
33.3833
32.3989
31.8938
31.5856
31.4698
31.3587
31.1704
31.0081
30.4969
30.1281
29.2095
27.9615
26.6397
25.6069
24.3927
23.3605
22.55
21.9347
21.4727
21.3197
21.0579
20.9484
20.6281
20.1852
19.5205
18.9538
18.2772
17.5619
17.0605
16.5728
16.0404
15.6746
15.2258
14.8892
14.628
14.3452
13.9623
13.6877
13.3746
13.1571
12.7572
12.4985
12.2243
11.8916
11.6516
11.3373
11.0416
10.8562
10.5807
10.4546
10.2106
9.87931
9.5997
9.42978
9.27594
9.23335
9.09022
8.92079
8.86165
8.77317
8.59326
8.41581
8.19208
8.06769
7.91637
7.73928
7.64245
7.50545
7.37002
7.19404
7.10262
7.01766
6.86666
6.64264
6.51202
6.403
6.31633
6.22128
6.1447
6.13484
6.14123
6.08257
6.00895
5.84574
5.68623
5.5799
5.47683
5.4103
5.40106
5.40453
5.40171
5.41428
5.40169
5.41568
5.42118
5.4182
5.44378
5.46653
5.47573
5.47741
5.51872
5.53795
5.5671
5.58713
5.59457
5.56273
5.48587
5.50045
5.46516
5.42483
5.418
5.43343
5.41938
5.41575
5.37627
5.36862
5.33846
5.35952
5.2995
5.27908
5.27825
5.43277
5.65212
5.92058
6.19423
6.32484
6.52578
6.64561
6.73452
6.77929
6.88231
6.93255
6.92857
6.90596
6.83116
6.75626
6.67683
6.6883
6.84741
7.01607
7.03024
7.01955
6.97581
6.91549
6.9106
6.90463
6.93805
6.94588
7.00118
7.04984
7.18378
7.3068
7.34775
7.52624
7.67544
7.86418
7.95882
8.11279
8.24361
8.42316
8.55524
8.65057
8.71103
8.75873
8.7635
8.71512
8.68668
8.78118
8.82224
8.84655
8.84308
8.72589
8.73741
8.73694
8.70906
8.6991
8.72454
8.73729
8.80535
8.78534
8.8188
8.90158
8.96719
9.17532
9.19463
9.21976
9.23232
9.28546
9.31618
9.51237
9.75213
9.94777
9.96801
10.0509
10.2598
10.3869
10.4344
10.6062
10.6827
10.9346
11.2087
11.4665
11.4949
11.4667
11.292
11.158
11.0207
10.822
10.7897
10.8432
10.8768
10.9768
11.2204
11.3377
11.5878
11.7312
12.0101
12.2339
12.4618
12.4095
12.4167
12.4733
12.5831
12.6769
13.0254
13.3251
13.6504
14.039
14.2962
14.6553
15.0382
15.5859
16.0806
16.6124
17.1341
17.5937
18.1637
18.7319
19.2729
19.7911
20.5369
21.5404
22.6195
23.6175
24.105
24.6771
24.9121
24.9257
24.9146
24.8325
25.0759
25.565
25.9767
26.5798
27.1661
27.7998
28.2801
28.7765
29.1572
29.2839
29.3055
29.3174
29.2143
29.2377
29.2278
29.5503
29.8002
29.9835
30.2319
30.5633
30.8671
31.3815
31.5837
31.6986
31.9067
31.8111
31.7581
31.7412
31.6511
31.6419
31.6474
31.541
31.5051
31.0102
30.584
30.2409
29.8946
29.9352
29.9655
30.181
30.1975
30.4145
30.5806
30.839
31.1916
31.6417
31.823
31.7869
31.8456
32.2775
32.6628
33.3074
33.6477
34.0475
34.4431
34.7278
34.7232
34.6915
34.5466
34.2801
33.9071
33.8938
33.7566
33.8106
34.0295
34.6035
35.2036
35.8705
36.6377
37.5092
38.1536
39.0288
39.9175
40.7942
41.4893
42.1154
42.7993
43.6321
44.3863
45.5706
47.0307
48.9939
50.9588
53.0603
54.8263
56.554
58.0054
59.6569
61.0941
62.258
63.3661
64.9165
66.9264
68.9768
70.8956
72.9072
73.9118
74.9553
75.8425
77.0763
78.0713
79.4954
80.431
81.6919
82.463
83.533
84.1855
84.9627
85.2195
85.4893
85.5726
85.4752
84.9509
85.0664
85.1841
85.173
85.0402
84.9676
84.8778
85.21
85.3327
85.601
86.058
86.5141
87.0031
88.3957
89.2948
90.622
92.242
94.7852
97.1266
98.7555
100.308
102.39
103.767
105.856
107.505
109.951
112.214
114.593
116.695
96.6874
98.8314
101.033
87.1996
89.6134
91.8651
76.7248
78.1499
79.8752
88.6378
89.7792
90.2851
88.3616
88.9425
89.1384
89.0323
89.1555
88.6294
90.9653
90.8663
90.5201
89.6208
89.0578
88.0375
87.1911
86.4485
85.6263
84.824
84.1279
83.2929
84.9269
84.4528
84.3414
84.111
83.5297
82.3999
81.1778
79.7538
78.3019
78.2792
76.8448
74.9768
76.0024
74.0311
71.7829
68.9764
66.3547
63.6966
78.2596
75.942
74.2555
81.1545
78.907
76.2123
82.3771
81.2812
81.1095
81.0857
81.7853
82.0988
83.2138
84.2919
86.3251
72.5062
74.9874
77.1515
79.2058
80.7052
81.5759
69.1986
69.4663
69.5673
77.2595
77.6118
78.3456
76.9105
77.4565
78.0468
73.3951
73.945
74.8004
76.0827
77.5294
78.9476
68.1079
69.0056
69.7906
73.4744
73.9687
74.6416
75.2637
75.6937
76.0826
76.4115
76.9199
76.924
76.3084
75.333
74.5001
76.7594
76.3015
75.5583
76.1974
75.4439
74.7423
76.1991
75.294
74.2056
72.8814
71.581
70.2896
74.1821
73.4891
72.9167
72.2592
71.4085
70.2706
75.3083
73.9622
72.3848
74.875
73.7758
72.9272
79.0165
78.4886
78.0215
80.7246
80.3458
80.2161
81.3144
80.9701
80.604
81.8324
81.5201
81.2818
84.9846
84.6755
84.145
83.9635
83.5146
83.2035
82.7991
82.668
82.3238
82.1123
81.8959
81.4744
81.0549
80.8826
80.4905
80.3149
79.9983
79.7937
79.5049
79.217
78.8259
78.5884
78.3694
78.1763
77.7883
77.6911
77.4475
77.3267
77.0336
76.7964
76.602
76.7022
76.4187
76.2756
75.8208
75.731
75.4219
75.2176
74.8473
74.8683
74.6375
74.8829
75.0819
75.276
75.1028
74.8745
74.7761
74.7969
74.2458
74.0355
73.9307
73.1576
73.0496
73.1991
73.2286
73.1812
72.7678
72.3358
72.3315
72.5221
73.758
76.3073
78.2839
80.5189
82.9108
85.8528
88.8351
91.2878
92.6921
90.6323
93.3841
95.9127
83.3998
85.9901
87.9654
76.0418
77.9417
80.071
66.4991
67.662
68.3997
73.4027
74.3814
76.1603
75.7667
76.9573
77.7671
76.369
76.8676
77.4398
75.4811
75.9343
76.2511
76.74
76.9227
77.2888
77.4037
77.735
77.7987
78.0569
78.246
78.8779
78.4917
77.4445
75.95
74.673
73.1802
72.2775
71.2547
70.7126
69.932
69.7504
69.4583
69.6457
69.6038
70.2221
70.566
71.1333
71.3628
71.5396
71.346
71.4446
71.335
70.8055
70.1452
69.885
71.5713
71.2172
70.5756
70.2139
69.5815
69.226
70.8379
70.4574
70.0423
71.3393
70.4445
69.8673
70.56
69.795
69.0194
71.3751
70.8049
70.5695
73.7725
73.6894
73.4204
72.6961
71.3681
70.2987
76.7024
75.8121
74.9868
83.1524
82.2335
81.6729
84.9081
84.2589
83.5435
86.7036
86.0173
85.5706
88.0924
87.5087
86.5295
88.9479
88.0454
87.5329
90.4096
90.1731
89.4742
89.3569
88.7988
88.7579
88.5546
88.5194
88.2104
88.4976
88.2949
88.5527
88.5676
88.8912
88.828
89.2106
89.3823
89.8736
89.9099
89.8174
89.4188
89.3126
89.7419
90.1431
90.3673
90.6729
90.5363
90.2919
89.512
88.8553
88.1436
87.5373
86.8324
86.5934
86.5212
87.0966
87.6135
88.147
88.6514
89.5154
90.1918
91.0928
91.5677
92.3721
92.5789
93.0236
93.011
93.2371
88.194
87.4603
86.5404
89.7713
89.3434
89.0215
88.7827
88.5851
88.1796
88.1125
88.0527
88.0601
88.1018
88.1293
88.2621
88.6306
88.7083
89.0411
89.1859
89.7547
89.9591
90.5217
90.7011
91.1144
91.3177
91.5285
91.7203
91.8267
91.8116
91.8869
91.6703
91.8546
91.7987
91.6993
91.398
91.233
91.2375
91.4989
91.5721
91.9409
92.0739
92.5061
92.2776
92.3263
92.3074
92.329
92.3536
92.5026
92.4628
92.3221
92.155
92.081
91.9247
91.8798
91.0198
91.0499
91.337
92.0563
93.252
95.5009
98.6651
102.793
105.076
89.4562
91.2362
92.6706
81.3428
83.4922
85.3821
75.2784
76.3193
77.2234
75.1406
75.5206
76.6045
82.1508
86.5302
90.5983
88.8588
89.8795
88.8253
87.6059
86.6592
86.5726
86.489
85.5904
84.8207
84.7876
87.4746
92.6977
94.533
97.574
98.0582
93.8661
91.954
89.6049
87.7114
86.2143
85.7673
89.5971
91.2419
92.4628
88.6629
86.9697
84.5273
84.6393
82.4959
81.1437
80.2323
80.8622
84.6015
93.1923
102.361
112.133
120.771
129.413
127.093
132.207
131.309
133.795
129.451
126.609
128.313
128.059
127.949
128.013
127.974
128.042
127.892
128.163
127.804
127.932
128.012
127.904
128.216
127.984
128.041
128.132
128.092
128.182
128.126
128.052
128.114
128.207
128.246
128.052
128.194
128.254
128.113
128.361
128.047
128.173
127.951
128.301
127.973
128.258
128.538
128.328
128.324
128.375
128.558
128.323
127.853
128.34
128.259
128.108
128.201
128.447
127.777
128.168
128.618
128.076
127.884