101.917
101.729
101.618
101.831
101.939
101.879
101.525
101.865
101.862
101.492
101.778
101.81
101.543
101.699
101.76
101.652
101.881
101.457
101.677
101.563
101.717
101.827
101.693
101.762
101.777
101.741
101.564
101.796
101.656
101.771
101.485
101.73
101.571
101.807
101.446
101.707
101.673
101.686
101.414
101.621
101.596
101.669
101.426
101.563
101.42
101.392
101.645
101.263
101.592
101.662
101.416
101.586
101.55
101.322
101.614
101.33
101.693
101.563
101.386
101.468
101.623
101.671
101.618
101.721
101.511
101.72
101.611
101.591
101.734
101.54
101.278
102.675
102.674
102.772
102.574
102.678
102.763
102.724
102.605
102.901
101.585
101.561
101.276
102.93
102.892
102.908
101.629
101.426
101.67
101.58
101.668
101.748
101.624
101.332
101.556
101.617
101.687
101.546
101.628
101.613
101.611
101.741
101.797
101.791
101.796
101.751
102.045
102.006
102.432
102.832
103.304
103.594
103.096
101.437
99.8277
97.4742
97.8368
97.5553
97.1077
97.967
97.9742
97.8723
98.0594
98.1488
98.4033
98.2938
98.3843
98.3721
98.4359
98.4781
98.3204
98.1976
98.0274
97.9349
98.0222
97.9115
97.7912
99.1028
99.4758
99.597
99.9006
100.389
100.353
100.827
101.511
101.791
100.445
101.052
101.461
101.652
102.172
102.29
102.473
102.867
102.756
102.27
100.95
100.144
100.591
100.702
100.75
99.914
100.412
102.277
103.563
104.464
105.138
105.967
106.464
107.238
105.506
105.712
106.529
107.005
107.167
107.088
106.426
104.958
102.384
100.545
98.6394
97.9275
99.4069
100.128
100.452
97.7221
98.3508
100.758
104.408
105.838
107.253
106.433
107.381
107.593
106.311
106.271
106.17
105.737
105.05
103.823
103.685
102.592
101.77
100.835
100.49
100.118
101.076
100.531
100.027
100.996
101.045
101.74
104.078
105.483
107.361
107.83
110.148
112.78
113.645
116.918
120.427
121.455
126.051
129.668
102.943
105.438
107.917
86.449
87.7321
90.0833
73.9088
75.9982
77.8636
86.1239
88.7835
92.4968
75.7462
80.3724
83.184
93.6156
95.9935
98.547
95.6914
97.9632
99.3112
101
102.473
104.073
103.508
106.708
110.46
111.153
115.285
120.105
117.963
122.692
126.771
126.503
129.628
131.607
132.07
133.014
133.906
137.135
137.705
137.616
138.989
138.533
137.569
141.831
140.525
139.165
142.28
140.794
140.232
145.798
144.959
144.691
144.279
143.506
142.345
144.056
143.695
143.324
143.09
143.052
143.326
143.723
143.958
144.353
139.661
139.35
138.303
137.491
136.016
134.525
137.126
135.515
133.637
138.362
136.469
134.695
139.034
137.532
135.831
140.949
140.709
141.946
143.717
143.537
143.195
144.614
145.168
146.131
146.678
148.311
150.317
150.062
153.164
155.698
150.703
152.12
154.038
154.052
155.768
158.127
152.98
154.668
156.002
149.789
148.988
148.438
144.858
144.558
144.035
141.189
140.558
140.775
137.232
138.659
139.774
138.461
139.528
140.08
139.563
139.66
139.819
140.343
140.676
141.06
140.894
139.988
139.197
139.492
139.667
140.37
141.047
141.918
142.061
143.217
143.375
143.827
143.993
143.753
142.483
141.239
139.355
136.861
136.1
132.304
130.044
131.028
132.36
133.154
128.453
128.884
129.248
129.961
129.247
127.436
127.6
126.033
124.817
125.557
124.252
121.728
122.751
120.59
119.389
123.684
123.051
122.554
125.516
125.096
124.384
127.803
126.588
125.227
127.743
126.131
123.274
124.833
119.657
114.539
122.408
118.74
114.999
121.888
116.514
111.634
122.967
116.565
110.056
133.784
117.416
110.582
129.575
124.036
117.195
115.296
109.339
103.681
112.037
119.175
114.558
120.055
117.095
114.399
141.033
128.879
125.918
142.008
135.781
138.796
119.383
121.27
122.797
94.4038
95.6862
96.9524
104.664
107.302
109.026
107.475
107.428
108.035
106.612
108.203
109.54
108.09
109.575
111.364
112.121
115.848
120.562
113.794
124.155
127.863
116.676
125.441
130.258
124.975
132.08
139.153
115.053
122.894
127.535
98.837
95.9698
89.8223
129.781
110.026
99.9686
140.424
135.704
134.719
143.061
151.104
164.655
134.539
152.201
163.683
141.914
151.722
156.999
124.466
124.129
123.463
134.026
128.435
120.983
119.192
109.726
101.66
123.871
117.513
114.698
133.294
139.625
149.887
129.793
143.582
157.778
135.46
140.94
145.726
144.732
142.053
137.063
130.039
117.513
103.517
108.463
94.562
82.8983
123.827
112.239
112.979
125.543
139.797
156.425
145.18
158.658
167.986
141.84
140.896
135.007
93.1348
78.2856
66.7141
101.171
90.6238
83.0791
97.0804
97.2421
106.367
118.834
140.67
163.695
148.499
158.061
163.895
135.548
137.447
137.434
134.007
127.868
121.816
120.13
111.52
104.675
117.872
117.758
122.797
128.116
137.168
145.406
117.385
123.788
129.103
150.046
151.555
150.815
143.868
140.797
136.493
132.353
123.949
112.887
116.716
107.636
100.237
107.862
110.779
121.123
128.704
145.671
156.824
122.06
123.881
125.671
149.342
149.863
150.146
144.532
142.462
137.713
132.824
117.559
102.949
102.505
93.0447
87.0327
101.877
102.36
108.343
115.432
130.429
145.684
125.332
134.17
137.932
139.45
134.841
125.048
113.235
99.2758
87.7079
98.2781
91.7283
88.1963
100.257
99.8014
101.953
104.518
110.394
116.851
94.567
98.6812
101.488
108.241
108.477
107.861
105.59
105.338
105.401
107.584
109.237
111.293
112.663
117.611
122.13
122.118
126.914
131.688
134.359
137.973
140.066
138.793
140.019
139.097
143.453
142.496
141.373
142.7
141.056
139.57
137.408
134.213
131.271
129.762
126.336
123.137
122.741
120.455
118.579
118.844
117.55
115.947
120.409
118.549
117.792
121.076
120.5
119.84
120.525
118.306
116.144
116.985
114.38
111.907
115.025
112.642
110.071
114.694
111.814
107.679
110.247
106.371
103.548
111.337
110.417
107.968
111.683
107.835
103.749
126.341
114.522
106.849
116.314
108.655
102.342
104.344
97.6852
92.3909
98.3305
101.964
96.1701
134.47
116.619
111.034
120.088
115.87
112.35
110.192
109.102
108.782
109.195
108.878
108.537
107.557
105.415
102.811
100.899
100.224
101.288
102.299
103.344
104.904
105.799
109.712
113.862
103.639
104.447
101.447
109.266
100.534
93.6138
89.0605
84.6981
80.8902
78.5777
77.3426
78.5611
81.7256
85.9327
90.5581
94.6719
98.1514
101.084
103.999
106.058
108.75
108.181
100.79
90.8672
83.9822
82.7881
83.407
80.5776
74.799
72.7556
73.6341
72.7949
72.5289
73.5905
73.6009
72.6959
71.0595
69.3888
68.254
67.7018
67.6787
67.1704
66.7067
67.4947
70.3794
74.7095
79.3912
84.2647
87.6583
87.5403
84.017
80.1613
79.4049
78.3454
77.3806
77.2531
78.1989
66.7797
69.4385
71.0833
70.5128
71.1877
71.3756
71.2499
71.6138
72.2327
72.2719
73.1471
74.4871
75.5868
77.3173
79.488
62.5857
64.8609
67.6909
76.8747
80.0031
82.6175
64.9166
66.9195
68.7013
84.6909
85.539
87.2254
82.0831
86.674
88.6791
90.4264
92.0463
94.025
89.8025
97.2053
100.678
79.9911
84.3646
88.5967
75.1801
79.0833
82.4011
86.1376
88.304
90.1714
87.0732
87.3045
87.4518
88.4596
88.3523
87.5495
88.7746
88.8527
88.5555
90.7072
91.0403
92.2537
91.7687
93.3135
94.7327
92.5404
93.181
93.675
93.368
95.1833
97.4133
97.7609
101.597
105.223
106.211
109.288
111.85
109.963
110.609
111.465
111.863
112.991
113.613
116.435
116.937
117.786
118.71
119.183
119.697
122.535
124.528
127.293
127.644
129.742
131.642
128.163
128.007
127.122
125.969
122.942
119.386
124.09
122.851
122.083
125.162
126.13
126.976
129.568
131.538
133.3
130.509
132.487
133.709
134.248
136.094
136.03
126.759
118.65
109.059
114.218
105.724
97.9857
108.815
104.701
106.237
122.195
128.94
137.719
112.718
118.791
122.922
131.908
134.215
136.534
135.56
139.509
141.703
131.271
125.805
120.24
126.62
123.619
121.85
125.845
126.367
128.224
130.579
134.006
139.291
137.894
145.321
152.317
120.73
122.9
126.858
145.677
148.682
150.42
144.61
144.746
144.484
140.921
138.419
135.591
133.197
128.583
123.608
124.913
120.024
115.273
114.737
110.829
107.907
108.702
106.045
103.704
102.65
100.106
97.1591
98.4813
95.2922
92.7021
95.0458
93.1742
91.0638
89.646
86.2053
81.7357
84.6378
79.8816
76.6482
97.926
89.7642
87.3945
98.2118
86.7602
81.4391
101.504
97.9521
95.182
100.011
98.4126
97.3936
102.491
111.552
111.527
112.402
112.315
112.294
113.717
113.893
113.949
111.99
112.466
113.002
110.535
101.363
101.625
102.54
104.687
103.901
106.791
113.382
113.412
115.073
115.298
115.318
115.368
114.956
113.605
130.348
128.248
127.88
157.751
147.72
144.746
153.079
142.909
136.763
133.568
131.818
131.495
98.4049
96.716
94.6545
115.857
99.1894
91.2264
97.0377
88.4193
80.6211
74.4795
68.9085
64.5425
62.4968
62.9983
64.0115
65.4113
67.414
69.2886
71.1216
73.2904
77.2785
82.355
86.8312
90.8352
95.4783
100.994
104.566
107.621
108.789
106.565
102.283
100.097
100.605
103.484
106.135
109.955
114.816
118.94
122.352
98.768
98.8874
99.142
117.059
109.695
110.999
131.411
136.956
140.613
114.876
116.978
118.47
92.9416
93.1625
92.6356
92.0618
90.5183
88.7429
96.3798
104.091
104.734
110.085
112.935
116.651
92.5008
99.1368
105.403
111.827
119.175
127.244
105.358
116.584
128.828
117.437
128.25
137.857
115.159
121.912
125.938
126.667
129.335
130.881
127.575
127.056
125.12
123.511
120.482
115.625
109.072
103.082
97.8985
98.6751
95.8718
93.7739
96.3044
93.2756
90.5185
94.958
92.8036
91.3227
95.1025
92.0492
88.1758
93.5416
89.9798
86.4693
93.9024
90.7156
85.9749
100.175
88.9295
85.3459
102.451
100.879
99.5713
99.8529
99.394
98.8506
95.6021
94.5875
93.6132
90.8167
90.2767
91.0855
81.7062
87.6154
87.7317
67.8482
66.8787
65.8277
84.23
75.3363
73.4835
92.9794
89.5509
85.8621
120.895
116.609
114.704
136.763
128.491
128.692
144.709
134.856
122.947
122.939
127.282
126.512
125.423
122.362
121.118
119.255
117.677
116.457
114.793
113.719
113.651
114.269
114.132
115.769
118.77
119.144
122.384
114.793
119.146
119.295
119.956
116.402
112.78
113.646
112.269
112.147
114.423
118.891
120.39
111.932
115.411
114.03
112.766
107.37
106.737
108.171
106.699
106.646
106.513
101.272
100.572
102.673
107.518
108.879
108.219
105.856
108.934
108.826
107.861
109.465
107.352
111.783
117.542
120.4
119.826
118.222
116.459
116.612
118.163
120.835
123.171
124.578
123.09
121.276
119.408
119.165
120.886
114.469
111.964
111.837
113.559
115.015
116.536
118.141
119.165
118.509
118.524
124.135
131.733
131.944
134.082
135.012
130.748
126.166
126.502
133.184
143.875
150.191
151.346
116.163
112.476
108.27
125.087
109.122
105.112
123.457
123.127
123.323
100.373
102.701
103.603
107.767
107.372
107.154
107.525
107.869
107.432
105.575
104.244
102.634
101.808
99.9954
97.8748
99.6759
99.6235
99.6255
100.957
101.354
101.888
103.282
106.512
109.173
105.678
106.149
106.021
103.017
101.558
99.318
97.8289
94.8568
93.3522
97.4049
100.378
102.979
100.33
100.071
99.6172
100.509
101.982
103.96
102.704
103.773
104.354
102.555
102.76
102.809
103.084
103.479
105.094
106.209
110.033
118.719
99.1978
108.136
108.728
81.4088
79.709
75.0951
76.6875
74.3116
73.0887
98.491
99.0572
101.212
81.0402
91.4939
102.379
93.7432
103.866
111.573
92.9345
94.9719
97.1636
103.279
102.063
100.026
93.5195
87.1526
81.337
88.3763
86.1732
88.305
104.966
116.831
130.464
116.413
126.257
133.588
131.924
132.468
130.74
124.744
115.163
104.065
104.54
100.593
101.701
116.915
126.568
138.666
115.541
120.982
123.552
139.414
140.972
142.148
136.805
134.102
130.868
131.543
127.825
125.046
133.468
134.175
138.402
139.838
145.635
152.371
116.373
116.385
113.591
142.067
137.275
132.577
134.298
133.376
134.73
143.198
147.242
151.194
113.577
114.393
112.953
142.112
136.951
128.054
126.613
114.396
107.249
117.977
123.935
133.995
135.658
142.254
144.872
103.418
96.7587
85.2001
108.05
93.6869
85.247
106.654
111.5
122.049
104.782
118.627
127.85
122.987
117.802
106.73
101.229
86.5423
75.0497
100.561
92.2328
88.5733
112.189
115.595
130.462
120.483
139.42
151.725
128.308
129.717
126.041
117.291
114.013
113.473
123.617
127.443
131.549
96.9226
96.6323
92.5097
119.023
116.799
118.545
123.865
126.097
123.251
116.034
106.34
91.3178
97.9527
83.6875
73.2447
126.011
129.04
135.681
110.54
120.773
130.166
108.117
109.356
106.319
103.396
94.4123
83.8974
113.436
99.776
97.6729
125.23
129.032
134.268
107.409
108.177
106.835
101.141
94.6223
86.3059
106.351
102.98
100.824
106.443
107.606
109.567
106.893
104.504
99.7925
99.5501
93.865
89.9798
94.7318
92.9016
91.4699
94.3659
92.732
90.6026
94.2846
100.561
99.8883
103.133
102.205
101.617
104.242
103.064
102.396
131.978
124.752
122.658
135.741
134.365
130.635
125.719
122.488
120.167
117.75
116.26
115.308
116.151
120.788
124.188
122.987
121.525
122.323
123.689
120.828
117.307
114.875
111.657
109.045
107.264
106.904
109.882
116.261
120.632
119.767
118.255
116.069
116.188
119.983
126.991
130.092
136.666
150.279
164.268
144.211
150.074
154.479
129.604
133.151
135.03
105.943
114.312
117.037
90.8913
94.0613
97.1362
105.163
106.91
107.865
103.283
102.605
102.17
80.9143
79.9124
78.5206
91.8534
91.1221
89.769
87.5251
87.2284
86.6941
83.2551
82.0937
80.2331
78.9888
76.5255
74.5123
76.6407
75.6059
73.835
72.0437
69.0499
66.6387
71.0421
68.0931
66.0416
86.9086
84.9246
83.2456
90.9807
89.3813
87.6861
98.5926
106.211
104.315
106.003
104.923
103.697
112.399
111.423
111.384
129.202
121.003
121.67
117.957
118.899
119.676
117.978
118.801
120.86
96.8088
100.043
99.7913
108.53
110.601
110.616
121.338
121.22
120.683
144.167
138.528
137.777
143.501
142.2
141.355
135.599
139.254
140.388
104.989
102.991
104.009
111.399
111.572
110.028
104.959
102.953
102.9
101.33
100.998
100.561
98.943
98.7253
99.4474
100.065
100.667
101.135
99.1692
97.566
95.4832
96.3261
95.1032
94.0632
95.1116
95.8796
97.3712
98.5477
102.327
104.643
104.089
104.642
104.399
100.831
96.4424
91.1535
94.3377
95.0524
95.6235
98.4056
98.547
98.2559
97.5882
97.5616
97.5465
97.6212
98.1241
98.4548
97.872
98.9749
100.337
100.58
102.108
103.693
103.755
104.775
105.542
103.295
103.771
104.154
104.877
105.277
106.053
105.242
105.701
105.535
104.73
104.146
103.233
102.729
102.472
102.172
103.13
103.146
103.494
105.448
105.785
106.094
107.402
106.851
106.39
108.406
107.806
107.334
110.351
110.635
111.023
113.509
114.188
114.987
117.177
117.138
116.822
117.117
114.696
111.502
122.254
108.377
103.513
122.091
119.652
118.415
117.466
115.126
113.992
112.156
110.8
110.16
109.715
109.254
109.98
110.198
110.554
111.579
112.947
114.167
113.378
111.913
109.537
107.274
105.07
102.418
98.6179
97.3205
96.4193
94.4358
92.553
89.9848
86.6225
82.2581
77.2043
72.2583
67.2569
63.5175
60.7785
59.3168
57.9492
58.6134
59.8892
61.9693
64.3484
66.9214
69.8794
73.1718
75.962
78.001
80.1036
80.8385
80.5293
78.8359
76.4701
73.9331
71.9763
70.6821
69.7289
69.4252
68.8077
67.815
66.5397
64.8836
63.2215
62.0373
62.0111
63.7896
68.9449
78.1455
91.66
105.504
88.5001
92.9776
96.8313
107.173
106.352
105.456
101.522
101.866
102.816
102.484
103.308
104.37
102.387
103.684
104.641
103.858
105.003
105.837
105.415
106.106
106.908
107.322
108.214
108.885
109.529
110.344
111.231
113.335
114.056
114.985
115.173
115.112
114.94
118.046
117.357
117.171
116.862
117.248
117.948
118.805
119.922
121.362
122.386
122.922
123.159
122.958
122.303
121.526
121.997
121.076
120.351
121.194
121.068
120.872
120.93
120.707
120.822
120.721
120.597
120.337
120.275
120.508
120.546
122.094
122.311
122.659
123.173
123.591
124.385
125.46
126.608
127.617
128.637
129.666
130.208
130.709
131.092
131.483
132.677
131.523
129.911
133.365
129.132
126.172
125.082
122.07
118.676
113.097
110.536
110.236
114.263
120.605
130.078
143.467
152.097
158.759
160.803
159.974
158.693
166
163.245
162.28
170.605
168.393
168.006
153.154
153.258
153.34
166.897
161.191
161.212
155.497
155.48
155.461
166.162
160.417
160.245
154.296
154.232
153.879
166.925
166.15
166.157