94.4906
95.9342
98.8729
103.144
108.019
113.203
118.349
123.778
129.021
128.412
130.725
132.649
133.656
135.646
137.099
137.454
137.403
137.699
142.109
141.158
138.606
133.182
125.152
117.164
109.568
103.349
98.5133
94.3327
89.5762
84.6754
84.8994
80.7802
78.0368
85.8496
87.664
91.7176
92.5971
98.1568
102.769
85.2347
88.3575
92.3942
109.283
116.067
122.886
129.629
133.947
137.649
134.963
136.356
136.386
136.07
134.657
132.037
127.077
121.168
114.473
109.211
103.977
99.632
98.9718
95.0833
90.5659
88.1356
82.5876
77.9593
83.3442
81.7767
81.7591
87.0532
89.7195
93.3928
78.8393
83.0424
87.3722
97.8404
102.681
109.095
112.94
121.042
128.216
128.758
132.022
134.603
136.675
137.828
137.921
137.922
136.83
135.06
132.767
130.268
127.084
122.234
115.996
109.659
106.826
100.833
95.5748
89.8903
83.2184
77.515
81.9909
78.5408
76.5525
85.9497
86.7607
88.6747
86.9184
90.2182
93.9788
79.541
83.4317
87.3098
97.2162
100.939
104.572
105.726
110.412
114.934
118.219
121.306
123.71
125.668
127.102
128.81
130.567
131.654
132.413
129.194
130.854
132.713
134.102
135.517
136.725
137.87
138.292
138.714
138.629
138.49
137.661
137.221
136.46
136.178
135.446
135.269
135.078
135.613
135.852
136.368
136.557
137.213
137.399
137.911
138.118
138.569
138.436
138.192
137.321
136.359
135.093
133.819
131.933
131.046
130.081
129.529
128.867
128.772
123.23
123.076
122.554
122.477
122.278
122.352
122.388
122.675
122.623
123.136
123.548
124.78
126.15
128.058
129.889
131.654
132.877
134.146
139.732
139.223
138.72
138.562
138.099
137.58
136.728
136.13
135.922
135.062
132.8
130.441
127.404
124.564
122.16
125.916
124.803
122.788
120.165
117.497
114.956
112.864
110.973
110.032
109.798
110.515
111.736
113.531
115.53
117.959
120.355
122.321
123.399
125.043
127.914
131.309
134.654
137.86
140.254
136.044
136.296
136.933
137.931
139.277
140.223
141.072
141.715
142.348
142.759
143.208
143.139
142.532
140.466
138.022
130.022
127.446
124.964
123.34
122.921
123.095
123.295
123.631
123.85
124.241
124.397
124.549
124.768
124.502
123.597
122.271
120.301
118.252
121.174
120.887
121.912
122.089
123
124.516
126.58
126.99
127.445
126.626
124.275
121.28
118.053
114.909
111.958
118.246
117.04
116.882
117.621
119.251
121.39
124.766
131.09
138.822
138.12
140.386
144.959
141.7
142.87
145.039
146.298
146.489
145.377
137.424
135.415
133.955
131.876
128.685
125.298
122.895
122.427
121.723
122.026
122.447
121.573
125.029
124.169
126.679
127.918
129.534
133.692
132.457
131.133
128.157
125.778
123.924
122.535
126.264
126.117
127.084
130.418
135.811
140.024
143.901
144.247
148.225
146.747
145.873
147.419
148.63
149.616
149.685
143.256
142.358
141.701
140.731
140.043
139.105
138.534
138.071
138.082
137.807
137.674
136.942
136.607
135.818
135.781
136.028
137.096
137.694
144.086
143.862
142.864
141.565
141.557
139.79
137.842
136.776
135.681
135.128
133.43
130.43
128.442
126.442
125.15
128.712
128.907
129.664
131.19
132.693
135.145
137.059
139.011
141.111
142.805
143.657
144.407
144.618
144.979
144.844
144.435
142.542
140.7
138.484
137.167
136.513
136.929
137.365
137.867
138.215
139.177
138.765
136.894
135.167
134.43
134.397
135.277
136.463
137.795
138.907
140.004
140.244
139.021
137.658
136.608
136.097
136.397
136.332
136.531
135.646
140.708
140.696
140.78
140.6
140.81
140.695
140.849
140.589
140.803
140.645
140.825
140.661
140.868
140.587
140.8
140.609
140.796
140.534
140.753
140.536
140.719
140.434
140.502
140.408
140.543
140.452
140.724
140.587
140.792
140.767
141.079
140.921
141.158
141.005
141.152
141.056
141.196
141.075
141.298
141.119
141.299
141.21
141.269
141.258
141.344
141.294
141.459
141.395
141.511
141.42
141.473
141.41
141.404
141.374
141.58
141.432
141.48
141.474
141.597
141.487
141.572
141.533
141.672
141.554
141.724
141.679
141.685
141.666
141.791
141.672
141.764
141.7
141.825
141.748
141.79
141.81
141.88
141.817
141.876
141.881
141.996
141.932
142.029
142.047
142.12
142.051
142.141
142.151
142.212
142.111
142.268
142.221
142.25
142.288
142.282
142.329
142.371
142.362
142.314
142.36
142.431
142.418
142.472
142.473
142.467
142.407
142.403
142.481
142.588
142.607
142.7
137.573
137.575
137.562
137.608
137.649
137.652
137.643
137.636
137.661
137.644
137.671
137.695
137.703
137.689
137.662
137.733
137.798
137.798
137.807
137.81
137.773
137.843
137.867
137.851
137.855
137.878
137.955
137.831
137.971
137.882
137.923
137.889
137.912
137.839
137.799
137.83
137.877
137.824
137.921
137.857
137.968
137.817
137.841
137.754
137.9
137.902
137.948
137.852
137.751
137.817
137.886
137.801
137.915
137.733
137.83
137.682
137.718
137.629
137.812
137.722
137.782
137.699
137.657
137.532
137.643
137.622
137.729
137.595
137.764
137.621
137.674
137.586
137.75
137.518
137.594
137.423
137.52
137.45
137.662
137.404
137.576
137.404
137.547
137.252
137.406
137.255
137.37
137.201
137.256
137.113
137.247
137.035
137.145
136.941
137.015
136.872
136.947
136.589
136.692
136.46
136.538
136.261
136.296
136.087
136.119
136.057
136.195
136.031
141.131
140.756
140.754
140.478
140.392
140.341
140.211
140.088
140.09
140.017
140.228
140.197
140.287
140.263
140.402
140.185
140.522
140.456
140.627
140.486
140.789
140.495
140.718
140.188
140.366
139.452
139.662
140.141
140.867
140.73
140.856
140.725
141.113
140.817
140.833
140.505
140.732
140.582
140.734
140.629
140.783
140.741
140.931
140.837
141.068
141.072
141.273
141.134
141.347
141.23
141.381
141.244
141.429
141.282
141.372
141.242
141.344
141.097
141.38
141.204
141.403
141.215
141.285
141.028
141.234
141.057
141.256
141.059
141.126
140.96
141.031
140.846
141.054
140.908
141.045
140.907
141.021
140.788
140.989
140.914
141.052
140.883
141.052
140.807
140.903
140.863
141.053
140.867
141.071
140.928
141.011
140.827
140.992
140.859
141.008
140.907
141.086
140.93
141.089
140.888
141.112
140.996
141.153
140.994
141.125
140.986
141.17
141.077
141.175
141.031
141.214
141.101
141.199
141.13
141.268
141.182
141.297
141.154
141.255
141.177
141.332
141.233
141.357
141.279
141.344
141.259
141.396
141.267
141.462
141.357
141.445
141.281
141.356
141.303
141.355
141.296
141.346
141.377
141.527
141.423
141.619
141.538
141.576
141.363
141.439
141.513
141.589
141.547
140.864
140.083
140.73
140.866
140.865
140.752
140.864
140.866
140.911
140.908
140.837
140.961
140.919
140.808
141.118
140.953
140.871
140.892
140.915
141.085
139.173
140.273
140.445
140.025
140.307
139.888
139.96
140.028
140.126
140.281
139.772
139.963
140.421
139.945
140.093
140.39
140.043
140.296
140.072
140.151
140.583
140.036
140.265
140.472
140.264
140.072
140.337
140.299
140.038
140.875
140.482
139.891
140.457
140.376
140.522
140.817
140.326
140.697
140.799
140.59
140.609
140.259
140.514
140.703
140.638
140.596
140.413
140.284
140.558
140.691
140.787
140.943
140.298
140.694
140.875
140.484
140.422
140.963
140.708
140.229
140.682
141.071
140.481
140.584
140.326
140.647
140.421
140.558
140.355
140.514
140.296
140.474
140.316
140.438
140.233
140.399
140.252
140.484
140.237
140.336
140.291
140.329
140.279
140.339
140.143
140.129
140.259
140.233
140.284
140.251
140.244
140.342
140.178
140.318
140.32
140.36
140.699
141.624
141.688
141.737
140.877
140.388
139.965
139.688
138.519
142.504
139.934
137.886
136.213
137.295
139.382
138.043
140.918
143.41
140.222
140.845
139.358
137.897
138.092
139.102
134.466
135.176
135.309
134.892
132.865
129.884
130.272
124.961
122.042
118.748
114.438
111.181
104.131
101.639
98.9027
96.8248
94.6999
93.1471
94.9654
94.2214
92.5036
90.9258
89.4846
88.484
88.723
90.0208
91.5246
93.7321
95.6964
98.0136
100.028
101.829
103.149
103.065
102.295
101.138
99.3729
98.0896
96.51
94.7165
93.2734
92.3409
91.8859
92.6887
93.9191
95.66
97.0049
98.6567
99.7895
100.272
99.8314
98.6763
96.2223
93.0466
89.5101
85.9609
82.7268
85.4487
83.1667
81.5704
84.6612
83.6981
82.7633
85.9077
85.0495
85.1962
88.8734
89.1437
89.1033
88.7387
87.9454
86.9928
87.9253
86.3614
84.2917
92.7451
90.8112
89.3033
94.0208
92.3896
90.6394
95.4415
94.7962
94.3997
96.52
95.8587
94.8372
96.5727
95.5858
95.0267
97.2164
97.4187
97.31
96.9277
95.9654
95.0709
93.8017
93.4417
93.1221
93.0561
92.7234
92.3689
91.8207
91.6182
90.8603
87.8528
87.0408
86.3854
85.9184
85.2252
84.329
85.4198
84.3735
83.2951
82.5372
81.7992
81.2274
80.635
80.2631
79.6899
80.9499
80.2848
79.9279
80.9288
80.6395
80.4962
80.2484
80.0009
79.7952
79.555
79.5228
79.4001
79.5335
79.2971
79.4494
79.2917
79.3551
79.3909
79.2532
79.004
78.8833
79.9779
79.6769
79.1672
79.2212
79.4546
79.9836
81.1217
82.0893
82.6351
69.3472
69.9682
70.808
79.0028
79.5568
79.7093
78.2183
78.27
78.1695
78.0692
78.0006
77.752
77.4144
76.9535
76.8341
76.8028
76.6663
76.7888
78.8139
79.2307
79.5213
79.4231
79.4989
79.5884
79.3398
79.3759
79.9861
80.4202
81.1301
81.5125
82.0808
82.3329
82.6049
80.9119
81.0752
81.1904
81.3627
81.5756
81.9015
82.2371
82.6304
82.8394
81.0864
81.2884
81.5213
81.7583
82.0669
82.2251
82.5827
82.8463
83.1491
81.3149
81.7308
81.8129
84.4272
85.1707
86.2226
84.4073
84.985
84.6045
84.181
83.5094
83.2824
85.8435
86.2893
86.7099
87.3848
88.4164
90.0248
88.2774
88.6491
89.2087
89.7196
89.7815
90.3754
87.5647
87.6324
87.2932
90.4124
90.5634
91.1259
88.3787
88.7895
88.522
91.3102
91.1492
91.2578
91.1309
91.5821
91.7891
92.3104
92.5629
93.1519
90.5311
91.2502
91.7963
92.3114
92.4849
92.7205
92.7604
93.2479
93.2971
96.8719
96.8612
97.2493
94.1339
94.4969
94.2467
97.3416
97.2132
97.1487
93.9589
94.292
94.8699
95.622
96.1123
96.216
95.7044
95.0987
93.9692
96.3775
95.295
94.3738
93.1483
92.3897
91.8945
91.7545
91.4057
91.1494
90.4934
89.8078
88.7726
87.4303
85.4689
83.5561
83.8405
81.9244
79.7787
82.5344
80.4681
78.9812
77.9224
77.2612
76.2976
79.3181
78.6142
77.8768
77.2577
76.7142
76.0127
78.5391
77.8544
77.3013
77.7723
76.9639
75.9684
79.9064
78.968
78.1708
77.2982
76.6598
75.6173
74.8448
73.9466
73.2515
72.4829
71.8847
71.1012
70.5083
69.7249
69.4662
69.1061
69.0662
68.8873
68.9588
68.9754
69.0648
69.178
69.4842
69.4299
69.7911
69.9955
70.4974
70.5781
70.9132
70.8453
70.9358
70.8743
70.9245
70.8119
70.4097
69.889
68.8668
68.0288
66.973
66.3973
65.9022
65.6159
65.4019
65.4186
65.4382
65.8276
66.0995
66.6354
66.8285
66.8346
66.8139
66.4353
66.1482
65.7628
65.6921
65.621
65.6739
65.7288
65.8418
66.2258
66.2655
66.5933
66.7116
66.6302
66.8046
66.8441
66.7617
67.053
67.0818
67.0214
66.4031
66.9209
67.4117
68.0666
68.294
68.2286
67.9623
67.9741
67.437
66.815
66.3167
65.8496
64.979
64.5801
63.7487
62.2426
60.1859
57.7207
55.5439
54.2278
54.0056
54.8478
55.4377
56.4502
57.092
56.87
56.7713
56.6452
56.5181
56.558
56.1709
55.8546
55.5057
56.5659
57.2285
57.8846
59.0611
60.5033
61.4533
62.7223
63.0272
63.218
63.2685
63.3772
63.2674
63.3633
63.1227
63.4856
63.6493
63.8757
64.3249
64.9499
65.2049
65.6156
65.6996
66.2121
66.2717
66.787
67.0046
67.0904
67.181
67.5124
67.753
68.0357
68.0603
68.454
68.5426
68.5841
68.3443
68.2237
67.8969
67.6915
67.1336
67.0067
66.565
66.4526
66.0799
66.0761
65.6833
65.8335
65.4585
65.0891
64.3503
64.0691
63.4778
62.879
62.3217
62.0344
61.4587
61.0104
59.5856
58.8342
57.6706
57.1591
57.0489
58.0116
59.428
60.8969
61.892
62.927
63.3279
63.5604
63.7849
63.9215
64.4048
64.9655
65.1905
65.2794
64.981
65.0771
64.8227
64.877
64.6972
64.7819
64.9196
64.8304
64.826
64.9541
64.7109
64.3943
63.6256
62.9122
62.1688
61.78
61.3693
61.1493
60.5483
60.688
60.5909
60.7232
60.7094
60.842
60.956
61.1541
61.2419
61.2865
61.2887
61.5916
61.4753
61.2608
61.2725
61.3398
61.1517
61.2993
61.2636
61.3889
61.5257
61.6183
61.6568
61.6973
61.8285
62.0119
62.1303
62.8283
62.9557
63.5126
64.1623
64.6959
64.8733
65.6866
66.4098
67.0404
67.9579
68.3654
68.269
68.0418
67.6596
67.3978
67.4103
67.1842
67.1857
67.1982
67.5106
67.8664
67.9365
68.3952
68.7807
69.4085
70.0804
70.6605
71.2475
71.6399
71.683
72.057
71.8994
72.1745
72.4721
72.8508
73.111
73.4884
73.6315
73.906
73.9985
73.9609
73.7341
73.6259
73.6543
73.7468
73.6714
73.2458
72.7097
72.0195
71.4767
71.2754
71.603
71.9196
71.754
71.3589
71.0066
70.9669
71.0349
70.9607
71.1908
71.9417
72.8974
73.6027
73.978
74.2864
74.3096
74.654
74.8897
74.8379
75.0556
75.1726
74.98
74.57
73.8799
72.4644
71.4929
70.662
70.1709
69.6541
70.1348
70.25
71.1166
71.816
72.2764
72.873
73.2601
73.6728
73.8846
74.3115
74.8076
75.4027
75.8049
76.9819
77.9624
79.7062
81.5032
83.2056
84.666
85.4183
86.1586
86.5318
86.9322
87.3725
87.6054
87.8475
88.1389
87.9664
87.9489
87.6898
86.8552
86.139
85.6759
85.3813
85.4952
85.673
86.167
86.4298
86.5641
86.3455
85.8541
85.373
85.5689
85.7924
86.6848
87.4364
84.752
85.7491
86.604
74.5588
75.2199
75.793
81.5166
82.2438
82.6447
70.3425
70.9739
71.6454
76.8078
77.7937
78.5952
65.726
65.9542
66.4226
71.5467
71.9521
72.2057
74.5297
73.9896
73.4125
72.6703
71.8829
71.8041
78.17
78.6692
79.0347
79.4169
79.6842
79.5326
77.3496
76.7343
75.6366
80.3616
78.9496
77.3696
85.0215
84.2677
82.9425
86.1808
83.3928
81.0074
82.9999
82.5068
83.3905
85.1148
87.012
88.7968
89.817
90.5021
90.4441
73.6341
72.9129
72.0276
82.3806
81.1192
79.5142
83.7963
82.0035
80.9982
79.8252
78.8416
77.6346
76.6301
75.4425
74.2567
73.5976
73.4444
73.1649
73.0929
72.8866
73.0039
72.7907
72.9142
73.1175
73.5004
73.2052
73.0949
72.7912
72.443
71.7344
70.8497
69.22
67.5951
66.2219
65.22
64.3492
64.0631
63.7003
63.4863
62.5028
61.3416
59.9762
58.69
57.3258
56.5228
55.8779
55.8086
55.9802
56.1449
55.9433
55.4094
54.5816
53.9166
53.142
52.4279
51.5587
51.2691
50.9449
51.0132
51.0128
50.9569
51.157
51.8655
51.5966
51.2255
50.7411
50.2398
49.4772
48.8212
47.4035
46.0938
44.2821
42.877
41.2894
39.5181
38.0901
36.5689
34.9656
33.8276
32.6789
31.828
30.6845
29.4945
28.1826
27.1629
26.546
26.271
26.4259
27.2964
27.8895
28.5357
28.8153
29.0259
29.3429
29.484
29.8361
30.733
31.7167
32.8335
33.8814
34.7054
35.5328
36.1317
36.5858
37.4033
37.9393
38.7708
39.2241
39.9139
40.4552
40.6767
40.5027
40.4149
40.013
39.6404
39.3506
38.9412
38.7146
38.4007
37.9421
37.6392
37.4824
37.9193
38.5513
40.0266
42.0414
43.5637
45.0025
45.9676
46.7401
47.0106
46.7825
46.5052
46.2459
46.0759
46.0942
46.6032
47.2996
48.3964
49.1111
49.9045
50.4904
51.0142
51.7373
52.3346
52.5325
52.5832
52.9749
53.1166
53.5189
53.979
54.5281
54.9615
55.418
55.5819
55.8877
56.0698
56.6895
57.1272
58.1085
58.6911
59.3944
60.0772
60.5906
60.8964
61.1348
61.3319
61.5272
61.4596
61.3298
61.5458
61.8374
62.0234
62.4099
62.8942
63.1001
63.0785
63.3443
63.2947
63.5968
62.7594
61.7237
60.7462
59.9017
59.0356
59.2764
59.7748
60.2416
60.3577
60.413
60.2226
59.9704
59.5243
59.6603
59.3528
59.8857
59.939
60.462
60.6009
61.1172
61.6288
62.6605
63.4495
64.5806
65.2124
66.4301
67.2777
68.3106
68.3733
68.2348
67.4793
66.6437
65.4261
64.8839
63.2958
61.4139
58.9312
57.0463
55.3701
54.04
52.4536
51.4849
50.3932
50.4487
50.5671
50.5961
50.3903
50.2638
49.9569
49.7682
49.8129
50.0974
50.1498
50.7119
51.6745
52.7036
52.5
51.576
50.4267
50.1072
49.9486
50.1738
50.5399
51.0584
51.5182
51.858
51.9411
52.5784
52.7958
53.405
53.4963
53.6397
53.4707
53.3913
53.0459
53.1686
53.0389
53.5314
53.5064
53.8954
53.7494
53.9431
53.7449
53.6306
53.6175
53.9239
54.1285
54.4975
54.7091
54.7357
55.0102
55.7485
56.4013
57.0002
57.6397
58.4615
58.5628
58.919
58.0732
57.5409
56.5568
56.3831
56.2729
56.2262
56.3425
56.7276
57.0985
57.5576
57.8953
58.6237
59.4354
59.9322
60.3385
60.8867
61.1731
61.1697
61.2481
61.2041
60.2841
59.7172
58.61
57.8494
57.2248
57.3931
57.455
57.5639
57.3989
57.3873
57.4068
57.2303
57.0522
56.9975
56.49
56.3183
55.9442
55.8976
55.6286
55.8366
55.6065
55.958
56.0802
56.5281
56.8257
57.2195
57.4395
57.9424
58.1679
58.6903
58.828
59.3633
59.5497
60.1855
60.315
60.7178
61.1087
61.8851
62.3092
62.8124
62.9737
63.4766
63.1474
63.3128
63.4928
63.7436
64.0093
64.1184
64.1051
63.8928
63.9105
63.9654
64.1563
64.2831
64.0572
63.7241
62.9555
62.1674
61.6177
60.9925
60.0245
59.5477
59.2529
59.1554
58.9761
58.9171
58.8498
58.89
58.7695
58.2892
57.9818
58.0409
58.0595
58.3439
58.3771
58.5655
58.6076
58.7176
58.9741
59.0417
58.5783
58.2639
57.6267
57.1441
56.9326
56.5874
56.1937
56.0286
55.7854
55.7135
55.591
55.7075
55.716
55.9946
55.9485
56.4482
56.4712
56.484
56.8428
57.2488
57.4875
57.517
57.3086
57.6467
57.9545
58.7231
59.0598
59.3853
59.1797
58.7387
58.4059
58.0062
57.6734
57.6669
57.7183
57.8368
58.0071
58.0527
58.3278
58.5825
58.8179
59.1599
59.3221
59.8165
60.1726
60.5639
60.6396
60.7882
61.2706
61.8534
62.825
64.0303
64.5335
64.001
63.1885
62.4119
61.7007
61.1676
60.5196
59.9975
59.2237
58.9674
58.8316
58.7573
58.7948
58.3558
58.4114
58.1434
58.0652
57.8249
57.5779
57.4177
57.1966
57.0484
56.8899
56.7587
56.6563
56.6203
56.4738
56.3519
56.5159
56.5544
56.602
56.3302
56.2418
55.8618
55.4564
55.4638
55.2286
54.9127
54.5466
54.4087
54.3235
54.0814
53.7303
53.5493
53.4372
53.5066
53.4684
53.8951
54.1204
54.8953
55.4568
56.6569
57.3441
57.878
57.9819
57.9369
57.9481
58.014
57.8105
57.6755
57.3121
56.9688
56.6462
56.3041
55.9333
55.6824
55.5713
55.3759
55.2827
55.1573
55.1103
55.1287
54.9378
54.8517
54.6689
54.6462
54.6354
54.9119
54.8847
55.0558
55.1381
55.3731
56.0483
57.104
58.0563
59.4016
60.4883
61.1008
61.5963
61.8697
62.1895
62.2112
62.4243
62.5735
62.4805
62.7166
62.8306
63.0317
63.549
63.9174
64.6019
65.3948
66.0828
66.8871
67.5089
68.0576
68.4674
68.3825
68.5311
68.746
68.5241
68.6091
68.4551
68.3564
68.1541
68.0517
68.1837
68.4614
68.5856
68.9534
68.9929
69.2718
69.48
69.5417
69.3571
69.6513
69.3692
69.1179
69.1063
69.1063
68.7911
68.4013
68.0347
67.7507
67.5831
67.5696
67.6122
68.1126
68.5253
69.1223
69.221
69.5658
69.4371
69.479
69.2318
69.1837
69.131
69.0492
68.9595
69.5516
70.0555
70.4701
70.8564
70.8541
70.7278
70.749
70.8308
71.1205
71.5592
71.9111
72.4421
73.1469
74.0378
74.7461
75.2314
76.1834
77.268
78.2482
79.1816
80.3907
82.0209
84.0589
86.4372
88.4363
89.7993
90.8028
90.8798
90.5621
89.5743
88.2208
85.8946
83.439
81.2302
79.7128
78.5918
77.6676
76.6512
75.8479
75.5097
75.4444
75.7078
76.698
77.1881
76.9687
76.7151
76.4459
76.0448
75.6074
75.4126
75.2962
75.0679
74.8729
74.9005
74.939
75.1935
75.3146
74.7511
73.9988
73.1428
72.549
72.1208
71.7468
71.8868
72.2615
73.3957
73.9987
74.1662
73.6121
72.7704
71.9938
71.4219
70.6339
69.6694
68.6885
68.1365
67.9081
68.1592
68.7867
69.8856
71.6051
73.8086
75.4036
76.8997
77.5371
77.9637
77.8349
78.1095
77.8514
77.6933
77.3338
77.001
76.4192
76.4327
76.0375
75.9096
75.7609
75.9784
76.1071
76.3247
75.9892
75.8083
75.6476
75.2882
74.8304
74.7678
74.3941
74.0832
73.7706
73.7111
73.5895
73.5272
73.4934
73.3645
73.4616
73.638
73.4027
73.3766
73.0132
72.9311
72.6465
72.3776
71.6326
71.1492
70.1573
69.0659
68.1579
67.3349
67.4379
68.1386
69.5466
71.2964
71.9886
72.1732
71.8567
71.6146
71.1204
71.1317
70.7877
70.525
70.2288
70.2066
69.894
69.4936
68.9892
68.5739
67.9861
67.9753
68.0683
68.4992
68.6393
69.0589
68.883
69.0705
69.1835
69.5727
70.0375
70.4172
70.5684
71.1872
71.513
71.7136
72.0686
71.9135
72.0549
72.3537
72.3321
72.6426
72.6145
72.7579
72.8867
72.8508
72.5083
72.3404
72.405
72.7007
72.6789
72.6512
72.633
73.0487
73.0479
73.4236
73.0185
72.579
72.4393
72.2982
72.2026
71.872
71.7586
71.7384
71.29
70.9204
70.3661
70.1991
69.9487
70.1285
70.0626
70.0931
69.8848
69.434
68.93
68.7074
68.4545
68.2162
67.9826
67.9158
67.6681
67.545
67.3757
67.2463
66.9348
66.6826
66.2462
66.4012
66.229
66.2072
65.8679
65.728
65.4921
65.2816
65.0236
64.7067
64.2536
63.8099
62.8511
62.1779
61.6865
61.13
61.2718
61.0029
61.1009
61.4862
62.1437
62.9873
63.5878
64.0222
64.3706
64.4603
64.4464
64.2735
64.1026
63.6195
63.292
62.8486
62.3971
61.8784
61.0847
60.4275
59.7885
59.1032
58.2442
57.877
56.9189
56.3705
55.7352
55.1339
54.3689
53.8598
53.4583
52.9261
52.6304
52.3448
52.0377
51.9114
51.777
52.0914
52.3502
52.8559
53.334
53.7734
53.8519
53.8726
53.4859
53.2321
52.5515
52.3634
52.2579
52.1842
52.3282
52.6662
52.9333
53.2701
53.447
53.4973
53.5271
53.4474
52.9906
52.6251
52.2311
52.212
52.0886
52.1849
52.1249
52.0865
52.0173
52.0041
52.0651
52.2625
52.4649
52.6882
52.7641
52.8955
53.1661
53.1277
53.3216
53.3266
53.2566
53.0302
52.8863
52.8804
53.1005
53.4167
53.5461
53.8117
54.002
54.3662
54.8065
55.1884
55.6847
56.1911
56.5934
57.1132
57.7012
58.775
59.6326
60.2087
60.1911
59.866
59.7513
59.5685
59.5748
59.3053
59.3079
59.034
58.4661
57.8618
57.3947
56.786
56.4443
56.1695
56.1348
56.0554
56.1436
56.109
56.2978
56.6587
57.1625
57.2162
56.996
57.0952
57.7112
58.205
58.4278
57.7916
57.5519
57.4418
56.8772
56.7445
56.2431
56.52
56.8317
56.7301
56.7906
56.6658
56.6134
56.6404
56.6764
56.655
56.7901
56.8208
56.9392
56.8077
56.9814
56.8588
56.9502
56.9341
57.037
57.0821
57.0111
57.0613
57.2459
57.119
57.4162
57.3404
58.0626
58.1203
58.0306
57.7695
57.6041
57.3306
57.1599
57.1095
57.2604
57.0981
57.168
56.9081
57.1379
56.881
56.9058
56.7509
56.895
56.7149
56.7436
56.4644
56.4923
56.3898
56.2999
56.2144
56.2063
56.3529
56.4064
56.6671
56.9843
56.7822
57.0741
57.0968
57.4361
57.7506
57.984
58.2539
58.2803
58.3569
58.7382
58.6384
58.8731
58.9664
59.2608
59.4208
59.6729
59.7829
60.083
60.3364
60.9321
61.1429
61.6618
61.8247
62.0435
61.9864
61.873
61.832
61.5354
61.0658
61.0053
60.7982
60.9209
60.8323
60.9904
60.9624
61.2773
61.3206
61.7046
62.2341
63.1208
63.691
64.3678
64.792
65.6521
66.3456
67.0192
67.1071
67.3607
66.9921
66.9993
66.4962
66.3934
65.8587
65.7673
65.3793
65.2821
65.04
64.8124
64.1855
63.8492
63.0771
62.7857
62.3005
61.9676
61.6974
61.5177
61.3881
61.4422
61.3585
61.5723
61.4229
61.5525
61.5116
61.6917
61.863
62.2473
62.4952
62.8622
63.1364
63.7359
64.2639
64.8552
65.7197
66.9557
67.5611
68.3307
68.4261
68.2137
68.0375
67.9124
67.803
68.0449
68.1172
68.4053
68.2399
68.2106
67.9878
68.1621
67.7075
67.5051
67.184
66.882
66.7095
66.7527
66.5466
66.4386
66.1467
66.035
65.9009
65.8229
65.6838
65.8684
65.8707
66.5436
67.043
67.52
67.9753
68.3648
68.4911
68.6655
68.5711
68.6135
68.624
68.7069
68.8828
69.0923
69.3065
69.9993
70.1235
70.2184
69.7229
69.5468
69.1526
68.8461
68.1041
67.347
66.6849
66.4543
65.8873
65.4795
64.9451
64.5878
64.0892
63.7685
63.1068
63.0609
62.7308
62.2551
61.5994
61.139
60.3322
59.8174
59.0999
59.0149
59.2371
59.3115
59.2332
59.3354
59.5586
59.6251
59.5535
60.2006
60.6034
61.2238
62.0616
62.6863
63.1247
63.4253
63.4449
63.5353
63.4634
63.4363
63.0708
62.9333
62.8206
62.7705
62.5278
62.6635
62.4805
62.5059
62.2412
62.7448
62.7773
63.0706
63.4707
63.699
63.9054
63.9916
64.0361
64.3705
64.2061
64.3374
64.2112
64.4335
64.1022
63.917
63.6834
63.4935
63.2985
63.1542
62.9396
62.547
62.3516
62.1068
61.7849
61.7382
61.7421
62.0815
62.1104
62.5341
62.5245
63.021
63.517
64.1486
64.5293
64.81
65.2391
65.7116
65.8568
66.2719
66.6925
67.2461
67.8115
68.1334
68.3727
68.4278
68.557
68.3075
68.2162
68.2201
67.9572
68.015
67.6111
67.377
67.0746
66.7623
66.4508
66.1808
66.1662
66.1319
66.0082
65.9517
65.7541
65.6561
65.2286
65.0895
64.8567
64.6065
64.4104
64.2589
63.9376
63.8199
63.5851
63.4299
63.329
63.0699
63.0418
62.9043
62.7832
62.9766
63.142
63.464
63.5913
63.4493
63.1166
62.8331
62.6162
62.2479
62.0596
62.3165
62.3782
62.5313
62.9144
62.9779
62.9033
62.9874
62.6637
62.5338
62.2089
62.0607
62.0077
62.2084
62.2041
62.2006
62.2788
62.2929
62.0547
61.8488
61.9498
62.0057
61.9078
61.9764
61.9024
61.946
62.0284
62.3806
62.3036
62.4429
62.5028
62.6197
62.7094
62.7717
62.7965
63.0225
63.2491
63.1516
63.1618
63.1406
63.1828
63.1775
63.3012
63.31
63.0324
63.3275
63.2254
63.086
63.0173
63.0773
63.1712
63.1796
63.3033
64.0394
64.6021
65.2539
65.1135
65.286
65.3793
65.3112
65.2661
65.3405
65.6322
65.8512
66.0173
66.0428
66.2231
66.0566
66.1263
66.0616
65.9913
66.0865
66.6398
67.1846
67.3682
67.6463
67.6522
67.9102
67.9154
68.021
68.0384
68.1685
68.3404
68.5574
68.9782
69.155
69.5537
69.7321
69.8271
69.8527
70.0329
70.328
70.5711
70.5925
70.7391
70.6069
70.5248
70.3778
70.327
70.5451
71.1183
71.5615
72.1986
72.6309
73.0721
73.3765
73.2316
73.325
73.4594
73.4703
73.5861
73.7969
73.8022
73.9617
74.0077
74.1186
74.2417
74.2565
74.1705
73.8495
73.7825
73.7499
73.7495
73.9669
74.0286
74.0885
74.1249
74.2935
74.4008
74.3694
74.3664
74.2347
74.379
74.1917
73.8203
73.8214
73.9453
73.5637
73.7125
73.6876
73.8258
73.8515
73.9426
74.2717
74.7437
75.2277
75.6749
75.8605
75.9948
76.1257
75.9192
76.0722
76.0183
75.816
75.6448
75.5479
75.4076
75.3484
75.3687
75.3414
75.3851
75.4768
75.3708
75.3599
75.3425
75.2543
75.5014
75.4288
75.5272
75.336
75.5597
75.5465
75.7517
75.7818
75.7654
75.6843
75.677
75.9443
76.0224
75.7965
75.8737
75.8214
75.8619
75.5748
75.8658
75.6377
75.609
75.5981
75.8138
75.769
75.7445
75.7025
75.5207
75.6387
75.5755
75.4944
75.4622
75.4969
75.5419
75.3812
75.4965
75.7655
76.1814
76.0806
76.4606
76.3598
76.7034
76.813
76.8354
76.8303
76.8428
76.676
76.7959
76.6642
76.5987
76.3205
76.3543
76.3569
76.3271
76.0295
76.0681
75.7863
75.902
75.756
75.6488
75.6351
75.5166
75.1877
75.2274
74.9617
75.3731
75.572
75.8641
76.1566
76.5893
76.729
76.9488
76.9528
77.2524
77.4196
77.579
77.6425
78.1657
78.4765
79.282
80.0861
81.0009
81.5332
82.1221
82.5657
83.2539
83.3617
78.8732
78.8756
79.1096
79.2743
79.525
79.5449
78.4477
78.5354
78.6286
78.8729
79.0263
79.1976
78.3332
78.3858
78.6588
78.6647
78.5971
78.4717
78.4636
78.1959
78.0003
78.0048
78.2668
78.5402
78.9385
79.2754
80.1118
80.71
81.2936
81.7671
80.7264
80.9004
81.2938
80.1207
80.6625
80.8494
79.6487
79.8213
80.0241
79.9457
79.694
79.0694
78.4124
77.7637
77.2795
76.6431
75.7657
74.2483
76.323
75.4398
74.5919
78.0874
77.6974
77.2894
82.38
81.8661
81.8388
81.8691
82.4813
83.146
83.1964
83.1511
83.3328
83.4764
83.6408
83.6981
83.8766
83.9872
84.1811
84.0954
84.2259
84.1332
84.3286
84.2776
84.5559
84.4881
84.2899
83.9274
83.6874
83.3207
82.968
82.6685
82.5489
82.3075
82.266
81.9936
81.8859
81.6855
82.2113
82.1949
82.6741
82.6505
82.7376
82.8619
83.1528
83.1021
82.971
82.9421
82.3769
81.482
80.4033
79.4765
79.1515
78.8211
78.8952
79.17
79.4568
79.7657
80.0507
80.3555
80.3407
79.6685
78.8103
77.9836
77.41
76.7742
76.528
76.4392
76.7107
76.8304
76.8181
76.8175
76.918
76.9958
77.1148
77.0376
77.21
76.9762
76.9901
76.7107
76.7789
76.3612
75.5737
74.4924
74.5681
73.7328
73.2926
72.9117
72.9436
73.2867
73.7788
74.1052
74.434
74.2138
74.5653
74.9035
74.8365
74.5929
74.8225
74.9055
74.5591
74.4615
74.4747
74.2113
74.0952
73.7094
73.3022
72.5364
72.0083
71.2083
70.5852
69.99
69.4709
68.9416
68.7277
68.2176
67.6829
67.1101
66.4758
65.7811
65.3142
64.3252
63.7626
63.3491
63.1074
62.6775
62.489
62.2517
62.4109
62.3462
62.3143
62.3188
62.2588
62.2148
62.127
62.2855
62.1739
61.9498
61.7497
61.7016
61.6717
61.7732
61.7394
62.0761
62.3686
62.9806
63.8454
64.2693
64.5948
64.4254
64.1382
63.405
62.511
61.7209
61.6428
61.6013
61.6338
61.5605
61.5174
61.5026
61.4057
61.3969
61.275
61.3066
61.5214
61.8619
62.0848
62.439
62.5549
62.6506
62.6436
62.5659
62.4746
62.4996
62.5809
62.7092
62.918
63.4332
63.644
64.2288
64.2219
64.2611
64.3698
64.4672
64.5143
64.534
64.7748
64.7625
64.749
64.9139
65.0285
65.2321
65.3966
65.7408
65.6513
65.6971
65.7791
65.7788
65.7752
65.8564
65.8364
65.7748
65.6077
65.5262
65.4982
65.8857
66.1373
66.4028
66.7185
67.3211
67.5667
67.8893
68.2302
68.5714
68.6543
68.7441
69.4823
70.1037
70.5979
70.87
70.9854
71.1448
70.6855
70.6037
70.4483
70.1266
69.9781
69.9558
69.8628
70.1482
70.3337
70.9938
71.3712
71.8979
72.2442
72.6558
73.0425
73.4941
73.8837
74.5259
74.693
75.4158
75.6526
75.7639
75.6584
75.5977
75.5209
75.723
76.2053
76.7895
76.9244
76.9867
76.7692
76.6499
76.7517
76.6316
76.6674
76.8086
76.9936
77.0789
77.2701
77.7797
78.3087
79.2673
79.7403
80.0536
80.4965
80.21
79.6649
79.5743
79.39
79.3839
79.1977
79.2404
78.8752
79.1664
78.9132
78.9223
78.689
78.5507
78.1902
78.0571
77.9013
78.455
78.2717
78.7706
79.0907
79.5253
80.1281
80.5539
81.1929
81.9023
82.2617
82.6474
82.9641
83.2088
83.0078
83.2727
83.2624
83.1808
82.9342
83.5314
83.6346
83.882
83.8482
83.9232
83.885
84.004
84.1868
84.6364
80.9469
81.3778
81.4808
82.2302
83.0624
84.4013
82.3909
83.4386
83.974
70.5287
70.657
71.0276
78.713
79.0934
79.3636
77.8735
77.6565
77.4163
76.8595
76.8879
76.9457
77.1402
77.3856
77.9274
76.2516
76.6202
77.145
77.5064
77.9329
78.2039
78.5459
78.9281
79.1728
79.8008
80.5286
81.3907
80.0261
80.7197
81.5332
80.1957
80.6841
81.3211
84.3886
85.0381
85.6128
86.3369
87.1582
88.0107
88.5113
89.5387
90.2959
91.3658
91.8691
92.7083
92.9884
93.167
93.8601
94.6163
94.5419
94.2895
100.054
100.842
100.641
100.85
100.578
100.973
101.809
103.795
105.467
104.319
105.604
106.961
87.5652
88.3363
88.5979
96.3011
96.4409
97.6892
96.8299
100.128
103.605
89.8137
93.2096
95.2107
90.3519
89.5642
88.7614
87.6796
87.112
86.9526
87.3664
87.865
88.6161
89.8335
90.8445
91.9792
90.6857
92.6169
95.1615
94.4627
96.9872
99.403
101.321
103.008
104.227
101.391
101.434
102.104
103.322
104.685
105.805
107.078
108.407
109.857
109.627
109.293
108.608
109.206
109.745
111.258
113.474
116.242
118.152
119.415
120.296
120.962
125.37
125.558
125.538
126.951
128.89
130.968
131.614
132.412
133.212
133.307
132.955
132.448
131.438
130.421
129.344
128.25
126.924
126.644
126.772
127.075
127.085
127.155
127.232
127.55
127.433
127.438
127.225
127.203
127.27
127.974
128.263
128.741
128.648
128.407
126.564
125.03
123.935
124.334
126.73
130.805
134.543
131.528
133.06
133.589
130.494
126.811
127.285
128.159
122.637
121.961
122.329
122.062
121.985
122.025
121.919
122.116
121.83
122.044
122.136
122.183
122.007