107.211
107.164
107.29
107.16
107.3
107.196
107.292
107.164
107.304
107.115
107.237
107.157
107.251
107.138
107.206
107.183
107.272
107.152
107.293
107.121
107.266
107.123
107.212
107.147
107.248
107.094
107.16
107.049
107.146
107.064
107.181
107.054
107.158
107.056
107.15
107.034
107.123
107.058
107.134
107.071
107.168
107.036
107.109
107.049
107.161
107.066
107.151
107.061
107.205
107.153
107.221
107.054
107.166
107.034
107.164
107.046
107.164
107.023
107.133
107.057
107.156
107.008
107.181
107.021
107.139
107.066
107.131
107.041
107.121
107.01
106.989
106.985
107.126
107.016
107.144
107.038
107.076
106.978
106.907
106.918
107.273
107.552
107.591
109.346
113.526
113.778
111.12
107.492
104.662
101.43
97.7352
94.109
90.3734
86.3763
85.02
79.1041
73.6023
73.9956
70.1374
66.9791
67.8667
66.0192
65.0768
71.8414
72.0266
73.3037
73.915
77.1753
82.3574
73.6553
79.713
86.4425
91.3385
95.1774
99.284
99.3828
102.974
105.95
108.757
110.509
111.772
107.795
107.386
105.766
102.474
98.3481
94.7448
92.8261
87.6163
81.2475
81.2251
75.1194
69.7405
68.3092
64.7505
62.3919
75.0188
74.076
73.638
84.7543
85.298
86.2367
74.4292
77.4644
82.1574
73.8022
80.7215
87.7704
92.0313
97.7515
102.32
99.7837
102.702
104.314
101.802
103.002
103.727
104.244
104.816
105.061
105.3
104.766
103.773
101.946
99.3819
96.5363
97.4485
95.2313
93.5956
92.0483
90.9139
89.566
87.9997
85.9197
83.7645
84.217
82.1647
80.6064
79.2935
77.5732
75.7151
75.9122
73.5791
71.1255
70.725
67.9885
65.8899
70.2255
68.7274
68.1949
75.947
76.7723
78.2997
66.3583
68.4288
70.661
76.777
78.9661
80.6146
78.0507
79.4397
81.0372
82.9796
84.8317
86.3339
82.1817
82.4228
82.4807
81.9772
80.8942
79.847
78.6701
77.0305
74.06
72.448
69.035
66.2674
69.6603
69.0263
69.6433
74.573
76.9449
80.2721
68.352
71.5501
74.7275
82.5449
88.8286
94.4044
97.4971
97.8923
99.6929
101.712
105.083
106.422
103.427
104.708
105.707
110.95
111.954
113.134
113.67
113.839
113.436
108.909
108.426
108.12
107.669
107.663
107.479
107.549
107.878
108.767
113.983
114.971
115.519
116.059
115.901
115.739
115.348
114.748
113.999
113.824
113.973
113.557
116.734
117.216
117.022
116.704
116.738
116.865
116.782
116.971
116.821
116.895
116.776
116.917
116.794
116.921
116.85
116.937
116.817
117.012
116.865
116.949
116.841
116.954
116.844
116.947
116.828
116.952
116.852
116.955
116.835
117
116.875
117.049
116.928
117.029
116.931
117.062
116.915
117.012
116.902
116.962
116.892
116.974
116.872
116.949
116.876
116.964
116.855
116.943
116.876
116.952
117
117.3
115.745
118.245
117.493
116.196
117.532
117.208
118.102
117.603
113.843
113.15
112.429
115.352
117.459
116.053
117.368
117.023
117.132
117.247
117.153
117.357
117.142
117.236
117.086
117.217
117.12
117.368
117.084
117.193
117
117.194
117.062
117.31
116.996
117.213
116.952
117.372
117.146
117.302
117.042
116.987
117.163
117.385
117.328
117.382
117.165
117.077
117.16
117.262
117.126
117.229
117.093
117.195
117.095
117.234
117.169
117.163
116.867
117.144
117.212
117.256
117.219
117.366
116.947
117.212
117.001
117.277
116.905
117.083
117.147
117.269
116.895
117.179
117.057
117.195
116.999
117.175
117.07
117.039
116.931
117.136
117.027
117.121
117.014
117.248
116.963
117.197
117.154
117.201
117.134
117.132
117.028
117.088
116.971
117.118
116.958
117.096
116.886
116.796
116.681
116.556
115.236
113.246
110.847
108.025
101.375
97.6995
92.6086
95.4059
98.3571
101.477
93.8382
91.938
88.5916
88.2649
84.1616
82.3499
83.7461
82.7396
81.5864
80.851
80.1199
79.6903
79.0086
77.5483
75.5075
73.7874
67.2652
58.681
68.5186
65.5445
64.1409
92.5847
92.4725
92.9394
97.5393
98.1627
98.4824
94.821
95.2776
95.5956
95.6893
95.6354
95.2441
99.4546
99.7131
100.011
94.0075
94.3403
94.3914
92.7908
92.7284
93.0155
93.1184
93.3613
93.326
90.0369
90.0877
90.5371
90.8491
91.5679
92.3309
91.3937
92.141
92.8589
77.6098
78.1675
78.5117
83.4703
83.3861
83.601
81.8466
82.3018
82.2299
69.0984
69.1604
69.2795
72.9472
73.4447
73.8723
74.5654
74.9831
75.3849
59.6324
60.045
60.2609
69.3061
69.4695
69.6981
69.9289
70.0905
70.1459
70.1795
70.0587
69.8862
69.561
68.9409
68.0659
67.1589
65.7847
64.8897
66.6291
65.5546
64.912
68.8423
68.4712
68.2255
67.8759
67.5681
67.169
67.0743
66.8894
66.7672
70.6488
70.0508
69.0181
71.9793
71.4512
71.4493
75.1228
75.33
75.3827
75.133
74.7912
74.3758
77.4938
77.3357
77.0686
78.5947
78.1092
77.7174
80.7452
80.531
80.0688
82.6783
81.9571
81.2777
83.4376
82.6477
81.8152
85.0708
84.3585
83.3972
82.8345
82.5197
82.2118
82.0195
81.8519
81.65
81.5291
81.6527
81.5139
81.679
81.7975
81.9192
82.1215
82.3452
82.5006
82.555
82.452
82.5639
82.4642
82.519
82.4044
82.4212
82.4647
82.3621
82.4342
82.2902
82.1006
81.5453
80.9827
80.5297
79.9096
79.4388
79.1513
78.5207
78.3276
78.0781
78.0294
78.1186
77.5027
77.4531
77.0246
76.679
76.7916
76.9129
77.3082
77.7689
78.1451
77.9926
77.5987
77.1236
76.8928
76.6113
76.22
75.896
75.7262
75.3899
75.2167
74.6797
74.2201
73.786
73.5445
72.9182
72.4343
72.0423
71.6236
71.4075
71.2279
71.3932
71.5021
71.6726
71.8884
72.1016
72.2948
72.39
72.6417
72.6691
72.6811
72.6936
72.8074
72.882
72.8777
72.7386
72.8297
72.8487
73.1957
73.2329
73.5212
73.6536
73.8565
74.008
74.3796
74.8272
75.3982
75.9613
76.4772
77.0754
77.76
78.2148
78.7847
79.185
79.6036
79.6197
79.9445
80.298
80.5243
80.7016
80.7949
80.7293
80.3985
80.0205
79.8262
79.2326
78.9297
78.5993
78.8473
79.135
79.5454
79.9908
80.2732
80.6592
81.043
81.2262
81.4481
81.6494
81.9853
82.2235
82.5794
82.9862
83.485
83.8416
84.0332
83.9646
79.9322
79.689
79.6397
83.2679
83.1084
82.6753
82.5844
81.9807
81.6676
81.0239
80.9505
80.676
80.4253
80.2511
80.0023
79.5954
79.4697
78.9104
78.3998
78.2429
77.6138
77.1783
76.8742
76.4834
76.3683
76.259
76.1856
76.1861
76.2121
76.2258
76.6195
76.8607
77.1558
77.2733
77.5183
77.7918
78.1487
78.5348
78.9088
79.358
79.9474
80.3266
81.0197
81.3219
81.8585
82.1126
82.6252
82.8698
83.1433
83.2578
83.1325
83.1446
83.5458
83.6411
84.2022
84.3511
84.6698
84.7982
85.0729
85.071
81.2527
81.2677
81.2594
81.166
81.2754
81.0405
85.2266
85.0837
85.1862
80.0204
80.1022
79.9157
81.3245
81.145
81.3845
81.3857
81.7372
81.8253
81.9238
82.121
82.2832
81.5413
81.8719
82.0548
82.4868
82.7742
82.9567
81.8013
82.0188
82.2598
80.7557
80.8394
81.1649
79.6364
79.7728
79.6644
79.827
79.6495
79.6712
79.5339
79.652
79.738
79.693
79.5853
79.7059
79.5013
79.7338
79.6064
78.0966
78.1084
78.1844
77.7287
77.7305
77.482
77.3737
77.2992
77.2749
77.1993
77.2119
77.3497
77.5901
77.8231
78.2189
76.4035
76.6326
76.8468
75.8462
76.0253
76.2102
74.6175
74.7703
74.9249
73.5417
73.7469
73.9795
74.0336
74.0861
73.5269
73.3465
72.7865
72.4085
71.9145
71.736
71.3202
72.9996
72.6987
72.7934
72.7242
73.0714
73.1791
73.6012
74.2559
74.889
71.9655
72.1712
70.6895
72.741
70.9176
69.3693
75.3913
75.8422
76.274
76.5381
76.4868
76.6564
73.1042
72.1941
71.2013
71.5732
70.4033
69.0561
72.426
70.4198
68.0924
71.4094
70.7847
70.6061
70.1279
69.752
69.3708
69.4078
69.0861
69.2629
69.1277
69.0367
68.8038
68.7841
68.5535
68.4885
68.1474
67.8999
67.6137
67.5484
67.5329
68.0627
68.4325
69.1472
69.9687
70.7248
71.1408
72.103
73.4466
74.8258
76.4423
78.0822
79.5855
81.2811
82.8832
84.5653
86.0412
87.7024
89.0913
89.9614
85.1138
85.1981
85.055
84.4699
84.7163
85.2804
84.4989
85.5469
86.4788
85.529
86.4273
86.8702
83.943
84.4963
84.6285
85.1881
85.7241
86.3768
83.1079
83.5048
83.8674
80.3494
80.7699
81.1837
81.6695
82.6068
83.8166
66.6519
68.1365
69.4496
78.2784
79.542
80.6094
81.6448
82.8101
83.9962
81.6694
83.3663
85.3611
83.2073
85.245
87.0668
88.7702
90.3948
91.3387
86.7226
87.5734
88.3574
89.1018
89.7588
90.4311
87.7544
87.1129
86.2335
84.6642
82.8823
80.8812
82.7271
80.3764
77.2814
80.5473
77.6538
75.1788
105.527
103.745
101.854
109.982
108.108
106.651
104.85
102.871
100.679
99.3599
97.7194
96.4462
95.5445
95.7932
95.699
95.7694
94.6398
94.1125
93.5578
93.4003
93.02
93.1516
93.1362
93.0653
92.3629
92.0669
91.4162
90.6752
89.884
89.1308
88.5441
88.2669
87.7983
87.6575
87.3688
87.3579
86.9572
86.8113
86.4452
86.1606
85.6573
85.6522
85.1278
84.8212
84.2361
83.947
83.5637
82.9801
82.7088
82.5328
82.183
82.1998
82.1623
81.9535
81.6492
81.5592
81.2626
81.0217
80.7932
81.0345
80.9053
81.0105
81.0662
81.2611
81.1777
81.4272
81.3231
81.4727
81.3186
81.6475
81.7226
81.872
81.9065
81.9861
81.6994
81.8018
81.6135
81.6532
81.3395
81.3315
80.9431
80.7058
80.1371
80.1083
79.8416
79.929
80.0785
80.5721
80.8064
81.3937
81.7281
82.0484
82.4578
83.1635
82.9946
82.3774
81.6558
81.5902
81.0542
80.957
80.8339
80.8067
80.7471
80.581
80.5031
80.2146
79.5916
79.405
79.0468
78.8178
78.3499
77.7838
76.9414
76.4445
76.1013
75.6983
75.4115
75.3657
75.0178
74.7879
74.5604
74.2764
73.7043
72.8391
72.0373
71.5243
70.4718
69.6173
68.6637
67.9938
67.1377
66.483
65.7344
65.126
64.5527
64.01
63.3933
62.9901
62.2997
61.971
61.2656
60.8776
60.1375
59.8296
59.1284
58.4551
57.2502
56.0328
54.3529
52.2212
50.39
48.7526
47.1536
46.236
45.4863
45.416
45.3336
45.3214
45.438
45.5412
45.356
45.5685
45.6883
45.6451
45.4591
45.4097
45.3025
45.297
45.517
45.9412
46.2389
46.6112
46.7192
46.9748
46.8041
46.7116
46.4738
46.5234
46.5593
46.9397
47.2765
47.3109
47.4201
47.4776
47.5456
47.3931
47.2886
47.0718
47.0206
46.2817
45.6429
44.6699
43.75
42.5689
41.3596
40.1246
38.9511
37.6149
36.6289
35.6796
34.893
33.7766
33.0445
32.2396
31.42
30.4945
29.4419
28.4657
27.3375
26.2727
25.3817
24.7079
24.2712
23.7587
23.0847
22.6165
22.1017
21.6014
21.0195
20.3884
19.8859
19.2561
18.8373
18.5285
17.9481
17.5385
17.206
16.8793
16.5338
16.1758
15.7785
15.4016
15.1048
14.7273
14.3738
14.1072
13.9137
13.672
13.3553
13.1354
12.9072
12.6555
12.4791
12.2079
11.9388
11.8504
11.5623
11.4827
11.3232
11.1197
10.9134
10.8094
10.6388
10.5174
10.2919
10.1234
9.95418
9.83514
9.61128
9.55022
9.35982
9.24051
9.01147
8.79042
8.50914
8.27757
8.21046
8.1311
8.06728
8.05071
7.98539
7.99093
7.75363
7.51612
7.29807
7.11052
7.03948
7.34004
7.86318
8.14754
8.4363
8.58104
8.68716
8.90758
9.18732
9.39657
9.59754
9.64411
9.62088
9.5107
9.48629
9.49511
9.35466
9.27343
9.09986
8.87568
8.75041
8.60624
8.36292
8.28557
8.07551
8.03377
7.86935
7.82594
7.76628
7.75226
7.67222
7.57608
7.5452
7.51025
7.34316
7.20047
7.15008
7.21728
7.25648
7.25923
7.16162
7.19089
7.15744
7.17255
7.13809
7.13081
7.14181
7.09128
7.10683
7.16694
7.1893
7.19765
7.19292
7.19461
7.21007
7.22248
7.21878
7.24515
7.26531
7.2601
7.25057
7.26927
7.25659
7.29572
7.31426
7.32863
7.33081
7.32136
7.31093
7.34448
7.36081
7.38172
7.4012
7.39025
7.43781
7.41045
7.48725
7.47325
7.50106
7.55574
7.47498
7.36054
7.39302
7.36105
7.36218
7.33941
7.37787
7.41672
7.45187
7.5032
7.61033
7.76309
7.91507
7.97166
7.9828
7.99749
8.0722
8.09634
8.17115
8.29216
8.35171
8.47455
8.60417
8.66329
8.789
8.89299
8.9319
9.06597
9.11573
9.25993
9.35409
9.46695
9.52767
9.57083
9.64009
9.79042
10.0086
10.0704
10.058
10.1185
10.1705
10.2426
10.1843
10.1562
10.0789
10.0142
10.0164
10.0721
10.1498
10.2321
10.3035
10.4354
10.4877
10.5833
10.6056
10.7516
10.8201
10.9244
10.9936
11.1151
11.1838
11.257
11.3869
11.4934
11.71
11.883
12.1053
12.2734
12.5641
12.712
12.8451
13.0761
13.3797
13.5858
13.7703
14.0761
14.2943
14.5193
14.6422
14.7272
14.7775
14.912
15.0436
15.1203
15.2554
15.4111
15.5296
15.6199
15.6666
15.813
15.8035
15.9302
15.8362
15.9721
16.0394
16.0769
16.2446
16.3322
16.3967
16.535
16.6502
16.7742
16.8199
17.0925
17.2897
17.4699
17.6026
17.9324
18.1491
18.4951
18.7402
18.9796
19.3188
19.544
19.8038
20.0131
20.224
20.4164
20.5902
20.8639
21.1053
21.3971
21.654
22.0792
22.4684
22.9313
23.4549
23.851
24.3265
24.6328
24.9801
25.2967
25.6788
26.0694
26.6108
27.1507
27.551
27.9533
28.3072
28.764
29.2005
30.0191
30.6396
31.154
31.7878
32.3588
32.9647
33.5052
33.8876
34.2552
34.3108
34.39
34.3951
34.419
34.4014
34.5426
34.3202
34.359
34.3799
34.6107
34.7546
35.2009
35.584
36.341
36.9394
37.8412
38.2226
38.6259
38.9548
39.0661
39.2099
39.3792
39.3755
39.4618
39.2466
39.2457
39.1964
39.1808
39.0426
39.1498
39.0699
38.8621
38.5264
38.4881
38.3284
38.049
37.8433
37.5384
37.2229
37.0503
36.8124
36.5566
36.3624
36.1709
36.4187
36.8309
37.1382
37.6777
37.8374
37.9323
37.9322
38.0066
38.048
37.9944
37.9232
37.8667
38.1892
38.5862
38.9192
39.3062
39.4715
39.7669
40.0101
40.2145
40.3172
40.2713
40.5503
40.6765
40.7104
40.8421
40.9127
41.0985
41.198
41.483
41.5622
41.7026
41.8343
41.8851
42.0691
42.0985
41.9375
41.9458
41.8494
42.0246
42.1564
42.1399
41.9906
41.6878
41.3469
41.1412
41.0148
41.0112
40.9215
41.1048
41.111
41.4323
41.5052
41.8392
42.0159
42.2718
42.7178
43.3072
43.7189
44.4635
45.1507
45.8682
46.579
47.4824
48.3791
49.4244
50.612
51.897
53.1601
54.5833
56.0865
58.0285
59.863
61.6684
62.9892
64.147
64.9725
65.7074
66.5287
67.5647
68.2093
69.5334
70.6995
72.4708
74.2308
76.0668
77.4107
78.5892
79.3878
80.5198
81.1135
81.8793
82.3447
83.0871
83.7871
85.0829
85.6607
86.5744
87.233
88.0248
88.6115
89.74
90.9575
91.7289
92.8725
94.049
94.9362
96.8258
98.4412
100.323
101.645
103.473
104.805
106.589
108.183
110.08
111.735
113.662
115.866
94.8505
97.0762
99.6126
85.7933
88.9477
92.1519
77.7204
80.0019
82.1651
89.0909
90.6146
91.6649
92.4445
93.0523
94.2662
95.2413
95.9703
96.92
97.8747
98.5936
99.2767
99.6463
99.8341
99.8229
99.6947
99.0163
98.6556
100.392
98.5494
96.317
96.9836
93.6427
90.2213
87.9747
83.4726
79.2285
77.6499
73.1522
68.4705
70.1812
65.2772
61.0182
73.6036
70.6246
68.1501
76.6959
74.7553
72.6755
70.5026
68.6973
67.9047
68.5163
69.1972
70.2204
70.6895
71.3751
72.7531
73.8951
75.0403
76.3256
72.8133
73.4278
73.5547
75.1717
75.3271
75.0836
73.0446
74.0568
75.3347
75.9206
76.5822
77.109
77.6636
78.276
78.9428
76.4267
76.4033
76.4115
74.9594
74.9652
74.7505
74.838
74.8676
75.1027
73.7674
74.2932
74.9712
74.2143
75.2473
76.3128
73.6192
74.043
73.8452
73.832
73.3499
73.1573
74.4072
74.1209
73.6756
75.2568
74.7801
74.7635
76.5818
76.9159
77.0611
76.9817
77.0262
76.8979
78.3968
78.5809
78.2197
78.0801
77.482
77.1239
76.9799
77.1557
77.2091
76.0606
76.6785
77.2676
76.1921
76.705
77.0572
75.9919
76.5999
77.2214
77.5255
77.9594
78.0195
76.2358
75.7138
75.5476
79.1889
79.1978
79.0551
78.9011
78.8814
78.5308
81.8045
81.3044
80.7609
81.8767
81.0525
80.5461
81.6301
81.5075
81.3247
81.5579
81.8336
81.992
80.2086
79.9305
79.5679
79.1849
78.7636
78.6852
79.8638
79.8172
79.7593
79.669
79.4813
79.4201
80.4681
80.5405
80.4828
82.0123
82.0849
82.3006
82.2248
82.309
82.1969
82.2121
81.8543
81.1601
85.7079
85.1836
84.6183
84.1463
84.1112
83.7408
83.249
82.815
82.1024
81.6595
81.1217
80.7119
80.3231
79.917
79.689
79.3302
79.0635
78.7355
78.3622
78.0813
77.543
77.2392
76.9732
76.6731
75.7727
75.0387
74.3862
73.9621
73.575
73.2054
73.3236
73.2801
73.3859
73.2649
72.9594
72.8648
72.3365
72.036
71.8612
71.8935
72.4349
73.0724
73.0728
72.4429
71.0623
69.9638
68.678
68.2102
68.1068
68.6897
69.1728
69.3917
69.2861
69.2278
69.0383
69.1311
69.6221
69.8493
69.6072
69.5842
69.6593
69.8004
69.77
69.9789
69.7536
69.526
68.802
68.4222
68.1634
68.1019
67.9906
68.0463
67.9523
67.9705
68.1403
68.2359
68.3342
68.4934
68.8522
68.9375
69.1579
69.3669
69.4863
69.6347
69.6949
69.811
70.2
70.2228
70.2742
69.8476
69.8145
69.9494
69.9244
70.2251
70.4632
70.8207
70.9308
71.2542
71.5332
71.7465
71.4875
71.6421
71.561
72.0166
72.2583
72.3794
72.1517
72.2709
71.914
71.2817
70.3376
69.6447
68.5748
67.7154
66.8731
66.2502
66.0898
65.9016
66.4806
67.5772
69.0365
70.2138
71.6788
72.8811
74.0139
75.0464
76.1402
77.8494
79.6719
82.7206
85.1546
87.5314
89.3467
92.4131
96.3154
92.5759
96.1445
99.3804
88.4091
90.9062
93.2381
80.2665
81.9253
83.1233
66.7849
67.6186
68.2666
75.6008
76.0916
76.3633
76.7979
77.2374
77.7599
75.7649
76.2434
76.4107
76.6985
76.8721
77.0785
77.1392
77.3626
77.1139
76.9455
76.1546
75.6039
74.7895
74.2925
74.0459
74.3139
74.3894
74.7353
74.906
75.212
75.2062
75.4998
75.6995
76.073
73.6839
74.2229
74.6525
75.4072
76.0682
77.0827
77.8321
78.8181
79.6056
80.7356
81.5668
82.5496
79.4768
79.6983
79.7292
79.8407
79.5293
79.4666
78.9874
78.8519
78.3745
78.2581
77.6016
77.1769
76.4893
75.9866
74.965
76.8221
75.2694
73.7876
71.5416
69.1547
66.8186
69.3472
66.9559
64.9712
69.9758
68.053
65.9218
78.2448
76.3376
74.6807
85.2244
83.8634
82.6501
92.3324
91.3393
90.4391
89.3916
88.8536
88.2845
87.9367
87.248
86.9775
86.1771
85.2808
84.6602
84.6813
84.3643
84.2277
83.6868
83.5369
83.03
82.7985
82.3792
82.203
81.9198
81.803
81.5829
81.4864
81.0448
81.0489
80.5305
80.4718
80.1936
80.382
80.4762
80.5169
80.4028
80.378
80.294
80.5008
80.3395
80.583
80.3457
80.5691
80.2968
80.3446
80.3028
80.3266
80.1032
80.1441
80.2187
80.3343
80.3136
80.5425
80.6259
80.8604
80.8532
80.9191
80.656
80.6609
80.61
80.6595
80.3258
80.4151
79.9078
78.7253
77.553
77.4192
77.3492
77.6935
78.5574
79.0218
79.1747
79.3568
79.5327
79.6815
79.7516
80.0966
80.0267
80.2689
80.3519
80.3461
80.2261
80.266
80.0108
80.1653
80.0758
80.1227
80.2247
80.3899
80.5772
80.8411
81.1794
81.5812
81.919
82.2205
82.4297
82.8712
82.8796
83.2492
83.34
83.19
82.2924
82.4878
82.8686
83.5486
84.1198
84.1189
84.2792
84.9644
85.0893
85.606
85.8621
86.3354
86.5331
86.8433
87.1376
87.4383
87.4529
87.7463
87.6904
87.9947
88.0531
88.1134
88.4268
88.4834
88.3056
88.1562
88.0032
87.9331
87.8659
87.9465
87.861
87.7231
87.5148
87.2537
86.7607
86.3614
86.1284
86.5289
86.7571
87.1866
87.5854
87.8979
88.3849
88.7157
88.995
89.1323
88.9307
89.1087
89.0934
89.3901
89.2722
89.5336
89.4855
89.6475
89.52
89.5975
89.5764
89.936
90.0075
90.1166
90.3033
90.7265
91.5051
93.5638
97.5485
102.91
90.5654
95.9308
99.6897
90.289
91.3903
91.168
79.737
81.8912
84.974
84.9086
86.3046
86.6562
85.9992
85.0977
83.9428
84.3211
85.0493
86.2784
87.3571
88.2748
88.8404
86.5747
85.5718
84.7228
84.108
84.5472
85.5332
87.0083
88.5743
90.8338
92.8579
95.2034
97.0512
97.9809
98.0443
97.4735
92.6136
90.2614
88.1156
88.5682
86.8435
85.7119
87.6377
89.9665
94.5094
97.3598
103.542
111.389
120.838
126.699
120.497
113.969
110.295
109.187
103.161
113.58
115.244
122.726
122.237
122.725
122.58
122.525
122.773
122.724
122.698
122.701
122.671
122.846
122.481
122.759
122.698
122.681
122.704
122.726
122.578
122.688