53.5158
54.1684
54
52.8211
52.4632
52.1684
53.0105
53.4947
52.5684
52.2105
51.8526
52
52.5053
54.7368
51.8316
51.6
51.5579
51.2421
52.0842
52.7789
53.8526
54.3158
55.0526
54.4421
54.5684
53.6842
53.1158
51.6
51.3053
49.8947
51.7684
53.3684
54.6737
55.2421
56.4842
58.2105
58.4632
59.3895
60.1053
58.7368
57.9158
58.0211
56.9474
57.0105
57.0105
56.9684
55.3053
55.2842
56.0211
57.4105
59.4737
60
59.9158
59.1789
59.4737
60.8421
60.2105
60.2316
59.5158
58.9263
57.8947
58.3789
60
60.7579
60.3789
60.2105
59.5158
58.5474
60.3158
60.8421
61.3684
61.9579
62.1474
62.0211
61.4947
60.6316
61.1579
60.9895
61.2211
61.2632
61.2211
61.3474
62.4632
63.6421
63.5158
63.4737
63.0947
62.3158
62.6316
63.2421
63.3684
62.7368
62.4632
61.9368
61.2842
62.1263
62.9053
63.1368
62.8632
63.1158
63.4105
63.0316
62.6947
62.5895
62.5684
62.9684
62.4842
62.1474
64.0842
65.4737
65.7263
65.1368
64.4632
63.3895
63.4737
63.5579
62.6526
60.9053
58.9053
59.4526
61.0105
61.0947
59.2842
57.8105
56.5263
59.1368
59.4526
59.7263
60.2105
60.5474
60.2737
61.2632
62.5474
62.7368
61.8105
60.5474
59.4947
59.9368
61.0947
61.3474
61.3263
59.9789
58.2105
58.4211
59.9789
61.6
60.7158
58.7368
57.6842
59.4737
61.4737
61.1368
59.4105
58.2947
59.7053
60.1263
59.4105
57.9579
57.5368
57.2211
56.3789
56.8421
56.9263
56.8842
56.4
56.7579
56.4421
56.0211
54.6737
53.6211
53.5158
53.7053
53.0526
52.9474
52.7158
52.7579
52.0842
52.2737
49.8737
48.5263
48.4421
49.4316
49.4947
49.0105
49.8526
50.8
51.3684
52.1895
51.4737
50.2316
48.2526
48.8211
47.7263
46.3368
45.3895
45.4737
44.2105
43.5158
44
44.0632
43.6421
44.2526
44.0842
43.0105
43.7474
43.6
42.9895
42.6947
42.6947
42.5684
46.6947
43.0105
43.3895
43.4947
44.7368
44.6105
44.3579
44.5474
44.9895
44.3789
43.6632
46.4842
43.8737
44.5474
44.3789
44.4632
44.3789
44.8211
44.5895
43.7263
42.7579
42.8632
42.0632
41.8105
41.5368
41.6842
41.8105
41.8316
41.8737
41.4737
40.6947
41.8947
41.9789
41.3684
40.9895
41.2
40.9684
41.1158
41.2421
41.6211
41.1158
41.1579
40.8
40.7158
41.1579
40.9684
40.9053
44.0211
43.8316
44.3368
44.1684
43.8316
43.8947
43.8737
44.2105
44.5895
44.5263
44.8632
45.0947
44.8
44.5895
44.4632
44.5053
44.5895
44.5684
44.8
44.9053
44.8421
44.9263
44.3579
44.5263
44.5895
44.9263
45.2632
45.3895
45.5789
45.1789
45.0737
45.0947
45.3684
45.2
45.8316
45.5368
45.2421
44.9895
44.9684
45.4105
45.4316
45.7053
45.5579
45.2842
45.1368
44.9684
45.3263
45.2632
44.9684
45.0526
44.9684
44.7579
44.7158
44.6947
44.6737
44.4
73.9368
44.1053
43.9789
43.4316
72.9684
73.2211
42.6105
42.8
42.8211
42.6105
42.2737
41.8737
41.7474
42.1684
42.3789
42.2947
42.5895
42.7368
43.1368
43.3263
43.4316
43.7474
43.4737
43.6211
43.0105
43.0737
43.6632
43.5579
73.9158
43.8947
44.0421
43.6
43.8105
43.9579
44.3789
43.8526
44.3789
44.1684
44.3579
44.3789
44.8421
44.1263
44.1474
44.5895
44.9053
44.6105
44.5263
45.0105
44.9474
44.7579
45.3053
45.3263
45.3053
45.7053
45.4316
45.5579
45.0737
45.3895
46.1263
45.8526
45.6632
45.8105
45.5368
45.4526
45.1789
45.0947
44.8842
44.9053
45.2842
44.6737
44.7579
44.5895
44.9263
45.0947
45.2842
45.3474
45.2211
45.1368
45.1789
45.0105
45.2632
45.1789
45.1579
44.7158
44.9684
45.0737
45.3053
45.3053
44.9263
44.5684
45.3263
44.6316
45.5158
45.3053
45.4947
44.6737
44.7789
45.0526
45.8105
45.7474
45.6
45.4737
45.4316
45.2421
45.4526
45.7053
45.8316
45.8526
46.1263
45.8526
45.6842
45.6842
46
46.1474
46.2526
46.1895
45.8105
45.8737
45.2211
45.2842
45.7263
45.6421
45.6632
45.6421
46.1263
45.9789
46.1474
46.0421
46.2737
76
46.0421
46.4421
46.9895
45.6632
75.9368
47.0737
46.7368
46.9474
46.6947
46.6316
76.7789
76.4211
75.6632
46.0211
46.0842
46.5474
46.8421
46.9053
46.5053
46.1474
46.7789
46.8211
45.7684
46.7158
47.7684
49.0316
48.4632
47.8737
46.1053
45.7053
46.2737
46.6947
46.8842
47.0526
47.1368
46
46.8842
47.0526
46.9263
46.4842
46.7158
46.2737
45.7895
46.1474
45.7263
45.7053
45.6632
45.8947
45.8737
45.8316
46.2105
45.9158
46.0421
45.5789
45.8316
46.6105
46.3789
46.8842
47.2
47.3684
47.4526
47.4316
47.6
47.3474
47.0947
46.6947
46.3158
46.0632
45.8105
46.2105
46.0632
46.0632
46.0842
45.7895
46.2316
46.5684
46.6737
46.2526
45.9579
46.2105
46.2316
46.2947
46.3158
46.4211
45.9579
45.6421
45.7263
45.7474
45.6211
45.6421
45.7263
45.8316
45.7895
45.8737
45.7263
45.6632
47.0947
46.7158
46.3158
46.1684
45.7895
45.5579
45.1789
45.0947
45.7474
45.6842
45.6632
45.8947
45.3263
45.2211
45.6
45.5158
45.2211
45.4316
45.7263
45.4316
45.6
45.4947
45.7895
45.5789
44.9684
45.2632
45.4526
45.2
45.3474
45.1368
45.1368
45.0105
45.0737
45.4316
45.6842
45.7053
45.7684
45.9368
45.6421
45.5158
45.8105
45.9158
45.6842
46.1895
45.7053
45.7895
45.8737
45.6421
45.9579
45.7053
46.1053
46.7158
46.8421
46.6526
46.3158
45.6842
45.0737
45.1789
46.2947
46.5474
46.7789
46.8632
46.7789
46.6947
46.7158
46.6737
46.4421
46.4211
46.2526
46.0632
46.3579
46.1053
45.3684
45.5158
45.9368
45.7053
46.0842
45.5579
44.9053
44.2105
44.3789
45.0737
45.9789
46.4
47.3263
47.1158
47.2211
47.1368
46.9684
46.6737
46.6526
46.7579
46.9053
47.0316
46.5895
46.1684
46.0211
46.1053
46.1263
45.7053
46.0421
46.4
46.2526
46.4421
46.7579
46.1895
46
46.4
46.4842
46.8
46.8421
46.6316
45.9158
46.0842
45.8105
45.9368
45.8316
46.1474
45.9579
45.7895
45.7263
46.6526
47.4316
47.4737
47.8947
47.6421
47.6211
47.6
47.2421
46.4211
46.8211
46.4421
46.3579
46.5684
46.4421
46.2526
46.2526
45.8947
45.9579
45.8947
46.2947
46.4842
46.5053
45.5368
45.9579
46.2526
45.9579
45.7263
45.4947
45.6842
45.6842
45.4316
45.3474
45.3895
45.5789
45.5789
45.6421
45.8316
45.8316
45.7263
45.7895
45.6421
45.6632
45.4316
45.2421
45.0947
45.8526
46.2737
46.3368
46.8211
46.7158
46.5895
46.8842
46.9895
46.4211
46.7158
46.6105
46.4421
46.1474
46.2737
46.5474
46.6316
47.3895
47.3474
47.0316
77.0737
47.2632
47.3474
46.9895
46.4842
45.6
44.7158
45.3053
45.0316
44.2947
44.2526
44.4421
44.8
45.0526
45.4105
45.3684
45.3684
45.0526
45.0947
46.0842
45.8737
45.9789
45.8526
45.6
45.8947
46.0211
46.3579
45.3895
46.1474
45.8947
46.1474
45.8737
45.6842
45.8526
46.1895
45.0526
46.4211
47.3895
47.1158
46.9053
46.6737
46.8421
46.3158
46.0211
45.8316
45.9579
45.8526
46.1053
45.8526
45.4105
45.4105
45.4316
45.3263
45.4105
45.6
45.6
45.6632
45.6632
45.4316
45.5158
45.3684
45.7263
45.7684
46.1053
46.4
46.3368
46.1895
46.2947
75.7895
76
46.2947
46.0842
46.1053
45.8316
45.4105
45.0105
44.1684
43.5158
43.4105
42.6526
71.6211
71.3474
42.0842
43.1158
44.4632
45.0316
45.4947
45.7263
45.4105
45.6421
46
45.4737
45.1368
45.0947
44.9684
45.2421
45.1789
44.9474
44.6947
44.5895
44.0842
44.4842
44.2737
44.2316
44.2737
44.5263
44.8842
45.0526
44.7158
44.8632
45.0316
44.9684
45.3684
45.2842
45.2
46.3158
46.1895
45.8316
45.7053
45.7053
45.3684
45.6421
45.0526
44.7579
44.7579
44.5474
44.7158
44.7158
44.3579
44.2526
44.2316
44.5053
44.2316
44.2947
44.3158
44.2526
45.0105
44.7368
44.5053
44.7368
44.9263
44.9263
45.0526
45.1789
45.2421
45.0737
44.8632
44.8421
45.2632
45.0947
44.6105
44.4842
44.6526
44.5053
44.7579
44.9053
44.4632
44.7579
44.9263
44.5684
44.8211
44.8421
45.1579
44.6105
44.8
44.5895
44.7158
44.8211
45.9579
46
45.6421
45.3684
45.2211
44.6316
44.6105
44.7158
44.7158
44.4211
44.4
44.0842
44.1474
44.1684
44.2947
44.2737
44.4421
44.7579
44.6737
44.7368
45.0105
44.9053
45.1579
44.9684
44.9474
44.7789
45.2632
45.5579
45.3684
45.3684
45.4947
45.3684
44.7789
44.6526
45.0526
44.9053
44.8421
44.8211
44.7579
44.6737
44.4421
45.1158
45.0316
44.5053
44.2105
45.0316
45.1368
44.8842
45.3895
45.0947
44.9474
44.8
44.5895
44.7579
45.1368
44.7789
45.2211
45.3895
45.2421
44.9474
44.9895
45.2
45.5789
44.8842
44.7579
44.7158
44.9053
44.7158
44.5053
45.0316
44.8842
74.9684
45.3053
45.4316
45.4105
45.5789
45.6632
45.9368
45.9789
45.0947
45.2211
45.4105
45.5158
45.7895
45.4105
45.4526
45.0737
44.9263
45.0526
45.2842
46.0421
45.1789
45.3684
45.0947
45.2842
45.4737
45.7053
45.8947
45.6421
45.4737
45.7263
45.4737
45.6842
45.5579
75.4105
75.4316
45.3263
45.9368
46.9474
46.3368
45.9579
45.7263
45.1158
44.6947
44.2316
44.6316
44.8842
44.9263
45.0316
44.6737
45.0105
44.8842
45.2211
45.4316
44.9263
45.6211
45.0105
45.2211
45.0737
45.0526
45.0737
45.3474
45.4526
56.6947
56.3368
56.0632
56.1474
56.3158
56.5053
57.0105
56.4211
56.0632
57.5158
57.3895
57.0737
57.0947
56.8842
56.5263
56.5474
56.3158
56.8632
56.6947
55.8737
55.4737
55.3263
55.3895
55.4526
56.0632
56.3579
56.2947
56.3368
56.0842
56.1263
55.7895
55.9789
56
56.0211
55.9789
56.0421
55.8105
55.3474
55.6632
55.8526
56.0421
56.1895
55.8105
55.9158
55.7263
55.6632
55.8105
55.6211
55.6211
56.1263
55.7684
55.7684
55.2842
55.2632
55.2421
55.2421
55.4105
55.2
55.3895
55.6211
55.7474
55.4737
55.7895
55.6842
55.7474
55.9158
55.7895
55.6632
55.9579
55.4316
55.5579
56.0211
55.6
56.2947
56.9684
56.3789
56.0632
55.5579
55.4737
55.6211
56.1474
56.3368
56.3579
55.8526
56.4632
58.3579
58.0632
57.4737
57.1158
57.4947
57.1158
57.1368
56.9263
56.8842
56.5474
56.2947
56.6737
56.5474
55.9158
56.1053
56.5053
56.4842
56.2526
56.5474
56.2526
55.8526
56.1895
55.9158
55.7895
56.3579
56.1474
55.7895
55.3895
56.1053
56.7789
56.3368
56.0842
56.2737
56.1053
55.2211
55.5579
55.2421
55.3263
55.6211
55.2421
55.2632
54.9895
55.4316
55.8737
55.5579
55.5789
45.0947
54.6737
55.0316
55.0526
55.2
55.2632
55.0316
55.0316
55.2
55.3895
54.8842
55.0105
55.3053
55.2842
55.0947
55.5368
55.4316
55.5158
55.6211
56.2947
56.2316
56.0632
55.8105
56.0421
55.9158
55.8526
55.7053
55.8947
56.2947
56.3158
55.9158
55.8947
55.8526
55.5789
55.6421
55.6421
55.7053
56
55.4316
54.8421
55.2211
55.2
55.1158
54.8
54.9053
55.2632
55.1158
55.8526
55.7263
55.9158
55.5158
55.5579
55.8316
54.9053
54.4632
54.6526
55.0105
55.5579
55.3263
55.3684
55.4105
54.9895
54.7579
54.5053
54.9895
55.6842
55.7263
55.8316
55.3053
55.6842
55.2
55.0737
54.9684
55.1789
55.0105
54.8842
54.7579
54.7158
54.8211
54.9474
55.3263
55.3053
55.0737
54.9263
55.7684
55.7474
55.8316
56.8
56.4632
56.6316
55.9158
55.8105
55.0105
53.6632
53.3263
53.6632
54.0421
54.5684
54.2105
54.4211
54.1053
53.7263
53.8105
54.3368
54.0632
44.7789
54.8211
54.1895
53.9158
54.2526
55.0526
54.5474
54.2316
54.4211
54.6105
54.8421
54.7368
54.5263
54.2105
54.1895
54.0842
53.8947
53.8316
53.7474
53.8526
54.3579
53.9579
54.1684
54.3158
54.2947
54.7789
55.3053
55.6632
54.9053
55.1789
55.1158
55.2
54.9474
54.9474
54.9684
55.3263
55.6
55.1368
54.9684
54.4421
54.4211
54.0421
54.1895
54.0421
54.9053
54.6526
54.5684
54.1263
54.5053
54.5263
54.4632
54.1263
54.4
54.2947
54.2947
53.8737
53.8737
53.5368
53.4316
53.6211
53.2421
53.3053
53.0316
52.8
53.0526
52.4632
52.8211
52.7368
53.0737
52.8211
52.9684
53.0526
52.9895
52.6947
52.6737
53.2
53.1368
53.2
52.9474
53.2211
53.4105
53.2632
53.7263
55.0316
55.5158
55.2632
46.4842
54.9053
54.4842
54.1263
53.9158
53.8105
53.5368
53.6842
53.2632
53.2211
53.4737
53.6
53.1579
53.5368
53.8526
53.2632
53.5789
53.5579
53.4316
52.9895
52.7579
52.4421
53.0947
52.9263
52.7789
52.9053
52.9895
52.8632
52.6526
52.7579
52.7789
53.1579
53.1579
53.0526
52.9263
52.7368
44.4632
53.3474
53.1158
52.8632
52.8211
53.1579
53.3263
52.8632
53.1579
52.8
52.8
52.6105
53.1579
53.8105
54.4421
54.3368
53.8316
53.3895
53.5579
53.0737
53.4737
53.0737
53.1579
52.8632
52.5053
52.7368
52.6737
52.4842
52.6105
52.7158
52.5684
52.6737
52.0842
52.4632
52.7158
52.9474
53.2421
53.3263
52.9474
53.5789
53.4526
53.0316
52.6316
52.8421
52.9474
53.3263
53.3895
52.8421
53.0526
45.0737
53.0105
53.1158
53.2632
52.8632
52.6105
52.6526
52.1053
52.3368
52.2316
52.4211
52.5895
52.4842
52.3579
52.4842
52.4842
52.0211
52.7368
53.4105
53.2632
52.9474
52.8842
52.9684
52.8842
45.3895
52.6526
52.4211
52.3789
52.7789
52.7789
52.6526
52.1684
52.2737
52.3158
52.2526
52.4211
52.8211
52.9053
53.0105
52.9053
52.9895
52.5474
52.5053
52.8421
52.4421
52.3368
52.7579
52.0632
52.1474
51.7684
52.0842
52.2737
52.5474
52.2737
51.7474
51.8947
52.0842
51.6211
51.6421
51.7263
52
52.1895
51.9368
51.4105
51.8947
51.9789
52.3579
52.8211
53.3684
53.8947
53.7263
53.6
54.0632
53.4105
53.6421
53.0316
53.2211
53.0737
53.5368
53.7895
53.6632
53.6
53.0737
52.7579
52.8842
52.5684
52.6947
52.5895
52.8632
52.4632
52.4211
52.6526
53.3053
53.3895
53.3474
53.2842
52.8632
53.0526
53.0316
53.2
53.8105
53.3053
53.2211
54.0632
53.7684
53.8316
53.7263
53.5789
54.5263
54.3579
54.6105
54.5474
54.9263
54.2737
54.7579
54.8
54.2526
54.1263
53.6
53.2842
52.9053
52.4632
52.0632
52.2316
52.3368
52.1263
51.3684
51.6842
51.8526
52.8421
53.5158
53.6421
53.7053
53.6421
53.3474
52.6526
52.7789
52.6526
52.7158
53.5158
53.0105
52.4
53.0947
52.6947
52.6526
52.5684
52.7789
52.7789
52.7789
53.1158
53.1579
53.3895
52.7579
52.5053
51.5158
50.9263
50.1684
50.0211
50.0421
50.2105
50.4421
50.7158
50.6105
44.5263
45.0105
50.5684
50.9684
51.6211
51.7474
51.8737
46.1474
51.8105
51.7895
52.0421
52.1474
52.1895
51.8526
51.8105
52.2316
52.2105
52.8211
53.2421
54.0632
53.7263
53.5368
53.8947
53.4105
52.7158
52.5053
52.7158
52.7368
53.1789
52.8842
52.7579
52.4632
52.7158
52.7158
52.3158
51.7895
51.7053
52.3158
52.1474
52.2105
52.2105
52.5263
52.5263
52.6947
52.4842
52.2526
51.5579
50.6947
50.5684
50.7789
50.5895
50.1895
50.1474
50.1684
50.1474
50.0211
49.7474
49.8105
49.9158
49.5158
49.3053
49.4526
50.1263
49.7474
49.7895
49.3684
50.5684
51.1158
50.9263
50.4211
50.6737
51.2
50.3579
50.4211
50.6947
50.9684
51.0737
50.9263
50.8
51.0947
51.2842
50.7579
51.3474
51.0105
51.4737
52.3368
52.5474
52.4632
52.9053
52.1474
51.2632
50.4421
49.2
49.0947
49.1368
49.6632
49.8737
50.5263
50.7789
49.8526
49.2842
49.5158
49.4316
50.1474
50.4842
50.1895
50.0842
50.4421
50.4211
50.3158
50.8421
50.9053
51.0316
50.7789
50.6526
50.2316
49.5579
50
50.1053
50.2947
49.6421
49.5789
49.5579
49.6
50.2105
49.6842
49.7474
49.7263
49.1789
49.2
49.8737
49.8105
49.5158
49.7053
49.5579
49.5789
49.5789
49.5158
49.1789
49.0737
48.7579
48.8632
48.6526
48.2947
48.4421
48.9053
49.0737
48.9684
49.0737
49.1789
50.1895
50.1263
49.7684
48.7368
49.5579
50.4
51.1158
50.8842
50.8632
51.2842
50.7368
50.3158
51.0316
50.8421
50.2316
49.6842
49.9158
49.6
49.3263
49.4105
49.0526
48.7368
48.6737
48.6947
48.5895
48.4
49.4105
49.0105
48.9474
48.9895
48.7368
48.8421
48.7579
49.1158
49.2632
48.8632
49.1579
48.9053
48.7789
48.2526
48.2737
47.9368
47.6211
48.0421
48.1053
48.4632
48.0211
48.1895
48.4211
48.9053
48.8421
48.9895
49.8526
50.7368
50.9263
49.2632
48.3789
47.4737
48.2947
48.4842
48.6947
47.8947
47.9789
47.6421
47.4737
48.1263
47.7684
47.4737
47.0737
46.8421
47.3474
47.2842
47.6
47.4526
47.0316
46.7579
47.0947
46.9895
46.6947
47.1368
47.5579
48.7158
49.3053
48.9895
48.7789
48.2526
49.7474
49.9158
48.9684
48.8421
48.1053
48.2737
47.8737
47.5158
47.6211
48.0211
47.7895
48.4
50.0632
50.7368
50.2105
49.4105
48.8
48.0842
47.8105
48.1263
47.7474
48.4632
48.7789
49.0737
48.9263
48.5895
49.0316
49.3053
49.3684
50.1895
50.4211
50.5263
50.7158
50.4
49.7895
48.5895
48.4421
48.1474
48.5474
48.1684
48.5684
48.4632
48.6526
48.9474
49.0316
48.7789
48.8842
48.9895
49.3053
49.2421
50.2947
50.0421
50.1263
49.8105
48.6526
49.1368
49.2211
48.8632
49.2421
48.8421
48
47.5579
48.0421
47.9789
47.5368
47.8526
47.4105
47.6842
47.4737
47.3474
47.8526
47.6421
47.5579
46.4842
46.5684
46.6737
47.2
47.6632
48.6316
49.3474
48.9895
49.5368
49.0316
49.3263
48.9895
48.9474
48.2105
47.8947
48.0421
48.1895
48.1263
47.8316
47.6211
48.5053
46.9895
47.0526
47.2421
47.1368
47.4947
47.5579
47.2842
47.5158
48.1895
47.5789
47.6
47.4316
47.6
47.3263
47.4737
47.0105
47.1789
47.2
47.4316
47.4105
47.4105
47.5789
47.5789
47.7684
48.2737
48.0842
47.9368
47.7474
47.4947
47.6421
47.4947
47.2842
47.0526
46.5263
46.7789
47.3684
48.7158
48.6947
49.1158
48
48.2526
48.3368
48.2947
47.9579
47.8105
47.8105
47.4316
47.7053
47.2842
47.7053
47.8526
47.6421
47.3474
47.1579
47.5579
47.9368
47.9579
47.6211
47.7895
47.3474
46.8211
47.0105
46.7789
46.6316
45.9579
45.8947
45.9368
45.8105
46.3368
46.1895
46.2947
46.5053
46.6105
46.2947
45.9789
45.7263
46.2947
46.3158
46.2526
47.1368
47.1789
47.1789
47.0737
46.2526
46.9263
46.8211
46.5263
46.6737
46.9684
47.4737
47.7053
48.1474
47.6421
46.7579
46.8842
47.4316
47.9789
48.0632
47.7895
48.4632
48.5474
47.8737
48.1474
47.7053
47.6
47.6632
47.9579
48
48.1263
48.3158
48.0632
47.8737
47.8947
47.5368
47.7263
47.8105
47.5158
47.3474
47.7053
47.6842
47.4737
47.7474
47.7474
47.7895
42.8421
43.6842
43.6421
43.2421
42.6105
42.3579
42.7579
43.6
44.5474
44.4421
43.9368
44.1684
44.9684
45.0526
44.1895
43.8737
43.9158
43.6421
43.7684
44.2105
44.3789
44.6105
44.2526
43.8947
43.7263
43.4105
43.9789
43.6421
43.1158
43.3684
43.4947
42.6526
42.7789
42.3789
42.5895
42.6526
42.3368
42.6947
42.3789
42.5684
42.9474
42.9263
42.7158
42.7158
42.8842
43.0526
43.0105
43.3053
43.7053
43.5579
43.2632
43.3474
43.4105
44.4211
44.7579
45.3474
45.1158
44.1684
43.5158
43.3895
43.4526
43.3684
43.2
43.5158
43.2632
43.0316
42.6316
42.6316
42.9684
42.8421
43.5368
43.7053
42.9895
43.2842
42.9263
43.0316
42.9895
42.6105
42.6737
43.0316
43.0737
42.9263
43.0526
42.5474
42.7579
43.4105
43.3053
43.3053
43.2
43.3895
43.5158
43.3474
43.5158
43.5368
43.4526
43.1579
43.3895
43.2211
43.1579
42.8
42.4421
42.0211
41.7263
42.3789
42.4
42.6737
42.7368
45.7053
42.8211
43.4526
44.1263
43.5158
43.7053
43.8526
44.7368
45.6632
45.9158
45.6632
45.3684
45.7684
45.6632
45.5579
45.3684
45.3684
45.4105
45.4105
45.2842
45.2421
45.0737
45.1158
44.6737
44.2947
44.4211
44.3579
44.1895
43.9368
43.8105
43.9158
42.8211
43.4947
42.8842
43.3053
42.4842
42.9895
42.3368
41.9789
42.4421
42.7789
42.9684
43.2421
42.8842
43.1579
42.8842
42.7789
41.9158
42.2737
42.3789
42.8421
42.4632
42.8842
42.2105
42.4842
42.4421
42.4
42.3789
42.3789
42.4421
42.6737
42.5263
42.0632
42.3789
42.6316
42.3158
42.7368
42.7789
42.4211
42.6737
42.4421
42.7158
42.8211
42.7158
42.8842
43.3263
43.2421
42.9263
42.8632
42.3158
42.1895
41.9579
41.6632
41.6211
41.6
41.3053
41.4526
41.4947
41.4105
41.4105
41.3263
41.6
41.7053
41.5789
44.6737
41.7474
41.6632
41.7263
41.5158
41.4526
41.5789
41.7474
41.0947
44.3158
41.1579
41.6632
41.5368
41.4737
41.7684
41.6421
41.5158
41.0737
40.9895
41.2211
41.1789
40.7579
40.7158
40.5263
40.0842
39.7474
40.0632
40.2316
40.1263
40.2947
40.8
41.1158
41.3474
41.7684
41.8737
41.4105
41.8316
41.8737
41.6
41.4947
40.9684
40.7789
40.3789
40.2316
40.3579
40.3789
40.1263
40.7579
40.4632
39.7895
39.8316
39.9368
40.2316
40.6105
40.4842
41.2211
40.7789
40.8632
40.8
41.0737
40.9684
40.8632
41.1158
40.8
40.6947
40.5053
40.4211
43.3895
40.1474
40.0421
40.2316
40.0632
40.6526
40.5053
40.5053
40.3579
40.4211
40.6316
43.6211
40.8
40.8211
44
40.8421
40.7368
41.0316
41.1579
41.0526
40.9474
43.8947
40.9263
40.7368
40.7158
40.6316
40.8842
40.8632
40.9474
40.9684
40.7579
40.6316
40.2737
40.3789
40.2526
40.3158
40.3158
40.4
40.0211
39.7684
39.5579
39.7895
39.9158
40.0632
39.9368
39.9368
42.8842
40.2526
40.1474
40.3789
40.6316
40.6316
40.3579
40.1895
39.8526
40.4421
39.4737
39.5158
39.5789
39.9368
42.8842
40.0632
40.0632
39.6842
39.7895
39.9579
39.7895
39.7263
39.7053
39.5789
39.7263
39.3053
39.7053
39.6632
39.5158
39.7684
39.9579
39.9579
39.6211
39.8947
39.8947
40.1474
40.1263
39.8526
39.3053
39.2842
38.9263
42.0211
39.0737
39.2421
38.9684
38.8842
38.8842
39.2
39.3053
39.2211
39.1158
39.0947
39.0316
39.3263
38.7789
39.3895
39.1789
38.8632
39.0105
39.2421
39.2842
39.3053
39.6421
39.4947
39.7053
39.9789
39.7684
39.5789
39.3263
40.2316
39.5158
39.3895
39.7684
39.7895
39.9158
39.8316
39.4737
39.4105
39.6421
39.9789
39.8737
39.8737
39.8737
39.7263
40.0632
40.2316
40.2105
39.8526
40.0211
40.3158
43.2
40.2316
39.9368
40.6737
41.0947
41.1368
40.5895
40.8
40.5263
40.3368
40.3368
40.3158
40.1895
40
39.9368
39.9158
40.1474
39.6
39.7053
39.7684
39.3684
39.8737
39.5368
39.7263
40
39.5789
39.4947
39.6
39.6
39.6421
40.3158
39.8105
40.1895
40.0211
40.5053
40.1684
40.2316
40.4421
40.9684
40.9895
41.0947
41.5368
42.1895
42.1053
41.6421
41.4316
41.8105
41.8105
41.8316
41.5158
41.5789
41.3263
41.3474
40.7368
40.6526
41.0947
40.4842
40.9684
40.4421
40.3579
40.2947
40.5053
40.3368
40.3579
40.6316
40.6737
40.4421
40.4211
40.4211
40.5053
41.0105
40.4211
40.9895
41.5368
40.7158
41.1789
40.9053
41.2211
41.6211
41.1368
41.7053
41.0105
41.5789
40.7579
40.3789
40.0842
40.1474
40.4632
41.3684
40.6947
40.5053
39.9579
40.2947
40.1263
40.4421
40.3158
41.0105
40.8211
40.7789
40.6105
40.5684
40.6526
40.7789
40.6316
41.5368
41.5158
41.7053
41.7263
42
41.9579
42.3158
42.2947
42.4842
42.3368
42.7789
42.6105
42.0211
41.4526
41.4737
40.9263
40.9474
41.1158
41.4526
41.0947
41.3684
41.1789
41.2211
41.0947
40.9895
40.7368
40.8211
41.1789
41.4947
41.0947
41.3053
41.7684
41.3895
41.1158
41.1158
40.8842
41.0947
41.4737
41.1368
40.8421
41.1158
41.5158
41.7684
41.6211
41.8947
41.7263
41.4737
41.4526
41.2421
41.7053
41.2421
41.5789
41.4737
40.7789
41.0947
40.2316
40.9053
40.9263
41.0526
41.7895
41.6
41.4316
41.8526
42.2316
41.8316
41.7684
42.0421
41.7895
41.9158
41.7263
42.0842
41.5158
41.6842
41.5579
41.6211
42.1263
42.5474
42.3579
42.4842
42.7579
43.1368
42.9474
42.8
43.5158
43.3053
43.4737
43.0947
42.9263
44.0842
43.8316
43.6421
43.4947
43.8526
43.3895
43.8105
43.4316
42.8211
42.8842
42.8
42.7368
43.3895
43.2421
44
44.0211
44.8
44.6316
44.8842
44.7579
44.1474
44.0842
43.8947
43.5789
43.4105
43.2
43.1158
42.7368
42.2105
43.0105
42.8842
42.8
42.7579
41.5158
40.7158
40.8
40.4842
41.2842
41.5368
41.9158
42.2105
42.4842
43.1368
43.1368
43.3895
43.9368
43.1368
42.3789
41.5368
40.9053
41.5579
41.7474
42.4842
43.0316
42.8211
42.7579
43.0737
43.1368
42.2105
42.6316
42.1474
42.3158
41.7474
42.5684
42.4842
41.9789
42.4632
42.2105
42.0842
43.4105
43.3684
43.0526
42.0421
41.8526
42.2526
42.5684