44.9474
44.8211
45.0526
44.9684
45.3684
45.7895
46.4632
46.7789
46.7368
47.7053
48.0842
48.8
47.3263
46.7789
47.7474
49.6421
50.4
50.2947
51.7684
51.2211
51.2842
52.1263
52.7789
53.3263
82.7158
81.6842
81.7053
81.2842
51.1789
50.9263
80.4421
81.7263
52.9474
53.0737
53.2421
51.8316
52.3368
52.4421
53.6
53.1789
52.8632
52.3579
51.8947
52.8211
53.3895
52.3789
51.3895
52.5895
53.4526
54.3368
54.7368
54.5474
54.4211
54.2947
53.8947
53.2
52.0842
52.8421
52.4
52.1263
52.7579
54.1053
54.2737
55.2842
55.9368
55.8105
55.8737
54.9053
54
51.6421
50.6737
51.2421
51.0316
52.0211
53.6632
55.2
55.1158
54.4
54.3789
54.9895
55.2211
55.9368
56.7158
57.1158
57.4105
57.9158
87.2
56.9684
56.3158
56.0632
53.2842
80.9263
79.3895
47.9158
47.0947
46.9053
46.1474
44.6947
43.7895
43.3474
73.4526
43.4105
45.0105
46.1053
47.3684
47.8316
48.6947
48.2316
48.6947
49.6632
49.2421
49.0737
48.4632
48.5474
48.4
48.6947
48.6526
48.4
48.5053
48.3579
48.4632
48.3789
48
48.2737
47.2632
47.1368
47.2421
48.1895
46.6316
75.7053
75.3895
75.4526
75.2632
75.4105
76.0211
76.4632
77.1158
47.4737
48.4632
48.6316
48.8421
49.4526
49.3053
49.6211
50.2105
51.1579
51.9789
52.7368
51.7053
52.1684
51.2421
50.6947
49.2632
49.3684
50.2316
50.2947
49.6632
49.6211
48.7368
48.8211
48.1684
47.3474
47.0526
46.7368
46.6316
46.2105
46.4
45.7053
45.0316
44.9263
74.0842
73.8947
43.7053
44.0842
44.1895
73.4105
73.8316
44.4632
44.8211
44.0632
43.3474
42.8632
42.8421
42.3579
42.1895
42.0842
72.3789
72.0842
72.5053
42.8632
43.3684
43.2211
43.8105
44.1474
44.0421
43.5579
43.8105
44.0421
44.7368
45.6421
46.1053
47.2421
47.8105
48.9895
49.5368
50
49.3474
46.5053
46.3368
47.0316
47.6
47.7263
47.8737
47.7895
47.1158
46.5474
46.3579
46.4211
46.7789
47.8526
48.6947
49.9579
50.9684
51.7263
51.4947
51.6421
51.4737
51.8105
52.4
53.5789
55.1158
55.1158
54.0632
54.0842
54.3158
54.2947
54.2947
54.1053
54.2947
54.7368
55.8316
55.8526
56.1895
55.9579
56.3368
56.2947
56.0632
56.0632
55.5789
56.3368
56.4211
56.9053
55.6
54.9684
54.4842
53.8737
52.9895
52.9895
51.7053
52.6105
52.6105
55.0737
56
59.3053
60.7579
62.4
62.9684
63.7053
62.9263
61.7263
61.7474
59.6842
61.9579
59.0105
58.5053
88.9684
90.2947
62.6947
64.4
64.0632
64.4
94.0632
94.4211
94.5895
64.9895
95.1579
66.1263
95.7684
95.4737
65.3053
64.4211
63.9368
63.3895
63.0737
62.9684
62.2105
62.2316
61.9789
60.5053
59.3263
59.0947
56.8632
59.1368
59.7053
58.9684
58.8
58.2105
57.3053
57.9368
57.7474
56.8211
56.0632
55.7895
55.7263
55.3474
55.8526
55.8947
56.5263
56.8421
57.2842
57.9789
58.2737
58.6105
57.8947
58.2737
58.2316
58.1684
58.1895
58.8211
58.5263
58.2737
58.4632
57.9579
58.0421
57.7263
57.6
57.5158
57.1158
56.7158
56.8632
56.7158
56.4842
56.6316
56.7368
56.8211
56.5263
56.1053
56.0211
56.4421
55.9158
56.7789
57.0947
56.0211
56.0632
56.3579
56.3368
56.7579
56.8842
57.0737
57.6
57.3263
57.4526
57.6842
57.9368
58.4211
58.1474
58.8842
58.7158
58.9474
58.9263
59.0737
59.0737
59.0105
59.0947
59.2211
59.7895
58.8421
59.0105
58.3368
58
57.5579
57.8737
58.3579
58.4421
58.7158
58.8211
59.8737
60.3579
60.6737
60.8842
60.7368
60.2105
60.3579
61.3053
60.2947
59.4316
59.4947
59.9368
60.3368
60.8211
60.2947
60.2526
60.2316
60.2316
60.1895
60.5053
61.0316
60.8842
60.3368
60.4842
59.9579
59.9158
59.8105
59.6632
59.5158
59.8316
59.7895
59.1158
59.3895
59.4737
59.4737
59.3684
59.0105
59.4526
59.6
60.2526
59.3263
60.0632
60.5263
90.7158
60.6316
60.4632
60.6947
90.2526
89.6211
89.4947
89.7053
60.2737
61.1579
62.0421
62.4211
62.9053
63.4737
64.5053
93.5158
63.2
61.7684
60.4421
58.2105
56.2105
53.7053
52.2526
81.2842
51.7684
51.8105
51.4947
50.9263
50.1684
50.2316
49.9789
47.5579
46.0211
45.5789
46.1684
46.2737
48.0421
49.0105
50.1895
51.3895
52.6526
55.1158
56.8421
58.1895
58.4
58.5684
59.4316
59.2
59.4105
60.0421
61.0947
62.4421
62.6316
65.1579
65.6842
66.0211
62.2316
63.0526
62.4
60.5053
59.3684
58.5053
56.0211
56.0211
55.6211
57.6421
59.4316
60.7368
60.0211
60.5263
59.2421
56.8211
54.2105
54.5053
59.2421
63.4105
64.9684
66.3579
64.5053
64.9263
65.3474
64.9263
64.1263
61.8947
57.7895
58.0421
60.7579
60.8
61.0105
56.9895
52.3158
51.5368
49.8737
50.7368
49.9368
50.4632
50.8
52.4211
51.4526
54.2526
55.6842
56.3368
57.2632
57.8316
58.7789
58.2947
57.4316
56.9263
56.3368
55.0737
54.7579
55.0947
54.4421
53.9368
54.0421
54.2947
54.6526
83.8526
82.8211
82.0211
82.2105
51.9368
51.8105
51.6421
50.9895
49.5368
48.2316
77.1789
77.7053
78.4632
79.4316
50.6526
80.8632
51.9158
53.2
53.4947
54
53.3474
52.5684
51.9158
50.7368
51.5158
51.4737
52.1053
52.3579
52.8
53.0316
54.1263
54.4211
54.7789
54.2105
84.8
54.7158
54.4632
85.1789
85.6
56.4421
57.2
57.9579
87.9579
88.6316
88.9053
89.2421
59.4947
60.8842
61.6211
62.7158
63.6421
64.1263
64.2105
63.8737
63.9368
64.6737
66.6316
65.5579
64.8
66.8842
65.3684
63.6
62.0211
63.0737
63.0947
62.5684
60.2947
58.5684
55.4105
84.4421
53.6421
85.6842
55.5579
53.9158
54.3579
53.7053
53.3263
53.5158
53.1789
82.0421
53.8526
55.8105
57.7053
61.2421
62.5895
63.7053
66.6316
67.5158
68.1474
67.8526
66.5684
65.3474
64.5895
63.2
62.2526
61.4947
60.4421
59.3895
57.6
57.2211
54.7789
52.1684
51.2842
50.9895
50.4842
50.0421
79.7684
48.9684
49.2421
49.0737
49.0947
49.7263
50.3789
50.8421
50.6737
50.6737
51.0737
51.1368
51.0526
51.2
50.4842
50.1053
49.6842
78.7789
78.2947
47.8316
47.0105
46.3368
46.7789
47.6
48.9684
50.1895
51.7474
52.4
52.0421
52.8421
82.6526
51.7263
50.3158
48.5895
49.3053
50.9263
52
53.1579
55.4526
58.0632
89.7895
61.8737
62.3789
62.9053
63.1789
62.9474
62.5474
62.2105
61.8526
61.8105
61.7053
61.5789
61.6211
62.3579
63.0105
63.8947
63.8737
64.4421
64.2526
64.9474
65.2632
66.2316
66.3789
66.3789
66.6947
67.0105
66.2105
65.8526
65.4526
65.1789
65.7263
64.4421
61.7684
57.4737
55.9579
57.3474
57.7474
58.9684
60.2316
61.3053
62.9053
64
64.4211
65.0947
65.5158
66.1474
66.6105
67.7895
67.9579
67.9368
67.5789
66.5263
66.7368
67.2842
66.9474
66.6526
66.5474
66.5684
66.2316
65.5368
64.9263
63.9368
63.7053
63.1579
63.2842
63.2842
63.1368
62.6526
61.9158
61.1368
89.9158
60.3368
60.6947
61.7684
61.8947
62.4421
62.2947
62.5895
61.6632
60.7789
60.8632
60.8
59.5158
58.4632
58.5474
59.1158
59.4526
58.8632
58.7368
59.0316
58.1053
57.9579
56.8
84.3368
83.6842
82.1895
51.5789
50.8421
52.1684
53.7263
53.8947
83.5368
84.3368
84.9263
85.5579
55.2632
56.7368
57.0737
57.6421
57.7053
57.4737
56.7158
56.0632
55.4737
55.1368
55.0947
54
54.1053
53.6632
52.7579
52.9684
54.3158
54.9053
55.3684
55.3263
55.1579
54.3158
53.9158
53.9579
54.0632
53.3895
53.1789
52.9474
52.3368
51.6421
51.0737
51.7053
52.9684
54.7579
56.5263
56.3579
55.8947
54.8842
55.1158
86.4
57.3263
57.3263
56.9053
58.2105
58.9684
60.2737
61.4737
63.5579
65.6632
67.4105
66.8421
65.4316
63.7684
62.8421
61.8526
59.4737
58.2316
58.7368
59.4105
88.4842
87.2
55.4947
54.1474
83.3895
52.4211
82.1474
51.9789
52.4632
52.7789
51.9368
52.3789
54.1474
55.5789
59.2632
56.4
56.1895
55.9579
55.4105
55.4947
55.5368
55.0105
55.9368
56.8421
58.4421
62.3579
64.4
65.3263
64.7368
64.0842
63.7263
62.3368
63.4947
62.1684
61.1579
59.4947
58.3158
60.7158
64.8421
63.4316
65.4947
64.8421
64.3158
61.7684
59.0947
57.0737
85.6842
85.4947
84.5053
83.2
52.4842
52.4211
82.5474
82.4632
83.9579
55.2842
84.6105
55.3053
55.6842
55.4105
55.9789
55.5158
55.6
55.5579
55.6211
56.4632
56.8
86.9895
87.5158
87.6421
58.2316
58.2316
58.1895
58.3158
87.7263
87.4526
87.8105
87.9368
87.0316
86.8632
86.8421
86.5263
56.0842
56
55.1789
53.9368
51.8737
51.3895
51.5368
51.0105
50.3789
49.8737
50.9053
51.4316
52.1684
52.7158
53.4526
53.6421
53.5158
52.6316
52.0421
52.0842
52
81.6632
81.4316
80.2947
80.4842
81.7684
52.5263
53.2421
52.5895
51.6842
80.2737
50.2947
50.1684
50.3158
49.4105
49.4526
49.9579
50.1474
79.5579
77.9158
47.6632
48.1895
78.3789
78.9474
79.2211
51.2
51.7895
52.0842
53.1158
54.4632
54.9053
53.9789
54.5053
55.0105
54.7368
54.8211
55.4105
54.7789
52.6737
50.9895
49.6842
49.2211
48.8632
48.8
48.6105
48.2105
48
48.8421
48.9263
49.0737
50.2105
50.5474
51.2211
52.1474
52.9474
52.8421
53.9579
54.7158
55.3053
56.1053
55.8316
54.8
55.1158
55.8947
86.7789
57.6421
58.4421
58.9684
60.2526
60.1263
61.2
62.5474
62.4421
62.8632
62.0421
61.8105
61.9368
61.1158
59.5158
57.4526
56.2105
54.7789
53.6211
82.6105
81.2211
81.3684
80.2526
80.1053
80.6105
80.5684
80.1684
81.8737
83.0105
83.8737
56.6947
88.3158
60.1895
61.0105
61.0737
89.9579
90.4
89.2
89.0947
58.9895
87.6421
86.4632
85.8737
56.6105
57.0316
57.3474
57.8316
58.4632
59.0105
88.9684
88.2737
55.9158
54.8632
54.3789
53.1368
51.9789
52.4632
53.2632
53.3053
53.8737
54.5053
55.1158
54.8211
54.6947
54.5053
53.9158
82.6947
52.9474
53.8737
54.5263
55.2
54.6737
54.4211
55.1158
55.1789
55.3053
55.0316
55.0947
54.6947
53.9158
54.4211
54.4
53.2842
52.8842
52.9474
53.8526
55.4947
54.9053
55.9789
56.3789
56.5684
56.8
57.4105
57.0947
58.0632
86.6947
85.8947
55.6632
55.4737
54.9263
85.3684
56.4421
57.7684
90.3158
91.9368
92.6737
64.4632
64.8842
64.6105
64.0842
63.6421
63.7684
63.2632
62.9263
61.2842
60.4
60.1053
61.3263
60.8842
60.8842
59.6421
59.0526
59.5579
60.3789
61.5368
61.1789
60.3579
59.9789
58.5895
58.9474
57.1368
55.7684
54.1053
52.4211
52.0211
52.2526
51.4316
51.4316
50.9053
51.5368
52.5474
53.4947
54.8632
56.1263
57.3895
57.0526
57.3053
58.3158
59.4105
60.0211
59.8947
89.0316
89.7263
91.0105
91.8526
89.6842
86.4632
52.7368
48.1263
44.7368
73.6211
44.4632
45.8947
48.1684
49.7684
52.3789
53.7263
51.9368
77.6211
46.2105
46.5474
45.8737
45.5579
45.9158
45.5158
44.9474
45.0526
45.7263
45.9368
76.5263
45.7684
46.3579
46.2526
46.0211
46.0842
75.7895
75.3263
75.1158
75.6842
46.6316
77.0947
48.0842
79.0105
51.6842
53.0526
52.8632
81.4737
81.0105
50.3579
50.2526
50.3158
50.1474
50.3368
51.2632
51.9368
51.4105
50.8842
80.1895
49.5789
50.5053
52.2737
52.0211
51.6211
80.2947
52.3368
52.1684
51.4526
48.5053
47.6842
47.1579
46
45.5789
45.9579
46.5684
47.2421
48.1895
49.2842
79.9579
79.4105
79.6421
49.5579
50.5895
49.8737
47.8947
46.8842
46.2526
44.7579
43.3263
41.4105
41.6211
41.8105
42.0421
42.1684
42.8211
43.0316
43.3474
44.0632
45.6842
46.5053
47.6
47.2632
47.7895
48.2947
48.2316
48.3579
48.1053
47.3474
47.2211
47.0947
46.5263
76.4211
45.7684
45.0526
44.5684
44.1263
43.5368
43.3263
43.3684
43.7895
44.0421
43.8947
43.9579
44.1895
44.1684
44.2105
45.3263
45.3895
45.6421
46.0632
46.3579
46.2316
46.8842
46.9684
47.5368
46.9684
46.5474
46.0211
46.0842
45.8105
45.3263
45.4105
45.7474
46.0632
46.2316
45.8316
45.8947
45.5579
45.6
45.7474
45.8947
46.3158
46.6737
46.6105
47.2421
47.1158
47.3895
47.5579
47.3684
47.0105
46.5684
45.8737
46.0632
46
45.8947
75.6632
46.4421
46.1263
45.7053
45.3895
45.3895
75.7474
75.8947
46.3368
46.3789
45.8105
45.5158
45.0737
45.3895
45.4526
46.2316
47.3684
47.1789
76.7789
46.1895
45.5579
74.2316
74.3789
45.0947
45.2632
45.4947
45.4737
46.1474
46.2105
46.6105
46.9895
46.6947
46.3368
46.1895
45.8526
45.5789
45.5158
45.1579
45.0737
45.1368
45.0947
44.7789
44.5895
44.5263
74.1684
74.2526
74.4211
44.4842
44.5895
44.4211
44.2947
44.6316
44.4632
45.0105
45.4316
45.5368
45.4316
45.3684
45.3474
45.3895
45.3895
44.9474
44.5263
44.9053
44.1474
43.8737
43.4316
43.8526
42.5263
42.9263
42.9474
43.2632
73.2
73.8947
44.6737
45.9579
46.5263
46.5053
46.1474
46.8
47.5579
48.4211
51.0105
51.8947
53.2
53.4737
54.4
84.0211
84.0632
84.1474
54.2947
53.6421
54.1053
55.2
55.7053
55.2842
54.1263
52.1263
49.4105
46.8211
44.5053
43.1789
44.0421
45.6
47.7684
49.6632
49.7053
48.8842
48.0211
47.5789
76.4842
74.6947
73.6211
43.9368
44.0211
44.3579
44.6947
45.6632
45.9158
46.4842
47.0947
47.1158
47.2421
46.5263
76.0842
46.5053
45.9579
45.7895
45.6632
45.3474
45.2211
44.5684
44.2105
43.3474
43.0105
43.2211
43.0316
43.4737
43.3684
43.1579
42.5263
42.8421
42.7579
42.8842
42.9474
42.5684
42.9053
43.0526
43.3895
43.7684
43.6211
43.9579
44.9053
45.8737
76.9263
78.1053
80.5895
82.4211
83.1579
83.8316
53.2632
53.2842
52.9684
52.9053
52.4632
50.4
46.8
43.4105
43.4316
44
74.6737
75.2211
47.4737
50.3368
50.4421
50.6526
50.8211
50.8842
50.0421
49.4105
48.6105
47.9579
47.7474
47.8316
47.9789
48.1684
48.2316
48.1263
47.3053
46.6105
47.4947
47.7895
48.0421
48.7368
49.1368
50.3368
51.9158
54.4632
55.3474
83.9579
52.5263
51.5368
50.2526
48.5474
47.3263
46.4421
75.6211
73.7684
73.7263
44.2316
44.2737
45.1789
45.6842
46.8
47.5368
48.6526
50.8211
50.8211
49.8947
49.0737
49.4526
49.7684
48.8421
47.5368
77.1158
45.4316
45.0737
44.6947
44.7158
44.3158
43.9158
44.0632
44.2105
44.6105
45.1158
74.8421
46.0421
47.5368
78.0211
47.3053
47.4316
48.1053
49.1789
48.1684
78.3579
49.4947
50.1263
49.6632
50.3789
51.3263
53.0105
53.8105
54.4632
55.6421
56.3158
55.2842
55.5579
55.8316
54.9053
53.7263
52.8842
51.2211
79.6842
49.7684
49.6
49.3263
48.6105
48.1053
48.3158
48.4
48.1053
47.8947
47.3684
46.7158
46.0842
45.3053
45.1579
45.6632
45.8316
74.6947
74.8211
75.3474
74.7579
76.9053
78.3579
81.0526
53.8105
55.8947
55.6
51.1158
47.2211
47.3263
47.0316
46.5053
47.0947
47.9579
49.1579
49.7474
50.6316
52.2105
52.1053
52.9053
54.1895
53.8947
52.5895
50.3579
50.2105
49.6421
49.7263
50.6105
51.7895
52.3368
51.8737
50.9895
50.4632
51.3684
50.9474
49.6
48.7579
49.0526
48.2737
48.6316
47.6421
46.4632
45.7684
45.3053
44.5474
44.1684
43.7684
44
44.1895
44.4842
44.5684
44.8211
44.5474
44.5684
44.5684
44.5474
43.7263
43.8105
44.0211
44.5474
44.9053
45.2632
46.2526
47.0316
47.4316
46.8632
46.4421
45.9789
45.4316
44.9263
44.8842
44.9474
44.5474
44.2526
44.2316
44.0421
43.6
43.3895
43.6211
43.6632
43.8105
43.8737
43.7053
73.6421
43.1789
42.6105
42.8842
43.3053
43.5579
44.7158
45.1158
44.7368
44.7368
44.5895
44.9684
44.6947
44.1053
43.4105
43.4947
43.2842
43.1158
43.4737
43.9579
74.4632
45.3895
45.4737
45.8947
46.5263
47.0105
47.6632
47.9368
49.0526
50.4842
50.2737
50.1684
51.2
51.6
52.6105
53.0947
52.3789
52.1053
52.1684
52.2947
51.4105
51.0947
51.0737
50.3789
49.8737
49.4526
48.4632
48.5684
48.3158
47.5368
47.6
47.9579
48.0842
48.2947
48.7579
48.6526
49.3474
49.3263
49.5789
49.8526
50
49.7053
49.7895
49.9579
50.1474
50.1263
50.6316
50.8211
50.8
51.5368
51.4105
51.6632
51.8947
52.2737
52.3158
52.4211
51.7053
51.4316
50.7368
49.5579
48.5053
48.5263
47.9368
47.6421
47.7895
48.0421
48.0421
48.2316
48.2105
46.9684
45.7474
46.1053
76.6105
76.8421
76.8
76.8211
76.2316
45.6632
43.9368
43.4947
44
44.1474
43.7684
44
43.4316
43.6211
43.7053
43.9368
43.9579
44.6105
45.1789
45.3263
45.8316
45.9368
47.0526
47.1158
48.0211
46.6316
46.8211
48.1053
49.5158
50.5895
50.8211
51.6632
51.2421
51.2
52.2947
52.6526
52.8421
82.3368
81.9158
81.5789
81.9158
51.7684
51.3053
51.3474
80.6947
52.4
52.8211
52.9895
52.9053
51.8947
51.9789
52.6105
52.9263
52.9263
52.9053
52.7579
52.0421
52.5895
54.3368
53.0947
51.8947
53.3474
54
55.1368
54.8421
55.3263
55.2421
54.8842
54.7158
53.9789
53.0316
52.5474
52.1895
52.6947
52.7368
52.1684
51.4737
51.7684
52.6316
53.2842
54.2947
54.8632
55.6421
55.7684
55.6842
55.4316
54.8211
53.7053
52.0421
51.0316
50.8211
51.2211
51.2
52.4421
53.8526
54.9263
54.9895
54.6316
54.4
54.1684
55.0105
56
56.3579
57.2
57.7474
57.1158
57.5789
86.5053