62.5357
62.4478
62.7774
62.2281
62.1841
62.3599
62.7774
63.5465
63.7442
64.7989
64.8429
65.3702
65.7877
65.9635
66.1833
66.4689
66.0075
65.3702
64.8868
64.1178
64.0299
63.1729
62.6236
63.6783
63.2388
63.6563
63.6563
64.1617
64.3815
65.2384
66.0514
65.0846
64.9528
64.6232
64.4913
64.755
63.898
64.2716
65.2824
65.3922
65.6779
65.9416
66.8205
66.425
66.2272
66.4909
66.5568
66.8425
66.9743
66.8644
66.2711
66.6447
65.8976
65.6339
65.0846
63.3707
63.3487
62.9532
62.9752
63.129
63.3707
63.92
62.9093
63.4586
63.7882
63.6344
63.8761
63.7223
63.6124
63.898
63.7003
63.0191
62.3599
61.9424
62.4478
62.5797
61.7886
61.3272
62.0303
61.8765
62.1182
62.3379
61.5249
61.5249
61.8985
61.7007
61.0635
60.8877
60.4702
60.4483
60.4702
60.3164
59.6133
59.7671
60.0308
60.8657
61.2173
62.0083
62.4698
62.3599
62.0962
62.5577
63.2828
62.294
62.8873
62.4698
62.1402
61.6348
61.6568
62.1182
62.4698
61.8326
61.8106
61.1074
60.7339
60.2505
59.3716
59.4814
59.811
60.4043
60.5361
62.4039
63.8761
64.0519
64.4254
65.0626
66.0075
65.59
66.1833
66.7985
65.7438
65.8317
66.8864
66.4909
66.6007
66.1393
66.6447
66.381
66.8644
66.0954
66.6667
66.5348
66.1613
65.8097
65.9416
65.59
65.7218
65.6998
65.7658
66.0075
65.3263
65.6779
65.3043
65.4142
64.9747
64.7989
64.4254
64.7111
65.9855
65.7438
66.2711
66.7546
67.0182
68.007
68.1169
67.6774
67.5236
67.9191
67.4797
68.3147
68.3586
68.3147
68.4245
67.8093
67.2599
66.6227
65.6998
65.6339
65.2824
64.755
65.3043
64.8429
64.9747
64.6232
65.0846
64.9528
64.3375
63.151
61.7886
60.3384
59.3056
53.4828
58.3169
57.5698
58.0312
58.2509
59.3056
59.877
60.1406
60.9536
62.0523
61.9864
61.8985
62.9312
64.0519
64.9308
65.8756
66.1613
65.4142
66.2272
66.359
64.8649
64.4034
64.2057
62.7774
62.5357
61.3052
60.7559
60.2944
60.9097
61.8106
62.6016
62.316
63.2388
62.4258
63.129
62.7115
62.6236
62.1622
61.7227
62.3379
61.7227
61.6128
61.8985
62.8873
63.4586
63.3927
64.1837
64.777
65.4362
65.2164
65.2824
65.6779
65.6998
66.359
66.7546
67.7653
67.9411
68.6223
68.5783
68.9299
67.9851
67.7873
68.2927
69.0837
68.4685
68.1389
70.5339
68.1169
66.3151
66.6007
65.6339
65.0846
65.4801
64.6232
63.4806
61.6788
61.5689
62.0083
62.5577
63.3267