52.2083
53.0433
54.5375
55.3724
55.5922
56.7348
57.4819
56.4052
55.0648
53.4388
51.8787
50.2747
50.2747
50.5823
51.6809
53.241
55.3724
56.7568
57.1523
56.1415
54.3397
53.9442
52.3621
52.1863
52.3401
54.12
55.3065
55.6361
56.559
57.9433
57.9433
56.537
53.8343
53.8343
53.1092
52.428
52.5599
53.9002
55.768
57.6357
59.1958
59.7451
59.7451
56.1855
54.6473
52.6478
51.4612
51.0218
51.2854
52.2742
54.0321
55.1307
56.6908
57.9433
56.4052
54.3617
53.4828
52.1424
51.3953
51.4173
51.5711
53.4388
54.911
55.9877
57.3061
87.0798
85.7614
55.7899
84.1354
81.5865
81.6744
81.2349
81.5865
52.6258
53.3509
54.1859
54.5375
52.9334
51.5711
50.7581
49.8791
78.2465
78.2465
77.5214
76.6645
75.6976
45.067
44.9791
45.4186
45.2868
75.4779
75.6537
75.6317
47.0226
47.3303
47.3742
47.4621
77.6093
77.895
77.873
47.8576
48.4729
49.0002
49.22
50.2747
50.7141
51.3953
51.8787
51.2415
51.0218
50.9339
51.2195
52.8016
53.7464
55.3724
56.559
57.9653
59.1299
57.394
56.0976
54.933
52.7357
52.2083
51.8787
52.5599
53.1092
54.6693
56.4711
57.8994
58.5586
57.5917
55.1967
53.9222
52.7357
53.1751
52.7137
54.3837
55.8778
56.4052
58.4267
59.6792
59.6133
57.7016
56.581
54.4276
53.6146
82.0918
82.9268
53.3509
53.1532
54.911
87.1017
88.5739
88.7497
88.4421
56.1195
84.1573
83.0147
82.2896
81.9161
81.9161
53.8783
55.2406
56.8227
58.3828
59.7012
57.9433
84.9044
82.3995
51.2635
50.8899
50.9558
51.0657
82.773
53.6146
54.8011
56.4272
57.4599
58.3828
57.9653
55.6581
53.8343
51.7029
50.2307
50.3845
49.9231
49.9231
51.0437
50.5823
50.9119
51.2415
51.7249
52.6917
54.2958
54.6034
55.0648
55.6361
53.9002
52.1204
51.0437
50.7361
50.033
49.4617
48.8684
49.3078
49.2639
48.9563
49.3957
49.7253
49.7473
49.8572
51.0437
51.9227
53.9662
55.1307
56.6029
57.7675
58.5366
56.7787
53.3729
49.9231
45.6823
45.4186
44.8033
74.1156
74.0057
44.8033
44.1222
45.0011
45.3087
46.6711
47.2204
48.6486
49.176
48.6486
48.8684
77.4995
75.7855
74.2694
73.9618
74.0277
74.4232
75.0165
75.1263
75.3241
76.203
76.7963
77.3456
78.4882
49.7034
50.4285
50.2527
49.0661
78.0708
76.8622
76.5326
76.5546
46.4953
47.3303
47.7917
48.6706
49.7253
50.2747
50.9119
51.2854
51.3514
80.0483
50.6702
79.3452
51.1316
50.3186
50.846
51.9227
51.1756
52.6258
51.2195
51.7469
81.6963
50.2087
50.1868
50.7141
48.8244
50.033
77.873
48.4509
47.55
47.3742
48.5608
48.1433
48.7805
49.5056
49.2639
49.8132
49.7253
50.0989
50.3626
79.7407
50.5383
50.9119
49.8572
49.3518
49.7913
49.5715
50.1209
50.1428
50.0989
49.9231
49.3518
49.9451
49.8572
50.011
50.9119
51.7908
51.5931
52.2083
52.45
52.494
52.3182
53.4608
53.5926
54.4276
55.9437
57.1083
57.372
57.8334
58.3388
59.4375
59.833
60.2285
60.9756
61.2393
61.0196
60.9536
61.7227
62.3819
63.0631
62.8214
63.5684
63.8541
63.964
64.1178
64.0738
64.4693
64.4034
62.6456
62.3599
62.6236
62.8873
62.1402
61.3931
61.8765
62.272
62.7554
62.5797
62.8653
61.9864
62.2061
61.7666
61.4151
59.4595
59.7012
60.4263
60.7119
61.8985
62.5137
62.6895
61.9424
60.7119
60.0088
59.7012
60.0308
59.6133
60.3384
61.4151
62.4258
61.8545
61.6568
61.7447
61.7227
61.1734
60.0967
60.3604
90.991
91.7381
62.3599
63.7442
64.755
64.1397
62.1841
63.107
61.6128
61.0415
90.0901
60.5801
91.2986
62.6675
63.964
64.1617
63.3927
64.2057
93.2982
92.8807
63.0191
63.0631
63.6563
64.755
64.6451
95.0341
63.3707
62.9093
62.5797
61.7447
61.481
60.9976
61.3711
63.5465
64.6891
64.9967
63.3707
60.5581
59.9648
59.2397
58.7124
58.4267
58.3828
58.3169
58.8882
59.7231
60.5581
61.459
62.6895
62.8214
60.7779
58.4707
56.6908
55.9437
55.2846
54.6254
54.1639
53.307
52.9114
53.1751
52.3841
52.0545
51.7469
51.2854
50.7361
51.0218
50.6922
51.5271
52.3841
52.6478
52.6697
53.263
52.9114
53.9002
54.5594
54.076
53.7684
53.0653
53.6585
53.3949
53.4388
53.9222
54.3397
54.6913
55.3285
55.2626
55.5702
56.2733
56.1415
55.9877
56.2953
56.1635
56.6469
57.5698
58.8442
59.4375
60.8438
60.8657
60.9756
60.4922
60.646
90.4636
60.0967
61.3931
61.5249
62.316
62.3599
61.7227
91.4524
61.9205
90.3538
90.3977
60.4263
89.5847
59.811
90.5076
91.2766
62.294
92.5731
92.4192
61.3492
58.6904
59.1079
58.4487
57.7895
58.4047
58.8222
62.0743
64.9747
64.4913
63.2388
62.6236
61.7007
60.7339
60.4922
61.3272
61.8985
63.129
63.107
61.5469
90.9251
90.9251
89.365
58.5805
58.4926
59.6572
60.9756
91.826
61.2393
60.2285
59.2397
57.6796
56.581
56.8446
57.416
58.5366
59.3716
60.5142
59.3716
59.3276
59.6572
57.5698
57.2621
58.7783
58.8003
60.3164
60.4043
60.4702
59.2837
59.2397
58.207
57.372
56.7348
56.2294
57.3281
58.185
59.7451
61.6568
60.9756
59.3935
57.8774
56.6029
55.1307
54.9769
55.9218
57.416
58.6465
90.5955
91.5183
59.7671
58.6904
57.372
57.3061
57.35
58.2729
88.7278
89.365
90.4197
60.2725
60.0967
58.3828
57.2402
56.2733
57.1523
58.8442
59.5693
61.2173
61.9424
60.3384
58.6465
58.0751
56.6908
56.3173
56.3612
57.5478
58.8222
60.668
61.3272
61.0196
58.9321
58.0751
57.1962
55.9657
55.8778
57.4599
58.5366
60.2944
60.5801
59.1518
58.6904
57.0864
55.8339
55.6361
56.0097
56.7348
58.4487
60.0308
61.7447
60.4922
58.4267
57.4379
56.2514
55.4164
56.2294
56.9106
58.7124
60.5361
62.3379
63.3927
61.2832
58.3388
56.4931
54.6473
54.5814
55.5702
56.3612
57.5478
58.9321
58.7563
57.416
56.1855
56.0097
55.1307
54.4276
55.5263
56.4931
57.8334
58.8003
90.7493
63.5465
63.92
61.7666
90.5515
90.3098
60.8438
62.0303
62.4478
63.2169
63.898
93.6278
93.5179
93.0784
62.3819
60.4702
57.1742
54.4496
52.5819
51.9666
51.3953
51.8348
51.3953
51.2195
51.1096
50.8899
50.9339
51.0218
51.659
51.7469
51.615
50.9778
50.3626
51.2635
50.8899
50.9119
50.1428
49.967
49.8352
50.9339
51.3953
52.2303
52.2083
51.3294
50.6702
49.7693
49.6374
49.967
49.4836
48.7365
48.341
49.0222
48.2751
47.0226
46.3415
47.55
47.528
77.3896
76.8183
78.0708
47.7258
77.2797
47.5939
47.6599
47.7477
46.5392
46.3634
76.5326
76.8842
48.2751
49.3738
50.8899
52.0105
53.0213
53.2191
53.1532
51.7469
51.0437
50.78
48.5608
49.1101
47.6818
50.1209
49.2419
51.2415
51.3294
52.9554
83.8277
84.5748
86.1349
56.6029
84.7726
82.773
52.494
50.824
49.0222
49.2639
50.2307
50.8899
52.494
54.1419
56.1415
55.5922
53.7025
52.6917
50.6043
48.6047
48.5608
48.7365
79.9824
51.4612
53.0213
55.0648
55.1747
51.7908
50.2966
79.8726
79.521
51.4612
85.3439
84.9484
85.8493
85.4318
54.4496
54.5594
81.8721
82.5093
54.7572
55.1747
57.2402
58.4047
58.0312
56.2294
55.6142
82.9268
52.2523
52.45
53.8343
54.5375
56.1855
56.9765
55.1747
52.8455
51.4832
50.4944
50.4285
80.8833
52.0984
54.3837
56.0756
56.2953
55.5922
84.5309
83.0147
52.3401
52.2303
52.8236
83.6739
85.4757
87.1017
88.2443
56.4491
54.5375
53.4828
82.9927
54.3617
55.2626
57.1303
56.4052
57.5258
56.9545
53.241
52.8895
51.3074
50.9998
51.8567
52.8455
84.3551
56.0756
57.2621
56.9106
54.9989
53.0872
52.1863
51.7908
53.4168
54.1419
55.2406
56.3612
57.1523
57.1742
55.5482
53.0872
51.4173
50.0989
80.1143
80.5537
52.494
55.1088
57.372
57.1303
55.5702
53.9881
53.3729
52.0545
53.1751
53.6366
55.7899
56.8446
57.0644
59.5254
58.7563
55.6142
54.5594
53.1092
52.9334
53.3729
54.6254
56.4711
58.5366
59.4814
59.877
58.3388
55.8998
53.7904
52.2083
51.1756
51.0657
52.8675
52.9334
55.3285
57.5258
57.5698
57.416
55.3724
54.1859
52.9114
51.2854
51.3514
81.8941
82.5753
85.0143
85.6955
57.0424
57.3061
86.091
85.4757
84.2892
82.795
52.0325
81.4327
51.5491
52.1204
52.7796
53.3289
53.5926
54.2958
53.5706
51.9666
51.5271
50.802
79.8945
78.4663
78.4004
78.0268
46.737
46.6711
44.9352
44.7374
44.7374
44.7594
44.9132
45.5504
45.4845
46.0778
46.6051
46.9787
47.1764
47.7258
77.4555
77.9169
78.3784
78.4004
79.2573
49.9011
50.4944
51.2195
52.1424
52.428
51.4832
51.4612
52.0765
52.0765
52.7137
53.0653
55.0209
56.581
57.7895
59.4375
59.1958
54.933
53.9662
52.6697
52.2083
51.8567
52.5379
53.1751
54.5155
56.2514
58.0532
58.4487
55.8778
54.2738
53.4168
52.5599
53.1751
54.1419
55.8339
57.394
58.9101
59.4814
56.3612
56.8227
53.6146
52.7796
82.6192
83.0806
53.8123
84.9264
86.9479
58.9321
59.3496
57.35
54.6913
83.3663
82.9708
81.982
82.6632
54.0101
55.9218
57.9653
59.02
58.6245
85.0363
51.8787
51.1096
50.9558
50.8899
82.2237
53.5706
54.8011
56.3832
57.9213
58.163
55.5043
83.63
50.9998
50.2527
50.5823
49.8132
50.8899
51.1756
51.9007
51.7469
53.1092
54.4496
54.6913
55.4384
53.8783
51.9886
51.2195
50.5823
49.7473
49.4617
49.0442
49.3518
48.5608
48.6486
49.3078
49.4397
50.0769
51.7249
53.263
54.4496
55.6361
56.8007
56.537
56.4711
54.2518
50.3406
47.55
45.7702
45.6383
74.5331
74.3133
74.1815
43.9464
45.045
45.4406
46.4294
46.6491
48.4509
48.9563
48.4509
49.154
77.873
76.7963
74.8627
74.0057
74.0057
74.4452
74.6869
75.0824
75.2802
75.434
76.8183
77.895
79.1914
50.4505
51.8128
51.0218
49.9011
48.7585
47.2863
47.2424
47.2424
48.1652
49.2419
50.5823
51.4392
82.3116
80.7954
51.2195
52.5379
80.5318
52.0984
80.9492
52.7357
51.9886
84.6407
53.9222
55.0209
54.7132
55.2846
56.2953
54.9769
84.399
84.6407
84.1354
82.9268
83.6519