416.572
406.412
412.544
412.074
405.611
408.283
402.642
397.977
396.585
392.537
382.547
369.701
350.29
342.93
354.4
356.787
358.951
357.916
347.863
353.711
355.369
356.149
357.651
362.741
369.965
374.012
384.67
392.253
392.014
383.331
378.912
372.433
371.133
367.269
371.04
367.434
370.455
378.233
377.829
380.457
392.656
398.532
386.538
384.222
366.798
345.341
324.858
319.551
328.128
330.587
341.1
345.857
349.044
354.571
364.828
366.15
358.572
361.66
349.606
339.879
332.82
334.701
331.962
324.035
321.334
317.335
324.796
327.116
327.835
325.438
338.811
338.488
342.078
349.977
358.272
365.76
374.545
374.499
385.374
393.693
392.655
380.451
366.329
354.822
339.825
334.373
343.714
365.514
374.803
366.554
375.107
357.353
351.551
329.068
318.928
302.525
297.077
290.132
301.517
312.158
328.239
322.615
327.915
326.161
328.734
339.348
347.868
354.105
358.69
365.146
367.936
368.086
362.748
368.039
376.323
387.647
402.108
408.285
385.676
380.444
390.968
389.063
384.808
382.371
374.146
371.685
369.369
377.02
379.001
382.101
382.209
374.534
369.093
361.143
346.565
346.475
342.712
350.075
354.051
359.262
356.021
358.916
355.904
353.872
357.702
355.136
355.474
364.778
358.985
355.383
356.483
361.122
359.071
364.31
381.325
388.541
376.998
392.386
381.351
386.228
377.503
390.436
392.152
401.665
387.424
390.963
407.227
428.038
435.18
425.472
426.806
429.439
437.22
431.866
430.873
429.55
416.062
399.625
378.014
381.687
403.617
439.056
443.567
450.845
443.661
443.984
442.435
439.736
416.495
395.65
391.722
382.028
383.887
395.226
373.241
357.313
362.465
367.452
370.956
380.444
387.063
385.735
365.992
323.155
302.295
308.486
312.454
299.44
282.283
299.8
301.155
291.453
287.174
277.591
288.46
299.176
312.927
305.239
307.544
299.983
293.675
308.612
279.609
315.683
288.694
305.329
311.377
321.564
307.938
276.455
269.795
267.818
286.246
313.858
287.953
289.571
297.863
297.896
286.796
283.002
284.231
290.061
276.125
269.738
288.49
284.937
306.211
311.345
303.426
292.229
308.408
298.44
302.054
293.51
285.062
282.581
306.69
345.694
328.668
359.555
327.138
338.389
322.726
347.579
340.447
359.988
371.431
334.191
353.975
337.167
324.498
312.516
305.232
296.701
293.473
282.472
279.152
283.515
287.41
293.763
290.992
301.29
313.067
336.113
349.73
333.914
330.579
365.435
362.498
379.247
380.678
370.842
388.418
392.628
378.312
379.674
372.502
382.917
394.643
408.857
411.142
416.624
422.194
435.193
466.276
460
500.109
495.976
514.461
541.652
559.801
545.803
500.197
528.634
526.821
527.918
517.488
512.255
506.045
513.575
513.901
527.819
531.975
524.405
526.604
536.461
537.063
519.804
502.43
478.679
480.287
492.403
481.435
490.58
487.614
452.039
412.004
403.841
403.638
407.774
408.934
398.635
397.054
394.522
391.173
390.544
391.585
387.889
390.564
370.542
388.127
391.401
397.125
384.4
388.5
380.643
383.979
381.952
394.629
396.446
423.961
427.792
410.018
383.753
341.839
346.184
317.592
339.489
328.275
336.357
329.759
337.014
329.12
346.989
357.431
363.3
378.036
358.797
358.671
344.893
352.84
348.225
351.581
343.331
345.194
344.683
343.233
315.929
332.246
325.437
317.558
323.925
322.098
345.994
333.403
352.278
349.749
377.038
372.098
393.881
384.532
370.858
363.941
357.288
361.568
341.948
349.619
349.118
352.779
360.732
365.469
375.961
364.925
354.431
366.244
373.141
385.377
376.486
381.224
397.333
419.589
429.941
437.604
434.639
432.584
461.616
456.837
463.673
479.782
503.238
521.521
498.913
434.063
375.435
375.068
369.573
363.423
371.725
367.274
355.038
359.162
367.906
389.737
398.692
413.131
402.932
395.38
370.239
388.059
386.995
395.719
406.453
437.442
446.151
489.215
478.482
492.92
501.754
505.754
540.135
517.062
516.751
517.639
471.748
431.106
403.928
383.161
355.689
349.547
354.912
343.372
332.577
339.859
352.678
362.965
358.674
355.868
355.529
338.074
341.13
353.004
346.649
375.312
355.42
355.631
343.344
331.97
340.789
341.009
346.776
363.55
358.725
376.768
372.957
387.485
385.383
368.124
364.68
341.045
353.927
367.85
383.74
371.405
399.582
387.681
402.695
414.811
424.991
435.985
438.016
453.684
461.723
490.066
456.405
498.657
479.672
464.459
480.663
474.319
465.772
466.449
489.394
491.367
452.477
454.234
320.253
313.71
311.32
317.573
337.793
399.374
354.314
272.628
269.016
276.089
270.061
274.834
289.003
294.491
311.035
300.853
321.224
323.169
353.299
360.632
348.316
352.709
343.381
346.801
362.309
362.075
350.54
330.265
326.657
347.583
353.851
354.706
347.954
330.996
354.881
349.749
354.282
370.399
375.83
369.513
346.367
364.759
372.393
365.023
370.235
368.313
378.856
392.791
388.099
382.741
377.845
377.302
382.284
378.047
386.768
392.261
396.249
400.076
401.174
396.93
399.943
401.796
401.007
421.834
433.338
434.868
441.454
443.152
436.189
439.821
474.572
490.791
533.416
555.105
629.018
558.109
505.025
511.063
477.063
428.455
500.078
443.906
397.407
381.847
380.645
394.334
386.21
403.941
400.585
411.902
416.039
428.556
431.964
413.604
414.322
414.549
412.522
396.258
404.964
416.725
407.825
417.726
398.191
370.349
346.801
309.458
287.07
280.199
292.539
291.784
285.77
294.314
308.804
324.055
333.122
346.635
353.765
350.064
351.089
357.873
355.636
349.877
358.534
369.914
382.618
396.664
402.532
410.429
399.481
436.055
452.185
439.525
450.029
455.152
450.738
473.739
499.109
514.908
523.437
530.406
514.647
516.804
527.603
528.788
552.75
551.043
579.513
599.609
616.758
630.3
619.979
598.645
602.179
619.525
634.752
629.793
596.152
546.83
540.767
548.61
550.537
595.461
598.334
610.126
574.875
585.273
566.815
542.038
556.676
577.911
582.494
568.911
568.583
542.156
500.263
510.446
521.281
495.934
468.164
472.912
480.065
540.66
558.337
589.545
605.028
619.595
596.76
520.637
538.325
582.012
516.132
477.985
483.457
495.392
481.169
472.827
451.271
446.669
436.663
464.875
455.437
468.153
514.437
549.289
535.671
553.793
539.743
519.156
515.944
526.823
510.057
522.993
522.735
524.175
498.839
496.595
490.672
472.64
446.823
455.788
458.112
450.827
460.099
474.316
473.055
462.048
486.331
480.871
486.133
492.805
494.089
495.704
480.881
471.667
482.035
494.24
500.461
507.283
510.327
513.956
517.981
519.503
524.199
528.004
535.135
549.563
556.217
563.446
565.132
574.436
589.74
604.87
593.613
581.747
567.222
560.781
553.774
553.969
559.98
576.046
582.444
577.703
579.18
582.321
569.729
563.224
560.845
548.611
537.918
529.113
529.04
527.022
532.122
528.664
523.354
521.334
522.882
523.347
520.27
516.909
513.566
508.898
507.958
509.399
509.193
515.492
517.227
513.374
514.804
513.141
514.132
512.647
513.473
516.088
515.943
515.236
515.786
514.321
514.784
515.864
518.494
518.031
517.284
517.447
517.094
515.578