589.814
604.611
620.808
647.805
726.584
640.432
688.364
698.115
726.658
766.417
862.768
781.498
840.931
876.422
941.036
1032.34
1265.97
1310.09
1183.31
1232.19
1286.39
1272.56
1276.84
1291.11
1287.92
1278.48
1293.03
1396.65
1341.98
1290.42
1255.77
1328.82
1383.06
1357.36
1334.47
1328.62
1250.25
1096.15
980.427
824.824
751.098
718.045
692.026
695.667
729.217
814.864
894.756
969.559
1018.91
1028.82
1049.36
1066.2
1056.82
1057.7
927.703
861.782
766.088
677.311
714.892
675.958
604.311
655.911
643.302
676.349
700.622
736.131
773.988
786.586
772.962
898.191
960.628
975.924
1084.88
968.422
889.123
854.713
833.487
818.136
891.528
813.24
830.488
839.577
875.906
891.031
867.246
892.02
854.148
812.006
795.757
777.343
679.007
662.899
646.154
637.031
608.201
597.485
603.23
587.503
619.724
574.14
575.536
568.403
542.051
594.303
627.877
635.819
644.176
671.747
723.799
708.118
661.704
679.013
735.274
800.42
844.363
848.319
837.132
839.464
827.899
813.206
798.775
789.408
779.612
805.188
782.806
771.956
740.582
719.651
735.987
725.638
702.174
678.463
741.461
730.508
706.018
724.883
719.729
687.323
665.151
640.192
619.24
615.546
603.044
547.718
541.707
555.416
547.816
520.033
511.385
490.417
456.831
490.733
468.707
474.442
505.514
504.986
481.921
475.636
473.134
468.212
465.574
474.004
480.299
540.544
647.364
642.155
634.422
686.092
765.857
933.044
926.57
948.895
899.402
881.438
855.882
806.886
767.621
702.628
704.801
780.672
749.893
733.971
752.397
782.734
791.065
742.945
739.332
801.141
829.046
885.401
866.072
870.31
825.45
736.117
663.743
671.351
691.226
729.903
803.269
839.138
838.341
835.421
900.088
913.487
906.314
858.472
821.345
744.708
703.424
644.401
657.889
677.51
718.246
747.737
767.344
786.441
790.337
805.1
816.775
903.486
946.228
892.775
910.464
924.602
909.983
942.131
981.951
1006.02
1056.96
1153.36
1106.73
1069.85
1084.65
1118.27
1146.47
1108.21
993.394
880.99
801.985
757.056
738.943
753.007
731.771
715.766
739.656
781.367
680.9
679.856
745.699
832.329
951.29
963.234
993.664
913.744
933.107
1053.33
1145.77
1235.82
1315.82
1414.75
1472.39
1454.03
1394.03
1383.12
1389.3
1317.07
1186.07
1145.73
1155.21
1011.67
871.634
757.575
711.072
729.374
727.438
684.906
708.292
756.232
791.328
816.43
833.223
840.595
860.395
915.41
965.937
990.498
988.985
967.772
918.654
900.465
813.62
797.374
743.7
800.591
850.873
869.171
900.319
941.934
969.98
981.796
1063.33
1070.99
1055.04
1032.46
1051.64
1012.62
957.044
938.777
929.546
993.631
1059.13
1070.27
1096.36
1077.98
1063.13
1087.66
1195.31
1310.37
1482.02
1706.45
1862.72
1881.94
1766.25
1664.16
1563.15
1458.65
1362.66
1452.46
1461.07
1436.78
1395.73
1363.25
1285.52
1159.19
980.646
1005.1
997.79
1043.11
1109.26
1179.91
1266.19
1356.92
1370.66
1411.32
1464.67
1479.92
1531.01
1484.67
1423.28
1385.75
1150.86
1198.35
1008.66
804.894
758.13
685.498
602.737
537.861
521.56
516.242
508.92
494.315
510.775
508.637
515.699
532.479
538.542
557.149
576.324
592.382
611.093
623.688
633.047
664.568
686.446
681.655
637.829
661.12
678.851
716.028
761.059
807.826
854.742
897.474
943.755
1000.1
1010.85
1004.31
1018.74
1053.71
1059.06
1016.84
1082.21
1094.71
1121.29
1142.6
1188.21
1193.86
1219.3
1267.03
1259.51
1190.41
1174.32
1212.24
1208.04
1184.84
1114.6
1104.26
1108.62
1104.43
1100.94
1117.15
1131.13
1112.87
1078.2
1097.05
1060.38
1040.1
1034.36
1033.76
1040.74
1053.15
1088.82
1124.5
1162.21
1153.32
1153.68
1169.25
1194.76
1196.72
1206.94
1220.56
1240.62
1247.06
1245.79
1270.26
1242.89
1259.96
1297.17
1378.59
1399.54
1400.55
1414.59
1445.79
1466.54
1452.17
1460.87
1443.44
1406.88
1429.98
1431.28
1509.92
1482.95
1498.78
1551.4
1533.97
1405.08
1308.21
1349.81
1246.87
1234.12
1239.42
1240.92
1213.02
1218.28
1219.21
1217.36
1218.33
1191.49
1217.78
1267.92
1326.98
1341.76
1357.48
1329.54
1311.57
1259.82
1210.91
1236.44
1220.3
1193.66
1153.65
1119.84
1148.09
1124.83
1214.17
1155.74
1053.67
1035.56
1021.25
1015.93
1034.04
1014.59
1013.37
993.256
1031.81
1068.88
1134.93
1102.21
1020.26
937.691
909.116
948.78
969.684
906.021
836.24
774.68
753.025
734.018
747.679
724.732
756.643
760.871
721.291
784.121
793.991
857.23
822.734
929.812
871.46
817.954
852.572
919.417
967.15
1010.12
1031.19
1026.76
984.917
984.065
984.558
982.095
939.642
905.078
883.26
876.128
852.123
805.934
774.504
702.814
662.14
619.915
597.183
568.06
506.186
451.177
450.359
472.397
500.368
543.119
558.793
562.286
575
552.718
522.625
516.096
531.864
619.535
582.272
608.512
610.534
553.427
493.885
462.072
446.108
445.447
436.116
404.57
381.872
377.697
367.424
359.52
346.643
335.965
327.893
356.99
383.886
392.51
406.453
434.258
440.294
461.077
485.77
483.877
487.824
508.266
530.392
545.642
590.359
567.85
552.019
577.353
597.266
618.485
611.227
636.381
648.849
627.643
630.891
643.393
642.491
626.376
610.793
618.507
626.482
595.849
603.217
602.071
595.213
607.274
632.408
650.767
654.204
650.889
667.623
710.547
737.271
751.26
762.567
779.95
819.278
840.019
876.314
887.813
884.131
849.703
859.318
892.946
873.115
874.013
881.566
902.788
906.619
920.626
907.269
951.089
1002.55
1007.77
989.467
975.965
1009.35
928.753
811.914
697.557
572.658
553.895
568.275
695.535
733.871
742.827
766.415
780.342
791.569
835.981
892.555
969.518
1027.07
1036.88
1055.69
1071.68
1079.23
1001.97
1030.2
1033.85
1041.37
1002.93
1005.52
874.067
857.832
809.941
797.701
705.736
798.914
757.219
735.223
726.731
708.966
705.216
710.732
700.615
731.458
700.747
715.311
713.825
774.267
741.445
736.262
726.786
738.265
706.942
715.413
740.931
767.118
738.703
757.199
760.628
788.908
815.87
831.463
870.328
898.477
851.57
855.762
882.641
934.344
1006.33
1032.13
1048.26
1042.96
1044.84
1086.97
1119.34
1123.29
1238.73
1298.11
1199.65
1104.97
1050.96
919.76
906.989
877.467
909.117
961.657
1003.55
929.185
889.39
865.015
882.325
865.972
871.607
868.645
872.348
881.782
888.071
893.19
877.985
856.577
791.495
706.225
693.442
686.975
640.201
655.277
656.78
662.426
625.28
594.023
585.185
550.083
559.036
628.021
650.537
600.173
566.294
580.814
554.95
535.871
514.703
522.918
536.118
608.201
586.692
551.507
570.549
569.356
533.665
528.136
552.261
590.592
634.544
661.295
666.273
734.783
795.919
793.36
717.242
715.349
775.247
754.565
741.752
710.121
696.538
712.416
758.486
778.439
809.016
775.477
739.679
716.851
701.303
674.368
677.001
736.089
779.624
820.207
806.058
871.489
917.733
903.023
883.059
862.783
863.012
821.004
832.117
874.716
806.66
781.68
821.247
890.709
917.668
930.684
974.343
1122.63
1170.96
1228.53
1194.32
1165.99
1097.76
1069.32
1068.49
1056.84
1048.77
1027.21
987.868
960.464
966.389
980.838
1049.39
1067.22
1083.38
1099.04
1088.13
1044.43
920.7
962.345
858.54
836.84
819.711
820.289
775.033
810.569
836.598
848.398
868.388
918.061
979.005
1012.13
1079.52
1029.65
1004.79
950.441
943.866
907.874
941.19
976.039
989.254
1041.15
1093.75
1145.36
1071.23
1048.69
1011.77
987.71
934.148
918.923
870.491
828.32
749.752
701.504
676.04
649.889
613.534
590.347
528.438
488.955
453.105
424.329
426.346
402.098
373.163
360.403
373.135
333.173
356.184
361.008
335.785
380.884
382.173
382.98
361.046
370.162
370.269
340.087
374.466
375.111
360.992
357.184
375.571
369.128
382.672
383.084
377.018
421.562
351.469
369.065
312.983
319.31
306.829
301.943
303.061
314.941
318.329
330.309
346.4
356.008
349.406
361.081
382.423
390.451
380.354
382.887
378.135