565.357
571.35
575.16
570.346
578.202
572.511
589.288
603.974
622.717
640.798
666.649
674.511
681.49
690.198
709.576
735.89
763.586
791.862
841.362
876.654
915.105
978.008
1026.25
1019.87
993.645
930.913
888.288
871.269
803.882
702.273
621.06
596.098
569.876
549.92
577.185
581.279
568.222
574.16
566.325
596.325
626.572
660.072
686.138
692.454
752.558
821.143
787.382
763.436
803.488
868.184
923.023
996.483
1049.5
1137.65
1218.44
1199.44
901.983
826.424
811.174
764.954
640.194
633.991
632.333
631.247
662.232
701.769
725.059
700.904
709.13
722.273
719.421
730.098
795.409
876.824
857.564
869.324
915.428
874.17
834.599
818.176
852.567
866.245
891.611
867.735
871.407
888.482
837.091
829.146
726.637
762.133
753.997
737.226
718.372
717.863
700.215
748.73
761.327
754.387
782.338
800.403
823.179
849.992
831.545
827.088
788.067
799.655
816.44
820.882
838.755
801.395
751.489
787.462
755.495
779.319
770.131
707.332
704.737
691.691
699.373
640.259
633.166
599.349
592.463
594.398
597.334
572.855
571.772
567.937
593.282
607.611
631.416
663.006
714.174
721.74
747.568
705.533
701.342
723.259
682.267
624.582
578.545
547.569
562.389
554.465
585.438
528.074
521.629
542.638
550.958
579.978
612.118
643.373
642.084
646.643
648.057
657.507
649.78
635.43
656.817
671.325
668.846
669.166
688.286
724.912
763.165
795.181
815.476
785.088
780.423
744.321
743.746
768.358
779.11
760.836
728.709
742.19
745.362
769.983
741.879
740.866
740.483
761.877
661.483
608.83
629.601
625.242
585.797
525.64
529.943
562.876
602.982
659.687
702.672
780.435
814.298
828.663
837.122
862.502
836.027
825.508
802.118
787.882
732.987
685.479
718.145
771.278
683.457
738.078
731.973
732.841
756.204
782.262
825.113
861.288
830.101
860.928
876.011
905.418
864.362
824.081
788.823
742.907
777.354
846.305
824.316
834.924
814.238
856.042
857.455
814.141
797.723
826.518
833.747
888.736
944.576
964.848
988.389
1000.9
964.118
827.059
714.186
643.99
517.603
517.302
544.788
597.611
674.804
745.137
784.18
808.458
866.628
946.433
990.268
1001.15
1007.14
1002.18
991.678
964.134
1030.51
1105.57
1129.8
1074.92
1082.72
979.507
1139.39
1083.96
1074.74
1018.75
944.078
813.062
875.681
793.715
729.584
678.597
659.081
661.569
580.391
577.584
613.341
583.14
556.401
549.805
565.839
595.424
615.61
651.858
735.612
781.741
828.769
877.477
902.531
947.712
996.821
1059.53
1110.26
1152.51
1213.59
1208.39
1212.12
1228.43
1215.26
1191.91
1176.32
1175.67
1183.46
1194.22
1208.96
1237.51
1258.23
1226.8
1221.75
1204.16
1217.68
1227.16
1248.42
1264.09
1275.61
1267.18
1241.35
1213.94
1211.73
1211.61
1191.8
1219.34
1263.56
1263.61
1277.12
1293.25
1298.39
1312.21
1294.63
1258.78
1219.38
1182.02
1140.94
1031.22
956.212
886.669
760.503
886.4
825.554
657.696
834.102
753.179
711.435
687.637
681.44
641.413
656.667
630.239
646.704
625.881
655.048
630.392
640.997
630.364
627.95
629.088
639.513
631.171
666.887
690.396
701.073
721.54
727.157
754.008
759.11
771.523
782.562
772.37
820.742
846.488
797.179
758.554
761.168
736.016
713.199
666.612
607.537
610.669
594.933
618.131
635.909
656.149
670.432
695.604
670.338
640.352
657.311
658.202
686.173
729.703
760.441
787.21
784.521
775.053
770.217
788.346
804.467
811.837
855.412
814.833
790.259
847.181
817.662
738.523
689.624
674.708
654.319
645.984
649.844
662.723
677.854
687.928
674.773
677.012
663.624
695.033
711.68
734.987
801.16
883.775
954.714
1057.76
1072.79
1122.48
1201.43
1232.81
1271.01
1244.27
1224.54
1203.52
1181.31
1195.74
1144.96
1130.06
1112.24
1073.67
1021.25
998.06
974.348
946.121
927.688
901.148
866.037
841.501
832.394
802.133
804.159
768.227
745.064
738.176
737.346
691.754
710.415
696.381
721.417
740.034
766.387
796.36
778.231
841.422
844.381
903.305
920.187
982.551
985.975
1013.48
1037.86
1034.9
1053.33
1067.52
1088.97
1058.41
1055.03
954.838
850.892
861.937
907.831
981.599
1034.37
1079.86
1088.6
1129.01
1192.49
1246.18
1270.75
1220.33
1187.74
1184.67
1173.25
1206.05
1215.05
1240.88
1216.48
1156.74
1109.54
1078.7
1076.75
1076.63
1076.63
1086.28
1125.44
1162.58
1151.98
1153.07
1147.74
1101.25
1039.59
924.908
875.068
872.582
902.673
930.067
933.397
936.724
975.381
980.109
985.173
1035.34
1077.9
1102.59
1112.85
1146.34
1171.28
1196.34
1237.18
1210.83
1202.42
1151.81
1149.05
1152.72
1184.3
1159.6
1176.04
1116.52
1102.45
1052.4
1015.33
983.736
979.998
963.212
963.882
928.949
925.564
891.737
866.84
871.062
857.089
887.096
873.617
939.493
932.384
938.824
950.771
926.879
932.233
922.026
891.419
877.056
837.123
808.876
766.416
748.299
760.556
751.585
781.109
764.008
733.703
762.144
731.518
703.31
735.027
758.599
785.138
780.944
739.399
755.401
761.981
696.644
692.064
728.501
772.143
753.901
748.959
777.436
824.444
845.397
869.992
888.705
878.338
1019.4
1096.54
1049.5
1052.55
1036.78
1034.35
1040.67
1093.98
1097.26
1114.84
1142.31
1153.36
1165.18
1178.56
1133.48
1117.42
1088.92
1089.86
1074.5
1004.48
1022.69
971.062
1000.73
1032.13
1095.97
1178.57
1129.21
1127.5
1141.42
1132.03
1089.6
1071.41
1092.46
1082.93
1053.25
1020.06
1029.58
1016.25
994.716
966.31
955.886
947.621
980.001
985.711
984.723
912.555
828.001
782.563
770.231
762.751
680.58
810.787
804.293
832.698
811.35
892.328
869.63
837.167
802.833
784.561
775.561
735.949
747.854
690.392
692.825
657.255
672.022
703.345
707.451
713.313
727.092
721.425
722.627
738.369
744.002
744.127
753.085
776.709
795.081
792.7
808.029
808.74
814.16
812.521
811.055
820.098
820.738
793.927
773.789
754.793
734.824
728.415
727.412
722.477
719.069
722.129
722.157
724.095
722.371
725.835
725.33
735.378
749.491
765.672
786.678
817.742
839.113
843.668
842.081
818.477
783.083
767.461
771.461
773.461
771.939
780.211
766.63
771.41
760.211
748.336
750.85
743.411
735.657
731.8
736.412
743.693
747.33
747.573
755.25
750.481
760.464
757.92
767.811
785.914
817.579
815.09
814.473
790.335
753.112
743.327
752.115
759.089
735.214
705.578
673.976
669.309
656.451
674.136
687.613
679.908
698.484
715.197
728.611
734.91
720.432
743.735
758.761
789.139
825.934
859.087
868.858
873.37
878.534
897.812
892.446
911.439
969.363
991.336
1022.85
1070.41
1076.27
1117.46
1194.37
1306.79
1328.33
1342.91
1354.25
1357.82
1327.33
1350.33
1311.94
1388.42
1411.58
1298.74
1308.65
1416.46
1431.65
1471.21
1430.99
1479.4
1476.63
1413.26
1250.27
1219.61
1141.93
1182.57
1193.89
1270.37
1137.82
1110.27
1155.75
1198.31
1154.45
1174.95
1138.29
1134.9
1190.2
1255.59
1265.54
1258.75
1151.3
1153.99
1218.51
1159.29
1162.07
1136.34
1095.17
1153.88
1252.56
1140.76
1150.85
1111.56
1124.15
1094.78
1101.56
1049.48
1050.18
1015.47
1032.35
1090.74
1143.23
1177.68
1240.42
1346.77
1235.45
1177.57
1170.1
1232.65
1199.44
1208.62
1225.68
1185.59
1178.7
1139.87
1168.54
1201.99
1259.7
1244.52
1216.56
1208.57
1122.17
1202.51
1100.2
1162.09
1157.23
1054.53
1053.65
1117.66
1080.98
1014.95
1040.55
908.089
913.314
775.423
738.724
775.49
690.367
716.865
744.686
790.266
762.466
737.931
699.144
694.096
650.726
656.742
663.475
794.233
622.286
585.886
606.718
616.785
613.343
598.214
576.477
566.391
581.787
564.871
579.042
570.732
596.933
602.266
617.265
611.959
566.087
559.532
539.784
530.768
533.912
523.178
520.286
517.388
509.877
522.252
489.636
479.404
477.343
482.681
485.581
481.762
423.922
373.27
341.34
303.872
272.813
268.168
263.128
240.612
246.95
245.499
247.074
264.367
291.535
323.361
381.865
436.583
476.337
481.285
501.83
518.084
520.52
553.799
581.905
570.454
574.271
583.22
610.441
644.018
648.685
641.771
672.804
689.26
685.326
671.065
635.831
624.451
595.445
600.981
634.863
633.858
605.24
539.754
473.01
480.403
491.825
505.385
516.612
533.473
539.925
547.967
568.755
569.423
577.039
566.079
561.29
571.65
579.94
561.214
578.584
594.139
586.087
582.795
593.27
599.035
618.148
617.514
636.322
654.598
666.652
641.159
612.54
618.332
625.061
626.244
630.678
628.151
616.822
560.804
550.911
542.088
543.434
546.683
556.145
554.085
548.577
542.985
541.959
552.658
544.331
537.944
556.283
562.875
563.66
560.931
544.404
538.117
532.983
548.314
557.099
576.638
575.222
589.181
583.907
601.575
606.225
601.832
598.602
613.011
618.87
620.736
627.279
630.412
626.238
636.64
635.764
655.809
652.378
656.845
648.77
650.381
667.291
664.317
662.885
681.489
701.348
710.141
726.353
735.591
757.912
775.234
790.89
785.455
784.596
805.758
826.749
826.908
833.449
827.983
813.669
798.179
791.938
769.896
747.864
722.199
698.217
681.613
675.512
665.638
665.556
660.69
644.137
607.657
586.332
581.163
591.32
594.191
596.684
599.657
580.138
572.771
566.879
572.467
570.776
571.228
568.818
561.231
555.875
561.477
568.842
587.273
593.533
626.886
653.188
679.968
717.834
748.716
773.252
776.862
787.938
782.269
804.404
822.595
821.273
823.756
828.193
821.116
811.462
809.773
789.871
783.298
790.125
785.836
789.398
798.663
784.893
776.062
763.548
762.405
757.172
761.521