58.1819
59.6783
60.0922
60.5065
61.2926
59.8522
59.2437
58.8343
57.5253
59.6586
59.2899
60.3982
60.5087
61.7238
63.0737
64.6521
64.3485
65.7744
64.5982
63.7928
64.8646
65.6193
64.5879
65.527
65.1101
65.0354
65.1724
65.6799
65.7938
65.5692
63.764
64.1008
65.6851
63.9881
65.0434
65.1391
65.2167
64.5537
64.7026
64.3344
63.7605
63.748
64.8015
63.3
64.8771
64.6351
64.2993
63.4289
63.2301
63.794
63.9701
64.6787
62.8034
63.6945
63.6335
63.5142
65.3099
64.922
66.9528
64.5664
64.5166
65.5594
65.1685
64.3147
64.3927
63.6583
63.6442
62.8751
63.7226
62.1178
61.288
60.7439
60.756
59.8807
59.6514
59.5161
60.9541
60.0404
58.9389
59.8565
58.3751
58.3587
58.4531
58.409
56.9223
56.8423
55.044
54.1193
53.5641
53.0577
52.2302
53.5203
53.5871
54.7875
55.944
56.5835
56.6703
56.0896
56.5596
55.2588
53.8263
52.9537
52.0113
51.7136
52.1591
51.7222
51.9274
51.7211
53.4108
53.6149
54.39
55.8635
56.1083
57.1017
57.1925
59.082
59.5503
60.9002
59.7979
60.1509
59.2071
58.6673
58.2913
57.1976
55.637
58.7261
58.1203
58.2109
58.511
58.6316
57.9488
58.8015
60.5808
58.205
57.2203
57.037
56.6277
56.4439
55.2094
55.7983
54.5671
56.6727
55.6821
55.2897
53.6853
53.2232
54.371
54.7991
56.0712
58.5827
56.2057
55.8828
51.9748
52.2024
51.4857
50.7137
49.2818
55.3562
55.3474
55.5024
55.3261
54.1107
56.0847
56.3416
58.4351
58.9122
61.3418
62.5976
62.6131
61.912
61.5706
60.4719
59.7155
62.7104
62.8156
62.1132
60.4364
59.6304
60.641
60.7971
61.1003
60.3365
59.938
58.563
58.51
58.2538
56.5387
55.5103
50.8472
49.6509
47.6068
46.0435
45.0409
44.3639
44.6174
42.7759
42.0553
41.8824
41.6212
41.3168
41.1916
40.5503
38.5713
37.8372
37.2309
36.9064
37.8919
39.2502
40.5643
40.7973
42.5401
44.7807
48.1828
48.3477
47.5831
48.2651
50.1215
52.6071
54.7509
55.5946
56.8367
55.9905
58.548
58.6763
59.0777
59.8446
61.5256
63.288
63.1272
59.3743
56.3175
56.8782
53.4112
51.2192
51.3219
51.5408
51.5882
50.6432
50.3034
48.5453
47.0394
47.8977
47.3383
47.4915
49.4013
48.2931
49.7366
51.4362
52.9365
54.7228
54.7198
57.2511
58.3554
59.6074
58.9413
57.731
56.9119
57.7963
59.0169
59.6831
63.8364
63.9872
65.7422
65.4724
64.8173
63.8255
62.6231
61.0727
57.8148
55.4567
53.3185
54.6002
54.9954
49.8585
50.9148
51.8601
52.7183
52.9219
52.4543
53.9041
53.9064
55.409
56.6588
57.3063
59.0191
59.3784
63.266
63.6021
61.325
59.9773
61.4952
61.4425
60.754
61.2205
62.0404
60.6007
58.9536
58.5761
58.4565
57.1687
55.0381
53.0414
50.904
47.6326
44.3921
43.2263
42.3063
44.1617
43.9974
43.8413
43.4862
44.2649
48.1477
49.5664
52.0678
51.9261
52.4523
51.1233
52.9339
56.1172
55.1712
54.1485
57.4145
48.517
44.7679
40.6169
39.6188
40.6148
42.5055
42.1786
45.7318
47.4836
51.8415
53.3967
58.5107
61.3613
59.2694
56.5732
53.3459
52.8707
53.815
55.9798
56.1782
57.5987
58.9857
59.5532
60.234
53.1171
48.4644
45.5626
42.3255
42.2923
43.2412
47.6568
53.2905
53.5014
56.9299
56.2653
54.4663
55.5846
52.1941
43.516
38.9179
40.0741
36.8584
35.8243
37.5974
38.8648
41.5744
46.5775
55.4695
56.1245
55.1246
56.8889
55.4468
54.7286
57.9779
58.2446
58.179
59.1362
58.7498
59.2276
55.1642
51.333
48.8404
47.1931
45.5593
44.4469
47.0283
48.122
50.0003
52.1567
55.0649
59.2527
62.0803
60.3371
61.0366
55.1135
52.8408
46.7302
46.4123
43.4077
53.651
59.8824
63.8515
61.3152
62.4696
60.4807
58.1366
54.9966
51.0189
50.67
50.8104
51.6092
50.9375
50.6409
54.0005
56.7616
57.1328
55.5403
60.566
60.6163
60.1564
62.4763
60.115
59.5397
55.75
58.7294
59.1632
58.2309
59.397
57.9812
59.7501
59.7503
60.4894
60.1213
56.6395
52.7446
51.4059
51.947
51.1468
50.6152
52.0168
52.662
54.4711
54.4888
50.9177
47.1274
44.5038
45.6281
46.245
48.6212
48.7687
47.8507
48.4294
51.9386
52.3332
55.1964
59.3513
59.9004
53.4869
50.1282
51.2534
51.437
53.4524
56.5049
61.2996
61.9093
59.9753
59.5294
57.8752
58.3337
58.4039
58.5264
62.2961
59.576
54.5242
52.1989
50.6519
47.4282
42.8714
39.0741
36.7638
36.6896
38.0852
39.9954
45.5904
50.7794
53.9442
54.8208
55.6999
54.2642
55.6626
58.197
58.3869
58.3646
60.369
61.9034
63.5026
62.504
60.7102
60.7705
62.2417
61.0746
62.2629
58.6269
61.4471
59.2954
58.8581
58.4312
57.6644
55.9067
54.7315
53.5051
51.6568
53.6477
52.2222
53.7998
52.6015
50.4989
52.4541
50.7949
48.6494
48.6922
46.9638
47.8148
49.4924
50.1162
50.3187
49.9557
48.2063
48.4211
44.5098
45.2876
41.3437
40.4533
39.8571
39.0574
36.4547
36.3111
36.9623
38.602
37.3191
36.0833
34.3502
34.419
33.3537
31.892
28.8667
27.5242
27.3118
27.6747
27.2374
26.9204
25.8761
24.8948
25.6326
27.0185
26.8898
28.8407
31.0118
31.6563
31.4711
29.5411
27.9918
26.8434
27.5653
26.4985
26.2171
26.3221
25.9807
25.4241
25.4572
25.7101
25.105
26.0646
26.5207
25.7535
25.0117
26.1785
23.5402
21.7595
21.9063
20.2567
20.4982
21.7521
20.5294
21.602
24.0931
23.9459
24.6374
25.9404
26.7695
27.5774
27.9056
28.6747
26.7582
26.6641
26.593
26.4378
27.1274
29.2197
26.9469
27.5973
27.6616
25.9814
25.2212
28.5373
30.3855
29.9158
33.5386
36.2274
31.3588
30.4435
29.1869
32.4491
30.4382
24.5545
23.733
22.4447
21.518
27.7287
23.6416
28.2403
21.3759
23.4927
22.8958
21.0396
19.2771
19.2554
19.46
26.4981
17.8729
25.516
21.1407
21.3955
19.811
17.1388
15.6834
17.5059
16.2623
18.3751
21.7938
20.7556
20.4059
22.9545
20.4024
20.5094
20.4107
19.5759
18.3644
22.3496
28.3381
31.7518
24.649
22.4473
24.6541
25.1365
25.5769
25.23
23.7378
23.7696
24.9538
27.4538
25.7165
21.7192
23.3317
22.906
22.4409
21.5804
23.2165
22.3835
22.3662
22.5493
21.2094
26.4467
24.2816
28.2631
29.6528
26.0824
19.9346
19.755
21.8167
16.1865
19.0628
19.8803
19.5223
17.9095
18.5428
16.7476
16.6637
14.8499
18.5431
17.1887
13.0092
21.4201
18.9553
18.3603
20.3281
17.6278
17.05
17.0906
18.7486
23.7415
23.0009
19.6356
19.8709
15.1604
14.2766
18.1652
17.0827
21.2954
16.903
17.8635
17.8429
22.1234
18.3636
22.3436
22.877
23.6473
25.0465
21.767
24.9672
25.4661
26.7779
24.4861
22.8072
21.0329
20.343
21.5223
22.7282
20.7082
22.2805
23.5582
23.4548
25.7338
27.816
32.1692
34.6101
32.7445
34.2678
36.1327
38.0871
33.1886
28.823
25.657
19.8521
19.1911
18.504
18.4062
19.4756
20.8566
19.5053
19.3062
19.9143
19.6784
22.6519
21.2209
23.4412
28.4115
30.5147
20.7884
19.6914
21.6959
23.3281
20.2255
19.8136
20.2937
20.844
18.3757
28.194
27.3027
23.7731
26.8048
29.5749
29.9168
31.4672
33.989
26.7937
25.9566
25.0983
25.1046
24.3895
23.1219
20.2574
18.4568
20.1507
16.3505
18.7225
19.4053
20.0941
19.9199
22.8905
21.737
22.6337
20.8314
20.2656
22.0496
19.8221
19.2275
20.1301
22.4024
20.0533
21.7957
23.031
23.8585
23.8409
25.1978
24.51
23.0317
21.4988
20.9689
20.8734
20.675
28.5709
28.1954
25.9745
25.5014
25.5126
23.4948
25.7441
22.1364
22.9953
23.4541
22.4649
23.0276
23.4991
20.0976
20.167
23.871
21.0981
21.6188
21.9631
19.9812
21.3133
22.7673
21.2508
21.7537
22.3038
22.046
20.4281
19.9643
19.2168
20.0078
21.7052
21.8776
21.2732
20.3579
22.6819
22.3265
21.4947
21.1071
22.4105
22.0267
21.7077
22.7381
21.1453
21.8381
21.8462
22.4695
23.4944
24.0492
24.3295
24.2066
24.9727
25.6894
28.0847
27.1799
27.4383
26.6298
27.6139
29.1506
30.1484
29.0951
31.8661
32.5484
32.6767
33.5974
34.6867
33.9862
36.0786
33.4739
34.403
34.4175
33.7735
26.471
29.5609
30.3805
27.5539
25.6947
24.4415
24.8553
27.2345
22.0508
22.6892
20.9896
20.1875
20.1911
20.1759
19.0391
19.4899
16.7502
16.71
17.1829
17.6636
17.3006
16.8699
19.5642
20.0598
17.8918
18.4747
20.2016
24.8375
26.9887
30.0009
32.0934
31.9456
33.2199
35.1122
36.4584
37.9878
36.8037
39.5118
41.5294
42.5207
45.2704
44.9644
46.4852
45.8261
46.2078
46.6938
46.8866
48.1075
48.6155
48.1767
46.2485
46.1296
46.4412
44.7257
43.4588
41.7936
41.4454
40.9504
39.2019
39.8366
40.6606
40.2475
36.3368
35.7853
33.3801
31.2767
29.6126
28.2444
26.8153
26.4567
25.2688
23.0839
22.5031
22.3144
22.5902
23.5061
23.4291
24.416
24.4417
25.3037
25.8376
29.4412
29.782
31.9262
33.1746
31.3353
30.2424
29.5046
27.961
25.9862
24.5643
22.5735
21.7245
22.7622
24.1897
27.7069
29.9618
37.7842
42.8458
43.9468
41.0458
36.6955
33.99
30.7035
30.1468
28.7266
23.4614
22.1106
21.8496
24.6191
27.1687
28.1283
27.5043
28.8198
27.6765
30.1344
27.1549
25.1283
26.0862
26.232
26.7669
26.8101
24.1211
21.9683
20.0023
19.4427
17.9444
23.4308
22.3101
21.9882
24.5214
29.7626
29.7419
30.7106
31.507
25.79
20.1897
23.7176
21.9474
25.5028
24.889
24.3615
20.4841
19.0879
18.266
19.4782
19.1709
21.4372
20.7314
22.0341
21.6164
18.0079
22.3635
22.5584
21.1492
25.558
17.3826
18.907
17.7383
20.9225
19.5424
19.3942
18.7446
19.9333
20.3734
23.1043
20.9922
23.8564
23.6447
26.5166
24.1861
28.2334
28.8684
30.5219
30.246
31.2352
35.7625
38.016
40.4715
42.3567
39.5787
40.4238
36.6442
34.4503
32.0445
31.2213
32.1416
30.9136
33.4209
35.5462
34.291
32.1661
30.5822
29.4215
27.8988
26.9999
21.1864
25.0539
26.4171
24.9987
25.0331
26.5802
24.5792
25.1304
17.9632
21.2665
21.1141
21.1397
21.2727
21.9663
22.5069
21.5559
18.1579
24.1029
15.7326
14.9017
18.4916
20.1894
20.3188
21.5386
22.9762
25.2051
26.0224
29.7351
23.7153
30.6349
26.9166
24.5016
19.6262
17.5787
16.4341
21.665
22.7913
22.4605
23.0803
23.9625
27.0865
32.6384
35.3935
36.2706
35.9
30.7306
25.2329
28.5725
24.1955
27.4372
28.4161
29.9654
28.5142
29.8238
34.0941
37.4861
41.8599
39.3872
32.7951
32.3045
32.4061
34.366
32.6493
33.2774
36.045
23.4598
24.0603
27.5372
29.3777
33.399
36.9125
35.4387
30.626
27.976
26.4117
23.9452
22.5024
27.7076
24.0296
21.189
19.6728
19.3806
22.0708
23.9621
25.7854
28.2473
28.4703
29.622
27.7816
23.491
22.8603
21.3738
20.8567
16.916
16.9402
18.2707
17.7868
18.6213
19.1392
21.2246
20.872
22.3282
23.9956
25.0028
25.3908
25.9935
22.969
22.2
20.0464
18.9709
20.9419
19.237
19.8186
18.5423
18.4842
20.499
20.983
22.6622
23.5664
24.5304
24.3204
24.3894
33.1188
32.0019
33.0222
31.5497
29.5728
29.4293
28.4676
27.3446
25.8044
24.9241
25.0972
26.6775
25.9536
26.3684
25.3629
26.2604
25.9769
25.3069
23.8247
23.6577
23.6019
21.6165
20.7496
22.2711
21.4382
21.2583
21.4311
21.2448
21.7746
21.9561
22.7589
25.0638
26.8205
26.649
27.1536
26.0454
27.5121
27.1627
28.641
28.6722
27.354
27.1343
26.9883
26.5264
26.6209
26.4762
25.6133
25.2111
24.8688
23.7621
22.7181
22.2162
27.5753
26.5071
26.3608
27.3595
26.6759
25.8404
21.1577
21.7737
22.3201
22.0327
22.4531
21.3546
21.5276
21.8234
23.2955
23.0692
25.3378
23.3519
23.1106
23.8319
25.042
24.9831
25.106
25.8082
25.6115
25.6172
27.5212
28.0458
28.3962
27.9103
28.5704
27.8745
26.2879
25.1741
24.0216
22.5983
23.3567
22.7971
23.635
24.1754
24.0759
24.1973
24.9801
27.8701
31.9829
30.8869
32.2125
29.9024
28.4518
28.7334
29.3834
29.1772
28.08
27.4537
27.7828
27.6311
27.8408
26.4669
26.3
25.6388
26.0765
26.211
26.278
26.0294
25.1126
25.3815
25.8341
24.3232
25.7737
25.4042
25.6991
24.8255
25.7699
25.0365
24.5684
25.5821
26.1734
28.1894
28.5621
28.7031
29.3443
31.8501
33.5849
35.3979
38.4132
40.0741
42.7511
44.4314
44.7296
44.6207
45.6536
47.7503
48.1775
49.8085
50.3774
51.6121
49.1346
49.6134
50.5426
50.2101
48.0535
46.6114
46.9374
47.5493
47.0491
47.9014
48.3467
47.9158
48.7249
49.37
50.1119
48.6724
47.4683
48.7479
46.5653
47.919
47.6529
47.3853
44.9607
42.9055
45.6337
46.7364
47.5313
48.0782
48.7284
49.7896
50.0665
49.509
48.7388
48.1741
47.7793
48.8677
48.734
48.274
47.6564
47.0633
45.2131
44.2707
45.3094
44.3522
44.214
44.6973
45.0024
44.0978
41.2515
37.324
36.5337
35.3393
34.4503
34.4099
34.7837
35.3649
35.8584
35.6082
36.4813
37.5829
38.4632
39.3753
39.7132
39.8774
39.5411
39.6023
39.3643
40.0568
39.9135
40.344
41.153
41.5886
41.9022
40.8084
41.705
42.3709
42.7063
42.7934
41.8218
43.2353
43.6659
43.44
44.6052
46.5917
48.1663
51.7299
51.5002
54.0529
54.3747
55.1063
54.0953
55.7158
53.7187
55.4137
54.7096
54.6909
55.3165
56.0679
57.3319
58.2293
58.508
58.1168
58.7754
56.9736
54.2371
48.6488
46.3701
46.6958
43.6526
43.0645
43.4019
41.5378
41.683
40.8056
42.0558
41.7507
42.8183
45.7375
46.6449
49.5358
54.9417
55.7644
55.075
52.5954
52.5183
49.0921
44.1141
39.9338
38.3282
38.0616
38.1482
39.1395
41.9838
47.2913
50.7375
53.4377
56.3609
57.5894
53.7248
49.7719
45.7228
44.5517
44.4793
43.5653
43.6473
43.5329
43.8468
44.5269
44.0396
44.9032
46.1412
48.838
52.9052
54.6103
54.8244
55.7604
55.8398
52.4133
53.1166
52.375
56.0625
57.0101
56.1026
49.1842
45.3552
38.1848
31.6939
30.0874
28.4153
26.8456
25.3315
26.287
25.6788
26.8113
26.9758
28.8133
32.0843
38.756
47.7529
53.8404
52.4852
48.7595
38.7842
30.3692
28.1584
27.1198
29.836
29.3233
27.6046
27.212
29.7696
27.3862
30.3214
33.698
41.6604
49.6599
53.8397
56.8708
53.4669
48.835
40.6802
33.6931
29.0476
28.0808
25.9514
25.7484
26.2737
29.5283
29.2035
32.8461
39.6289
49.754
55.2295
52.0906
46.7523
39.4194
37.4617
39.3246
44.0406
48.9554
49.1251
53.3538
58.705
55.1979
49.3538
40.8874
36.3996
33.2888
34.2649
39.9832
44.7815
45.6069
47.791
43.4429
40.9874
39.8325
36.8822
34.4301
32.1253
31.1878
32.0309
35.4535
38.6507
47.1055
49.5605
51.7507
48.9031
44.8195
40.3017
37.5195
36.2516
31.8567
30.9182
29.6685
29.9924
29.1941
32.9029
40.0888
44.4442
44.4776
46.0855
43.3289
42.8982
39.969
38.1672
36.1407
34.253
33.8298
34.701
34.3989
35.202
42.9132
41.601
41.0292
46.9588
45.5644
41.8432
41.1705
42.5307
40.431
38.8834
39.2342
37.064
34.4336
33.1263
33.9178
34.4618
35.717
43.6723
51.6725
49.5147
44.9727
46.9903
42.65
38.3647
39.3019
37.3556
40.1095
43.3829
43.9672
43.0462
45.0312
48.186
46.489
44.8917
43.7952
40.6508
36.2619
35.4171
36.1449
35.4978
38.1393
39.6467
42.7444
49.5488
49.3407
48.7262
42.1533
40.4318
44.6232
40.0269
37.6138
35.4521
35.0651
34.3426
37.8391
42.4398
45.789
47.4996
47.6031
48.1645
49.0386
50.1116
50.1903
52.8014
51.8295
52.2514
52.1815
52.2078
51.8481
49.8933
50.2461
48.6672
52.2428
51.7843
53.8516
53.8757
54.8878
52.702
53.4091
51.3614
50.9881
49.7111
48.7012
46.9019
47.9753
49.0098
49.413
50.1487
49.4058
50.3798
50.6803
52.0278
52.4037
52.2131
52.874
53.1625
53.461
53.1809
51.9795
52.0953
54.9814
54.3157
53.4506
52.3737
52.7487
53.0019
53.9298
54.147
54.985
53.4422
50.9604
51.1836
52.1721
54.8388
54.352
56.3942
54.5372
54.4068
54.4672
54.3778
55.3256
54.1717
50.6116
50.1654
50.7697
47.8028
46.7171
44.9621
44.2535
42.5971
44.1989
44.727
45.3784
46.1034
46.1813
46.324
46.6041
47.9512
48.5425
49.7688
50.0488
50.8732
51.8105
52.371
51.7047
52.0844
49.7787
50.6442
49.9157
49.9687
48.8472
48.4776
48.9407
48.762
46.8175
45.1845
45.561
47.0131
50.0761
54.7404
57.8252
54.8495
56.3306
54.3471
55.3155
57.0452
59.2663
56.3409
53.8456
53.3832
56.3984
54.8815
50.7779
52.0006
49.7858
50.6512
50.1656
49.948
51.9026
52.5963
53.7944
54.3662
55.727
56.5473
56.1185
59.2617
59.065
60.6446
57.4256
56.3798
56.0305
57.8529
56.858
54.8063
53.0468
52.9031
52.1011
50.6433
49.0568
49.2723
49.7357
48.5375
48.7104
49.0906
51.7536
53.9732
54.4306
54.1717
56.0667
54.0113
55.7773
54.1387
53.3251
52.9215
52.4614
53.2103
53.9204
52.3866
53.1747
52.9931
50.2834
50.3909
52.7407
51.094
52.0199
50.9593
52.2294
53.8715
54.3831
53.9325
54.8493
54.0798
52.912
54.4411
52.3148
53.867
55.04
56.8919
57.3372
54.8301
55.7823
58.2107
57.9566
56.0493
57.8126
56.8381
57.3566
59.494
58.8063
62.2263
60.7432
58.7968
61.0449
60.9148
60.0674
59.4761
62.0447
63.9439
63.4896
64.8219
62.1721
63.8951
58.9379
58.9922
60.6673
62.0627
63.3585
63.2556
62.1286
63.779
64.0454
64.7024
63.7857
63.2636
63.2758
62.3669
62.425
62.0979
64.0455
63.4018
62.2277
62.3385
63.9957
62.8287
62.3002
61.5844
64.5725
61.1079
61.5802
61.423
60.8956
62.2818
62.0352
62.1708
60.9842
61.7171
60.4328
62.7874
60.6241
60.8585
62.0228
62.493
62.2523
63.4554