58.769
60.8596
58.753
59.7801
59.7948
60.7678
60.9081
59.8673
59.1333
59.4733
60.1526
60.583
60.059
60.6088
59.267
58.6313
58.2095
59.6952
59.2409
59.6646
57.7398
59.1571
58.037
58.599
59.1923
59.1776
58.8958
58.7975
59.6805
59.3446
60.8117
59.1325
58.7156
58.9936
59.0797
57.2763
59.3134
59.1332
57.3382
58.4549
59.31
58.4793
57.5758
58.4412
58.5807
58.2459
57.9187
57.8792
59.5086
59.2585
58.0869
58.0907
59.1172
59.6491
58.7315
58.205
57.9008
58.5794
58.6498
56.9139
58.4705
58.4468
58.0539
57.0119
56.5333
56.5055
55.4699
58.2191
58.05
58.0299
59.4566
59.3068
58.8669
59.2902
60.1623
58.4063
58.9785
58.398
57.7629
58.4432
60.0717
59.5337
59.7541
60.4591
60.7937
61.0575
59.4484
59.7635
59.2553
59.3889
59.8861
58.4416
59.0119
58.3085
59.4519
58.4203
58.5151
57.8247
58.3186
58.2761
58.1714
57.2414
54.9536
52.7662
51.9669
50.1723
48.9974
48.0859
48.5811
48.066
46.6167
47.4833
46.417
46.5442
47.2065
47.4034
48.4244
47.6269
49.4916
50.2933
52.0037
52.6774
54.0395
53.5656
55.9543
56.1917
55.9757
58.6348
58.5072
59.1148
59.8948
55.6439
55.3904
55.0879
53.9511
54.1941
52.8438
52.9541
52.9207
52.7799
51.6846
51.2019
53.9418
54.248
53.3172
53.0896
53.5712
53.7779
53.9358
55.4463
54.2075
54.4848
53.2506
54.1741
53.9301
53.5884
55.6038
56.0319
57.9711
56.0811
56.5667
53.2053
54.8737
53.4034
54.626
53.704
54.5374
55.6228
56.3166
56.6507
55.9818
59.2274
58.4209
58.523
60.2492
59.7626
59.8165
59.3799
59.8099
58.8615
58.3561
56.1939
53.4907
52.4299
51.5327
51.1808
50.0071
49.2026
48.6915
46.1445
44.3304
43.4038
42.9602
42.114
41.2056
39.9553
38.9386
38.8384
38.822
37.5098
37.3502
37.8783
39.1247
41.5352
41.4919
42.8051
44.0517
44.6563
46.0701
48.2763
52.4075
56.0263
50.0802
53.1634
52.5067
51.7871
52.0562
51.9309
54.4551
56.187
55.1774
55.0113
57.1813
59.9682
61.6785
63.0488
64.0341
62.0568
58.0443
54.757
52.254
50.0492
50.3555
50.9644
49.3353
48.2376
45.8449
49.5097
49.4339
46.28
47.7651
49.3417
50.6686
50.8223
52.929
51.8988
52.5189
51.9351
52.4762
53.4846
54.2707
55.466
55.3769
53.703
54.6454
54.2421
55.6434
56.8003
57.4229
56.7771
57.2086
56.3206
53.3136
51.4693
49.6585
45.8712
42.3597
40.0211
38.9997
42.2008
40.4362
40.2996
40.2854
40.9824
42.098
41.3611
38.7331
37.8974
34.7571
33.7511
31.7131
31.183
30.5319
30.1897
30.1976
32.4953
35.4751
36.3467
38.2972
41.321
41.861
44.4744
45.8502
47.2032
47.8199
47.4034
47.8247
48.1649
47.4227
43.3323
42.1672
40.8465
42.3263
42.9791
42.8878
41.9676
42.314
42.6724
42.6127
44.2348
44.6204
44.3057
45.0798
44.9421
46.7213
47.316
48.9245
51.493
52.6748
53.6543
56.2267
55.9394
55.1595
54.8105
53.9989
51.7311
49.9137
49.0351
46.9097
44.9595
43.0159
41.0966
40.1691
39.0717
36.5418
41.651
40.7774
38.1356
35.494
35.7991
36.1523
36.7526
37.5777
35.5493
35.9127
36.6645
40.441
47.0744
52.3295
52.1573
51.2557
53.5596
55.0456
55.7988
55.9458
57.609
58.8661
57.4462
55.3658
53.0691
52.6505
49.8146
47.9585
47.9818
44.0824
42.2216
40.197
39.4433
42.8476
43.3353
42.5896
41.0308
41.0486
39.0961
38.2808
38.9144
40.7267
39.0356
36.9801
35.5422
35.1177
36.512
36.5279
37.8316
40.7418
41.4864
41.4061
42.1956
43.7808
44.4658
45.4627
49.3799
50.0801
52.1676
54.3856
54.1027
52.9697
52.0768
50.3245
49.6533
50.3135
46.8208
45.1016
43.2829
40.9425
38.9677
37.6105
39.145
41.7256
38.6843
38.6378
38.579
37.8858
37.0779
38.6777
41.7441
49.4374
56.0629
60.8074
63.2564
60.7405
59.4443
60.6077
61.6426
58.7964
54.5489
54.5326
53.4107
50.5823
51.0679
51.5976
53.3249
55.8102
61.6638
63.8816
63.2771
62.7127
60.3345
58.0606
54.6634
50.6147
47.6213
45.5646
45.5642
47.8187
49.8012
54.3064
56.4095
56.7873
55.7302
56.3098
55.8951
54.671
54.2721
55.0048
53.8861
51.4949
51.0192
47.9107
44.4806
46.6036
47.2769
46.4326
47.0197
47.8321
47.2397
46.4924
47.1632
46.8669
50.5592
53.7466
51.2502
51.4375
49.92
49.014
45.5421
43.2688
47.4278
50.1575
53.7303
58.8986
59.2539
62.1401
61.0262
60.1986
60.5042
61.1081
60.1622
59.4534
60.1219
52.1995
55.4401
62.637
65.4345
63.5577
56.8829
60.0829
57.3319
59.7881
58.8072
57.5928
58.5429
59.6844
60.2715
59.8551
58.9861
56.2797
55.9172
56.5567
56.2675
57.7865
56.511
56.149
49.1754
44.8877
40.9333
38.2092
37.7971
37.0245
37.6087
37.1134
37.847
37.7392
49.2013
50.4623
50.6309
51.7832
50.8523
52.3049
52.7134
50.9902
46.6977
45.2889
48.0862
48.6455
48.5648
48.0942
50.3534
52.1363
53.0956
54.1887
45.2192
33.2769
29.1868
30.2427
32.0867
31.1621
30.5001
29.7703
37.791
47.8799
51.7434
50.8481
51.5233
49.6767
48.0564
47.0222
48.0038
48.6734
47.4499
56.699
49.5924
41.488
34.4542
29.9503
29.4499
29.5991
29.163
31.1101
33.645
40.473
51.3968
54.2867
58.3714
60.1564
54.915
51.0663
48.9372
52.9332
58.8838
64.8325
65.5871
55.4228
50.6964
42.3463
35.5211
34.0755
34.6014
39.1661
47.3659
55.8322
59.0193
65.498
64.6579
63.7756
66.2478
65.9949
59.0631
53.1603
42.763
36.9658
35.2374
33.2085
33.9564
36.4664
51.3094
58.5924
64.048
58.0818
53.2274
51.6605
52.2692
53.9858
55.1612
62.0551
60.9057
54.0237
45.3969
44.2519
42.7743
51.0626
58.3759
58.5205
57.3786
54.6939
47.8666
46.8118
50.5335
54.2459
52.9928
54.2548
59.0015
54.5695
51.3006
47.6921
46.6066
49.1127
53.5635
51.9944
48.4872
42.6028
41.5021
39.9575
42.0047
41.3389
42.1533
45.4188
50.73
43.7703
35.6257
31.7163
29.9887
30.8072
34.8742
44.9638
50.8008
49.7814
49.5863
51.6533
50.1296
50.8019
53.8096
50.7536
53.0417
52.0814
49.3989
50.4856
47.2058
50.5983
56.6234
50.3851
54.9729
56.3138
57.211
58.2154
60.7857
62.269
63.7063
62.0329
59.6583
60.4512
57.7369
58.3196
58.2246
57.1347
53.116
52.4499
48.767
47.6918
46.4221
43.5378
42.2648
40.9908
41.6154
44.2164
45.5204
46.6597
47.3337
46.9731
44.9493
42.9244
41.0833
40.545
39.7842
38.4384
36.9299
35.3267
34.7352
34.4749
34.6014
34.1049
36.4127
37.2714
35.7158
39.2475
41.746
43.2992
41.7595
43.9142
43.4754
42.7254
40.773
38.7616
37.0125
35.241
34.3696
32.7983
32.182
31.2518
31.6669
32.0928
33.2573
32.9286
32.6224
33.5124
31.8441
32.6939
33.0699
33.9283
33.6913
31.2513
31.4355
33.8173
36.638
36.8806
35.3433
34.5701
32.5641
30.5464
30.2505
30.2038
29.3288
33.2507
33.3471
32.8986
33.2823
32.9748
32.6069
31.9445
31.0001
32.6949
30.7707
31.6611
31.2781
30.9438
31.4624
31.169
33.5627
35.1412
34.4375
36.023
36.8143
38.1133
37.2955
36.7116
36.2606
34.4164
31.6332
29.8646
26.0137
25.6764
26.5094
26.2092
27.2377
27.9827
27.0372
27.4671
27.4498
26.8217
26.9255
25.2635
26.2749
24.0923
20.9024
25.2624
25.4814
23.5174
21.9597
22.5062
22.7063
22.8732
23.6893
23.0851
24.7596
27.3154
29.0842
32.1719
30.652
28.5459
25.377
24.3769
25.8957
23.2478
23.5342
24.6161
24.2002
25.4949
25.2207
24.8028
25.7247
26.5353
27.8693
28.7314
30.1101
30.8774
29.1462
30.4234
28.4155
26.4937
26.0314
25.8702
26.4141
25.8942
28.8102
26.6117
21.7045
23.6991
26.7016
25.9495
23.4441
25.1074
25.2534
21.8337
21.524
23.4683
22.3454
20.1488
17.8533
17.7834
18.7887
15.9008
16.5073
15.9227
16.8586
18.682
18.2162
21.4602
18.6581
20.5334
22.4082
21.5976
25.1975
28.4295
27.6945
25.3964
27.3422
25.9008
25.4459
23.4172
26.0555
24.8624
28.2168
24.7263
26.8426
27.2288
32.1536
30.5253
31.891
27.7854
25.408
24.8735
22.3589
18.574
18.6133
18.1949
18.7202
18.7631
23.1536
23.8748
23.8152
23.8394
23.053
24.2745
22.978
22.2218
21.911
21.0506
21.3226
21.3036
23.0961
24.3862
24.7908
22.809
23.4607
25.1772
27.9919
23.8205
23.1488
25.7155
24.5189
26.1677
25.2111
26.4751
26.0108
28.3388
28.4958
25.1602
27.8575
26.4764
25.1756
23.3505
24.2117
26.2331
28.5107
28.4255
29.9791
29.4776
29.3931
29.0879
27.9911
27.2455
26.7665
24.5723
23.9773
23.3152
23.8475
22.2831
24.3932
23.0645
23.034
22.9527
22.6559
25.6713
24.944
26.6565
27.9065
26.5479
27.9415
26.8817
26.9835
28.2095
26.9055
25.4289
25.2007
31.8085
27.0448
29.5044
25.6922
26.4849
28.3358
27.8018
28.9012
28.326
29.1957
31.0168
31.3644
33.7552
36.0759
38.3704
39.9036
41.2779
42.0799
42.4877
45.2533
48.6501
49.2094
52.7071
52.8069
54.5389
56.8326
56.3094
58.4108
59.7862
61.757
63.1625
65.8885
67.2643
66.7025
66.9591
68.1847
66.5692
65.0081
64.6577
65.3829
64.0517
63.3858
63.7884
61.9379
60.1066
58.5211
57.9771
58.3688
56.6884
56.2686
56.227
54.3879
54.641
56.1552
56.3441
56.5438
55.2985
55.8677
54.8774
55.2786
56.1324
56.0083
54.8681
55.9176
57.1977
56.8384
57.4972
57.7271
56.9457
57.3001
58.1112
57.3334
57.9435
55.7423
54.8576
56.7965
58.3724
57.4346
58.9218
58.2177
58.1305
57.4224
56.4461
58.0081
57.9867
57.0102
54.7
54.7747
55.8477
56.08
56.1753
56.9616
57.2942
57.0789
55.6001
54.1682
55.3987
56.6602
54.5484
53.5078
54.5211
55.2457
53.8084
52.5942
52.9652
53.4188
53.8151
54.6772
54.8757
55.8159
57.14
56.2696
54.1933
55.178
53.4208
54.0329
54.0316
54.3578
54.1467
53.95
55.5021
54.9863
55.7163
54.6785
53.2381
53.4507
53.1543
54.2622
54.7442
55.4791
55.1686
57.0308
54.6521
55.5948
57.3373
56.7075
55.6832
53.4396
53.5761
53.6841
55.4269
55.7105
55.9664
57.0005
56.4296
54.8279
53.297
52.4299
54.0176
54.389
54.1685
54.1667
54.7232
53.2909
52.9442
53.728
53.7522
53.3237
52.7448
54.2272
54.4542
55.0053
55.7676
54.9533
55.044
55.0558
53.4687
51.4787
51.6716
51.0471
52.1061
52.6011
52.4298
52.1239
51.6778
51.7104
52.4601
51.5685
52.6398
52.0211
52.6819
53.3463
53.6834
54.0082
53.5724
52.553
52.252
51.3255
49.7324
49.9717
49.9909
50.6342
52.0546
53.2419
53.8835
53.05
53.3615
53.2252
53.549
53.6282
52.3181
53.6777
52.1425
52.2734
52.6833
51.7128
51.4422
51.7016
50.7308
50.4876
50.354
51.1984
52.0224
51.8193
53.0425
51.7687
52.5458
51.3111
53.2065
53.486
53.8939
53.5228
53.6907
53.5371
53.8186
53.9613
53.9476
53.8164
53.3078
53.1672
54.8299
54.9824
55.2021
54.8391
56.4885
55.5261
55.3073
55.6891
55.3806
56.4031
56.786
57.825
57.1921
56.2857
54.7806
52.7066
51.7519
51.3334
51.1969
52.9677
54.1402
54.9
53.2249
52.5683
51.5957
52.5849
53.0202
54.2433
53.6112
52.187
55.0906
53.9755
53.4266
51.0694
51.4705
52.6889
51.3128
52.3089
52.6708
51.6253
50.0361
50.2286
50.4043
50.2875
49.3132
49.5871
49.3232
50.1396
50.0968
49.698
51.2324
52.1704
52.4847
52.6273
52.7882
52.2847
51.16
50.9095
52.0492
52.0356
52.5495
52.9111
52.8543
51.7572
52.7268
51.9614
53.3905
53.4859
56.3712
55.3834
52.8231
53.4346
52.8501
53.6933
53.2675
53.8336
52.0712
51.7353
51.6565
52.3314
52.9778
54.0256
55.0162
53.8549
53.0682
51.3044
50.0833
51.9253
50.7456
51.1525
49.7241
49.051
50.581
50.4363
49.8672
48.6269
48.4044
47.4269
46.9364
47.0137
48.2692
48.6241
50.332
52.9433
51.8443
52.1941
51.5227
49.3311
49.4676
50.7879
50.5161
47.9591
47.7493
47.5638
47.7787
48.6043
47.9814
48.4716
48.8893
48.4121
47.9146
47.3451
46.996
47.7589
49.0366
49.9284
49.8309
47.9275
47.8477
47.3516
48.6873
48.5785
46.7132
47.2196
49.7847
49.531
47.7243
46.8669
47.536
47.559
47.5522
47.1102
46.7973
45.3518
45.6525
45.876
46.2986
48.9951
47.3811
47.3716
48.6637
49.3764
50.5203
48.9057
48.213
49.1996
48.929
49.6921
49.5498
48.7752
48.3803
49.4351
49.4395
49.7057
48.7185
48.5156
48.384
48.3009
47.5349
47.4167
46.589
46.5053
47.7838
47.613
47.7242
49.0242
49.4359
49.1455
49.15
49.6567
48.7845
48.6908
48.3232
48.5901
48.1462
47.935
46.1563
46.645
46.7633
46.0684
46.284
44.4625
44.3229
44.4614
45.3149
44.8049
44.2818
43.4467
44.077
45.5469
45.7983
45.7971
47.6587
46.556
46.0833
45.018
43.1954
41.1584
39.886
40.8272
42.5182
41.3546
40.685
38.8463
39.4309
40.4311
42.623
40.133
40.6396
42.7973
40.8186
41.4954
40.7463
40.015
40.239
40.5779
40.1706
40.991
40.3172
39.9691
39.427
40.3587
40.7492
40.3101
40.0284
40.3644
40.3809
42.0389
42.9682
41.5332
41.7505
43.5704
44.5213
42.5805
41.1181
41.2975
40.7533
40.633
39.8024
39.8102
39.8925
39.4959
39.7781
39.9564
39.8892
40.4206
40.4835
40.2139
40.3448
40.2499
40.3374
41.8073
42.6065
43.7064
42.8388
42.5478
39.8746
39.1521
38.8289
37.1712
36.5665
36.2056
36.7554
37.2018
37.679
37.8486
38.7948
38.6948
38.3156
38.973
37.3941
38.4949
40.3548
42.7122
42.0492
42.9842
42.3465
42.9452
41.2945
40.8767
37.9168
37.6669
37.8671
39.2727
39.2206
39.0985
40.1619
40.7881
40.4692
41.1845
41.5512
41.2413
42.1184
43.0821
45.9129
46.1818
46.7969
45
45.8229
43.2701
42.1858
41.3891
41.4392
43.5661
41.2524
42.4129
40.981
40.7605
43.8717
43.4765
43.1956
43.6676
44.9414
46.0442
45.3608
43.5487
42.8326
43.046
42.5026
43.6288
41.4085
40.6508
38.797
37.7605
37.3092
37.8977
37.803
37.9756
38.39
37.8039
38.6232
39.4904
39.6357
41.7154
43.6963
42.4094
43.7106
42.4802
41.1315
39.5203
38.3575
37.7566
36.6642
36.1283
35.8065
37.8487
38.1515
38.4983
39.8157
39.608
39.4794
38.5711
39.0459
39.8441
40.584
40.7333
43.1067
42.3856
42.1002
41.3035
39.518
39.5021
39.1853
38.7236
39.7522
39.0235
39.1059
39.3905
39.1691
40.1538
42.6353
41.3924
43.6996
44.0668
44.1163
42.7101
44.6991
43.7474
41.5581
43.5104
43.9782
42.8757
42.2812
41.8271
41.0527
41.5684
40.1693
40.0969
42.2528
42.0917
42.2523
43.1114
43.5083
45.5734
45.8783
46.2788
46.3326
46.0749
43.9426
44.6778
44.4224
46.5403
47.0243
45.6758
45.7994
44.8112
44.3189
43.8157
44.3473
45.0252
45.0668
44.8131
46.5122
47.0571
46.4367
47.0791
46.7294
49.3514
49.3147
46.5775
46.9276
48.0781
48.0346
47.0064
44.9054
43.8923
43.8831
42.5236
41.1857
40.7951
42.5541
42.7593
43.0473
43.8635
45.0815
46.3265
45.931
47.1
45.991
45.0977
43.8611
43.962
44.4862
43.8855
41.6512
40.3341
41.6525
39.0891
38.6847
40.1355
41.0745
41.1153
42.2133
42.886
44.2663
45.049
45.3739
46.0393
47.1479
47.5285
44.6692
44.3561
45.2781
44.663
45.6662
43.2475
43.2114
42.2178
41.6133
39.857
39.9499
40.4371
40.174
41.6425
41.9011
42.2372
43.1008
42.9704
43.7288
42.0157
44.3715
42.8339
43.8168
41.5188
40.991
38.3463
36.6178
38.1201
38.0276
38.0701
37.9174
38.9974
38.2125
37.7777
37.4633
38.0958
39.1736
38.4504
38.8058
39.6775
41.5721
42.6365
43.5861
42.8462
41.7296
39.0111
36.9455
35.2882
35.4931
36.5189
36.4998
37.1049
37.5653
36.8466
38.4656
36.7365
35.7223
35.3325
38.0469
38.295
39.7465
41.6497
41.2393
42.6814
40.6639
39.7131
39.2102
38.488
37.6177
37.0033
36.855
38.7246
38.6096
38.3812
38.809
38.4495
38.8178
41.1348
41.9478
42.5219
42.121
43.1513
42.3925
43.1079
42.8649
42.985
40.7315
42.6396
42.3934
41.0778
40.0808
40.6508
41.6863
40.0458
40.9052
39.9897
39.6524
38.1177
38.3855
38.4464
39.2578
38.6893
39.1351
39.7045
39.392
40.3156
39.5709
40.4357
39.9523
37.9366
36.8053
36.9693
36.5524
36.2285
34.9593
35.6167
37.9366
36.0538
37.3261
38.2092
39.2943
38.6954
39.6246
40.2524
37.8974
38.9671
39.5453
38.9313
39.5529
39.5844
40.4463
40.8199
41.3153
40.0593
39.0361
40.5638
41.6525
41.8894
40.1472
42.1572
39.0242
39.4995
40.8322
40.3595
40.1201
38.3388
37.0193
35.7348
35.0279
34.969
35.6264
37.0726
37.9861
37.992
35.5226
35.1952
35.6594
33.7913
35.5714
34.9469
36.3603
36.6049
37.9845
38.0076
39.4672
40.8175
41.7338
41.5959
40.8655
40.9859
41.7997
41.1809
40.6245
41.2333
41.9451
42.3862
41.5748
42.533
43.0494
44.6649
43.4752
43.4487
44.0168
43.7932
46.1114
44.7732
42.8786
43.3159
42.895
44.6975
43.098
41.178
41.0843
41.4106
39.8154
40.0008
40.8425
40.37
39.2247
41.3658
42.0806
42.9628
42.6103
43.7097
43.8211
42.8015
42.521
43.2445
42.0739
42.9171
42.4428
43.2832
40.8078
40.9633
41.5458
41.4591
41.2504
40.4009
40.8172
40.6232
40.5539
40.6368
41.7891
42.9793
43.716
45.3365
45.2227
39.3165
38.5111
41.6755
45.6246
42.8138
42.2509
43.024
42.8847
41.8521
40.6871
42.992
41.0177
40.1917
39.085
42.5192
43.7066
41.7527
41.1809
41.3972
41.1545
42.2621
44.6929
42.2957
42.7713
41.5945
41.8586
39.2471
39.8785
40.6196
39.9098
40.4965
38.9955
41.3271
41.5973
40.4
41.9296
42.2228
41.6305
40.424
41.9413
43.4533
44.935
43.5927
42.4289
42.5442
43.5708
42.9075
42.8105
42.6059
40.6232
40.6546
41.0146
42.0529
42.1241
41.1032
41.6354
39.1268
40.4794
40.349
41.742
41.2519
42.5013
43.0524
42.9535
42.037
41.7303
40.9581
40.435
40.7816
40.3018
39.94
40.1322
38.6439
36.4756
35.7921
38.2404
38.7101
41.5821
42.6096
42.7525
44.1872
44.2212
44.4409
44.173
44.495
45.1428
43.8411
44.0972
47.0474
46.0069
44.8836
43.4086
42.5495
43.319
45.406
45.9426
44.8898
44.474
44.734
46.0687
46.5193
46.5594
45.4419
47.0123
44.9794
46.7748
48.4373
48.1777
47.8655
47.0492
48.1821
47.3932
48.2024
49.1375
52.5904
54.0568
55.8424
57.5183
59.6241
60.2431
60.5123
60.8922
63.19
62.72
61.2604
59.7909
58.4526
57.4359
57.5484
56.6549
54.2659
53.014
51.5801
50.5561
51.4919
51.9617
50.815
50.4365
50.1426
49.7038
50.2261
51.4444
51.1332
53.3818
57.4477
61.5298
63.0436
61.8923
61.197
60.4455
58.323
56.4441
54.347
55.2632
54.6422
54.2435
52.9035
53.2614
54.8867
53.8072
53.3127
53.3056
53.9161
51.6933
53.8319
51.6342
51.7838
50.7019
50.1152
48.404
48.159
45.3007
46.375
47.0869
47.771
49.7861
50.4999
48.1291
45.4216
45.4209
48.9216
49.8963
50.7614
52.8952
53.8173
54.5294
51.0246
53.4759
50.9724
49.8492
52.1613
51.5334
51.2827
52.5021
52.9947
53.3458
54.4987
55.6907
55.9382
56.7092
57.3634
58.1104
56.992
56.6953
56.0115
54.6383
52.8357
52.4761
54.2825
52.3608
51.6769
50.8653
50.6379
52.0517
54.0421
54.4388
55.4898
56.8998
57.268
58.1844
57.6992
56.0561
55.3333
54.6641
55.5626
55.9985
54.5235
54.4357
54.4985
53.0416
51.4256
49.7663
49.407
49.2357
50.6708
50.3841
49.3986
50.5555
50.3358
49.7466
50.9905
51.365
51.249
51.9789
51.5083
51.5256
51.0648
49.6672
49.0215
48.0364
46.533
48.2701
46.6732
45.3893
47.25
46.6253
47.1865
45.6787
44.8887
44.5024
45.4482
44.0114
44.1598
44.1665
45.299
46.6847
46.3352
46.837
46.4611
46.0923
48.6047
47.2684
45.8992
44.7946
43.93
44.6347
43.2948
42.9764
43.1369
43.2133
43.8898
44.0019
44.9323
48.5223
45.4143
45.7797
46.6963
46.5295
47.7827
46.9814
47.0599
45.4827
44.1053
43.4781
44.3915
45.217
45.1295
46.9605
48.445
47.4232
46.2491
45.6401
47.5414
49.3614
49.9636
50.4817
51.501
53.1164
53.5235
53.1919
55.6175
54.8368
54.8766
52.6242
52.9405
53.2133
52.1888
50.7404
52.3854
52.0018
51.2031
51.9075
51.6447
52.5521
54.0313
53.9613
54.5813
54.3362
57.7182
56.5188
54.0327
52.7963
53.7334
52.6393
52.8704
52.6512
53.6796
54.2754
54.087
53.1256
51.7283
51.6558
52.693
51.869
53.0919
52.1909
52.0944
51.645
50.5141
49.6624
48.4284
48.5417
49.9764
49.9058
49.6683
48.3432
50.1188
53.5369
54.1869
53.4909
52.6238
54.3819
55.0801
53.9281
52.8796
50.7192
49.0652
48.1887
49.0943
46.9344
45.8276
45.7387
46.7259
46.4726
47.3181
49.3571
49.2202
46.7255
47.964
48.8704
49.9408
48.7176
47.7361
47.1912
46.9615
46.3609
46.3443
43.8316
43.6829
43.1691
43.8116
43.5101
44.0685
44.2194
45.3628
47.3397
46.7724
49.565
47.2486
48.0327
49.2424
47.857
46.4092
44.0254
41.1482
39.479
38.025
38.1948
38.2089
36.6045
37.2924
38.6504
38.1193
39.0981
39.0589
40.0116
41.4921
43.3057
45.0326
46.3461
47.4669
48.4545
49.7816
50.1495
51.7697
52.9298
55.3234
56.7539
60.4919
61.9808
63.431
62.8223
60.2258
59.2899
57.9618
57.3119
56.4882
55.0752
52.6447
51.1567
49.8596
49.2704
47.9738
48.6216
47.1507
46.8859
45.9854
44.8722
43.752
43.3903
42.6936
41.4389
40.674
41.4096
42.3937
40.7666
40.9315
39.9369
39.4952
39.6139
38.7573
38.0231
39.0675
40.6476
41.6942
44.3871
46.2234
48.9684
47.9542
49.8617
48.3223
49.2516
51.515
51.8357
53.9673
54.1525
55.1448
55.0584
54.9118
54.1573
53.7909
53.9495
53.3591
52.1685
51.7883
52.9006
50.7967
50.0915
46.9669
44.805
44.4022
40.9166
37.6485
36.2891
35.974
34.8075
35.268
37.0365
38.2129
37.0981
35.7759
35.2501
36.7354
36.326
36.0657
38.0576
36.7006
37.6842
39.1152
39.2428
39.297
33.6362
33.8684
36.7285
38.3239
40.1408
40.8817
42.1545
42.4395
47.229
47.8181
45.982
48.7188
50.8536
52.5426
50.9401
49.0016
51.7495
52.2464
54.0753
56.734
54.938
54.8809
54.4008
54.8621
54.1598
53.7888
52.9897
52.6784
51.7335
51.6661
49.8239
46.8836
43.8695
43.3026
40.7153
39.6125
41.1446
41.7114
42.7061
40.8136
41.281
40.3426
41.9143
42.2856
40.3858
39.7911
40.6237
41.0695
45.2109
46.498
47.9854
48.4637
44.2882
44.0104
41.2892
41.5367
44.377
43.4824
44.4532
43.8555
42.961
42.8603
43.5684
43.7815
44.503
44.7085
45.4184
46.0305
45.0917
45.1243
48.3211
48.3009
47.7812
45.6778
45.5313
43.295
42.6463
41.8705
43.2386
39.2889
37.4641
36.5832
33.3225
31.023
30.0797
27.9549
27.7075
30.0379
34.3301
37.6497
37.3711
34.3285
30.4173
30.9333
31.7949
33.2335
35.2975
36.9656
37.2401
36.2083
35.889
35.1923
35.3727
37.2572
35.0403
35.9114
37.1473
35.4837
34.4039
34.8633
35.2761
36.3789
37.9126
39.2355
40.2944
41.18
40.1734
40.978
42.0933
43.9698
45.3497
46.3389
46.1793
46.7345
47.3264
46.6403
47.7698
46.8238
46.2738
45.7664
46.4038
47.0147
47.1823
47.6322
47.8217
46.6886
46.2351
44.3282
43.1906
43.0731
44.521
44.0913
45.2169
45.2348
46.1407
49.7649
49.6869
49.9681
48.4053
46.8646
46.4771
47.992
47.6555
47.4219
49.6974
51.1155
53.1305
53.7356
54.4098
53.6864
55.495
55.8502
57.1538
54.3537
54.0613
52.2476
52.6288
54.1611
54.1958
53.5886
52.5459
53.8157
52.2982
52.9387
51.5596
52.2266
52.1486
53.6444
53.6334
53.9995
54.7778
55.3847
56.3437
56.034
55.4691
56.8145
56.7541
56.986
55.1113
54.4614
53.2954
54.661
53.1398
51.8544
49.9253
48.023
46.7746
48.5319
48.8214
50.6184
51.738
52.6368
53.8007
55.1891
54.67
52.8629
52.1972
50.4926
50.3925
48.9717
47.5991
47.2604
45.7881
45.3087
45.4002
42.7696
41.5313
42.7496
44.7357
46.0625
46.8933
49.3354
51.5731
52.7554
53.3387
54.5151
56.1803
55.3067
55.634
53.4151
53.8891
54.5784
54.1334
52.2253
49.2533
48.2083
46.3959
46.4655
46.9763
49.6971
50.036
51.5155
50.7213
47.95
46.3496
48.2819
50.8486
50.1543
49.7078
45.1787
41.4969
43.222
42.0394
40.2108
40.9457
42.8512
46.2493
48.9551
50.3154
51.7841
51.5354
51.7414
52.7811
53.0537
53.3619
54.3079
54.7021
54.5539
55.2518
54.789
55.9976
55.7438
55.2133
55.598
53.9527
53.0246
52.1388
48.5184
46.6345
45.814
46.392
46.7286
48.6891
48.3935
49.7649
52.8267
54.8134
56.3168
55.4581
55.4183
54.6401
53.4903
53.5057
53.3079
52.8225
50.764
45.7796
43.3869
41.9314
41.6472
41.4052
44.051
44.4436
46.1206
47.3403
50.1264
51.8095
54.0617
56.4053
56.558
56.0957
56.0619
53.9237
52.284
49.1354
43.8877
39.5994
36.9063
36.5288
35.3799
35.5443
39.5002
41.4061
39.885
42.0495
44.2257
44.456
45.2966
43.8879
46.4096
50.2184
52.8365
52.9564
50.7801
48.942
46.5547
44.5313
41.0967
41.7573
41.1442
40.7079
41.2079
38.986
37.8962
39.0694
40.2291
40.7723
39.128
42.3839
45.6837
48.4888
49.6981
49.7559
51.4488
51.83
50.6838
50.2994
48.2139
46.4651
45.2341
45.1319
46.4605
47.2407
47.7412
48.5986
49.3377
50.8689
47.7847
48.4641
49.4774
50.6276
52.7608
54.1658
54.8628
53.1332
52.5559
51.9021
52.4033
49.4752
48.7113
47.1884
49.264
48.3584
48.5349
49.5422
49.4068
48.5516
49.845
50.9276
52.9554
52.0873
52.5423
54.0027
53.5672
53.5827
51.647
52.1137
51.012
51.0325
50.0996
48.8899
49.1675
50.4567
49.4987
48.017
48.279
48.9988
50.8581
49.0994
49.1313
48.0534
48.4066
49.5363
52.136
50.4152
49.918
47.8517
48.132
50.0487
49.2112
48.5022
46.6074
44.8737
45.2854
47.1247
47.9221
48.6503
48.8401
50.9247
52.0651
51.3861
51.6295
52.3276
48.9661
51.188
52.8531
51.4641
49.4446
50.4236
47.8447
47.9579
48.4241
47.9427
49.0069
48.9895
50.5808
47.2324
49.5142
50.3563
50.127
50.3966
50.6163
51.3383
50.1512
49.3549
49.4931
50.0457
52.3389
51.2325
50.813
51.3142
49.9521
47.4466
45.4627
44.2989
43.0457
39.7538
39.5331
41.2018
43.6983
45.9398
47.2772
47.2496
50.3152
51.1686
49.6582
49.8899
52.108
52.8105
53.8934
52.4404
51.4065
50.4199
51.0963
51.2024
51.4619
49.8439
50.3857
52.8004
53.1094
54.002
53.0528
54.609
57.0938
56.2829
54.6133
53.349
54.7101
54.2718
54.3174
53.713
52.9081
52.7474
52.549
52.1361
49.9909
50.1956
50.0079
46.356
46.2694
49.7949
51.5447
53.4376
52.751
55.8782
55.3434
54.1906
54.6687
55.964
55.7732
54.6305
52.7173
51.0935
50.1474
48.8685
48.7692
49.4388
46.9997
45.3939
46.5208
45.9648
45.2125
46.0769
47.3672
49.678
49.8492
48.5435
50.4551
51.787
51.362
51.6293
54.2243
53.2747
51.8721
51.751
49.666
51.01
52.811
53.7972
52.0422
52.1392
52.9653
52.2614
51.7361
51.6815
51.8653
49.8319
49.3023
49.1005
49.0315
50.3085
51.949
52.796
51.5247
50.6277
48.9403
49.856
49.0587
49.4103
49.3584
52.412
52.4674
51.6736
50.5358
50.1107
49.2964
49.5702
51.2453
51.7909
52.4701
53.1226
53.9582
54.0095
54.4058
54.4953
54.9339
51.7487
50.2675
48.3441
51.8945
53.7712
56.6559
55.5759
55.171
54.6045
55.6719
57.8698
56.4576
52.7501
52.2168
51.5544
52.0718
52.4541
51.7545
50.7241
49.9588
50.2387
50.1667
50.0257
49.1021
49.9931
48.8555
48.7508
47.5007
48.4992
48.2343
49.5944
50.3155
51.5043
50.7464
49.9228
50.1204
51.0494
52.0442
51.4672
52.0247
53.2506
52.9383
52.4684
52.8724
50.9838
50.325
49.3188
46.6777
44.1169
43.2703
45.4989
43.9028
44.0106
42.4156
40.7216
39.2872
38.0119
34.9272
34.4899
34.1299
34.2357
33.6741
33.0446
32.29
34.5768
31.9181
31.0864
27.7519
26.2715
25.4061
25.2635
23.5842
24.647
22.5634
21.2218
21.6916
21.8551
21.3489
22.1551
21.7715
20.408
20.9991
20.3376
20.3221
18.4624
20.9661
20.2503
21.0532
20.815
21.4545
23.9492
22.5131
21.9355
22.2619
22.5035
23.4602
22.749
22.6072
24.1126
22.0263
20.7613
21.1927
21.5286
20.6667
18.3567
17.0134
18.7436
19.7682
20.1851
20.318
22.6585
22.9229
23.6466
23.125
23.5485
21.744
22.1908
21.4085
21.9823
21.3511
22.2691
21.903
22.6774
22.6966
22.1024
22.384
23.5571
22.6353
22.6287
22.3063
22.6832
22.4359
22.6506
23.4684
23.3594
23.6663
23.1793
24.4505
24.6569
23.4099
22.1068
22.8188
23.1829
21.8652
22.0629
22.6416
24.2859
23.7644
23.6886
24.9171
24.2191
25.0553
25.2098
26.1887
27.8395
27.3964
26.4759
24.0334
23.2246
23.4084
21.5195
21.5942
22.4023
23.3888
24.4545
25.6789
27.4795
28.7615
31.1134
32.0211
32.3709
33.0927
34.2125
34.3447
33.588
32.2764
29.727
29.0888
29.476
27.4852
26.6094
27.3036
28.6355
29.5444
29.9
28.6967
28.1591
27.305
27.3036
27.3327
27.4299
26.6969
26.4238
26.0268
27.4547
28.4129
28.7495
29.0384
28.2932
29.5459
29.0983
30.1564
29.9903
29.2453
29.8131
30.9355
30.933
30.4044
30.4317
29.963
31.3009
30.323
31.0416
31.5364
33.4605
32.3103
31.4382
31.0519
31.3651
30.778
31.3412
30.7134
30.7532
31.4954
32.3865
32.9665
31.7645
32.4658
32.8596
33.2127
33.495
35.4674
36.382
35.7155
34.9713
37.0404
36.0555
35.4171
34.5364
34.0581
33.7231
34.0448
36.4382
37.7598
37.9245
36.7859
38.1838
38.3326
37.6193
37.6632
38.2889
39.4255
40.4802
41.274
40.9584
41.3042
39.5201
37.7408
37.4964
38.154
38.4535
37.2709
38.5296
38.2766
39.0292
37.4447
37.5387
36.669
36.5205
37.5964
38.3802
39.0973
39.2789
39.1402
39.1535
39.6399
38.4162
37.3195
36.6849
37.1232
36.6867
36.9075
36.4201
36.6733
36.5912
36.6985
36.5805
36.9518
37.0349
37.4682
37.6597
37.9539
38.0159
39.2496
39.2736
39.7007
39.727
39.6079
39.025
38.918
40.6026
40.9281
40.8114
41.0247
40.7124
41.0712
41.4014
41.7323
41.2154
40.4417
40.0798
40.4679
40.4259
40.4734
40.3457
40.8443
40.1958
40.2904
40.375
39.782
39.1036
39.0827
39.0203
37.932
37.8027
37.9264
38.1753
38.666
38.2882
36.6464
35.1953
35.7413
35.1796
36.3208
36.9557
37.3372
38.1554
37.4779
37.7276
37.1345
36.9419
36.6762
36.5007
36.2343
35.9832
35.8675
35.4507
37.0466
36.3945
36.1344
35.2341
36.1914
36.2411
35.5896
36.3615
36.9488
36.0273
35.8697
35.4549
36.3094
37.7181
37.2614
37.3496
36.6413
34.3104
35.9305
36.2859
33.5599
33.0197
33.0471
32.4788
33.5501
34.1885
34.5738
35.6529
34.5647
33.8703
35
35.4405
34.5856
32.9345
33.9286
35.243
35.9432
36.2634
35.1442
34.4927
33.1875
34.1123
34.2845
33.9056
34.1071
33.1124
32.7272
32.3376
34.8486
34.7314
33.418
33.964
33.6366
34.3907
33.4919
32.8779
35.0067
35.6005
36.2619
36.1568
36.0024
36.877
35.3174
35.0225
33.4998
33.4585
33.6994
35.0256
33.9111
33.8523
32.2176
32.5505
32.5694
30.7243
32.1103
33.3873
34.467
35.3938
35.9297
36.5523
38.2998
37.3728
36.7848
35.7277
35.1355
35.5142
35.4707
36.3029
35.1337
34.4986
34.9106
34.7263
34.9177
35.8356
36.0867
38.5509
38.9783
39.2479
39.6357
39.4851
39.3993
38.6605
38.3761
37.3219
36.2925
35.2916
35.5762
36.3435
35.3329
38.4854
38.3338
38.8543
39.9693
38.9073
37.5596
36.0711
35.9141
36.7905
39.0008
39.6056
41.1744
39.398
41.2419
40.1816
41.1955
39.8198
39.3177
39.0753
39.2043
38.8644
39.0759
39.1371
36.8718
37.2226
37.0915
37.3385
37.6125
39.838
39.7634
41.7023
43.1253
42.613
42.6709
41.555
40.9444
39.3596
36.9156
35.5083
36.6602
36.8681
36.4516
36.1806
35.3273
34.9237
36.5582
37.3859
37.1605
37.3673
38.5007
39.2193
40.9505
41.1264
41.1686
40.7785
40.481
40.3094
40.328
41.0792
40.2127
40.3557
40.1758
40.4515
41.4957
42.114
43.1531
42.6461
42.4348
44.4413
43.9701
44.366
44.6234
44.9084
47.5509
47.4884
45.9805
45.4603
44.0436
43.0747
41.7796
41.0268
42.8141
43.835
44.4863
44.5141
44.9394
46.0809
47.1806
46.1915
46.5269
45.9985
48.2462
49.2566
49.0269
49.3752
47.8287
47.7109
47.7124
48.5971
48.3301
48.3611
47.468
46.5904
47.1349
45.6439
44.6209
44.482
44.5509
45.9322
48.2126
48.2523
48.322
49.4621
50.1879
48.6502
48.4429
48.0109
47.7168
47.337
48.0597
46.7818
46.9921
46.0147
45.8629
46.8128
46.6935
48.0708
49.1488
48.6709
47.8511
49.4201
50.7793
50.1583
49.2962
49.5609
51.7284
48.4749
46.5734
47.0039
48.4284
47.5095
46.1181
46.7981
45.804
46.0299
47.9991
47.2158
47.3279
47.5251
46.5504
47.373
47.2586
48.3732
49.8731
49.7645
48.1904
48.7393
49.9411
49.1908
48.1264
47.4035
47.3092
46.6582
47.6937
46.9756
45.9903
46.3918
45.1496
44.9541
45.3354
45.0884
46.4497
46.0028
49.3456
48.3933
48.788
49.8396
49.442
49.5143
48.7825
49.1867
47.0129
46.6877
46.2095
45.0125
45.1269
44.5479
44.9825
43.609
44.8653
45.7242
45.462
44.9236
47.0853
47.4698
46.5046
46.5085
46.2645
45.2482
47.1778
46.1132
45.9625
43.8933
42.6838
40.8507
41.0044
42.9185
42.3525
42.0257
42.2703
42.542
44.1436
42.3843
42.6716
44.1428
46.8043
46.1816
45.8884
48.1117
48.4437
47.2364
46.225
46.4394
47.8647
45.7568
45.313
45.3258
45.505
44.6547
44.3815
43.8648
43.6346
44.9987
43.9936
43.337
44.7441
45.7154
46.4199
46.1508
47.49
47.3049
46.0348
46.4413
45.2218
44.6367
44.8351
43.8491
44.6272
45.3028
46.0077
46.5529
46.0364
44.6336
43.1835
43.5299
45.2239
45.8466
47.2028
47.6912
47.51
48.2588
47.8009
47.0647
46.8502
46.8508
46.6332
45.6757
44.661
43.3921
42.7665
42.9485
42.7027
42.2007
43.369
42.5094
43.0266
44.2943
45.8696
47.0713
46.3549
45.996
47.8903
47.5116
45.3785
43.1811
43.5842
43.6039
43.7476
42.8833
42.5631
43.382
41.2524
41.8378
41.0918
41.2561
42.1976
42.2288
42.8227
40.6869
41.7393
43.4458
45.1778
45.25
44.3311
44.6782
42.8336
43.504
42.4851
41.7236
40.8328
41.2214
42.3191
42.1555
42.6868
42.9722
43.639
43.8591
43.126
42.5561
41.4789
42.1296
43.4066
43.1546
45.8666
44.119
43.8892
44.0427
45.4649
43.4021
43.2165
42.6137
43.7744
43.0724
43.2379
43.5921
44.2072
44.8765
43.0611
43.9127
44.4955
43.9114
44.7661
45.8971
44.8058
46.8047
49.2789
47.7803
46.6204
45.8043
41.576
40.7348
39.7494
38.8543
38.0658
37.4219
35.867
36.8269
39.5736
39.0401
39.2013
38.8437
39.7708
40.5838
41.7516
43.0983
41.3284
41.665
40.0517
39.3231
37.1447
40.2102
39.7661
38.2373
37.7372
36.6154
37.5172
36.1129
38.3408
38.6281
40.8351
40.4128
39.9598
41.3184
41.6856
41.342
42.0112
42.9286
43.9254
46.2768
46.8759
42.7222
42.8715
43.7445
42.5924
43.6992
43.6017
45.9181
47.4944
46.3123
47.8227
47.5281
47.6364
46.2915
43.7044
43.426
42.7267
44.1434
43.5011
45.8351
44.9504
44.6814
45.1535
44.0662
42.3693
41.6318
41.5861
43.9123
43.6743
44.2255
44.9896
47.2154
46.4223
44.3404
43.2817
40.4331
39.5083
39.9006
41.3229
41.0541
42.6564
43.63
42.134
41.514
41.1409
40.6294
41.6098
43.4958
41.2048
41.4677
43.26
41.7277
43.2254
41.6872
41.6603
41.1808
42.3653
43.6704
44.3409
44.5813
44.5593
44.1443
43.65
43.6823
43.5857
41.1142
40.7342
39.5385
39.0138
38.6317
39.2795
41.0483
41.7687
40.5968
40.7534
40.495
39.9808
39.3691
39.3312
37.0707
38.2249
37.9705
38.8476
38.8264
37.2823
37.1759
35.9824
34.9566
33.6834
34.1982
34.9179
32.8386
31.6325
30.1171
33.3657
35.3378
37.1283
40.3768
40.6622
41.2435
40.5454
40.4874
41.6257
43.0466
40.8657
41.2375
41.9894
41.124
40.3627
39.8965
40.9017
40.39
39.2555
38.9643
39.7227
39.5393
40.8875
40.0794
42.2731
44.1428
44.3226
43.5921
44.4293
43.9726
43.4966
44.1567
45.6087
45.4054
44.5035
44.7288
46.1496
46.2792
45.6922
46.8163
46.4491
47.1034
47.8331
47.949
49.0548
49.5817
50.3529
50.0291
50.1687
48.2888
48.129
47.0784
47.7778
48.7128
47.9355
46.7196
45.9845
45.4391
44.5252
44.8154
44.4319
45.0618
46.6628
46.6529
45.9662
46.4636
48.5702
49.3538
49.9265
49.5644
48.5592
48.214
48.8618
49.6564
49.9668
50.5377
49.3303
48.0639
49.5821
50.3925
50.8705
50.2868
48.7895
49.2926
49.9609
50.2635
48.7747
51.2026
51.3122
50.7859
48.8003
49.3485
48.4428
49.984
47.8808
47.5981
47.7854
47.555
47.8381
49.307
50.0346
49.4779
47.8889
47.2394
49.1916
47.6672
46.8932
47.8702
48.4863
49.9
49.2929
47.5488
48.2134
48.3691
47.9541
48.2145
48.9225
46.299
46.6063
46.5354
46.6457
46.4756
46.6199
47.3161
45.0852
47.9888
47.9545
46.4461
47.17
47.1206
47.5662
45.9048
45.9345
46.2968
46.2726
46.464
47.3021
44.727
43.396
41.8075
42.006
42.1783
42.3181
41.4893
41.7817
41.0575
41.1285
41.9642
43.2214
43.6975
44.3914
45.9695
47.4524
46.864
46.8971
46.5659
46.8963
46.6359
45.7056
44.7567
44.5113
44.4369
43.9418
43.8616
41.8951
41.2623
41.5361
40.9721
41.4568
43.3849
42.9407
44.3393
45.4097
46.3436
45.3564
46.6431
47.561
48.4734
48.7761
48.1483
46.6152
45.1619
43.7217
43.7843
43.1569
43.5262
45.0582
43.9896
43.4735
45.0556
44.5798
45.8475
45.6688
45.0906
46.502
48.1657
48.4467
48.3651
46.7845
46.0951
45.9494
45.1272
46.6659
46.6663
46.848
46.9429
46.4742
46.199
45.6123
47.2096
46.9536
47.6781
47.9762
48.2884
48.8934
48.5105
49.3397
50.6532
48.866
47.5429
48.0917
48.6226
48.8303
47.1342
46.2756
44.9525
44.9752
44.1083
44.4987
44.706
44.7657
44.991
45.3625
45.9935
47.5134
48.597
48.9601
49.6928
49.9868
49.7048
49.6674
48.1283
48.0391
46.3412
46.176
48.0005
47.7976
46.0995
45.5567
45.5639
44.6255
46.2196
46.489
47.8807
47.9261
49.1692
50.8222
50.6608
51.0107
51.8272
51.8812
51.0839
50.3466
50.3792
48.71
47.2228
45.9379
45.912
44.7096
44.583
44.4647
45.631
46.1223
46.2668
46.5272
49.3023
49.6335
50.6894
50.9312
50.9035
50.6683
50.362
50.437
52.1166
50.0328
48.5799
48.7073
48.9408
49.8762
49.7852
48.5365
48.2401
48.051
46.9773
45.922
46.4965
47.7627
48.6012
48.3299
48.7366
47.4842
48.4664
46.1956
45.7567
44.2297
45.2581
44.6144
42.8694
43.3327
42.616
43.6402
42.9285
41.4622
42.6459
42.8305
42.3429
42.8605
45.5428
46.4115
46.1364
44.6063
45.0636
44.8936
43.9614
43.4516
42.9989
42.5709
42.8494
42.6573
43.8762
42.6928
42.3541
41.2142
40.2838
41.4994
41.5056
41.0386
41.5069
43.7184
44.4423
44.4138
44.5431
44.9703
44.3432
43.7959
42.9224
41.8895
42.6966
43.9561
42.7186
40.7156
41.2151
41.6918
40.6248
40.828
42.0776
42.0214
43.9347
44.0435
44.7926
44.0243
44.3671
42.8543
41.7801
43.5656
43.631
44.2552
44.9917
44.3147
44.3767
42.8369
41.7839
41.2201
41.4749
41.6444
40.2594
43.2047
41.9753
42.2072
44.9471
44.2084
44.717
45.3126
45.1302
44.4135
44.8438
43.5342
44.3383
41.6228
41.0558
41.2995
39.5981
39.0947
39.2933
37.6533
35.8975
36.9004
36.7691
38.4149
40.4966
42.3231
41.4531
41.6127
41.2687
42.5451
44.7585
44.0512
43.9758
45.015
43.4978
44.2344
42.4631
42.1108
39.8484
37.7466
38.4771
37.6619
35.8845
36.36
36.3208
37.8389
37.9738
37.6465
38.2291
39.841
39.3797
39.8393
40.4524
41.6835
42.4001
41.5634
40.9144
39.9425
37.0896
36.7771
37.1002
37.5944
36.9809
37.5898
40.4825
40.742
40.2755
41.6028
42.1357
40.9353
41.6666
43.9084
43.1119
42.4468
43.2241
43.3217
41.1236
40.8654
40.2655
40.029
39.2976
39.8041
39.2916
39.823
41.2216
40.3851
40.7602
40.6922
41.2253
41.8154
42.0445
42.1746
41.7939
44.0163
43.9035
44.85
44.8125
42.377
40.9169
39.4477
39.8496
40.5932
40.8948
43.0798
44.7677
46.3376
47.2719
47.4121
44.4262
43.306
44.7267
44.6154
44.6574
46.5749
46.2281
46.6467
45.0166
44.734
45.307
44.2829
44.1677
44.0295
43.387
44.9244
46.08
46.6274
44.2813
46.8416
46.0373
47.4086
47.2818
47.1233
49.1909
45.7369
46.3019
45.6248
44.8048
45.8635
44.6994
44.8492
43.5391
45.269
44.5117
46.2236
45.0392
44.8172
46.9458
46.0488
46.9099
45.956
46.1177
45.9572
46.0083
46.287
47.5607
47.9146
47.5631
44.2938
43.0562
42.7243
43.2789
43.961
43.95
43.6993
42.2451
41.2851
42.7847
43.5001
43.3097
43.7733
42.4782
42.8776
42.659
42.7146
41.2369
41.7604
41.4261
42.173
40.9408
37.2974
37.7822
38.0111
38.4222
39.1589
40.0574
38.9446
40.2055
39.1397
38.6292
39.217
40.8492
38.9651
40.8586
39.2699
42.3223
40.365
42.5715
41.2356
40.3079
40.1173
39.3998
39.917
38.577
39.7303
40.6517
40.019
38.5038
38.8918
38.567
36.465
36.8575
37.2736
38.0317
37.6774
40.4892
40.1045
39.4641
39.6266
36.3372
35.1955
38.2186
35.1598
37.9559
38.1777
35.6152
36.4397
38.5522
40.0828
39.4053
38.7084
36.9769
36.7971
37.8633
38.1989
41.6013
40.4999
38.822
39.5401
39.3209
36.156
37.1639
36.6821
36.889
34.6002
33.3482
35.1536
37.002
40.0387
39.756
39.5193
37.3126
34.7204
35.6241
34.4127
36.2647
38.5846
42.5234
43.542
43.1245
42.2993
41.5037
41.8497
40.2903
39.5766
37.6641
37.8621
36.9854
39.8481
40.4341
39.8846
37.5878
37.073
37.4932
36.1173
38.2111
39.33
40.0545
38.9458
40.3793
42.8911
41.1446
40.9722
39.5969
39.0487
37.7305
39.438
41.351
41.1733
39.9195
40.5433
39.8399
39.1624
40.3068
39.6287
43.5497
45.4533
44.0956
43.0856
43.174
46.0676
45.2913
46.6794
48.7847
50.0148
47.5405
46.9467
48.2871
49.4447
48.6234
48.9069
47.0454
47.0826
47.9992
49.1633
48.999
49.2927
52.1114
52.1777
49.4451
49.1392
50.2903
50.5626
51.0819
51.1595
50.5998
52.2998
52.708
55.0262
54.0978
53.1774
53.9629
54.319
54.7171
54.7983
54.4293
54.1444
56.2758
57.1678
57.7913
57.5731
55.7299
55.5882
55.6417
55.4874
54.7345
54.9524
54.3961
52.8184
52.0565
53.086
50.9508
52.3564
53.657
53.2077
51.6132
52.0859
52.499
51.5555
52.0391
51.8198
50.3051
51.3489
51.1951
51.3181
51.1672
51.0857
50.3798
52.0689
49.8535
50.9501
47.1758
47.4741
45.6079
44.3057
43.4622
42.6109
42.5189
42.3667
42.5013
42.1658
44.9524
45.5261
46.1771
46.3105
45.1145
43.0361
43.1768
43.6755
43.6778
44.9811
44.2984
43.8369
44.8339
45.2737
46.9251
46.3197
46.9875
46.5792
46.4523
46.2033
44.7629
45.3523
45.4987
46.3735
47.7411
48.1705
47.8495
47.7234
47.4037
46.6245
46.8092
47.2719
45.9941
45.3622
45.9908
46.7016
46.8012
47.2535
47.1625
46.7759
46.7561
47.633
47.7101
46.6151
47.669
48.7194
48.5236
49.4461
50.0206
49.1422
46.1499
47.1184
45.9718
45.7341
44.0762
43.3352
42.9161
41.8128
41.5816
41.8928
44.0279
43.401
43.1756
43.8316
43.2375
41.8228
42.075
42.1113
42.2733
42.7583
41.7766
41.6381
43.1115
44.7567
44.1286
44.6706
43.5299
42.9606
43.9736
44.429
41.9822
42.5396
40.5882
41.9248
42.7861
41.409
40.4466
39.5842
39.302
40.1846
40.8965
41.7427
41.5035
40.0629
39.4895
40.3039
39.9094
39.6512
39.9957
40.2686
38.4147
39.3902
38.6738
39.9713
40.1788
40.5094
38.9606
37.388
36.7597
38.1577
36.7892
36.4987
35.417
35.9205
36.3356
36.1414
36.6882
35.8971
35.3673
34.4948
35.0485
34.5998
34.4705
33.0414
32.8785
33.4783
33.7663
34.5674
35.4849
34.1377
33.4124
32.8663
32.5576
33.0195
32.5616
31.1358
33.9937
33.7652
35.2443
36.7575
37.7352
39.2213
39.4206
39.1422
38.972
39.1703
40.7909
44.0627
46.2909
45.5509
44.8836
43.4139
43.5324
44.1882
45.1089
43.7804
45.6137
46.2957
45.6585
47.9367
46.7647
49.8326
50.6881
50.9735
50.1101
49.9396
50.7619
52.8271
54.2211
57.1463
58.9115
61.0505
62.7838
63.2323
63.3913
63.5169
60.7991
59.8874
57.8084
55.9537
54.0388
52.5769
51.0497
50.464
48.0735
46.0895
45.2043
45.3366
44.1508
43.712
42.3303
42.106
43.333
42.6642
42.8654
43.4301
43.4621
44.0171
44.1423
44.8841
45.1298
44.9302
43.1078
43.3766
43.0912
40.7383
42.3273
41.6597
41.4482
40.4018
39.0444
40.393
38.5731
37.5478
37.976
37.4903
37.2073
39.0614
39.9185
38.9975
39.8194
38.3419
37.6665
36.9589
37.7833
36.8352
37.2563
36.3004
35.8307
35.192
37.024
35.4092
35.7115
34.5725
33.8506
35.0947
34.8539
34.6784
34.9367
33.6962
33.6276
32.9522
33.7592
34.7414
35.9973
35.7795
35.8959
33.8993
32.2992
32.5479
34.212
34.6032
34.1919
34.9594
35.2042
36.8944
36.4535
39.4123
37.1522
35.3888
34.8065
33.6375
33.448
34.62
35.7991
38.1902
41.9398
40.5104
42.3806
42.5273
42.3658
43.6522
42.8381
43.2543
44.9773
43.6537
45.5977
47.1623
47.5863
45.7563
45.2284
43.8271
44.1611
43.2644
42.5935
41.2234
41.9725
42.8757
43.7129
43.8906
42.9061
43.1772
44.6078
46.1941
46.661
46.6936
47.5356
48.5397
49.0813
49.2144
49.0702
49.557
48.5521
47.3524
46.9002
45.5014
45.5525
45.9862
42.5289
42.3183
43.3954
41.7954
41.797
42.9451
43.3242
43.8154
45.0716
45.3716
44.6812
46.0766
45.5366
46.1728
47.2501
47.5412
47.268
47.0247
46.4685
47.4123
46.5456
46.0688
45.7773
45.7024
46.3436
45.7482
46.9008
46.6644
45.9291
45.9857
45.3158
46.3575
46.6421
45.9499
44.7732
45.2017
44.4001
45.1273
44.6375
45.2755
45.4419
44.2558
44.0375
42.7147
42.3521
44.4854
42.7877
43.3365
43.6596
44.5342
44.3072
45.7047
45.2317
43.2711
42.7395
42.6864
44.2478
44.4171
43.5836
43.6745
43.1672
44.2735
41.833
41.6235
40.899
42.8801
43.7085
44.4101
45.6817
45.1871
44.3158
42.9272
44.8314
46.0403
45.5522
44.508
43.2318
43.6595
43.4475
42.9956
40.8082
40.672
39.6109
39.7477
41.1635
43.1725
43.4101
42.6643
43.6384
43.59
44.0579
42.3855
41.5543
40.2177
39.9549
39.8258
41.167
44.1295
43.3224
42.583
40.9727
42.0072
41.9153
43.6464
43.645
43.4316
42.8963
43.6615
43.3134
46.9719
46.9711
47.7517
47.305
48.1957
47.7204
46.4483
45.6516
46.5034
43.1898
42.2401
41.1254
40.9317
39.4346
40.3271
40.2302
40.7596
41.1353
42.6799
43.5396
44.1497
44.5651
45.6875
45.1313
46.7844
46.0749
43.5444
44.6627
43.3925
41.2551
41.7388
41.0036
41.2583
40.5872
41.1173
40.6094
42.6679
43.4697
43.0064
44.5472
46.3638
45.8488
48.0188
48.6257
50.6446
49.7844
47.8246
47.7801
47.9865
48.2069
47.0483
48.2135
46.3935
46.5597
47.0457
45.495
45.9312
45.0788
46.1776
47.1458
47.5314
48.6977
48.7241
49.1644
48.7817
50.5776
49.9652
49.5491
49.5173
48.3302
48.0418
48.9087
47.763
47.6965
46.9254
45.6502
45.9306
46.8791
47.9769
48.0381
49.6297
51.3288
51.6847
52.1454
52.6681
53.3065
50.9954
51.0212
51.9276
52.0637
50.8539
49.5323
48.501
47.561
48.0679
46.7339
46.2908
46.5885
47.5084
49.5697
50.2061
49.5499
49.0723
50.2983
50.9808
52.2194
51.6025
51.0195
50.3708
51.0883
50.2195
48.7039
46.7429
46.0619
45.0442
46.143
45.3414
45.9718
45.3085
46.6711
48.5562
50.7582
50.4651
50.6435
48.7556
49.8445
49.4763
49.8777
49.6914
49.227
48.9738
48.3935
48.3327
47.7346
46.5025
45.4089
45.0278
44.5666
46.5005
46.2797
47.154
48.6168
49.0411
49.42
49.7387
49.4749
48.6095
47.2687
46.3552
45.5629
44.0646
42.3859
45.3106
44.4857
44.1353
43.1981
43.2395
45.356
45.9151
46.2726
45.5759
46.8329
48.3713
49.4864
48.832
48.8432
49.8957
47.6367
48.2186
48.1097
49.7748
49.5062
49.2132
48.8184
48.4344
46.5966
45.9711
46.2268
47.3117
46.2008
45.7312
46.6627
48.8365
49.0944
49.2729
49.1825
49.9593
48.1185
46.0442
45.248
44.864
43.3773
43.5183
45.5996
47.2563
48.2213
48.6353
49.1114
49.2271
49.3058
49.8446
50.0602
49.5059
50.9076
50.6823
51.5413
53.0101
52.8177
51.8365
51.7947
50.7412
48.9082
48.8408
47.8701
47.5208
47.3051
46.4472
46.2833
47.4286
47.6848
46.8109
49.2248
50.433
50.3459
50.6452
51.4685
51.4044
51.3534
50.0754
48.4641
47.4577
45.402
46.2875
46.1387
46.8257
47.9001
48.6008
49.2184
49.1195
49.0938
49.2939
50.5596
51.9367
52.615
53.6532
53.6346
53.5683
54.7922
53.5549
53.5729
51.8841
50.1022
49.2908
46.8906
46.7171
48.4169
50.1409
51.2404
49.2051
49.9116
53.0019
53.8696
53.2187
52.3527
52.3026
52.2116
52.9657
53.2609
52.6753
52.3033
50.7845
49.5509
50.2158
49.488
49.0686
51.7672
51.7777
50.8528
50.2121
48.6647
48.2855
49.1162
48.9211
49.826
52.0305
50.8626
51.1065
49.9168
48.8877
50.0118
50.668
50.2235
49.8588
48.7386
47.8473
45.6604
45.3124
45.3963
44.8589
44.7973
45.6825
45.7439
46.0907
46.5485
45.8022
47.0205
46.9384
48.4641
48.9525
48.7232
48.8925
49.4871
49.1141
47.274
46.3659
46.4683
45.1098
43.8925
44.4213
43.7077
44.134
44.4203
45.2744
46.2323
46.7637
48.0256
46.4798
46.7687
49.0089
49.1655
47.4345
48.2956
45.9935
43.9425
40.9881
42.72
43.2544
44.0607
42.0697
42.8748
43.4342
43.8889
43.2593
43.4664
45.4999
49.2603
48.5365
48.0494
48.387
48.1701
48.0348
47.6353
46.4378
46.4363
44.4719
42.0611
43.5395
43.7525
43.353
43.6338
43.8014
43.4619
43.5203
45.4749
46.5175
45.342
46.4887
47.5994
49.3733
48.5696
47.6538
46.2047
45.4688
44.7516
42.782
43.0373
42.2529
41.9687
42.4588
43.2579
42.178
42.7717
41.8094
42.0905
43.4204
44.2109
46.6575
46.644
47.987
48.9203
48.9063
48.5367
49.8536
49.0174
47.8668
44.5083
44.2025
44.4523
42.8986
41.78
41.4411
42.0015
41.1416
41.3591
43.4032
44.3019
44.6079
45.0008
45.6621
46.9931
47.5617
47.4371
46.4395
44.9412
42.6936
43.2126
41.6626
41.0136
41.6698
41.382
41.8348
42.7105
45.1657
43.1475
44.1451
43.1013
44.121
43.1874
42.6772
43.2761
45.3225
45.5931
44.8788
44.0199
43.3871
44.2194
44.7731
43.1789
41.7898
41.5943
43.2306
43.2296
42.3143
41.0827
42.5559
42.6666
42.9374
44.6699
44.7691
46.3438
46.5541
47.6462
45.8532
45.585
44.1726
43.148
41.5013
40.9446
42.0905
41.2384
41.8973
41.1767
41.3841
43.0826
43.2435
43.928
44.6581
44.6847
47.2245
47.4574
47.6074
47.9426
49.8238
47.5169
46.674
45.9441
44.9032
43.8984
43.5337
44.7335
42.737
44.8943
45.4401
46.5231
47.4054
47.4692
47.5687
48.1014
48.3098
49.4192
49.5739
51.0132
49.9803
48.1808
47.6233
45.839
44.486
44.0118
45.1108
44.3037
44.3389
44.6913
45.9477
44.9935
44.6011
45.9513
45.4218
46.6906
46.2855
47.0456
48.1513
50.3345
49.8882
49.6608
49.9521
48.0154
47.3354
47.5
46.9038
46.9862
46.3597
47.0979
48.4369
47.5528
47.7042
48.1454
49.2249
50.3786
49.8735
49.7029
48.7113
49.9112
51.0414
50.4084
51.2216
52.0345
51.151
51.119
50.159
50.2648
49.2672
47.0213
47.3731
47.2393
49.2626
49.1883
51.0549
50.1493
50.8535
50.0916
51.218
51.0145
52.4135
51.9387
50.277
49.7948
50.6638
50.3743
50.809
50.4956
50.435
49.1461
48.8827
48.8027
47.9985
48.885
49.1262
49.9635
49.9554
49.412
49.2203
48.2755
47.1594
47.6304
45.4316
47.6465
47.7346
47.1076
46.3456
45.1885
46.1861
46.4502
45.9038
47.0703
46.9485
48.0894
49.2173
49.46
49.0286
49.9062
49.9835
49.925
48.3018
47.5371
46.5523
47.795
49.6311
49.7807
49.4276
49.3093
48.6089
47.9699
48.756
48.3992
48.5525
47.4866
47.6354
48.0967
48.0726
49.4125
49.1266
51.7065
51.6994
52.0616
51.3487
48.5689
48.6194
46.993
46.0296
46.3909
46.2005
45.2924
43.5155
43.9691
44.9151
46.4107
46.3202
48.3245
49.6225
50.4291
50.3734
52.7181
53.6135
53.7727
52.3048
51.6201
51.1437
51.3738
48.9863
50.0893
47.6913
47.5272
47.8484
47.4605
46.3356
46.2579
46.8311
47.6803
47.813
48.4353
47.9872
47.4335
47.1835
47.7068
47.3636
45.8551
46.6125
45.5711
45.0284
44.3273
44.0646
44.7312
44.0883
43.9705
44.2252
43.5667
44.4746
43.6093
44.5356
44.7099
45.2541
45.7863
44.7803
43.8663
44.239
44.2413
44.3673
42.1866
41.0378
40.1986
41.0592
41.2865
40.7649
40.0079
40.3206
40.2489
40.1447
39.9897
41.7805
41.624
43.7082
43.1089
43.3484
44.3879
44.7752
44.0438
44.0541
42.4554
41.3601
41.0141
40.4868
40.6031
41.412
41.3746
41.1444
40.5571
41.468
40.9145
40.6556
42.2102
42.7021
41.9812
41.9698
43.8111
44.2616
46.0022
44.8604
42.2691
42.8542
43.1841
43.0962
43.6195
44.1591
43.9608
43.9272
42.0776
42.8831
43.3511
42.74
44.2962
44.6138
44.4184
46.5937
46.0613
44.9564
44.6287
44.2872
43.8612
44.6081
43.5516
44.4589
41.8919
42.5059
43.0596
43.4195
42.3719
40.2215
40.5561
39.9762
41.5311
41.6952
42.6339
41.8959
42.5058
45.4407
45.1149
43.4058
43.1236
41.2912
39.5113
37.817
37.0166
35.3531
34.8811
35.4087
35.6247
36.4556
36.0218
37.2942
37.5427
39.2841
39.0757
40.1801
41.0067
41.1603
42.322
41.9266
41.4298
41.5648
41.5042
39.1897
39.2745
38.7214
37.3083
38.0906
39.4318
39.3808
39.8624
40.1414
37.6483
38.2239
40.2388
41.2985
40.6171
41.9298
42.0091
43.259
44.2262
44.0328
42.7295
41.1308
41.3392
41.6236
40.6524
39.2807
41.5616
40.7138
41.5122
42.5659
43.897
43.2522
43.7303
46.4262
47.6993
49.3108
48.1079
46.1742
46.6488
47.2371
46.4805
44.1666
43.3343
44.479
45.9826
46.4103
47.0137
47.2816
46.1722
44.8962
45.4139
46.2107
46.4987
49.4856
52.78
52.6287
53.5451
53.5836
55.4592
56.2436
56.0248
56.449
56.8905
57.6814
58.1558
59.6589
58.7133
59.4852
57.9632
59.5076
60.2597
59.9199
59.4358
59.22
58.5543
59.0761
58.946
58.6697
59.2813
59.1767
59.3743
59.545
59.6069
61.0089
61.3008
60.5669
60.1716
59.2909
59.3814
59.9477
60.2522
60.5205
60.1065
60.071
59.7948
58.3088
55.7649
56.6512
57.3279
57.4214
56.8227
56.4083
55.7411
55.5394
55.2269
55.9743
57.9287
58.4516
58.8107
59.554
58.2044
57.283
56.239
56.4633
56.7731
57.6785
56.871
56.8214
55.5763
55.6232
54.5733
53.6244
54.2777
54.7742
53.018
52.5623
53.4488
53.6217
53.3747
52.9684
51.4624
52.7701
54.119
55.7704
59.2755
63.5751
59.9217
54.6346
50.2412
45.7244
44.0182
44.1121
43.6013
42.7563
43.998
44.5327
44.9498
46.7449
47.935
46.734
45.2614
43.5868
43.3636
44.6896
43.9541
44.8345
44.0794
42.6109
43.8956
43.9246
43.6704
44.6652
43.6427
43.2055
43.2174
44.292
42.7756
43.9114
43.673
42.6308
42.8886
42.1574
40.6463
40.8584
42.8653
40.803
40.6371
41.3614
42.4052
41.4149
41.9906
42.5248
42.6966
43.7485
44.2964
45.8049
47.3601
45.1882
45.474
46.0929
44.1289
43.0215
43.8752
44.18
44.0654
44.0309
43.0892
41.2241
39.6739
40.4951
41.7673
41.3799
40.9478
39.5723
40.906
41.997
44.238
44.6896
42.3091
44.3886
44.3513
46.8147
45.8675
45.4484
46.0231
44.4132
45.4254
43.1264
43.0751
43.8057
44.0331
44.2947
44.463
48.3622
50.3694
46.1874
42.506
40.9417
41.7994
44.8817
46.8469
47.4474
45.9844
46.2495
47.0807
44.6373
46.3698
45.9479
45.398
45.024
46.3088
46.372
48.1763
51.5481
52.8412
52.4653
52.248
51.2548
50.2428
51.4686
52.5364
53.0288
51.7151
49.566
47.2446
47.3631
43.187
44.134
42.4286
41.8604
40.5698
42.7476
40.8001
41.2179
44.2906
46.4712
48.6598
47.4482
48.6305
50.5038
51.3555
50.7974
50.9971
53.0872
49.9443
48.9489
50.1278
50.0308
48.8086
47.5672
46.3528
44.9995
45.3055
46.7345
45.538
45.9375
45.9657
47.503
48.3179
51.0279
51.8646
52.6
54.4927
56.1536
56.2994
52.7713
52.5294
49.6648
48.0054
46.911
47.8324
48.7335
49.5783
48.3585
46.0205
46.0529
49.2574
49.1548
50.793
50.9053
48.1412
48.7893
46.8803
46.3346
48.4508
49.522
49.6722
48.9305
47.8258
48.4244
46.816
42.2396
42.1207
41.5379
43.1661
44.3561
44.5758
46.682
48.5578
51.7094
53.4498
55.8602
55.9902
56.9369
55.2695
54.8609
54.9858
52.6195
52.0816
49.5878
50.5121
49.649
48.3923
46.8961
46.4058
45.8381
45.3629
46.1036
46.5406
47.888
45.7318
44.594
43.4363
46.0414
43.8169
42.3145
41.0276
38.4306
38.9438
38.3876
37.5056
37.7144
35.0556
35.2317
36.1914
37.006
38.424
39.1024
40.0555
40.8647
41.2113
40.7405
40.2571
40.0888
40.2
39.4082
38.7956
36.7794
35.7328
34.1814
34.8756
34.6736
33.3947
33.2468
32.5201
33.0968
30.4168
29.3639
29.9631
32.5768
32.1528
31.8486
31.6969
32.475
35.295
37.4135
37.0979
38.0408
36.7676
36.381
37.0866
36.6697
37.4204
37.7302
37.9632
38.4931
38.4945
39.8127
38.803
39.6665
39.2371
39.1694
39.3983
37.8105
38.5485
37.2954
36.1421
35.6081
37.2412
36.3977
35.7232
36.294
37.1783
38.8011
36.7007
39.2578
41.4614
38.8424
36.4851
36.0648
32.982
31.4203
31.7159
32.5253
29.6125
31.7505
30.7213
32.9484
35.8224
34.0386
30.6745
34.7628
34.5157
33.4655
31.2412
29.5992
28.2683
30.8297
27.8115
29.0485
29.3561
28.1953
22.2481
21.7216
21.9129
25.2193
27.1123
27.9258
27.4063
29.0334
30.8038
32.4476
29.0116
29.0052
29.8913
30.4831
30.6966
29.36
32.1585
32.8761
32.9939
34.4545
33.9037
33.745
35.2821
36.3051
36.227
34.7845
36.9036
35.257
35.9998
39.1247
41.9206
41.2422
41.2277
42.1838
43.1002
43.0174
42.1828
41.5016
42.0847
42.3076
41.3728
41.7995
42.3595
42.6772
43.4557
42.8338
43.7079
43.5114
44.1397
44.3847
45.5801
44.7456
44.0318
42.52
42.7556
40.8078
40.4649
39.6546
37.6765
37.623
38.1288
39.9133
40.7175
41.0622
41.782
42.2243
41.0348
41.2988
41.304
42.0246
41.2669
43.1732
44.9285
46.7694
45.8012
42.8347
40.2041
40.0539
38.6539
35.212
36.1457
36.7124
37.5037
38.3591
39.0793
38.9953
38.8671
38.5638
39.2103
39.1196
40.0782
40.9675
41.3791
41.8165
39.8705
40.2187
39.4377
38.456
38.0005
37.0402
37.7024
36.5546
36.5224
37.2007
37.4072
39.2912
39.5251
40.0131
40.0766
41.8041
44.0789
45.6997
47.2062
49.3875
51.9896
56.8554
60.6801
61.8805
64.4535
65.2769
66.3785
68.4967
70.1577
69.6867
69.1202
67.5006
65.9359
65.1878
63.7747
62.1716
60.0079
59.2309
58.0075
57.9856
57.3419
53.9359
50.345
47.3928
46.2856
43.5017
42.6191
40.7098
39.129
35.6144
35.9363
35.5308
35.2004
34.013
34.3174
34.1463
32.9842
33.3648
33.3197
32.1974
32.6349
31.8716
31.2774
31.351
30.8943
31.0668
31.7935
29.9874
29.8842
29.3132
29.3768
29.127
29.5695
29.6079
31.6349
31.1582
32.9045
30.9647
31.2749
31.1883
30.1127
30.7197
29.4361
29.8595
30.6833
31.3755
31.6619
32.4673
31.8191
32.5187
32.5719
32.094
32.7386
32.9391
33.5486
31.6204
30.796
32.6601
33.3045
30.8191
33.0208
35.9626
40.1164
41.4097
43.92
45.5536
47.8261
51.6823
51.8639
54.2256
54.819
56.9259
58.7747
60.5759
61.5018
62.1616
62.2614
62.779
61.5768
61.0471
61.7236
62.695
62.632
64.9181
64.0158
62.9626
60.8765
58.4696
57.9321
58.0827
59.2711
60.4343
62.1114
61.1994
60.4736
57.2716
55.5639
53.9061
53.5547
53.8773
53.658
52.2569
51.5452
51.2734
51.6339
51.3302
51.6972
50.6131
51.3557
51.7623
51.1773
51.9179
51.0821
48.9992
47.4093
46.7922
43.4693
42.9239
43.9461
42.3162
42.8305
42.4708
42.5438
45.7252
46.6013
48.023
47.6452
46.3803
45.5585
46.0421
47.9912
47.103
45.2827
46.1213
45.6483
45.8724
46.385
43.8585
41.9098
43.0182
43.58
43.3152
44.5403
44.3244
42.9053
44.3151
44.9628
46.1357
46.7072
45.0497
46.6935
48.0034
44.7761
42.6069
41.5246
42.818
41.884
40.1143
39.7053
40.6584
42.5681
42.6476
42.5175
43.8213
43.5294
43.587
44.8245
45.3433
43.9244
44.8898
43.9679
44.3866
45.5339
44.09
42.8639
42.9097
41.9766
40.2496
39.1863
38.9656
38.9821
37.3271
38.199
37.4569
36.2799
37.8224
39.8309
41.5373
42.4299
41.5087
39.9757
39.9363
38.3304
39.4391
38.4281
36.7457
35.9754
34.4824
33.8855
32.7817
31.4602
33.5289
33.6173
33.3958
34.756
34.7244
37.0626
39.4716
41.5584
42.5735
41.6185
42.5241
44.8504
44.9401
42.2443
40.715
39.8648
38.7728
35.5758
35.2462
38.1584
40.7858
38.3546
38.7095
39.3531
38.9958
36.6007
37.0918
38.1737
38.7375
41.8493
42.3567
43.0247
43.7287
41.8343
41.9074
41.544
42.6506
40.6272
38.5835
40.3682
38.887
39.3545
35.6295
36.0455
37.4539
37.1504
38.2004
37.9569
40.0677
41.3204
42.4535
43.928
45.7851
48.7354
47.3625
46.1759
42.2265
38.0539
36.8723
37.9573
36.6233
37.1187
36.8409
37.0027
37.9075
38.2638
38.8687
39.8028
41.1162
45.0213
44.4188
46.0335
47.412
46.8946
44.3613
39.4608
42.0109
40.7869
36.2196
35.9528
34.7671
34.9359
37.1635
37.2762
40.0181
42.4162
40.6215
41.3086
41.7548
42.2455
44.6867
44.9657
45.919
46.4722
43.3601
42.2423
39.0537
37.9878
37.1238
36.4684
37.3376
36.5264
36.9587
38.1035
38.1995
38.3238
38.8806
40.6043
41.8483
42.6698
42.9247
42.7956
42.9875
44.0999
43.0718
41.8034
41.1542
41.3561
40.1468
40.5323
39.5068
40.1122
38.9691
39.9664
41.812
41.586
37.6246
38.0645
39.3433
41.2902
44.0355
43.4359
44.6925
45.9098
47.0348
46.7776
43.0927
41.7093
39.6488
39.0652
38.0136
39.1295
40.1201
39.2808
38.1712
36.3367
36.9743
36.5949
38.3658
37.5219
40.7156
42.4337
45.0659
46.2433
46.1534
42.6277
42.2866
39.5834
38.4137
34.2583
33.7223
32.8964
33.0391
32.5031
32.3712
34.0512
33.7772
35.1006
35.8019
36.7454
39.3706
41.165
42.5163
44.9356
45.8444
46.4187
44.2897
42.5508
38.3055
35.2743
33.4506
31.5281
31.3327
30.2555
30.5705
31.6025
33.8805
32.3903
32.1708
32.906
33.6489
34.906
35.3913
38.3334
40.2335
39.9179
38.1264
35.4717
33.3933
31.0509
31.1963
30.5718
30.4804
29.9536
28.4609
30.0168
29.6148
32.7868
32.4343
32.6956
33.205
32.2588
32.7803
33.208
34.673
37.6166
37.8541
36.9249
36.4012
34.7433
31.7894
30.3268
27.0993
26.4923
26.7408
28.3212
30.8934
31.5189
30.589
32.335
30.7608
30.6733
33.0979
34.4571
37.7134
38.7634
37.7591
36.4635
35.3111
34.366
32.7981
33.5138
32.0567
31.2105
30.7141
32.5075
33.8157
34.5856
35.6746
36.5884
35.1416
33.5044
34.1839
33.8179
33.8789
36.4841
37.9045
36.0238
34.8293
33.4793
31.9947
30.1588
30.1171
29.5446
29.0292
29.7947
30.2322
31.3531
31.8441
32.0166
31.6573
32.0467
32.44
32.5211
33.701
35.1937
39.3856
38.1011
37.1143
36.2023
35.1838
34.0675
34.8056
34.8887
34.2727
33.6256
33.3093
34.2563
32.9369
34.7076
33.3287
32.3721
33.4061
34.4306
35.2244
36.5575
36.686
34.5837
33.8509
34.8742
33.6555
32.8995
31.4855
31.0561
29.3499
29.4379
29.4803
30.8724
33.293
35.7735
38.4776
37.8703
36.4604
35.4245
35.4623
36.7703
40.4149
37.8506
36.9676
37.4202
35.4505
33.3581
34.0089
35.118
35.2212
34.5842
35.0513
36.6561
34.421
33.5441
35.0468
38.7725
38.9645
39.4977
39.2537
40.4214
39.6576
40.8194
38.9908
40.0536
37.6632
36.5985
33.2638
34.4954
35.8366
34.4708
33.1023
33.6215
35.3938
34.7082
36.7329
35.5736
36.1579
36.8376
37.3745
39.4534
39.1275
39.2453
38.3452
37.1329
36.4875
33.4794
34.0321
32.0454
32.541
33.2356
32.5867
32.8314
33.7385
37.2009
35.2005
37.522
38.616
38.1972
38.5637
39.2793
40.2964
38.8288
37.2465
35.8056
37.453
37.1703
35.8261
32.5781
30.9464
30.7953
32.3175
31.0168
32.0523
33.8683
34.7106
33.1582
33.274
33.7219
34.0478
35.1886
35.8722
36.8808
35.7629
36.407
36.8438
35.7135
32.272
31.3174
30.3135
28.4115
27.3538
26.6259
25.1778
26.5321
24.2685
24.1525
27.1085
29.9891
29.2158
28.6532
28.7081
28.9666
27.9057
27.1924
26.1895
26.0745
24.4987
25.3095
25.4098
26.0803
26.599
26.3234
26.9444
26.5929
26.4927
29.004
31.2549
32.7764
34.6619
35.5379
35.4832
35.3995
32.6935
31.3241
31.2527
29.7441
33.1194
32.464
33.0883
34.2745
37.3727
37.462
37.1815
40.7166
41.7502
40.5923
42.9931
44.2313
45.8913
46.188
47.1911
47.3067
46.5358
45.2343
44.1096
46.1574
46.9908
48.3547
48.8926
48.8788
50.626
52.1418
53.5176
53.5498
54.5042
55.0871
55.5615
54.7528
50.8969
49.1683
49.5525
49.7307
49.4139
50.4766
51.4901
52.0888
50.9316
49.9908
50.0646
49.6271
49.2839
49.597
48.8837
47.347
47.7837
46.9219
46.7242
47.2679
48.6308
48.1952
49.3371
47.9263
48.2938
49.1153
49.414
50.3835
49.2451
49.3668
47.9525
47.4835
46.2781
48.6155
45.7759
46.0374
46.3428
46.4932
46.9374
47.7844
46.4147
45.9845
46.9407
47.1044
47.0649
51.2381
53.3432
57.7234
58.8036
58.748
57.8999
58.0577
55.9376
54.9916
51.6748
50.2457
51.5911
53.649
52.6738
50.7899
48.7016
45.5483
44.1086
43.7184
42.7126
43.1316
44.5858
43.9501
42.6535
41.3979
41.1935
41.3117
38.6296
37.2304
36.5784
35.7893
35.717
35.43
35.5995
35.6043
35.4254
36.0723
35.6062
36.2182
36.3171
36.9418
35.3552
37.1396
38.7616
43.0323
45.7538
46.922
43.9994
43.7195
45.6971
47.4123
47.1277
47.2514
46.1527
45.0719
48.508
51.8193
52.9711
54.7459
59.0686
61.1356
62.1175
62.034
62.3908
62.4596
62.2445
63.5915
63.5566
63.3704
61.0663
59.759
58.0662
56.4363
54.6138
49.9007
46.503
45.0049
42.5141
39.0505
37.5774
36.3852
36.495
36.4621
37.5851
37.8626
36.8974
36.2646
34.4814
34.1777
36.7731
38.0667
36.9885
37.4448
38.6675
41.6372
42.3179
41.1105
39.7328
39.1979
40.8584
39.9553
38.6263
38.7061
37.9004
39.0206
39.4452
38.1669
38.9833
39.6089
43.5683
43.7994
42.5323
43.6553
44.0269
45.4935
47.1697
48.3388
49.8849
50.1874
49.2177
47.6964
47.868
46.8118
47.73
48.584
49.3726
49.6867
45.996
46.153
46.8869
48.4337
48.6999
48.1843
47.9418
43.7233
39.5461
37.121
38.3755
34.9752
36.1319
38.4087
40.2821
39.7711
42.3396
42.7315
41.0436
40.745
40.8688
39.8783
39.1081
38.6094
38.3899
38.5109
39.0488
40.095
40.6376
41.6043
42.6093
43.4654
43.8121
45.6266
45.0618
43.582
42.9906
43.2465
43.4813
43.2578
43.0462
44.1852
45.3972
44.6542
44.3344
45.0148
45.0689
43.7288
44.2424
43.3546
43.1348
44.036
43.1013
44.3751
43.9461
43.7755
43.7688
44.0274
44.3626
44.3351
45.4701
45.0882
45.4118
43.1583
41.9368
42.8397
42.4783
41.924
42.6779
42.6219
44.285
43.4765
44.1605
43.1282
44.017
45.0091
44.3527
43.918
44.0254
42.6866
41.7316
39.2344
38.7728
38.5798
39.1073
39.1927
39.1576
41.1542
41.796
40.7706
41.211
42.4911
43.0469
42.8997
43.7113
44.5987
43.0688
41.2107
41.1961
42.5196
41.6892
42.9501
42.4766
40.7158
40.4997
40.088
39.832
41.5934
42.7939
41.6942
41.9893
40.7255
41.1176
41.4651
43.0422
42.5663
43.33
42.8843
42.8255
43.5079
43.1192
43.823
44.0571
44.2128
44.3698
44.7405
43.9198
41.0543
40.0745
39.9729
40.3662
38.606
38.4342
37.3903
36.2108
35.5841
37.7702
38.7762
38.8726
39.8379
38.9463
39.8555
39.7319
38.6811
38.4812
39.1133
38.5913
37.9472
38.5827
38.1728
38.6934
37.4857
39.2763
38.9884
39.3544
39.3098
40.6001
39.2201
35.326
33.7442
33.7641
35.1922
37.9643
36.918
36.5478
36.7894
37.596
37.1677
37.4941
38.058
36.1113
36.6998
35.3082
36.2638
35.1412
34.8028
32.9743
34.1881
34.5391
34.2551
35.8246
36.6287
39.6626
42.4262
44.1056
45.379
46.8377
48.1387
50.6942
50.795
51.256
53.2844
53.5014
53.9408
56.9191
58.432
55.7958
53.1541
53.0149
53.4652
52.8871
51.2454
51.2598
51.4903
51.4568
51.0783
49.4107
48.2611
47.4061
46.2256
43.6812
41.2129
34.4758
29.9425
29.6183
26.1392
27.1123
26.0978
25.6181
26.0382
25.258
24.1832
22.0246
21.9802
22.131
23.5178
22.7467
23.1996
22.6057
22.2858
21.8805
23.7791
23.1562
25.4597
25.6945
26.631
26.6866
24.6438
24.9895
26.3734
24.6566
25.6387
24.6542
24.9051
26.2605
27.3207
24.8845
25.6825
26.5996
26.4209
29.4834
30.802
31.9938
36.1836
36.7521
36.5782
35.7171
37.2028
37.483
36.4383
37.1291
37.0223
34.8747
33.2863
35.3918
33.2356
32.1959
35.6361
35.6104
37.7826
38.387
36.6657
38.4395
38.8503
38.8814
38.8272
38.6832
39.6849
40.3093
38.6485
40.5492
39.3043
37.9016
35.9031
39.0752
40.434
43.3183
44.6118
43.4339
43.4971
44.5966
45.65
46.2614
46.1818
45.646
46.2705
47.0321
46.6708
45.1763
45.9102
47.1908
47.5025
48.4756
47.1141
46.8944
45.7404
45.2637
43.6268
43.1742
43.8779
44.8085
44.4727
44.1103
43.2547
43.6581
43.8902
44.9889
46.4215
45.3323
46.2294
45.3933
45.0693
43.9599
42.9569
42.277
40.7479
39.7963
39.9435
39.6146
40.4805
40.9266
40.4001
41.2685
41.735
42.6342
43.9889
44.4081
43.8473
44.2582
44.1473
44.0736
43.3984
43.9176
44.3363
46.2963
44.8569
44.0337
43.1187
41.7279
40.5078
39.9958
40.3028
40.0096
42.1122
43.6408
44.288
46.2833
46.6355
46.7605
46.3511
43.2026
40.9798
41.5928
41.1837
41.659
38.456
38.4935
38.6128
37.7188
37.9458
38.3393
39.1595
39.396
41.4557
42.706
43.4339
44.6538
44.4314
45.539
46.1046
47.0253
45.8177
44.3332
44.6579
42.1954
41.6949
39.1917
37.4226
39.8412
38.2605
38.4766
39.7163
41.4886
43.6906
43.2407
42.2237
41.5074
40.526
39.3837
39.4144
38.228
38.088
36.6799
36.5249
36.1044
36.0745
36.2393
35.1234
35.0399
33.1799
34.5992
35.6426
35.1687
35.1779
35.8774
35.0818
36.1196
37.8424
39.9763
40.5091
40.7958
41.4605
41.0931
40.2749
38.2401
38.8899
38.0374
36.9213
36.2523
37.3297
37.8113
38.7942
38.7818
38.563
40.7192
40.0705
40.1804
41.5721
43.083
43.1478
43.7423
43.9447
43.2748
41.6344
39.6742
39.5006
38.1531
37.0588
36.6844
38.1268
38.5418
39.9793
39.4044
37.0408
36.8795
37.9297
37.3975
38.1939
40.1165
41.5489
43.0199
42.6239
41.9353
40.4608
38.3907
35.4754
34.6421
34.4947
36.5941
37.2159
38.3984
40.8741
39.4165
36.6812
36.5582
35.9133
36.2255
36.5693
38.6463
39.1326
40.8569
41.4944
41.7216
40.333
37.4697
36.0402
33.7556
33.94
33.1096
35.007
35.1118
35.8873
36.593
37.5907
38.5865
37.2787
37.6876
37.7139
39.3116
40.776
42.39
42.5596
42.0645
41.8758
39.8391
38.0553
37.0758
36.2047
36.6149
37.0239
38.3886
38.1557
37.608
38.123
37.0358
37.3842
36.1877
37.5345
39.8564
39.5972
40.9939
40.3938
40.471
40.4154
38.567
37.6972
35.2216
33.0131
33.168
33.1968
33.54
33.7545
34.4349
33.7423
34.4392
35.1482
32.0533
34.9175
35.9219
35.2193
35.6738
37.7409
37.6608
38.3087
38.583
36.2803
35.1632
32.6724
32.9662
32.9011
33.9628
33.8325
34.3868
34.7983
35.7193
35.0427
36.4501
37.0127
38.2135
40.3369
39.9325
41.7887
46.1741
43.9897
38.4695
37.809
36.3803
33.2457
30.6783
28.1646
28.8763
32.2795
32.5306
31.5754
34.6274
36.104
35.4895
38.015
39.0816
39.0529
41.4394
40.6805
42.6298
40.7395
37.6833
35.7583
32.6961
29.7753
27.5211
26.8548
31.756
32.6552
33.6333
33.3771
31.8899
33.2676
33.1228
32.336
34.3685
35.2383
35.3441
36.5194
37.106
36.9797
34.5714
36.127
33.367
32.5676
34.2259
32.5016
30.1612
28.6771
28.9658
30.2709
29.9832
28.5091
30.4678
31.0633
30.6462
33.2599
35.8712
37.3226
36.7425
37.3587
35.5632
36.2186
33.736
30.7428
29.7597
29.9517
30.2517
35.3291
36.0915
37.9018
36.5288
36.4153
36.3808
37.6851
38.63
39.6633
39.6565
41.3148
41.0965
41.0242
40.3149
37.0653
35.4101
34.8139
34.5128
33.211
34.3232
34.1219
33.4341
33.9152
33.8075
34.3388
34.3287
34.6558
33.7637
34.2396
34.8211
35.4907
38.5326
38.9563
38.3948
39.4044
37.6676
35.0692
32.1467
32.729
29.6367
29.5874
28.585
29.4288
30.7776
30.5403
30.7994
32.1037
33.2448
35.3195
36.4945
38.6871
39.3946
40.4841
40.9076
39.3715
37.85
35.219
32.8475
31.5528
29.567
29.5016
30.5177
31.3367
31.8898
35.1661
38.749
39.306
40.4682
40.721
42.534
42.375
41.2676
40.5786
40.501
37.8312
35.7378
36.5433
35.3277
35.8247
36.195
36.8855
37.3309
36.9217
35.6627
36.5309
37.3342
39.2541
40.464
39.3555
40.5046
40.8649
40.4851
40.8558
41.5162
41.2357
41.7017
39.5727
36.6595
35.2408
32.9168
33.1825
33.5336
34.393
36.5295
37.0874
36.7336
37.1321
37.2751
38.1125
39.5498
40.6134
40.1807
41.1216
40.1938
39.5146
38.7929
37.3998
35.1816
34.8591
36.0495
34.2292
34.9001
35.3764
37.028
35.3756
34.6793
36.4607
36.7273
36.3417
35.3582
33.9659
34.4444
36.314
36.4018
36.036
35.9451
35.5897
33.7876
32.5847
34.4189
34.7795
35.1217
36.632
36.2337
34.7207
33.9667
34.7575
34.5391
37.1996
37.259
39.7766
40.0059
40.2626
38.7838
38.3636
36.0071
34.0598
31.8713
31.9531
31.9037
33.5382
33.6773
33.4319
32.8858
33.1275
32.9087
33.3156
32.0218
31.9246
32.8066
33.8464
34.348
37.1961
38.5368
37.3433
36.6955
34.7102
34.5896
30.2548
28.3339
29.523
30.8854
31.0732
32.856
33.0146
32.9916
32.3986
31.8011
31.5144
32.7316
33.5235
34.9925
35.5189
36.5596
35.2814
34.676
32.4712
32.2373
32.6095
31.9289
31.4472
30.9489
31.2802
31.3708
33.7229
35.7512
35.0066
36.3307
34.8293
34.3376
34.9548
36.3698
38.1317
38.434
40.1918
39.7939
39.8179
38.1064
35.6191
33.0453
30.9478
29.9747
30.6374
31.9204
32.6631
34.9026
36.3607
37.3663
37.9548
36.418
38.1666
40.987
41.5871
43.2695
42.7021
42.662
42.2098
39.6612
38.2494
38.0564
36.2302
34.1491
35.7493
35.4643
35.4235
35.7869
36.9767
38.1305
38.4606
38.528
38.5891
39.3716
41.3562
42.1894
42.3691
39.5414
38.8961
37.3512
35.5117
32.9528
32.806
31.0388
29.6312
26.2431
27.1126
27.4628
29.063
31.2029
33.4278
35.0039
35.8657
35.7649
36.7635
38.4569
37.568
35.8513
34.727
33.7797
33.0003
31.4666
31.1333
31.7143
32.3935
30.4813
30.5184
31.3035
31.4643
32.6946
34.7074
37.3172
37.9367
37.7344
38.3624
37.592
37.7608
37.9017
38.2763
38.0442
37.6432
35.2915
33.0954
30.3323
29.4251
28.0608
27.8811
28.2508
30.8149
30.6771
31.3826
31.9828
32.4062
32.8093
33.8716
34.9985
36.009
34.8934
32.4746
28.733
29.1708
26.3028
26.2766
25.2132
24.1279
24.4374
24.6017
26.6688
25.9821
26.1899
28.9559
30.6479
31.741
32.1222
34.8041
36.72
36.6061
37.5494
37.2624
37.5035
36.7629
36.7726
31.6734
27.5556
27.5125
26.966
26.9231
27.6482
28.2659
28.0961
27.1372
26.9147
29.3658
29.8434
30.1973
30.9851
32.4232
35.1831
37.7382
36.8696
36.1405
33.9025
30.1927
28.4954
27.1919
26.0543
24.983
23.6869
24.4662
24.4769
24.989
24.4277
26.2165
30.1482
32.5997
35.3003
34.8859
34.6915
36.2981
36.7202
33.5291
31.4571
26.202
22.6801
19.6006
19.0443
18.1174
20.6182
21.4899
21.6989
21.9575
24.7608
24.3976
26.8407
27.927
29.6919
29.0717
31.4284
34.6503
33.6051
29.5648
29.3055
28.106
27.0469
25.8262
24.9743
23.5639
22.4209
24.0905
21.9701
21.5303
20.7603
21.0923
22.8532
22.4189
23.3745
22.8651
24.5106
25.6407
27.6328
29.0238
28.9663
28.3042
25.0583
21.8194
21.615
21.663
22.4152
21.1655
19.9236
21.7407
22.6404
23.9885
24.9672
25.376
25.7993
28.357
29.6374
28.9851
31.6457
32.5296
32.2651
30.3883
31.021
29.8214
27.9079
24.5797
21.4064
21.6905
20.5384
21.0782
23.0832
23.8723
23.3567
24.9106
26.4238
27.522
28.8208
30.1186
31.162
30.9333
29.9229
29.0346
27.5529
21.3161
22.2488
19.4732
19.3664
18.9256
18.3119
17.3297
21.4385
25.5314
22.8023
25.0098
26.0139
26.141
28.2309
29.3001
30.7097
31.4546
31.4305
30.9111
28.8182
29.6366
27.6739
24.5822
22.1694
23.1194
21.7566
22.0205
23.1747
22.5378
21.2521
21.7003
22.0849
22.5939
21.9356
23.8654
26.4774
29.5717
30.7833
30.2074
27.4556
27.4042
24.7912
22.8459
22.0268
22.6718
23.1226
23.7516
22.7765
24.3818
24.7612
23.3017
24.2605
23.8418
24.9008
26.3694
28.4207
27.8615
28.9819
29.4155
28.9288
26.1749
23.595
23.6382
23.1844
24.0345
22.7568
22.3596
22.7792
22.107
22.6197
21.7596
22.51
23.4401
23.52
23.9805
23.2909
24.1376
24.1841
23.1862
22.3352
21.8552
22.4829
21.2955
21.2308
21.9273
22.7976
20.9477
20.8322
20.7523
21.8694
22.8456
23.4545
23.9764
24.1446
26.2002
25.6247
26.462
24.511
24.3604
23.6495
22.5327
22.6452
20.9399
21.6015
22.4849
23.2112
21.7227
21.8587
20.9389
20.9764
22.0258
21.7884
22.3304
22.7817
23.2073
23.4345
22.6858
23.4657
25.2858
25.2456
24.1186
24.5367
25.6257
26.5662
25.8824
27.5044
24.7358
23.4246
23.4201
23.3517
20.4769
20.8708
20.9127
20.8249
22.6809
23.8786
23.6264
24.9313
24.0123
23.5861
25.632
25.4579
28.0832
25.0701
26.7514
26.5725
24.6265
22.9451
23.4098
24.7498
26.512
26.9425
27.909
28.0468
28.8812
30.5451
32.8331
35.4342
41.0698
44.5298
47.4293
49.899
49.9539
50.5713
49.672
47.4953
44.1398
40.2294
38.0907
37.3979
38.0674
37.6566
38.3963
37.6063
36.0996
36.2416
36.8001
39.8968
40.3628
41.7364
43.8232
44.5741
45.9273
46.3429
46.1203
46.3825
45.3462
43.9381
43.9881
44.8542
46.8636
47.2341
47.4405
47.3162
48.4772
49.2276
49.5297
50.2985
49.8464
51.347
51.4168
52.3051
53.0505
52.9844
53.2363
53.9424
54.6227
54.3801
54.3354
53.0937
52.0907
51.4889
51.224
51.2681
51.3392
51.9333
52.3178
53.7162
53.4262
53.5287
53.0146
52.8052
53.3396
53.3482
54.431
54.2292
53.9158
53.3205
53.5341
53.7174
53.2024
53.374
53.3232
54.132
54.3144
53.4722
52.9178
53.0854
52.348
52.2718
51.6296
50.0896
50.216
50.6754
50.0539
49.9706
50.8012
49.0415
50.0308
48.7201
48.561
48.2155
47.853
48.5962
48.3082
50.0602
52.3407
53.5131
54.1743
53.9503
54.6967
54.9201
56.481
56.9864
58.6429
58.0585
58.6181
57.7893
56.3545
55.3677
53.9078
53.0472
52.7722
51.2467
49.1534
49.6038
49.0533
48.738
48.7688
50.0815
51.4068
51.3275
51.4741
49.7949
49.9427
50.6423
51.2804
49.832
50.2928
51.3339
50.8706
49.2163
48.6797
48.5257
48.4947
47.6774
47.2432
48.457
48.4879
48.1353
47.6674
47.8547
48.9967
47.789
46.6555
47.2984
46.7252
46.3388
45.3346
45.6521
46.5894
46.569
47.341
47.716
47.02
46.9503
46.3139
46.4514
47.5073
48.7975
49.0983
48.7073
48.4649
48.5869
48.2277
46.117
44.3954
46.9128
46.1029
45.9106
45.1653
46.9023
46.4942
44.2469
44.1886
41.5205
42.6452
42.6907
42.066
43.3821
44.5586
43.37
44.1056
44.0461
43.1266
41.1741
41.4243
43.8403
45.5474
46.3638
47.0294
47.4492
48.7617
46.5488
47.4125
47.9837
47.2156
47.2987
46.7039
45.9729
45.4009
43.7491
42.5619
41.6099
41.0926
41.6043
43.6596
44.0824
44.4264
42.2807
43.1065
43.9769
43.3333
42.5391
41.4962
40.5641
38.2238
38.0253
39.3582
39.7004
37.7506
38.2944
40.9397
39.0116
40.5504
39.9399
40.5658
41.5603
43.2225
42.1542
42.4553
43.263
43.502
43.379
43.548
43.6712
45.412
43.2225
43.4156
45.0107
44.8407
46.5445
43.5633
43.8646
41.4184
40.1347
38.3274
36.4748
37.2881
36.0127
36.3599
35.5045
39.9058
39.9238
38.7752
40.3353
40.2161
40.1914
37.9935
39.1031
37.5088
36.873
38.5499
38.7744
39.9465
39.4632
38.9424
36.0885
33.7434
33.0593
32.6885
29.661
29.4479
26.6631
25.5756
24.5725
24.9394
24.1162
23.8763
22.7762
22.3263
22.3331
22.8312
21.4696
19.8633
20.8941
21.939
24.4085
23.9896
25.8598
28.2876
32.2833
32.4993
36.5213
35.5615
34.3964
34.48
34.7423
34.3648
36.095
34.7901
33.8076
33.4348
30.1915
28.2182
29.6176
30.6817
33.0614
33.8453
36.6791
36.6217
37.5898
42.6442
42.1082
41.8641
43.3328
42.8301
43.4686
44.5206
42.0963
40.7609
38.8601
37.3261
33.4108
33.9684
34.3297
33.9908
36.7242
36.7766
37.2457
36.4574
37.7455
35.8171
37.2613
38.2658
38.5454
36.4621
37.0845
37.2158
35.7978
37.2852
37.0957
37.9664
37.0559
38.2307
38.7465
39.9047
41.0949
40.1386
38.043
36.9303
37.2549
37.2809
36.4529
36.7373
38.0762
38.6404
39.8148
40.6241
42.6723
44.3849
44.8572
43.4072
45.3396
43.4719
42.9855
42.5045
43.1483
43.334
40.9696
42.6179
41.6986
43.1734
43.3246
45.0433
44.8018
45.0994
44.0462
44.7541
43.8052
44.9261
45.9136
47.0793
47.1512
48.2351
46.2655
46.6228
44.512
43.7501
42.5406
43.7202
42.4686
40.7307
41.6654
42.7058
45.6842
46.5353
47.9461
48.7007
50.5107
51.0677
50.9749
50.3321
49.108
48.7454
49.0631
48.4712
47.4615
44.6944
44.2982
44.3218
44.0945
44.0194
42.2889
43.6575
44.9008
46.1731
49.0281
50.363
50.9564
53.5711
56.4514
57.6718
59.1215
62.3759
63.2726
63.7931
63.3144
63.4047
62.0496
62.5789
60.3226
61.5924
61.5283
60.4285
60.5949
58.986
53.2336
50.0101
47.0827
44.8041
44.3206
44.0962
44.4936
42.3772
41.7125
41.5335
40.2758
41.4031
41.4878
40.6116
39.328
38.5919
38.3455
37.1953
36.2734
35.6179
35.3308
34.4226
33.962
33.3244
33.5701
33.6293
35.608
36.5756
35.0961
36.1799
36.8101
34.4431
34.4958
31.7401
29.5129
30.2399
29.1908
29.2433
30.3116
30.5321
30.7466
29.3986
26.2942
27.3157
29.1768
28.4722
30.0769
30.3404
30.0454
31.3786
31.9146
31.4055
31.6062
32.3506
34.9671
34.6713
35.7053
33.7021
36.2165
33.689
35.8067
33.8972
34.763
36.6539
37.5046
40.3182
41.1732
40.9021
43.146
43.8212
44.42
44.1389
43.9348
46.1667
46.674
47.5948
48.903
47.438
49.63
50.8747
51.2701
53.6288
55.5061
56.8474
59.9797
62.4451
63.3846
63.7062
63.1228
63.5936
64.5735
65.8802
65.472
65.49
66.3696
66.7809
67.3097
67.4099
67.3014
66.3096
63.8509
62.9695
61.3155
59.9732
57.0122
53.8056
52.0678
50.2204
48.6219
48.5613
47.5736
45.6547
45.413
47.3151
47.9503
49.4287
49.1174
49.7141
50.6056
50.9125
52.1343
51.5412
50.6076
50.342
49.1746
47.7052
46.0507
41.302
40.1689
39.1945
38.5417
38.3955
37.9574
36.9142
37.1234
38.2282
38.982
38.8658
37.0836
34.3991
34.3121
35.3895
36.5582
37.6884
36.448
34.4055
33.4728
31.0388
30.1731
29.786
28.6206
29.0457
29.178
30.9049
32.7565
34.1342
35.1271
36.392
37.0677
37.277
38.1372
38.4962
38.2611
37.1091
35.3399
33.537
30.8919
30.4321
29.7663
28.4098
28.4184
29.028
30.0847
31.3029
31.5065
33.2046
33.4985
35.4919
36.2469
36.0562
36.1106
36.4573
34.7133
34.6514
33.2368
32.2673
31.5609
31.2582
30.5407
30.4713
29.9646
29.7515
29.3811
30.6794
31.8597
31.1834
32.0844
32.9831
33.6603
34.6724
35.9867
36.9469
37.8184
38.0188
36.1722
35.6924
34.63
33.9622
32.956
32.407
31.052
30.7372
30.7658
30.3426
30.995
31.2135
31.659
33.864
33.7581
35.1942
36.3122
36.9266
39.1759
38.099
36.7429
39.4285
39.0316
38.2214
35.1644
33.7246
34.5595
33.7388
32.609
31.2497
32.6552
32.2991
32.362
33.7123
35.956
37.0282
37.8627
38.8247
40.0832
40.4448
40.7547
42.1143
40.4666
37.3752
37.3824
36.5484
33.7718
32.4501
30.2685
28.1947
27.9461
28.55
30.5483
32.4601
31.9177
34.5795
35.1039
36.1864
36.5031
37.755
39.576
39.6921
38.9943
38.0724
34.9052
35.2198
30.6256
29.6015
26.4846
25.1416
26.087
27.6087
30.2578
30.0241
30.7784
32.9326
35.7396
36.8321
37.683
39.3605
38.5058
38.1159
36.4837
34.0357
33.3868
32.5882
31.3556
28.3281
27.8536
28.5904
29.4486
27.532
29.052
29.3766
29.2866
28.5964
31.1306
34.6417
34.7441
35.6013
36.2712
36.5944
36.9082
35.4592
33.2866
34.2386
33.9408
30.3084
31.498
27.8807
27.5935
29.092
31.2237
31.7027
32.9493
32.9865
34.9869
34.5984
34.2207
34.8712
34.8171
34.0432
34.9042
33.5024
32.743
31.6985
32.4004
31.9285
31.3425
28.7913
29.3425
30.3928
29.9865
33.0517
33.3597
32.5984
34.2126
32.6033
31.9219
33.2392
33.4686
33.8101
34.091
34.5677
34.2682
34.3271
34.2243
34.9097
33.0192
32.0422
35.3146
34.3666
35.4657
32.7856
33.5407
30.422
30.5093
30.0852
30.549
30.5042
31.4877
32.3003
33.759
36.0253
35.1081
33.3207
32.8728
31.8403
34.2402
35.0985
35.6434
35.8002
32.0547
29.1133
29.7176
27.6997
27.7018
26.6781
27.6565
30.8182
32.5292
32.7362
31.8506
34.0688
35.845
35.5455
35.8615
37.1882
38.6515
35.5412
34.3952
32.9182
32.6657
30.8327
29.1624
28.4295
28.284
29.3382
30.2004
30.1981
31.6023
31.584
32.7869
32.5423
33.0633
32.974
32.6888
33.306
32.1853
31.4359
32.3811
30.6615
29.4841
28.0284
28.5189
28.9049
28.8163
27.4871
28.4247
28.5797
28.6124
27.5154
27.5417
27.1403
29.3682
30.4545
31.477
31.4893
30.6202
30.7013
30.506
29.006
28.31
28.0023
30.4376
30.2708
30.1261
31.3919
31.426
31.2681
31.4026
31.4774
32.2822
32.7725
32.3004
31.5599
31.3299
32.2104
31.8483
32.6557
31.8173
31.8343
31.1561
29.2562
30.5925
31.829
31.4118
32.3773
32.8232
33.1676
34.0369
34.087
33.8318
33.4247
32.5853
32.6695
35.0751
36.306
36.6654
35.499
35.3698
34.5863
33.8928
34.0647
33.4475
29.8943
29.1643
28.5558
26.758
26.9416
27.9696
29.3382
29.8549
28.8512
28.6641
28.8011
30.9569
32.4392
33.7764
37.0642
34.5518
34.0262
30.9847
29.649
28.5851
27.599
26.7523
27.2806
27.237
26.6066
27.013
27.1481
28.1635
27.0818
28.3141
29.7628
29.3703
29.0657
31.7644
31.7784
30.851
30.6403
30.3003
27.8553
26.21
25.2228
24.7586
24.9745
24.8513
24.7731
25.9584
25.9563
25.1878
25.4853
26.674
29.1204
29.2994
30.0074
29.5486
29.0584
29.4982
27.3158
27.3048
28.8152
28.6026
25.6731
26.1231
27.9606
29.2317
28.1301
28.8066
30.1757
30.092
29.2665
29.2265
30.7285
32.0733
29.4895
28.5007
27.7492
25.486
24.9929
24.9197
24.3994
22.5287
21.3291
21.5106
22.5975
22.9946
23.0867
21.6944
21.7069
20.3594
21.9707
24.0787
27.6655
29.5389
29.4685
28.84
26.7772
27.2928
26.0893
27.2541
25.6561
25.0476
26.2049
23.7606
22.9896
23.3424
22.5337
21.7768
23.7075
24.3841
24.322
25.319
27.5486
28.7916
29.0585
29.7331
29.6764
27.6294
28.2511
26.8961
26.9627
26.9822
24.2557
22.8991
22.1211
20.3237
19.5995
17.8468
18.7127
17.3923
17.7512
18.5034
20.9214
20.3698
21.3527
22.6334
23.4641
22.5835
23.7973
23.2383
23.3926
23.7155
23.5477
21.6534
22.4014
21.8497
22.142
21.2924
21.1854
20.8793
21.9825
23.029
21.6338
21.4277
22.2045
22.709
22.8372
23.8755
23.6026
24.2352
24.3654
24.7097
24.2288
22.1846
22.5106
22.2643
22.8506
20.0858
21.4544
20.5233
19.883
20.9376
20.9935
20.6311
22.0026
21.7412
20.3337
21.2527
22.6724
22.975
23.9295
21.9368
22.9389
22.3233
21.6255
22.198
22.0528
20.6942
21.1939
21.0515
20.6546
19.41
19.0792
20.9169
21.7815
22.0668
20.9966
22.7516
20.146
22.637
22.0833
24.2477
21.8792
23.1675
24.6177
23.2977
26.0857
23.9702
20.6908
17.6227
17.4601
21.388
23.4278
22.9834
22.3469
18.4952
18.9923
20.8475
21.6123
21.9001
24.1225
24.814
27.1076
30.4595
29.1191
26.9381
22.9307
21.0412
20.8334
18.0308
17.4368
18.5045
18.8702
20.1916
21.2052
21.5346
20.2833
17.6264
21.8553
21.6766
25.067
27.0553
24.4287
24.1891
22.6965
19.9813
19.0081
20.2242
18.64
17.6184
17.6396
16.8087
15.9224
16.0023
16.804
18.602
17.9559
16.6833
17.1648
16.3487
15.7947
16.2492
16.6236
16.5777
20.0521
21.3922
21.0037
21.3276
20.5917
18.9085
20.1524
17.5073
17.4636
16.2331
16.8743
17.1749
18.6751
19.9574
19.621
21.4762
24.5666
25.1898
26.0612
26.2049
26.9789
22.7901
22.1364
21.8304
18.4343
18.4798
19.5672
24.1484
19.7613
20.3688
21.9847
19.8318
19.6315
19.9378
20.9657
24.2938
25.0692
26.8513
28.8233
29.1268
27.521
24.3933
23.3109
23.6334
21.6908
22.5515
21.8164
20.1837
20.5862
20.6476
19.1452
18.0425
19.9207
20.3923
20.6307
19.6762
19.5325
17.6854
21.7314
22.5814
20.8208
21.641
21.4953
21.326
20.7366
20.7503
19.8767
20.0564
20.874
20.8168
19.0047
20.6407
21.4697
21.5849
20.6598
22.1136
20.848
20.2029
20.666
20.6258
21.3609
22.5316
22.0519
23.008
22.0571
20.3755
20.8768
20.1334
20.5071
20.1088
20.532
20.5627
20.8591
21.7001
20.2858
20.7227
20.7256
19.483
19.6046
19.5718
20.2316
18.7049
18.3631
19.282
19.9817
20.764
19.1297
18.5439
17.4053
18.4525
18.8614
18.0848
17.6071
17.9312
18.258
19.4225
20.6539
19.8356
21.5842
20.8406
22.2826
22.5202
23.8738
23.5658
24.601
26.8682
24.6415
22.6443
24.9615
24.9252
24.1811
21.2021
21.943
24.1159
24.7844
24.437
24.4642
25.9053
28.5845
28.0905
28.4409
29.1067
28.3232
29.4364
30.2981
31.6741
30.9057
31.8304
32.7183
35.0322
35.2738
38.484
39.3
42.3172
45.5607
47.9784
49.3749
51.2606
53.3697
54.7709
47.2373
45.2806
46.6719
49.1456
49.572
50.5821
50.4378
49.5808
49.1052
49.9525
49.7723
48.7359
47.0857
46.312
46.2805
47.0879
45.7501
43.7883
43.7654
44.9051
45.989
47.6265
48.1958
48.2533
46.3525
46.7325
46.9113
46.6245
46.969
48.4449
47.1889
47.7208
47.5962
47.5187
47.4379
46.1172
46.4478
47.7285
48.8776
49.2664
50.475
50.3879
52.164
51.5019
51.8881
50.2718
50.0172
49.1165
48.4418
48.3697
48.7798
46.5514
45.6148
45.486
45.2322
45.4758
45.0178
45.3534
45.1094
45.5077
45.5748
46.759
48.1167
48.3876
48.7858
48.1872
48.3342
48.158
46.9294
46.8416
45.5608
44.5407
45.0164
43.1886
43.4268
43.2735
42.095
41.3865
41.3343
42.4908
42.6797
41.9581
43.5176
44.8806
44.4331
44.8087
44.4465
44.25
43.3433
43.5397
43.4402
45.2604
46.6157
46.9063
47.0094
47.7112
46.8902
46.4139
47.4912
46.7539
48.9984
48.651
47.0733
45.3058
48.4919
48.3068
48.9056
50.3453
51.7592
55.0622
56.6887
57.3473
60.1047
63.2388
63.9583
65.1483
62.8737
62.7149
64.4234
66.2092
66.9516
61.8938
58.3399
55.9856
55.7504
52.4723
48.3424
46.4261
48.101
46.8483
44.1004
42.3759
44.7731
44.4067
44.1298
46.1879
46.1757
45.2559
45.715
44.5953
42.2088
41.2835
43.2579
43.7957
44.172
43.5694
41.227
41.5156
40.1816
39.344
39.7194
39.2192
40.1912
40.403
42.152
42.3066
42.2388
41.9564
40.7442
38.8747
40.9033
42.269
43.5728
43.0704
42.7773
42.2676
42.1822
42.5838
42.5538
43.4329
42.3985
44.0698
44.2515
44.4277
42.3765
42.6025
42.7924
44.7411
46.007
46.2
44.4055
46.3193
46.4469
46.3885
45.2835
45.0886
46.6241
46.6029
47.114
46.7425
47.061
46.4518
47.6548
48.3321
48.3734
48.9644
49.3779
48.6404
49.1922
47.783
49.5646
49.6107
50.1675
49.5805
49.7179
47.1329
45.4856
45.0289
44.1658
43.4023
42.8638
43.0514
42.7501
45.7917
43.8759
47.3378
48.6096
46.688
48.2205
48.5092
47.8114
48.2135
50.0974
51.7978
52.1215
52.2193
48.8325
46.7279
45.8693
44.2191
43.5231
45.0946
44.876
46.4227
45.5691
42.5496
42.944
43.5283
42.7672
45.7506
45.8549
48.1722
49.331
51.0895
52.5216
52.0541
48.615
46.1736
46.9154
46.5762
48.5932
47.0427
44.3186
45.8855
45.9522
47.5265
49.9763
52.126
51.7434
52.0741
52.0838
53.0902
53.3531
54.5495
55.2385
56.8304
56.6932
56.2111
55.1528
53.3259
49.261
47.3474
45.0943
43.9421
44.7457
46.2203
44.4645
45.6967
45.432
51.1523
50.4548
46.7304
46.7325
45.9797
47.922
49.9729
51.0472
44.1545
42.7481
42.5116
41.5445
42.7542
41.8834
39.9833
40.0296
39.2658
38.3405
40.6937
43.2956
42.0699
43.3791
43.3286
44.5174
46.5589
47.1069
48.5493
50.5034
51.2736
51.6862
50.1691
48.3534
47.2526
41.0112
39.781
38.0343
35.1293
33.9939
35.4346
36.3014
38.2687
36.2722
36.6649
38.1234
37.247
36.5442
35.2552
36.2757
37.6982
37.1181
36.6833
37.8668
39.4399
42.6935
42.9521
43.666
46.7103
47.8978
48.857
50.9446
51.2823
51.2235
51.8991
51.9703
52.6854
51.9866
52.8593
53.9677
54.5449
55.0633
54.4014
55.7998
55.1919
55.7027
55.9264
56.7094
56.3539
59.1021
60.0919
59.3072
56.5921
56.7747
56.9463
56.9441
56.72
56.5462
57.4581
55.5448
54.8384
54.8163
53.3242
53.7077
53.3674
52.011
53.2481
54.9957
55.5885
55.2423
56
56.2239
52.2115
49.3287
48.6761
50.014
51.1484
49.3591
49.1816
50.0812
49.0926
49.4049
50.2122
51.2431
50.9294
51.1143
49.1216
48.6698
48.639
47.9916
47.6255
46.4006
45.9029
44.8488
43.7666
44.4801
46.7751
47.0878
47.6302
46.0968
47.0089
46.6457
46.7901
47.674
45.1984
44.3554
43.0924
43.373
44.826
44.5991
46.7984
46.964
46.6692
46.9214
46.7297
46.9908
47.4071
46.263
45.3152
43.9631
43.7723
45.0178
44.6205
44.8265
44.2908
43.8424
44.4559
44.7135
44.2543
45.3173
45.239
45.9761
45.734
46.2742
45.5439
44.4097
44.9961
42.9605
44.5401
43.4151
42.5902
43.9649
44.0527
42.5735
41.1512
40.5487
40.8188
39.7287
39.9117
39.0162
39.7603
38.375
40.0163
40.5179
40.3076
40.4069
41.4278
43.6753
43.2198
43.9545
43.497
46.1496
48.398
52.101
53.9171
55.9348
54.1822
54.3205
54.0506
54.8011
54.7074
51.5301
52.9476
55.5594
54.1428
49.0135
48.3219
44.8741
45.1875
43.3264
42.6678
41.4825
40.4669
39.6493
38.122
35.264
36.1895
35.2921
35.6121
34.3328
34.2241
32.6672
32.996
32.0749
32.0784
32.2877
31.2893
30.7937
29.57
28.9333
27.253
27.6277
27.9544
27.8437
27.6934
27.9355
26.6863
25.7562
26.5057
24.0854
27.766
25.0974
28.6214
35.3154
26.8294
27.9777
29.0827
20.4896
17.9222
18.5796
23.8815
18.618
27.2004
26.4501
17.5891
17.9994
19.145
19.0613
18.3882
17.918
18.6587
22.0348
20.7177
22.496
22.5787
22.0515
20.7875
19.9606
19.9812
21.6527
22.131
21.6576
25.1804
25.7348
25.6438
26.996
26.245
26.8144
22.7928
20.7248
21.7374
24.6689
19.3174
18.3341
17.7846
18.8032
16.9922
17.5126
17.1842
15.0719
15.0817
17.5102
18.7502
18.6863
15.1823
17.9591
18.571
16.1122
17.4329
16.1288
15.5282
14.7605
13.6758
14.6929
17.955
14.1015
18.9186
16.0879
17.3623
20.1719
18.691
19.7991
20.739
18.5841
19.5194
19.1352
18.5462
19.6141
19.4213
19.5093
20.1361
22.7597
23.59
25.1287
24.1251
23.3181
24.2609
23.4325
23.1488
23.0324
22.2688
22.6524
21.1436
23.063
22.7665
24.4013
24.1875
26.2813
28.0762
32.6653
33.166
33.6671
31.7977
30.93
33.9304
24.6272
23.6149
24.582
25.5514
25.8929
25.0613
23.8254
22.42
17.1599
16.5119
16.1672
19.6708
20.0045
26.1501
21.0983
20.5824
23.9893
19.2863
18.4281
18.1432
22.65
21.7421
24.8842
25.6171
25.2388
23.9403
22.6059
23.9335
21.2432
17.9008
17.4517
17.3106
14.114
18.4726
18.3147
18.0912
18.3846
18.6266
18.911
19.0553
19.8943
21.376
23.0127
25.1041
28.2288
29.9216
29.4099
29.3272
27.8314
26.0721
27.4949
28.0238
29.1241
28.3004
25.3657
22.4822
22.1563
21.3703
24.8759
23.4401
23.086
24.6875
23.4967
23.2555
24.2583
23.7786
23.9054
25.07
25.9934
26.7375
26.0868
22.6226
21.7215
20.2763
20.5274
24.9308
25.5416
24.7071
25.3343
25.9219
27.1846
27.4205
27.5356
25.4051
26.8127
28.0052
28.1618
25.6094
22.0288
22.5519
21.8666
23.4508
22.0383
22.7692
21.8951
26.4935
24.6183
25.7467
24.9692
22.804
22.8055
27.2489
24.0521
24.549
23.8455
23.8132
23.724
22.2768
26.7122
28.5146
31.1229
29.7941
29.8422
27.9569
28.2805
27.0323
28.8088
31.1644
34.3884
37.095
38.8857
35.7501
36.8432
38.331
43.8192
43.3338
45.2507
45.2274
45.0326
46.9147
47.9681
45.9159
45.7716
46.1373
47.6133
47.1686
45.732
44.7759
46.4528
44.7832
45.8622
45.5463
46.2889
46.4027
45.9975
46.2401
46.3411
48.2054
48.5782
48.5499
47.1856
48.2412
47.5499
48.8878
49.6521
50.4797
51.8034
51.7069
52.3674
52.0732
52.9275
52.7459
52.4013
51.9657
50.5119
50.5943
50.9474
50.0713
48.7347
49.2906
49.2313
49.0256
47.8774
45.9956
44.5002
43.2977
46.6731
47.3699
48.0752
49.0982
47.987
49.4415
48.1711
48.213
46.5763
47.1389
48.4544
48.7676
47.8129
48.2555
50.2646
52.2618
52.4009
50.869
50.7814
50.0645
50.5009
54.0705
53.8586
54.3132
53.1502
53.9024
54.2419
54.4554
55.8206
55.9257
54.1604
53.2183
53.3154
53.4194
51.2749
49.1568
47.0966
42.823
41.649
41.813
41.1614
41.524
41.9533
41.9291
43.2396
42.7693
42.5546
42.3072
41.4505
40.5601
41.5064
44.7147
46.701
51.5149
53.1457
55.2616
53.1192
51.9299
50.9907
50.549
51.5613
52.6136
55.9731
62.2728
68.526
66.9103
58.7951
47.7337
52.5444
55.4917
51.355
46.4825
44.7373
45.0995
43.4231
43.0025
42.7962
44.562
45.2023
47.469
45.9513
48.3208
46.9388
44.6171
45.9093
47.8538
53.8332
54.5735
55.5001
54.9021
52.0325
56.282
59.7007
59.5215
56.7808
55.5011
56.2083
55.4324
54.6347
52.8341
46.0243
44.7458
43.4942
45.7379
44.5766
42.8027
41.1405
39.8691
39.1531
39.1857
44.2731
47.7289
48.0628
44.6806
45.294
45.2434
46.3415
47.9877
51.7376
54.63
48.7038
51.2946
51.1603
50.9124
48.7716
44.5168
41.5087
41.032
39.9686
40.7494
41.3906
43.6836
41.9332
42.1114
36.3352
31.7085
40.3571
41.3588
38.9719
37.9105
34.4495
33.3075
31.3413
30.6403
31.2955
32.9838
42.4723
53.9157
58.5785
48.2778
47.2773
42.1348
34.2103
32.9456
30.7424
29.0332
28.5747
28.1347
29.3794
32.4081
37.0714
43.7249
41.9762
38.6148
44.4517
42.1489
38.1958
35.0044
34.7133
33.5918
35.5323
39.7149
49.2773
57.4316
54.4976
49.9768
41.855
37.0831
32.4205
27.6867
26.8333
27.0589
27.3845
28.4272
33.9684
42.3602
45.6347
49.4664
53.6079
56.5673
51.0393
46.1218
40.3133
39.1375
35.8042
32.7573
34.5064
36.2834
35.8849
36.8557
34.2456
32.1689
33.1342
36.3092
36.5316
36.9957
38.8583
39.5392
40.6501
44.6606
44.4162
45.746
46.4719
47.0892
46.3351
47.285
48.6898
50.458
52.1301
52.9179
55.9277
57.857
59.8917
60.6949
58.6344
56.0955
54.2401
53.9142
50.847
49.276
47.7112
48.2597
45.0064
52.061
51.4055
46.5504
44.8029
43.9623
43.0467
45.8949
47.604
48.3129
50.9722
50.9732
51.5592
53.2297
53.6268
56.7559
53.6676
46.2312
45.0654
43.2802
42.558
42.83
42.869
43.2221
47.0725
47.8933
50.8556
50.5986
49.4835
49.0185
50.1088
47.8165
45.4947
43.1363
41.8205
40.7307
41.3498
42.8115
45.758
45.844
45.378
46.9351
47.7101
45.0373
39.7705
39.23
32.6259
31.2913
30.6481
31.0971
37.9648
40.6489
41.0421
40.1793
38.7036
39.486
39.2988
39.1387
38.576
39.5135
41.384
39.4258
40.4724
46.1912
45.7964
49.2846
49.5332
49.5579
51.885
51.6516
50.8736
48.2779
44.0402
45.0696
45.5189
45.6144
45.0832
45.0306
45.8322
45.7336
46.655
43.0425
44.837
45.4988
47.683
49.03
49.421
49.77
51.7167
52.8078
54.7908
52.7105
48.4558
41.8556
37.5113
35.3339
33.5702
32.8519
30.7596
37.7655
37.5488
35.8191
32.8059
38.3054
44.6048
48.5088
49.3407
48.1102
49.0635
48.4347
49.2833
47.1943
48.9845
52.1973
53.2066
52.2148
51.7841
52.9079
51.2181
48.4629
47.5399
49.607
48.1524
46.3308
47.015
45.9299
45.8748
45.1073
44.1243
44.7007
44.2133
44.7073
46.6556
44.8075
44.8633
44.2724
44.6041
43.466
41.8843
42.5831
44.2128
46.81
48.8724
49.6794
47.8609
47.3784
47.8579
48.2129
46.932
49.4731
47.9843
43.949
51.3498
50.5239
54.4705
52.9308
49.1169
49.2452
48.5244
50.2747
51.9137
49.0703
48.8087
49.2436
49.4685
47.7154
48.2587
49.6608
48.277
50.5404
51.1107
50.4171
46.3588
45.2409
44.2651
44.6737
46.9716
50.291
49.4841
47.6687
46.7926
48.7342
49.7866
50.2055
50.0091
48.7448
49.0065
45.7076
43.7097
39.2149
38.0347
40.5163
42.6532
47.2357
47.8752
44.6038
44.1329
45.9616
45.9756
41.799
45.818
49.9015
47.6712
44.9955
47.992
46.8478
42.6904
38.2459
41.6498
46.2257
49.1306
54.9084
56.3031
53.3284
49.6533
46.5427
45.2985
47.3876
49.4535
53.677
55.9079
48.3026
53.1626
54.815
56.0996
53.5915
51.5871
47.7861
56.4127
58.0146
52.8662
49.5113
48.4221
45.0863
44.43
46.0962
47.4434
48.1668
57.0192
52.9246
57.6694
61.8151
62.9174
61.5173
60.9795
52.4994
46.5133
44.597
43.4798
43.154
42.3188
43.3567
45.3266
43.4126
44.3952
48.6782
49.4224
51.4572
53.422
52.7316
57.1306
57.093
52.5153
49.379
45.6779
44.2302
39.4334
34.0271
25.1572
23.5097
24.6323
25.9239
27.3725
29.4316
31.5812
40.7467
44.1465
41.1219
39.0132
41.6883
33.2038
32.2681
31.1662
32.2984
32.6504
36.2766
47.505
51.905
50.9535
44.2164
37.8735
33.1378
29.6677
31.1728
33.2915
33.9353
37.5621
47.2571
53.9373
49.635
48.3315
49.3036
50.5947
41.2706
40.5781
40.4683
38.565
36.9239
37.591
37.5371
38.0637
40.1077
41.7682
43.7744
43.7474
44.0504
44.6415
44.2625
47.3295
48.7554
49.5153
49.9162
51.4852
52.7537
54.0213
54.6517
56.3776
56.1438
58.4341
55.7819
54.3185
52.9574
52.2794
50.675
51.5039
50.401
50.5901
50.3547
48.8704
50.4126
49.5088
50.9117
52.5613
54.4722
56.1612
54.8412
54.7293
56.5219
55.0308
53.3203
51.7675
53.028
52.7546
51.1176
50.9129
52.2205
50.2273
49.7707
49.2585
49.4046
48.6557
49.6522
50.7504
50.4725
51.1353
48.572
48.4804
48.4241
48.9146
50.064
55.7189
53.0657
56.1577
56.5532
54.2869
55.4307
54.8637
56.2425
54.7788
55.6234
55.6769
55.4154
53.8733
54.789
55.9194
54.5961
55.9063
54.8517
54.811
53.2325
53.8196
52.5118
53.0357
55.4986
53.2074
55.4348
54.4147
54.1927
53.3098
53.3266
53.8684
54.4919
53.3673
54.2117
55.0553
54.1834
54.1458
54.6843
53.315
54.4338
54.0572
53.9558
54.3891
53.0144
52.4442
50.7469
52.2767
50.6035
51.2051
51.1692
51.2182
49.7995
48.9582
49.6529
49.8955
49.7618
49.983
50.2574
48.9885
49.2382
48.3302
48.8842
49.5833
51.52
52.0826
54.2758
55.6219
56.2276
58.4362
59.9034
62.0928
62.6535
62.1295
62.0942
62.3108
57.2501
54.448
52.1495
51.7509
50.1153
49.2356
50.411
49.7047
50.6283
49.6614
50.934
50.2273
50.1131
52.6165
54.2347
55.1575
57.4155
59.978
59.9263
60.4183
60.3428
62.3909
62.6214
62.1404
61.7584
61.9496
60.8454
61.4655
62.0477
61.1994
61.5815
61.5351
62.0378
61.9396
62.3967
62.5142
62.7864
62.238
61.9274
62.2583
62.1912
61.7395
62.1717
61.5688
61.8937
63.3701
62.547
62.0976
62.123
62.7998
61.2972
63.118
62.8291
63.0426
62.3566
62.0013
62.0522
61.144
60.8312
60.4546
61.5039
61.1655
61.2797
61.5412
62.1331
62.5532
63.0928
63.2987
61.3611
62.3987
62.6179
61.1746
61.247
62.2882
60.9787
61.8475
61.8601
62.8385
60.7654
60.7653
60.6621
61.0375
61.6959
61.4749
62.1923
61.132
61.3416
62.5315
61.0733
60.9641
62.4219
61.1248
60.7375
59.7449
61.3124
59.989
61.1221
62.1227
61.2275
61.0699
60.6593
61.5052
60.9153
60.664
61.1527
61.5709
59.1974
60.137
61.0938
61.3961
60.4375
61.7745
60.1851
60.2892
60.0274
60.1597
60.2037
60.6821
60.37
60.6734
60.4599
60.5531
60.5009
61.1475
60.2808
60.1446
60.3742
61.1749
60.119