64.4535
64.07
63.1626
64.4785
62.3422
63.0596
61.7432
61.1011
61.9682
62.1604
60.8599
60.8336
61.6856
61.2823
60.9178
60.1252
60.8869
60.5585
58.9876
59.9622
59.6448
59.8281
58.0025
57.4473
57.5566
58.1138
57.3158
56.7573
55.2315
55.8546
56.684
57.1454
56.1934
58.9955
56.0903
57.1078
55.7888
56.2454
56.8241
58.0827
55.4234
56.1434
54.3261
53.2306
51.6458
50.3197
48.7585
48.3002
44.8195
45.5735
42.6311
42.5736
41.6237
41.7305
41.0163
40.5303
41.5306
41.1183
40.3369
40.2229
40.9534
40.4341
39.6363
39.5671
39.4223
40.4358
40.6376
38.338
39.1399
38.9259
39.403
41.2588
40.5599
40.9505
40.3534
41.0164
40.3565
40.8523
42.1478
42.8745
44.0297
44.1711
45.9432
47.2438
47.3201
47.9605
47.856
48.3729
48.5558
48.1815
47.7111
47.8934
48.1662
49.4776
50.242
49.7127
50.7822
51.0764
51.6948
53.208
55.6014
55.6771
54.5239
54.825
54.051
54.7072
54.3574
54.6543
53.6141
54.984
54.8296
56.5292
55.8896
57.1147
57.7446
58.4947
59.5266
59.5693
59.7793
59.8322
58.8544
57.2112
54.4261
53.0267
53.0341
53.8553
55.2673
54.13
54.0061
56.689
55.4985
55.245
54.3325
53.7943
54.4042
54.187
53.8551
54.6176
54.1079
54.9942
55.5474
53.5439
52.9279
53.0031
54.6821
52.4619
51.0691
52.4108
52.2926
51.6648
52.5657
51.8145
50.9361
49.0843
50.4857
48.8973
47.093
46.9309
46.4345
44.7281
45.6736
42.8134
41.0855
40.9815
40.0825
40.7044
39.7809
41.8112
41.9153
41.5828
41.7739
41.7281
40.5177
41.5165
40.1473
40.0744
40.6064
40.4944
41.8197
42.0366
42.6356
42.715
42.8255
43.9909
44.3919
44.532
43.8118
44.2327
45.0014
46.2785
46.6137
47.8082
48.005
48.6451
49.0081
48.2651
49.6946
50.2659
50.7064
49.7309
49.3086
50.1613
51.5588
50.9475
50.9597
51.6546
52.6192
52.9504
53.6944
53.3517
54.011
54.7051
56.6657
57.2603
57.311
58.4906
60.4058
59.857
60.3856
59.9987
61.6172
60.5188
60.0587
59.9518
60.1837
60.8702
61.4974
60.2752
58.6571
58.5881
54.9854
54.8027
55.309
54.2939
54.8044
53.8258
54.3062
53.8867
53.6897
54.9517
55.0584
55.0878
56.251
55.9269
55.3182
55.4833
56.2467
56.4939
57.083
56.9981
56.6092
56.9745
56.9466
57.8566
57.6388
59.5235
59.6726
59.3011
59.4205
59.3356
60.0829
59.2726
58.5812
58.4918
57.8936
56.7647
56.5866
56.7255
56.9676
56.026
55.5719
53.562
53.6179
54.4499
55.4865
54.3021
54.8201
55.1286
54.6944
52.8537
52.0624
51.9342
51.4939
51.5539
52.1912
53.3179
51.642
52.6785
55.6628
54.0331
55.2104
53.7315
54.162
55.3925
55.8334
55.5672
56.7259
57.5888
56.7394
56.8808
56.9836
55.7452
56.0827
56.7676
57.0043
58.2647
58.1169
58.0213
54.8646
54.0438
53.1483
54.1507
55.1774
53.1306
52.4987
53.5446
52.9434
54.1105
52.8581
53.6504
53.2608
52.6994
55.8068
53.7153
54.7614
53.118
53.7512
53.8471
52.9527
53.6641
52.362
51.4581
49.2822
48.7612
49.6933
49.047
49.5022
49.0144
48.927
48.4823
49.8555
49.698
49.1303
48.0982
48.8442
49.2148
47.5836
46.7118
44.5406
44.1993
42.6121
43.5093
44.1219
45.4266
45.6432
46.137
47.2574
49.2736
49.4949
48.0096
49.822
53.0929
53.3683
53.4384
53.3703
53.8711
55.467
55.0547
55.6419
58.9126
59.3544
59.0177
59.7431
57.6964
57.7419
57.2062
56.4498
57.2548
56.4704
57.2642
57.0614
56.1982
57.1051
57.3367
57.6012
56.8503
56.8584
56.3225
56.4817
56.7943
58.1298
57.6014
56.3303
56.4294
55.5333
53.659
52.9389
53.5605
52.1634
53.4837
56.8379
60.0292
57.9719
55.6879
55.4578
54.1439
54.3921
53.9203
55.688
55.4441
55.365
56.8834
58.0808
57.3679
60.7415
58.6211
59.5808
60.1769
59.3206
59.0422
59.6809
59.5658
59.118
57.8905
56.4115
59.1153
59.1767
59.4362
57.7097
58.6567
57.5629
55.4495
56.0555
53.6561
53.9395
52.849
51.6499
50.3825
49.2643
46.3335
46.703
47.8137
48.434
47.0114
47.1823
47.9875
48.3136
47.263
47.3687
49.8344
50.4387
48.0184
47.8385
47.6574
46.191
46.7933
45.1705
45.98
44.7168
42.6189
42.4832
42.7291
44.2175
46.1693
48.092
48.4505
50.4298
51.1086
49.864
50.341
51.7476
52.5645
51.7169
52.2799
54.2089
53.6676
53.0304
52.6028
54.9919
54.3649
53.4631
54.7151
54.3852
55.4152
59.5746
58.7484
58.4035
61.1939
58.9917
61.488
62.532
65.1041
62.0589
61.7267
60.5511
61.7911
59.9783
59.444
58.9214
58.1602
58.0087
57.3078
57.8377
57.0775
56.7552
58.3046
57.3514
57.6753
53.5572
54.6088
55.0908
55.0726
55.3871
55.1764
55.2867
54.7743
51.7762
51.0104
52.4722
53.5079
53.7545
52.9234
53.024
53.3642
53.2718
54.3941
54.4274
53.9936
54.6402
55.2892
55.2165
55.1175
53.1046
55.9354
56.4813
57.0365
59.5401
60.4775
61.0878
59.6572
60.5774
60.0453
58.5263
57.0708
56.302
55.5856
53.061
54.3283
55.4663
55.4527
56.0226
55.7556
56.4958
56.2848
55.876
55.8352
53.7882
53.7629
51.1169
52.0816
53.0309
54.989
56.7952
57.6275
58.1222
55.8823
56.3049
55.1849
54.432
54.0807
54.2617
54.2052
55.4409
54.9043
53.9443
56.0474
57.2704
55.8934
53.4318
52.0004
52.1928
52.2378
49.1554
47.4737
49.8676
49.6961
49.1872
50.2104
50.3455
49.8313
51.1333
53.0455
54.6889
56.7276
59.1137
60.0661
59.586
58.7672
58.7015
59.4148
59.8798
64.6929
65.2938
63.8605
63.1863
64.4706
62.581
60.5213
59.676
59.7603
59.097
60.1659
59.5478
59.1842
55.3746
56.423
56.4767
55.2003
54.4495
55.0612
54.8953
55.2648
54.6196
53.4832
53.4013
54.1304
55.0331
55.1516
55.0872
55.0638
57.2095
59.4822
59.8754
59.6171
60.6492
60.7126
61.273
61.7533
57.554
57.6824
56.955
55.2638
53.6897
53.3139
54.8309
53.7855
53.8838
52.218
50.6056
50.5515
49.9704
49.5379
50.2974
48.9178
48.8915
49.5337
47.3882
47.2528
46.0425
46.6394
44.5399
43.9049
46.2024
45.9363
47.2651
47.1298
47.9394
47.4323
48.0991
47.8914
48.2222
48.305
48.6473
47.9882
47.6555
47.7044
48.9556
49.4647
51.1474
49.4834
52.1703
51.5051
51.405
50.3901
49.818
51.3136
48.9243
49.212
46.1737
44.7057
44.3479
43.6824
44.7066
46.6094
47.6341
49.1798
49.2554
50.4726
51.5404
51.6878
52.0595
52.5915
53.8049
53.7711
55.2288
55.1011
57.6705
58.4417
59.6823
62.3706
63.4026
64.2529
64.5178
64.5429
63.3515
62.9806
62.7375
61.7997
59.7445
59.357
58.2483
51.8996
53.1729
53.3442
54.0243
51.6424
51.3958
51.8851
52.136
48.8943
49.0834
47.1888
46.2475
45.5776
46.9967
47.4378
47.8526
47.7974
49.0117
50.5739
51.9705
51.7425
53.2495
55.8629
57.4486
58.6115
56.9348
56.5536
59.9896
62.6218
71.3045
66.9013
55.9081
50.1156
38.2146
31.3851
28.3164
27.1907
26.4063
25.3143
24.8769
23.6874
23.9075
26.8959
26.116
37.1789
56.6982
67.5899
57.1529
39.4327
27.7234
23.4377
21.6061
23.7113
24.6312
21.5152
21.2648
21.6623
22.143
21.291
24.9784
29.0054
37.6263
53.0657
64.7089
49.4823
37.0683
26.9085
24.9999
23.168
26.5412
26.4785
26.7576
27.2117
26.5923
24.3643
32.9819
31.8942
47.7386
60.6219
59.7024
43.9997
31.7971
24.1533
24.1982
21.2789
21.6398
24.43
21.5824
22.7262
22.909
22.0277
20.5509
21.5105
26.7727
29.1057
40.6373
55.964
65.2614
57.5213
40.1164
30.9661
26.0014
26.8004
25.6479
27.2276
28.2479
28.9845
28.2854
28.8686
28.6388
26.3588
24.9416
27.2197
34.2934
58.2774
68.7455
62.3582
50.1239
36.3893
27.9384
25.0945
25.7678
23.5999
23.6777
23.6753
23.0074
23.3498
23.2913
22.7737
22.5421
24.035
23.8579
27.115
36.2905
53.7656
58.7609
51.1031
48.881
47.1332
47.2971
48.9051
44.9589
43.1858
42.3317
45.7952
41.3529
39.0271
38.6081
38.8651
40.05
41.7454
43.6733
42.7667
48.7936
54.2698
53.7538
51.149
51.5661
49.2176
46.7104
45.8697
44.6485
44.8511
41.1126
40.9242
42.4678
45.7726
49.6964
52.1062
51.9125
53.9766
56.2031
48.7086
44.1785
43.8064
42.9914
44.088
44.426
43.4233
43.9458
44.5357
47.0337
49.8416
56.8044
63.781
63.67
58.1148
49.5709
45.243
41.5838
42.2575
41.6384
42.2313
41.5074
41.0905
40.3244
44.2984
51.1305
58.9028
64.4664
69.7863
70.6363
67.6546
61.4019
60.0479
57.363
54.5184
50.7761
52.6275
53.6209
55.7554
60.8244
62.0681
62.4809
61.5587
63.2228
63.4218
63.1783
62.6143
63.4599
61.7245
60.5357
60.2057
60.423
59.9863
59.7892
57.844
57.1849
58.2987
57.0592
60.4451
60.4212
60.0164
61.2713
57.4411
58.1336
53.6667
49.7214
49.4151
49.1314
47.4738
49.4922
50.1538
49.4884
47.4419
48.5982
47.9446
49.1913
49.8869
50.3888
47.9613
46.5866
44.6216
39.7454
38.7277
38.3465
38.6493
37.1239
36.2091
37.1273
37.2823
37.198
36.3783
36.9597
35.5233
35.1648
34.9624
36.1966
36.6882
36.2221
36.8675
35.8478
33.2622
31.819
30.9019
30.4348
31.1413
33.5011
33.5155
34.8063
35.0831
34.1073
34.8295
34.946
32.55
28.138
27.7264
27.8684
27.2805
26.3975
26.6497
27.362
27.3531
26.7974
26.703
25.4553
26.7804
25.6658
25.7095
26.1497
26.3772
26.4571
24.4437
24.9974
23.807
22.5626
20.3466
17.3943
16.3818
17.8266
16.829
13.9596
14.5484
14.368
15.2298
14.8409
14.574
14.2431
13.4373
15.6677
21.0387
21.7373
20.4053
14.2401
15.8927
15.884
15.2118
16.2312
16.471
16.5638
18.6297
18.7505
20.2338
20.6328
20.2042
20.8711
21.462
22.0443
20.9481
21.148
21.0695
22.4487
22.6337
23.6628
24.156
25.6158
25.3467
25.7678
25.7647
25.2404
25.3793
21.9154
22.5895
23.4221
23.6357
24.913
25.1675
24.7289
26.8256
28.2736
25.8389
24.7472
25.3837
26.1976
25.9987
26.7252
26.4456
26.9266
25.8025
27.3704
28.1943
29.9797
29.4188
31.4786
32.4319
32.6999
24.7601
24.1469
24.6678
23.9186
24.7398
24.9739
25.5156
23.6939
22.616
22.0542
23.5904
20.6534
20.5647
21.5431
22.3989
24.7821
19.9931
22.7146
21.9271
21.7468
19.5697
19.9919
20.7459
21.549
19.3106
19.5674
20.009
20.5263
20.2366
20.0391
18.2912
19.0742
20.0242
18.5772
18.9186
21.629
21.7799
22.2314
22.4261
22.3362
22.3317
23.4858
22.8318
23.7348
25.1648
23.0483
23.6338
24.4246
28.1724
29.6814
29.415
31.0937
30.8051
32.0911
37.9707
37.9159
40.4902
37.9471
35.7232
36.5095
35.0811
34.6388
33.6883
32.3663
31.2145
30.7121
30.5452
28.9206
27.6288
26.469
27.9495
27.4666
25.008
23.1478
26.8921
24.8729
25.8082
25.3945
26.2952
25.2809
24.5281
27.0231
25.4957
23.9292
22.711
23.7542
23.6249
23.5644
23.6499
23.4826
23.9889
22.3663
24.3399
25.9949
26.2263
27.3453
27.302
27.319
26.2421
27.628
26.2725
24.1769
25.8804
25.5686
25.1088
26.0653
26.0185
26.3718
26.6978
27.2467
28.5429
27.0444
28.3139
26.0447
25.7308
27.3443
28.5032
28.8426
29.44
29.7197
30.0988
29.5077
28.0972
28.9364
29.8628
28.403
28.881
29.0834
30.0568
31.04
31.4751
29.2644
31.1511
30.266
28.9278
29.5725
31.3764
32.9487
33.2185
30.3114
30.6525
30.6213
30.5684
31.8996
32.1029
31.9259
32.4023
30.7127
31.3488
31.3724
33.2793
32.9591
32.7209
32.9024
33.9922
34.2325
35.63
36.5222
36.6749
38.5079
38.9974
41.0108
41.6591
42.4252
44.0323
43.0351
44.2339
41.3061
40.9963
40.9998
42.6541
43.2617
43.1129
43.408
44.1231
44.2832
45.8436
48.9426
50.7667
52.1603
54.1072
56.1005
57.4711
59.0982
58.9049
60.5608
61.1895
62.5301
60.6947
57.7733
58.1912
58.0893
60.3914
61.9427
61.4077
59.1269
57.3781
56.5317
56.2731
55.6644
55.8672
56.0039
55.706
54.8057
52.2573
52.3861
52.0999
56.5524
59.4016
58.7537
72.0267
54.6211
48.7855
48.8788
49.6492
48.762
49.5758
49.344
49.7028
49.806
51.3746
57.876
59.0601
62.7806
66.8608
68.0127
66.9774
65.5878
64.8727
61.9795
55.2258
57.9385
55.0731
54.8792
53.5799
52.5564
52.4217
54.2957
54.7864
55.1442
56.9826
55.8948
57.2067
55.7762
56.4438
56.463
57.1368
57.4116
57.0337
56.5182
57.3995
57.4849
56.2124
55.2769
55.6475
56.2609
53.7193
52.0463
49.1468
50.302
49.2659
48.9983
48.4505
48.641
48.4033
48.2066
47.5812
49.2287
49.9633
49.6816
48.5879
48.5627
50.0962
50.6919
49.8704
48.5555
48.6212
45.3471
44.1938
43.9706
43.9524
45.0006
52.4943
56.3211
52.2675
42.296
43.0957
44.5985
46.287
45.6096
46.024
47.106
49.9937
50.6409
45.8739
46.8957
45.7045
45.8931
47.9108
47.8305
46.9383
45.5689
40.8042
39.3977
38.5818
38.7993
39.763
38.9857
38.2021
38.2571
39.4804
48.099
49.0709
49.0401
49.7719
49.2434
48.1243
48.7533
48.7092
50.1672
49.6354
49.0374
49.7374
49.0374
50.3374
50.2037
51.0806
50.832
51.0173
49.8502
50.0999
50.6221
51.3262
51.9662
52.922
53.8704
53.7206
52.7963
52.1469
51.6002
51.384
52.3495
52.6464
54.8047
54.4241
54.0049
54.5703
54.5502
54.1158
53.7286
53.8626
54.9232
54.8368
55.9297
55.8726
56.5835
56.2157
56.5655
57.512
57.0003
56.8881
56.2019
58.1279
57.9551
58.6109
58.9836
59.4339
58.7517
59.9468
59.2501
58.1735
58.0404
58.1071
57.1849
57.0721
57.2322
58.3509
58.8541
59.3386
59.5659
59.7065
60.2194
59.5261
58.9768
58.0244
56.9216
56.2666
54.68
52.6188
52.5991
51.8342
50.6314
50.3252
49.9563
49.2818
47.9879
46.7775
47.1357
47.8216
46.9205
46.5392
46.0908
46.1173
47.5162
47.3139
44.7492
44.3151
44.8136
44.7065
44.2893
44.6889
44.8082
44.3118
45.0024
44.726
44.9501
44.7898
45.2994
45.8947
45.1511
44.9754
44.5247
44.5382
43.99
43.9109
44.0497
44.3562
44.1741
44.4886
44.8053
45.0912
44.779
45.7075
46.1259
45.2678
45.75
44.9276
45.1354
44.9849
44.3072
45.5152
45.0758
45.7179
45.8327
46.5455
45.6955
46.0958
45.6386
46.1775
45.8922
45.3483
45.2028
45.5386
45.5129
45.7803
46.2859
45.317
45.9398
45.4858
46.7199
46.7777
46.5428
46.3144
46.4156
46.582
46.9171
47.1691
47.4572
48.1211
48.4346
48.4727
49.2341
49.6067
49.4098
49.4067
49.2404
48.7439
48.1052
48.349
48.8828
49.0943
49.3609
49.0751
47.9341
47.4783
48.3576
47.156
47.1778
47.9013
47.3568
46.9221
47.6353
47.0366
46.6589
46.5797
46.2705
45.2067
45.5627
45.6826
45.7962
44.8924
45.2207
44.9608
44.0795
43.6017
43.5002
44.1723
43.2607
42.5568
42.6292
42.5173
42.9168
43.5978
43.44
43.1681
42.6698
42.4593
41.6302
41.2259
41.1542
42.4056
42.3582
42.5324
41.8916
41.6859
41.6953
41.4264
41.0162
42.2645
42.9314
43.1157
43.1175
43.0727
43.0752
42.9158
42.3829
42.7553
42.9089
42.8724
43.145
43.4132
43.271
43.5574
42.7844
43.1915
42.977
43.7775
43.5546
43.3967
42.9389
43.2765
43.8167
42.4369
42.2383
42.9809
43.1386
43.3911
44.1643
43.649
42.8128
42.8612
43.6469
43.7514
44.1485
43.9104
44.1499
44.4214
44.422
43.6924
44.0772
43.1503
43.2981
41.051
40.6008
39.8849
38.0294
38.3592
37.995
39.3455
40.2125
41.1819
40.8978
40.2709
40.6494
41.8325
41.1062
40.1886
40.4132
41.8314
42.1057
42.35
41.3571
42.4552
42.5027
42.2842
44.0004
43.8615
43.7551
42.746
42.0355
42.8979
44.4694
45.2724
44.9695
43.8072
44.2109
43.9007
43.3394
44.0986
43.4904
44.3389
42.7604
42.1008
42.7218
43.1713
42.9416
43.3223
43.1481
43.7917
43.8315
42.7235
42.7041
43.9127
43.9894
44.4378
44.6534
43.1861
45.5162
44.86
43.3679
42.2537
42.7504
42.7277
42.6717
42.8092
42.3369
41.9492
41.5894
40.4724
40.6097
39.8879
39.1368
39.9206
40.8611
40.4276
41.3829
41.3569
41.3831
41.8124
41.0894
40.099
41.7443
42.9088
43.5518
43.3452
43.9762
41.4699
41.9504
40.7087
41.6368
42.3365
41.7082
42.4383
41.4564
40.8318
41.1608
41.4554
41.1689
41.3557
41.4916
40.7727
40.558
39.4035
39.8954
39.4474
39.8946
40.9002
40.7424
41.4047
41.3612
41.2404
41.4212
40.885
41.4521
40.0678
40.3817
41.1453
41.0202
41.1993
41.0171
40.4282
40.7532
40.8087
40.5108
40.2639
39.5556
40.9067
40.1786
40.1847
40.3623
41.4187
41.579
40.8228
41.2434
40.2577
40.8861
40.6332
41.6638
41.5308
42.2145
40.9189
40.2435
38.8917
38.0622
38.0099
37.9709
37.7122
37.9859
37.318
36.1464
37.5747
36.0402
34.707
36.2979
36.8688
37.0585
36.8234
37.8634
39.2531
38.9489
38.9602
40.4699
39.4087
39.7329
39.5028
39.2965
38.9002
39.7898
39.4889
38.5617
38.21
39.2723
39.174
38.2663
38.9364
38.2857
37.7247
37.6273
37.8698
35.8566
35.4217
35.2745
35.1223
34.7021
35.3227
35.7999
36.4382
37.5144
36.4704
36.4428
35.9204
36.8092
37.804
38.4184
37.5623
37.7233
38.2061
38.2663
38.194
37.7008
36.9281
35.4792
35.2227
34.7162
35.1592
36.4787
36.4958
35.061
34.4275
33.7011
34.146
34.0164
33.816
33.8587
34.543
34.1062
33.7961
34.5451
33.6221
34.5473
34.9695
35.0333
35.5418
34.7027
35.1269
35.8067
35.3578
35.721
35.1019
34.8209
34.5928
34.6159
34.2611
34.6953
33.9473
34.1851
34.3253
33.96
33.7484
33.5298
33.5134
34.2221
33.7068
34.5483
34.4035
34.0115
34.7813
34.396
34.5964
34.2812
34.2613
34.0048
34.3627
34.7644
35.4749
35.6545
36.3242
36.7951
37.5312
37.0317
36.2998
36.2297
36.3309
37.2956
37.036
36.6655
36.3713
35.9704
36.1444
35.5684
36.4331
36.813
36.8525
35.9901
35.7359
35.439
36.2149
36.495
35.9719
36.3076
36.025
36.5553
36.0904
35.9795
37.4797
37.9151
38.7177
38.6426
38.2013
38.9469
40.4602
38.736
38.3003
38.4132
40.057
40.3476
40.8545
39.5979
39.4023
38.7498
37.8852
38.7994
38.4242
38.7757
37.9846
37.0275
36.7548
37.2318
36.8824
37.0633
38.1497
37.8381
36.9245
38.3035
37.4248
36.7058
36.6592
36.6226
36.8156
37.2287
37.5276
37.8546
37.7706
38.0151
36.5558
38.2027
37.8738
37.4759
37.859
37.6653
37.9685
38.1705
37.6632
38.7256
38.3994
39.3562
38.1305
38.1725
37.3785
36.9618
36.7781
36.5023
36.6867
37.291
35.849
35.7232
36.4608
36.3077
36.3917
37.4186
37.2696
36.5147
37.4084
37.7067
37.1576
37.0775
36.7383
36.1415
36.4148
36.8048
37.1024
37.426
38.5718
39.0365
39.616
39.8087
39.8416
40.6292
41.5547
41.9855
41.5478
43.9289
45.6955
46.9248
47.8805
48.6303
48.9067
47.2418
47.4319
45.6725
46.1706
46.5952
43.4752
42.8833
42.8219
43.5141
43.9412
46.4232
46.7495
47.1339
47.6251
46.1526
44.7215
44.5809
45.0564
44.1019
42.7348
42.3589
43.3287
43.3031
42.1261
40.1609
39.6258
38.7156
38.1916
38.3016
37.9726
37.5899
36.8632
37.0678
37.0851
36.7711
36.9218
37.951
38.3807
37.8847
38.1985
38.3249
39.0186
38.4021
36.5916
36.5979
36.7078
37.8466
39.2236
39.6749
41.0221
40.8507
40.8284
41.8185
42.303
42.7815
41.9765
40.8516
40.4559
40.0135
40.2321
42.2595
42.7027
42.8985
41.3621
41.3693
42.595
43.1329
42.8833
45.2033
47.153
47.6896
47.4022
48.1056
47.8664
47.7317
47.1574
46.3883
46.7839
47.0365
47.2427
47.69
47.479
47.7475
47.8986
47.3646
47.1409
47.8619
48.4687
47.0907
47.3538
46.5042
47.7953
46.7404
46.8379
46.8381
47.8034
48.7358
48.562
47.4334
48.1839
47.2691
47.861
47.4301
46.5218
46.9554
46.122
45.3305
46.367
47.1025
46.7219
45.7836
46.341
46.3152
45.8052
45.3535
45.2787
45.8779
46.1367
44.7949
44.5692
44.4083
43.1626
43.2542
42.6895
43.1618
43.818
45.0196
45.2138
45.3213
44.2296
44.0071
43.4851
43.4702
43.9428
43.2247
42.902
42.2355
41.425
41.1108
42.2287
43.869
43.9434
44.1767
44.1465
42.9108
43.399
42.8992
43.0814
42.4084
41.1797
41.1161
43.3619
43.3035
43.2173
43.3757
43.2469
44.5053
43.1546
44.2332
43.0713
44.0638
44.0053
44.1024
44.9154
43.9811
42.2228
41.6248
43.9936
44.9921
44.0838
43.9748
43.8317
43.9845
42.2423
43.3377
42.2186
42.9933
43.0977
43.2683
43.157
43.293
42.803
43.7985
44.5043
44.093
44.2786
44.6542
44.186
44.019
44.0461
44.3762
43.7194
44.0838
44.4066
43.6985
44.0023
43.9215
43.4325
42.8272
42.2908
42.1347
42.4861
40.3897
40.1048
39.899
39.5604
41.0477
41.123
40.9843
42.548
41.1095
40.8419
41.7167
41.7314
41.8139
42.7555
41.2594
41.4181
40.5098
40.46
39.0948
39.0663
39.1348
38.3898
38.7697
38.4942
39.5315
38.8995
37.8855
38.1631
38.5116
38.0474
38.1004
39.4068
38.7539
38.94
38.6111
39.0255
37.7666
38.2252
40.2326
39.8213
41.0641
42.3773
40.9745
41.9911
42.3068
42.0406
43.0048
43.0763
43.6552
42.1079
42.5931
42.6688
44.2093
45.0692
46.0138
45.4851
46.623
45.7877
43.6242
45.1177
45.3318
43.196
41.9083
40.6976
39.6944
39.3145
39.4656
39.7301
39.9092
41.0837
41.5998
41.1192
41.7584
40.9618
41.347
40.5382
40.9857
41.4791
41.4304
40.6058
41.8125
42.25
43.5041
43.8387
43.5669
44.4646
44.3087
45.2889
45.4281
45.246
44.8567
46.2598
46.2512
46.4526
45.9552
45.7508
45.3853
44.8975
45.7584
44.7153
43.1116
42.862
41.9442
41.8842
41.8483
41.9858
41.0924
42.233
43.4531
42.9404
42.1168
42.8907
42.2082
42.6571
42.5601
43.9823
45.5861
45.8166
46.502
46.3877
47.1375
47.0234
47.7404
47.8213
45.9922
45.6794
45.168
44.5288
44.4621
43.6324
43.4116
44.3826
44.4193
43.3059
42.7331
41.6614
40.7558
41.0659
41.6619
42.4079
40.5237
38.6693
39.7775
40.4997
41.122
39.9906
39.4559
39.855
40.0605
41.0072
39.6873
38.5809
38.9723
38.4172
38.8836
37.0259
37.072
36.838
36.7407
36.9423
36.896
38.0827
37.5445
38.4401
38.2295
39.6289
39.3734
39.2575
36.6408
37.2945
35.6831
38.2504
38.907
37.5892
36.5666
34.9709
35.0454
36.6576
38.6601
38.4775
38.4295
40.5479
40.4147
39.6371
37.8302
36.796
36.5321
38.3359
38.877
36.7063
36.4406
33.8679
36.4405
36.7272
35.9364
38.1318
38.897
36.8864
38.1788
36.082
35.8675
34.7284
33.9809
33.2974
35.0114
37.5189
36.3873
38.3521
35.2938
35.4216
35.9598
36.788
39.885
39.6895
39.1669
38.8146
37.7591
38.3688
37.9284
36.2732
34.7002
33.2573
33.9628
33.9474
35.2915
34.7204
33.7723
33.8526
33.8369
33.2748
33.3143
34.381
36.0334
35.9606
36.2245
35.726
35.111
35.7796
33.9444
34.599
35.2809
34.275
35.6523
36.5157
37.1892
36.1216
37.5527
37.2541
37.2389
36.8731
36.3616
35.971
37.0786
37.2331
36.7445
36.5209
34.6432
34.3335
34.5897
33.6693
34.3922
33.6478
33.7914
34.0863
34.6169
34.3685
33.9504
34.3122
34.5202
34.8067
34.5161
32.4377
33.0434
32.9655
33.1695
32.7792
33.3816
33.9658
33.172
32.9505
32.3968
33.1519
32.4744
32.5938
32.9843
32.7402
32.9237
32.6644
32.838
32.928
32.4333
32.8484
31.6492
30.5862
30.8436
30.8935
31.0851
31.95
31.8301
31.0589
30.2487
29.6515
30.2918
30.0744
30.2044
29.9888
29.9106
29.4462
28.0655
28.5428
30.4626
30.8796
31.2388
28.8309
29.8408
29.7239
30.2428
30.2036
29.1003
29.6782
30.2054
29.5804
29.9452
28.8229
29.0816
28.5721
28.8566
28.7209
29.0077
29.4451
29.3612
30.5089
31.3286
31.435
31.396
31.2886
31.8276
31.9474
32.4804
32.4465
32.7065
31.4161
31.1871
30.216
29.3294
29.7938
29.9612
29.6154
29.2134
28.3488
28.3924
28.9929
29.3345
27.9654
28.6624
30.2653
31.3877
31.1197
32.8286
32.523
31.4966
31.5064
31.5234
31.472
29.8179
29.8201
30.4811
30.4313
29.5685
30.147
30.6058
30.5166
30.9155
30.2781
31.8519
30.3315
29.9888
30.7186
30.8985
30.9299
31.016
31.6684
33.1522
31.9024
32.1435
32.1869
31.9371
31.9658
31.1682
31.8494
31.864
32.3631
32.5265
33.3562
33.8793
34.0838
34.6506
34.4604
34.0955
34.4645
34.1844
34.8218
34.2585
33.819
33.2551
33.4672
32.547
33.206
31.7422
32.301
33.0511
32.657
33.0221
32.7112
32.2984
32.016
32.2717
32.2102
31.7816
30.7975
30.9116
31.268
30.2238
31.7099
31.6663
31.3994
30.9624
31.0128
31.4062
31.5283
31.1695
31.3172
31.1527
30.4148
30.5017
30.557
30.2913
29.5769
30.4029
29.9292
30.3237
30.2364
30.2826
30.7565
30.4217
31.1
31.333
31.1634
30.4251
31.0707
31.049
30.2337
29.9849
30.5258
30.1167
29.4141
29.955
28.6216
29.8846
29.3217
28.8629
29.4864
29.1619
29.6493
30.3861
31.0426
30.9356
30.8585
30.8307
30.1243
29.5736
29.6997
29.4608
29.5785
29.8709
29.5463
29.2768
29.5242
29.0323
29.5984
29.5912
28.8985
29.6457
29.4527
30.8169
30.0005
30.1011
29.8638
29.4748
30.3197
29.7533
30.2084
29.2365
29.3143
29.6079
28.9735
29.2611
29.0394
28.8392
28.7561
28.8904
28.1782
29.7115
29.4125
30.0882
30.5242
30.4639
30.1058
30.0545
30.2589
30.3391
30.2205
30.3951
30.2292
30.3802
29.8189
29.909
30.8863
30.9803
31.5454
30.9557
31.7772
32.4462
32.3052
32.8116
31.405
31.8094
32.8158
32.879
32.8615
32.9011
32.6032
32.7487
32.4806
31.8539
32.9896
32.8532
33.3268
33.8311
34.1084
34.5193
34.9651
34.258
33.6282
32.8991
33.2646
32.8149
33.7162
33.5847
33.0087
33.017
32.8347
32.8973
33.0926
33.0789
33.1101
32.8022
32.6418
32.73
32.9004
32.7032
32.7493
33.0739
33.7396
34.0002
33.6745
33.5595
34.7593
33.4831
34.0753
34.7126
36.3816
37.5045
36.3977
35.5572
36.5533
36.9379
36.2892
36.089
35.865
35.2646
35.0588
34.8721
35.175
35.2752
35.5607
36.5154
35.4004
34.7758
33.9526
32.5441
31.4511
32.6558
32.7739
33.0462
32.3625
33.0268
34.8009
34.4892
33.9897
34.5878
32.9416
32.5602
32.4601
32.662
32.7972
33.7144
33.5393
33.3185
34.4196
34.3256
33.2823
33.7844
33.7653
33.4495
34.6838
35.0346
34.7886
34.5067
34.99
36.4931
37.3416
38.0023
37.166
36.3225
36.1115
38.0832
38.4201
38.2852
38.6379
38.9413
39.0201
38.3085
39.6323
39.2157
38.7418
38.8078
38.9864
39.8231
40.65
41.0758
40.8893
41.3006
41.4584
40.35
40.0753
40.0949
40.1295
40.1929
40.5147
41.4993
42.239
43.6289
42.593
41.253
40.9723
41.9321
43.5546
44.4936
44.2648
45.3157
46.1221
44.3113
43.9334
42.7701
43.1461
44.5755
45.0051
45.4725
46.921
46.3938
45.4055
45.2295
45.157
46.3401
46.1777
45.1304
44.2306
43.4322
44.0732
44.6245
44.9716
44.4236
43.6673
43.4129
43.4273
44.6697
43.4534
42.9834
43.2603
43.1428
44.266
44.7281
43.3451
43.3007
45.1397
45.2773
43.4287
42.8009
43.4345
44.5509
45.9031
47.6859
50.0069
48.6188
48.7541
48.331
47.238
46.7373
46.0876
46.9038
45.4686
45.1935
45.126
44.1379
44.7751
42.259
42.7168
43.9209
45.3858
45.96
45.5569
45.6075
45.5051
44.4864
44.027
42.7541
42.0185
41.0239
40.2249
40.2011
41.0952
39.6501
38.9871
39.5427
40.2748
39.5985
41.0993
41.2367
40.2561
40.2474
40.267
40.4639
40.0195
40.9992
40.4852
39.5749
41.0236
42.9537
42.2191
42.1723
42.0045
42.5576
41.5469
42.9418
42.2281
43.7432
43.9656
43.5259
42.9796
44.2533
42.7068
43.0339
42.8463
42.1198
44.3622
44.7854
43.4667
43.3474
44.5099
44.0742
43.5107
44.4286
43.9513
42.7324
42.806
42.0335
41.4421
42.0774
41.8546
41.6387
42.6529
42.2828
42.1924
40.845
40.8943
42.1302
42.83
42.0603
42.7397
41.8338
41.0908
42.0481
42.6163
42.0834
42.1188
42.4572
43.4942
43.8436
44.0806
44.4518
44.4543
44.4634
43.8655
44.2294
44.5667
42.4169
42.5116
43.3303
44.0603
43.9323
44.6209
43.7871
43.4
44.5171
45.55
44.7129
44.6612
43.2995
44.8649
45.6994
44.8322
45.0963
46.0606
44.5205
45.5152
44.9738
45.5134
46.1139
46.0269
45.7787
46.424
46.0022
45.4905
45.7422
45.7071
45.382
46.6227
47.1429
47.2155
46.1937
46.244
46.6379
47.1916
48.0129
47.1227
47.4736
47.3243
46.956
46.7731
45.5537
45.935
46.9044
46.3993
45.9526
46.1738
46.7539
45.2081
46.5371
47.1446
47.2375
47.196
47.9209
48.8853
48.554
47.2704
47.629
47.6688
47.6167
47.4836
46.8338
46.5223
46.0586
45.6052
45.1712
44.9428
45.4299
45.2169
45.7786
46.0361
46.6897
46.7506
46.382
47.8597
46.3775
46.1935
45.7171
45.9457
46.1797
46.973
48.7461
48.2793
48.6133
48.5856
48.7192
48.79
47.3128
47.0373
46.9594
45.9854
46.1954
45.5542
46.5145
45.9914
45.5788
46.0623
47.2884
47.1002
47.16
46.3234
46.3403
44.7602
44.4503
45.7013
45.3586
45.2978
44.8357
45.1717
45.7477
46.9827
48.537
48.4809
48.7136
48.9154
47.9503
47.9004
48.1717
48.8766
48.929
50.7685
49.8993
49.5666
47.4512
48.3252
48.568
48.1436
48.0693
46.4066
46.3938
44.4329
44.475
44.6355
44.6371
45.2917
46.5977
46.4962
46.5308
47.5193
48.2122
47.829
48.4937
46.7872
43.3772
42.053
43.1545
44.9275
47.386
48.476
48.9564
48.335
47.73
46.0639
46.1908
47.2105
46.3018
44.7522
42.1703
41.7901
43.3285
43.8946
44.4078
44.9067
43.6441
43.4141
42.5165
42.6677
42.2695
42.2528
41.8811
43.4371
42.4441
43.0361
43.3986
43.6404
43.5024
42.9205
43.0202
43.5047
44.0021
44.7112
44.2483
43.9461
43.4525
44.0026
43.0611
42.3214
41.9833
41.1683
40.7452
40.688
41.008
41.0872
41.0549
42.0139
42.1201
42.9956
42.4996
42.1978
42.0478
41.4161
42.5336
42.256
43.3176
43.5108
44.2906
44.9124
43.809
43.2875
43.8887
44.0551
43.6933
43.098
43.0377
42.5165
43.1162
43.9329
44.1254
43.8685
44.0487
44.2661
44.6717
44.5988
44.2281
44.0298
44.5302
44.694
44.6064
44.8645
45.4079
44.5128
45.0822
45.5958
45.8766
45.9081
46.7581
47.1675
45.6994
46.6032
45.4072
46.1263
45.9152
45.1654
45.5633
45.8137
46.7471
46.9217
47.1499
46.6478
44.8318
45.3171
44.8326
45.9912
46.9372
47.1237
46.4665
47.1692
46.8861
45.7915
45.9385
45.557
45.3533
45.0041
44.3012
44.8673
45.2283
44.2012
43.4106
43.6484
45.4904
45.6773
46.0154
45.9223
45.3602
45.9743
44.9377
44.605
44.9477
45.3052
44.9525
44.8229
45.8065
46.4018
46.5466
45.7911
45.0839
45.8656
45.884
46.9094
47.2638
47.205
46.189
45.5458
43.7811
45.3737
44.9077
45.2455
44.8473
45.0059
46.9158
46.7797
46.6101
46.3375
45.8673
46.4052
45.2149
45.5059
44.6579
45.6132
46.7508
46.5755
44.8887
46.0753
46.5827
44.7073
45.7777
45.1708
45.7255
46.348
47.3829
47.8411
44.5836
46.2749
46.2077
45.0262
44.8837
42.5581
43.688
43.461
43.6303
42.9995
43.8369
43.8394
44.879
43.6174
42.1313
43.2649
43.7048
43.2992
42.5769
42.6956
43.3155
44.1707
44.0692
44.2966
44.3971
43.6118
44.5698
43.1255
41.022
39.9488
41.3346
42.4003
42.7202
42.2675
41.667
41.3571
40.0005
40.8665
39.6947
39.8611
40.6281
39.4863
40.4003
39.566
38.8315
39.4342
38.4271
38.7715
39.6253
41.5358
42.2437
41.7953
41.5956
41.5738
41.9244
39.9272
37.4147
36.5262
37.4869
36.804
36.5053
38.1345
37.4439
37.7099
38.2749
37.5848
37.5511
38.3576
37.5599
37.7409
37.8419
38.5868
38.8656
39.0093
39.0181
38.7015
40.1359
39.4058
38.3999
38.7552
37.5869
38.5744
38.5499
38.4768
37.6668
38.7191
39.2762
38.2119
38.4544
35.6507
35.9711
35.9126
33.402
32.2245
32.377
32.6207
32.3921
31.8633
30.9394
30.7935
28.8686
28.7981
29.1211
30.3702
30.2157
30.1846
30.0529
31.1065
32.4573
32.2706
33.3836
32.4081
30.56
31.0258
30.663
31.3349
31.1247
30.839
29.9895
29.2764
29.5877
29.0285
30.7529
30.5371
28.8492
29.7327
29.8548
30.7207
30.2977
29.3799
28.935
28.538
28.3631
28.006
28.8965
27.7319
28.3142
29.3415
28.5048
29.5952
29.4995
30.1376
30.1068
30.7822
30.2816
30.7377
29.8321
30.1426
29.5953
29.7734
29.7085
29.3225
28.1577
28.2662
27.9295
28.4217
27.5978
28.8828
27.4671
29.0406
28.5451
28.2413
27.5342
28.5541
27.9796
28.4246
28.4098
28.2476
27.9763
28.105
27.0669
28.3653
28.8406
26.6216
27.0592
27.5201
28.0631
29.7016
29.5802
30.2461
31.1588
30.994
31.285
31.2231
31.1202
32.6536
33.0735
33.1091
32.0002
30.9845
29.2175
28.5943
29.1388
28.9232
27.9215
29.1283
28.8359
28.8415
28.718
28.5265
28.4108
28.6941
28.5652
30.0529
31.946
31.5074
31.1557
31.0043
31.5294
31.3746
30.6452
30.8824
30.729
31.3414
31.6205
33.0292
32.6351
32.5568
32.7894
33.86
34.7308
35.0511
35.115
34.8895
33.3209
34.1465
33.2823
33.2292
34.5259
35.0393
34.6321
34.4766
34.8388
34.0003
32.8856
34.3535
33.9026
34.4764
34.9784
35.5603
35.2691
35.1925
36.4472
37.822
39.1702
40.1116
40.0169
40.3139
41.6012
41.5108
41.8519
42.2128
42.1006
41.9389
42.9402
42.9681
42.6881
43.4648
43.7133
44.9278
45.2024
45.3824
45.4047
47.1366
46.1463
47.7447
47.9787
50.4516
52.0734
53.0396
53.6052
54.1017
54.0113
54.5002
54.0557
53.5711
52.8021
54.4123
55.2806
55.8762
57.1106
58.021
58.7344
58.9191
59.257
59.121
60.7194
61.6037
64.9429
66.8764
68.7689
69.2471
68.5519
69.1152
69.7622
68.9887
68.2176
68.5185
69.727
68.9502
66.7142
65.8153
64.9947
64.5485
64.5403
65.9512
64.7372
65.3142
64.8586
64.3802
65.4369
65.931
65.5456
63.4475
62.7466
62.7717
61.2818
60.9771
60.2143
59.5772
59.7373
60.5578
61.238
62.1922
62.8125
61.8423
62.4946
62.9103
62.4963
62.6886
62.039
61.1276
60.6594
60.362
60.4264
60.147
59.3616
57.8111
57.1104
57.9087
57.8692
57.3049
55.7727
56.8214
57.5628
58.7188
56.4721
56.0348
55.7193
56.2281
55.0968
55.0855
56.8186
54.9221
55.3039
56.2307
55.3064
54.5255
52.6171
51.4443
52.7433
53.09
52.8902
53.3733
54.9311
54.8527
54.2059
54.1264
54.4572
54.7094
55.0159
56.1681
55.9629
57.5
58.3642
58.731
58.3038
56.9018
56.4512
56.2555
55.2241
56.64
54.9782
54.4838
55.1659
55.9428
55.6057
56.3178
56.1133
56.1635
56.5768
55.9294
56.0777
57.1833
57.6362
59.3593
59.922
60.8984
60.8776
62.8226
63.689
62.5657
63.0331
63.4008
63.0784
62.4073
62.4945
63.0787
63.0791
63.0947
63.0771
63.1813
61.4388
59.0408
59.6262
59.8511
59.7377
59.1941
59.2458
59.1651
59.6113
60.5837
61.5055
60.9579
60.8937
61.0163
61.9117
63.6218
62.9751
62.2099
61.1705
61.7882
61.8228
61.6006
61.8355
61.0401
60.3751
61.5775
61.1295
61.683
62.1731
63.5279
63.5657
62.1086
60.7757
59.4624
58.0382
58.2923
59.2204
59.4885
60.2731
60.0147
60.1146
58.9709
57.0522
57.4446
58.2661
58.9005
58.3875
58.1991
58.6543
57.681
58.6567
58.068
58.2104
57.798
58.1456
58.6878
58.5264
58.1852
58.7571
59.4162
59.6292
61.4025
63.838
64.4679
66.016
65.1506
64.4248
63.3783
63.9949
62.7006
61.7287
61.3548
62.5873
63.7461
63.1133
62.3091
62.595
61.9933
62.2577
62.5906
62.9306
62.4942
62.5581
62.7216
62.9597
63.6169
63.9115
61.6335
61.4452
61.1448
61.8273
62.1141
61.1343
61.6537
60.9289
59.4359
60.521
61.3639
61.8718
63.4974
63.4417
62.7552
62.3352
62.2581
61.4267
60.4517
61.0708
61.3222
61.8159
61.5601
60.2359
60.6178
59.4534
59.8309
59.3554
59.603
60.1912
58.9413
58.993
60.0639
60.4657
60.1311
59.7439
60.6435
60.5489
61.1179
61.8418
62.8543
61.9733
61.6488
61.1938
60.3693
60.0344
58.2542
56.324
54.6719
54.0248
52.4761
52.7187
53.5263
52.9285
53.084
54.0151
53.9761
54.8411
56.2989
55.7798
56.6015
55.4999
56.0383
56.2126
55.7626
55.4908
56.0673
56.0939
56.4842
56.4022
55.8504
55.984
55.3426
55.668
52.8358
53.168
53.7638
54.4543
55.6174
55.2525
54.3866
52.5975
52.5093
52.6098
52.8546
52.3166
52.4863
52.3146
52.4674
51.791
52.1132
52.7802
51.8363
52.2046
53.393
52.1941
51.0964
50.4675
51.0132
50.3948
49.8814
49.1221
48.0023
47.8384
46.82
47.679
47.6858
48.0976
47.9658
47.4003
47.5417
47.5755
47.842
46.945
47.5463
46.9169
48.0773
47.7805
48.3286
47.0131
46.6387
47.4549
47.1184
47.8261
48.8208
49.0913
49.5378
49.4306
48.5866
50.6205
49.84
49.9162
50.4611
49.6757
50.4088
49.3302
50.6984
50.0512
49.3343
49.4506
50.8164
50.8808
52.0209
51.8665
53.1649
55.4629
55.5867
56.1742
56.8169
57.3781
57.964
59.3126
60.4396
60.3757
60.3021
59.8848
59.7441
59.6064
59.5779
59.5186
61.5398
62.0717
61.7531
60.4672
61.3636
61.0034
61.2291
61.3955
59.9286
60.6298
61.8026
60.4828
61.179
57.9483
58.189
55.6975
54.3672
55.2819
55.8125
58.0369
60.5
58.5614
55.8239
55.703
55.7099
54.5301
54.3667
54.3713
53.8738
55.4202
55.6666
55.5901
55.0645
55.1063
54.6767
54.0917
54.6882
54.2946
55.6597
55.4985
55.4127
53.3534
55.6903
54.8048
54.2446
54.1335
55.3971
53.745
54.1212
55.344
55.989
55.3698
55.892
56.0913
56.9854
57.7244
58.161
57.205
56.3223
54.8105
55.8268
55.5772
54.9702
55.1352
55.7045
55.1184
55.4888
55.5579
56.0608
56.0566
56.777
57.1694
56.596
56.7984
57.885
57.3988
57.2061
57.1681
57.1864
57.6568
57.9127
58.5752
58.8987
59.4526
58.7982
58.1155
56.8848
56.7473
57.9815
59.4272
58.86
59.7358
59.4438
58.6531
59.4951
60.0705
60.3989
59.1206
59.3849
59.5025
60.8677
60.3381
61.5607
63.1263
63.44
63.9911
64.0567
63.2682
62.5186
61.0122
59.6571
58.5663
57.6786
58.2844
58.9371
58.2778
58.6209
60.2026
61.1067
61.8224
60.3698
60.8414
61.0477
60.9993
61.4516
62.6428
63.3605
63.9459
63.6264
65.1094
63.7056
64.2397
64.6325
63.9958
64.4188
61.8252
61.8504
62.2242
60.6876
60.2252
59.8437
60.9492
62.0393
62.3573
62.5771
64.1309
62.6832
62.5475
62.2729
64.0329
64.9605
65.8638
66.4448
65.4458
65.3338
65.1659
64.0827
63.1694
64.0203
64.2541
64.0322
64.2306
62.9727
62.5224
62.1574
63.6979
63.2592
64.4677
64.459
63.1873
63.177
63.7527
63.8892
63.651
64.188
64.4077
64.9732
64.7084
64.8713
64.1977
64.8507
65.2237
64.1233
62.3269
62.6952
63.3422
63.3439
63.0901
62.0498
61.363
61.3742
60.6961
61.5
59.4907
58.7184
58.5955
58.6128
59.0046
59.6701
58.6706
60.3241
60.1848
59.6432
58.8652
59.2531
58.4773
59.0689
58.3202
55.7646
55.3589
55.8758
55.3103
55.0144
54.6455
54.1516
53.55
53.6802
53.9562
53.6042
54.0413
55.435
56.2598
55.3217
53.677
53.6278
52.2227
52.8788
53.8456
54.9183
56.3398
55.2157
55.1015
54.9557
54.0827
53.0054
52.5736
51.8228
51.9195
53.5189
53.5529
53.1188
53.4863
53.1918
53.6565
52.607
51.1931
52.6413
52.9406
53.1651
53.4278
53.3508
53.1976
52.7671
53.1792
53.7589
53.789
54.1814
55.0057
54.9714
54.8241
54.9162
54.7812
55.1594
55.7757
56.3292
56.487
55.9455
55.1855
54.736
54.698
54.9891
55.5471
57.2816
56.857
57.1441
57.278
57.7591
57.9975
57.7993
57.8924
57.4994
58.275
57.9961
57.9745
59.0829
59.8107
59.4049
58.8365
59.4671
59.5676
59.6083
60.0039
60.1814
60.8103
60.0798
59.9782
59.5354
59.4054
59.1381
58.9405
60.5823
62.4364
62.5844
63.1899
62.0584
61.0442
61.5897
60.6308
60.0253
59.453
61.2075
61.6837
59.7878
58.6228
58.9673
58.092
58.8785
60.2409
60.9074
61.0567
59.5048
58.4218
59.0592
58.763
57.9977
57.0125
54.5092
53.3376
54.6369
54.6295
55.275
55.6195
53.5061
54.5731
54.5104
54.7507
53.8929
54.1342
55.1006
53.6914
55.3067
55.9844
56.4359
56.0641
56.6524
56.5641
54.1676
54.4304
53.3945
53.6177
54.7194
55.3745
56.125
58.2799
58.1787
59.9867
60.6474
61.0028
59.3117
60.1677
59.6714
59.6625
60.6191
60.5477
60.2741
59.0664
58.6539
59.7829
60.3384
59.5145
61.3229
61.0282
60.751
60.9077
61.1097
61.1
62.0026
62.1469
62.5742
61.8894
62.5282
62.8076
62.7413
62.1571
61.762
61.5008
59.7621
58.9576
59.1915
57.9888
57.9762
59.0286
58.7369
59.3656
61.0223
59.3744
59.0504
59.3804
57.6764
57.4511
57.3668
58.0925
58.4771
58.7655
59.6857
60.6941
61.2502
60.7846
60.9925
61.1139
60.9786
61.072
61.6188
60.9942
60.2734
60.0081
59.369
59.2522
60.3378
61.798
62.9095
62.0689
62.2848
60.1955
59.2504
58.9163
60.0135
60.4529
62.1354
61.2288
59.4555
59.9347
59.7584
59.9439
62.2039
62.5865
62.3779
63.5252
63.1386
62.2486
62.362
63.6381
64.2267
63.8461
62.9077
63.2317
62.0279
61.0504
61.2037
61.1803
60.9442
61.5977
60.2978
61.2254
62.3635
62.5297
63.0908
63.429
63.6309
63.6252
63.5278
63.7393
63.5886
63.5886
62.8379
61.8224
62.0317
62.1622
62.0545
61.5764
59.7256
61.6299
62.9818
65.0298
63.2029
61.4642
61.9873
62.3542
62.5181
62.8084
62.368
62.6068
63.2359
63.807
64.0473
64.3247
64.6387
64.5641
65.2979
63.632
63.4009
63.3252
63.0064
62.7
62.1417
62.8426
62.1579
62.0158
61.6881
62.8311
63.1305
63.3745
63.004
63.6396
63.841
63.3137
63.0808
62.7527
62.2522
61.1971
60.5558
60.17
60.4979
61.063
59.6598
57.4272
58.327
57.6488
57.7834
57.3566
57.5526
58.0592
58.8364
60.2178
60.3414
60.2208
60.3543
59.3534
59.6572
59.4132
59.1254
59.5229
60.2022
60.0689
59.2831
58.8399
57.6814
57.5763
57.4908
56.2742
56.2792
56.5159
56.1145
55.2071
54.3524
55.2855
55.9631
54.2066
53.8607
53.6962
52.0746
51.2792
51.7908
51.3865
51.4687
51.5078
51.6773
51.5019
51.8867
52.3639
52.292
52.3394
52.5317
52.4925
52.7122
53.4701
53.7365
55.0234
55.0482
54.6506
54.4904
54.245
54.0168
54.2019
52.8375
54.1562
54.9751
54.8791
54.4131
54.304
54.2028
54.618
54.7605
55.6126
55.2891
56.3792
56.9861
56.9761
57.4283
57.7889
57.1026
55.9428
56.6402
55.371
56.2372
56.5755
57.2244
57.2713
56.3098
55.342
54.9022
54.9872
55.4263
55.1612
55.1542
54.5286
52.5221
53.0156
54.2757
52.9861
53.6586
53.8156
53.5879
54.0357
55.9781
57.9419
60.2327
63.8841
67.8789
66.031
63.1147
62.9428
63.6428
62.9745
61.9815
56.9069
52.1359
53.9952
54.9513
56.3342
56.0778
55.3363
54.9297
55.0825
55.126
57.775
59.518
60.5261
60.0104
59.7337
59.232
59.8743
57.3198
53.74
53.5439
53.7054
53.2924
54.0148
54.1293
53.8712
54.7991
55.248
59.7532
61.2357
60.4543
59.5257
58.4561
55.8388
51.7628
52.2306
51.9366
52.6008
52.1947
50.8945
50.7875
52.2617
52.7116
53.7519
56.1362
56.8085
57.0563
59.9358
60.7674
57.0946
57.2107
56.6873
56.2751
54.7331
54.8379
55.5134
59.5431
55.9198
57.9686
59.1473
58.5561
57.9157
57.5229
55.4307
52.2061
50.3884
50.1269
50.9031
52.1458
52.3933
52.4431
52.4618
52.2421
54.3419
55.6538
55.869
56.3928
56.7204
59.0386
55.2548
55.9651
56.9398
56.3401
55.4011
54.7927
53.7974
50.6834
56.6301
61.9589
56.3493
53.5561
54.6303
53.5911
51.5854
50.6412
51.3822
51.5525
51.7621
52.5802
53.3323
52.7902
63.1348
64.9071
65.2354
62.6273
60.9657
60.4081
59.2627
58.8109
59.5146
58.4664
58.1142
59.021
58.352
57.7997
57.6063
58.3879
58.8049
58.1342
58.6138
59.3372
58.3265
57.4873
56.8733
56.6335
55.6145
55.9861
55.6929
55.4393
55.067
54.8541
55.2983
55.5338
55.1531
55.7995
54.3025
54.4627
54.5371
54.6957
55.0315
54.6909
54.3274
56.0176
56.1549
54.99
54.8548
53.5598
52.9719
51.8325
51.7811
53.1363
52.639
51.6059
50.8348
50.6046
50.0215
49.8289
48.9069
50.3779
51.0974
51.5611
50.3237
49.6741
50.3688
50.8544
50.1408
50.2921
48.5707
48.6876
49.6568
49.8613
49.285
48.9465
50.2762
51.2901
49.5789
48.5828
49.1212
50.5305
52.4227
57.4931
55.9607
54.5586
56.4547
51.9669
49.3653
50.8074
49.1843
47.2304
46.6044
43.9573
45.501
45.4848
43.0482
46.2103
43.1678
42.2205
43.4232
42.2526
42.3389
45.005
44.9392
46.8356
48.5184
51.6186
52.6789
49.5187
45.9858
40.4767
34.318
32.2544
30.9601
30.9073
30.1582
28.9163
29.6903
28.5791
29.4492
30.4762
29.4967
28.7397
29.7045
30.2106
31.8006
31.6103
31.7237
33.4568
33.8356
33.1459
36.3066
33.5066
37.9091
35.0245
33.8877
33.1673
34.9212
34.2642
33.6915
32.6993
33.1741
32.3888
32.6825
32.4949
33.0647
34.8243
35.6281
36.48
37.0014
37.8309
38.9266
41.3702
40.2469
38.7739
39.6654
39.8239
39.2508
40.5503
42.0763
41.1809
39.8233
39.2868
40.2572
40.8556
39.9343
38.411
39.6955
39.6794
42.2294
42.317
41.2427
42.1072
42.9038
43.4882
43.2758
43.3952
43.3379
42.6954
43.0882
43.5416
44.2529
44.1863
42.5384
40.4204
41.0697
42.0919
41.7888
41.8256
44.1964
44.2996
43.0987
43.6874
42.1901
43.5302
42.5361
42.2017
43.8749
41.8881
42.6068
42.2677
42.6552
40.4711
39.5635
38.4982
36.8641
36.5329
36.5012
37.2243
37.1336
38.0218
36.984
37.6331
36.5272
36.9144
36.1913
37.023
36.9009
38.2404
39.0268
38.4871
38.9311
37.823
37.9589
36.9086
36.6446
34.7738
34.8469
34.0397
34.7331
35.6756
35.6818
35.4161
35.2591
35.9007
34.6556
35.4506
37.7193
37.8445
37.5191
38.1107
39.2187
40.803
39.4596
37.7086
37.1677
35.8321
35.609
35.6337
34.8953
35.0137
34.1415
34.3952
34.5076
35.5563
34.9851
36.0422
35.459
35.6713
34.9353
36.9841
36.6189
37.2968
36.4946
37.0734
35.5309
36.4665
35.4253
35.0278
34.1414
33.5919
33.4907
34.0653
34.7659
34.2222
35.2297
35.1267
35.4822
36.44
35.976
36.2579
37.3063
37.7111
38.4577
38.349
37.0351
37.3778
37.5331
37.4702
36.3665
36.2465
36.4814
36.0267
36.4374
35.308
35.3996
35.3079
36.0037
36.5381
36.6324
37.1209
36.4596
36.4171
36.6831
36.511
36.8266
36.4823
37.6577
36.6263
38.1354
38.3022
37.3015
35.5431
34.6
34.0476
34.5773
35.3967
35.551
36.7718
38.9107
38.7383
38.6513
39.4645
37.3128
36.8746
37.5527
38.2926
38.385
38.8294
38.9243
39.0801
38.8566
38.2828
36.7584
36.5734
37.3637
38.0506
38.6052
38.9806
39.752
41.7104
41.6012
41.9438
42.0299
40.554
39.5377
40.8946
40.8635
41.0714
42.3309
42.314
41.4854
43.452
43.6901
43.4536
43.4247
42.3755
40.7523
39.6477
39.6019
40.0161
39.8015
40.3184
39.6429
39.2407
38.766
37.3443
36.6469
36.4467
35.9421
37.86
36.9814
37.2175
35.7581
35.114
33.6438
32.2177
32.5102
33.4542
33.5809
33.7999
34.312
34.7423
36.1343
36.3744
37.0748
37.1327
36.9379
36.7661
35.6397
35.9225
36.7697
37.5668
36.487
35.7515
34.2587
33.7745
33.7635
32.9012
32.6229
33.1018
34.7139
34.3245
34.6227
34.7284
35.5051
35.8223
34.5695
34.4415
35.9819
36.0969
34.8539
36.6458
35.8736
34.9757
34.5808
32.6992
32.4492
32.7779
31.9637
33.6282
33.4291
32.296
31.9685
30.4303
30.729
30.7984
30.6785
31.2577
32.0342
31.9185
32.1024
32.6655
32.6112
31.3753
30.2182
31.1831
31.3993
33.323
32.6611
32.7541
31.7623
31.9196
31.2757
32.0884
30.8231
31.2312
31.4237
32.0974
32.7666
33.0789
32.6588
32.7838
33.2409
32.9272
32.5587
31.8531
30.8142
31.6491
32.0522
32.6434
32.9498
33.5051
33.433
35.3698
36.4879
37.1875
37.8111
38.7304
37.9593
37.8443
38.8861
37.2438
36.5443
37.2264
35.9682
36.6804
36.0931
36.4928
36.4654
37.9024
36.2545
36.0145
35.7087
34.401
34.5357
34.9036
34.765
35.7146
35.963
36.3824
35.6031
35.9017
35.3538
35.1847
36.5317
35.7985
36.1861
35.8902
36.6507
37.4086
35.1922
33.1425
33.2862
33.2414
33.6032
35.7607
36.1529
36.7654
36.39
35.2148
33.7444
34.3302
34.8906
33.8234
33.6686
35.0596
35.4725
33.9772
33.4225
33.789
32.9296
34.1839
33.3767
33.2008
33.9606
33.8914
34.692
33.4897
36.3757
36.886
37.1152
38.1105
38.6237
38.7667
39.0384
39.8173
39.9423
37.6461
37.6879
36.2579
36.6755
36.536
34.0174
34.7803
34.4883
36.2593
35.5045
35.6776
36.5968
36.0814
36.8917
37.1244
37.2096
39.0414
39.7232
36.9215
36.1198
36.6613
34.9335
35.1735
32.6934
32.3935
33.043
34.1251
33.131
35.2134
34.4061
34.9617
37.0886
37.5462
37.8548
37.1379
37.5545
39.3333
39.6305
37.6759
38.1628
40.2377
38.247
37.8308
38.178
39.4285
38.6821
38.7308
39.7321
41.4114
40.9968
42.2184
42.7367
41.9378
40.9131
39.5787
39.2928
39.6016
38.151
35.477
36.5824
36.2194
35.4044
34.2253
34.4663
33.146
33.9825
34.801
34.2885
34.8279
33.5623
33.7168
34.1152
34.776
33.037
31.8677
32.6519
33.6558
33.1359
33.7278
33.5588
34.9759
33.9713
33.9922
33.6568
34.4504
33.1912
32.4323
31.1484
30.963
31.7502
32.5499
33.6849
30.8061
30.141
28.6814
28.5454
29.1603
29.0553
29.997
28.9472
30.3809
30.6661
31.0888
30.0632
29.1349
28.4646
27.744
26.6922
25.8625
25.1595
26.1842
25.2808
26.4014
24.8457
25.5114
26.6324
26.8577
26.1346
26.1723
26.4599
26.602
27.5905
27.7938
27.9596
29.3645
31.0298
31.2956
30.2562
31.4114
32.043
32.3296
31.5548
32.9802
34.4509
38.5063
39.1726
37.2872
34.6318
33.9609
31.9953
28.529
27.6936
26.897
30.6442
30.137
30.9864
31.9621
31.9112
30.1849
31.7029
32.2052
32.1451
32.0099
33.5348
34.9373
33.1609
30.3032
27.4755
27.9726
29.184
28.1646
31.285
31.4252
32.351
32.163
32.1389
32.753
32.5039
32.779
33.2565
33.0542
34.0046
33.5621
33.4564
33.6533
34.5943
34.6617
35.6229
35.6776
37.6806
38.1857
38.3192
38.0394
40.2607
39.9689
40.8124
39.7421
42.01
40.5654
40.4062
39.9176
41.5163
39.999
41.7505
42.4031
43.4695
44.0428
44.1675
45.8141
46.1342
48.6529
50.6761
51.3436
50.5969
50.9303
52.0402
54.2297
56.6115
58.274
59.8244
58.8018
60.9311
61.8844
62.585
62.6234
61.2051
63.2412
65.2134
64.9092
65.7085
65.2684
66.2735
66.7514
65.0644
63.589
61.9345
61.8142
61.0159
61.9185
61.9728
62.4073
62.4966
62.6379
61.677
62.6665
62.6682
62.4657
62.3671
63.5294
62.8817
62.3441
63.561
63.6035
63.9121
64.9444
64.3405
62.5655
61.5314
61.0124
62.2146
61.4599
62.6823
61.7835
60.8549
59.1494
56.3492
57.4823
57.1038
56.145
56.2508
55.7157
54.0467
54.2408
54.8069
55.337
55.1782
54.978
55.6684
56.2183
55.6029
55.4564
53.918
54.0752
53.6264
54.0081
53.2785
53.7258
54.774
55.6096
55.3363
54.6018
54.2135
54.585
53.9544
53.0416
53.1387
53.202
53.391
53.2038
52.7794
52.0457
52.8013
52.1969
50.7298
50.6185
50.994
50.4718
50.5603
49.9832
51.0641
50.7953
50.9613
50.6312
52.1273
51.6874
51.2384
51.6819
52.2808
51.8783
50.8357
50.4159
51.2201
51.1606
50.2508
50.6328
49.8707
50.011
50.3274
51.0857
50.7895
52.5898
51.8094
52.0851
52.2341
52.3845
52.4114
52.9399
53.273
54.0651
52.8467
52.8808
52.9835
52.8781
53.6694
53.2494
52.1389
51.7083
52.1142
52.2859
51.4824
51.2607
51.8757
50.718
49.9888
50.6544
50.5528
51.2644
51.564
51.1666
50.3506
49.7657
50.0928
48.4112
47.7669
48.1422
47.084
46.4623
46.7647
46.7358
46.4836
46.4445
46.3037
46.7473
46.7078
46.6226
46.9503
46.3416
46.0727
46.4977
46.4658
45.8962
45.9529
45.5548
46.7172
46.8221
46.6162
46.8527
46.4152
46.8697
47.6586
47.9088
47.8411
47.7129
48.374
49.2336
49.488
49.6269
50.4265
50.7154
50.5932
49.7538
49.0717
50.3942
50.0548
49.0131
49.4224
48.4276
47.8804
48.3996
48.1564
48.1973
46.8565
47.1618
47.6189
46.6317
47.3585
46.6529
47.0232
45.3927
45.846
45.9457
45.4727
46.2318
46.4095
47.1343
48.1959
48.5938
48.938
49.9375
49.0678
49.4702
49.4414
49.5537
49.013
48.8036
49.3027
49.0825
49.2785
49.1577
49.0605
47.9689
48.4066
47.3692
47.8245
48.3929
48.1244
48.1456
47.8467
47.798
47.2203
48.1519
48.7633
48.6622
49.4603
49.3017
49.1231
49.9669
49.5031
50.2314
49.8336
49.4239
51.1029
51.2367
52.2995
52.5859
52.3432
51.5509
51.1465
51.6545
51.5273
50.9109
49.6339
49.9807
49.845
50.2436
49.9254
49.0064
49.0646
49.5538
49.0279
48.3535
48.3681
49.1174
50.2661
49.4217
49.6538
50.9225
51.7494
52.1186
52.2678
50.5298
50.5577
50.6699
50.4165
50.2385
49.668
50.0845
49.9018
48.0392
47.4051
48.0941
47.163
47.2513
45.5327
46.1646
47.4051
48.8169
47.3859
47.9283
48.8555
49.6515
50.4742
50.3314
50.3367
50.6418
50.2841
48.9145
48.3448
46.1164
45.7066
44.7369
45.7449
47.8808
48.2422
47.8401
48.2253
48.2838
49.705
50.6048
51.2838
50.6721
50.6814
50.3313
49.4639
48.8391
48.13
48.1888
47.5415
47.4266
47.0385
47.1184
47.1246
47.4189
46.8623
47.2589
47.6926
47.3658
47.5594
47.7658
47.9908
47.5974
48.1425
48.4027
47.7099
47.665
47.367
48.1101
48.7874
49.6281
49.6332
49.4593
49.1659
48.6931
48.4165
48.5054
49.5748
49.2264
50.1525
49.8708
49.7407
49.9524
50.1738
50.3861
50.9642
50.3735
50.5912
50.0078
50.3888
50.2471
48.985
49.6483
50.3976
50.9718
52.7348
52.7832
52.4068
51.274
50.6413
49.5185
49.4124
50.6468
50.1493
51.8777
51.8111
51.3898
52.2452
51.3264
51.537
51.7803
50.7251
50.6937
50.1423
50.9326
50.3326
50.508
49.3254
49.8334
49.9836
49.181
49.4704
49.0154
48.5821
48.7605
48.6197
49.7238
49.5178
48.7401
49.1558
48.4378
48.2725
48.1046
47.281
47.3562
47.3064
46.6691
46.5687
47.1779
47.4627
47.3043
47.5981
47.8478
48.0036
48.3362
48.5071
47.8565
47.3395
46.6412
45.3661
43.8094
43.7731
43.8569
45.0328
44.9569
44.5956
45.0917
44.8913
44.4889
44.5668
44.6196
44.6816
44.541
45.098
45.6266
45.856
45.4748
45.3218
44.5806
44.7027
43.485
44.398
42.3107
41.8607
42.187
43.2166
43.7336
44.184
43.9617
43.7891
43.2651
42.8653
41.7473
43.2145
43.1454
42.8159
43.396
43.4893
43.1602
42.8829
44.0176
44.305
43.8621
44.2243
44.9836
43.7602
44.5141
44.995
46.1555
46.4464
45.2451
44.8312
45.0788
46.1146
46.0403
46.067
46.0695
46.4454
45.5348
45.0813
46.1772
46.2351
45.8155
43.9932
43.6907
44.4574
44.6126
44.134
44.1246
44.7732
44.5581
44.6787
44.8225
43.9829
43.6379
44.5696
45.2707
46.1962
45.437
45.0754
44.047
43.7462
43.9947
43.2467
43.2354
43.2736
42.7829
44.2815
44.4805
46.0216
46.0577
45.0779
45.6559
45.3195
45.5108
46.5161
45.5341
45.5468
45.7477
44.8805
44.0157
43.7279
43.0858
45.0261
45.5577
46.6644
45.301
47.0596
45.7865
45.3928
45.707
46.8893
46.7523
46.8305
46.5346
47.1057
46.9074
47.6159
48.3849
47.073
46.49
45.9153
45.4001
43.4635
43.0434
42.7323
44.3731
43.9594
44.4396
44.952
46.4655
47.3084
46.767
47.1771
46.7441
46.6093
45.8
45.5047
45.6814
46.0504
45.6384
44.5213
43.3885
42.7823
42.6511
42.7247
41.272
41.3218
42.4752
41.8467
42.1675
43.0705
43.7226
43.8654
44.3457
43.9729
44.4089
44.7574
44.2982
43.6808
42.6564
43.0675
44.1278
44.7298
43.8739
44.6646
43.0964
42.2845
43.1499
42.2791
41.7477
41.4461
41.3279
40.9675
42.8082
43.6795
44.1632
43.6178
43.8302
44.8647
44.1256
43.4994
43.8567
44.1805
44.0101
43.0188
43.3117
42.6408
41.5184
42.0387
42.3026
40.5444
41.618
41.2558
41.2029
40.064
39.7456
39.8057
38.5176
37.6006
38.2019
37.7655
39.3133
39.7327
39.634
38.1156
39.6944
40.0158
41.6613
41.5273
42.3331
43.0942
42.6205
42.7736
41.213
41.0593
40.8263
42.0156
41.9623
41.9665
40.6585
41.8724
40.8341
40.9907
41.5879
42.3955
41.8322
42.4349
41.3641
42.1833
42.2866
41.3875
42.049
43.68
43.7596
43.9887
43.7293
44.0491
44.6953
43.7908
44.6466
45.243
43.8735
43.5386
43.2059
42.6554
41.9177
41.8679
42.1564
43.2679
44.1548
43.4655
42.9357
42.8138
41.2599
40.8908
41.1466
41.077
41.0654
40.9245
41.0663
41.2564
41.2071
41.0143
39.5907
39.091
40.7269
41.0984
40.2443
40.9036
39.5701
40.4925
39.3926
38.2766
38.1978
38.2485
37.5368
38.1191
38.2398
38.1475
36.3505
36.7155
36.3742
35.6699
36.8659
36.8594
37.0765
37.0639
37.3715
36.6231
37.0432
36.9798
37.499
38.3439
37.7313
38.0192
37.7204
37.945
38.2974
37.7922
37.6472
37.6097
37.0599
37.6692
38.2551
37.5798
37.5332
37.8599
38.4559
38.8157
39.6615
40.2771
40.1814
39.7906
39.0376
39.3432
39.2757
39.3246
39.6141
39.9181
40.215
40.2725
39.3393
39.2309
39.1632
39.0809
39.2058
39.3235
39.7639
39.4032
39.3988
38.9401
37.9065
38.9343
39.3248
38.7524
39.2134
38.8711
39.2256
38.7756
37.9106
38.4226
39.803
40.1945
40.4179
40.3409
40.3054
40.0363
40.157
39.7833
40.4833
39.7279
38.6319
38.6295
38.8585
38.3939
37.7934
37.9197
38.0121
38.0301
38.1402
38.8753
39.9253
39.4229
38.7253
38.4294
36.5112
35.6509
36.1578
37.7136
37.4801
36.9117
35.3086
35.7194
35.951
35.8743
36.5908
37.9512
38.023
37.2741
38.2165
37.4435
36.4236
36.6132
37.6604
37.0488
37.4803
36.841
38.2379
39.6128
40.1256
39.5623
37.8379
37.3885
35.8232
36.1275
36.902
36.7478
36.6991
37.0533
37.3672
35.8445
34.8247
33.8849
33.4176
34.1235
34.5607
34.8673
34.7076
35.7686
35.9736
35.4898
35.4698
35.3557
37.0305
38.1544
39.6453
38.9822
41.9
43.9044
45.4838
47.4428
48.2265
47.9246
47.9547
47.1993
47.0947
46.6909
45.8883
44.6413
45.0704
45.7736
45.1577
45.0152
45.5763
45.7986
45.3259
44.7555
44.9976
43.2314
42.918
42.1279
42.4002
41.891
41.4873
39.8514
38.1667
37.5067
38.0619
37.074
37.3173
37.6546
38.4856
38.7817
38.5005
38.3491
37.4792
37.5069
39.0782
40.3076
39.5407
38.2395
38.3117
37.1264
37.3727
38.167
37.2742
37.568
39.1867
38.1178
39.3484
39.6238
39.9618
41.9783
43.7777
42.8451
42.3234
41.4551
41.0552
40.8687
40.7247
40.3541
40.3724
41.209
40.8732
42.9023
41.7784
41.8836
41.9277
43.0834
43.4382
43.5924
42.9373
44.1204
46.3866
48.1009
46.9581
46.0834
47.0285
46.2121
44.4365
44.5718
43.9218
44.2059
46.8585
47.9418
47.8363
47.3513
47.8377
48.1484
48.4181
48.3969
47.7318
47.9544
48.8174
47.8091
49.5068
48.8086
49.1969
49.0466
49.4681
49.0487
48.6544
47.2467
47.8213
47.9189
47.4291
49.2107
48.804
48.8205
48.5844
48.2948
47.6225
47.3981
45.7638
46.4835
47.3442
46.4798
46.0116
44.2436
44.5346
44.9533
44.4867
43.5749
43.9063
42.779
43.9891
44.3551
45.6433
44.9944
43.5655
43.3101
45.3557
44.8291
44.7336
43.8381
43.1876
43.5132
44.1419
44.004
42.6473
42.5742
43.7252
44.003
44.0392
43.8893
43.3461
43.2146
43.4883
43.4276
43.1019
44.0823
42.7165
43.3162
44.0151
44.2474
43.6601
44.4392
43.9944
43.7963
42.8838
42.1941
42.7566
42.7847
42.6928
42.5983
43.5422
43.0664
42.7925
41.7782
41.2024
39.7151
39.9775
40.8247
40.5303
40.4549
40.3035
39.5584
39.6174
38.6841
38.1959
37.5454
38.0981
38.5471
37.044
37.4234
36.4592
37.6634
38.2887
39.8145
38.7176
38.6419
38.5834
38.7399
38.2039
37.4939
37.1679
36.9008
35.8791
35.7867
36.9968
37.7877
37.5382
38.3108
37.6358
36.0744
33.6488
33.4606
34.7309
35.2881
36.0838
36.5493
35.964
36.7164
37.5297
36.6872
35.7202
36.2199
36.3429
35.7996
34.9539
35.0321
35.0088
35.5911
35.0493
34.9147
34.5142
35.2375
35.1516
36.4465
36.7306
37.2821
35.9636
36.6427
37.1199
35.6042
35.4323
34.5275
34.2568
34.9802
33.8493
33.5856
34.1267
35.1065
35.2339
34.3476
35.5199
34.2749
33.5432
33.9091
34.5958
33.5738
33.2076
33.7694
33.944
33.2301
32.3634
32.9007
32.6019
32.7064
32.2492
32.9697
33.3432
33.4267
33.8185
33.6269
34.0064
33.5632
34.4062
34.0023
33.4745
33.49
33.4907
33.6215
33.6289
34.4798
35.61
35.7605
35.6752
36.2877
35.9602
35.3925
36.0689
36.1924
36.7533
36.21
36.5467
36.8206
36.4126
36.9405
37.1743
36.9174
35.8643
36.2392
36.5708
36.1064
36.1742
34.9243
35.8402
35.0527
35.6895
36.1375
35.9683
36.3626
37.1291
37.4311
38.3486
38.4432
38.4808
38.696
37.8304
37.8195
37.4123
37.6564
36.9923
37.4669
38.2607
39.1202
39.0421
38.5447
38.2563
37.7092
38.3731
38.4644
38.4327
37.9632
38.1034
38.1817
37.6869
36.9007
37.3927
37.0422
37.5925
38.8654
38.9504
37.5782
36.2846
36.6829
37.5191
38.5368
36.3524
34.6045
34.1319
34.0957
33.6179
34.0911
33.183
33.6947
34.0593
36.03
35.6109
35.906
35.8191
36.0081
36.434
36.5709
36.9368
36.7726
36.1514
36.8487
37.2773
36.8648
36.7126
37.1509
38.2557
36.9649
36.5629
37.1493
37.2309
38.212
37.4365
36.9135
36.8457
36.5181
36.0002
35.7039
35.2621
35.4915
35.6588
36.2927
36.2394
37.5173
37.7978
37.5347
37.5903
37.2795
36.387
36.7588
36.068
36.8063
36.1753
36.8762
37.6738
37.5093
36.0728
36.2627
37.3178
36.5777
36.9752
35.6354
35.9181
36.1905
36.5107
35.4494
34.9605
36.1854
36.597
36.0077
36.5613
36.8915
36.3749
36.5502
36.3283
34.9314
37.3507
38.392
38.5749
38.7804
37.0569
37.9296
38.5464
38.4181
36.8454
36.4335
35.6777
34.3189
36.0425
33.5439
34.3181
32.9018
32.5738
32.1242
32.6229
34.483
34.8059
34.9653
34.4158
34.2166
34.883
35.8616
36.8727
35.9756
36.127
37.7442
37.1024
36.0184
35.9714
35.9045
34.6506
36.3071
36.1444
36.4968
36.6343
35.4445
35.9585
36.4346
36.135
35.606
36.0084
36.6933
37.1254
36.8423
37.3473
37.2311
35.7377
34.9481
35.3491
35.5449
35.2342
35.3462
36.3395
36.1981
36.6495
35.7522
36.1982
35.933
35.4797
35.1891
36.0853
36.526
35.7403
36.508
36.3207
36.2309
35.7451
34.8066
33.6482
34.1267
33.3487
31.8643
31.6081
32.542
32.8329
32.7797
32.5704
31.8346
32.0502
31.2089
30.7141
31.3878
31.4989
32.8484
33.2078
32.9666
33.0089
33.764
32.6215
33.1402
33.5134
32.3307
32.2136
32.5886
32.4667
33.1926
32.1697
32.4302
32.6462
32.0063
32.2906
32.1913
32.1431
32.8969
33.7454
33.5314
33.3121
33.5905
33.4978
33.4407
33.2144
34.1075
33.7101
33.3142
33.8833
33.7783
33.9675
33.3975
34.4956
34.1824
35.0913
36.0575
34.9667
34.6337
34.1753
34.3658
33.6359
33.5701
33.3503
35.4269
34.2866
34.4035
35.8652
36.2283
36.298
37.4166
35.92
35.1759
34.3629
34.8019
35.774
36.2758
36.5232
35.354
35.9535
37.973
38.5211
38.4744
37.8492
38.01
38.0039
38.2463
36.601
37.7172
36.2378
36.219
35.6421
35.5083
35.6808
35.6948
36.0974
36.4705
35.9062
36.0446
35.8321
34.9991
33.9465
34.7378
34.7203
35.6575
35.6472
36.1747
36.6248
36.4233
36.14
35.3057
35.3553
35.574
35.1845
35.3124
35.0443
34.9065
33.5444
35.0251
34.2853
34.7718
33.5703
33.7078
31.9809
32.5426
32.7384
32.6571
34.1733
33.8381
33.257
33.5666
33.5219
34.4149
33.1714
32.8506
32.8975
32.5394
31.8266
32.1331
32.3048
32.9988
33.5699
34.0405
34.0341
34.1874
34.2981
35.6424
36.0731
35.8604
35.1544
33.5835
33.3355
33.5784
33.1872
33.3638
32.3905
31.5484
31.2298
30.9348
31.0639
31.2744
31.8504
31.6748
31.6265
32.083
32.1411
32.6019
32.7865
31.4197
31.1889
31.6096
30.9957
31.1577
30.2815
30.8831
31.5862
31.8155
31.8941
31.2658
31.3172
31.0574
30.4739
29.8687
30.537
31.5361
32.2235
33.0542
33.4111
34.2894
33.4058
33.5785
33.6326
33.7151
33.2636
34.0104
33.5777
34.2712
34.0043
33.7077
32.869
33.9424
33.8942
34.6835
34.0466
34.5376
34.4015
34.3518
34.7153
34.6903
34.9656
34.2296
34.2203
33.8969
34.0581
34.3299
35.2165
34.6983
34.6938
34.9501
34.6696
34.9143
35.384
35.276
35.3059
36.017
35.3069
35.9349
35.5165
35.9006
36.1994
36.0446
36.9894
35.7884
35.5165
36.6942
36.1885
36.2012
36.2532
36.7051
36.0106
36.1733
36.1127
35.9506
35.6459
35.7963
36.7154
36.3825
36.1321
35.2269
35.4331
35.501
35.4933
35.0858
35.5331
35.6362
36.432
37.0911
36.8878
36.1178
36.3906
36.3292
37.5591
37.7979
37.6866
38.169
37.5623
35.9181
35.1783
34.2246
33.9753
36.1304
36.3857
36.9325
38.2976
40.0363
40.1299
39.9167
39.6962
39.7898
39.4411
39.942
39.5723
39.4244
38.5054
37.8718
38.7068
38.2492
37.8325
38.0335
37.1975
37.8658
37.3777
36.4822
36.3683
36.2096
37.5513
37.8206
38.8134
38.8155
38.8246
38.166
38.5554
38.7336
38.5257
38.4852
39.5162
39.5811
39.3516
39.3905
39.7572
40.3292
41.4001
41.0481
41.0838
41.5485
42.6288
43.3217
43.6264
44.1888
43.8433
42.8404
42.3795
42.0395
41.5104
42.0457
41.8064
41.581
43.3755
45.3049
45.1173
44.2113
44.3424
44.6946
44.9017
45.4061
45.5743
46.5265
46.8506
46.5717
46.3183
45.4335
45.9452
45.8022
45.9694
46.2371
46.7691
46.7321
46.8427
46.4269
46.4005
46.2399
45.9785
46.0644
45.3703
46.1264
47.0676
46.3345
46.0003
46.6428
47.2539
47.2101
46.9947
46.8534
47.1076
46.1305
47.2769
45.5949
45.7522
45.1648
44.9861
45.4288
45.5509
45.2908
45.3985
45.5445
45.4162
46.0147
45.1703
46.164
46.2426
45.4932
44.1134
43.1743
42.2819
42.5487
42.3942
41.9751
42.2999
41.5186
42.1398
46.0187
46.7472
47.2336
46.8805
44.1942
45.233
45.8793
45.2955
47.1903
49.9785
51.3221
52.1203
52.6858
51.7
52.2202
53.2062
52.6124
53.5897
50.4904
49.2482
49.007
48.034
47.1284
48.0317
49.603
50.2047
48.6118
48.8255
48.2381
47.0254
45.6146
44.3731
44.825
43.8218
42.7369
43.0546
43.9315
45.4114
46.1737
46.0929
46.4399
46.4965
46.1516
46.6235
46.9184
45.9423
47.433
46.7453
47.4151
46.5432
45.3368
46.9061
46.7656
47.1437
46.4702
46.3713
47.7236
46.2427
46.346
46.3494
47.5702
47.7296
47.1644
46.5689
46.3097
46.2556
45.7914
46.9009
45.4352
45.4441
45.4879
44.774
45.9345
45.1188
45.2199
46.2346
46.1287
47.8818
49.1973
47.5372
49.061
48.5578
48.9542
48.1016
48.2115
47.9325
47.8844
47.8842
48.0473
48.0791
48.1361
48.9039
48.4416
48.6524
48.8585
47.2401
47.497
49.2115
47.9736
48.1391
48.7442
47.681
48.4923
48.0691
48.2538
48.2014
48.2502
49.1056
49.5262
48.9074
50.0378
49.0199
49.881
49.2068
50.3573
49.8295
48.7726
48.9453
48.3394
48.5195
47.898
48.0761
48.3836
48.6007
48.7745
48.4384
49.6331
49.462
50.4712
50.8277
51.0482
50.4628
50.5168
50.6487
49.5928
50.4234
48.9418
48.7284
48.5192
48.7305
49.1592
48.3026
48.7118
48.8156
48.5174
49.7073
49.3346
49.9566
51.3488
49.6951
50.7148
51.152
51.5027
51.7064
52.9269
51.5241
51.697
52.4789
50.942
53.0272
51.6915
51.9679
50.846
50.2876
49.8281
51.1724
53.4717
52.5502
51.6889
51.6084
51.7095
49.7376
50.7573
51.8889
51.6698
50.8628
50.6646
49.7826
49.9665
49.5098
49.0489
50.0111
50.3184
50.7021
49.3952
48.7408
48.1749
48.6059
48.9723
49.339
49.3986
49.2655
50.7558
50.585
50.6484
51.652
50.0194
48.9186
50.1695
51.0333
51.2248
49.8429
48.6616
48.5684
48.4475
48.1173
46.7763
47.5319
48.1949
49.394
49.1919
48.7177
47.3993
44.4686
45.0377
44.9822
46.0031
45.0664
46.0222
46.7592
45.6021
45.6226
44.7493
44.2191
44.2466
45.8296
43.9143
43.5
43.3379
43.6026
43.4683
45.0288
44.744
44.8619
44.5478
43.4697
43.3469
45.3264
45.7269
46.1281
46.6975
46.4325
44.7233
46.1675
45.1812
46.2442
44.5739
45.0795
45.3101
44.3299
43.5281
44.7901
44.388
45.2683
44.4436
43.8887
44.5429
44.6362
44.3862
44.7083
43.771
44.1958
45.2123
46.7149
46.6493
45.2242
45.1328
45.3139
45.3228
45.6663
46.1602
47.4399
48.2518
50.0378
49.7853
49.3416
48.0286
46.6904
46.9885
46.4467
45.7699
45.6578
45.9257
46.3954
46.1179
47.2165
47.2765
47.5593
46.2313
46.0555
45.2354
45.5251
46.2705
47.2699
48.0511
48.0647
47.6035
46.2268
47.6962
46.908
46.4348
45.3968
45.6175
44.4022
44.2347
43.9064
44.2337
44.5621
44.3051
45.4086
45.676
45.7486
44.4491
44.4683
44.681
45.0139
45.9909
45.1605
45.0374
45.5655
45.3219
45.1723
45.5143
46.1646
45.5872
44.4315
45.3264
45.729
48.5883
48.1519
48.1186
46.7026
45.6984
44.4117
43.4985
44.9162
44.3034
44.3963
44.066
44.4184
46.0762
46.071
46.1212
44.9641
45.2645
44.7364
46.9333
45.4475
44.6714
45.6019
45.4845
44.7434
43.0489
41.3104
41.2374
42.2177
42.1881
41.2658
42.7007
42.1338
41.2787
41.3765
40.9387
41.6048
41.4995
41.8893
43.2737
46.2238
45.3567
43.1026
42.6783
43.6517
42.2418
40.8967
39.5234
40.5391
42.3788
40.8459
41.2544
42.1832
42.015
42.5785
42.9493
44.2991
47.943
45.6783
45.3329
45.0824
45.0986
45.233
44.736
43.0949
43.0298
41.7288
42.3988
42.4031
43.6126
44.8294
42.9262
40.3597
42.4025
39.4053
40.0054
39.4536
43.6719
44.6392
45.1002
45.37
46.4743
44.4355
44.246
44.0772
44.1781
43.8636
41.0019
42.3863
41.6694
40.2445
41.5245
40.5356
39.8791
40.555
40.9998
40.7762
39.2715
39.2811
39.7692
41.1637
38.9441
38.4835
40.1506
40.702
40.6954
41.1446
42.8149
43.5048
41.8409
43.2005
43.2083
43.3778
42.7153
42.6976
42.4176
41.9519
42.9549
43.9677
44.9317
44.4427
42.3084
43.4456
42.0191
41.131
41.7458
41.2766
41.9254
43.963
42.5813
41.5447
42.4723
44.8994
43.4327
44.592
44.9605
43.6294
44.2671
42.6808
40.592
40.6177
40.3581
39.0352
38.3984
39.3705
39.1017
39.5117
40.4682
41.1125
42.099
41.9529
42.5184
39.6605
39.8453
40.8907
40.4941
40.8932
41.3881
41.8733
41.1677
41.1739
40.592
40.5377
40.3357
39.8467
39.5453
38.8716
39.8372
39.2974
39.1941
39.5289
39.7096
39.3329
38.2904
36.4376
35.7905
35.7173
33.4941
33.0528
34.1523
33.6992
33.3003
32.8955
32.0487
32.5275
30.0163
29.3943
31.2216
33.09
32.9257
33.2547
34.1883
33.2385
33.3356
31.1552
32.6832
32.6612
30.2139
32.8738
33.8818
33.1763
31.9222
30.762
31.4921
31.5341
32.8784
33.6177
34.6133
35.1047
34.5668
33.2818
32.0134
30.8331
30.0802
29.7141
29.419
30.26
29.2303
31.2138
31.1766
32.941
32.4584
31.9228
31.1432
30.9416
32.4675
31.7271
31.7422
31.5524
31.9061
31.5364
30.9945
31.2396
31.38
30.8907
30.8611
30.5425
30.7005
30.1856
30.1463
29.5398
30.0691
30.6648
30.0944
30.1048
29.988
31.6704
31.1026
30.4476
29.6432
29.6188
29.6859
28.7596
29.2625
31.7281
32.5345
32.6213
31.7175
31.7581
32.3374
32.5006
32.3045
33.1912
33.8031
32.8338
32.0094
32.8938
32.8371
32.571
32.6518
31.8453
32.4043
33.0838
32.9317
33.7281
34.4246
33.7195
32.2891
31.8719
32.5178
31.909
32.1102
32.1707
33.6771
34.5814
33.5625
32.3654
31.6206
31.0019
33.0119
32.8378
34.0618
33.0665
33.3331
34.1129
34.3138
34.9073
35.1807
34.6708
33.9601
33.8089
35.7382
34.4792
35.4504
35.3166
35.6035
35.5275
35.1663
34.9468
36.1804
35.7976
35.247
36.0248
37.005
37.9849
38.9298
38.4827
38.2323
39.1209
39.3606
39.0521
38.3154
37.594
37.2327
38.1907
36.9126
37.6867
37.4025
38.0929
39.3746
38.4514
38.8562
40.6098
40.8544
41.5735
43.1002
42.192
42.1568
42.6334
44.839
45.7516
47.0088
47.8764
48.3432
48.016
49.3122
48.9332
48.5716
50.7602
49.9709
50.1354
51.3392
53.7461
55.3115
54.5815
56.11
56.7935
56.5204
57.7473
58.9927
60.1967
61.2987
62.8058
62.1957
61.289
61.4399
63.0559
63.6692
64.2049
64.1886
64.8402
64.9256
65.8141
66.9157
66.5074
63.9351
61.9851
60.9661
60.3112
58.3267
57.2953
55.5075
55.5102
55.2608
54.891
55.5989
58.0892
59.8247
62.1802
61.6847
61.9146
61.095
60.7769
60.9089
61.7919
62.3801
60.8871
60.8625
60.0813
59.3506
57.1046
58.3927
57.3832
57.3574
57.0723
57.5852
57.272
57.079
57.857
58.6639
59.5661
58.7837
59.2857
58.9693
58.9694
56.9671
54.0551
53.4793
53.5512
53.5578
52.9721
51.3552
49.9326
48.9924
49.0087
48.7629
49.1254
51.5978
53.1718
53.1349
53.9469
54.3663
54.9485
55.2262
56.4867
57.6196
57.313
56.8428
55.6677
56.1357
56.3573
54.5673
55.9117
54.448
54.4327
55.3257
54.3237
54.4522
54.351
55.463
54.9561
54.8965
55.5891
56.4446
57.6836
58.6405
59.5043
59.0019
59.6353
58.3394
58.2205
59.1417
58.7377
58.5327
58.5215
58.4921
58.951
59.9458
60.0873
59.4202
60.4304
61.6517
62.7091
63.2585
63.7099
64.4762
64.4021
64.7513
65.1975
65.1248
64.6744
64.9142
64.5973
63.7143
62.5685
61.5939
61.549
60.3806
60.1697
59.6445
59.4775
59.2379
57.9885
57.714
57.9676
59.3802
58.1094
58.7125
59.4191
59.7595
61.3885
60.8253
61.3237
63.0029
61.9459
61.3489
61.2568
61.5019
61.6846
61.5584
61.1977
61.2294
60.6756
59.8423
58.6629
58.9904
60.313
60.2119
59.5968
59.2682
58.9543
58.9591
59.9593
60.9899
61.3015
61.5002
62.2745
61.3348
62.7513
61.3409
61.4855
61.1605
59.256
58.339
57.5645
57.0984
55.8711
55.4814
55.3597
54.7162
56.7089
58.2729
59.379
60.3001
60.3541
60.467
61.6049
62.3858
61.6308
61.2737
60.0005
58.9162
60.4309
63.2216
61.8001
61.8448
61.6318
61.8211
61.4379
61.0338
61.7896
61.0175
60.0513
60.3228
59.8962
60.0425
60.0492
59.6495
59.7596
60.7365
62.1049
63.1667
62.6553
61.603
61.0815
60.5977
60.6397
61.2999
61.213
60.5016
59.1219
59.0375
59.5136
59.3086
59.479
61.3071
60.9781
59.2054
61.2683
61.4507
60.7199
61.0726
60.7304
60.8705
60.4576
60.7051
61.7064
60.6995
60.9764
61.0222
62.401
61.3395
61.0576
60.6146
61.3897
61.4055
61.8511
60.3257
58.7112
58.2504
58.5105
58.9082
59.4742
58.4472
57.4934
57.9286
58.0626
57.3052
57.6134
58.2874
57.3353
57.308
57.0146
56.7832
58.5026
58.0258
57.1505
57.1933
57.2551
56.5506
55.8994
56.0438
55.9613
56.1617
56.2503
55.9731
54.9772
55.7377
55.4954
56.2919
56.3205
55.2332
55.066
55.09
54.801
53.9086
54.6981
54.9688
54.1521
52.6833
52.7452
51.5652
51.2753
50.809
49.6749
50.0431
50.3794
51.1829
51.8466
52.0446
51.9176
52.9044
53.0275
52.3831
51.8315
50.3366
51.0824
50.5571
49.9072
50.2217
49.1696
47.7935
49.3454
47.4099
47.2844
47.1723
47.6456
46.5448
46.4002
46.6078
47.5705
47.0578
46.9349
46.6755
46.3989
48.736
49.3688
47.9373
46.7082
45.5637
45.392
45.7804
45.6742
46.1438
46.3979
47.4454
48.1623
47.8687
47.9909
48.3852
48.8118
49.6153
51.5808
51.5968
52.0545
53.1431
52.611
52.0436
51.8592
52.4132
53.0435
53.7834
54.8728
55.1263
57.3942
58.2041
58.1134
58.1529
58.2967
58.8939
58.525
59.8445
60.3421
59.8279
58.877
59.3081
58.0132
58.4885
58.643
57.6672
58.5261
58.3861
57.6666
56.6739
57.6535
56.1848
53.5869
52.2983
52.5776
53.0234
56.0266
54.9181
53.8913
53.9205
53.7706
53.1457
53.0123
53.6461
54.5144
54.5003
55.0503
53.0573
52.4318
51.9508
50.5183
50.1335
49.3297
49.2188
50.3634
51.898
51.6312
52.0694
54.4089
51.2228
53.2846
51.992
53.2453
52.66
53.7891
53.5145
53.7173
54.747
55.2052
54.8125
55.0574
56.4032
55.6811
55.9303
54.8138
53.6407
52.8592
52.5777
54.6356
53.3956
54.3276
53.397
54.6437
55.2914
54.6255
54.1878
54.5715
53.7813
54.761
55.3859
56.3361
56.3906
57.2517
56.7261
57.2821
57.5423
58.3597
58.5671
59.9175
59.1339
58.6506
57.8942
56.6448
56.1777
55.7981
55.7647
55.5793
56.6374
57.1212
57.2565
57.0826
57.9301
58.3884
59.0508
59.4696
60.827
60.8105
60.9933
61.9438
61.9639
61.9364
61.962
62.0532
62.2294
62.7126
61.36
62.9065
62.0418
63.3318
63.2201
63.4862
63.5568
62.6238
62.2808
62.2172
62.6327
62.0497
62.7146
62.3884
62.549
63.9819
64.1162
63.1503
62.5191
63.3123
60.8767
61.6164
62.867
62.6281
62.3064
61.2645
61.4779
61.917
61.8318
61.4947
62.9574
62.5429
62.3881
64.2645
65.185
64.3053
63.77
62.1812
61.3191
61.5934
61.4822
61.3465
62.0202
61.7181
61.999
61.6147
62.5998
64.1751
65.4076
63.6428
63.4251
62.6368
61.6738
61.6007
60.9487
61.26
61.1081
60.8675
61.2004
60.4024
60.877
60.9682
60.9354
61.9272
63.0862
63.3623
64.2734
64.0019
63.6776
65.0168
65.7724
65.0425
65.3537
65.1513
66.4071
67.9388
66.6369
66.1685
66.6971
66.575
65.4373
65.1779
64.8375
63.8382
64.0173
63.7403
63.5788
64.4206
65.557
63.9265
63.4725
62.7307
62.8366
63.0297
63.7052
63.7833
64.9045
65.1389
64.6765
65.1558
64.1888
65.8127
65.0026
63.2215
62.3709
61.8106
62.1475
61.4034
61.0693
60.2159
59.3097
58.372
58.4977
58.4274
59.418
59.1043
58.48
57.7589
58.4138
58.4272
59.6035
58.6262
57.7522
58.2857
58.8129
58.8289
58.2542
56.9074
56.5848
56.4895
56.5826
57.133
56.1814
57.1523
57.8424
56.5012
55.8818
56.2155
55.393
55.7322
53.2597
52.7808
51.4355
51.9146
52.8539
53.3514
52.2347
53.6405
52.7333
52.149
52.5636
52.8243
54.2104
53.6604
53.0596
52.4623
51.462
49.9145
49.9469
49.6964
49.1833
49.1046
49.15
50.3607
50.8857
51.0318
51.5123
50.4146
49.2902
49.7976
49.1098
50.1689
50.5566
50.8491
50.4184
50.9967
52.1188
53.2481
52.4428
52.823
53.5851
54.0018
54.5383
55.2427
56.1966
57.0048
57.2216
56.6829
56.7934
57.6453
57.2525
58.5596
59.8887
61.9579
63.2958
63.4245
63.3689
63.0856
63.5273
63.0216
62.7222
62.3316
61.8815
62.7225
62.7868
62.362
62.4817
62.9279
63.2526
63.0811
62.6666
61.6599
61.1891
61.26
61.5006
60.9065
59.3998
58.7856
59.4923
60.4903
60.8082
61.4643
62.0571
61.9971
61.503
60.7006
59.7957
60.0448
60.3552
60.0658
59.4529
59.9392
60.3049
60.5748
59.9028
59.9062
59.3518
59.5903
60.6314
61.2958
61.7098
61.1192
59.4505
59.251
60.0302
60.4801
58.7409
58.8582
59.1945
59.3493
57.3411
56.7891
55.5533
53.526
50.2844
47.8607
46.9116
45.141
44.7679
43.1356
42.6567
44.0516
42.1932
40.5257
38.8771
38.675
39.5945
38.6834
38.7712
38.9152
39.3812
39.6998
39.9343
40.2678
39.6848
37.4126
37.334
37.2034
37.7437
36.7974
36.3144
36.7096
36.1248
36.1464
37.6953
37.7419
37.6737
37.3817
34.6726
34.6375
35.9794
34.8543
34.0684
32.4455
32.5442
32.6544
33.3282
35.1517
35.3852
35.5207
36.0209
36.464
36.9252
36.7519
37.0434
35.462
35.3959
34.0523
33.7261
34.5557
33.8385
33.7732
33.8636
32.1944
31.4778
32.0147
33.9992
33.1734
33.5639
35.0779
34.5336
34.3455
34.5515
36.8309
36.1273
36.02
36.2442
35.5045
35.2726
34.5693
34.2104
33.1544
32.5618
31.841
32.7972
34.4229
34.1766
35.049
34.3091
33.8995
32.9161
32.3011
31.1264
31.2681
32.0209
32.9777
34.2083
35.7915
35.44
34.5472
33.1149
32.622
32.8571
31.3043
32.2664
32.2765
31.8389
31.3047
29.3632
30.916
29.1482
28.8818
29.3298
28.718
29.8035
31.6299
31.9969
32.2848
31.6551
31.6321
32.2457
33.048
31.7664
31.2967
32.2064
30.9662
32.9129
35.1658
33.9495
34.9824
34.931
34.8792
35.6929
36.9903
37.4917
38.5492
37.2229
35.6765
35.4848
33.6329
35.2574
34.7692
34.0754
32.7835
32.1698
34.0194
34.4381
36.8615
34.7688
33.4074
33.777
32.816
33.8924
31.6773
31.5482
31.7673
32.3974
32.8871
31.9031
32.6288
33.4758
33.3221
33.5879
34.3657
33.7335
35.2767
34.516
34.634
35.5242
33.0684
33.1546
34.5853
35.149
36.5627
36.2999
39.3448
38.0508
38.6334
37.3697
37.6132
39.4818
38.4969
39.018
39.6385
40.0903
43.4012
42.7404
40.6598
42.8186
42.493
45.7584
47.7703
46.0312
48.3673
47.2397
44.1472
45.321
44.7812
43.2111
42.2475
41.8504
39.8074
38.1458
36.8077
34.8305
33.8013
33.7872
32.0549
30.8405
30.7119
28.8396
29.4189
30.5486
29.9803
30.6271
29.7538
29.9168
29.2883
28.5299
29.6404
27.6025
28.7558
27.9471
29.2631
29.167
28.6363
26.723
27.8732
26.2968
26.3332
27.5436
28.7895
29.4201
30.1447
30.5844
31.7347
33.5258
32.5792
31.7274
32.4682
34.2018
36.0143
35.875
36.8849
37.1105
36.0982
35.4823
37.0444
38.0113
35.5238
35.6808
36.5961
37.1439
37.4934
39.8439
39.0565
38.0298
39.4332
38.1857
38.5899
36.7959
35.866
36.8479
37.071
37.8568
37.0735
37.8108
36.5458
37.1439
33.3835
33.6508
32.607
33.5513
33.3925
34.3147
34.6063
35.4398
36.4448
36.2765
36.1319
33.8697
36.0513
35.6536
36.5669
36.4772
37.6568
38.1109
38.9064
39.9389
36.9024
35.1075
33.9152
31.5097
32.8836
32.6202
33.766
33.5493
34.9025
34.6031
33.0192
31.4739
31.8609
30.4851
31.0081
30.2234
31.0169
32.4158
32.7436
33.1379
33.5568
32.6908
30.7024
31.682
29.1595
29.5173
31.2465
33.478
34.882
34.8231
34.5683
34.9711
34.025
34.5127
33.225
33.0818
34.6676
35.2503
35.6205
35.8504
35.8803
35.9967
35.0788
32.8822
32.4231
31.6111
30.1901
29.5412
29.7516
30.753
30.6782
31.7156
31.9153
30.8331
31.0916
31.6211
31.9457
33.4537
35.8904
34.5447
34.4096
35.6713
35.5519
35.4167
36.3633
35.6978
36.168
37.3307
37.7174
37.8908
36.2061
36.1213
36.302
38.2503
39.0458
42.0675
43.0839
43.1742
42.8752
42.0262
41.0085
40.9214
41.0487
38.8356
38.7181
37.3417
37.3267
36.0554
36.2043
35.3442
35.1214
35.0897
35.8385
37.2165
37.2168
37.319
37.2824
38.4959
38.4662
37.4999
36.9149
37.5375
38.0474
37.8708
36.1763
34.8864
33.0238
33.1691
32.6224
35.1824
37.0487
36.5211
35.3748
35.0293
33.7929
34.6061
36.6689
36.6433
38.4613
40.2427
40.0423
36.7131
37.6209
35.5806
37.3667
38.0404
36.1222
34.8407
35.1394
34.146
35.8726
33.2229
33.577
35.6192
36.7677
37.9113
37.1049
36.0727
34.072
33.3936
33.3329
33.8462
34.1469
34.8546
32.6694
31.0514
31.385
31.8918
32.1761
33.6821
34.7845
34.9889
33.7983
34.4211
33.5979
34.3745
33.5206
34.1041
35.2809
33.8405
33.5766
33.0326
32.91
32.8375
33.6306
34.1844
33.9149
34.3784
32.7496
33.3276
33.0699
33.141
33.7771
34.1326
34.1743
33.2673
34.0317
33.5163
35.086
35.4721
34.5121
35.6769
33.5627
32.0652
33.057
35.1623
35.1091
34.9225
37.2176
37.9325
37.153
37.357
37.4658
37.0758
37.5239
38.8408
40.7447
39.9845
38.8632
38.0451
38.1689
37.129
37.5939
36.826
35.3789
34.4919
37.5391
36.9569
37.9627
36.5877
34.3528
32.8518
30.9983
30.7535
30.9985
31.2547
32.5312
34.0172
34.4419
34.4912
33.5413
33.2194
33.5111
33.2309
32.9466
32.7117
34.3465
35.4663
35.1176
35.5031
34.8957
34.5749
33.5854
33.1473
33.346
33.6343
32.7906
30.986
30.0623
30.8349
31.0101
32.2056
32.1083
31.6165
33.369
34.1556
34.8249
35.5464
36.3522
37.2502
37.2107
36.5056
36.2696
35.5848
36.0754
37.4774
37.1779
37.7152
36.5919
37.405
37.0004
37.7101
36.2665
34.8572
34.3674
34.122
34.0553
33.9061
34.7708
36.2708
35.8723
35.8857
36.2962
37.3225
36.3259
37.1676
36.1814
34.6753
33.7697
34.3838
33.8526
34.1333
33.6517
35.0247
36.4198
35.3638
35.5182
35.6106
36.4564
36.6058
36.2054
38.0447
38.4056
37.7654
38.1553
36.1856
37.6306
38.1474
38.8257
38.3661
36.7586
34.0978
33.7455
34.8944
34.1983
34.2987
33.9896
34.2353
35.0863
38.1251
37.3765
37.7202
36.2145
35.876
36.0347
35.0279
34.4427
34.6876
34.8954
35.1773
35.5267
35.8655
35.9349
36.7845
37.9613
37.6547
38.0207
37.612
37.6211
36.874
37.4087
37.5983
34.9577
35.0722
36.1702
35.0541
35.7803
34.5317
35.087
34.7651
34.4762
35.3118
34.9652
33.2128
33.1355
34.1384
34.2421
34.319
34.2846
34.8075
35.4762
35.9101
37.0692
36.7641
38.0381
37.7187
37.3784
37.4414
38.3068
37.222
37.3866
38.1769
38.374
37.1695
38.3493
38.4809
37.9586
37.5665
38.8207
37.761
37.6061
39.1069
40.3266
41.1473
40.0567
38.7316
38.3133
38.9996
37.8982
37.3703
37.2697
36.4863
36.4646
38.4075
38.8038
37.2076
36.5272
37.1554
37.5512
36.5961
38.3402
41.6231
41.2373
42.6703
42.1207
42.0911
42.1555
42.1464
41.6331
39.9562
36.9671
36.5886
35.8757
34.9837
34.2014
32.9708
34.7917
34.9713
36.6112
35.3848
36.9895
35.9342
35.2825
34.9094
36.4782
36.5197
36.6656
36.0341
35.6935
34.1633
32.7764
33.0112
31.8898
32.0138
31.4448
32.433
32.1696
32.7318
33.7438
35.4408
34.9127
35.727
34.8433
34.6777
34.8433
35.78
37.676
38.1788
38.1215
37.1453
36.6112
35.2437
33.8945
32.578
31.0475
30.5058
30.7062
32.1906
32.9028
34.2483
34.1812
33.6327
33.2252
33.8635
34.803
35.3005
36.0232
36.9488
38.3693
39.0912
37.4144
38.3538
37.6393
36.734
35.5004
35.6969
35.6122
36.991
37.8658
39.2064
39.127
38.7881
37.9925
35.9404
35.416
33.9048
35.3975
35.7849
36.1425
35.1187
33.3147
34.5908
35.9806
34.8303
35.1309
34.4397
35.0202
34.6169
34.6211
33.8843
32.3114
33.5614
33.0043
32.3376
34.0262
33.156
34.5867
36.9993
38.7777
39.439
39.9684
39.9552
39.8354
39.0359
39.3396
36.455
35.5973
36.2455
37.6467
36.5348
37.4781
37.7612
37.6292
39.5725
40.467
41.8408
44.9506
42.1391
40.6479
43.5552
45.0265
41.5124
39.9587
41.6836
41.2167
43.8945
41.5281
40.2556
41.4107
44.0508
40.8206
42.8826
40.3408
38.9553
39.5755
40.475
41.2035
39.7554
40.0164
40.651
38.4732
36.7138
36.2299
35.0139
34.7746
36.6819
35.9827
35.769
34.6798
34.8562
35.7017
36.4053
35.8418
34.7552
32.9698
33.2521
34.7284
36.2873
34.9002
34.8477
34.8569
35.8627
36.1078
35.919
34.4694
34.8549
33.4043
33.0344
30.9706
32.5267
32.7787
31.7321
32.5849
32.0932
32.8889
32.0935
31.992
31.54
30.7635
31.42
32.8516
35.1642
35.8964
37.159
37.3836
36.1184
35.3131
36.4221
38.6636
39.6775
40.0395
38.5993
38.6353
39.4111
38.997
39.2228
39.2142
39.1287
40.3649
41.4721
42.1384
41.3865
40.6423
39.6124
37.6869
37.4906
37.2305
37.7441
39.2456
39.566
39.4719
35.9566
33.4369
34.9585
34.6457
35.4527
37.6356
35.6677
34.5347
32.5957
29.4956
25.5336
23.2616
22.1502
22.1929
21.4389
26.1087
25.4201
25.0004
23.9479
19.5027
17.5737
19.5165
17.8505
16.9343
16.101
16.1965
15.871
15.8107
23.3519
26.169
17.7747
18.8297
16.1011
25.3809
24.4001
23.3674
23.212
23.5473
23.5692
22.8628
23.2107
22.9865
18.0103
18.5692
20.2203
22.9348
25.394
27.9478
28.9578
27.6388
28.0956
26.3756
24.6113
25.9784
26.5658
27.6503
23.5831
23.385
23.1531
23.5348
21.2827
20.8517
23.1791
23.2237
21.7511
21.0111
22.7831
22.1801
22.316
19.9936
18.4935
21.6282
23.3928
17.8058
18.1165
19.5666
15.4915
21.7054
17.7013
20.8191
21.9368
23.3194
22.9574
23.6681
25.1103
23.5903
22.5498
21.6089
22.761
22.4161
21.3859
21.508
22.409
23.0125
23.6287
24.69
27.1444
28.8074
29.7657
28.0487
29.7117
29.1568
29.1303
29.4054
29.5858
31.735
32.3707
40.7133
44.812
44.2197
39.0677
39.6477
36.4636
38.8645
38.6653
36.7549
37.766
37.9622
39.2637
40.387
41.717
40.7513
44.6327
44.1193
44.7321
43.1573
44.4989
44.3422
42.1322
41.5062
42.0591
41.8581
41.2401
39.2386
34.1577
35.112
34.1055
31.2868
29.7569
28.4023
26.2626
26.4781
24.7974
23.2231
21.3705
20.6768
20.145
19.8958
25.1329
18.269
22.402
21.2536
20.0859
24.797
23.3586
24.2449
26.3302
17.1604
23.7222
21.9353
23.4419
20.6628
18.9389
20.1436
20.1996
18.3212
20.2034
20.3905
21.7832
20.5836
18.9787
19.4734
16.8628
19.3038
20.7017
18.7293
16.4338
18.3111
18.3761
16.2631
15.6937
16.4175
16.8654
18.2797
18.3251
18.9312
18.6666
18.3878
18.2321
18.4519
18.795
22.7079
19.5518
20.5488
20.5617
20.9338
22.6054
27.5077
26.2854
26.6028
22.1792
26.2944
23.6098
23.3429
23.1646
21.0729
21.3722
21.3033
21.6892
22.2143
20.0573
19.0593
19.3824
19.4899
19.7506
19.5529
19.2156
20.6065
21.1712
20.3327
20.7966
21.2638
20.7665
20.1822
18.768
21.9653
21.2705
21.7467
23.5017
22.8413
23.7991
25.9921
25.7448
25.1014
24.499
25.3692
26.9234
26.7238
25.5918
26.0616
27.3992
29.6701
29.4167
28.4471
25.8274
25.8416
26.1264
26.9147
26.8032
26.6596
25.4125
26.3728
25.1693
24.2801
23.7462
24.2855
25.9368
27.1303
27.0125
24.9329
26.488
27.491
27.646
27.3977
28.7307
34.0543
29.2235
27.975
33.0145
27.2463
29.5277
29.9154
31.9186
33.6427
35.9416
36.1933
36.9947
34.6324
37.805
41.2346
48.4414
48.359
49.414
47.2993
47.2576
45.5297
47.3982
49.4619
49.6071
50.375
49.8988
48.2324
46.2459
42.9975
40.1956
41.0789
41.1109
41.8277
40.9811
43.8907
47.3019
48.819
50.3364
49.2683
49.4964
48.3702
47.4562
45.4744
46.6962
45.8086
42.5551
39.8297
39.0447
42.1444
40.972
37.5426
35.8981
35.9394
35.7725
35.31
37.2915
37.4093
37.4184
37.095
36.6642
37.3455
37.9298
37.8762
38.4865
39.451
41.7528
41.9372
44.2475
46.5473
47.3281
46.9423
47.3512
49.0701
48.9597
52.2127
56.6479
59.5169
58.0432
58.7934
58.1074
61.9688
60.9173
61.236
58.1878
55.2621
56.6838
58.1439
58.4032
56.7725
54.4894
52.9774
50.2712
48.8996
48.1456
47.792
46.5983
47.5187
48.8347
49.3575
48.3589
49.8424
51.1049
54.0091
57.2631
57.346
56.4043
55.8744
54.6367
54.6758
48.9869
47.072
45.5973
44.7451
43.3038
43.2408
43.674
48.2122
47.1339
47.4124
48.7815
50.3172
51.7152
50.5306
49.0192
48.8044
52.0207
52.7199
53.1391
53.2357
52.3764
53.2298
53.077
52.1869
53.1625
52.828
53.1194
53.4602
54.5714
53.7514
53.121
53.7995
50.6836
51.8156
52.9758
57.7731
60.2012
62.5888
62.3134
62.7416
58.9562
56.6637
54.9915
51.7171
46.7955
46.4095
45.6078
47.0301
48.1481
46.5691
47.122
45.5921
47.7291
50.012
48.9412
50.342
51.3945
52.5168
52.3947
51.3113
49.1012
49.378
48.8359
50.2879
48.7701
52.1014
50.5349
52.1308
51.495
51.2205
53.6027
53.5542
52.1128
53.2291
52.6419
51.4127
51.4095
53.2713
52.0735
52.807
51.5532
49.5481
49.1428
49.3972
47.9841
49.7872
49.3324
49.4325
49.508
50.3217
49.3746
49.7761
50.6471
52.5783
55.4759
58.4924
59.4755
58.0383
57.7535
57.9834
56.3819
53.3732
52.4621
53.611
53.0903
51.5518
50.4284
47.8553
47.4333
47.0369
47.2854
48.4716
49.5188
50.1033
54.4765
56.4056
57.0952
63.1108
68.3115
69.3239
69.4895
68.4881
65.8361
65.6416
64.6632
65.2044
62.8281
61.9386
63.3404
61.3696
52.2733
53.7501
56.6615
56.8305
54.3098
51.9544
51.3687
48.6347
41.3833
38.5394
37.6689
39.2842
37.9613
38.1731
38.6908
36.525
36.4489
34.5
34.5003
33.5235
33.8604
34.3727
34.1169
33.879
38.3218
38.4177
41.6671
47.2711
49.4725
50.978
51.7933
49.4374
49.665
49.793
49.1328
45.4843
44.4366
43.913
46.7888
48.6616
52.9867
57.7634
59.5811
62.0859
63.8639
64.6366
65.7188
63.3136
58.8461
59.6553
62.8906
65.5651
67.7871
67.3807
66.0964
63.0204
61.6331
59.4746
57.4966
55.779
53.2728
48.7528
46.3257
47.3326
47.4044
42.0634
41.8286
42.5805
43.409
43.6926
45.7843
48.8485
48.5571
50.3529
47.9403
45.4918
50.298
50.1737
52.1536
54.7921
53.848
57.0081
58.4029
56.8861
56.4374
57.9167
61.1931
65.5835
68.3562
68.6454
65.2481
66.4315
65.336
65.9058
65.7611
66.7537
68.3511
69.7543
68.718
70.2836
67.1248
63.4031
60.1624
57.8185
56.6337
56.4909
59.5843
59.0645
55.3456
51.0171
48.5976
49.1006
49.2322
50.8156
58.4707
60.3707
59.3329
59.4509
58.5739
57.471
55.2885
54.09
53.6462
52.9943
52.7277
51.5449
52.5226
51.3544
52.5351
53.0597
53.2118
53.3438
55.5142
59.1567
67.7634
69.4994
71.459
70.2011
70.7448
62.5705
59.5596
55.7
49.2116
46.0329
45.1133
43.5067
42.6806
41.2358
40.4784
40.9452
41.415
41.7308
41.8757
39.5873
38.9682
41.7707
43.2225
42.9761
43.7511
44.7615
43.6918
43.4246
42.8629
54.1544
56.1912
56.3812
56.4204
55.1684
51.397
48.3632
50.3338
50.1169
51.1743
49.6788
50.9711
51.7718
52.9906
53.8
55.6321
55.8576
54.9329
54.2489
53.4684
50.1002
50.1597
50.6758
49.251
48.145
54.1189
52.3942
50.8945
48.9659
51.3189
52.8038
52.3954
52.0009
51.9125
52.6005
52.2087
52.8808
52.9809
54.7479
56.0179
55.7669
54.427
53.8356
53.1388
52.724
54.2786
52.8689
51.0829
52.0417
54.038
56.111
55.3425
55.7401
57.3071
57.4549
58.1484
55.192
53.4823
46.9261
45.0946
45.8525
46.6821
48.8015
46.7118
46.6404
47.9865
47.282
48.0653
46.7723
47.1392
47.8592
46.4495
42.9969
41.7213
37.8014
39.6958
41.9656
41.0684
41.082
40.4244
39.5173
39.0988
43.3273
43.5016
44.3187
43.7263
41.6389
43.2998
43.3643
42.5593
52.9195
53.4688
54.3268
55.445
59.4941
60.2392
60.2528
58.2338
54.1941
47.1475
47.6766
47.2707
46.1858
46.8163
50.9934
53.8379
53.2282
44.0954
44.4678
42.6438
41.5342
38.9203
39.2324
42.5243
42.0002
41.7621
42.0199
41.1809
41.0816
41.1787
40.7851
41.5221
41.8902
41.1693
41.2347
39.6943
40.236
40.0193
41.9554
42.551
43.0144
52.7477
51.0037
51.4568
51.9763
51.4685
52.0757
51.0619
48.5811
48.3966
49.2599
51.3915
55.7561
56.3707
54.5151
51.707
53.6197
53.5357
55.662
57.8043
58.2381
57.4095
58.1115
60.8367
66.6221
66.4109
65.2959
62.5033
58.8632
56.651
53.4786
50.2601
49.6281
50.8846
50.787
52.2251
51.5267
52.0325
49.8302
49.1777
50.7833
50.752
48.0841
47.3528
47.1379
47.0514
50.1668
53.0689
53.6023
55.9538
57.6226
57.0023
56.5382
58.2705
59.3555
58.4985
53.1053
50.5615
51.1617
37.7424
30.9091
26.701
24.7141
19.5315
28.8653
29.5536
19.6916
30.1593
30.1205
22.3232
29.827
34.2558
38.6687
50.9724
51.414
49.7749
44.2562
38.1328
33.9261
27.6371
26.6785
26.5439
27.411
28.7449
29.1123
33.1502
41.3521
51.2113
49.675
47.7584
46.5234
33.9291
28.5793
25.1553
23.2017
21.4779
25.0869
21.3363
21.9918
23.1402
27.1622
39.0747
40.8587
50.503
54.6661
53.6121
47.132
38.8296
31.1264
27.5987
25.4887
25.2726
27.4106
30.6918
35.8348
47.4308
54.7547
54.0244
37.7486
29.5077
29.7663
20.7358
19.5911
20.3085
20.1338
20.1977
19.8396
26.739
26.7174
41.995
53.129
51.4752
41.5256
35.2927
31.1512
23.7991
22.7034
21.0302
22.2808
23.1242
25.373
31.5891
39.7471
46.4339
55.9096
46.5156
44.3519
33.5625
25.6147
25.9474
27.0304
25.38
25.7422
24.5281
25.8044
30.4167
35.344
48.0601
54.7845
59.9693
51.6141
42.3767
32.4344
26.0498
24.2006
22.9076
28.2535
27.9556
23.0208
23.6904
22.2072
25.5939
32.8363
42.6018
54.0258
46.7387
45.5504
41.1134
35.971
32.1207
31.4457
27.3557
30.3764
30.6442
32.0803
32.155
32.6118
30.1098
32.1852
32.9826
41.9598
40.5983
44.6533
48.2952
37.6118
32.1396
24.6495
28.0209
21.9203
21.6739
21.8688
21.423
20.0288
24.1796
28.2109
36.9481
47.6882
50.4249
44.0421
42.1648
38.9263
30.5286
26.9608
29.9925
24.0247
22.9175
22.7733
26.2163
25.8593
32.569
37.3276
38.4182
46.2816
52.3762
43.4614
32.2174
27.197
22.444
22.4443
26.7769
23.6833
24.4385
29.8681
37.5583
50.2522
52.3268
46.7259
34.7842
29.7775
27.3989
22.2725
22.4392
21.6227
22.6733
21.8281
23.5061
23.5802
26.4605
37.3423
47.5549
53.7273
49.7757
40.9865
34.4263
29.1983
24.1945
23.9943
23.9939
24.0966
24.2003
27.822
31.5626
35.5543
45.4534
53.224
53.3725
45.4553
36.3328
31.0129
21.5502
18.7165
21.147
19.9564
22.0959
23.241
23.4821
23.4831
21.7271
23.0526
22.6728
27.1657
31.3848
40.3894
51.8439
54.781
43.8925
34.9065
29.6374
25.6335
24.358
23.9102
23.8287
24.9738
27.9902
30.1126
36.0512
40.48
53.0284
52.9788
43.0853
35.719
30.5487
21.4765
20.1025
20.315
21.1972
21.0444
25.3503
27.991
32.7265
41.4108
48.4415
52.1779
53.0248
51.4733
51.6384
51.2359
48.5197
45.3795
46.302
45.4505
46.3673
48.3125
49.0947
48.0284
46.815
47.3353
48.4728
48.5083
45.2368
44.2905
43.8329
42.946
45.4776
45.8941
48.8006
54.371
55.3305
52.5482
54.3835
50.2798
47.2889
45.6935
43.6645
45.2541
45.731
46.0336
44.6361
45.5353
44.8731
43.8439
41.8588
39.6244
40.5578
40.0505
40.9372
43.0612
42.1606
40.6927
38.7075
40.9484
38.8251
39.8579
40.7058
43.0047
46.2434
45.6504
43.2564
40.7823
46.145
46.5949
47.1946
47.416
47.335
46.8312
44.2331
39.5526
41.0843
43.1943
43.5755
42.605
42.7
38.0615
39.7615
38.2559
37.207
38.3453
39.6114
41.5386
43.8938
46.4809
51.245
52.3415
51.3172
52.5309
50.0966
51.033
50.9074
51.0168
52.1398
53.1932
52.7083
50.2987
49.6887
46.3729
43.1875
40.0589
38.7921
36.0453
35.676
37.5722
40.7984
42.8412
48.9951
55.421
56.7512
56.9252
53.7396
49.8802
48.8906
46.6455
46.1282
44.833
44.2553
47.7184
49.7359
50.796
54.7435
54.8757
54.8699
53.2804
48.0583
44.8937
41.5208
39.8057
37.4806
38.0696
40.8971
44.5686
48.3094
55.745
58.1742
56.6044
51.9957
47.7758
42.985
42.0254
41.8623
40.5563
41.6345
41.6002
41.0667
41.7421
41.7136
44.1626
44.9789
49.2044
50.8575
52.1026
51.844
52.0137
52.5744
52.0031
51.7078
51.1197
51.9203
52.8077
50.2552
49.504
48.8953
50.1244
49.1318
50.4113
49.1722
49.6879
50.0785
50.8033
51.3677
49.907
51.2997
50.6319
50.284
50.645
51.3587
50.0025
50.9468
50.1127
51.0488
51.4742
51.0712