9036
9042
8968
8892
8626
8676
8940
9428
10230
10734
10984
11367
10736
10418
10527
10733
11659
12076
11657
11099
10247
9912
9488
9894
10461
11077
11178
11664
11633
11661
11279
10266
9186
8288
7483
7228
7281
7087
6949
7096
7558
8537
9955
10381
9374
8464
7902
7499
7319
7160
7235
6931
6934
7261
8064
8487
9638
10956
11290
10751
9859
9239
9170
8833
8540
8059
7577
7376
7824
7644
7795
8080
8672
10493
9970
8559
7696
7595
7425
7321
7570
7724
8211
8841
8739
8957
9157
9889
10520
10700
10970
10632
9916
9872
9351
9515
8672
8292
7656
7505
6963
6788
6498
6850
8938
10136
8060
7055
7073
7120
7442
7967
8985
9182
9148
8791
7515
7486
7721
8955
10678
10890
10311
9692
9511
9014
8953
8182
8242
8597
9322
9458
10290
10637
10880
10493
10911
11337
11456
10036
9077
8162
7729
7354
7069
6678
6360
6394
6315
6647
8361
9413
10430
11026
10278
9976
9789
9679
9460
7825
8013
8246
9536
9613
9570
9571
9784
10480
11434
11789
11979
11569
12074
12382
12442
12459
12279
11702
8904
6887
5369
4257
3667
4036
5044
7909
9065
7656
7514
8084
9386
10011
10105
9701
9740
9919
9957
9849
9880
10320
10505
10013
9342
9259
9891
10083
9831
9690
9916
10040
10235
10214
10337
10313
10344
10317
10380
10283
10164
9821
9224
8027
7366
6495
5552
5118
4756
4551
3974
3454
3188
3043
3088
3002
2871
2723
2960
3490
2955
2559
2719
2841
4199
4579
4858
5904
6251
6123
5211
4341
4866
6015
5154
4554
4006
3554
3132
2938
2926
2673
2490
2107
2383
2385
2609
2894
2900
3313
3586
4659
5476
5971
5985
6262
6931
7989
9586
10829
11367
11725
11684
11597
11214
10783
9463
8127
6945
6123
5782
5194
4377
3766
3252
2927
2591
2384
2215
1963
1866
2000
2246
2719
3142
3580
4396
4962
5788
6504
6853
6261
5766
4871
4081
2933
2529
2066
2037
1908
1819
1761
1736
2013
2327
2615
2870
3569
4438
6163
7816
9103
9326
10439
11091
11431
11481
11316
10780
10217
9449
9048
8127
6674
5481
4836
3536
2723
1871
1454
1237
1219
1367
1340
1468
1533
1463
1391
1196
1284
1316
1484
1564
1560
1643
1492
1588
1635
1750
1717
1409
1542
1589
1531
1580
1726
1837
2062
2321
2790
3504
4390
4688
6298
7336
8399
9078
8671
8396
7814
6986
5871
4740
3928
3159
2624
1881
1316
986
928
879
1027
1071
1160
1325
1515
1862
2049
2434
2590
2392
2012
1955
2014
2101
2198
2164
2208
2195
2300
2270
2404
2420
2473
2723
2973
3677
3874
4936
5438
7032
7889
9413
9390
8229
6890
5704
5128
4907
5002
5072
5235
5293
5209
5326
5123
4548
4288
4648
4993
5175
4929
5024
5108
5834
7105
8580
9952
10161
10243
10018
10236
10417
10013
9179
8258
7651
7257
6836
6228
5811
5402
5449
4877
5311
5840
6307
6198
5775
5564
5753
5642
5318
4649
4612
5006
6167
6758
7180
6938
7329
8044
8539
8805
8602
8644
8948
8798
9015
9017
8756
9124
8956
9060
9134
8822
8883
8697
8649
8584
8604
8542
8865
9095
8895
8836
9193
9215
9237
9256
9271
9268
9241
9287
9268
9265
9311
9345
9296
9279
9284
9347
9409
9386
9393
9436
9433
9393
9425
9378
9357
9390
9407
9387
9422
9337
9421
9391
9391
9399
9327
9389
9327
9398
9377
9345
9338
9334
9377
9363
9361
9307
9332
9330
9246
9323
9234
9306
9307
9329
9309
9268
9299
9295
9282
9301
9315
9262
9301
9253
9281
9348
9309
9274
9212
9303
9240
9256
9260
9219
9248
9247
9278
9243
9343
9222
9244
9199
9268
9222
9274
8951
8812
8125
8148
9008
8949
9149
9250
8992
9114
9054
9175
9006
9093
9107
9231
9244
9191
9284
9279
9000
9065
9064
9112
9120
9162
8863
9023
8725
8469
8825
8900
8696
8911
8982
8961
8695
8819
9031
8617
8797
8936
8832
8725
8835
8865
9185
9246
9155
9219
9168
9199
9158
9182
9202
9227
9231
9200
9251
9183
9208
9232
9196
9191
9244
9229
9274
9187
9285
9220
9247
9292
9213
9234
9163
9114
9107
9138
9241
9234
9212
9223
9306
9248
9251
9240
9223
9227
9170
9231
9291
9296
9236
9254
9222
9226
9290
9226
9202
9282
9302
9223
9240
9297
9190
9254
9173
9290
9235
9227
9194
9267
9247
9258
9242
9205
9234
9255
9222
9291
9260
9243
9174
9268
9195
9164
9220
9186
9089
9204
9162
9260
9174
9213
9183
9210
9275
9186
9197
9255
9214
9266
9281
9179
9282
9257
9251
9259
9240
9192
9194
9170
9201
9205
9227
9269
9338
9269
9194
9260
9256
9303
9205
9163
9247
9281
9145
9172
9158
9126
9153
9098
9026
7831
8192
7484
7205
7056
6390
6426
6087
4995
5380
5764
5757
5911
5958
5300
5919
7200
7780
8501
8822
9066
9245
9208
9252
9620
9610
9971
10213
10656
11101
10950
11367
11542
11727
11815
11736
11627
11094
10159
8803
8122
7758
6947
6976
7211
7845
7831
8117
8005
8146
7961
7734
7804
7700
7718
7703
8446
8219
8433
10699
10849
10954
11471
11322
11448
11745
11836
11985
11708
11845
11819
11894
11772
11742
12049
12160
12195
12228
12287
12259
12273
12289
12370
12093
12280
12144
12409
12273
12396
12584
12785
12678
12491
12637
12540
12540
12451
12333
12246
12285
12311
12215
12152
12059
11965
11748
11344
11260
11286
11271
11227
11273
11078
11194
11125
11125
11012
11000
10989
11022
10971
10835
10628
10790
10711
10752
10805
10701
10477
10691
10697
10561
10670
10301
10424
10427
10507
10553
10422
10448
10573
10549
10540
10282
10368
10226
10738
10525
10386
10283
10255
10272
10415
10355
10454
10434
10163
10203
10227
10118
10129
10423
10358
10475
10596
10468
10539
10586
10585
10533
10579
10549
10620
10239
10344
9913
10483
10557
10501
10036
10012
10189
10111
10067
9883
10173
10164
10345
10205
9720
9792
9717
9863
9731
9853
9891
9804
9718
9447
9271
9374
9633
9429
9355
9304
9163
8992
8884
8854
8799
8458
8258
8103
7892
7751
7733
7650
7661
7535
7812
7798
7744
7773
7696
7659
7585
7428
7399
7458
7319
7258
7180
7105
6976
6802
6571
6656
6766
6602
6485
6233
6138
6084
5938
6085
5910
6109
5987
5913
5469
5618
5350
5239
5400
5146
5614
5978
5853
5691
5577
5516
5552
5622
5593
5447
5366
5248
5304
5254
5312
5315
5313
5141
5094
4180
4036
4283
4896
4956
4847
4994
4877
5163
5043
5028
5066
4987
4876
5032
4924
5099
4962
4914
4682
4974
4807
5051
5038
4947
4784
5045
5100
5432
5209
5285
5703
5641
5509
5861
5686
5794
6420
6186
6196
6272
6486
6466
6741
6891
6788
6825
6746
6632
6821
6727
6757
6826
6745
6968
6745
7001
7056
7099
7117
7062
6989
7152
7013
7126
7198
7108
7198
7037
7271
7350
7303
7468
7439
7330
7345
7535
7602
7808
7791
7787
8047
7867
7838
7888
7774
7110
7347
7872
8057
8014
7350
7233
7258
7259
7700
7189
7668
7744
7556
7398
7384
7107
7483
7308
7682
7705
7806
7704
7134
7178
6644
6287
6550
6686
6996
6881
7359
7182
7561
7507
7744
7688
7695
7733
7332
7074
6671
5820
5924
6038
6324
7135
7214
7130
7552
7104
7507
7534
7651
7895
7743
7862
8000
7926
7892
8113
7929
7242
7211
7861
8091
8276
8256
7869
7579
7061
6531
6541
6757
6902
6906
7225
7332
7315
7588
7474
7400
7552
7601
7429
7365
7588
7712
7856
7917
8000
8124
8059
8154
7769
7982
7848
8026
7881
7848
7550
7226
7286
7232
7347
7329
7424
7558
7755
7761
7972
8077
8460
8377
8410
8460
8379
8564
8485
7874
7676
7630
8000
7971
7877
8054
8033
7389
6924
6790
7007
7797
8329
8818
8257
7897
7833
8142
8075
8269
7624
7811
7775
7970
7940
8024
8020
8144
7818
7912
7387
7134
7640
7984
7943
7812
7863
7813
7548
7041
7213
7082
7505
7477
7842
7472
8108
8212
8755
8739
8808
8845
8926
9044
8918
8935
8864
8864
8839
8772
8739
8830
8493
8256
8186
7943
7874
8066
7797
7731
7730
7803
7867
7923
7582
7189
7214
7079
6887
7046
7038
7122
6731
7243
6978
7160
7574
7719
7883
7846
7803
7822
7028
6701
5925
5826
5993
6489
6597
6610
6837
6781
6604
6902
6757
6896
6689
6718
6716
6614
6615
6532
6417
6169
6019
5695
5688
5474
5441
5466
5100
5424
5592
5434
5797
5937
6156
6685
6810
7164
7384
7327
7181
7172
7025
6937
6711
6549
6274
6228
5876
6100
6020
6323
6301
6315
6330
6153
6175
6071
6020
6182
6301
6027
5649
5317
5418
5249
5530
5687
5776
5745
5773
5787
5692
5647
5466
5267
5463
5467
5464
5431
5421
5399
5220
5257
5117
5207
5126
5177
5140
5191
4929
4793
4716
4920
4876
5008
4933
4851
4849
4789
4913
4745
4686
4695
4475
4348
4202
4161
4310
4466
4730
4765
4654
4696
4825
4852
4894
5066
4939
4686
4738
4831
4992
5116
5109
5089
5078
4820
4808
4846
4851
4939
5130
5046
4773
4739
4795
4880
4986
5206
5144
5385
5567
5442
5401
5722
5630
4841
4887
4740
5674
6370
6387
6315
6153
6193
6065
6222
6289
6252
6407
6498
6406
6260
5903
5422
5132
5112
4908
4686
4754
4633
4395
4362
4141
4344
4609
4588
5043
5079
5401
6031
6257
6439
6427
6139
6356
6613
6727
6779
6986
7021
7142
7094
7133
7161
7206
6875
6815
6579
6458
6071
5693
5965
6450
6572
6783
6906
6543
6338
6461
6515
6598
6773
6911
6857
7007
7048
6972
6836
7110
7076
6905
6929
6993
7119
7036
6872
7049
7085
7138
7109
7132
7180
7108
7148
6729
6809
6642
6866
6905
6537
6666
6873
7096
7151
7072
7089
7049
6789
6398
6287
6189
6530
6868
6904
7453
7366
7249
6957
6822
6789
6505
6708
6776
6849
6737
6720
6753
6664
6662
6776
6840
6693
6585
6646
6843
6897
6900
6872
6786
6492
6331
5955
5950
5531
5570
5792
5632
5646
5621
5429
5310
5017
4675
4498
4464
4611
4716
4612
4731
5045
4741
4909
4884
5000
5347
5381
5362
5659
5824
5897
6174
6246
6116
5974
6261
5947
6195
6158
6033
5917
5906
5702
5886
5497
5634
5719
5678
5676
5746
5747
5618
5496
5450
5451
5433
5336
5572
5623
5524
5640
5725
5899
5641
5891
6168
6192
6371
6285
6344
6103
6034
6095
5762
5742
5920
5625
5583
5635
5081
4681
4000
4155
3869
3718
4675
4627
5126
4940
5181
4798
4526
4567
4828
5069
5217
5471
4511
4364
4493
4969
5130
5151
5423
5490
5482
5602
5540
5601
5622
5613
5529
5513
5411
4850
4201
4074
4093
4447
5011
5184
5047
4863
5407
5212
5534
5423
5633
5624
5654
5347
5386
5275
5544
5293
4750
4385
4705
4553
4711
4477
4358
4452
4484
4262
3711
3383
3356
3159
3455
3422
3728
3416
3266
3256
3699
3831
3800
3735
3714
3801
3976
3943
3864
3835
3870
3842
3803
3881
3804
3902
3751
3716
3624
3911
3843
3882
3791
3596
3732
3722
3546
3859
4323
4264
4446
4266
4442
4165
4419
4372
4457
4503
4434
4306
4498
4164
3940
3809
3979
3735
3987
4010
4183
3993
4025
4144
3954
3878
3806
3956
3604
3579
3820
3997
4105
4116
3987
3991
4074
4032
3958
3943
3815
3660
3244
3596
3420
3206
3296
3226
3344
3429
3228
3103
2813
2536
2286
2268
2076
1928
1781
1896
1865
1736
1740
1558
1532
1609
1702
1823
1779
1893
1895
1851
1977
1851
1705
1633
1729
1872
1832
1998
2002
2044
2091
2126
2033
2054
2029
2032
2014
2016
2065
2047
2032
2082
2050
2024
2212
2269
2219
2275
2155
2248
2358
2432
2461
2358
2424
2473
2523
2637
2467
2592
2445
2372
2373
2560
2614
2775
2771
2957
2991
3062
3055
3139
3107
3189
3241
3282
3499
3544
3610
3691
3833
4009
4216
4651
4719
4682
4801
5230
5734
6134
6457
6517
6773
6738
6577
6619
6636
6386
5881
5685
5213
4753
4509
4293
3894
3836
3634
3778
3564
3624
3650
3923
4171
4449
4509
4675
4942
4828
4898
4813
4664
4550
4446
4034
4071
4075
4050
4145
4330
4773
5096
5232
5470
5563
6097
6428
6721
6957
7119
7214
7355
7421
7345
7383
7306
7196
7357
7299
7299
7216
7293
7371
7324
6926
7220
7281
7344
7215
7106
7222
7266
7256
7235
7406
7382
7364
7430
7374
7390
7210
7255
7183
7256
7180
7104
7152
6862
7027
6869
6958
6827
6488
6453
6230
6058
6020
5694
5774
5779
5876
5618
5735
5803
6220
5900
6453
6716
6531
6359
6248
6378
6235
6204
6323
6314
6014
6018
6165
6403
6168
6225
6345
6112
6189
6037
5921
6162
6277
6141
6435
6662
6756
7123
7378
7247
7307
7103
6949
6930
7378
7766
7602
7763
7621
7869
8033
7960
8019
8084
7962
8032
8096
8082
8043
7874
7696
7509
7636
7471
7378
7420
7327
7271
7319
7268
7300
7274
7209
7001
6808
6609
6364
6108
6055
5062
5219
5085
4763
5339
5281
5532
5594
5399
5386
5381
6018
6340
7173
6541
5533
5139
5616
5633
6005
6306
6355
6535
6455
6338
6290
6231
6175
5939
6081
5483
5256
5261
5329
5820
6167
6003
6037
6153
6127
6086
5929
5969
6202
6135
6149
6083
6069
6073
6100
6092
6138
5848
6038
6067
6039
6123
6200
6127
6081
6093
6092
6135
5939
6098
6065
6051
5981
6308
6185
6316
6309
6527
6552
6787
6880
6893
6737
6903
6343
6803
6312
6691
6592
6642
6706
6592
6596
6360
6388
7040
7124
7002
7057
7092
7192
6946
7099
7086
7070
7218
7261
7129
7174
7031
7105
7298
7086
7406
7178
7037
6964
7187
7252
7537
7118
7443
7558
7039
7398
7175
7225
7162
7112
6955
6819
6846
6697
6640
6623
6623
6770
6673
6771
6553
6299
6302
6196
6324
6330
6109
6244
6217
6348
6299
6273
6067
5919
5812
6288
6466
6455
6545
6429
6506
6181
6637
6735
6659
6702
6759
6771
6501
6399
6602
6429
6796
7074
7022
7314
7480
7579
7526
7629
7672
7788
7660
7722
7706
7617
7585
7868
7746
7622
7510
7354
7111
6929
6714
6707
6886
6638
6633
6706
6517
6563
7003
7119
7161
7493
7619
7761
7994
8140
8108
7987
8140
8181
8268
8806
9036
9354
9215
9221
9297
9317
9611
9570
9624
9707
9581
9291
8884
8646
7914
8121
7826
7444
7528
7011
6946
6698
6675
6432
6418
6778
6834
6930
7180
6871
6935
6853
7210
6938
7098
7119
7136
7066
7130
6890
6964
6564
6883
6812
7069
6915
7076
6951
6653
6665
6339
6442
6497
6348
6148
6249
6142
5993
6073
6007
6024
5976
6043
5779
5728
5897
5890
5980
5893
6104
5883
5499
5151
5089
5301
5815
5617
5935
5562
5281
5674
5635
5677
5769
6016
5961
5803
5775
5593
5224
5114
5330
5252
5308
5476
5515
5573
5489
5416
5346
5057
5482
5409
5386
5386
5354
5337
5423
5296
5032
5207
5236
5339
5329
5284
5277
5343
5337
5118
5294
5401
5663
5459
5245
5082
5157
5173
5296
5130
5007
5235
5112
5000
4910
4959
5112
5044
5073
5145
5123
4863
4838
4823
5121
5611
5982
6247
6292
6196
6254
6229
6301
6263
6061
6187
6212
6155
6500
6316
6552
6580
6682
6841
6890
6788
7051
6961
6995
7170
7059
7134
7166
7140
7180
7197
7161
6914
6940
6815
6817
7096
7171
7127
7350
7383
7286
7283
7138
7191
6956
7023
6961
7111
6908
7103
7109
7221
7213
7174
7056
7024
6879
6926
6684
7047
7142
7113
7255
7398
7063
5731
5802
6271
7096
7533
7246
7010
6855
7050
7159
7403
7402
7421
7460
7420
7657
7420
7520
7359
7410
7696
7652
7665
7875
7805
7771
7767
7751
7586
7779
7490
7438
7442
7432
7264
7303
7387
7474
7210
7466
7227
7246
6992
7138
7105
7389
7455
7546
7462
7200
7050
7068
7262
7364
7423
7580
7587
7476
7489
7457
7421
7422
7448
7501
7618
7620
7560
7463
6819
6747
6716
6591
7341
7423
7818
7945
7803
7912
7924
8107
8268
8076
8243
8183
8290
8395
8130
8296
8068
8175
8210
8175
8282
8577
8653
8578
8700
8562
8809
8803
8872
9062
9206
9102
8804
8777
8858
8848
8877
8702
8515
8690
8736
8740
8694
8692
8724
8706
8658
8659
8691
8777
8740
8605
8291
8291
8442
8525
8569
8480
8028
7926
8033
7989
7654
8093
7986
8062
8086
8005
8010
8141
8038
8058
7972
7849
7662
7523
7624
7223
7184
7255
7077
7249
7296
7391
7652
7982
8432
8424
8650
8741
8729
8954
8730
8788
8764
9190
9184
9267
9554
9561
9271
9204
9090
8587
8429
8545
8483
8589
8909
8888
9073
9023
8815
9154
9238
9392
9645
9661
9635
9365
9167
9266
9475
9596
9505
9473
9463
9298
9474
9284
9564
9167
9196
9314
9340
9378
9486
9585
9658
9493
9165
9170
9170
8815
8616
8651
8403
8333
8372
8279
8196
8077
8522
8656
8967
9065
9321
9666
9839
9852
10003
10130
10155
10369
10535
10517
10567
10457
10383
10381
10455
10403
10330
10067
10400
10389
10418
10018
10367
10381
10333
10030
9697
9643
8702
8803
8859
9414
9378
9656
9738
9715
9705
9766
9760
9460
9702
9470
9515
9476
9510
9559
9628
9611
9724
9643
9667
9671
9683
9646
9631
9737
9745
9740
9819
9778
9759
9884
9960
10347
10279
10385
10279
10272
10267
10440
10392
10342
10414
10388
10471
10314
10344
10507
10519
10392
10513
10164
10093
10141
10118
10511
10445
10491
10302
10626
10615
10517
10525
10584
10635
10594
10688
10880
10722
10468
10619
10692
10591
10728
10693
10746
10842
10789
10954
10922
10899
10797
10903
10901
10429
10529
10495
10833
10835
10928
10754
10902
11024
10864
11089
11126
11140
11381
11537
11337
11760
11232
11759
11595
11504
11404
11665
11493
11372
10988
10859
11030
11253
11182
11242
11332
11621
11599
11681
11741
11885
11987
11883
11562
11391
11419
11448
11505
11357
9984
9502
9432
8005
8377
8354
7899
7918
7768
6690
6932
7857
8458
8667
8608
8734
8936
8629
9125
9074
8783
8847
8240
8154
8569
9358
9569
10069
9971
10099
9893
9637
9379
8914
8640
9357
9553
10374
10907
11112
11415
11532
11675
11727
11535
11250
11097
10277
8783
8174
8190
8745
10091
10440
9997
10364
10651
10192
8013
7885
7969
8571
8907
9674
8302
8295
8746
9369
10400
10868
11079
11166
11056
11027
11013
10761
10389
9388
8787
7952
6925
5991
5767
5265
4572
5848
4589
4743
3344
5720
2848
5913
7730
7855
8210
8266
8335
8285
8328
8268
8360
8395
8327
8396
8325
8335
8264
8409
8294