9117
9081
9109
9024
9100
9120
9085
9094
9113
9038
9084
9041
9065
9042
9053
9076
9062
9053
9165
9122
9069
9081
9082
9044
9045
9085
9111
9043
9058
9079
9146
9030
9084
9080
9029
9032
9051
8994
9234
9136
9123
9293
9206
9179
9171
9102
9149
9239
9078
9108
9207
9176
9199
9178
9122
9206
9231
9079
9118
9253
9076
9079
9103
9235
9206
9146
9141
9121
9004
9006
9085
9151
9138
9074
9111
9111
9110
9073
9185
9083
9009
9084
9036
9116
9062
9072
9068
9118
9206
9060
9130
9059
5702
2760
1030
728
859
997
877
1197
1183
1678
1683
1885
1990
2353
2635
2844
3085
3313
3436
3588
3774
3861
3929
4073
4115
4103
4242
4204
4205
4109
3962
3760
3616
3076
3002
2990
3283
3150
2980
2737
2565
2410
2199
2039
1915
1633
1525
1467
1401
1363
1327
1344
1419
1484
1529
1483
1334
1179
1121
1064
1020
1027
1019
1001
1014
998
962
922
864
782
738
670
651
624
568
557
579
595
655
644
678
713
696
728
715
716
725
695
766
781
819
890
942
945
981
988
970
996
1014
1029
1057
1114
1148
1170
1251
1268
1321
1306
1331
1336
1352
1418
1432
1447
1540
1598
1716
1710
1783
1802
1867
1943
2049
2111
2205
2367
2599
2827
2910
3048
2898
2943
3075
3395
3655
4097
4544
4884
4799
4690
4383
3835
3634
3563
2607
2657
2479
3013
3073
3078
3099
3125
3180
3198
3126
3094
2966
2590
2547
2440
2403
2383
2318
2089
1722
1570
1580
1524
1279
1313
1432
1207
1180
1144
1115
1123
1112
749
688
675
700
790
874
906
929
915
866
866
864
879
911
916
898
885
841
927
906
893
986
965
981
1026
1181
1139
1123
1100
1080
1099
1201
1301
1450
1536
1711
1770
1895
1872
1993
2098
2331
2858
3269
3758
4266
4438
4650
4810
5131
4781
4895
5468
4343
4269
5556
5441
5549
5616
5390
5342
5384
5005
4645
4460
4528
4361
4474
4168
4107
3926
3779
3725
4092
4198
4416
4173
3845
3404
3561
3457
2725
2625
2456
3313
3246
2732
2623
2240
2279
2213
2372
2524
2587
2248
2016
1459
1261
1355
1487
1658
1464
1591
2212
2810
2797
3054
3223
3242
3193
3198
3331
3324
3358
3434
3499
3308
3300
3439
3491
3416
3194
3071
3172
3136
3114
3081
2739
2517
2208
1908
1593
1434
1187
1142
1004
953
839
737
679
704
694
650
751
829
902
1073
1221
1318
1481
1459
1474
1403
1397
1523
1479
1558
1571
1636
1720
1734
1828
1800
1814
1840
1804
1924
1956
1966
1982
2110
2066
2150
2035
2122
2075
2034
1995
1930
1813
1908
1979
2097
2222
2327
2472
2584
2682
2707
2841
2667
2572
2521
2397
2329
2210
2252
2229
2275
2198
2103
1968
1892
1788
1692
1554
1593
1481
1446
1335
1337
1293
1273
1295
1241
1397
1418
1468
1601
1735
1868
1922
1935
1973
2110
2221
2290
2383
2453
2538
2769
2793
2935
2963
2878
2615
2371
1929
1738
1661
1704
1563
1559
1575
1605
1602
1724
1678
1698
1677
1662
1658
1418
1503
1469
1590
1610
1670
1580
1601
1645
1614
1702
1708
1521
1627
1669
2286
2433
2564
3060
3201
3345
3244
3382
3453
3780
3992
4164
4145
4228
3797
3682
3416
3229
2744
2588
2689
2923
3098
3029
2540
2477
2461
2521
2523
2628
2484
2459
2333
2157
2152
2161
2117
2020
1994
1966
1860
1933
1887
1875
1936
2025
2053
1978
1850
1625
1721
1637
1564
1494
1417
1351
1307
1254
1218
1296
1367
1287
1272
1400
1442
1541
1662
1565
1623
1776
2041
1976
1953
2105
2256
2160
2033
1962
2181
2688
3047
3369
3409
2877
2258
2096
1764
1454
1282
1346
1259
1184
1306
1452
1577
1640
1667
1746
1683
1796
1750
1765
1819
1970
2041
2130
2153
2197
2465
2439
2379
2375
2532
2537
2492
2369
2245
2246
2287
2263
2230
2294
2253
2338
2304
2301
2184
2162
2126
2148
2138
2141
2174
2200
2105
1980
1864
1909
1884
1835
1962
1983
1953
1995
1914
1879
1874
1850
1880
1826
1750
1700
1556
1533
1450
1277
1295
1340
1390
1407
1414
1441
1378
1365
1360
1341
1351
1320
1292
1301
1391
1345
1344
1386
1414
1463
1441
1524
1743
1887
2011
2064
2096
2013
2126
2091
2110
2097
2034
1950
1933
1983
1958
2013
2016
2116
2148
2104
2114
2105
2113
2106
2074
2056
2003
1878
1935
2009
1983
2072
2164
2090
2226
2287
2464
2575
2675
2715
2757
2623
2653
2464
2580
2516
2470
2717
2807
3316
3200
3607
4117
4097
4097
3776
3619
3362
3416
3480
3268
2957
3062
3278
3336
3407
3444
3536
3372
3427
3104
2038
1700
1531
1642
1427
1383
1121
1167
1089
1332
1366
1326
1241
1121
952
835
774
714
662
689
645
690
720
716
872
1134
1317
1601
1723
1903
2006
2001
1954
1971
2079
2156
1984
1949
1893
1760
1704
1695
1691
1691
1566
1468
1476
1397
1339
1243
1134
1020
935
954
1128
1331
1385
1383
1339
1320
1240
1237
1231
1233
1265
1251
1355
1493
1551
1644
1726
1717
1686
1661
1643
1482
1310
1182
1121
1188
1188
1189
1220
1292
1374
1427
1463
1441
1353
1362
1432
1595
1784
1898
1860
1794
1766
1704
1491
1510
1470
1448
1404
1489
1380
1391
1418
1321
1224
1067
963
965
1106
1094
1212
1273
1464
1466
1602
1596
1464
1666
1706
1654
1825
1746
1248
1229
1226
1244
1175
1043
947
878
849
850
763
778
717
739
647
577
626
554
555
439
435
379
528
698
924
954
1110
1181
1325
1392
1582
1767
1868
2280
2317
2493
2411
2479
2526
2478
2445
2521
2509
2570
2609
2717
3064
3508
3762
4033
4146
4565
4811
4666
4752
4462
3806
3703
3576
3508
3532
3425
3373
3373
3264
3276
3001
2838
2624
2130
1730
1325
1089
1012
925
734
675
679
712
700
675
795
862
939
1109
1144
1147
1212
1246
1270
1308
1409
1485
1506
1583
1657
1692
1640
1629
1607
1809
1941
2159
2120
2131
2065
2023
1887
1856
1785
1856
1949
2170
2028
1862
2119
2329
2422
2351
2149
2366
2311
2389
2554
2506
2610
2697
2555
2035
1756
1730
1678
1685
1720
1691
1697
1657
1678
1530
1461
1448
1515
1541
1583
1628
1582
1527
1405
1410
1425
1508
1531
1512
1597
1687
1769
1848
1885
1883
1842
1888
1965
1925
2027
2063
2035
2054
2189
2278
2373
2348
2337
2279
2103
2149
2043
1995
1844
1601
1390
1210
1099
1069
1076
1300
1700
2137
2624
3072
3297
3197
2960
2656
2191
1805
1305
1127
1063
1078
999
924
868
875
886
896
981
1000
1074
1213
1254
1344
1445
1573
1689
1707
1735
1766
1836
1848
1903
1892
1800
1770
1626
1622
1507
1478
1419
1325
1229
1258
1281
1323
1526
1501
1396
1475
1458
1486
1433
1378
1300
1237
1206
1192
1151
1175
1067
1042
992
882
742
628
573
634
771
856
803
792
718
686
699
781
773
772
795
775
719
699
648
649
633
656
588
488
469
476
468
511
546
537
599
531
502
460
526
524
578
635
672
666
672
698
641
623
594
595
690
743
778
939
1054
1154
1139
1055
1044
1138
1342
1419
1489
1384
1301
1458
1553
1618
1845
1929
1861
1994
2078
2159
2014
2211
2285
2466
2594
2565
2267
2131
2130
2145
2131
2121
2126
2099
2300
2248
2268
2284
2341
2583
2651
2724
2759
2730
2617
2448
2293
2268
2304
2345
2548
2554
2553
2478
2490
2499
2515
2514
2510
2533
2518
2479
2403
2354
2194
1973
1852
1635
1424
1283
1240
1149
1161
1187
1262
1280
1331
1389
1461
1540
1728
1988
2206
2273
2477
2633
2891
3162
3221
3593
4214
4420
4914
5399
5487
5842
6090
6388
6496
6688
6705
6891
6814
6472
5636
4524
4105
3929
4089
4449
4720
4952
4920
4081
4127
3985
4123
3869
3592
3294
3095
3069
3126
2866
2842
2616
2639
2410
2186
2236
2168
2127
2075
1981
1748
1432
1118
891
761
714
693
712
794
941
1015
1044
1151
1173
1200
1285
1311
1347
1357
1374
1390
1391
1481
1496
1621
1584
1522
1627
1667
1624
1633
1577
1522
1509
1581
1528
1584
1652
1747
1950
2051
2010
1934
1737
1582
1604
1661
1617
1478
1433
1460
1436
1481
1507
1546
1534
1598
1632
1728
1756
1891
1973
1951
1957
1925
2010
1954
1936
2001
2030
2101
2121
2260
2256
2277
2369
2363
2424
2338
2303
2357
2519
2536
2597
2660
2710
2988
2921
2830
3049
2865
2909
3091
2547
2612
2230
2513
2330
2804
3392
3472
2852
2807
2947
3029
3157
3236
3325
3879
4153
4423
4651
4598
4684
5128
5259
5632
5703
4994
4493
4168
4020
3574
2910
2388
2130
1867
1694
1554
1474
1426
1362
1306
1186
1086
1046
1136
1162
1189
1151
1132
1197
1214
1189
1057
1164
1125
1194
1183
1135
1149
1054
992
993
977
996
998
994
998
956
915
906
877
895
880
909
920
933
1015
1025
987
984
957
935
986
967
1008
1224
1345
1581
1793
1972
1995
1917
1909
1740
1732
2072
2476
3343
3782
4145
4509
4626
4734
4796
5022
5159
5487
5571
5578
5533
5327
5073
4842
4757
4661
4461
4381
4207
3864
3584
3635
3412
3206
2667
2051
1955
1967
2033
2070
2027
1933
2027
2308
2548
2873
3097
3417
3371
3595
3693
3926
4128
4619
5007
5329
5540
5531
5572
5864
5966
6180
6382
6562
6505
6334
5978
5612
5215
5086
4936
4569
4025
3565
3562
3730
3969
4084
4125
4123
3993
3934
3810
3710
3670
3454
3352
3289
3366
3479
3567
3452
3386
3366
3269
3305
3276
3107
3046
3088
3038
2993
2977
2972
2898
2949
2851
2943
3177
3213
3175
3237
3223
3030
3150
2991
2832
2737
2333
2472
1981
2013
2001
2198
1917
1844
1904
2070
2455
2369
3038
3219
4499
4298
3910
2860
2456
3140
3191
3714
4634
4055
5830
6037
6766
4609
6042
6303
5573
4671
2260
1147
453
1496
8695
8468
7291
8631
8666
8808
8972
8882
8942
8951
8962
9056
8988
9004
8999
9045
8949
8937
9005
9058
8969
8959
9161
9221
9111
9182
9115
9108
9235