97.6293
97.6354
97.6328
97.6266
97.5999
97.5741
97.5433
97.5293
97.4901
97.4467
97.4371
97.3774
97.3878
97.3668
97.3165
97.217
97.0262
96.9429
96.951
96.8853
96.8281
96.6862
96.5553
96.4448
96.2634
96.1371
96.0485
95.9527
95.942
95.979
96.0745
96.2608
96.48
96.7514
97.0507
97.2616
97.5755
97.8078
97.9348
98.0071
98.0071
98.0454
97.9994
97.9532
98.0139
98.0362
97.9482
97.8637
97.7248
97.5618
97.3498
97.145
96.9812
96.7699
96.5275
96.2787
96.0571
95.8701
95.8077
95.9207
96.1089
96.271
96.3612
96.5433
96.6864
96.9303
97.2375
97.508
97.6418
97.8258
97.9225
97.9934
98.0504
97.9636
98.0056
97.9919
97.9242
97.8327
97.7176
97.5545
97.2332
97.0644
96.786
96.6007
96.4997
96.3894
96.3157
96.2041
96.0974
95.9956
95.8967
95.9195
96.0372
96.1274
96.2992
96.4149
96.5914
96.8365
97.0837
97.4107
97.6519
97.8489
98.0236
98.1011
97.9558
97.9077
98.0405
97.9987
97.8413
97.7307
97.4606
97.2141
96.9651
96.7897
96.7004
96.6536
96.708
96.5925
96.4302
96.2074
95.9406
95.8308
95.9152
96.0694
96.2487
96.3894
96.5235
96.7021
96.8451
96.9658
97.1645
97.363
97.4438
97.4919
97.5607
97.6657
97.7246
97.7533
97.7202
97.7089
97.6629
97.6141
97.5008
97.3377
97.1837
97.0599
96.9752
96.8728
96.7363
96.4221
96.0906
95.7214
95.559
95.4754
95.5792
95.6837
95.8102
95.9053
96.0725
96.3008
96.4305
96.5136
96.5804
96.6531
96.8648
96.9626
97.0858
97.1612
97.1977
97.2101
97.2174
97.2806
97.1902
97.1529
97.1204
97.1121
97.1713
97.2703
97.5622
97.9901
98.3191
98.5334
98.6444
98.6337
98.4714
98.2427
98.1924
98.2385
98.2377
98.1802
98.1065
98.0206
97.9957
97.9915
97.9892
97.9752
97.9661
97.9677
97.9473
97.8974
97.8639
97.8743
97.9149
97.8954
97.8583
97.8517
97.8749
97.8646
97.8368
97.8029
97.7867
97.7676
97.7684
97.7735
97.7791
97.7745
97.7797
97.7872
97.8141
97.8384
97.8834
97.944
98.0312
98.1732
98.275
98.2821
98.293
98.3238
98.3477
98.3564
98.3648
98.3096
98.2803
98.3014
98.337
98.2841
98.1124
98.0431
98.0832
98.0953
98.0692
97.9535
97.797
97.7207
97.699
97.667
97.6511
97.6519
97.6997
97.7873
97.8041
97.785
97.7854
97.7892
97.8519
97.9237
97.9617
98.0102
98.0499
98.1944
98.3547
98.451
98.352
98.3202
98.37
98.4121
98.5636
98.577
98.5147
98.3941
98.2601
98.2411
98.2961
98.2781
98.2009
98.1277
97.9736
97.8116
97.7106
97.6287
97.6107
97.6295
97.7406
97.8492
98.0098
98.1167
98.2708
98.3533
98.3979
98.4141
98.5285
98.5653
98.6188
98.718
98.5965
98.4925
98.4522
98.4354
98.4751
98.5523
98.593
98.3207
98.2383
98.1475
98.0671
98.0813
98.0818
98.0769
98.0723
98.0765
98.08
98.0861
98.1072
98.272
98.3603
98.5401
98.7025
98.5986
98.567
98.6103
98.6269
98.6854
98.7937
98.871
98.7536
98.8364
98.7821
98.6381
98.5045
98.4546
98.4394
98.3827
98.3425
98.3118
98.221
98.167
98.1774
98.2553
98.4039
98.4453
98.4217
98.4113
98.4624
98.5949
98.7817
98.8963
98.8972
98.7198
98.5853
98.5835
98.5619
98.474
98.4396
98.1873
98.0403
98.0161
98.0787
98.0252
98.0066
97.9828
97.9574
97.918
97.8369
97.9069
97.8782
97.9265
98.1831
98.3279
98.3505
98.284
98.3069
98.448
98.5326
98.4637
98.5593
98.6256
98.699
98.7314
98.8131
98.8318
98.7399
98.5755
98.4672
98.3708
98.2746
98.2328
98.1437
98.0825
98.2826
98.4309
98.4853
98.515
98.8995
98.7875
98.9304
98.9696
98.9113
98.9489
99.0402
98.9574
98.7461
98.5913
98.3328
98.1737
98.0645
98.0387
97.9974
97.989
97.9801
97.9749
97.8951
97.8369
97.7637
97.803
97.9498
98.041
98.0047
97.9523
97.9971
97.9796
98.1439
98.2099
98.1566
98.2092
98.2007
98.2788
98.2625
98.2916
98.2425
98.2042
98.0986
98.05
98.1241
98.2219
98.3056
98.3118
98.2684
98.1098
97.9953
97.8291
97.7001
97.6414
97.5737
97.5776
97.6609
97.7677
97.7779
97.8138
97.9078
97.9618
97.9056
97.9528
97.83
97.562
97.3879
97.2547
97.26
97.248
97.224
97.2596
97.2841
97.334
97.4526
97.5498
97.6469
97.7689
97.7932
97.8453
97.8663
97.8495
97.8203
97.8589
97.7996
97.7029
97.61
97.59
97.6293
97.6783
97.7387
97.7834
97.8591
97.9885
98.0247
98.0661
98.0306
97.9161
97.8074
97.8563
97.8662
97.8668
97.9076
97.9461
97.9829
97.9951
97.98
98.0001
97.9886
98.0099
97.9844
97.9515
97.962
97.965
97.9741
98.002
98.0231
98.038
98.0464
98.0391
98.0094
98.0099
97.9714
97.9377
97.9283
97.9059
97.8962
97.8938
97.9008
97.8929
97.8919
97.891
97.8928
97.8933
97.8899
97.8984
97.8886
97.8954
97.8893
97.8902
97.8899
97.884
97.8853
97.8805
97.8837
97.8891
97.8896
97.8929
97.8951
97.8901
97.8963
97.8951
97.903
97.9013
97.898
97.8984
97.8996
97.8962
97.8981
97.8984
97.9027
97.9031
97.897
97.8971
97.9034
97.9002
97.901
97.9052
97.9073
97.9071
97.908
97.9038
97.9079
97.9058
97.9021
97.9002
97.9082
97.9012
97.9003
97.9045
97.9005
97.9044
97.9006
97.9047
97.9014
97.9
97.9003
97.8973
97.8971
97.9091
97.9017
97.8994
97.9009
97.9081
97.9014
97.9081
97.9048
97.9032
97.9037
97.9072
97.9054
97.9105
97.9012
97.9065
97.9076
97.9055
97.9032
97.9056
97.9084
97.909
97.9103
97.9166
97.9222
97.9614
97.9486
97.9205
97.9143
97.9146
97.9065
97.9146
97.9072
97.9115
97.906
97.9035
97.9048
97.9034
97.8974
97.9032
97.8998
97.9024
97.901
97.8919
97.9086
97.9021
97.9022
97.9035
97.8999
97.9106
97.9094
97.9254
97.9288
97.9132
97.8953
97.9132
97.9107
97.9074
97.9129
97.9092
97.9084
97.89
97.9161
97.9119
97.9111
97.9127
97.9173
97.9081
97.8969
97.8953
97.881
97.8902
97.894
97.8989
97.8978
97.8969
97.8959
97.8921
97.8931
97.8973
97.8936
97.8986
97.8946
97.8985
97.8906
97.8959
97.8933
97.8966
97.8971
97.8943
97.8976
97.9018
97.8967
97.9002
97.8984
97.8974
97.8954
97.9018
97.893
97.8999
97.896
97.8955
97.8901
97.8984
97.9016
97.8968
97.9007
97.8893
97.8933
97.8986
97.8994
97.9013
97.8937
97.8983
97.8952
97.8987
97.8955
97.8949
97.893
97.8973
97.8954
97.892
97.8886
97.8894
97.8932
97.8998
97.8924
97.8936
97.8932
97.8938
97.8879
97.8936
97.8871
97.8892
97.8895
97.8904
97.8947
97.8916
97.8938
97.8879
97.8913
97.8869
97.8863
97.8932
97.8867
97.8941
97.8899
97.8916
97.8876
97.8888
97.8879
97.8916
97.8935
97.8935
97.8935
97.8908
97.8921
97.894
97.8903
97.8919
97.8873
97.8931
97.8842
97.889
97.8862
97.8894
97.8842
97.8899
97.8848
97.8926
97.8855
97.8883
97.8879
97.8969
97.9003
97.9042
97.9084
97.9027
97.9
97.9021
97.8989
97.9001
97.8958
97.9008
97.9019
97.9016
97.9062
97.9033
97.8987
97.9088
97.9108
97.9005
97.902
97.9045
97.9213
97.9311
97.9769
97.9515
97.9699
97.9869
98.0151
98.0993
98.1166
98.2203
98.4002
98.4064
98.3647
98.345
98.3242
98.2774
98.2624
98.0776
97.9059
97.819
97.6942
97.5692
97.4919
97.424
97.3754
97.3658
97.339
97.308
97.2973
97.278
97.2198
97.1468
97.1393
97.0973
97.0609
97.0295
97.0143
97.0092
97.0049
97.0672
97.0783
97.1509
97.1009
97.0192
97.0047
96.8543
96.7168
96.6221
96.614
96.5738
96.5405
96.4903
96.4617
96.412
96.3684
96.3245
96.2608
96.1852
96.0979
96.0686
96.0013
95.9926
95.9781
95.9412
95.9314
96.0008
95.94
95.9281
95.9308
95.8975
95.9573
95.965
95.9593
95.9501
95.9316
95.8959
95.8014
95.6681
95.6109
95.5657
95.5033
95.4546
95.3924
95.3345
95.271
95.2243
95.1472
95.0978
94.945
94.8983
94.8957
94.755
94.6575
94.5809
94.6055
94.5748
94.5947
94.4482
94.4686
94.4636
94.4597
94.4755
94.4498
94.438
94.3926
94.3352
94.2914
94.2759
94.2765
94.2846
94.2153
94.2064
94.1518
94.1261
94.089
93.9631
93.8986
93.895
93.9433
93.8655
93.8536
93.7743
93.7593
93.7653
93.8374
93.8168
93.8497
93.8501
93.7735
93.7748
93.748
93.636
93.609
93.5885
93.5768
93.6038
93.6457
93.6777
93.6914
93.7657
93.8276
93.9022
93.9158
93.9866
94.0069
94.14
94.0579
94.1145
94.0671
94.112
94.1789
94.2289
94.2395
94.2136
94.1433
94.1269
94.154
94.0891
94.1802
94.1393
94.1559
94.1692
94.2185
94.0938
94.1108
94.0644
94.0744
94.1202
94.142
94.1904
94.1796
94.209
94.2337
94.2301
94.2424
94.2996
94.3072
94.3113
94.1922
94.1809
94.206
94.249
94.3493
94.3435
94.4087
94.4462
94.5505
94.5998
94.6248
94.5879
94.6172
94.7209
94.6833
94.6492
94.6133
94.5987
94.5553
94.5627
94.5637
94.5999
94.6166
94.6393
94.6296
94.6171
94.6823
94.7358
94.7506
94.8018
94.8537
94.9124
94.896
94.9694
95.0151
95.0698
95.1418
95.2219
95.3099
95.2955
95.2918
95.2743
95.2952
95.2164
95.2659
95.2552
95.2503
95.2657
95.3062
95.3173
95.3386
95.3458
95.3782
95.3739
95.3616
95.3918
95.3952
95.4138
95.4175
95.4505
95.3941
95.3787
95.3825
95.3791
95.362
95.3649
95.2799
95.2646
95.1571
95.0799
94.9445
94.8994
94.8821
94.9645
94.8941
94.8822
94.8491
94.9114
95.0151
94.8702
94.8738
94.9473
95.0642
95.1563
95.192
95.2255
95.2589
95.2581
95.2732
95.3043
95.3284
95.3264
95.3259
95.3136
95.3133
95.3032
95.321
95.3313
95.4749
95.4496
95.3747
95.2265
95.1631
95.1928
95.1711
95.172
95.0914
95.049
95.0038
94.9319
94.8811
94.8435
94.7821
94.758
94.6954
94.7042
94.6855
94.7641
94.6622
94.6243
94.5628
94.5282
94.5126
94.5362
94.4727
94.4005
94.3005
94.2909
94.2374
94.0966
94.095
94.0734
93.9437
93.9372
93.9262
93.6329
93.6347
93.5821
93.472
93.3879
93.3777
93.8534
93.7834
93.7494
93.665
93.6424
93.6239
93.5078
93.5566
93.4915
93.4676
93.4679
93.4357
93.4489
93.421
93.402
93.3867
93.345
93.3196
93.3196
93.2403
93.2432
93.213
93.1666
93.196
93.1638
93.1685
93.1709
93.1804
93.151
93.1633
93.1705
93.1827
93.1617
93.1878
93.162
93.1338
93.1519
93.1405
93.1274
93.1533
93.1349
93.1082
93.1316
93.3122
93.2329
93.184
93.2258
93.2193
93.2902
93.2713
93.3038
93.2692
93.16
93.2135
93.1842
93.2051
93.2217
93.2625
93.2896
93.4164
93.3401
93.411
93.3642
93.4037
93.4162
93.4733
93.618
93.6567
93.8091
93.9795
93.9866
93.9952
93.9569
94.0213
93.9433
94.0331
94.0116
94.0829
94.0266
94.0133
94.0173
94.0657
94.1253
94.1542
94.2313
94.3959
94.3524
94.3081
94.1679
94.0479
93.9861
93.971
93.8876
93.9138
93.9305
93.9026
93.8922
93.8762
93.8836
93.8807
93.8795
93.9033
93.899
93.8798
93.894
94.0619
94.1387
94.1045
94.0391
94.0182
94.0376
94.0861
94.178
94.3114
94.3646
94.3059
94.2926
94.2541
94.323
94.2311
94.3021
94.3667
94.4261
94.5478
94.6004
94.6208
94.6845
94.7759
94.8138
94.7676
94.7309
94.7199
94.7133
94.7037
94.6996
94.7232
94.7031
94.7476
94.7805
94.7743
94.7712
94.7769
94.7782
94.7956
94.8226
94.7205
94.708
94.6378
94.6179
94.582
94.5507
94.4869
94.4897
94.4593
94.4332
94.3838
94.3783
94.3702
94.4003
94.4244
94.4205
94.4255
94.5067
94.5197
94.5458
94.5446
94.5502
94.5335
94.5305
94.5455
94.6574
94.6918
94.7621
94.634
94.3208
94.2118
94.1676
94.2864
94.308
94.3262
94.2411
94.2098
94.179
94.2493
94.2168
94.164
94.1433
94.1128
94.071
94.003
93.9828
93.99
93.9781
94.0508
94.1131
93.979
93.9321
93.9221
93.9781
93.9362
93.964
93.9611
94.0823
94.0307
94.0418
93.8715
93.8145
93.6937
93.7909
93.5624
93.5638
93.4855
93.5178
93.5067
93.5113
93.5156
93.4889
93.5073
93.5111
93.496
93.5004
93.5172
93.5286
93.5372
93.5257
93.5783
93.5451
93.576
93.577
93.6513
93.6209
93.6335
93.6866
93.708
93.7125
93.7014
93.7324
93.7457
93.8637
93.8453
93.8739
93.9297
93.8916
93.8028
93.7965
93.8914
93.7715
93.8237
93.7339
93.6393
93.6114
93.5937
93.5883
93.6027
93.6017
93.7525
93.8486
94.1345
94.2563
94.1845
94.0295
94.0482
94.0614
94.0313
94.0824
94.1143
94.0681
94.0991
94.0971
94.1323
94.1188
94.1457
94.1127
94.158
94.1402
94.1192
94.1649
94.145
94.2026
94.2164
94.2535
94.2695
94.2424
94.2828
94.0599
93.9617
93.9989
93.8311
93.7945
93.718
93.6265
93.5552
93.4799
93.4237
93.4409
93.4297
93.392
93.4049
93.4396
93.4549
93.4805
93.4685
93.4761
93.5195
93.3547
93.328
93.2413
93.2161
93.2145
93.1931
93.229
93.1862
93.2823
93.3174
93.2866
93.2791
93.3345
93.3652
93.4678
93.4018
93.4943
93.3763
93.3419
93.3323
93.3482
93.3778
93.3916
93.4231
93.4712
93.5267
93.5634
93.4913
93.5207
93.4761
93.4888
93.5132
93.5056
93.5447
93.5638
93.5762
93.5817
93.6327
93.6295
93.6877
93.6608
93.7214
93.7278
93.7542
93.704
93.7029
93.6793
93.6949
93.6985
93.7133
93.7267
93.7048
93.7613
93.763
93.7755
93.825
93.8766
93.88
93.895
93.8127
93.7751
93.712
93.7504
93.7849
93.8071
93.7345
93.7086
93.6785
93.6379
93.6552
93.6997
93.6426
93.6149
93.5439
93.4968
93.4835
93.4859
93.4875
93.5719
93.578
93.6107
93.5717
93.5932
93.5482
93.5356
93.5866
93.5402
93.4966
93.421
93.3965
93.4029
93.3762
93.3881
93.4366
93.4563
93.5768
93.5974
93.7181
94.0885
94.1842
94.3385
94.0899
93.9622
93.9678
94.0214
94.0664
94.0481
94.0711
94.0094
94.0025
93.9754
93.9175
93.9273
93.9942
94.0704
94.2452
94.4791
94.6513
94.7784
94.8798
94.9828
95.0238
95.0791
95.1598
95.258
95.4105
95.3949
95.3978
95.4573
95.2962
95.2355
95.0975
94.9091
94.8498
94.8187
94.8472
94.915
94.9493
94.9559
94.972
95.0078
95.0213
95.0232
95.0669
95.0774
95.0996
95.1051
95.108
95.1516
95.1761
95.2067
95.216
95.2897
95.3327
95.2719
95.1659
95.1592
95.1592
95.1789
95.2053
95.2391
95.256
95.2927
95.2724
95.2906
95.3121
95.3244
95.3446
95.3327
95.3635
95.3988
95.3698
95.4003
95.4274
95.4521
95.4673
95.4847
95.5332
95.5715
95.5667
95.5813
95.5977
95.6162
95.6063
95.6061
95.612
95.6053
95.6795
95.6371
95.6586
95.6229
95.6376
95.6973
95.6987
95.6237
95.5807
95.6285
95.6278
95.6533
95.6785
95.7972
95.9129
95.9472
95.9835
95.9036
95.9156
95.9158
95.917
95.9518
95.9915
96.0241
96.0518
96.0289
96.0533
96.0068
95.9527
95.9671
95.9609
95.9749
96.0268
96.031
96.0243
96.0394
96.0575
96.0392
96.0575
96.0569
96.0414
96.0511
96.0538
96.0943
96.1516
96.1928
96.2537
96.296
96.3413
96.4191
96.3887
96.2731
96.2736
96.2245
96.2473
96.2463
96.2657
96.2498
96.318
96.3201
96.2794
96.208
96.1613
96.135
96.1198
96.104
96.1787
96.2105
96.2406
96.2933
96.2986
96.3445
96.3377
96.377
96.4233
96.4223
96.4142
96.4303
96.4404
96.4527
96.443
96.4431
96.3983
96.3908
96.356
96.296
96.2884
96.2568
96.2305
96.2582
96.2515
96.2371
96.2535
96.2549
96.2466
96.2273
96.2242
96.2016
96.185
96.1184
96.0919
96.0845
95.9769
96.0103
96.0199
96.083
96.183
96.2115
96.321
96.3809
96.3892
96.4689
96.5017
96.5928
96.6079
96.2264
96.2434
96.2605
96.3391
96.3719
96.3432
96.4283
96.4239
96.3739
96.3913
96.382
96.4284
96.2087
96.1256
96.0755
96.1905
96.1084
96.0417
95.9967
95.9963
96.0032
96.1051
96.2301
96.2547
95.8969
95.8851
95.8526
96.2846
96.3134
96.3288
96.1228
96.0817
96.0917
96.0115
96.007
95.9874
95.918
95.8788
95.8583
95.8605
95.829
95.8025
95.8501
95.7973
95.8283
95.838
95.7873
95.6774
95.3479
95.2339
95.1887
95.7724
95.8647
95.8458
95.3556
95.3516
95.363
95.3086
95.3398
95.3217
95.3867
95.3921
95.3598
95.7706
95.779
95.7655
95.8602
95.7361
95.6903
95.6309
95.5852
95.6047
95.511
95.4543
95.5094
95.6113
95.6753
95.5775
95.5924
95.3516
95.3152
95.1984
95.2534
95.2917
95.337
95.2669
95.2556
95.2738
95.287
95.3271
95.2757
95.2391
95.2279
95.22
95.1889
95.1667
95.1554
95.152
95.1727
95.1556
95.1444
95.1718
95.1688
95.2031
95.1342
95.1615
95.1815
95.3244
95.4437
95.3984
95.4487
95.5516
95.4204
95.3172
95.3516
95.34
95.3599
95.2981
95.3976
95.3088
95.3094
95.2766
95.2819
95.2837
95.2265
95.2015
95.1848
95.2037
95.1693
95.1243
95.1528
95.0981
95.0963
95.1032
95.09
95.0929
95.1008
95.1262
95.1334
95.16
95.1708
95.1975
95.2204
95.2388
95.255
95.2667
95.2953
95.3246
95.2997
95.2944
95.2784
95.2979
95.2804
95.2939
95.289
95.3099
95.246
95.2186
95.2875
95.2161
95.2004
95.2318
95.227
95.2562
95.2354
95.2646
95.2569
95.2601
95.1868
95.2035
95.2166
95.2642
95.2749
95.2808
95.3001
95.3168
95.3583
95.4816
95.4975
95.5459
95.6154
95.6518
95.6811
95.7089
95.699
95.7075
95.75
95.8262
95.8935
95.8583
95.814
95.8103
95.7965
95.737
95.6998
95.6564
95.6083
95.598
95.5685
95.5856
95.5873
95.6026
95.6183
95.6317
95.664
95.6736
95.7065
95.7549
95.8265
95.8664
95.9699
96.0358
96.0747
96.0962
96.1137
96.1279
96.1717
96.1929
96.2326
96.2317
96.2717
96.268
96.3364
96.4163
96.5085
96.6147
96.7011
96.7633
96.7381
96.7567
96.7631
96.7766
96.7719
96.7461
96.7618
96.7655
96.7606
96.7412
96.8308
96.8531
96.9267
96.9407
97.0045
97.0347
97.0222
97.0235
97.0163
97.0176
96.8942
96.8398
96.8243
96.7493
96.5575
96.4093
96.3139
96.2309
96.1963
96.2564
96.3179
96.4011
96.4237
96.4635
96.4992
96.6177
96.6134
96.6375
96.6708
96.546
96.4109
96.3603
96.277
96.3882
96.2983
96.4132
96.3824
96.3616
96.3095
96.2466
96.166
96.1112
95.9932
95.858
95.8006
95.7353
95.7163
95.7581
95.7631
95.7567
95.943
95.8656
95.8899
95.8203
95.7345
95.5939
95.3635
95.1608
95.013
94.8336
94.6965
94.4854
94.2998
94.1724
94.0202
93.9865
93.9344
93.885
93.8544
93.8408
93.8176
93.8585
93.8704
93.845
93.8294
93.84
93.8904
93.9022
93.902
93.8872
93.945
93.9008
93.8953
93.8589
93.8859
93.8725
93.7934
93.7897
93.809
93.8283
93.8292
93.7996
93.7963
93.7875
93.7563
93.7267
93.7255
93.7048
93.6942
93.6894
93.7054
93.6787
93.6065
93.6207
93.5279
93.4664
93.4477
93.4125
93.4742
93.4894
93.5633
93.6617
93.7045
93.8977
94.0406
94.049
94.1731
94.3148
94.3026
94.3356
94.1958
94.3233
94.1624
94.1111
94.1573
94.2141
94.307
94.3161
94.4264
94.4481
94.5517
94.5988
94.7769
94.8433
94.8628
94.7366
94.8572
94.8733
94.8717
94.8517
94.7413
94.7367
94.7577
94.6686
94.695
94.7822
94.715
94.6303
94.6263
94.4902
94.4484
94.4553
94.5144
94.5318
94.5748
94.5548
94.4272
94.3562
94.3965
94.4396
94.4663
94.4693
94.4757
94.4758
94.4925
94.4465
94.4742
94.4416
94.4538
94.4954
94.5109
94.521
94.594
94.6072
94.5719
94.5904
94.6363
94.5907
94.5813
94.5574
94.6049
94.5691
94.563
94.51
94.5488
94.5989
94.6943
94.7823
94.9204
94.9467
95.0189
95.2843
95.2974
95.3784
95.4952
95.1939
95.1865
94.9468
94.9797
95.0096
95.1949
95.2822
95.0669
95.0015
94.8175
94.9374
95.2732
95.1416
94.6178
94.4177
94.0402
93.8709
93.8327
93.7968
93.7892
93.7576
93.6639
93.6586
93.6536
93.688
93.6281
93.6287
93.6918
93.6985
93.5369
93.4084
93.3219
93.3342
93.3014
93.2643
93.2816
93.2302
93.2376
93.2043
93.1896
93.1403
93.1101
93.0868
93.0539
93.0284
92.9769
92.9339
92.9306
92.9438
92.8989
92.86
92.8454
92.8323
92.8602
92.8497
92.8088
92.8009
92.8233
92.8163
92.9265
92.9118
92.9394
92.9502
93.0067
92.9909
92.9315
92.9698
92.9391
92.9151
92.8995
92.9079
92.892
92.8866
92.8314
92.7822
92.9239
92.8455
92.893
92.7617
92.7892
92.8264
92.9834
93.1443
93.3938
93.7557
93.993
94.0837
94.2269
94.3995
94.5145
94.5041
94.5226
94.6418
94.6189
94.6325
94.7813
94.8034
94.8308
94.8653
94.8624
94.8893
94.816
94.8471
94.9205
95.0105
95.0381
95.0593
95.1418
95.0716
95.1444
95.1021
95.2299
95.1535
95.0504
95.041
94.9603
95.0846
95.1307
95.1626
95.1414
95.051
95.1285
95.1736
95.188
95.1361
95.1527
95.1524
95.1167
95.0992
95.1037
95.0874
95.1719
95.1691
95.2156
95.1971
95.2739
95.2982
95.2768
95.2675
95.2227
95.2154
95.215
95.2331
95.2467
95.2231
95.1397
95.0817
95.0686
95.0742
95.0973
95.1027
95.1845
95.0853
95.0949
95.0897
95.0731
95.0406
95.0377
95.0594
95.0843
95.0677
95.1272
95.0064
95.0074
95.0475
95.0342
95.0014
95.024
95.0359
95.0039
95.0371
95.0383
95.0684
95.0601
95.0936
95.1072
95.1226
95.081
95.0795
95.0777
95.082
95.1609
95.2308
95.3974
95.5868
95.7148
95.6463
95.8159
95.836
95.802
95.7871
95.7977
95.6564
95.6925
95.6322
95.5628
95.4356
95.3189
95.2168
95.0999
95.141
95.1083
95.0805
95.0349
95.003
94.8845
94.8611
94.7902
94.7657
94.7768
94.7405
94.7383
94.6633
94.6527
94.643
94.6528
94.6386
94.7033
94.7579
94.8168
94.9495
94.9085
94.9088
94.9661
94.7878
94.8773
94.755
94.6827
94.6851
94.6538
94.5224
94.2565
94.1156
93.9499
93.8078
93.868
93.7173
93.7505
93.601
93.6319
93.5796
93.5672
93.5642
93.6008
93.5771
93.6314
93.5869
93.7172
93.6518
93.672
93.655
93.6705
93.6714
93.6592
93.683
93.6654
93.7455
93.6773
93.6994
93.7122
93.7877
93.7837
93.8165
93.8455
93.8451
93.8775
93.9063
93.9396
93.9771
94.1167
94.1695
94.1555
94.1772
94.1637
94.2135
94.197
94.2833
94.3254
94.4797
94.5384
94.3706
94.2701
94.309
94.2141
94.3319
94.4625
94.3344
94.4033
94.4021
94.3971
94.4017
94.4727
94.5281
94.6303
94.7193
94.8266
94.8528
94.8106
94.8425
94.8639
94.8476
94.8312
94.8122
94.8604
94.9399
94.913
95.0229
94.9062
94.9766
94.9415
94.9051
94.9047
94.8846
94.8938
94.9114
94.9567
94.9273
94.9559
95.0192
95.0503
95.1143
95.1309
95.1446
95.1711
95.268
95.2437
95.2858
95.3515
95.4083
95.507
95.6221
95.6527
95.6656
95.657
95.6985
95.742
95.7821
95.8271
95.8842
95.9357
95.9642
95.986
96.0161
96.0983
96.1562
96.2415
96.3477
96.3587
96.359
96.2366
96.0414
95.9493
95.8819
95.8174
95.7865
95.78
95.7986
95.8558
95.8732
95.9321
95.9022
95.8629
95.8388
95.7815
95.7384
95.6958
95.6672
95.6606
95.6745
95.6569
95.6869
95.6813
95.6761
95.6242
95.5817
95.5999
95.5796
95.5731
95.5282
95.4859
95.4161
95.357
95.3464
95.2301
95.1546
95.083
94.9582
94.8645
94.8438
94.8156
94.8325
94.8904
94.8943
94.8707
94.8378
94.8557
94.8448
94.8163
94.7807
94.7594
94.6812
94.6497
94.5998
94.5745
94.5678
94.5807
94.5721
94.5215
94.5217
94.5474
94.4083
94.343
94.3058
94.265
94.1106
94.1216
94.5137
94.2946
94.0107
93.6391
93.454
93.4715
93.5128
93.5919
93.4888
93.4114
93.3324
93.3347
93.344
93.3525
93.397
93.4089
93.4352
93.4917
93.4992
93.4776
93.4614
93.4841
93.5265
93.5129
93.5014
93.467
93.4552
93.4166
93.4622
93.4046
93.4808
93.5241
93.5289
93.4777
93.5401
93.5163
93.5298
93.5302
93.6219
93.6926
93.8042
93.8547
94.0003
94.025
94.1489
94.102
94.1426
94.1921
94.1678
94.2516
94.2757
94.2724
94.2355
94.1844
94.1885
94.151
94.1652
94.1507
94.1646
94.1347
94.1086
94.0508
94.0067
93.9581
93.9329
93.9053
93.8682
93.8417
93.9291
93.8943
93.8934
93.9805
93.8426
93.7791
93.645
93.614
93.5668
93.5336
93.4694
93.4312
93.4559
93.4814
93.4534
93.4497
93.4103
93.4122
93.376
93.3864
93.5574
93.6342
93.7168
93.7654
93.8427
93.8392
93.8628
93.9103
93.9265
93.9632
94.057
94.12
94.1385
94.1982
94.2257
94.2526
94.343
94.3915
94.4379
94.436
94.4855
94.498
94.5141
94.4999
94.5055
94.5661
94.6365
94.7178
94.6971
94.7212
94.7319
94.7408
94.7985
94.7792
94.8144
94.8361
94.8988
94.8758
94.8549
94.8324
94.7902
94.8587
94.897
94.9885
94.9605
94.981
95.0532
94.9955
95.0434
95.0431
95.0746
95.091
95.1006
95.1013
95.0911
95.084
95.0766
95.0835
95.0711
95.1015
95.0844
95.1808
95.1933
95.1521
95.1719
95.1137
95.1023
95.0468
94.9611
94.8831
94.7934
94.7761
94.7626
94.7338
94.7869
94.7348
94.7794
94.7727
94.7969
94.7296
94.741
94.7366
94.7182
94.688
94.7425
94.7211
94.7694
94.8485
94.889
94.8691
94.8302
94.7528
94.6178
94.5478
94.5144
94.5284
94.6114
94.5665
94.5752
94.5471
94.5431
94.5147
94.5013
94.4848
94.515
94.3726
94.3123
94.2847
94.2619
94.2606
94.2518
94.2597
94.2378
94.219
94.1489
94.159
94.1584
94.1491
94.1356
94.0993
94.096
94.0723
94.0951
94.1056
94.2237
94.2797
94.3275
94.4892
94.5252
94.6018
94.7291
94.8648
94.8715
94.9097
94.946
95.0238
94.9133
94.8556
94.7137
94.7026
94.6211
94.5674
94.5652
94.5604
94.4867
94.4529
94.4713
94.4241
94.3672
94.3294
94.3584
94.3307
94.3542
94.3204
94.3242
94.3118
94.3132
94.3515
94.3447
94.3499
94.3567
94.4157
94.3936
94.3986
94.3924
94.4442
94.4674
94.4974
94.5915
94.5316
94.4987
94.3713
94.399
94.3649
94.3423
94.314
94.2916
94.2746
94.2481
94.2342
94.2653
94.2596
94.2266
94.241
94.2104
94.1795
94.1121
94.0373
94.0114
93.9964
94.0071
93.9957
94.0022
93.9981
94.0062
93.9814
93.9962
93.9599
93.9636
93.9628
93.9939
93.9852
93.9692
93.9053
93.9132
93.9068
93.9146
93.896
93.8768
93.8247
93.7754
93.7973
93.7811
93.7833
93.7495
93.2081
93.2019
93.1367
93.1761
93.1409
93.1321
93.2272
93.1981
93.1983
93.212
93.1826
93.1463
93.1315
93.1392
93.0517
93.0554
93.0226
92.9935
92.9809
92.9516
92.9113
92.8413
92.7943
92.8235
92.942
92.8777
92.8409
92.8284
92.7911
92.7943
92.7695
92.7218
92.7193
92.67
92.6907
92.7198
92.7931
92.8544
92.8282
93.0743
93.1432
93.2734
93.2053
93.3191
93.4195
93.516
93.5934
93.7467
93.7824
93.779
93.6903
93.8184
93.6618
93.7146
93.7205
93.6682
93.9209
93.8855
93.9666
94.2513
94.3842
94.5113
94.6762
94.7957
95.0121
95.1108
95.1499
95.2519
95.3271
95.3084
95.2768
95.197
95.1693
95.1531
95.1372
95.1043
95.1048
95.1749
95.2822
95.4158
95.4727
95.5032
95.5617
95.5232
95.5711
95.6551
95.7772
95.7906
95.847
95.8509
95.8722
95.909
95.9521
96.1388
96.2027
96.1669
96.1556
96.138
96.1009
96.0767
96.0134
96.0079
95.9684
95.9759
96.008
96.0442
96.1793
96.2785
96.29
96.2979
96.3178
96.3126
96.2945
96.2789
96.2695
96.3048
96.2936
96.3903
96.5177
96.599
96.6431
96.6742
96.6794
96.7445
96.7284
96.7719
96.7329
96.7252
96.7269
96.7956
96.8348
96.9445
97.1819
97.3188
97.3924
97.4231
97.3788
97.3859
97.4109
97.3539
97.2833
97.2786
97.4983
97.5437
97.5842
97.5855
97.5919
97.6102
97.7018
97.6542
97.5582
97.4688
97.3484
97.3114
97.3303
97.3446
97.4049
97.4473
97.4719
97.5171
97.5419
97.6071
97.6576
97.6443
97.7583
97.8283
97.852
97.8716
98.0389
97.9884
97.9553
97.8947
98.7208
97.8842
98.5812
97.8684
97.5326
97.5421
97.5247
97.5172
97.5115
97.52
97.5131
97.5197
97.514
97.5202
97.5142
97.5228
97.5138
97.5093
97.5198
97.5144
97.5117