37.9649
38.0505
38.028
38.1847
38.1591
38.2641
38.2716
38.4335
38.2907
38.2018
38.3651
38.3578
38.7252
38.5189
38.6147
38.6817
38.624
38.4729
38.7021
38.5601
38.4154
38.5639
38.403
38.4164
38.5709
38.4308
38.5606
38.3402
37.8139
37.8373
37.9106
37.9639
37.7982
37.9001
37.8502
37.8419
37.7012
37.7649
37.855
38.0125
37.889
37.85
37.8338
37.8416
37.7132
37.7122
37.8221
37.8911
37.8373
37.8386
38.0463
37.9951
37.7468
37.6751
37.6355
37.7935
37.6854
37.7553
37.8877
37.7295
37.6444
37.5055
37.4646
37.5203
37.4806
37.5782
37.7383
37.6774
37.6392
38.9926
38.9043
38.7655
38.8257
38.8218
38.6879
38.8423
38.8911
39.9642
39.9495
39.9926
39.9505
39.9886
39.9331
40.005
39.9174
38.9061
38.8379
38.8533
38.8718
38.8738
38.9278
38.9472
38.8839
38.8274
38.863
38.9071
38.8573
38.8025
38.9702
38.8129
38.9581
38.8821
39.1451
39.2541
39.2958
39.2675
39.3613
39.3062
39.1921
39.2566
39.7287
39.7927
39.8221
39.7888
39.9011
40.127
39.9434
40.169
41.0998
41.2142
41.4947
41.3465
41.4688
41.7292
41.8704
42.0084
39.1259
39.2643
39.429
39.6099
39.6804
39.9786
39.9001
39.894
36.5093
36.3549
36.2198
36.1844
36.083
35.8851
35.9252
36.1756
41.5663
41.72
41.8449
41.8574
42.0367
41.9114
41.989
42.018
42.1064
38.2823
38.0068
38.0623
37.8375
37.7353
37.477
37.487
37.2022
33.3244
33.3484
33.2957
33.4581
33.4867
33.5852
33.6174
33.1289
42.0194
41.5628
41.6282
41.9028
41.9133
41.9562
42.1487
42.1485
65.0752
65.2051
64.9714
64.532
64.3138
64.4599
64.6562
64.331
43.4885
43.3048
43.0946
43.0652
42.7932
42.8026
42.6298
42.4994
42.486
33.3502
33.2382
33.1987
33.0302
32.9574
32.9511
32.9679
33.0102
36.8987
36.939
37.1164
37.1648
37.2654
37.3583
37.479
37.5522
46.2946
46.5348
46.6337
46.8053
46.9271
46.9803
46.9862
47.0461
42.0089
42.0754
42.223
42.3987
42.4529
42.9603
42.9714
43.2437
34.4688
34.2843
34.5021
34.5547
34.9119
34.9172
35.0979
35.1678
39.3129
39.2548
39.1718
38.8473
38.7762
38.3904
38.329
38.347
38.5745
70.656
71.1125
71.5802
72.2236
72.6365
72.8496
73.1592
73.3397
57.715
57.8805
58.017
58.0617
58.148
58.1171
57.8506
57.462
40.2589
40.0478
39.7726
39.4559
39.0509
38.4842
37.8804
37.0436
48.1598
47.5167
46.8057
46.2705
45.8261
45.5298
44.9069
44.628
68.6498
68.7146
68.6374
69.3127
69.7447
70.0922
70.4948
71.3445
48.3621
48.6663
49.3253
49.9671
50.5778
51.2289
51.8787
52.1593
52.3939
33.6184
33.4447
33.1267
32.8212
32.8877
32.7319
32.3563
31.8124
42.8702
42.754
42.9304
43.1107
42.7983
42.7922
42.5049
42.3595
45.8038
45.2814
44.816
44.5713
45.3197
46.3119
47.9049
47.9348
41.826
40.9367
40.2712
39.5904
39.2382
38.7058
38.2317
37.9353
36.0957
35.674
35.4484
35.378
35.5447
35.9229
36.0707
36.3255
35.4415
40.185
40.2473
40.351
40.2781
40.2427
39.8403
39.4567
39.2509
30.7151
30.4724
30.6431
31.0841
31.6449
32.0056
32.3661
32.7419
30.7272
28.3406
26.1855
25.9902
25.4676
24.9963
25.0807
25.5897
59.1263
61.627
61.474
61.498
61.4078
61.4218
60.965
60.4956
35.271
35.2448
35.4813
36.1576
37.0839
37.3712
37.5829
37.8495
31.6237
31.0405
28.9739
27.9219
27.8189
28.3097
29.8325
31.2501
30.9728
68.5064
69.0598
69.0887
69.1492
69.0843
68.8497
68.7989
68.7721
38.3821
38.645
38.9572
39.1023
39.2574
39.1711
39.2095
39.3764
35.7716
35.763
35.858
35.8276
35.7595
35.6011
35.514
35.294
39.3731
39.128
38.9287
38.8416
38.9567
38.7702
38.9689
38.9052
43.837
43.9206
43.685
43.4692
43.2413
43.0282
42.8123
42.6453
40.0072
40.0496
40.3174
40.3559
40.7497
41.1242
41.2153
41.1795
40.9026
38.2048
37.7104
37.4139
37.121
36.805
36.3577
36.0699
36.3036
55.8084
55.6605
55.1897
55.237
55.5583
55.9428
56.5064
57.3672
31.5796
31.878
32.2374
32.7383
33.2421
33.3332
33.2625
33.2039
30.9111
29.2092
27.9662
26.8984
26.6899
26.7518
27.2382
28.0508
70.1843
70.4324
71.1242
71.8346
72.5473
72.3806
72.2243
72.1575
143.337
39.2023
38.9517
38.9564
38.8085
38.5294
38.4598
38.2471
38.0172
35.5698
34.865
34.1343
33.733
33.4522
33.4762
33.6747
33.6208
55.6581
55.2335
54.7641
54.4529
54.2763
54.0245
53.9882
53.6206
44.249
43.9213
43.6491
43.4464
43.2086
43.0681
42.9808
42.8784
44.9116
44.9907
44.5972
44.3874
44.0231
43.8727
43.4315
43.4836
46.1358
46.0973
46.2338
46.147
46.14
45.9247
45.6774
45.4115
45.3981
46.7936
46.6149
46.6363
46.5517
46.4139
46.1178
45.6959
45.0772
55.7865
54.9265
54.1952
53.4714
52.1044
50.9082
49.1546
47.7073
60.6682
58.9261
57.0345
54.314
50.6346
46.4405
42.6849
38.8566
38.2498
34.6875
33.2767
33.181
34.2373
35.3099
35.8923
37.0812
39.7443
41.1977
42.3569
43.4649
44.3463
45.1637
45.9412
46.0302
43.0761
42.6664
42.7388
43.2749
43.6474
44.0574
44.3247
44.3664
44.1839
59.7945
59.5092
58.6971
57.5798
56.3076
54.8539
53.1313
51.5203
62.1001
61.1044
60.1356
59.5394
58.7936
58.1685
58.024
57.8286
63.2222
63.3467
63.8641
63.8443
64.4724
64.9834
65.56
66.4575
59.6966
60.6121
61.4539
62.6707
63.5603
64.7522
66.1047
67.3751
54.7592
55.5499
56.6874
57.6488
59.1415
60.1045
61.3588
62.3746
63.2565
50.0531
50.4646
50.8994
51.0197
50.6134
50.1382
49.2068
48.3533
43.5057
42.781
41.76
40.5616
39.4503
38.3623
36.8496
35.2288
49.7663
47.1837
44.5406
42.311
40.4164
38.3266
36.8123
35.4813
61.6456
59.8754
58.616
57.8661
56.8254
56.3581
55.2935
54.7665
66.9943
65.9691
65.4718
65.3014
64.9253
64.9933
65.0857
65.0316
70.0884
70.2332
70.619
71.0977
71.4356
71.5083
72.1588
72.2198
72.1031
66.8012
67.1164
67.2166
67.1549
67.1601
67.0788
66.7644
67.1658
49.6382
50.4193
50.8895
51.4906
52.3391
53.1533
53.6761
54.4098
35.0618
35.6622
36.1966
36.6221
37.1014
37.5635
38.1053
38.7979
31.196
32.4086
32.9549
33.4414
33.7331
34.076
34.3561
34.4345
30.2807
30.5312
30.5823
30.9825
31.8999
32.7935
33.627
34.2259
31.8151
32.1191
32.4865
33.3578
33.1476
32.7763
32.2309
31.3816
30.2024
35.0108
34.1352
33.698
33.7062
33.8708
34.1763
34.5485
34.6613
53.1383
53.122
52.9639
53.0695
53.4892
53.8661
54.1498
54.3209
55.5476
55.7575
55.9174
56.1918
56.2794
56.3581
56.2442
55.8497
61.4678
61.7919
61.9739
62.1392
62.1939
62.4148
62.4225
62.9336
57.5374
58.4434
59.2579
60.3409
61.4962
62.8749
64.731
67.0365
69.5247
54.8129
56.7208
58.6085
59.5828
60.1554
60.2742
60.1442
59.1242
48.1935
47.0951
46.0285
45.1797
44.5754
43.9539
43.2055
42.7109
37.3418
36.9477
36.6027
36.0665
35.645
35.1373
34.6042
34.344
34.5498
34.6188
34.6682
34.8246
34.9607
34.9382
34.7176
34.62
34.0652
34.4266
34.9484
35.5634
35.9647
36.4255
37.0485
37.4302
36.7798
37.1841
37.7013
38.0433
38.2676
38.8753
39.8396
40.4503
40.8046
49.8538
49.9274
49.5202
49.1975
48.7266
48.3245
47.9748
47.337
53.6226
52.7364
52.042
51.7596
51.3759
51.0158
50.4563
49.7355
47.1316
46.606
46.291
45.6612
45.5535
45.156
44.8407
44.2498
43.7523
43.3745
43.2415
43.1249
43.0218
42.9257
42.7719
42.5289
45.1764
44.7651
44.4611
44.3549
44.0652
43.9894
43.7369
43.5649
43.4107
49.6549
49.3139
49.0286
48.7945
48.7008
48.5271
48.3732
48.1389
56.6002
56.9941
56.7649
55.7374
54.4522
53.6462
52.1553
49.987
63.176
61.023
59.2426
57.5827
56.2472
55.0155
54.2418
53.2539
55.2825
54.6916
54.5137
52.3829
49.7745
46.5283
43.4026
40.4218
58.7354
58.7004
59.0135
58.9736
59.003
59.3499
59.516
59.4845
73.7091
74.1634
74.2259
74.512
74.1938
73.8333
73.522
73.0166
72.5358
71.1118
70.7496
70.6669
70.5434
70.3545
70.3953
70.4914
70.3465
70.6582
70.0763
69.0822
67.9187
66.6473
65.4358
64.8549
66.1459
62.8941
65.6134
67.9686
69.9481
71.7513
72.7665
73.6039
74.2506
65.7896
66.4792
66.9812
67.4477
67.9626
68.4963
68.8056
68.8384
63.636
63.5948
63.6535
63.7758
63.6954
63.0533
62.7653
62.1225
61.8061
61.7971
61.7099
61.6441
61.7538
61.8882
61.7697
62.3263
62.7867
71.6325
73.5988
75.5521
76.9727
78.4336
79.9036
81.1578
82.1479
70.2182
71.7296
73.6417
75.4714
77.0519
78.5534
80.5143
82.7213
58.0267
59.7166
61.4338
63.18
64.9843
66.3959
67.6175
68.7854
43.3663
44.1242
44.6982
45.3306
45.9016
46.467
46.9772
47.4413
36.4423
36.8904
37.2482
37.6908
37.9314
37.915
37.8736
37.7784
37.8708
34.2367
34.5629
34.7579
35.0065
35.0045
35.1146
35.0475
35.049
36.1668
36.3774
36.2906
36.318
36.1708
36.1224
36.0357
36.2077
43.9797
43.3434
42.5278
41.5652
40.6733
40.0744
39.5973
39.1832
67.7167
67.7473
68.1143
68.6794
69.4784
70.7666
71.8254
73.1704
74.4664
76.3276
78.0825
79.184
80.3993
81.6479
82.6965
83.5545
58.3165
58.6224
58.8527
58.9171
59.0653
59.1253
59.0629
58.8192
58.3566
47.1545
46.5705
45.8481
44.5568
43.0662
41.5872
40.363
39.0157
40.0378
38.5969
37.4144
36.424
35.3129
34.3371
33.7334
33.4766
54.599
54.4648
54.4398
54.3296
54.3037
54.3084
54.2834
54.2746
74.435
74.4456
74.3987
74.1191
73.8703
73.8512
73.9885
74.4671
70.3148
71.1435
71.8602
72.8379
73.5353
74.4
74.9044
75.8067
76.3512
72.5021
72.2929
71.7687
71.0662
69.6836
68.3165
66.663
64.2536
58.8644
56.9386
55.0406
52.6223
50.0145
47.6923
45.6592
43.661
68.6715
67.1496
66.2421
64.7587
63.3646
62.1276
61.0245
59.6401
72.3918
71.1196
69.6662
68.2214
66.472
64.9888
63.57
62.0176
61.3355
60.1553
59.2139
58.9918
58.3654
58.3234
57.9106
57.9562
58.2467
59.2826
60.4616
61.6319
63.1154
65.0196
66.8441
69.4126
71.6604
73.8993
76.0396
78.4661
80.5781
82.2237
83.5496
84.473
85.1525
84.9167
85.5894
86.0361
86.4576
87.4375
88.2169
89.3077
90.4787
77.8981
78.8107
79.0707
79.6478
79.8643
79.6005
78.5526
77.3639
71.6233
70.4343
69.4138
68.7658
68.9545
69.2295
69.3499
69.4775
69.9099
69.6218
69.6659
69.4658
69.5487
69.893
69.9138
69.4009
68.8865
72.4381
71.4522
70.4092
69.8292
69.8051
70.0203
70.2695
70.0198
75.7633
76.0554
76.4925
76.9299
77.5499
78.0445
78.5333
79.0846
78.819
79.2722
79.2246
79.1753
78.9497
78.5951
78.7698
79.0943
78.0141
78.496
79.3236
80.21
81.1583
82.3092
84.1605
86.4213
81.4955
83.7835
85.8453
87.626
88.8658
90.2993
92.2655
94.4061
76.5578
78.8159
81.0293
83.2879
85.9174
88.1368
90.0417
91.1487
91.6194
67.9397
67.3496
65.6454
63.539
61.1066
57.2367
53.9982
51.6686
49.6198
47.1767
44.5148
42.112
39.55
37.2176
35.3519
34.0979
61.477
59.9253
58.994
57.8784
57.0296
56.9366
56.7154
56.4445
69.1211
69.2066
69.3301
69.2489
69.6336
69.9695
70.4339
70.8027
70.9856
71.7125
72.2653
72.693
73.4688
74.4194
75.4716
77.0243
78.8973
80.7375
82.1608
83.4419
84.4192
85.6433
86.7443
87.742
88.4677
79.9727
79.682
78.4649
76.9435
75.6237
74.627
73.9783
73.0679
68.6547
67.874
66.8871
66.0818
66.1943
65.8945
65.2386
64.0086
65.0038
65.211
64.2058
61.7731
59.3186
57.2721
55.0144
52.2477
58.9281
55.9937
53.9571
52.7709
52.1035
51.5105
51.5445
51.521
52.6722
53.529
54.9777
57.0698
60.4534
63.1932
65.9952
68.4098
70.4682
71.8366
72.7584
73.0348
73.1535
72.6544
72.1056
70.9715
70.7776
70.9803
71.545
72.409
71.9128
71.7329
71.3226
70.7982
70.5385
59.9214
59.1112
57.6304
55.9224
55.5827
56.1229
56.3027
57.2136
55.3435
56.1849
56.9979
58.297
59.0524
60.4283
61.6689
63.1106
56.8222
58.3854
59.6812
61.3123
63.0109
64.6307
66.1258
67.7057
54.1675
55.8906
57.6733
59.6247
61.6859
63.8275
66.1897
68.0977
69.8861
52.7795
54.2069
55.6194
57.5154
58.7141
60.3417
61.8334
63.4103
47.0419
48.1078
48.952
49.62
50.4399
50.6697
50.8602
50.6996
42.806
42.4525
42.0014
41.3315
40.7005
40.0923
39.0605
37.8664
44.6882
42.9386
41.0317
39.0679
37.0072
34.7903
32.3138
30.1126
43.9666
40.7942
38.7809
37.8178
37.3898
37.2745
37.489
38.0539
49.1454
50.789
52.5317
54.143
55.4434
56.771
57.9776
59.7376
61.3337
55.3679
56.3195
57.2103
57.8223
58.3056
58.7528
58.7906
58.7929
45.8448
46.193
46.0415
46.359
46.7289
47.0649
47.5951
48.1927
39.9045
41.3385
42.7255
43.9892
45.3091
46.5725
47.673
48.4768
40.2138
40.6139
40.9075
41.2276
41.374
41.4311
41.5934
41.5723
38.6471
38.5512
38.5739
38.6225
38.8976
39.1277
39.2399
39.4748
43.9841
44.0915
43.9641
43.8283
43.746
43.6831
43.6249
43.8331
43.8608
49.3028
49.5
49.7342
49.6328
49.5033
49.4975
49.3103
49.4603
52.233
52.0862
51.7567
51.56
51.4764
51.605
51.6088
51.5609
53.2308
53.1339
53.1177
53.2903
53.2872
53.2236
53.2328
53.1248
54.4063
54.3181
54.3521
54.2102
54.1395
53.8912
53.7566
53.9552
55.1922
55.2035
55.4376
55.4706
56.0006
56.1667
56.3025
56.5465
56.6121
57.2322
57.5733
57.7124
57.7846
57.9863
57.8741
57.9371
57.8441
56.198
55.902
55.6955
55.1777
54.8805
54.4291
53.6528
53.0385
48.6595
47.6572
46.4784
45.5127
44.4902
43.8245
43.6173
43.9524
38.5744
39.8648
41.1098
42.294
42.9451
43.7277
44.5912
45.2264
38.6949
38.8239
39.0051
38.9469
39.1432
39.5628
40.1161
40.5623
34.8296
35.653
36.3389
35.9566
34.7933
34.2812
34.3107
34.5159
35.0929
44.7039
45.9249
46.8327
47.2314
47.6094
47.7271
48.066
48.4462
54.8923
55.9539
57.0762
58.1457
59.2067
60.2976
61.3127
62.2128
53.8928
54.3752
54.6338
55.2853
56.2276
57.0379
57.5592
57.9717
49.0428
48.9639
48.7707
48.6084
48.3519
48.1135
47.9055
47.5439
48.2645
48.1305
48.2169
48.4795
49.119
49.0369
49.3182
49.4982
49.7838
48.1381
48.4329
48.6219
48.9286
49.7642
50.0605
50.677
51.4092
47.1184
47.9067
48.7501
49.4179
50.318
51.1567
51.9126
52.4763
45.6786
46.0191
46.2229
46.4865
46.5901
46.7724
47.0442
47.1056
48.0044
47.677
47.0162
45.8886
45.3068
45.0487
45.2414
45.5433
50.1043
50.1028
50.1112
50.0219
49.7345
49.4412
49.0158
48.0108
44.313
43.4084
42.3318
41.2074
40.3213
39.3024
38.4258
37.5104
36.6831
45.2744
45.301
45.2581
45.0478
44.9136
44.469
43.6931
43.1062
41.3313
41.0333
40.9067
40.8155
40.8413
40.783
40.8028
40.8932
33.2867
33.6487
34.0493
34.2334
34.5528
34.7305
35.259
35.5787
39.5095
39.9874
40.2558
40.4509
40.693
40.9211
41.0743
41.0046
62.0442
61.3466
60.8958
59.9514
59.1344
57.9247
56.3056
54.6905
60.9036
59.4628
58.6578
58.2681
58.4383
59.2291
60.6277
62.5362
64.4464
74.4347
75.3213
76.1398
76.9495
77.9505
79.0271
80.0277
81.0523
67.9788
68.2816
68.5573
68.8464
69.2216
69.2608
69.1443
68.7564
53.0773
52.5031
51.7571
50.7136
49.7397
48.7483
47.9968
47.2156
50.0857
49.4209
48.953
48.2266
47.634
46.8356
46.2156
45.9293
61.0268
61.6572
62.9099
64.5091
66.6244
68.6191
70.4667
72.2934
74.4741
73.6818
74.7207
75.3299
76.2694
76.8071
77.3481
77.558
77.8644
46.5334
46.4998
46.5771
46.6139
46.7309
47.0075
47.3359
47.7076
40.0241
40.3598
40.7034
41.3828
41.9222
42.3675
42.6149
42.6217
44.2588
43.409
42.0737
40.5427
39.0246
37.8587
36.3386
34.9183
39.3917
37.7289
36.294
35.0767
34.0921
33.2332
32.0203
31.2235
37.9156
37.4261
36.7586
36.1341
35.3754
34.5356
34.0837
33.4426
32.9234
44.5464
44.4446
44.4093
44.3423
44.2125
43.9434
43.9317
43.6376
59.3698
58.0247
56.0475
53.6156
51.2229
49.3013
47.9721
46.9981
39.6432
39.3889
39.28
39.6551
39.9589
40.5881
41.1762
41.3998
35.1748
35.5346
35.7658
36.1378
36.5394
36.833
37.088
37.8032
34.2689
34.7015
35.282
35.6874
35.7739
35.4876
35.1767
34.7853
34.7043
44.078
44.1747
43.669
42.813
41.7772
40.7691
39.675
38.2432
63.0434
61.7403
60.6097
59.279
57.9458
56.3933
54.6975
53.1108
66.9351
64.542
62.3438
60.6548
59.0106
57.5339
55.7412
54.3158
58.8339
57.4538
55.9511
55.4648
54.4059
53.6864
53.2664
52.7347
50.3182
50.4182
50.9847
51.2711
51.353
52.4019
53.4751
54.6612
45.1794
46.017
46.7938
47.3773
48.3771
49.4159
49.9679
50.8635
51.4833
38.0885
39.056
39.742
40.4238
41.6719
42.1103
42.6429
43.1146
33.6453
34.0215
34.224
34.6076
34.7686
34.774
35.0714
35.4833
34.0253
33.6208
33.2276
32.6533
31.9669
31.425
30.5787
30.2757
48.1578
48.2617
48.0175
47.8051
47.502
47.52
46.8659
46.9365
59.4424
59.9745
60.4876
61.3172
62.1797
63.3413
64.2221
65.2211
51.3268
52.438
53.7916
55.2067
56.6869
58.2452
59.4078
60.385
61.2175
40.8735
41.4287
41.8076
42.0837
42.4659
42.9859
43.7047
44.2324
32.5257
32.7601
32.9581
32.8864
32.8092
32.8549
32.9632
33.101
31.4558
31.8157
31.8044
31.2098
30.8721
30.9657
31.2417
31.6572
36.4653
37.0661
37.7629
38.4984
39.0778
39.4317
39.6881
39.9908
36.3598
36.5246
36.6532
36.7696
36.8011
36.669
36.3917
36.0294
35.7332
32.8356
32.5268
32.3685
32.1963
32.8465
33.7101
34.5632
35.373
51.8762
52.4254
52.8971
53.3775
53.3662
53.0219
52.1927
51.2312
51.1513
49.9095
48.8039
47.9577
46.9284
45.3588
43.7577
42.3857
42.0627
40.4205
38.8726
37.5477
36.695
36.5902
36.9902
37.2668
42.6692
43.7789
44.727
45.8109
46.8437
47.6953
48.134
48.3378
31.8136
31.2988
30.957
30.5043
30.1989
29.9143
29.4948
29.0456
28.6642
29.0407
28.6552
28.2491
27.7801
27.6393
28.016
28.4907
28.6805
50.7204
51.0376
52.3409
53.7831
55.3504
56.9497
58.3511
59.7446
60.1449
61.0389
60.4005
59.4254
58.4119
57.2457
55.9833
55.074
59.019
58.2309
57.6304
58.3304
59.2716
60.4898
61.4688
62.5947
63.0879
63.6855
63.8669
63.7028
63.3383
63.3819
63.9872
65.0132
66.2476
47.7831
48.6162
49.3144
49.8463
50.4582
51.3782
52.1203
52.8253
41.9065
42.0257
41.9114
41.8801
41.5994
41.2203
41.0333
41.0504
51.1791
51.4751
51.6974
51.8427
51.9575
52.019
52.0054
52.1109
54.1311
54.3172
54.1486
53.7622
53.4857
53.3759
53.4884
53.8302
54.4666
54.8154
55.3398
56.5238
57.1164
56.2494
54.5503
52.3828
72.4533
69.6727
66.2269
64.1604
62.7778
62.9455
63.8531
63.9798
61.7447
67.6664
64.6582
63.6639
64.0391
65.0323
66.2201
67.3603
68.3284
41.0301
41.4491
41.6264
41.3856
41.3145
41.1759
40.9516
40.9472
48.1709
48.0587
48.6916
49.7203
50.8688
52.077
53.1372
54.3513
47.6356
48.3685
48.868
49.1345
49.1786
48.9306
48.3043
47.6591
49.1229
47.8934
46.1917
45.0689
43.7588
42.5339
41.799
41.4931
59.2332
60.3044
61.2098
62.0196
62.3701
61.6019
60.5735
58.8819
56.7862
47.504
45.761
44.1936
42.9794
42.7735
42.376
42.2961
42.0193
60.4747
59.3551
57.9057
56.0327
54.2884
52.7461
51.4812
50.6529
51.478
50.8145
50.5922
50.1661
49.9229
49.5477
50.3458
51.4741
44.3505
45.4782
46.5734
47.3935
47.7859
48.1439
48.0287
48.1518
38.3898
38.4515
38.6085
39.0544
39.3692
39.5563
40.245
40.7701
40.6803
46.1927
46.6111
47.0471
47.4051
47.2733
47.1042
46.976
47.211
57.4691
58.4536
59.265
60.1653
61.2119
62.729
64.3999
65.7087
52.0427
52.9936
54.6045
56.4005
58.023
59.2334
60.5555
61.3043
42.3271
42.3395
42.5193
42.7782
43.1051
43.2258
43.1907
42.1686
33.8046
32.9487
32.7622
33.5195
34.2773
35.2678
36.2078
37.0821
34.4453
34.5729
34.9282
35.623
36.2985
37.0412
37.5235
38.2405
38.9202
37.4946
37.976
38.2947
38.629
39.0434
39.4966
40.505
41.6767
40.6905
40.6328
40.2531
39.7445
39.0052
38.1622
37.5371
37.1741
45.372
45.6141
45.599
45.7992
45.7929
45.9023
46.0475
46.1088
48.6058
48.5575
48.321
48.2039
48.0348
47.8607
48.045
48.4607
39.4836
39.952
40.3279
40.8046
41.0139
41.4393
41.8707
42.3473
39.1037
39.6105
40.1438
40.7375
41.2374
41.6352
41.922
42.0768
42.1643
40.7552
40.6233
40.1796
39.5993
39.0994
38.5331
37.3004
35.9479
50.3683
49.4889
48.6393
47.9798
47.5093
47.1953
47.3163
47.9548
69.5861
71.1828
72.1905
72.9645
72.8738
72.5218
71.4949
69.9382
50.2857
49.3738
48.174
47.2842
47.2511
47.1463
46.9053
46.7516
47.0585
46.6
46.1957
45.9418
45.4777
45.0864
44.3251
43.5188
40.5956
40.3302
40.4202
40.3261
40.3387
40.3105
40.3001
40.255
40.2146
32.7313
32.8615
32.9701
33.0258
32.9855
32.9107
32.7949
32.604
30.5922
30.3119
29.7717
29.1993
28.664
28.1309
27.6225
26.9767
30.3977
29.2825
28.6549
28.8187
29.1501
29.2544
29.4911
30.0143
53.9037
55.2494
56.3975
56.858
57.3371
57.7382
58.0261
57.4039
67.4107
66.3035
64.83
63.126
61.2759
59.6113
59.0306
58.6986
58.8575
69.9375
70.5032
71.195
71.6858
72.2654
73.0585
73.7875
74.8404
71.4451
72.5877
73.9001
75.7231
77.5999
79.2988
81.6297
84.4383
66.9266
68.8019
70.9133
72.9266
75.493
78.6611
81.8794
84.4243
57.703
58.3587
58.5488
57.9979
56.7122
56.0096
55.4178
54.7617
48.2913
46.1943
44.7327
43.5981
42.425
41.2806
40.3762
39.5769
36.2819
35.9917
35.7897
35.8578
36.0737
36.5293
37.3106
38.1602
38.9987
39.9818
39.9525
39.8325
39.9843
41.0956
42.3232
43.5173
44.5476
43.992
45.05
46.0252
46.775
47.7857
48.6415
48.855
48.7994
53.1436
52.81
52.4559
52.0838
51.7311
51.3267
50.9886
50.3244
46.4777
45.9143
45.1323
44.6627
43.4991
42.3201
40.8447
39.9076
41.1036
40.2406
39.4891
38.7384
38.0693
37.5538
37.1652
36.8293
36.7473
56.3958
55.902
55.3912
54.6863
54.1394
53.566
52.7149
51.3379
66.6211
64.9469
63.1638
61.9841
60.9411
59.9459
58.8866
58.0004
46.5287
45.9032
44.7867
43.9392
43.1665
42.2755
41.6741
41.4175
36.6499
36.6726
36.4377
36.2818
36.8098
37.5754
38.2228
39.3706
39.2438
40.8913
42.225
43.9106
45.5167
46.7369
47.4412
47.0511
43.1194
42.7908
42.9054
43.3382
43.6268
44.2241
44.4581
44.2679
43.797
49.1762
48.9172
48.3861
48.032
47.5482
47.3727
46.7569
46.6294
56.6021
55.7738
54.4204
52.7376
51.3811
49.6913
48.582
47.6059
59.7287
58.5049
57.2589
56.3754
55.3574
54.5056
53.8551
52.8225
63.1128
62.9228
62.4598
62.3445
62.5292
62.604
63.0482
63.4827
60.723
61.2788
62.1745
62.6281
63.8023
65.0392
66.4093
67.3315
55.6066
56.6978
57.7176
58.9835
60.1339
61.1785
62.6941
64.2028
65.4786
49.2462
50.2799
51.0359
52.2034
52.9111
53.3293
53.1867
53.5393
43.9215
43.7272
42.9953
42.6881
42.0767
41.3743
40.3028
39.1219
44.8112
43.5402
41.6162
40.6019
39.9584
40.082
40.2271
40.8653
54.7066
55.1947
56.1891
56.687
57.232
57.7106
57.7943
57.8288
45.2436
45.5428
45.5478
46.1723
46.1892
46.0273
45.6737
45.6219
46.3052
34.2094
35.5847
37.0987
38.636
39.9814
40.9673
41.7795
42.6195
35.4882
36.0877
36.7047
37.2295
37.9084
38.3675
38.8474
38.9624
35.9711
36.2976
36.8204
37.3321
37.0337
35.926
35.2166
35.074
36.8759
36.9529
37.0671
37.223
37.7515
38.2745
38.9245
39.9267
41.379
41.9644
42.6488
42.9947
43.2514
42.937
42.5413
41.9491
42.1296
41.7745
41.7079
41.8886
42.172
42.3079
42.5391
43.0054
43.4997
48.8655
49.3516
49.8368
49.6383
49.4397
49.5902
49.9428
50.5143
45.8699
46.425
46.9391
47.448
47.8923
48.071
47.7461
47.1561
41.7456
41.0007
40.186
39.4267
38.709
38.029
37.4747
36.9788
36.4263
36.1159
35.5566
34.8977
34.6806
34.684
34.523
34.4177
48.6123
48.3557
48.0594
47.6207
47.4593
47.7903
48.6365
49.5343
50.5945
62.8412
64.7259
66.8604
69.4347
72.2786
75.2198
77.4729
79.5261
54.6789
56.0166
57.371
58.3613
59.0492
59.8069
61.0735
62.5492
52.0332
52.7538
53.4117
53.6872
53.856
53.7328
53.787
53.6531
56.4749
56.019
55.3894
54.9839
53.8817
53.0345
52.4726
51.9113
51.7469
51.2593
50.8918
50.0956
49.5436
48.9753
48.3772
47.7753
48.8088
47.8174
46.8373
46.0146
45.461
45
44.308
43.4339
42.6652
42.7009
42.2061
42.336
42.7194
43.1398
43.7758
44.5507
45.2571
47.2369
47.8679
48.6032
50.0179
51.7141
53.7881
55.5813
57.1419
53.9639
54.6302
54.9665
55.4625
55.8703
56.1189
56.2677
56.2079
51.7134
51.2463
50.6391
50.2827
49.4828
48.8713
48.04
47.3696
43.2662
42.6551
42.3842
42.0493
42.1303
42.0759
41.9976
41.9833
37.9394
37.6455
37.4613
37.2339
36.8553
36.6865
36.5159
36.4278
36.2732
36.8366
36.6361
36.3522
35.5398
34.7605
33.9225
33.4758
32.9088
40.558
40.5574
40.6505
40.3561
40.0694
39.8193
39.5845
39.3584
42.0246
42.065
42.1853
42.1939
42.0797
41.764
41.519
41.0162
36.4683
36.5351
36.7608
37.165
37.4623
37.5815
37.8662
38.0835
39.2707
40.0399
40.9083
41.9032
42.871
43.9356
45.2546
46.4721
47.4709
55.1178
55.5107
55.5531
55.5741
55.6408
55.9975
56.0017
56.1142
61.1062
60.7712
60.2965
59.9086
59.4749
59.332
59.1199
58.9084
53.7035
53.792
53.8477
54.0057
54.2597
54.5501
55.0774
55.6046
49.8715
50.3233
50.7083
51.1641
51.6183
52.227
52.4173
52.1484
48.6774
48.4217
48.0485
48.3571
48.7288
49.5531
50.6643
51.9525
50.7497
51.3405
52.067
52.7391
53.1826
53.5407
53.5189
52.6346
51.5403
56.3416
54.9972
54.0599
53.0465
51.7557
50.6137
49.67
48.4875
42.197
41.5613
40.9353
40.1704
39.4965
38.8802
38.3587
37.8662
35.7266
35.1851
34.6209
34.2317
33.8695
33.6569
33.4865
33.1144
35.6487
35.1643
34.6318
33.7146
32.104
30.2733
28.8129
27.7812
41.8062
41.3259
40.9226
40.7993
40.65
39.9412
39.1266
38.2448
36.175
51.9208
51.0215
50.1831
49.212
48.5205
47.1289
45.7446
44.0092
42.5258
42.5461
42.6226
42.4927
42.5198
42.5864
42.7081
42.7166
42.9729
42.4192
41.7787
41.4811
40.6921
39.8758
39.4531
38.6106
54.8823
54.755
55.5993
56.836
58.3472
59.8015
61.8567
63.5389
60.5198
61.574
62.447
63.1926
63.8487
64.7569
65.6147
66.8024
46.3454
47.5747
48.9653
50.3418
51.5803
52.8572
54.1722
54.7133
55.3299
43.9757
43.8534
43.8873
43.9842
44.398
44.7908
44.8983
44.9749
45.2387
45.1698
45.2782
45.424
45.6095
45.1764
44.8664
44.7823
45.8049
45.8131
45.6369
45.9841
45.8918
45.8191
45.3512
45.016
49.2193
49.1396
48.8173
48.7707
48.7221
48.6789
48.6729
48.553
48.3545
47.9358
47.3955
46.7777
46.2688
45.8023
45.3783
45.2453
41.3165
41.3222
40.9985
40.7062
40.1971
39.9679
39.7834
39.6451
40.1419
38.0278
38.2557
38.3928
38.042
37.5575
37.2337
36.636
36.7013
31.0731
31.0103
30.9366
30.8057
30.6329
30.5474
30.4196
30.364
30.9971
31.0048
30.9242
30.8684
30.8073
30.8118
30.8064
30.7657
31.939
31.9238
31.8234
31.8195
31.5906
31.5713
31.4917
31.5953
33.7563
33.6731
33.6727
33.7558
34.1309
34.1282
34.0468
33.9835
39.5031
39.5164
39.4348
39.7946
39.6314
39.8637
39.7968
39.7943
39.831
42.0596
42.0645
41.9781
41.9919
41.7111
41.5814
41.4636
41.3598
39.927
39.6998
39.3581
39.3281
39.1147
38.7323
38.6877
38.4422
35.0829
34.9355
34.8055
34.848
35.0983
35.9519
36.7898
37.708
39.4224
40.2983
41.1542
42.0764
42.4142
43.024
43.1825
43.433
44.8794
45.8967
46.7878
47.5389
48.0999
48.6528
49.3172
50.316
50.7517
52.9363
52.9404
53.0799
53.3575
53.5233
53.7609
54.773
55.2604
55.1076
55.5842
56.1921
56.5669
57.0276
57.328
58.023
58.5169
53.089
54.0458
55.3036
56.8865
58.9267
60.6795
62.4524
63.9139
49.3232
50.2588
51.459
52.6137
53.2697
53.7127
53.9903
54.1827
38.5601
38.6423
38.7174
39.1
39.0554
39.2742
39.4735
39.6844
33.0678
33.2203
33.353
33.4912
33.3701
32.9098
32.5644
31.939
31.671
39.5845
39.5595
39.619
39.5791
39.3285
38.9551
38.5174
38.1274
46.7102
46.5526
46.5942
47.049
47.6723
48.38
48.9814
49.2587
55.3448
55.1911
55.1617
55.1331
54.8686
54.273
53.7682
53.2995
45.3708
45.147
44.8887
45.1899
45.6134
45.8915
46.1415
45.787
44.1139
43.5731
42.9374
42.3464
41.7759
41.1689
40.859
40.465
41.6363
41.4983
41.1587
40.7145
40.1268
39.8197
39.3146
39.0925
38.6324
37.9125
38.0879
38.3054
38.5645
38.9928
39.3859
39.8204
40.6128
38.4415
38.9484
39.7011
40.4348
41.3028
42.1081
43.0753
43.8879
38.6184
38.7906
39.0042
38.9801
39.0904
39.2829
39.456
39.0336
45.4584
44.707
43.9763
43.4933
42.5145
41.7544
41.1485
40.6985
49.7066
49.8406
49.9019
50.2465
50.5519
51.1765
51.6647
52.0119
52.2843
41.4696
41.4592
41.4817
41.226
40.8907
40.8072
40.7562
40.8668
38.2808
38.4681
38.4446
38.7643
39.0441
39.0883
39.5369
40.2326
48.5217
49.2255
49.6001
49.8957
50.1922
50.2054
50.2386
50.073
54.0907
54.1188
54.0833
53.9221
53.8136
53.8582
54.0593
53.9937
45.8804
45.7451
45.7189
45.6064
45.6284
45.9143
46.4074
46.9525
41.741
42.5379
43.2398
43.633
44.0992
44.233
44.4242
44.6826
45.1765
40.3251
40.048
39.1883
37.9182
36.8508
36.0725
35.6802
35.4647
48.581
48.9158
49.0188
48.9457
49.0894
49.3228
50.0621
50.85
55.6476
55.4488
54.8581
53.871
52.3889
51.3142
49.7694
48.0793
50.1071
48.5371
46.9303
45.2935
43.7547
42.678
42.0307
41.5004
50.7194
50.5343
50.1784
49.7957
49.3974
48.9883
48.5229
47.8771
47.6075
51.7496
50.8092
49.9964
49.1711
48.4258
47.8553
47.1496
46.3369
57.5671
56.5809
55.2631
54.0319
52.3365
50.757
49.3182
49.2176
56.4815
56.0967
55.64
55.0298
53.9511
52.8449
51.7155
50.4891
44.6732
43.4473
42.6178
42.1606
42.4242
43.5322
44.4605
45.2411
41.5208
41.8918
41.8835
42.5713
43.0559
43.2128
43.6143
44.2956
39.1307
39.6361
40.3617
41.132
41.2503
41.2808
40.4646
39.674
39.3568
39.9617
39.8382
39.6903
39.366
38.7247
37.8069
37.2549
36.3639
53.8206
52.726
51.2938
50.1182
48.6977
47.894
47.1383
46.363
60.0904
59.4126
58.5379
57.9464
57.5142
57.151
56.8058
56.5886
60.7011
60.8884
60.9359
61.5738
61.7621
62.3723
62.9441
63.9764
57.228
58.062
58.8337
59.4525
60.5889
61.3307
61.7484
62.7004
50.3338
51.0384
51.8345
52.5546
53.2705
54.6238
55.5385
56.6435
57.4769
47.2278
47.6599
48.1569
48.2626
48.3285
48.0934
47.9135
47.5896
46.2179
45.2508
44.0409
42.8029
41.316
39.9951
38.6034
37.1758
52.2761
50.3173
48.8975
48.034
47.3425
46.5606
46.6228
46.7351
58.0093
58.3905
59.3474
60.2905
60.5857
61.1124
61.3598
61.8701
57.3325
57.4787
57.7291
57.7057
58.1317
58.3825
58.3217
58.4337
58.5889
53.3006
53.6158
53.9715
54.5225
55.6366
56.9897
58.575
60.1557
48.7909
49.7561
50.6764
51.7656
52.5041
52.4684
52.7221
52.7939
40.1179
40.582
41.4506
42.3921
43.0514
43.5258
43.9857
43.9226
38.1237
37.9662
38.0045
38.616
39.1351
40.4064
42.4872
44.0371
38.8139
39.1762
39.284
39.0752
39.6154
39.8157
40.2143
40.7856
36.2213
37.2393
38.0503
38.4819
39.0161
39.7775
40.4627
40.6902
40.7777
45.1124
45.5952
46.5512
47.3024
47.9464
48.7561
49.2534
49.8241
62.5146
63.09
63.4958
63.7498
63.7982
63.3942
62.9756
62.59
56.4498
56.1524
56.127
56.3717
56.6693
57.0633
57.3109
57.5905
48.1821
48.3686
48.3609
48.7071
48.8572
49.1311
49.6557
49.8441
44.0821
44.3876
44.7245
45.0381
45.327
45.5092
45.6841
45.5083
45.2225
45.5688
45.273
45.0828
44.7272
44.4321
44.3167
43.9783
43.6931
44.3555
44.2841
44.4151
44.3899
44.7675
44.8289
44.9613
45.2611
41.947
41.9906
42.2338
42.4836
42.7787
43.106
43.6554
44.1936
40.219
40.7053
41.1414
41.4377
41.6012
41.874
42.0661
42.457
40.1024
40.1299
39.9553
40.0897
39.8428
39.792
39.4816
39.035
43.3767
43.0663
42.8057
42.6667
42.4496
41.9916
41.5159
41.1126
40.6827
47.3268
46.7423
46.3128
45.8673
45.4671
45.16
45.1171
45.0298
47.1225
47.4739
47.9699
48.4233
48.8717
48.6693
48.2866
47.6218
42.7836
41.8054
41.2102
40.5293
39.9177
39.1778
38.5898
38.2465
35.0823
34.9657
34.9259
34.8466
35.0848
35.1778
34.886
34.8165
37.8238
37.8931
37.6315
37.2439
36.9125
36.2765
35.9286
35.5144
37.3483
36.7066
36.1267
35.5609
34.6524
33.6236
32.8602
32.02
31.346
46.1429
45.4041
44.8361
44.0882
42.9226
41.4335
40.1237
38.5292
42.4132
40.1638
37.6861
35.9728
35.0718
35.1162
35.1509
35.02
30.8885
30.9649
31.1415
31.2572
31.408
31.5929
31.8683
31.8475
33.6222
32.9416
32.0562
31.0301
30.043
29.9374
29.5033
29.3306
50.9744
51.4105
51.9393
52.1317
51.7009
51.916
51.5907
51.3597
51.4912
53.34
53.7873
54.3373
55.3927
56.7795
58.3528
60.1302
61.6121
53.9659
54.8847
55.7488
56.7215
57.257
57.2639
56.7686
56.0724
36.5466
36.7187
37.064
37.3868
37.5583
37.6083
36.8428
36.4642
31.0537
31.1061
31.5473
32.5174
33.6483
35.6055
37.7072
38.6302
35.6029
35.7143
35.9157
36.2127
36.8576
37.369
37.994
38.5136
32.8537
32.9038
32.682
32.7828
33.059
33.2775
33.9384
35.1622
36.8249
36.6334
37.6675
38.3076
38.6391
38.7623
38.2813
37.9072
36.9051
42.1719
41.7163
41.5736
41.6168
41.9414
42.3917
42.6774
42.8881
53.2131
53.6912
54.0731
54.3928
54.7905
55.1475
55.215
55.462
49.9528
49.6655
49.6619
49.9833
50.3416
50.8408
51.2276
51.5299
49.2449
49.2901
49.1325
49.1069
48.855
48.592
48.6172
48.3696
49.831
49.2958
48.8238
48.3201
47.4194
46.2861
44.7619
43.1445
42.169
36.4256
35.7073
35.2574
34.9849
34.8908
34.8999
35.0322
35.3697
37.0485
37.0981
37.1868
37.248
36.9399
36.364
36.0622
35.6917
42.1981
42.3877
42.8993
43.3907
43.9361
44.3529
44.6943
45.1592
57.789
59.3969
61.1736
62.1851
62.47
62.2734
62.237
62.4914
52.7657
53.2418
53.4326
53.1501
52.3569
51.3096
50.3454
49.1916
49.0332
36.5468
35.529
35.0265
34.8193
34.9663
35.3163
35.9858
36.779
37.4292
38.2069
39.2143
40.1409
40.8165
41.3595
41.8308
42.1671
43.0534
43.3809
43.606
43.7915
44.01
44.3531
44.4007
44.3059
52.774
52.3731
51.6711
50.9569
50.2028
49.4503
48.6757
47.9444
43.9027
44.0839
44.3255
44.7641
45.4431
46.0735
46.3963
46.6234
42.8184
42.4554
42.4424
42.2843
42.1551
41.7829
41.6872
41.5281
41.4911
39.1831
39.0074
38.7301
38.4105
38.2672
37.8742
37.5771
37.1013
32.7198
32.4406
32.169
31.7998
31.4624
31.3423
30.9836
30.7072
35.5967
34.9396
34.2481
33.4772
32.724
32.0359
31.3789
30.7803
43.9782
42.8104
41.6369
40.4101
39.1547
37.6189
36.1277
34.8032
45.7521
42.7647
39.8239
37.9871
37.5409
37.2799
36.7932
36.8914
41.7171
42.1094
42.3681
42.5373
42.9321
43.1352
43.3057
43.8197
44.2638
48.7989
49.5196
50.8899
52.851
54.9527
57.2979
59.4477
61.2594
45.8629
46.9455
47.5253
47.4522
47.7035
47.2634
46.4106
45.2144
37.4267
36.7313
35.6894
34.9191
34.0882
33.3844
32.6175
31.7812
43.3151
42.4506
41.4993
40.559
39.8938
39.458
39.5916
39.2802
61.257
60.8387
60.4909
59.6441
59.5099
59.3395
59.4488
59.6926
59.8138
60.1512
60.704
61.0784
61.7696
62.4786
63.0242
64.274
65.227
54.9852
56.1509
57.2186
58.3652
59.4003
60.6313
61.9498
63.2591
47.3679
48.6022
49.4212
50.4578
51.3767
52.4135
53.0877
53.8602
40.4783
40.3603
39.9461
39.5054
39.3673
38.8461
38.3494
37.324
36.2672
34.7975
33.5706
32.2259
31.0473
30.1198
29.0458
28.2457
43.9346
43.047
42.5539
42.0481
41.6469
41.4044
41.0225
40.8601
40.4926
60.7878
60.7597
60.5133
59.8877
59.6713
59.4946
59.7816
60.1167
58.4992
58.5798
59.3654
59.7872
60.6155
61.7496
63.255
65.0644
49.7999
51.2334
52.4136
54.0169
55.2574
56.8728
57.7271
58.6953
44.9101
45.5403
46.0415
45.8863
45.7116
45.3575
44.8399
44.3769
42.9752
42.6875
41.904
40.9481
39.5398
38.3438
37.1896
35.9774
50.8588
49.451
48.5354
47.5899
46.4496
45.463
44.6379
43.9156
43.5495
61.6634
61.4329
61.3851
61.7208
61.9375
62.0802
62.4296
62.7015
60.4749
61.3838
62.2439
63.477
64.3363
65.7096
66.7084
68.1687
54.5848
55.8017
56.8028
58.1935
59.278
60.3061
61.3374
62.4439
45.9543
46.6624
47.6092
48.1064
48.266
47.763
47.3887
46.6929
40.0988
39.4539
38.7201
37.7014
36.5024
35.0747
33.3867
31.591
29.6388
39.5927
37.6066
36.0598
34.7502
34.0744
33.5361
33.3275
33.2474
54.4487
54.3114
54.3491
55.291
56.3386
57.2016
58.2823
58.1556
60.3777
59.493
59.3309
59.5742
59.5717
59.6328
59.4694
59.4771
49.567
49.3883
48.7744
48.8043
48.1305
47.8436
47.5622
47.5117
42.0291
42.2837
42.5842
42.8204
42.6689
41.8672
41.1413
41.8071
47.8437
48.8951
50.1279
51.6264
53.6311
55.6108
57.8551
60.0555
62.4419
49.2824
50.7755
52.293
53.6464
54.6222
55.3518
56.296
57.2768
46.0695
46.534
47.197
47.6865
48.1173
48.8305
49.8777
51.2916
44.5874
45.5891
46.4333
47.4164
47.7282
47.3334
47.2382
46.682
35.8552
35.2398
34.2673
33.2349
32.144
31.6687
31.6274
31.743
48.4168
48.6443
49.0388
49.9002
51.1862
52.8859
55.5814
58.6132
61.5481
63.9338
65.4622
66.6803
67.2111
67.3824
66.798
65.6821
64.2096
57.7373
55.3785
52.8229
50.6577
50.474
50.7915
51.1864
51.9199
36.1166
36.565
36.0087
35.6901
35.5862
35.8096
36.1003
36.2276
36.8297
34.9583
33.4877
31.8765
30.465
29.0341
27.5924
26.1332
25.8116
26.3594
27.2876
27.6829
28.1154
28.4943
29.1681
29.7043
45.9226
46.0416
46.0257
45.8403
45.4055
44.378
43.1984
42.3998
41.6482
46.1077
45.4638
44.3405
42.2806
41.0307
41.2762
41.5169
42.5763
67.4435
69.172
71.6236
73.3557
75.5247
76.7929
77.5136
77.0615
71.807
69.4467
67.1521
64.6777
62.7035
61.2638
60.6513
60.6275
63.7423
64.1738
65.2453
66.5634
67.7319
68.5999
69.1784
69.0029
63.6861
62.4435
60.305
57.8342
54.7402
51.6286
49.2673
47.9849
41.4692
41.2068
41.1191
41.4755
42.0349
42.4002
43.7895
44.9463
46.3977
24.8727
25.3485
26.2864
26.9308
27.7965
28.5501
29.5366
30.498
34.0784
34.2314
33.4358
33.7449
34.0625
34.9119
35.239
35.5503
59.7725
58.7146
58.6903
63.0661
61.1579
63.2527
65.4868
65.5644
36.9698
35.261
32.783
30.2831
28.1745
26.6508
25.2642
24.1536
51.8362
52.6088
53.1673
53.8017
54.3617
54.5755
54.5067
53.5782
52.0611
69.3985
68.5079
67.4723
66.4659
63.185
58.0475
52.0149
50.2953
71.0532
69.1655
65.8247
60.6582
56.8753
56.5624
58.7001
62.4155
73.6747
81.8236
89.8835
95.8121
97.8902
99.2411
100.019
100.366
39.5995
40.177
40.0068
40.1232
40.25
40.3344
40.224
40.1953
42.7712
42.5129
42.0595
42.0403
41.8104
41.7352
41.0529
40.3765
43.1176
42.7688
42.559
42.2852
41.9788
41.6495
41.3383
41.0365
40.6078
28.4119
28.2988
28.3256
28.4422
28.5284
28.6712
29.0945
29.6224
26.0361
26.3193
26.629
27.0735
27.2882
27.49
27.3715
27.1364
26.8665
26.8409
27.4649
27.3464
27.9484
27.9712
28.4423
28.2281
29.1281
28.913
29.0181
29.7934
29.2749
29.3238
30.1335
31.1463
73.0887
79.4452
80.8896
88.4441
93.4411
97.8648
106.994
105.994
92.0081
102.768
102.918
75.8893
80.9214
72.4798
62.6408
49.0554
42.213
26.2411
25.4534
25.0314
24.8442
24.9518
24.9168
25.238
25.5523
46.4916
47.0254
47.6657
49.0853
50.8066
51.8723
53.0524
53.8349
34.0283
33.779
33.4873
33.4726
33.2705
33.3613
33.5429
33.9027
28.371
28.7265
29.2061
29.6644
30.1126
30.5516
30.9023
30.9907
29.6971
29.1667
28.32
27.5292
26.8778
26.3978
25.8958
25.2886
24.8482
31.3536
30.8967
30.4025
29.6884
28.8127
28.7116
28.4494
28.1376
49.2387
49.0828
49.1719
49.4421
49.6054
49.7311
49.7
50.184
59.1572
59.3462
60.0359
61.0317
61.8773
62.885
63.8458
65.0235
57.3898
59.6943
62.1615
64.3438
66.4706
68.4824
69.7887
71.8566
54.153
55.5885
57.0745
58.568
60.1173
61.9028
63.0981
64.4844
50.0505
51.2001
52.4022
53.4194
54.8123
55.7231
56.4685
57.3815
57.9757
48.2939
48.621
48.6362
48.4105
48.0181
47.416
46.6181
45.3826
44.7451
42.3628
39.5311
36.6277
34.1371
32.5479
31.3545
30.1931
44.9664
43.8593
43.2301
42.9762
43.0705
43.6468
44.0932
45.0513
59.0653
60.6691
61.9273
62.4423
62.9506
62.7338
62.3065
61.6903
56.723
56.2173
55.7942
55.1656
54.6739
54.4485
54.4077
54.8692
57.1697
49.8397
51.5319
53.8029
56.7295
59.4564
62.2272
64.9298
68.1007
50.4853
52.5052
54.0539
55.6706
57.0078
58.5055
59.3075
59.9398
40.4442
40.337
40.1456
39.6621
39.224
38.7346
37.9214
36.8293
36.0202
34.8038
33.0567
31.7171
30.2709
28.7774
27.272
25.6779
48.3112
46.1329
43.8995
41.7716
39.7938
38.3488
36.9823
35.3522
65.512
62.6335
59.6921
56.84
54.5186
52.7083
51.7255
50.5571
50.4121
59.7512
59.0293
58.8146
58.306
57.6823
57.2927
57.0792
56.9279
56.9793
56.9947
57.146
58.0615
58.3534
59.1627
59.6735
60.6964
61.7241
63.3297
64.9274
66.0235
67.3247
68.6702
69.9983
71.2475
65.9759
68.6166
70.958
73.3199
74.8484
76.5
77.3024
78.1194
64.315
64.4635
64.5872
64.5845
64.5828
64.8175
65.0481
65.3731
55.6333
56.2049
56.6852
57.0037
57.6115
58.347
59.0641
59.7676
60.7008
52.948
53.7018
54.8209
56.1027
57.4993
59.3916
60.985
63.1954
48.9157
50.7712
52.7178
54.7979
56.7775
58.9767
61.1982
63.4452
46.1648
47.178
47.5395
47.5925
47.3798
47.2552
46.5823
46.2781
39.5234
38.7655
38.3271
37.1861
36.1805
34.9111
34.0562
33.0392
48.889
47.2518
45.6661
44.885
43.8716
42.6837
41.9396
41.6957
64.4015
63.6553
63.2583
62.9987
62.5443
62.1649
62.2163
62.0151
62.4775
60.5765
60.8078
61.1861
62.0057
63.0135
64.3144
65.2718
66.5236
54.1264
55.1423
56.1366
57.4387
58.597
59.9572
61.2603
62.6591
47.4125
48.5321
49.5649
49.9147
50.0846
49.8739
49.5028
49.0133
43.7268
42.8462
41.6807
40.4564
39.0787
37.6091
36.2982
35.4486
50.3841
48.8184
47.2183
45.0913
42.5089
40.315
38.1613
36.0167
31.5679
51.8665
49.44
47.0385
45.7033
44.3237
42.567
40.864
39.5564
50.0318
48.3008
46.5592
44.3385
42.9733
41.6205
40.2713
39.3998
38.4056
37.7139
37.2561
36.6602
36.0273
35.5472
35.2238
35.0819
35.363
35.1333
35.1033
35.003
35.1771
35.4132
35.6033
35.672
35.7971
35.9617
35.9736
36.4196
36.7814
36.8077
37.1821
37.4035
37.9032
38.4789
39.1995
40.3547
41.5938
42.9208
44.3821
45.948
47.3424
48.8235
50.5595
52.4764
54.4749
56.5479
58.4293
60.4786
62.5101
57.8262
59.6945
61.7117
63.759
66.4124
68.5108
70.3827
72.1319
53.5849
54.6739
56.0811
57.4671
58.588
59.627
61.0508
62.8228
45.3188
45.9927
46.7577
47.3991
47.837
48.1975
48.6246
48.7223
37.0985
37.0426
36.716
36.5626
36.0211
35.2056
34.2066
33.1238
34.0582
33.1982
32.3625
31.7395
31.0292
30.7603
30.7428
30.8231
30.82
40.3708
40.3255
40.3908
40.6354
41.1922
41.7057
42.3673
43.1672
56.439
57.4845
58.6603
60.127
61.8661
63.2361
64.3249
65.4503
60.1693
61.4128
62.6017
63.3798
64.0886
64.8455
65.3881
65.7936
54.644
54.6451
54.6154
54.7557
54.6084
54.0886
53.8082
53.4179
49.109
48.6406
48.4139
47.9941
47.4164
46.7704
46.4287
46.4549
45.6018
51.4931
50.9335
50.6378
49.9299
49.6083
49.5258
50.0743
50.6808
59.1021
59.4277
58.5311
57.6374
57.298
56.663
56.3957
56.1584
44.2713
44.0015
44.0407
43.9998
44.0129
44.4373
45.1319
45.7689
42.5339
43.1062
43.6512
44.2524
44.8942
45.6104
46.5466
47.7238
46.4779
48.0183
49.2956
49.9975
49.6217
48.8282
47.3378
45.3563
58.7928
55.7653
52.7872
50.5862
48.4369
45.8927
43.8031
41.6769
39.73
54.8347
52.518
50.4224
48.7561
46.7828
44.6755
42.63
41.2322
49.4567
47.5041
45.283
43.4176
41.7734
40.5117
39.0073
38.1049
37.0571
36.1006
35.1013
34.1082
33.722
33.7105
33.8488
34.1652
34.5857
34.7485
35.1703
35.4766
35.9189
36.6943
37.4509
38.4487
39.8165
41.4251
42.7987
43.7236
44.481
44.8535
45.3697
45.9586
46.5569
47.2516
48.1094
49.2349
50.7752
52.7401
55.2071
57.7207
60.007
61.9839
64.1226
66.4596
69.4306
72.2808
75.378
78.3919
80.8421
66.2285
67.396
68.3628
69.6653
71.0027
72.4978
74.1965
76.1534
57.2296
58.9679
59.9741
61.246
62.4445
63.5637
64.6907
65.248
49.0119
51.0285
53.1445
55.3365
57.2925
59.302
61.2899
63.3313
52.2331
52.7465
53.0641
53.509
53.6268
54.3248
54.1088
53.6168
52.886
47.246
46.187
45.2766
43.8343
42.3188
40.9291
39.4235
37.9911
50.37
48.6926
46.8647
45.6271
44.6515
43.9902
43.232
42.9569
59.3682
59.1682
59.1263
59.2396
59.6401
60.3574
60.728
61.9989
59.3295
60.5256
61.8276
62.9637
63.6898
64.8209
65.7667
66.9861
53.638
54.4417
55.5991
56.6155
57.8066
59.2314
60.5675
62.0267
47.5281
48.5665
49.4563
49.4561
49.2155
48.8307
48.6031
47.8462
47.0563
43.9555
42.8964
41.6725
39.8669
38.35
36.4031
34.2191
31.8945
46.7213
42.525
38.9312
35.9277
33.5461
31.525
30.1033
29.4035
52.509
52.6963
53.0902
53.3069
53.8062
54.2625
54.5812
55.8211
67.4311
68.1783
68.4566
68.5684
68.7376
69.0162
69.2121
69.5507
69.3141
69.683
69.4055
68.2816
67.1592
65.7304
64.7904
63.5257
62.969
61.9388
61.1756
60.7098
60.1821
59.6286
59.3659
58.5776
58.4691
62.5765
62.233
61.9064
62.2246
62.6424
63.9919
66.0004
67.4177
66.5949
67.8354
68.7698
69.4922
70.4474
70.9623
71.2218
71.7756
64.8132
65.2949
65.6006
65.8131
65.8223
66.1542
66.4378
66.5347
63.0864
63.8387
64.2727
64.5385
64.8326
65.1361
65.9918
67.169
67.2934
67.898
68.0236
68.2622
68.5881
69.3301
70.3671
71.9078
73.4263
69.8001
70.8916
72.0216
73.3891
75.0758
77.0709
79.0977
81.2807
57.2022
59.183
61.0709
63.0293
65.1285
67.0942
68.1058
68.2595
41.4241
41.6503
41.1542
40.0868
38.6358
38.0089
37.3582
36.1367
33.0933
31.7055
30.4289
29.2827
28.2212
27.3719
26.597
26.016
48.4735
46.6022
44.8176
43.0895
41.2341
40.0133
39.0372
37.8515
65.6095
64.844
64.9237
65.3218
66.3678
67.7492
69.4442
70.7082
72.3055
77.9922
79.4585
80.9317
81.844
82.9389
83.6983
84.4272
84.9578
81.3667
82.1117
82.6484
83.2733
84.1626
84.9407
85.2887
85.0182
74.9403
74.3126
73.3667
72.2745
70.8912
69.9165
69.3085
69.3677
69.4883
69.2934
69.2105
69.417
69.0205
68.8191
68.6785
68.3463
70.9828
70.4145
70.2832
70.1402
69.946
69.7338
69.5236
69.2885
68.9386
72.6821
73.0005
73.9354
75.1628
76.7503
78.1914
79.4425
80.5526
81.8827
83.5778
84.996
86.7545
88.327
90.0441
91.5547
93.1553
81.301
83.2905
85.2187
87.0171
88.5924
90.9202
93.1042
94.7966
76.4087
78.5296
80.6472
81.5955
81.7505
80.436
78.4949
76.4053
64.3473
63.5644
62.1711
60.3707
58.1719
56.5949
55.0615
53.312
57.7694
55.7063
53.4764
51.4361
49.8292
48.6663
47.5952
46.7142
45.5834
56.4821
55.5326
55.3008
55.0195
54.1617
53.78
53.4591
53.5804
64.6014
63.6042
62.4873
60.9128
59.7853
58.9095
57.6781
56.3064
62.6676
60.6502
58.8994
56.9875
55.4894
54.7625
54.5047
53.9372
53.3266
53.1915
53.2963
53.7435
55.8605
60.0763
63.8566
66.9481
70.1527
73.3844
75.4067
76.3836
77.3195
77.4932
77.5733
77.2913
77.6379
74.6958
75.8929
78.2013
80.1112
82.4432
85.1114
87.2955
88.8964
66.4202
66.5218
66.8759
67.0238
67.331
67.8011
68.2826
69.2235
50.4607
51.245
51.9343
52.7373
53.8162
54.5627
55.6507
56.9825
49.9483
51.6342
53.6859
55.5836
57.7765
60.035
62.2797
64.3831
46.6075
47.8767
49.3557
50.6875
51.1944
51.7474
52.3284
52.2797
43.6545
43.2061
42.9341
42.8149
42.5261
42.0195
41.246
40.3318
39.0916
46.9036
45.7083
44.5187
43.2182
42.0811
40.819
40.0427
39.3607
61.0511
59.6975
58.4482
57.7842
56.6679
56.4419
56.526
56.2386
63.7162
63.4684
63.2687
63.4824
63.1679
63.3253
63.8603
64.5542
57.5088
58.2454
59.1786
60.0196
61.0682
61.9937
63.1929
64.4531
50.6361
51.7949
53.0001
54.5353
55.7127
56.954
58.0501
59.1565
46.3962
46.9066
46.7311
46.2885
45.7235
45.2137
44.5759
43.7399
42.9372
42.5594
42.3402
42.2476
42.2697
42.3216
42.5184
42.8387
43.4583
52.6475
52.9912
53.691
54.5851
55.6382
56.9936
58.1533
58.5391
47.0062
49.2663
51.0683
52.5352
53.1596
53.8481
55.3157
57.3177
39.7302
39.9231
40.5841
41.473
42.2948
42.8635
43.0188
42.7557
36.6649
36.7233
37.0564
37.5823
38.2067
38.7518
38.6923
37.6124
36.2547
40.4779
40.3584
40.2854
40.2744
40.0231
39.7595
39.8149
39.4993
78.5509
78.5501
78.5869
78.4553
78.5504
78.3413
78.0052
77.9222
61.5247
61.2752
61.1124
60.8822
60.5965
60.7235
61.1163
61.3487
52.5689
53.0387
53.7321
54.7843
55.7485
56.7309
57.7427
58.4332
38.8581
39.2707
39.6508
39.9971
40.1328
40.5456
40.5571
40.579
34.5143
34.6436
34.6209
34.6587
34.4211
34.6662
34.509
34.3456
34.1848
48.5741
48.3751
48.4839
48.427
48.6925
48.5903
48.7032
48.9536
60.1159
60.4369
60.6315
60.7676
60.8664
60.9173
60.7919
60.8284
41.4093
41.4637
41.234
41.0649
40.9532
40.6439
40.4196
40.2095
33.2269
33.2952
32.9541
32.9774
33.0247
32.8936
32.9229
32.9421
34.3497
34.4329
34.3564
34.4013
34.4625
34.5887
34.3062
33.146
51.2395
50.6557
50.2799
49.9771
49.9013
50.4612
52.3819
53.0924
52.5526
75.2776
74.356
73.4791
72.6764
72.3305
72.6406
71.5641
70.0464
31.8502
31.8543
31.9329
32.1417
32.8072
33.2693
34.0521
34.5201
29.8903
30.4006
30.7935
28.3379
25.7296
26.0131
26.2429
26.1633
50.2329
50.1767
49.8298
54.3236
53.8636
53.0827
52.205
50.488
44.1452
44.2578
44.4406
44.4451
44.3028
44.6412
44.3042
43.316
27.5617
27.5
27.5653
27.6971
27.7915
27.8353
27.7299
27.2564
26.472
33.8176
34.1152
34.5896
35.2706
35.3865
35.7207
35.9728
35.8515
36.3482
36.312
36.1228
35.7631
35.9224
35.7111
35.4091
35.2782
34.4008
33.7849
32.9187
32.6646
32.9386
33.6821
33.7707
33.7251
36.1559
35.4158
35.0408
35.9514
36.4048
36.6238
37.1843
37.6768
36.0978
35.941
35.8463
35.9516
36.1612
35.9733
36.0449
35.9287
35.9617
34.1941
34.1546
34.3317
34.36
34.2588
34.3924
34.435
34.2763
36.2118
36.442
36.3317
36.6302
37.079
37.4112
37.6423
37.8754
35.7028
35.5363
35.0646
35.0108
34.9435
35.0401
34.7706
34.9878
36.2412
36.6224
36.2917
36.4942
36.2816
36.2666
36.5261
36.6304
39.7652
39.3035
39.1132
38.4897
38.3708
38.435
38.2596
38.5788
37.0239
37.4928
37.7513
37.9016
37.97
38.2092
38.3319
38.3835
38.4923
42.7889
43.051
43.2358
43.3276
43.0174
42.6272
42.1432
41.9194
39.2816
39.1475
39.5199
39.4395
39.706
39.7554
40.0869
39.9726
30.874
27.7411
27.1097
26.3838
26.1674
25.9986
26.0054
25.7116
65.2571
65.2758
65.4606
65.3896
65.2973
65.222
65.0634
65.07
52.281
53.2081
54.4473
55.6182
56.6645
57.1942
57.922
57.7823
41.4736
40.8051
40.3345
39.2579
38.8954
39.068
39.2792
39.5168
40.6891
92.305
91.6597
91.5657
91.4469
88.9078
85.7272
83.1288
80.9648
40.568
40.7906
41.0782
41.142
41.5341
41.8414
42.0123
41.4611
31.7719
31.4797
31.1274
30.9683
30.8535
30.9553
31.1472
31.3721
51.3678
51.4035
51.669
51.3403
50.9333
50.7556
50.863
50.9598
41.1232
41.221
41.1997
41.3218
41.4773
41.5581
42.0374
42.29
42.6983
35.1122
35.6528
36.2246
36.6409
37.2755
37.6203
37.8372
38.0904
37.1478
37.2445
37.279
37.1093
36.9531
36.6605
36.3756
35.9309
50.4892
50.3147
49.5747
49.4008
48.8879
48.3868
48.0546
47.9753
61.0366
60.5364
60.6424
60.5867
60.6484
60.7212
60.9116
60.8882
66.2814
66.5593
66.8974
67.3543
67.7552
68.0613
68.2282
68.2541
50.1621
50.3155
50.3666
50.2342
49.9204
49.7769
49.5275
49.3707
49.1183
34.9031
34.8347
34.4631
34.5042
34.5375
34.3601
34.4151
34.7695
35.4643
35.5417
35.5361
35.5623
35.3039
35.0271
35.1967
35.1269
42.9674
42.8449
43.0901
43.0158
43.1238
43.1825
43.3475
43.4666
53.0206
53.3625
53.7646
54.2322
54.6664
55.2353
55.469
55.823
38.2719
38.4001
38.6326
38.7404
38.8346
38.7768
39.1041
38.9595
39.0654
40.576
40.5
40.4906
40.5418
40.5146
40.4831
40.3898
40.3574
45.933
45.9024
45.8213
45.4647
45.3914
45.3525
45.5591
45.1038
40.9421
41.1822
40.9956
41.0295
41.0162
41.0266
40.9545
40.9173
38.5211
38.3888
38.5519
38.5787
38.6066
38.5004
38.3486
38.3804
38.8004
38.5542
38.7671
38.6332
38.7746
38.7648
38.7351
38.5307
38.4718
38.1507
38.4748
38.5005
38.4119
38.5336
38.3795
38.4989
38.2906
37.6094
37.6881
37.562
37.5349
37.5551
37.6402
37.3879
37.597
37.9398
37.6516
37.6591
37.6699
37.7344
37.7592
37.6653
37.8579
37.8539
37.8726
37.7069
37.7783
37.7879
37.7697
37.8385
37.7714
37.3197
37.4759
37.2658
37.3198
37.5029
37.2199
37.3573
37.4346
37.1759