36.1365
36.1438
35.9786
36.0952
36.0831
35.9902
36.1805
36.1074
37.1368
37.0097
36.9743
36.9805
37.1374
37.0825
37.0971
37.1051
37.1856
37.3089
37.3137
37.2877
37.2485
37.2555
37.3394
37.3554
37.4213
36.8254
36.9204
36.7571
36.8382
36.7743
36.9201
36.791
36.7385
35.9671
36.0072
35.9925
36.1067
36.0321
36.0701
35.9862
36.1468
34.641
34.5459
34.5189
34.5536
34.5321
34.5851
34.6335
34.5739
34.3758
34.3349
34.4208
34.3235
34.3409
34.3645
34.4213
34.3604
35.7621
35.6793
35.76
35.8225
35.7305
35.7672
35.7309
35.6697
35.7481
36.3254
36.4497
36.4418
36.5189
36.5118
36.501
36.5363
36.4788
36.355
36.4777
36.4722
36.4931
36.6585
36.5645
36.6122
36.6599
37.7119
37.6324
37.7839
37.674
37.7943
38.02
38.0511
38.1853
39.9116
40.0253
40.1338
40.2219
40.4488
40.733
40.882
41.074
40.1147
40.3937
40.2744
40.3078
40.3535
40.1243
39.9377
39.8345
34.9342
34.935
34.6995
34.6478
34.7057
34.6106
34.5654
34.6054
34.4592
34.6922
34.6719
34.6954
34.5048
34.4455
34.4482
34.3785
34.3452
40.6142
40.5282
40.3814
40.3301
40.0497
39.9242
39.7713
39.4037
43.2797
42.9359
42.8487
42.7481
42.3703
42.3845
42.4223
42.3553
37.3133
37.3412
37.1121
37.4405
37.4176
37.5519
37.6396
37.9407
35.2569
35.4066
35.6269
35.9122
36.1905
36.4568
36.6096
36.8543
36.9237
33.505
33.627
33.6709
33.7346
33.835
33.858
33.8893
33.8752
37.2036
37.2293
37.171
37.1388
37.0753
37.0753
37.0386
37.0085
45.6856
45.7524
45.8445
45.5791
45.6919
45.3889
45.4437
45.5156
47.1664
47.1607
47.1674
47.417
47.3202
47.3021
47.3081
47.31
42.9632
43.0086
43.0725
43.2039
43.4175
43.4401
43.7137
43.7065
37.0695
37.3976
37.8527
37.9602
38.5112
38.8755
39.1166
39.4458
39.5617
33.018
33.3122
33.5016
33.6458
33.6936
33.721
33.6541
33.613
34.9431
34.6976
34.4314
33.7777
33.2332
32.9201
32.8233
32.9313
56.8334
56.3938
55.7686
55.3104
54.9054
54.9364
54.9776
55.2009
75.3703
76.1827
76.6686
76.7562
76.6739
76.7412
76.7175
76.424
57.4937
57.4007
57.2832
57.0708
56.7926
56.5428
56.1415
55.6003
36.3982
36.1508
35.9567
35.8076
35.6841
35.5324
35.3692
35.2248
35.0239
33.1763
33.0275
33.3568
33.7635
33.8594
33.9031
34.2087
34.5341
44.1776
44.7875
44.5399
44.9601
45.2628
45.3859
45.3511
45.6901
44.5308
44.6143
44.01
42.6109
42.1544
42.2635
42.2126
42.5564
53.4472
54.2154
54.7724
55.1004
55.2915
55.6428
55.5923
55.4238
43.1942
41.4972
41.2375
41.2392
41.3738
41.0639
40.8591
40.5761
39.9915
65.097
64.2714
63.4926
63.1285
63.2691
62.9095
62.7633
62.8617
50.4125
51.4531
52.7467
53.5699
54.266
55.2445
55.9263
56.5692
32.9076
32.8733
32.463
32.1512
31.9984
32.0075
32.1696
32.3127
45.5912
45.5049
45.5022
44.9032
44.0679
43.7241
44.1196
44.1745
40.1641
40.4656
40.8308
41.0414
41.1769
41.4263
41.347
41.1942
33.9749
33.8026
33.5545
33.3678
33.1235
33.0151
32.8801
32.7133
32.5068
33.915
33.7114
33.2811
32.8888
32.7514
32.5804
33.0291
33.8122
29.579
29.9667
30.4172
30.8451
28.9712
26.7741
25.5993
25.3415
38.3387
39.4271
41.6031
41.385
40.9632
40.6226
40.4183
40.0538
42.5721
42.852
43.0662
43.5912
44.3524
44.7356
45.0027
44.9644
32.8234
32.6173
32.5968
32.5806
32.5533
32.7293
32.875
33.0676
33.1251
36.9395
36.3455
35.7476
35.3902
35.0741
35.0594
35.0706
35.018
32.7902
32.8521
32.928
33.3451
33.7071
34.0898
34.4851
34.8431
34.6433
34.642
34.5031
34.3765
34.0256
34.0866
34.0034
34.0675
36.2108
36.3886
36.4665
36.5926
36.6242
36.6597
36.5854
36.4782
41.4712
41.3766
41.2734
41.2223
41.3115
41.3493
41.5179
41.6446
39.6672
39.8451
39.8642
39.8656
39.7236
39.3994
39.1862
38.7764
38.4181
44.1755
44.35
44.2368
43.8025
42.8636
42.1026
41.7458
41.2429
28.6047
28.8114
29.3146
30.0156
30.8511
31.3173
31.6491
32.1292
31.2545
29.9076
28.7569
28.8587
30.437
31.2447
31.1031
30.8793
58.1877
58.7024
59.0543
59.2918
59.9996
60.2496
60.1174
59.8005
40.7633
40.7224
40.6161
40.4481
40.3352
39.6374
38.9145
38.3131
37.7291
35.5615
35.1844
34.5963
34.2815
33.9982
33.7523
33.7057
33.7174
27.1829
27.1235
27.2467
28.1133
29.017
29.6888
29.9489
30.4463
30.9372
31.0068
30.9461
30.5942
30.203
29.9267
29.7722
29.6704
40.7686
40.5716
40.3105
40.3569
40.3721
40.2852
40.3282
40.5913
35.9575
36.2216
36.3875
36.9825
37.6077
37.8295
38.1316
37.8968
36.7974
36.9021
36.9645
37.1589
37.3795
37.4261
37.3414
37.3606
37.2884
40.2548
40.2382
40.263
40.2769
40.2439
40.1667
40.2257
40.2198
43.2414
42.9495
42.7783
42.7277
42.5081
42.2399
42.1378
42.0051
36.7031
36.7135
36.5809
36.6594
36.6043
36.4481
36.3816
36.286
33.0434
32.8656
32.9336
32.8304
32.8181
32.9602
33.1001
33.0402
31.8479
31.7929
31.761
31.7886
31.637
31.7169
31.6387
31.5566
33.9813
34.0201
34.0307
34.0188
34.0296
33.816
33.9307
33.9885
33.9137
33.7395
33.698
33.6584
33.9244
33.9265
34.0153
34.0696
34.1144
34.1838
34.4149
34.4523
34.5048
34.5706
34.6428
34.7994
34.8038
35.7017
35.8227
35.9073
35.9592
36.056
36.1987
36.1425
36.2178
36.467
36.4952
36.514
36.6329
36.6747
36.7344
36.8065
36.8769
38.9975
39.1047
39.1713
39.2448
39.3227
39.3411
39.3932
39.3645
43.4243
43.402
43.5777
43.658
43.5473
43.5959
43.6093
43.5193
43.3496
45.5747
45.0277
44.6276
44.2923
44.1136
43.8423
43.7492
43.5315
43.7166
43.542
43.4402
43.3645
43.1912
43.0801
42.959
42.7719
48.8667
48.6686
48.4974
48.2421
48.0623
47.8595
47.7717
47.552
52.4678
52.2603
51.9793
51.6568
51.0915
50.8019
50.2389
49.75
49.3003
48.8053
48.3431
47.9384
47.4538
47.1704
46.6866
46.3748
45.6718
42.4847
42.1522
41.8875
41.7921
41.7096
41.4465
41.2251
41.0916
39.1452
39.1293
39.1461
39.1622
39.1747
39.2662
39.2534
39.3211
42.0111
42.0733
42.1201
42.2963
42.5221
42.721
43.0214
43.437
48.3138
48.9337
49.3915
49.8963
50.3851
50.7918
51.2518
51.8863
57.9452
58.3344
58.6303
59.0834
59.5858
60.2988
61.1432
61.5753
54.9037
55.2475
55.1077
54.9773
55.1708
55.7892
56.2908
56.9589
57.6207
42.1965
42.5456
43.0739
43.3887
43.8811
44.3113
44.7523
45.1916
38.8087
39.0445
39.3792
39.5782
40.1854
40.593
40.9969
41.0471
44.0759
44.1041
43.9127
43.5044
43.4419
42.8706
42.6241
42.2417
47.8847
47.8095
47.7569
47.6483
47.384
47.2735
47.0785
46.8895
57.9863
57.838
57.7131
57.4167
57.127
57.1698
57.2766
57.3978
54.4837
54.8502
54.7406
54.8025
54.7775
54.6939
55.0318
55.4818
55.9825
50.592
50.5236
50.3819
49.9514
49.5114
49.2072
49.1384
49.0552
46.4811
46.4937
46.3474
46.3498
46.5234
46.5186
46.5171
46.4343
48.3289
48.6385
48.596
48.8766
48.8378
48.9278
49.0493
49.2029
45.7895
46.0083
46.3249
46.5091
46.489
46.8186
46.9114
47.1003
44.3044
44.4788
44.8781
45.0604
45.1355
45.5288
45.5734
45.6958
45.8229
48.4883
48.679
48.6445
48.7606
48.5033
48.568
48.4149
48.5574
60.8051
60.5907
60.6479
60.5829
60.4394
60.2239
59.956
59.7512
62.1293
61.6894
60.9225
60.3323
59.844
59.7457
59.6995
59.6801
48.1137
47.9135
47.6205
47.6415
47.123
46.9195
46.6758
46.2029
39.6692
39.5208
39.2235
39.0795
38.8972
38.9776
38.9487
38.9263
42.4581
42.6166
42.9723
43.0645
43.1897
43.4429
43.5115
43.4114
43.5201
44.6551
44.3824
44.2839
43.9536
43.9732
43.848
43.6098
43.1807
37.9579
37.7739
37.9491
38.2414
38.6148
39.0301
38.8248
38.8465
44.3017
44.2197
44.1799
44.203
44.5857
44.7132
44.9848
45.1854
70.0308
70.1197
69.9602
69.7128
69.4866
69.1861
68.8983
68.3353
64.7214
64.3613
63.9418
63.6876
63.0325
62.4956
61.9857
61.7867
56.3801
56.1108
55.8836
55.5933
55.3948
55.0192
54.7666
54.5242
54.158
47.8073
47.3642
47.2877
47.1664
47.4316
47.5966
48.1141
48.5275
45.8884
46.4139
47.0339
47.4963
47.7025
47.7118
47.5444
47.146
52.918
52.4419
52.2025
51.7339
51.6988
51.8666
52.1931
52.1615
63.1734
63.5499
63.9459
64.1142
64.0236
63.7103
63.1303
62.663
54.2045
54.5084
54.7332
54.6802
54.9314
54.7369
54.7418
54.7635
54.5571
35.4481
35.4345
35.4749
35.561
35.8519
35.7676
36.0755
36.2529
32.2759
32.4992
32.7164
32.9733
33.2011
33.4633
33.6441
33.8722
39.1248
39.3702
39.599
39.9486
40.1983
40.4318
40.5676
40.7502
66.053
67.0052
68.0714
69.6359
71.2658
72.248
73.112
73.6262
73.2416
72.3909
72.2351
71.6981
72.0029
71.3823
71.0557
70.7641
54.7007
54.6026
54.3645
54.2506
54.2494
54.1916
54.2731
54.0895
54.0864
43.7561
43.689
43.6069
43.5471
43.5219
43.5528
43.6919
43.6512
47.506
47.7093
47.9589
48.2367
48.7182
49.0922
49.3656
49.045
54.3545
53.8879
53.2458
52.7096
52.3193
52.0277
51.7658
51.9631
67.0275
67.2554
67.3505
67.265
67.5764
67.5103
67.4404
67.2557
64.634
64.1391
63.9292
63.6849
63.4535
63.1
63.1136
63.0905
63.2732
63.4645
63.9471
64.4867
64.8706
65.4294
65.9788
66.5389
67.2737
77.3025
78.0006
78.3915
78.9047
79.421
80.0062
80.4355
80.6673
66.6892
66.785
66.5801
66.4013
66.1135
65.6289
64.9406
64.3027
56.1173
55.6949
55.1869
54.6741
54.0446
53.9002
53.5874
53.3247
53.9585
53.8601
53.63
53.6141
53.4638
53.2589
53.075
53.1176
44.3263
44.7315
44.5713
44.9045
45.1008
45.5739
45.8135
45.9725
46.3116
37.655
37.8195
38.1961
37.7994
36.7111
35.8847
35.0387
34.0984
42.4312
42.8979
43.0874
43.2892
43.3405
43.3599
43.3494
43.6191
84.6374
85.8142
85.9228
86.3978
86.8177
86.8831
86.6495
86.0464
86.0277
84.9434
83.9381
82.8927
82.4331
82.3816
82.6978
82.5222
62.1323
61.7298
61.3428
60.738
60.0807
59.2838
58.7063
57.9447
57.8712
53.1543
52.8911
52.736
52.5742
52.7514
52.6985
53.1671
53.2886
54.8672
54.8788
55.3279
55.9793
56.9124
57.608
57.8782
58.1321
53.4503
53.387
53.1719
53.0452
52.2763
51.3595
50.5218
49.7064
47.1729
46.6934
46.9593
47.5649
48.3713
48.8336
49.1247
48.9184
46.8763
46.6324
46.6959
47.224
47.4897
47.7764
48.4844
49.4017
39.4856
39.8271
40.0458
39.6216
38.7679
38.5168
38.5518
38.4023
38.253
35.3473
35.2228
35.2711
35.3293
35.3104
35.2379
35.4622
35.4813
33.8223
34.0645
34.111
34.0107
33.9281
34.1879
34.9183
35.566
45.4867
46.437
47.5958
49.026
49.064
49.1447
49.3821
49.2047
65.6914
65.4511
65.15
64.7592
64.3073
63.6985
63.1797
62.7416
58.5248
58.2958
57.874
58.3358
58.4751
58.5647
58.9544
59.0369
54.0805
54.273
54.7584
54.8282
54.8306
55.0953
55.3712
55.5874
55.6582
51.3153
51.4965
51.5402
51.516
51.5466
51.3547
51.6848
51.6207
54.6566
53.8418
53.36
52.9346
52.9663
53.3659
53.4919
53.256
58.9692
58.2842
57.5385
56.2268
55.1392
54.2868
53.7759
53.4223
52.1885
52.1831
52.4271
52.3941
53.0234
54.4813
55.9774
57.327
67.9361
69.0882
70.0618
70.9059
71.8967
72.8885
73.5138
74.0415
74.5187
64.347
64.4938
64.7306
64.5332
64.3246
63.8629
63.1906
62.2594
52.3749
51.797
50.9609
49.864
48.9661
48.0339
48.07
47.9758
42.6082
41.9498
40.6518
40.4835
40.4706
41.1676
41.7768
42.5277
48.7453
49.7397
50.736
50.8271
51.0856
51.8857
52.7477
53.8218
42.7418
43.4158
43.7857
44.1922
44.3892
44.0364
44.1806
43.932
44.4715
43.3266
42.2433
41.2044
41.4437
40.9301
39.9515
39.0322
38.1158
76.2854
76.9349
77.1724
76.9846
76.2888
75.2103
74.0898
73.9449
71.1073
70.7067
70.7933
71.429
71.0725
70.8259
70.4878
70.0378
65.8864
65.2151
64.8538
64.8247
64.7671
64.8448
64.8861
64.7377
42.4222
42.5612
42.5695
42.2614
42.2545
42.5105
42.7523
43.1984
59.1484
59.1445
58.6255
58.2448
58.9146
56.9623
54.7376
53.11
60.6926
39.7848
40.0782
40.0186
39.7224
39.4489
39.5248
40.1983
40.8102
39.762
40.5193
41.5294
41.707
42.2122
43.0138
44.176
45.0727
57.9672
58.0232
58.271
58.2943
58.1015
57.873
57.7971
57.4895
51.3701
51.4541
51.7563
52.0103
52.4551
52.9704
53.3485
53.8907
41.7021
42.2175
42.2977
42.1013
42.0402
41.6807
41.2392
41.1537
56.4289
57.2371
57.59
58.4068
58.4215
58.3109
58.7242
59.0857
58.8162
50.2854
49.9137
49.5806
49.5711
49.5391
49.9587
50.3
50.4265
36.6498
36.178
35.4183
34.6755
34.0044
33.5785
33.7037
34.0472
50.4406
50.0742
49.6014
49.5342
49.0743
48.7585
48.3765
48.3463
48.7936
48.5896
48.4374
49.0316
49.6013
50.4727
51.14
52.0284
60.7784
61.2137
61.7523
61.4076
61.5529
61.7056
62.1766
62.1458
75.9004
75.9745
76.2681
76.7452
77.8907
79.6285
81.1407
82.4682
83.1604
59.0135
59.354
59.5048
59.766
59.5426
58.1809
56.4551
55.1962
46.7472
46.7482
47.1243
47.281
47.3952
47.6493
47.6238
47.2717
37.8331
37.3888
36.8104
36.2329
35.8795
35.2746
33.9517
32.0052
43.3707
43.45
43.7609
43.9284
44.3935
44.6206
44.7184
45.0057
65.6484
65.8623
65.7533
65.6804
65.7417
65.6901
65.7998
66.1708
55.0369
55.5188
56.156
57.2066
58.0888
58.9444
59.5737
60.1171
59.9687
76.115
75.9937
75.0233
74.8805
74.5773
73.1111
70.5387
65.897
65.9024
64.7315
64.3028
64.943
65.2253
65.421
66.0134
65.5537
30.9376
30.8332
30.5232
29.4259
28.159
26.8347
25.8615
25.4519
32.6596
32.8
32.7534
32.2957
32.2926
32.1879
31.7763
31.2861
60.8163
61.3751
62.4598
63.7389
64.8277
65.5908
65.4036
66.1183
65.6901
70.5273
69.8301
68.9096
67.9176
67.2603
67.3334
66.8868
66.478
32.6939
32.5465
32.2824
32.0706
32.1129
32.3009
32.643
32.9225
37.3823
37.2766
37.0482
36.8237
36.7977
36.9063
36.8635
36.3115
51.3379
51.5104
52.5968
53.1738
54.243
54.7855
55.1251
55.6987
29.3991
29.8708
30.6162
31.478
32.3548
33.3699
34.047
34.1082
31.7284
31.7193
31.7674
31.3457
31.3234
31.2623
30.636
29.1812
28.5818
50.4084
50.615
50.6247
50.1905
50.1593
50.1847
50.2771
49.9887
64.5364
64.2965
63.9768
63.7753
63.717
63.9344
64.0719
64.1602
64.578
65.1329
65.5701
65.5565
65.4686
65.1277
65.3903
66.5052
78.0158
79.5714
80.6216
81.1498
80.8919
79.7949
79.0382
77.568
79.6957
79.9543
79.2979
78.5355
78.1455
78.4665
78.7844
79.2937
41.0778
41.4902
41.4287
41.0105
40.0963
39.9899
39.6694
38.7781
37.7695
37.6981
37.4925
37.7413
37.5688
37.6405
37.6668
36.9701
36.5552
67.544
66.6095
65.777
65.0446
64.6228
64.3964
64.451
64.7309
53.6375
54.2512
55.1928
56.1431
57.3806
58.5269
58.2342
58.3932
52.9934
51.8839
51.4145
51.996
52.4346
53.2593
54.2429
55.7158
88.9753
88.055
86.9665
86.0275
83.7769
81.5524
79.121
77.4553
75.8651
47.6405
46.3982
46.1084
45.8681
45.8949
46.1821
46.0165
45.4626
49.8782
49.6423
49.1895
48.6439
47.8145
47.1379
46.7215
45.9983
60.9007
60.2476
59.8207
59.7687
59.5682
59.7695
59.9055
59.9545
54.0572
54.3988
55.0135
55.3743
55.9081
56.4347
57.163
58.1193
70.0493
70.7264
70.7199
70.0629
69.1827
68.2101
67.7021
66.5729
64.0474
62.6132
61.8751
61.2799
60.6922
59.623
58.6141
57.5885
56.6087
36.9463
36.135
35.5927
35.4863
35.4739
35.7362
35.9029
35.9858
48.8537
49.6027
50.3421
50.9091
51.2254
52.6361
54.2456
54.3859
64.9587
64.819
64.7966
64.5873
64.4092
64.4434
64.6808
64.81
37.7638
37.6924
37.6438
37.1402
36.5196
35.9175
35.7211
35.284
52.0613
51.7877
52.0859
52.2234
52.4325
52.2201
52.3778
52.5811
53.0382
70.9009
71.2396
71.5095
71.7124
71.8307
71.9591
71.9887
71.8838
76.8378
76.478
76.0337
76.093
76.0471
75.8713
75.8667
75.7443
49.5369
49.1312
48.3873
48.0544
47.5806
47.2896
47.2852
47.5547
40.8591
40.5554
40.4932
39.9967
39.9441
39.5997
39.4545
39.5935
50.4149
50.4173
50.4389
50.5088
50.7008
50.7466
51.0411
51.1492
50.2117
50.6552
51.638
52.3007
53.1336
53.1398
52.7637
52.0518
51.5342
38.7159
37.999
37.9045
37.9073
38.1983
38.5838
38.7743
38.7559
39.4201
39.1748
38.7504
38.3687
38.3428
38.2743
38.0911
38.5517
64.7959
65.4841
66.3245
67.0393
67.3091
67.3198
67.4905
67.4063
54.8701
54.5675
53.8437
53.1485
52.2136
51.643
50.8207
50.0214
37.7296
36.8076
35.8709
34.8305
34.0347
33.2926
32.905
32.8712
40.6575
40.9773
40.8997
40.6605
40.5358
40.9083
41.5462
42.1776
42.5479
79.3223
79.6972
79.665
79.8011
79.6909
78.9873
78.2995
77.6616
79.3367
77.0963
75.1803
74.5307
74.2109
74.0117
74.1945
74.2181
36.969
37.1069
37.1474
37.7616
38.3555
38.1266
37.7689
37.1877
32.2795
32.6437
32.4491
32.1418
31.9068
31.8374
32.075
32.3956
74.8078
75.6075
75.6266
74.7702
74.2369
73.237
72.0105
71.6519
71.7393
40.6335
41.1726
41.4689
41.8188
41.9439
42.1104
41.9862
41.6184
34.645
34.0081
33.6602
33.1542
32.9912
33.0129
32.5385
32.0657
69.3082
69.174
68.9065
68.8396
69.3308
70.3123
71.6231
73.1959
77.5642
76.4717
75.32
73.7618
72.4112
72.1675
72.284
72.4148
40.3557
40.4828
40.8067
40.6506
40.4056
40.0844
39.7735
39.4296
42.643
42.815
43.0585
43.9683
45.1969
46.642
47.9354
49.148
49.8593
70.1921
70.8543
71.1731
71.2677
71.0498
70.7499
70.184
69.6256
37.687
36.896
36.2045
35.709
35.5623
35.5744
35.5989
34.9726
37.907
37.487
36.8312
36.1631
35.9312
35.9932
35.896
37.1112
73.128
74.5805
75.4027
76.5025
77.7498
78.2599
78.0665
77.7607
71.5787
70.3889
68.5849
66.7736
65.6077
65.1496
64.5607
63.4993
63.5918
32.9381
32.4962
31.4971
30.3998
29.453
28.3993
27.5895
27.5593
40.0376
41.1386
41.5773
41.7569
42.3605
43.5099
45.3877
46.8831
58.8685
59.4164
60.0442
60.7432
61.5852
62.1911
62.4531
62.2199
61.6821
61.3472
61.1949
61.7117
62.2359
62.5135
62.6298
62.5165
50.0568
49.8411
49.9125
49.5961
49.2465
49.0151
49.0197
49.3152
37.3728
37.5848
37.1258
36.4423
35.7731
35.1022
34.395
33.7258
33.6535
32.8107
32.8135
32.4117
31.5983
30.9359
31.017
31.6268
32.4853
58.2462
60.0568
61.3156
62.0128
62.2058
61.9035
61.8743
62.11
61.784
60.6275
59.1505
58.7018
57.959
57.5402
57.1946
56.913
37.9488
37.2608
36.3603
35.5728
34.9413
34.6712
34.6426
34.7023
40.1369
40.492
40.556
40.455
40.4775
40.5229
40.6623
40.543
62.3595
62.73
63.1907
63.6905
64.0269
64.4896
65.4424
66.5773
67.4663
66.9936
67.3351
67.3356
67.2089
67.0041
66.7713
66.1958
65.7912
41.9139
41.3323
40.7829
40.5342
40.2185
39.8718
39.5207
39.2054
42.0145
41.8871
41.5525
40.9974
40.7341
40.9211
41.5758
42.7676
72.3857
73.4186
75.1735
75.7717
75.7667
75.9496
75.8119
75.2602
78.0337
78.9624
78.5105
79.0087
79.0188
78.7225
78.4941
78.0881
77.8706
48.4497
47.6837
46.8434
45.8703
44.8521
43.3683
41.7656
40.8373
39.0946
38.3977
38.331
38.4924
38.5744
38.6387
38.7829
38.8471
56.9049
56.6749
56.5613
56.7172
56.8177
56.6841
55.9642
55.2144
40.6995
40.3772
39.8492
39.4571
39.2352
39.0543
39.0546
39.356
33.5995
33.6757
34.3899
35.3537
36.9249
38.137
39.1331
39.3828
45.9289
47.1553
48.6339
49.8963
50.9288
51.1864
51.6587
51.4686
51.4545
57.1035
56.6896
56.1142
55.5111
54.8439
54.0309
53.3267
52.6134
37.4721
37.3802
37.5016
37.3724
37.3007
37.1988
37.1518
37.0963
42.3788
41.6615
41.418
41.4394
41.8521
42.1954
42.712
43.2475
65.428
65.6389
66.0968
65.7578
65.1603
64.8792
64.6759
64.3378
35.9908
35.5249
34.9329
34.8826
34.6309
34.413
34.7066
34.8144
37.2453
30.0712
30.3355
30.4357
30.5236
30.3752
30.0731
29.771
29.7484
40.002
39.7955
39.6209
39.5769
39.402
39.3002
39.0995
39.136
44.2501
44.3818
44.3614
44.5657
45.0486
45.429
45.4023
45.4564
47.9634
47.4974
47.3319
47.1467
46.8631
46.8746
46.7283
46.3192
50.5592
49.8511
48.8661
47.4334
45.8304
45.3756
45.0865
44.7945
39.4426
39.0597
38.7301
38.6177
38.2427
38.302
38.3288
38.3274
38.5869
34.5172
34.8294
35.3438
35.7677
36.3137
36.8903
37.4635
38.072
32.7991
33.0696
33.2551
33.3427
33.2385
33.329
33.2404
32.9949
39.2836
38.8865
38.844
38.8812
38.953
39.3256
39.5167
39.488
51.8042
51.8271
51.9174
52.0137
52.1569
52.2369
52.099
51.99
47.897
47.6873
47.4485
47.2753
47.4116
47.2783
47.3607
47.1785
47.626
47.2469
46.7292
46.8748
47.0059
47.3243
47.2428
47.1333
47.2088
51.4244
51.0821
50.9513
50.8778
50.8806
50.7373
51.1481
51.47
67.5671
66.8777
65.0685
63.436
62.238
61.0175
59.6592
58.5221
71.7563
71.4522
71.5707
71.2734
71.3104
71.0301
70.102
69.2151
55.3895
55.0306
54.3529
53.8887
53.5988
54.7589
54.7797
54.8739
34.958
35.1796
34.7335
33.7356
34.0191
34.5165
34.9012
34.7718
30.5933
30.4712
29.9708
29.5383
29.3401
28.9201
29.3787
29.4972
29.056
61.5557
61.6644
61.4948
61.272
60.9059
60.752
60.5502
60.3004
67.7755
67.4452
67.3402
67.5847
66.9065
66.1766
67.0474
68.3793
62.4534
62.8572
63.1819
63.7031
63.8675
63.8694
63.8085
63.3787
35.737
35.2155
34.8759
35.1556
35.4821
35.4058
35.2243
34.6703
41.8141
41.6372
41.7665
41.6445
42.2412
43.1167
43.9312
44.7442
46.3997
62.5226
63.592
64.6033
65.0852
65.1797
65.5551
65.9874
66.6414
72.0659
73.4074
73.7449
73.5761
72.9985
72.5148
72.181
72.2227
54.0542
54.0897
54.3343
54.573
55.0785
55.2231
55.2362
55.2556
46.3123
45.4151
44.2341
43.8295
42.9523
41.8543
41.3267
40.717
79.4391
78.3459
77.4613
76.5108
75.9166
75.0646
73.8901
72.9977
55.847
55.8321
55.8143
56.1282
56.8609
57.6394
58.8051
59.8417
60.9043
36.3392
36.3046
36.2972
36.0715
35.9514
35.4038
34.402
33.5137
51.2156
50.472
49.8331
49.4848
49.0224
48.8714
48.5686
48.6923
83.1555
83.4845
83.733
84.1508
85.0946
86.2812
87.0407
87.1773
71.6252
71.5407
71.103
70.5574
70.3186
70.1597
70.0481
70.1954
34.1459
34.0486
33.8771
33.6344
33.3983
33.1057
32.7535
32.3058
36.0297
35.8267
35.5499
35.4369
35.048
34.9083
35.0147
35.3985
35.4249
63.2937
63.538
63.2389
63.033
62.9385
62.6513
62.1764
61.6112
41.9638
41.9118
42.052
42.1022
42.4155
42.7127
42.8735
43.3042
32.9736
33.3685
33.4056
33.6422
33.8391
33.8897
33.6477
33.6023
51.0004
50.9656
51.3103
51.3044
51.2503
50.6361
50.2061
49.7815
81.148
80.3859
80.1523
81.3374
81.0017
81.8698
80.7292
80.2306
78.9156
83.7596
83.1351
81.5843
81.1435
80.3699
80.967
81.7359
82.7371
66.6342
67.9328
69.214
68.8638
69.066
69.2011
69.7492
69.0807
87.3417
86.4676
85.0572
83.9005
83.5141
83.6056
83.3663
82.7739
57.5713
58.1577
58.6192
58.6639
58.036
56.2366
54.5604
54.0377
34.6026
34.3935
33.974
31.8243
30.3679
29.7268
29.1177
28.7411
49.5579
49.3378
49.59
49.9301
50.6122
51.6037
53.2458
55.0484
56.5906
67.3312
68.044
68.1491
68.8698
69.3703
70.5309
71.8825
71.692
88.5809
87.1298
86.9151
86.9772
86.855
86.6509
85.7091
84.4717
41.8102
41.6727
41.3529
40.958
40.0565
39.3822
38.8891
38.7202
27.7494
28.2728
28.8283
29.6459
29.947
30.0885
30.375
29.2272
29.4909
29.2344
30.4641
32.952
32.7606
32.1563
31.3576
30.8498
30.6048
40.8817
41.3475
41.6247
41.1506
40.9937
40.8016
40.7738
40.4988
30.0519
30.1989
30.3541
30.4391
30.7642
31.0505
31.4585
31.8823
38.8242
38.9477
38.8857
38.6978
38.7423
38.9635
38.8702
38.5607
36.5247
36.515
36.0409
35.3543
34.6618
34.1792
34.1447
34.1149
36.0021
36.0358
35.9225
36.0368
36.7081
37.2143
37.5123
37.6085
40.2458
40.5665
40.7851
40.8733
40.8309
40.8359
40.8981
40.8251
40.8221
41.0737
41.0043
40.8319
40.7214
40.6958
40.6064
40.4572
40.4659
41.6661
41.322
41.4545
41.3647
41.2779
40.9233
41.0057
41.0237
42.0284
41.8226
41.9254
41.9937
42.1158
42.16
42.0937
42.0804
46.077
45.7776
45.9769
45.9384
46.0366
45.7176
46.2722
46.0085
44.4808
44.3902
44.569
44.5788
44.7972
44.7549
44.8005
45.0059
43.8022
43.8145
43.9239
43.9156
43.7799
43.8927
43.8783
43.6449
43.5999
38.4628
38.4731
38.5343
38.3815
38.2282
37.9603
37.7376
37.7503
35.0472
34.9322
34.7833
34.76
34.6296
34.5932
34.4684
34.6015
38.5882
38.7149
38.6836
38.6826
38.9309
38.9209
39.158
39.1804
45.681
45.7536
45.7604
45.7342
46.0201
45.7741
45.8121
45.6838
44.2767
44.0809
44.1049
44.1493
44.1145
44.4055
44.2484
44.2913
44.3412
40.1468
40.4076
40.1481
40.2968
40.4272
40.4076
40.1984
40.3656
54.0666
54.0028
53.8213
53.6971
53.7018
53.8029
53.6111
53.7357
60.6518
60.8124
60.6771
60.5968
60.7197
60.5639
60.6737
60.4317
55.9411
55.8367
55.8508
56.139
55.8106
55.8206
56.1299
55.8373
47.4869
47.6396
47.4687
47.5232
47.5999
47.3616
47.4967
47.5818
47.5547
47.8024
47.7281
47.7882
47.7542
47.9581
47.7417
47.6336
47.667
47.3185
47.3921
47.247
47.3885
47.3015
47.2111
47.3151
47.291
45.5482
45.5014
45.4651
45.4561
45.5701
45.5808
45.5128
45.3556
46.2495