-1.67754
-1.68816
-1.69199
-1.66069
-1.67208
-1.67423
-1.70129
-1.6792
-1.67742
-1.69914
-1.67378
-1.66618
-1.69197
-1.67312
-1.67571
-1.6795
-1.66862
-1.70409
-1.68652
-1.69414
-1.66937
-1.67678
-1.68269
-1.67956
-1.67947
-1.68269
-1.68883
-1.67257
-1.68452
-1.67663
-1.69823
-1.68006
-1.68761
-1.67337
-1.69986
-1.67652
-1.67695
-1.68232
-1.69363
-1.67943
-1.68461
-1.68079
-1.68566
-1.67902
-1.68694
-1.70141
-1.67092
-1.70421
-1.68094
-1.6743
-1.69055
-1.68005
-1.68232
-1.69547
-1.68319
-1.70009
-1.67776
-1.68124
-1.69442
-1.69554
-1.68165
-1.68362
-1.68478
-1.67555
-1.68711
-1.6789
-1.68443
-1.68793
-1.67692
-1.68272
-1.69934
-1.67617
-1.67844
-1.67605
-1.67567
-1.67705
-1.67271
-1.67342
-1.67783
-1.66892
-1.6799
-1.68224
-1.70371
-1.67036
-1.67386
-1.67368
-1.68213
-1.68718
-1.68102
-1.68182
-1.67742
-1.67567
-1.67692
-1.69989
-1.684
-1.6844
-1.67498
-1.68763
-1.67645
-1.67938
-1.68116
-1.66939
-1.66902
-1.67106
-1.67574
-1.67803
-1.65968
-1.65919
-1.6618
-1.63046
-1.6372
-1.62684
-1.60325
-1.57904
-1.62031
-1.64957
-1.62185
-1.58491
-1.62999
-1.63467
-1.62219
-1.63142
-1.59837
-1.59964
-1.58944
-1.61802
-1.59764
-1.61897
-1.61383
-1.60008
-1.54014
-1.52633
-1.50535
-1.64052
-1.5808
-1.6468
-1.66384
-1.67478
-1.64521
-1.66804
-1.65932
-1.65137
-1.67555
-1.6107
-1.60745
-1.56879
-1.64584
-1.6927
-1.69055
-1.74243
-1.7521
-1.78732
-1.7549
-1.61004
-1.49994
-1.44404
-1.51367
-1.47147
-1.6034
-1.88549
-1.75475
-1.51974
-1.4555
-1.37781
-1.24811
-1.29638
-1.2608
-1.28602
-1.31725
-1.27428
-1.39851
-1.54862
-1.45065
-1.12099
-1.12101
-1.16416
-1.18667
-1.29937
-1.38594
-1.47865
-1.55542
-1.7054
-1.79576
-1.91601
-1.85113
-1.62372
-1.47378
-1.36366
-1.28978
-1.21647
-1.1827
-1.21239
-1.29729
-1.32931
-1.46437
-1.58697
-1.49411
-1.33916
-1.14741
-1.22946
-1.28765
-1.41444
-1.46727
-1.50312
-1.63141
-1.49963
-1.39585
-1.31919
-1.45409
-1.45874
-1.44846
-1.45609
-1.41423
-1.35326
-1.37434
-1.34126
-1.28536
-1.2763
-1.23623
-1.18556
-1.15876
-1.10272
-1.00469
-0.984527
-1.32915
-1.29865
-1.31978
-2.04204
-2.05684
-2.03485
-2.05985
-2.04923
-1.95732
-1.93919
-2.00015
-1.97528
-1.89079
-1.92771
-1.98497
-2.01263
-2.06976
-2.09518
-2.13886
-2.18587
-2.18358
-2.19006
-2.20566
-2.22486
-2.17304
-2.1729
-2.1969
-2.1834
-2.04361
-1.89408
-1.74534
-1.61128
-1.50987
-1.41825
-1.4066
-1.26565
-1.19859
-1.0993
-0.994944
-0.899384
-0.867263
-0.839612
-0.820464
-0.812718
-0.808745
-0.78263
-0.777032
-0.75829
-0.740131
-0.74025
-0.742394
-0.736478
-0.740906
-0.771988
-0.790309
-0.796998
-0.813398
-0.803809
-0.788037
-0.773355
-0.762502
-0.747722
-0.724541
-0.708447
-0.708358
-0.71214
-0.720716
-0.724834
-0.735641
-0.724028
-0.734551
-0.798291
-0.748727
-0.730837
-0.737573
-0.719759
-0.757118
-0.809425
-0.80443
-0.847124
-0.881871
-0.863351
-0.864027
-0.829775
-0.830315
-0.801201
-0.794248
-0.78461
-0.75356
-0.696263
-0.675985
-0.617172
-0.620597
-0.702602
-0.697225
-0.678944
-0.708271
-0.70011
-0.678664
-0.67585
-0.684366
-0.693645
-0.728373
-0.738186
-0.747853
-0.753608
-0.756074
-0.755942
-0.765859
-0.760029
-0.749862
-0.785726
-0.811458
-0.818276
-0.846588
-0.829281
-0.807992
-0.82376
-0.826928
-0.828762
-0.837645
-0.841944
-0.855481
-0.884098
-0.901114
-0.926457
-0.944977
-0.969395
-0.975338
-0.992694
-0.992855
-0.959852
-0.916486
-0.848158
-0.811904
-0.79635
-0.779848
-0.774245
-0.734633
-0.711483
-0.699598
-0.719903
-0.758271
-0.774009
-0.900604
-1.09195
-1.16991
-1.14919
-1.11979
-1.10172
-1.09805
-1.06506
-1.03038
-1.01871
-1.02513
-1.03596
-1.05306
-1.0779
-1.08978
-1.10868
-1.09746
-1.16513
-1.3123
-1.31156
-1.42748
-1.41058
-1.37777
-1.33105
-1.27434
-1.24758
-1.19971
-1.08814
-1.01768
-0.921561
-0.892773
-0.951876
-0.947192
-0.942724
-1.00753
-1.05846
-1.00526
-0.999823
-0.945645
-0.774218
-0.791909
-0.852714
-0.734382
-0.785256
-0.814242
-0.568543
-0.641318
-0.605711
-0.430784
-0.409449
-0.36595
-0.39152
-0.418329
-0.430636
-0.401695
-0.365959
-0.392539
-0.462761
-0.556142
-0.637275
-0.55073
-0.647769
-0.548133
-0.423221
-0.576506
-0.498453
-0.747843
-0.76551
-0.821549
-1.15889
-1.22765
-1.20995
-1.12822
-1.09888
-1.13915
-1.18308
-1.12927
-1.1714
-1.19141
-1.18806
-1.20752
-1.17362
-1.17469
-1.15358
-1.12749
-1.04126
-0.960278
-0.948081
-0.799284
-0.72485
-0.908896
-0.829829
-0.782932
-0.931281
-0.899909
-0.891865
-1.18164
-1.12342
-1.14627
-1.35776
-1.37229
-1.41718
-0.976797
-1.18292
-1.30079
-0.981108
-1.10067
-1.19217
-0.927631
-0.870063
-0.786775
-1.01448
-0.880432
-0.772248
-0.934044
-0.826153
-0.81682
-0.976774
-0.977952
-0.934215
-0.859011
-0.906753
-1.02915
-1.03531
-1.14593
-1.34097
-1.19975
-1.41005
-1.58824
-1.55664
-1.32062
-1.07826
-1.2744
-0.936171
-0.720433
-0.755291
-0.747302
-0.907229
-0.937679
-0.838678
-0.679773
-0.74163
-1.03549
-1.34098
-1.57353
-1.76744
-1.87275
-1.50794
-1.70107
-1.36743
-1.15197
-0.996779
-0.957908
-1.10049
-0.975697
-0.892583
-1.03848
-1.05024
-1.10385
-1.46758
-1.54871
-1.70347
-1.31993
-1.46931
-1.59934
-1.69639
-1.60115
-1.2709
-1.10029
-1.03571
-0.999796
-1.061
-0.741718
-0.647358
-0.727117
-0.732629
-0.738916
-0.725697
-0.869084
-0.964197
-1.18864
-1.49794
-1.68868
-1.72342
-1.71422
-1.60778
-1.4777
-1.23832
-1.05904
-0.985619
-0.780748
-0.647242
-0.616447
-0.804805
-0.827237
-0.791726
-0.594792
-0.699529
-0.832448
-1.05246
-1.30185
-1.39205
-1.47588
-1.5511
-1.55601
-1.44798
-1.24107
-1.07824
-0.842337
-0.656346
-0.750412
-0.815258
-0.914012
-0.850119
-0.854284
-0.839921
-0.757656
-0.597855
-0.647593
-0.867712
-1.07927
-1.19449
-1.26483
-1.39504
-1.48484
-1.528
-1.54086
-1.36337
-1.2122
-1.08551
-1.06733
-1.13328
-1.15419
-1.20372
-1.18603
-1.191
-1.16877
-1.19186
-1.31989
-1.42797
-1.52523
-1.66472
-1.74118
-1.67113
-1.62688
-1.4922
-1.4377
-1.38031
-1.35932
-1.44718
-1.44551
-1.46294
-1.49716
-1.51276
-1.54745
-1.58537
-1.60252
-1.64166
-1.67567
-1.68706
-1.68475
-1.64963
-1.64624
-1.53233
-1.5078
-1.48579
-1.44714
-1.37237
-1.26201
-1.20838
-1.10361
-0.990005
-0.92166
-0.872048
-0.907544
-0.976071
-1.05922
-1.20775
-1.33637
-1.38393
-1.43893
-1.49406
-1.54186
-1.59003
-1.65575
-1.62328
-1.59992
-1.63391
-1.71004
-1.72922
-1.75734
-1.77478
-1.82494
-1.80294
-1.71533
-1.62598
-1.57123
-1.5116
-1.4778
-1.42675
-1.33014
-1.30483
-1.27234
-1.18048
-1.19828
-1.1471
-1.01296
-1.02661
-1.07554
-1.01431
-1.1229
-1.07801
-0.940479
-0.942513
-0.914452
-0.834069
-0.885289
-0.934462
-0.666318
-0.78589
-0.929415
-0.797863
-0.878219
-0.798479
-0.695773
-0.756363
-0.684538
-0.587738
-0.548116
-0.679285
-0.439779
-0.501097
-0.641851
-0.543372
-0.575132
-0.677785
-0.859901
-1.12526
-1.01421
-1.08076
-0.954712
-1.04422
-1.07687
-0.699184
-0.556581
-0.550649
-0.609398
-0.671519
-0.780831
-0.910888
-0.977857
-0.987096
-0.84684
-0.704185
-0.718358
-0.822026
-0.948392
-0.97562
-0.619633
-0.549145
-0.496328
-0.560721
-0.594506
-0.580845
-0.600181
-0.635481
-0.727921
-0.787982
-0.922609
-1.0364
-1.18198
-1.1229
-1.1719
-0.968155
-0.902
-0.927143
-0.879297
-1.16837
-1.25558
-1.03504
-1.16889
-0.9661
-0.799368
-1.0038
-1.10254
-0.876219
-1.22753
-1.57175
-1.19869
-1.32913
-1.50634
-1.67813
-1.59574
-1.49336
-0.981324
-0.790422
-0.94499
-0.907715
-0.770767
-0.694636
-0.649757
-0.600416
-0.613465
-0.564082
-0.493634
-0.532202
-0.599705
-0.808531
-0.894316
-0.916031
-0.900969
-1.38188
-1.42892
-1.48518
-1.50596
-1.58315
-1.63916
-1.59173
-1.61039
-1.59734
-1.6203
-1.62748
-1.50176
-1.45012
-1.43213
-1.35027
-1.86938
-1.74444
-1.61112
-1.4982
-1.46079
-1.47712
-1.89668
-1.96221
-1.99112
-1.58153
-1.64898
-1.62062
-1.86851
-1.60943
-1.55839
-1.57955
-1.62528
-1.58343
-1.82981
-1.42466
-1.3479
-1.87625
-1.80475
-1.80938
-1.89314
-1.9696
-2.01761
-2.09239
-2.15469
-2.12319
-2.14269
-2.02989
-1.85605
-1.7756
-1.75868
-1.78567
-1.79083
-1.78466
-1.77718
-1.77705
-1.77703
-1.77411
-1.75806
-1.75678
-1.786
-1.78499
-1.73285
-1.66839
-1.64462
-1.64673
-1.62861
-1.61854
-1.6201
-1.62606
-1.594
-1.60231
-1.56727
-1.53608
-1.53295
-1.54977
-1.58045
-1.59843
-1.59722
-1.60454
-1.59836
-1.60672
-1.61423
-1.62811
-1.64229
-1.66283
-1.64587
-1.67217
-1.59187
-1.54167
-1.524
-1.52479
-1.53303
-1.5454
-1.52358
-1.56941
-1.58776
-1.6501
-1.66828
-1.67497
-1.68962
-1.68213
-1.66844
-1.62952
-1.62476
-1.61858
-1.60941
-1.58057
-1.55231
-1.4929
-1.3864
-1.34744
-1.28642
-1.25936
-1.24221
-1.19749
-1.32263
-1.49512
-1.64928
-1.68484
-1.54098
-1.40822
-1.22885
-1.24416
-1.37051
-1.36414
-1.424
-1.47806
-1.48496
-1.49384
-1.47591
-1.39542
-1.39636
-1.45262
-1.47366
-1.49593
-1.5227
-1.54566
-1.53509
-1.50982
-1.46657
-1.41762
-1.23919
-1.05818
-0.88254
-0.766634
-0.670587
-0.624201
-0.724584
-0.721907
-0.683636
-0.776879
-0.803827
-0.778788
-0.818458
-0.876686
-0.930106
-0.976851
-1.01654
-1.07386
-1.06563
-1.08806
-1.12995
-1.21867
-1.37618
-1.49949
-1.55135
-1.61465
-1.64535
-1.61054
-1.66714
-1.69425
-1.72286
-1.76864
-1.82946
-1.87544
-1.93963
-1.97498
-1.96067
-1.98833
-2.01456
-2.01762
-1.97653
-2.01155
-1.97771
-2.06878
-2.16579
-1.67269
-1.89533
-1.91861
-1.58255
-1.85028
-1.91438
-1.42088
-1.63546
-1.75587
-1.71781
-1.90445
-2.00164
-1.87591
-1.72382
-1.81242
-1.84863
-1.87261
-1.91637
-1.86429
-1.83574
-1.90176
-1.90516
-1.92847
-1.91325
-1.94784
-2.35941
-2.29415
-2.08339
-1.95455
-2.00941
-2.01263
-1.90964
-1.9574
-1.93304
-1.90551
-1.85185
-1.70236
-1.50741
-1.21172
-0.814486
-0.873114
-0.797197
-0.464603
-0.390923
-0.321424
-0.233083
-0.278385
-0.355583
-0.356814
-0.329849
-0.349515
-0.58486
-0.620342
-0.686393
-0.549123
-0.764585
-0.981952
-0.955167
-1.2233
-1.49894
-1.58261
-1.75588
-1.81923
-1.38784
-0.994692
-1.15104
-1.22354
-1.31872
-1.10452
-0.931482
-0.866067
-0.867907
-0.844547
-0.809823
-0.867162
-0.80077
-0.997345
-1.13161
-1.06843
-1.0595
-0.915637
-0.952397
-0.980338
-0.873685
-0.855938
-0.833191
-0.690619
-0.706846
-0.97983
-1.07264
-1.41854
-1.3955
-1.38757
-1.13153
-1.35958
-1.38868
-0.953327
-0.603876
-0.570816
-0.830925
-0.908661
-1.00775
-1.67412
-1.6712
-1.67623
-1.74844
-1.72959
-1.81803
-1.61248
-1.21252
-1.13645
-0.937665
-0.775835
-0.657965
-0.836319
-0.852515
-0.831649
-0.757712
-0.732331
-0.644509
-0.883973
-0.780872
-0.727741
-0.899807
-0.997699
-1.08497
-1.42813
-1.4329
-1.50527
-1.58767
-1.63674
-1.66273
-1.53365
-1.45565
-1.44807
-1.39121
-1.38368
-1.46162
-1.50415
-1.60724
-1.70216
-1.69963
-1.72653
-1.74374
-1.79255
-1.86019
-1.89953
-1.9568
-1.97453
-1.97144
-2.03149
-2.00034
-2.09873
-2.12541
-2.15079
-2.21406
-2.14071
-2.13292
-2.02669
-1.59827
-1.90614
-1.97538
-1.50176
-1.52787
-1.50668
-1.53452
-1.49252
-1.5126
-1.67201
-1.7084
-1.80152
-1.86984
-1.85951
-1.89241
-2.50535
-2.1331
-2.16252
-2.75896
-2.68053
-2.68961
-2.01318
-2.32203
-2.32621
-1.46366
-1.4444
-1.43764
-0.79029
-0.862604
-0.849575
-0.621824
-0.73674
-0.636926
-0.41595
-0.354658
-0.445213
-0.493525
-0.47593
-0.542048
-0.547768
-0.554493
-0.500006
-0.680812
-0.880753
-0.818522
-0.863282
-1.00777
-0.887295
-0.875485
-0.967914
-0.582024
-0.487664
-0.477903
-0.591087
-0.835263
-1.00079
-0.765672
-0.666508
-0.605598
-0.733134
-0.97377
-1.30914
-0.882036
-0.51771
-0.45549
-0.508874
-0.741312
-0.563781
-0.517606
-0.366263
-0.417281
-0.682883
-0.879873
-1.17405
-0.776537
-0.412284
-0.374811
-0.357144
-0.289241
-0.27502
-0.194747
-0.315013
-0.323579
-0.441078
-0.608261
-0.809615
-0.389774
-0.341787
-0.35713
-0.372149
-0.477576
-0.321619
-0.340115
-0.594164
-0.660781
-0.470186
-0.374697
-0.339768
-0.355347
-0.373404
-0.363657
-0.307514
-0.279705
-0.285992
-0.369385
-0.396568
-0.477269
-0.633095
-0.511617
-0.521424
-0.520619
-0.620319
-0.608655
-0.55288
-0.505414
-0.520917
-0.973395
-0.862774
-0.612356
-0.473152
-0.405608
-0.318686
-0.217088
-0.226577
-0.549777
-0.629984
-0.712241
-0.692294
-0.677357
-0.530222
-0.678606
-0.772434
-0.48568
-0.439354
-0.319641
-0.531963
-0.554104
-0.60067
-0.676273
-0.869416
-0.953644
-0.814146
-0.782073
-0.736991
-0.698371
-0.706102
-0.737034
-0.800915
-0.854337
-0.865615
-0.921615
-1.02006
-1.28116
-1.10453
-0.918171
-0.883363
-0.805875
-0.758456
-0.744649
-0.84103
-1.02265
-1.03578
-0.998093
-0.870477
-0.852244
-0.834934
-0.904718
-0.978599
-1.04501
-1.12853
-1.27391
-1.31111
-1.12237
-1.07387
-1.06949
-1.05023
-1.11858
-1.19102
-1.34165
-1.46878
-1.53893
-1.29254
-1.20786
-1.10998
-1.07395
-1.02332
-1.06239
-1.09122
-1.06323
-1.87444
-1.7997
-1.62886
-2.28524
-2.16858
-2.00384
-2.00488
-2.0681
-2.13912
-1.68331
-1.45552
-1.2482
-1.76225
-1.68023
-1.62808
-1.69157
-1.77173
-1.91254
-1.92509
-1.94375
-1.88542
-1.70991
-1.58884
-1.49962
-1.41352
-1.36936
-1.42612
-1.45902
-1.58506
-1.54105
-1.29656
-1.15589
-1.17081
-1.3092
-1.3163
-1.35335
-1.41568
-1.41496
-1.34369
-1.32048
-1.29314
-1.43558
-1.45968
-1.54046
-1.51368
-1.34952
-1.23567
-1.19631
-1.19923
-1.1743
-1.17969
-1.15875
-1.17386
-1.10096
-1.08664
-1.02469
-1.08973
-1.12292
-1.20404
-1.27581
-1.28783
-1.23961
-1.07281
-0.96068
-0.952228
-0.824911
-0.830737
-0.835603
-0.82982
-0.90038
-0.899016
-0.947328
-1.02599
-1.04679
-0.999741
-0.86998
-0.768734
-0.741772
-0.912718
-0.91877
-0.811704
-0.683189
-0.741431
-0.911413
-1.03862
-1.25455
-1.46983
-1.44427
-1.39534
-1.20592
-1.13375
-1.14294
-1.13461
-1.18017
-1.25839
-1.41908
-1.33922
-1.48834
-1.73552
-1.81674
-1.64206
-1.48803
-1.44649
-1.40998
-1.43061
-1.40672
-1.40175
-1.4403
-1.42151
-1.5118
-1.63972
-1.46806
-1.68615
-1.90445
-1.38567
-1.24154
-1.06489
-1.20367
-1.20802
-1.24665
-1.43839
-1.43509
-1.43426
-1.47645
-1.5363
-1.5087
-1.36419
-1.27378
-1.20584
-1.3317
-1.40404
-1.61818
-1.76406
-1.83602
-1.71008
-1.54665
-1.42132
-1.48966
-1.53351
-1.56678
-1.56231
-1.40853
-1.51939
-1.73324
-1.41672
-1.24479
-0.996734
-1.27039
-1.18822
-1.0769
-1.35786
-1.36061
-1.27475
-1.25491
-1.2711
-1.38012
-0.991566
-1.32581
-1.33117
-0.838726
-0.741383
-0.62898
-0.906295
-0.928473
-1.06009
-1.07424
-1.05222
-1.22037
-0.98505
-1.23819
-1.24304
-1.06053
-0.919267
-0.844411
-0.921694
-1.06442
-1.0707
-1.1158
-1.28596
-1.56344
-1.57627
-1.54325
-1.47648
-1.42793
-1.34711
-1.37977
-1.36721
-1.20318
-1.27998
-1.27957
-1.35096
-1.20802
-1.04468
-0.905195
-0.862252
-0.526519
-0.578753
-0.606525
-0.564566
-0.651466
-0.500646
-0.509564
-0.808711
-0.966654
-0.796741
-0.863881
-0.941749
-0.645111
-0.469851
-0.48074
-0.598545
-0.673893
-0.807817
-0.62188
-0.795868
-1.09954
-1.12694
-1.04662
-1.23051
-1.51781
-1.46008
-0.983313
-0.745892
-0.522299
-0.434376
-0.317152
-0.297786
-0.240489
-0.186118
-0.153732
-0.180174
-0.23233
-0.211087
-0.225652
-0.403913
-0.460347
-0.461843
-0.703037
-0.724656
-0.740815
-1.18185
-1.03893
-1.04388
-1.47352
-1.5273
-1.54676
-1.54706
-1.6098
-1.65529
-1.80374
-1.89708
-2.03814
-2.39725
-2.33486
-2.22475
-2.04455
-2.07644
-2.18261
-2.23574
-2.19401
-2.25619
-2.30565
-2.3481
-2.54389
-2.61614
-2.68813
-2.757
-2.71235
-2.7523
-2.80129
-2.83038
-2.95095
-2.93305
-2.88297
-2.95585
-2.99967
-2.1417
-2.22484
-2.31851
-2.23186
-2.30689
-2.32459
-2.08019
-1.63792
-1.60958
-1.67304
-1.68442
-1.89181
-1.83868
-1.9456
-1.89724
-1.63363
-1.63874
-1.68773
-1.85757
-1.88054
-1.76315
-1.65002
-1.69743
-1.62632
-1.94258
-1.6948
-1.60385
-1.3165
-1.25432
-1.2137
-1.0742
-1.10327
-1.18283
-0.934078
-0.97962
-0.961906
-0.999985
-1.06824
-0.943104
-0.891887
-0.790017
-0.804913
-1.26968
-1.33833
-1.36506
-1.3264
-1.3654
-1.40607
-1.42177
-1.45258
-1.48528
-1.48267
-1.47851
-1.46112
-1.43795
-1.51187
-1.52554
-1.52785
-1.55224
-1.52887
-1.50182
-1.47963
-1.49894
-1.44039
-1.47484
-1.5564
-1.53092
-1.50941
-1.49246
-1.48
-1.37606
-1.33945
-1.37576
-1.37652
-1.35438
-1.32063
-1.27019
-1.30837
-1.20816
-1.23152
-1.30714
-1.44412
-1.49441
-1.50893
-1.52411
-1.58966
-1.59213
-1.64991
-1.61836
-1.51323
-1.52273
-1.51491
-1.54692
-1.58634
-1.65822
-1.6362
-1.7281
-1.72716
-1.73457
-1.7558
-1.72705
-1.73597
-1.71293
-1.71552
-1.72944
-1.74383
-1.71144
-1.69239
-1.67005
-1.64571
-1.65606
-1.66453
-1.61167
-1.57161
-1.50991
-1.45805
-1.46654
-1.39406
-1.38144
-1.33973
-1.27528
-1.24465
-1.19361
-1.14308
-1.10197
-0.981855
-0.907335
-0.815166
-0.771599
-0.727557
-0.676299
-0.659637
-0.653551
-0.641713
-0.638924
-0.627738
-0.652133
-0.634894
-0.489379
-0.614909
-0.703137
-0.562317
-0.6145
-0.565106
-0.621139
-0.73764
-0.691277
-0.730584
-0.784806
-0.886119
-0.894516
-0.959217
-0.989143
-1.03653
-0.973
-0.823141
-0.778007
-0.71937
-0.678804
-0.706568
-0.809318
-0.870672
-0.710124
-0.673911
-0.880703
-0.828655
-0.790953
-0.804275
-0.861328
-0.865029
-0.879014
-0.770361
-0.803686
-0.854869
-0.818916
-0.698658
-0.676614
-0.646619
-0.641706
-0.656263
-0.705352
-0.795913
-0.650382
-0.602958
-0.58182
-0.596052
-0.540089
-0.537063
-0.47359
-0.392551
-0.36121
-0.298837
-0.40888
-0.569678
-0.68463
-0.598439
-0.557556
-0.561366
-0.608159
-0.630017
-0.595203
-0.601747
-0.639811
-0.629146
-0.605208
-0.607608
-0.462289
-0.309933
-0.256284
-0.329938
-0.522252
-0.566115
-0.596422
-0.564084
-0.528952
-0.542459
-0.610348
-0.636138
-0.69723
-0.769708
-0.863576
-1.02506
-1.0722
-1.14753
-1.18303
-1.2464
-1.23457
-1.26303
-1.23943
-1.24331
-1.22913
-1.23638
-1.23256
-1.21755
-1.14289
-1.1084
-1.05947
-0.924563
-0.845669
-0.850679
-0.786662
-0.752253
-0.764792
-0.793089
-0.803893
-0.883791
-0.91422
-0.914334
-0.907549
-0.911286
-0.872297
-0.861345
-0.866795
-0.845139
-0.812314
-0.815968
-0.742452
-0.751782
-0.784646
-0.908816
-0.994355
-1.00843
-0.994338
-1.00482
-0.992317
-1.03313
-1.05223
-1.06105
-1.04731
-1.03536
-1.04488
-1.02267
-1.00414
-1.0023
-1.00187
-1.0021
-1.00106
-1.0019
-0.995143
-0.985496
-0.960871
-0.947876
-0.890329
-0.845023
-0.7936
-0.778283
-0.726392
-0.702946
-0.659764
-0.67858
-0.665231
-0.608443
-0.596298
-0.598911
-0.700409
-0.827072
-0.972122
-1.06258
-1.09374
-1.08422
-0.910809
-0.7146
-0.641954
-0.60892
-0.577041
-0.538584
-0.499254
-0.481943
-0.446652
-0.19082
-0.39643
-0.23233
-0.233817
-0.324976
-0.382613
-0.499464
-0.500616
-0.515471
-0.425535
-0.479777
-0.478735
-0.511833
-0.511979
-0.512872
-0.4296
-0.476808
-0.478782
-0.512495
-0.517036
-0.515219
-0.431025
-0.431775
-0.431048