-1.14163
-1.13735
-1.15866
-1.16208
-1.15982
-1.15424
-1.15038
-1.15086
-1.1474
-1.15171
-1.15352
-1.14853
-1.14995
-1.14774
-1.15986
-1.16314
-1.15893
-1.15695
-1.15285
-1.15953
-1.14933
-1.15056
-1.15499
-1.14301
-1.15452
-1.15125
-1.14101
-1.14341
-1.15099
-1.15199
-1.15277
-1.1517
-1.15018
-1.15255
-1.1556
-1.14993
-1.15945
-1.15274
-1.15214
-1.15399
-1.14848
-1.14911
-1.15382
-1.15402
-1.14275
-1.14863
-1.14512
-1.15404
-1.15178
-1.15268
-1.16041
-1.15185
-1.15211
-1.15715
-1.15609
-1.16339
-1.14845
-1.14862
-1.14856
-1.15613
-1.15726
-1.15516
-1.14951
-1.15012
-1.15003
-1.15095
-1.15296
-1.14831
-1.14461
-1.13831
-1.13384
-1.12157
-1.09578
-1.07346
-1.08216
-1.05766
-1.0634
-1.08943
-1.13603
-1.18477
-1.00187
-1.04106
-1.04957
-1.066
-1.10157
-1.12398
-1.15268
-1.15334
-1.16255
-1.15185
-1.13231
-1.14405
-1.18967
-1.21335
-1.20774
-1.1991
-1.19526
-1.20131
-1.2126
-1.20926
-1.21034
-1.21617
-1.21794
-1.20616
-1.21723
-1.223
-1.14951
-1.04706
-1.05358
-1.12981
-1.24676
-1.39952
-1.41941
-1.41394
-1.41765
-1.40938
-1.38372
-1.36412
-1.25725
-1.12448
-1.07232
-1.07211
-1.38821
-1.44285
-1.48
-1.31553
-1.31231
-1.30685
-1.28258
-1.30265
-1.30941
-1.2858
-1.25061
-1.23348
-1.16041
-1.08163
-1.13628
-1.1299
-1.16376
-1.19068
-1.1991
-1.22061
-1.24947
-1.21772
-1.25077
-1.25065
-1.26732
-1.2893
-1.30488
-1.32604
-1.33992
-1.36802
-1.34333
-1.35328
-1.35705
-1.32524
-1.30802
-1.29402
-1.30962
-1.34083
-1.40127
-1.45361
-1.42848
-1.40323
-1.39227
-1.3531
-1.33041
-1.29905
-1.28152
-1.2919
-1.28728
-1.31276
-1.33442
-1.34974
-1.37678
-1.40516
-1.39651
-1.41194
-1.40714
-1.42699
-1.44678
-1.47593
-1.47952
-1.5115
-1.51006
-1.48985
-1.48573
-1.47104
-1.48745
-1.47686
-1.44862
-1.4185
-1.39043
-1.30132
-1.25094
-1.19303
-1.13291
-1.06862
-0.958777
-0.877171
-0.864357
-0.797131
-0.75049
-0.720728
-0.677395
-0.698325
-0.732656
-0.74516
-0.758576
-0.839827
-0.776082
-0.758934
-0.780622
-0.788343
-0.811722
-0.830885
-0.82827
-0.807941
-0.770898
-0.739238
-0.704575
-0.655994
-0.696688
-0.720996
-0.957431
-1.01558
-1.01667
-0.89603
-0.936405
-0.924914
-0.89185
-0.944678
-0.95697
-0.964631
-0.962928
-0.981326
-0.983774
-0.993027
-0.985569
-0.967065
-0.912334
-0.834528
-0.812893
-0.729199
-0.769497
-0.804535
-0.811314
-0.832023
-0.866964
-0.874135
-0.932181
-0.792745
-0.75603
-0.735458
-0.67632
-0.668032
-0.676763
-0.685244
-0.731684
-0.78095
-1.07483
-1.14333
-1.02904
-0.87125
-0.732057
-0.693804
-0.610383
-0.624051
-0.690577
-0.723177
-0.736555
-0.787185
-0.829485
-0.816789
-0.755957
-0.736431
-0.683884
-0.599806
-0.572333
-0.56489
-0.595771
-0.640448
-0.718128
-0.740337
-0.757214
-0.723599
-0.700565
-0.934319
-0.871632
-0.882927
-0.716362
-0.666758
-0.634269
-0.651859
-0.720867
-0.819016
-0.864952
-0.870307
-0.776366
-0.756591
-0.735076
-0.695133
-0.646076
-0.636814
-0.71598
-0.737299
-0.796057
-0.862125
-0.872672
-0.889934
-0.920287
-1.10996
-1.05043
-0.940416
-1.07471
-1.05339
-1.02782
-0.829948
-0.887815
-0.896671
-0.888144
-0.887331
-0.873142
-0.826716
-0.796915
-0.768223
-0.734458
-0.715528
-0.675322
-0.666942
-0.673156
-0.689544
-0.711857
-0.70776
-0.717725
-0.729797
-0.771413
-0.703233
-0.750471
-0.764356
-0.758966
-0.820355
-0.793849
-0.775265
-0.794221
-0.809714
-0.810911
-0.80719
-0.811938
-0.808295
-0.793941
-0.851321
-0.856037
-0.844577
-0.857174
-0.884857
-0.95207
-0.935894
-0.941009
-0.944057
-0.955288
-0.949756
-0.915666
-0.943507
-0.932483
-0.92868
-0.948341
-0.960359
-0.917003
-0.924137
-0.918353
-0.800544
-0.743331
-0.767509
-0.750202
-0.756887
-0.845659
-0.878913
-0.911081
-0.870144
-1.04646
-1.05434
-0.939503
-1.12335
-1.15009
-1.12486
-1.1109
-1.11471
-1.08837
-1.05395
-1.05053
-1.03722
-0.994641
-1.0075
-0.986042
-0.995361
-1.00574
-0.973544
-1.00392
-0.990214
-0.959093
-0.928557
-0.90181
-0.8794
-0.831629
-0.872776
-0.886293
-0.928824
-0.984153
-0.970445
-0.934785
-0.903918
-0.882837
-0.87285
-0.865615
-0.85952
-0.872131
-0.88114
-0.888355
-0.89448
-0.887682
-0.880651
-0.872272
-0.879589
-0.886181
-0.836876
-0.905861
-0.941771
-0.911293
-0.921069
-0.946823
-0.917091
-0.923162
-0.928822
-0.951014
-0.955398
-0.963728
-0.959069
-0.96178
-0.963318
-0.964248
-0.965282
-0.948895
-0.891241
-0.931064
-0.942552
-0.935069
-0.919166
-0.931372
-0.909231
-0.899721
-0.902395
-0.888282
-0.887215
-0.908787
-0.969901
-1.03544
-1.01052
-0.997871
-0.948618
-0.931698
-0.905492
-0.907729
-0.907165
-0.876953
-0.883542
-0.87813
-0.874953
-0.87142
-0.87795
-0.848408
-0.840632
-0.853361
-0.822864
-0.847386
-0.900856
-0.868135
-0.984789
-1.06396
-1.10163
-1.16371
-1.09767
-1.21897
-1.28755
-1.31486
-1.30365
-1.31069
-1.25214
-1.25046
-1.28027
-1.23657
-1.18576
-1.12584
-1.04956
-0.963381
-0.917224
-0.936822
-0.953848
-0.882217
-0.853099
-0.829593
-0.869164
-0.909448
-0.938346
-0.938482
-0.944013
-0.915226
-0.887392
-0.895206
-0.96471
-1.08679
-1.09059
-1.01307
-1.01086
-1.05476
-1.10663
-1.16727
-1.16373
-1.14153
-1.12243
-1.11573
-1.12463
-1.10424
-1.04131
-1.01434
-0.941178
-0.846736
-0.80274
-0.700382
-0.674112
-0.684237
-0.712222
-0.749804
-0.952333
-0.955702
-0.993166
-0.919139
-0.909006
-0.93033
-0.969707
-0.979673
-0.992641
-0.934219
-0.913441
-0.972127
-0.987151
-0.975631
-0.949875
-0.870355
-0.860207
-0.809823
-0.679537
-0.638548
-0.574101
-0.476599
-0.457971
-0.452158
-0.42856
-0.435329
-0.397189
-0.363757
-0.346008
-0.327978
-0.357381
-0.381046
-0.407323
-0.444016
-0.449007
-0.441411
-0.471848
-0.502907
-0.519304
-0.585601
-0.587352
-0.598465
-0.645087
-0.635632
-0.623409
-0.664351
-0.643266
-0.685978
-0.742903
-0.748253
-0.798359
-0.823556
-0.823482
-0.843526
-0.808325
-0.756776
-0.722797
-0.717297
-0.717105
-0.719782
-0.746797
-0.753872
-0.761431
-0.76553
-0.763067
-0.767586
-0.772387
-0.743719
-0.757755
-0.761775
-0.765527
-0.753011
-0.728375
-0.744015
-0.719937
-0.696928
-0.661332
-0.623798
-0.582397
-0.556405
-0.559722
-0.565061
-0.610074
-0.62904
-0.670944
-0.731318
-0.741555
-0.769278
-0.798129
-0.789183
-0.807678
-0.822797
-0.823281
-0.792775
-0.847511
-0.820132
-0.780705
-0.775661
-0.755872
-0.757321
-0.780723
-0.805983
-0.827541
-0.815102
-0.826626
-0.836362
-0.879558
-0.888712
-0.874352
-0.905105
-0.892222
-0.8918
-0.944693
-0.967495
-1.01735
-1.02954
-1.0435
-1.02563
-0.961489
-0.829249
-1.18661
-1.10984
-1.07413
-0.82015
-0.765307
-0.74718
-1.07983
-1.06878
-1.12757
-0.895466
-0.934752
-0.913768
-0.933168
-0.907342
-0.944851
-0.989743
-1.04869
-1.07652
-1.06917
-1.04869
-1.05089
-1.03482
-1.01394
-1.02293
-1.04329
-1.08484
-1.05934
-1.07852
-1.05631
-1.06829
-1.04887
-1.02112
-1.02816
-1.03924
-0.999704
-1.00851
-1.01448
-1.05285
-1.09082
-1.15374
-1.1644
-1.19405
-1.19258
-1.21845
-1.21999
-1.23504
-1.17527
-1.16204
-1.09475
-1.17188
-1.20673
-1.21718
-1.24283
-1.28109
-1.28217
-1.28768
-1.25709
-1.18018
-1.19139
-1.25233
-1.30569
-1.30221
-1.30448
-1.30661
-1.30004
-1.27487
-1.29481
-1.25526
-1.20815
-1.14728
-1.0006
-0.971238
-0.868848
-0.921901
-0.953361
-1.00333
-1.1283
-1.16334
-1.14498
-1.09182
-1.18325
-1.18768
-1.19851
-1.19499
-1.18785
-1.13818
-1.1139
-1.13622
-1.16033
-1.19562
-1.19076
-1.16683
-1.09822
-1.11042
-1.07799
-1.06056
-1.04692
-1.01338
-0.910992
-0.92194
-0.961973
-1.00513
-1.36406
-1.31544
-1.30084
-1.04727
-1.05088
-1.12123
-1.17382
-1.11743
-1.11792
-1.03633
-1.03364
-1.05594
-1.06992
-1.07521
-1.09481
-1.09481
-1.04301
-1.09396
-1.09547
-1.16154
-1.24927
-1.28455
-1.16054
-1.04184
-0.950414
-0.948008
-0.757919
-0.704167
-0.657113
-0.62148
-0.654337
-0.666968
-0.726132
-0.779635
-0.794738
-0.827896
-1.19596
-1.1787
-1.1966
-1.10058
-1.15107
-1.11953
-1.05983
-1.05115
-1.018
-0.977031
-0.958873
-0.98309
-0.994361
-1.02782
-1.06116
-1.08439
-1.10292
-1.0931
-1.01421
-1.01443
-1.00676
-0.959379
-0.948053
-0.940434
-0.89046
-0.877831
-0.883356
-0.87957
-0.898545
-0.938623
-0.954735
-0.977511
-1.01998
-1.04256
-1.08141
-1.13062
-1.12219
-1.08622
-1.06482
-1.01877
-0.995441
-0.961817
-0.930712
-0.892198
-0.881787
-0.869861
-0.846917
-0.859799
-0.861674
-0.866805
-0.86569
-0.854119
-0.843962
-0.84541
-0.805072
-0.790895
-0.769906
-0.795407
-0.813085
-0.84608
-0.847488
-0.813773
-0.820335
-0.819855
-0.810111
-0.812103
-0.815639
-0.817467
-0.81701
-0.823464
-0.822321
-0.798751
-0.778011
-0.691525
-0.655964
-0.627178
-0.589935
-0.573794
-0.54467
-0.552952
-0.565953
-0.568963
-0.603216
-0.625944
-0.632086
-0.675842
-0.712936
-0.775075
-0.827473
-0.836501
-0.858289
-0.928416
-0.985865
-1.00351
-1.01784
-0.981547
-1.00078
-1.01467
-0.987946
-1.03487
-1.04943
-1.03082
-0.9998
-0.995896
-0.966216
-0.955332
-0.976903
-0.957518
-0.932121
-0.967435
-0.959608
-0.966644
-0.997354
-0.987019
-0.994447
-1.01249
-0.984694
-0.975797
-0.970892
-0.963799
-0.969811
-0.963721
-0.968512
-0.967276
-0.969662
-0.95407
-0.955184
-0.936388
-0.93469
-0.955856
-0.928152
-0.882267
-0.872009
-0.841392
-0.847793
-0.867452
-0.826741
-0.828676
-0.897759
-0.889004
-0.896362
-0.910966
-0.966634
-0.995164
-1.01752
-1.03277
-1.05049
-1.05823
-1.06461
-1.10112
-1.11334
-1.14565
-1.17868
-1.19655
-1.20788
-1.2147
-1.23704
-1.26364
-1.25767
-1.26104
-1.29829
-1.32954
-1.37152
-1.34708
-1.319
-1.36793
-1.39588
-1.40918
-1.40861
-1.40456
-1.40306
-1.43258
-1.44833
-1.46019
-1.4488
-1.4378
-1.40449
-1.38381
-1.39122
-1.3991
-1.39812
-1.42779
-1.45187
-1.33848
-1.40786
-1.41488
-1.20964
-1.2035
-1.17599
-1.02658
-1.00889
-1.01341
-0.97074
-0.96667
-0.975529
-0.978841
-1.0248
-1.04562
-1.03849
-1.02288
-1.06751
-1.13642
-1.16293
-1.20497
-1.18531
-1.19486
-1.21961
-1.20597
-1.03012
-0.987882
-0.963688
-0.92111
-0.886567
-0.805815
-0.815807
-0.771527
-0.766598
-0.810376
-0.786861
-0.759673
-0.766447
-0.753728
-0.782855
-0.803989
-0.798434
-0.83911
-0.86851
-0.86827
-0.869448
-0.877281
-0.866032
-0.921282
-0.964704
-0.9735
-1.00311
-0.985456
-1.06757
-1.11349
-1.05835
-1.03833
-1.0495
-1.05037
-1.0264
-1.04101
-1.04663
-1.08248
-1.1507
-1.17109
-1.15538
-1.11855
-1.09094
-1.06181
-0.992975
-0.9825
-0.997782
-0.970428
-0.928417
-0.835905
-0.777233
-0.748709
-0.714487
-0.670534
-0.686673
-0.701919
-0.656029
-0.662795
-0.647599
-0.615848
-0.587912
-0.611133
-0.596081
-0.516687
-0.550944
-0.601368
-0.612671
-0.521128
-0.485178
-0.485426
-0.507689
-0.525696
-0.602303
-0.654325
-0.694059
-0.773523
-0.863575
-0.629571
-0.481048
-0.444166
-0.409995
-0.382452
-0.402094
-0.453324
-0.50203
-0.542816
-0.641278
-0.45972
-0.41588
-0.412831
-0.402044
-0.386932
-0.441086
-0.532226
-0.65893
-0.725722
-0.821277
-0.833951
-0.602966
-0.534666
-0.482186
-0.442406
-0.418264
-0.418987
-0.441893
-0.485828
-0.63306
-0.554756
-0.498771
-0.462816
-0.47614
-0.495963
-0.577793
-0.648337
-0.760541
-0.813811
-0.845069
-0.904732
-0.823645
-0.626954
-0.569691
-0.475415
-0.415242
-0.396726
-0.425731
-0.440461
-0.511525
-0.558544
-0.604973
-0.599342
-0.475604
-0.481397
-0.462294
-0.454443
-0.47253
-0.494456
-0.570325
-0.653838
-0.720583
-0.776114
-0.831629
-0.777932
-0.597562
-0.48989
-0.443563
-0.444539
-0.452987
-0.46927
-0.466722
-0.534781
-0.625753
-0.488628
-0.485419
-0.450277
-0.441011
-0.461854
-0.495857
-0.542111
-0.647906
-0.805169
-0.858683
-0.755439
-0.648271
-0.648094
-0.638922
-0.633918
-0.645884
-0.625139
-0.662406
-0.743689
-0.755455
-0.8339
-0.790139
-0.780137
-0.769251
-0.787461
-0.8034
-0.867755
-0.900099
-0.974399
-1.02327
-0.968591
-0.81178
-0.74153
-0.710391
-0.689098
-0.69636
-0.722666
-0.830925
-0.916654
-0.875837
-0.762959
-0.760468
-0.727906
-0.680057
-0.637053
-0.638732
-0.626181
-0.657079
-0.738164
-0.747418
-0.70963
-0.708481
-0.706702
-0.728366
-0.774572
-0.821544
-0.90964
-0.875092
-0.821903
-0.798445
-0.750037
-0.743955
-0.709117
-0.713084
-0.74682
-0.783033
-0.799877
-1.08735
-1.06057
-1.00505
-0.774792
-0.830171
-0.915634
-0.923505
-0.985726
-1.01268
-0.945535
-0.968116
-0.959002
-0.903832
-0.940549
-0.882347
-1.19599
-1.18726
-1.21324
-0.912342
-0.928045
-0.889927
-0.97089
-0.906492
-0.84883
-1.09482
-1.10144
-1.18277
-1.34445
-1.36608
-1.39782
-1.40073
-1.47017
-1.44494
-1.4352
-1.36064
-1.26482
-1.2546
-1.27139
-1.21604
-1.18274
-1.25496
-1.32661
-1.2031
-1.14567
-1.0577
-1.06186
-1.07106
-1.09458
-1.17632
-1.18828
-1.23066
-1.25691
-1.35042
-1.40964
-1.35017
-1.33732
-1.37971
-1.34615
-1.42742
-1.47273
-1.37859
-1.45139
-1.49996
-1.48973
-1.40509
-1.26068
-1.25299
-1.27268
-1.30682
-1.34847
-1.43516
-1.46714
-1.44679
-1.39772
-1.33383
-1.35317
-1.30243
-1.32234
-1.46064
-1.43038
-1.42798
-1.36373
-1.3332
-1.33911
-1.33727
-1.38729
-1.39041
-1.36104
-1.37299
-1.37401
-1.38038
-1.36192
-1.36899
-1.34687
-1.37523
-1.382
-1.38848
-1.38428
-1.38274
-1.38348
-1.31974
-1.33524
-1.33484
-1.32635
-1.32786
-1.29749
-1.28862
-1.29538
-1.29452
-1.27242
-1.23772
-1.22766
-1.21124
-1.14537
-1.17352
-1.13551
-1.14309
-1.17587
-1.16273
-1.20277
-1.29904
-1.2446
-1.26481
-1.28777
-1.29953
-1.34368
-1.40976
-1.39476
-1.39108
-1.36632
-1.38113
-1.38712
-1.38392
-1.33658
-1.21061
-1.20932
-1.23035
-1.20864
-1.26388
-1.25863
-1.26743
-1.30026
-1.26415
-1.23273
-1.19659
-1.20803
-1.16525
-1.10367
-1.14209
-1.13311
-1.12986
-1.14078
-1.14249
-1.1049
-1.06503
-1.11958
-1.11168
-1.17741
-1.20108
-1.23077
-1.22315
-1.21862
-1.20531
-1.10246
-1.11068
-1.16499
-1.18197
-1.15953
-1.21167
-1.25493
-1.20328
-1.29292
-1.11345
-1.06725
-1.17552
-1.03978
-1.15641
-1.3772
-1.33221
-1.33552
-1.32544
-1.29755
-1.29382
-1.24092
-1.28368
-1.28935
-1.19825
-1.19287
-1.18052
-1.10082
-1.08764
-1.08143
-1.04541
-1.0524
-1.08571
-1.07356
-1.09407
-1.20473
-1.15811
-1.22038
-1.23449
-1.20668
-1.32858
-1.37059
-1.29501
-1.33593
-1.3002
-1.21888
-1.16699
-1.11621
-1.14721
-1.14001
-1.13462
-1.05367
-1.05535
-1.03683
-0.995484
-0.990443
-1.01689
-0.95703
-0.968556
-0.940829
-0.949991
-0.99426
-1.05406
-1.11995
-1.11164
-1.12644
-1.08667
-1.0381
-1.03592
-1.04712
-1.04919
-1.03109
-1.01573
-0.99527
-1.00379
-1.04366
-1.05314
-1.02578
-1.04658
-1.05495
-1.08997
-1.1052
-1.10157
-1.10768
-1.11551
-1.10484
-1.08593
-1.09315
-1.11837
-1.11241
-1.14173
-1.16582
-1.15839
-1.02048
-0.926785
-0.864353
-0.922405
-0.840618
-0.899458
-0.982918
-1.00746
-1.04552
-1.07213
-1.05863
-1.05579
-1.04036
-1.02832
-1.11787
-1.13951
-1.04491
-1.01736
-1.06101
-1.05753
-1.05534
-1.02436
-0.991914
-0.960867
-0.908754
-0.845481
-0.811551
-0.845938
-0.946191
-0.983735
-1.01069
-1.0002
-0.818993
-0.753036
-0.657656
-0.697971
-0.869148
-0.967636
-0.953723
-0.889718
-0.932481
-1.00517
-1.10054
-1.07073
-1.04712
-1.00599
-0.956512
-0.922601
-0.910605
-0.881546
-0.865791
-0.877979
-0.834967
-0.751217
-0.710402
-0.707814
-0.725386
-0.74193
-0.824135
-0.858562
-0.900266
-0.869472
-0.790537
-0.783518
-0.701064
-0.721297
-0.788687
-0.784141
-0.787505
-0.768553
-0.794333
-0.851258
-0.943227
-0.974643
-1.00125
-1.01987
-1.01645
-1.00687
-1.03864
-1.04573
-1.05512
-1.06989
-1.06783
-1.08501
-1.11485
-1.1269
-1.14393
-1.14995
-1.16214
-1.12401
-1.14191
-1.12329
-1.15419
-1.18028
-1.19091
-1.17207
-1.23957
-1.29159
-1.25124
-1.2814
-1.24197
-1.23215
-1.25876
-1.21685
-1.23158
-1.19155
-1.13966
-1.11638
-1.0477
-1.05198
-1.05089
-1.02724
-0.981373
-0.96973
-0.921997
-0.876483
-0.835509
-0.832684
-0.84039
-0.902824
-1.37789
-1.44259
-1.52291
-1.12994
-1.02528
-1.03579
-1.51792
-1.54247
-1.57258
-1.29445
-1.3558
-1.35311
-1.37577
-1.34064
-1.30934
-1.24249
-1.19739
-1.17359
-1.13519
-1.16763
-1.19361
-1.17379
-1.22632
-1.22074
-1.24033
-1.23082
-1.14935
-1.12131
-1.14444
-1.17265
-1.22779
-1.24726
-1.32048
-1.29746
-1.33698
-1.32256
-1.25273
-1.26101
-1.27459
-1.34661
-1.3628
-1.38618
-1.37272
-1.37808
-1.35909
-1.40798
-1.30378
-1.30734
-1.24098
-1.3786
-1.42775
-1.43248
-1.42712
-1.41882
-1.4406
-1.46148
-1.4797
-1.5511
-1.5227
-1.54063
-1.60156
-1.58667
-1.57043
-1.56332
-1.53061
-1.46486
-1.46054
-1.4476
-1.40278
-1.41215
-1.39677
-1.37415
-1.35609
-1.31678
-1.32519
-1.33393
-1.26871
-1.25664
-1.25292
-1.28865
-1.29884
-1.31066
-1.35341
-1.36503
-1.39071
-1.41875
-1.39742
-1.37082
-1.31842
-1.28199
-1.28477
-1.34041
-1.37042
-1.29057
-1.34178
-1.34699
-1.34907
-1.34456
-1.2968
-1.28286
-1.28496
-1.31003
-1.36611
-1.37572
-1.37809
-1.40039
-1.41151
-1.41552
-1.38351
-1.31792
-1.31154
-1.22681
-1.21783
-1.22115
-1.25237
-1.29547
-1.35711
-1.3257
-1.20426
-1.11929
-1.0574
-1.05506
-1.05541
-1.1472
-1.22438
-1.33134
-1.37037
-1.3773
-1.36363
-1.33155
-1.29102
-1.22748
-1.17822
-1.25151
-1.24091
-1.19588
-1.24908
-1.28441
-1.20827
-1.22366
-1.2843
-1.31363
-1.34577
-1.3416
-1.34097
-1.34572
-1.34321
-1.33244
-1.35468
-1.3527
-1.34599
-1.30523
-1.29702
-1.25132
-1.23047
-1.19306
-1.25417
-1.27389
-1.26393
-1.28953
-1.23835
-1.17543
-1.08639
-1.08555
-1.06565
-0.977951
-1.02011
-0.982389
-0.872677
-0.799374
-0.763907
-0.74309
-0.80225
-0.789182
-0.826862
-0.8756
-0.889664
-0.847181
-0.833089
-0.758565
-0.711095
-0.611615
-0.581532
-0.722377
-0.791298
-0.884403
-0.961108
-1.00933
-1.00874
-1.05254
-1.05786
-1.10759
-1.38018
-1.3806
-1.38925
-1.41372
-1.42333
-1.41866
-1.38024
-1.34118
-1.35072
-1.31069
-1.26745
-1.25694
-1.22138
-1.20892
-1.17649
-1.13259
-1.13482
-1.12063
-1.07576
-1.08961
-1.08617
-1.03489
-1.08113
-1.08894
-1.02983
-1.02425
-1.02071
-0.993907
-1.02692
-1.04116
-1.02717
-1.04495
-1.06769
-1.03196
-1.00772
-1.00024
-1.01701
-0.996314
-0.970759
-1.17503
-1.15491
-1.16434
-1.01733
-1.02513
-1.04468
-1.12063
-1.07779
-1.0836
-1.08741
-1.0821
-1.08367
-1.07894
-1.077
-1.06907
-1.0646
-1.06538
-1.06097
-1.0372
-1.03626
-1.03458
-1.02337
-1.02141
-1.0097
-0.967419
-0.940187
-0.890308
-0.892496
-0.838561
-0.822637
-0.850379
-0.826405
-0.869764
-0.890018
-0.858732
-0.903022
-0.91715
-0.895428
-0.905636
-0.878875
-0.823758
-0.845536
-0.883278
-0.874241
-0.876535
-0.977091
-0.925003
-0.90982
-0.880167
-0.865557
-0.802943
-0.795902
-0.81843
-0.806422
-0.824839
-0.894298
-0.924174
-0.883744
-0.890749
-0.892508
-0.867433
-0.865365
-0.944368
-0.937907
-1.03306
-1.08887
-1.08561
-1.08563
-0.997949
-1.01852
-1.04675
-1.06045
-1.28849
-1.27435
-1.26123
-1.06414
-1.05927
-1.04114
-0.987993
-0.910473
-0.872111
-0.837578
-0.831441
-0.887482
-0.878356
-0.876274
-0.896997
-0.849303
-0.850606
-0.853937
-0.879385
-0.864174
-0.832406
-0.813881
-0.80151
-0.799996
-0.799706
-0.798167
-0.807021
-0.783087
-0.745386
-0.700215
-0.685903
-0.687175
-0.634683
-0.625448
-0.617194
-0.614914
-0.80092
-0.804149
-0.817166
-0.699166
-0.69735
-0.712602
-0.686239
-0.698345
-0.739248
-0.75097
-0.78076
-0.788618
-0.857471
-0.860708
-0.857025
-0.961618
-0.992319
-1.01407
-1.12212
-1.10206
-1.05455
-1.12547
-1.11559
-1.08683
-1.01247
-0.992835
-1.02152
-1.12974
-1.12641
-1.10365
-1.08421
-1.0754
-1.05338
-0.978624
-1.05355
-1.06526
-0.986048
-1.00948
-1.03801
-1.05853
-1.04864
-1.07533
-1.01196
-1.02181
-1.09565
-1.09439
-1.12718
-1.14675
-1.19519
-1.21473
-1.18987
-1.19609
-1.13847
-1.09519
-1.06562
-1.0022
-0.979902
-0.979103
-0.982994
-0.990769
-0.996439
-0.910959
-0.875495
-0.871984
-0.857238
-0.862669
-0.953228
-0.870908
-0.875263
-1.06963
-1.10228
-1.18404
-1.07529
-1.18021
-1.17665
-1.15376
-1.14899
-1.14111
-1.21072
-1.12916
-1.04734
-1.04731
-1.05206
-0.997186
-0.998012
-0.974218
-1.09008
-1.08073
-1.14116
-1.16585
-1.18021
-1.18307
-1.18832
-1.19512
-1.20303
-1.21121
-1.20103
-1.18714
-1.18218
-1.15204
-1.16539
-1.15987
-1.12807
-1.14786
-1.15057
-1.11552
-1.13484
-1.14014
-1.08407
-1.09615
-1.0968
-1.08025
-1.08473
-1.09113
-1.076
-1.07846
-1.07233
-1.03892
-1.02563
-1.01486
-0.967978
-0.949896
-0.912643
-0.827415
-0.763715
-0.719855
-0.628928
-0.656318
-0.663112
-0.67622
-0.73161
-0.732949
-0.756066
-0.775946
-0.706547
-0.586159
-0.550107
-0.53097
-0.567686
-0.660467
-0.748108
-0.789703
-0.840529
-0.841868
-0.835788
-0.82465
-0.794797
-0.80806
-0.776952
-0.764665
-0.729893
-0.717433
-0.696217
-0.70402
-0.676896
-0.611116
-0.600734
-0.609238
-0.628812
-0.612998
-0.574937
-0.548305
-0.468976
-0.459368
-0.480757
-0.530969
-0.582925
-0.591578
-0.539299
-0.438877
-0.387084
-0.348734
-0.340367
-0.368497
-0.396677
-0.432499
-0.517853
-0.840692
-0.725907
-0.7218
-0.631257
-0.604337
-0.594194
-0.633852
-0.718291
-0.839201
-0.692911
-0.536324
-0.507461
-0.549327
-0.573693
-0.68811
-0.746439
-0.655611
-0.597478
-0.81843
-0.734094
-0.759799
-0.714422
-0.801744
-0.768396
-0.646947
-0.565103
-0.535171
-0.721357
-0.75867
-0.851026
-0.731314
-0.637255
-0.635972
-0.653578
-0.663105
-0.583674
-0.513949
-0.514702
-0.553566
-0.595791
-0.672929
-0.664446
-0.523147
-0.464403
-0.401827
-0.38744
-0.390738
-0.417326
-0.445542
-0.509198
-0.526443
-0.55628
-0.591534
-0.604863
-0.7922
-0.752332
-0.788675
-0.75992
-0.712579
-0.76145
-0.607294
-0.567874
-0.546768
-0.510038
-0.49581
-0.499652
-0.724212
-0.814426
-0.860068
-0.795896
-0.776406
-0.80947
-0.640705
-0.707274
-0.79393
-0.830345
-0.794975
-0.804082
-0.770042
-0.747765
-0.767032
-0.728492
-0.690621
-0.66779
-0.633018
-0.621033
-0.631783
-0.605331
-0.607725
-0.662555
-0.631375
-0.643655
-0.663666
-0.677836
-0.724882
-0.705065
-0.72787
-0.703839
-0.713853
-0.762171
-0.760163
-0.780174
-0.778326
-0.767425
-0.770998
-0.802462
-0.833881
-0.849238
-1.02115
-1.02288
-1.03168
-1.03292
-1.04593
-1.05691
-1.08326
-1.09248
-1.10146
-1.10715
-1.11099
-1.12127
-1.05436
-1.11914
-1.13835
-1.14078
-1.14296
-1.14224
-0.948159
-0.927426
-1.00763
-0.98423
-0.986299
-0.972802
-0.938965
-0.940102
-0.938072
-0.922642
-0.897822
-0.881585
-0.857089
-0.855775
-0.814864
-0.818954
-0.815845
-0.809414
-0.802666
-0.807465
-0.79832
-0.80769
-0.816557
-0.815525
-0.809935
-0.790073
-0.787108
-0.764321
-0.740756
-0.739418
-0.729642
-0.694035
-0.676837
-0.679239
-0.674371
-0.671176
-0.671473
-0.663743
-0.664687
-0.665948
-0.660937
-0.652003
-0.615494
-0.554729
-0.537504
-0.481422
-0.418113
-0.503038
-0.419942
-0.48339
-0.58931
-0.491166
-0.450178
-0.477786
-0.559295
-0.52356
-0.547908
-0.534883
-0.56741
-0.580149
-0.584913
-0.583373
-0.583257
-0.585469
-0.587699
-0.586706
-0.588164
-0.586585
-0.587825
-0.5883
-0.588196
-0.588273
-0.587564
-0.588257
-0.589358
-0.588041
-0.588187
-0.588333
-0.588904
-0.586041
-0.585381
-0.58549
-0.586172
-0.588029
-0.589514
-0.587704
-0.588846
-0.588774
-0.589533
-0.587887
-0.591843
-0.588125
-0.588285
-0.589706
-0.592039
-0.591782
-0.590507
-0.5906
-0.590491
-0.591525
-0.592133
-0.589453
-0.586711
-0.58732
-0.589674
-0.590827
-0.586814
-0.59036
-0.586855
-0.588739
-0.590209
-0.588039
-0.588361
-0.589808