-2.37074
-2.36456
-2.36722
-2.37336
-2.4001
-2.42586
-2.45665
-2.47068
-2.50991
-2.55333
-2.56286
-2.62258
-2.6122
-2.63317
-2.68354
-2.78299
-2.97382
-3.05711
-3.04904
-3.11473
-3.17189
-3.31377
-3.44466
-3.55516
-3.73661
-3.86293
-3.95149
-4.04727
-4.05803
-4.02097
-3.92554
-3.73918
-3.52003
-3.24861
-2.94926
-2.73835
-2.42448
-2.19219
-2.06521
-1.99295
-1.99287
-1.9546
-2.00065
-2.04681
-1.98608
-1.9638
-2.05181
-2.13629
-2.27524
-2.43818
-2.65025
-2.85503
-3.01883
-3.23005
-3.47252
-3.72125
-3.94295
-4.12989
-4.19231
-4.07931
-3.89106
-3.72895
-3.63876
-3.45667
-3.3136
-3.06972
-2.76253
-2.49195
-2.35819
-2.17418
-2.0775
-2.00661
-1.94959
-2.0364
-1.9944
-2.00815
-2.0758
-2.16735
-2.28243
-2.44554
-2.76675
-2.93561
-3.21396
-3.39935
-3.50034
-3.61061
-3.68433
-3.79585
-3.9026
-4.0044
-4.1033
-4.08054
-3.96277
-3.87261
-3.70076
-3.58513
-3.40857
-3.1635
-2.91628
-2.58931
-2.34811
-2.15111
-1.97644
-1.89894
-2.04424
-2.09231
-1.95949
-2.00132
-2.15871
-2.26931
-2.53937
-2.78586
-3.03488
-3.21034
-3.29957
-3.34639
-3.29202
-3.40752
-3.56979
-3.79263
-4.05936
-4.16921
-4.08482
-3.93056
-3.75132
-3.61062
-3.47652
-3.29786
-3.15488
-3.03416
-2.83554
-2.637
-2.55618
-2.50812
-2.43929
-2.33426
-2.27545
-2.2467
-2.27979
-2.29108
-2.33714
-2.38586
-2.4992
-2.66234
-2.81628
-2.94008
-3.02483
-3.12716
-3.26372
-3.5779
-3.90939
-4.2786
-4.44104
-4.52462
-4.4208
-4.31626
-4.18977
-4.09474
-3.92748
-3.69919
-3.56947
-3.48639
-3.41957
-3.34693
-3.13523
-3.03742
-2.91419
-2.83883
-2.80228
-2.78994
-2.78257
-2.71944
-2.80984
-2.84714
-2.87961
-2.88791
-2.82872
-2.7297
-2.43776
-2.00994
-1.68091
-1.46664
-1.35564
-1.36629
-1.5286
-1.75734
-1.80758
-1.76151
-1.7623
-1.81985
-1.89349
-1.97942
-2.00435
-2.00847
-2.01078
-2.02475
-2.03394
-2.03226
-2.05266
-2.10264
-2.13609
-2.1257
-2.0851
-2.10459
-2.1417
-2.14829
-2.12514
-2.13536
-2.1632
-2.1971
-2.21329
-2.23239
-2.23163
-2.2265
-2.22093
-2.22549
-2.22027
-2.21279
-2.18589
-2.16162
-2.11661
-2.05596
-1.96884
-1.82681
-1.72503
-1.71788
-1.70695
-1.6762
-1.65233
-1.64355
-1.6352
-1.69036
-1.7197
-1.69862
-1.66305
-1.71587
-1.8876
-1.95689
-1.9168
-1.90466
-1.9308
-2.04652
-2.20302
-2.27932
-2.30104
-2.33303
-2.34889
-2.34805
-2.3003
-2.21267
-2.19588
-2.21504
-2.21464
-2.21078
-2.14808
-2.0763
-2.03832
-1.98985
-1.95008
-1.80561
-1.64527
-1.54903
-1.64803
-1.67979
-1.62999
-1.58794
-1.43644
-1.42296
-1.4853
-1.60593
-1.73989
-1.75888
-1.70388
-1.72193
-1.79913
-1.87229
-2.02644
-2.18844
-2.28939
-2.37127
-2.38934
-2.3705
-2.25944
-2.1508
-1.99022
-1.88333
-1.72916
-1.64674
-1.6021
-1.5859
-1.47149
-1.43475
-1.38122
-1.28201
-1.40346
-1.50747
-1.54776
-1.56456
-1.52487
-1.44773
-1.40699
-1.67926
-1.7617
-1.85254
-1.93289
-1.91868
-1.91823
-1.92306
-1.92768
-1.92348
-1.91999
-1.91388
-1.89283
-1.72798
-1.63967
-1.45985
-1.29746
-1.40144
-1.43302
-1.38965
-1.37308
-1.31458
-1.20627
-1.12898
-1.24641
-1.1636
-1.21794
-1.36191
-1.49548
-1.54541
-1.56063
-1.6173
-1.65747
-1.68822
-1.77896
-1.83303
-1.82257
-1.74473
-1.59611
-1.5547
-1.57826
-1.58869
-1.53763
-1.40511
-1.21827
-1.10366
-1.10277
-1.28025
-1.41466
-1.4165
-1.43815
-1.52604
-1.56037
-1.81274
-1.95971
-1.9839
-1.92133
-1.97479
-1.99339
-2.01724
-2.0426
-2.08198
-2.16307
-2.09315
-2.12175
-2.07352
-1.8169
-1.67211
-1.6495
-1.71603
-1.69306
-1.55199
-1.46736
-1.5363
-1.44072
-1.37437
-1.301
-1.26862
-1.18686
-1.1682
-1.26014
-1.42452
-1.53285
-1.62922
-1.72538
-1.76715
-1.85633
-1.91751
-1.71742
-1.56911
-1.51474
-1.48498
-1.10051
-1.21253
-1.06955
-1.03038
-1.08867
-1.05113
-0.959771
-1.04264
-1.25392
-1.40868
-1.66718
-1.82633
-1.93547
-1.96134
-2.00262
-2.01099
-2.01986
-2.02512
-2.10493
-2.16306
-2.23634
-2.19704
-2.05016
-1.95904
-1.99529
-2.04772
-2.00294
-2.02036
-1.85614
-1.79008
-1.84343
-1.79078
-1.79934
-1.7212
-1.73752
-1.70845
-1.75754
-1.79579
-1.90142
-1.94996
-1.87589
-1.77811
-1.69436
-1.68821
-1.73159
-1.89017
-2.00469
-2.17091
-2.29987
-2.3586
-2.42628
-2.42236
-2.33912
-2.23225
-2.22215
-2.18624
-2.09216
-2.03817
-2.09438
-2.04722
-2.16999
-2.43804
-2.61215
-2.74526
-2.73999
-2.752
-2.77597
-2.7404
-2.71585
-2.66602
-2.54744
-2.45021
-2.3531
-2.23112
-2.2068
-2.15472
-2.13369
-2.15054
-2.17968
-2.14109
-2.20044
-2.29714
-2.39004
-2.40996
-2.37066
-2.32169
-2.26134
-2.21661
-2.1409
-2.0115
-1.9753
-1.93395
-1.9694
-2.08395
-2.19255
-2.14368
-2.13382
-2.13324
-2.09243
-2.05386
-2.01715
-2.00487
-2.02005
-1.99994
-2.01138
-1.99006
-2.01565
-2.04851
-2.03804
-2.03497
-2.02593
-1.99804
-1.97685
-1.96199
-1.95364
-1.96094
-1.99057
-1.99014
-2.0286
-2.06226
-2.07169
-2.0941
-2.10385
-2.10617
-2.09917
-2.10706
-2.1081
-2.10895
-2.10715
-2.10668
-2.11014
-2.10162
-2.11136
-2.10458
-2.11075
-2.10978
-2.11008
-2.11599
-2.11472
-2.11946
-2.11627
-2.11093
-2.11044
-2.10715
-2.1049
-2.10992
-2.10372
-2.10495
-2.097
-2.09873
-2.10203
-2.10158
-2.10039
-2.10376
-2.10188
-2.1016
-2.09729
-2.09691
-2.10304
-2.10295
-2.09662
-2.09975
-2.09898
-2.09482
-2.09273
-2.09287
-2.09196
-2.09624
-2.0921
-2.09419
-2.09794
-2.09976
-2.09178
-2.09876
-2.09973
-2.09553
-2.09953
-2.09559
-2.09943
-2.09528
-2.09859
-2.09999
-2.09965
-2.10265
-2.1029
-2.09088
-2.09827
-2.10056
-2.09914
-2.09185
-2.09856
-2.09194
-2.09521
-2.0968
-2.09632
-2.0928
-2.09463
-2.08955
-2.0988
-2.09352
-2.09242
-2.09446
-2.09675
-2.09442
-2.09161
-2.091
-2.08975
-2.08339
-2.07782
-2.03857
-2.05136
-2.0795
-2.08573
-2.08535
-2.09351
-2.08536
-2.09279
-2.08853
-2.09405
-2.09648
-2.09524
-2.09665
-2.10257
-2.0968
-2.10016
-2.09756
-2.09899
-2.1081
-2.09141
-2.09792
-2.09775
-2.09654
-2.10011
-2.08945
-2.09063
-2.07457
-2.07125
-2.08685
-2.10471
-2.0868
-2.08931
-2.09259
-2.08706
-2.09076
-2.09162
-2.10996
-2.08392
-2.08812
-2.08892
-2.08735
-2.08271
-2.09188
-2.10311
-2.1047
-2.11898
-2.1098
-2.10598
-2.10109
-2.10221
-2.10314
-2.10411
-2.10789
-2.1069
-2.10275
-2.1064
-2.10139
-2.10538
-2.10146
-2.10938
-2.10409
-2.1067
-2.10342
-2.10293
-2.10571
-2.10245
-2.09822
-2.10328
-2.09978
-2.10157
-2.10262
-2.1046
-2.09819
-2.107
-2.10007
-2.10401
-2.10455
-2.1099
-2.10155
-2.09836
-2.10317
-2.09926
-2.11068
-2.10671
-2.10142
-2.10064
-2.09872
-2.10631
-2.10168
-2.10484
-2.10125
-2.1045
-2.10512
-2.10695
-2.10269
-2.10459
-2.10802
-2.11142
-2.11061
-2.10682
-2.10019
-2.10762
-2.1064
-2.10685
-2.10617
-2.11212
-2.10643
-2.11292
-2.11081
-2.11054
-2.10956
-2.10528
-2.10843
-2.10621
-2.11214
-2.10865
-2.11305
-2.11368
-2.10675
-2.11328
-2.10591
-2.11011
-2.10843
-2.11242
-2.11121
-2.11213
-2.10839
-2.10646
-2.1065
-2.10648
-2.10921
-2.10792
-2.10603
-2.10967
-2.1081
-2.11273
-2.10687
-2.11582
-2.11102
-2.1138
-2.1106
-2.11579
-2.11008
-2.11517
-2.10742
-2.11454
-2.11169
-2.1121
-2.10308
-2.09967
-2.0958
-2.09165
-2.09727
-2.10004
-2.09795
-2.10109
-2.09987
-2.10416
-2.09923
-2.09811
-2.09845
-2.09385
-2.09672
-2.10129
-2.09115
-2.08925
-2.09947
-2.098
-2.09551
-2.07871
-2.06888
-2.02305
-2.0485
-2.03014
-2.01307
-1.9849
-1.90065
-1.88338
-1.77967
-1.59977
-1.59363
-1.63531
-1.65502
-1.67583
-1.72258
-1.73756
-1.92239
-2.09409
-2.18095
-2.30581
-2.43083
-2.50806
-2.57599
-2.62464
-2.63419
-2.66096
-2.69202
-2.70272
-2.72199
-2.78015
-2.85323
-2.86069
-2.90266
-2.93915
-2.97051
-2.98575
-2.99076
-2.99512
-2.93275
-2.92172
-2.84906
-2.89911
-2.98078
-2.99527
-3.14566
-3.28325
-3.37791
-3.38595
-3.42616
-3.45953
-3.50967
-3.53831
-3.58798
-3.63163
-3.67547
-3.73925
-3.8148
-3.90206
-3.9314
-3.99868
-4.00736
-4.02192
-4.05883
-4.06863
-3.99924
-4.06004
-4.07193
-4.0692
-4.10247
-4.04275
-4.03505
-4.04067
-4.04988
-4.06839
-4.1041
-4.19861
-4.33192
-4.38906
-4.43427
-4.49668
-4.54538
-4.60764
-4.66546
-4.72902
-4.7757
-4.85282
-4.90224
-5.05501
-5.10173
-5.10428
-5.245
-5.34251
-5.41906
-5.39449
-5.42524
-5.40528
-5.55177
-5.53144
-5.53636
-5.54029
-5.52448
-5.55017
-5.56199
-5.60743
-5.66484
-5.70861
-5.7241
-5.72349
-5.7154
-5.78471
-5.79357
-5.84816
-5.8739
-5.91096
-6.03692
-6.10138
-6.10501
-6.0567
-6.13455
-6.14642
-6.22568
-6.2407
-6.23475
-6.16256
-6.18324
-6.15026
-6.14994
-6.22655
-6.22521
-6.252
-6.36397
-6.39096
-6.41151
-6.42322
-6.39616
-6.35431
-6.32227
-6.30856
-6.23433
-6.17237
-6.09778
-6.08421
-6.01345
-5.99314
-5.85998
-5.94207
-5.8855
-5.93291
-5.888
-5.82115
-5.77109
-5.76053
-5.78641
-5.85671
-5.87309
-5.84599
-5.91087
-5.81984
-5.86071
-5.84407
-5.83084
-5.78152
-5.9062
-5.88916
-5.93558
-5.92563
-5.87982
-5.858
-5.80959
-5.82042
-5.79098
-5.76634
-5.76987
-5.75765
-5.70036
-5.69277
-5.68868
-5.8078
-5.81906
-5.79398
-5.75103
-5.65067
-5.65647
-5.59128
-5.55378
-5.44954
-5.40018
-5.37516
-5.41208
-5.38285
-5.27905
-5.31666
-5.35079
-5.38674
-5.40126
-5.4447
-5.43728
-5.43633
-5.40015
-5.38336
-5.36073
-5.37038
-5.38289
-5.31767
-5.26421
-5.24942
-5.19821
-5.14633
-5.08765
-5.10402
-5.03061
-4.98486
-4.93021
-4.85825
-4.77806
-4.69007
-4.70446
-4.70815
-4.72566
-4.70483
-4.78356
-4.73409
-4.74481
-4.74972
-4.73433
-4.69378
-4.6827
-4.6614
-4.65417
-4.62178
-4.62611
-4.63844
-4.60821
-4.60475
-4.58621
-4.58246
-4.54946
-4.60589
-4.62131
-4.61749
-4.62095
-4.63805
-4.63512
-4.72014
-4.73539
-4.84293
-4.92007
-5.05552
-5.10057
-5.11789
-5.03545
-5.10585
-5.11783
-5.15087
-5.08863
-4.98493
-5.12978
-5.12616
-5.0527
-4.93581
-4.84374
-4.808
-4.7745
-4.74114
-4.74187
-4.72675
-4.69566
-4.67164
-4.67361
-4.67412
-4.68642
-4.68668
-4.69679
-4.679
-4.66874
-4.52506
-4.55041
-4.62526
-4.77346
-4.83691
-4.80725
-4.82895
-4.82802
-4.90861
-4.95096
-4.99616
-5.06808
-5.11891
-5.15648
-5.21786
-5.24198
-5.30462
-5.29581
-5.31451
-5.23585
-5.33783
-5.37573
-5.43724
-5.47184
-5.4874
-5.46381
-5.52729
-5.59954
-5.69954
-5.7091
-5.7626
-5.90344
-5.905
-5.92657
-6.05629
-6.06279
-6.07376
-6.36711
-6.3653
-6.41788
-6.52802
-6.61214
-6.62232
-6.14664
-6.21659
-6.25063
-6.33501
-6.35758
-6.37613
-6.49217
-6.4434
-6.50846
-6.53236
-6.53206
-6.5643
-6.55114
-6.57898
-6.59803
-6.61333
-6.65495
-6.6804
-6.68038
-6.7597
-6.75684
-6.78699
-6.83339
-6.80399
-6.83615
-6.83152
-6.82913
-6.81963
-6.84902
-6.83671
-6.82954
-6.81725
-6.83828
-6.81216
-6.838
-6.86618
-6.84807
-6.85947
-6.8726
-6.84667
-6.86507
-6.89176
-6.8684
-6.68785
-6.76713
-6.81603
-6.77423
-6.78071
-6.70975
-6.72866
-6.69623
-6.73076
-6.84003
-6.78654
-6.81576
-6.79495
-6.77831
-6.73752
-6.71038
-6.5836
-6.65994
-6.58901
-6.63581
-6.59629
-6.58381
-6.52666
-6.38197
-6.34326
-6.19088
-6.02055
-6.01342
-6.00483
-6.0431
-5.97865
-6.05667
-5.96685
-5.98838
-5.9171
-5.97341
-5.98671
-5.98272
-5.93433
-5.87466
-5.84581
-5.76872
-5.60412
-5.64756
-5.69191
-5.83205
-5.95206
-6.0139
-6.02898
-6.11237
-6.08625
-6.06952
-6.09738
-6.10784
-6.12381
-6.11635
-6.11933
-6.12051
-6.09668
-6.10101
-6.12024
-6.10603
-5.93805
-5.86132
-5.89549
-5.96086
-5.98175
-5.96245
-5.91386
-5.82204
-5.68862
-5.63541
-5.69409
-5.70743
-5.74595
-5.67695
-5.76886
-5.69793
-5.63326
-5.57392
-5.45222
-5.39957
-5.37918
-5.31547
-5.2241
-5.18618
-5.23238
-5.26914
-5.28006
-5.28674
-5.29634
-5.30039
-5.2768
-5.29692
-5.2524
-5.21953
-5.22569
-5.22877
-5.22311
-5.22177
-5.20442
-5.17739
-5.2795
-5.29201
-5.36221
-5.38211
-5.41799
-5.44933
-5.51307
-5.51034
-5.54072
-5.56682
-5.61615
-5.62169
-5.62979
-5.59972
-5.57558
-5.57947
-5.57454
-5.49332
-5.48029
-5.45422
-5.45536
-5.44984
-5.46652
-5.46954
-5.4545
-5.34265
-5.30816
-5.23793
-5.366
-5.67923
-5.78818
-5.83243
-5.71362
-5.69201
-5.67383
-5.75888
-5.79017
-5.82099
-5.75071
-5.78321
-5.83599
-5.85672
-5.8872
-5.929
-5.99698
-6.01718
-6.00996
-6.02192
-5.94916
-5.88689
-6.02099
-6.06795
-6.07793
-6.02193
-6.06376
-6.03603
-6.03889
-5.91773
-5.96927
-5.95821
-6.12848
-6.18547
-6.30626
-6.20914
-6.43761
-6.43618
-6.51448
-6.48219
-6.49333
-6.48873
-6.48438
-6.51115
-6.49265
-6.48887
-6.50397
-6.49964
-6.4828
-6.47137
-6.46279
-6.47431
-6.42168
-6.45493
-6.42403
-6.423
-6.34875
-6.37907
-6.36652
-6.31344
-6.29196
-6.28747
-6.29861
-6.26764
-6.25434
-6.13634
-6.1547
-6.12608
-6.07032
-6.10839
-6.19723
-6.20352
-6.10858
-6.22853
-6.17633
-6.26607
-6.36067
-6.38864
-6.40629
-6.41168
-6.39725
-6.39826
-6.24754
-6.15143
-5.86547
-5.74369
-5.81547
-5.97051
-5.95182
-5.93861
-5.96867
-5.91758
-5.88568
-5.93189
-5.90086
-5.9029
-5.86765
-5.88118
-5.85433
-5.88726
-5.842
-5.85982
-5.88079
-5.83515
-5.85502
-5.79735
-5.78361
-5.74652
-5.73048
-5.75763
-5.71721
-5.94013
-6.03826
-6.00113
-6.16892
-6.20546
-6.28196
-6.3735
-6.44476
-6.52008
-6.57629
-6.55913
-6.57031
-6.60798
-6.59509
-6.56043
-6.54506
-6.51954
-6.53146
-6.52391
-6.48052
-6.64527
-6.67195
-6.75873
-6.78391
-6.78555
-6.80692
-6.77103
-6.8138
-6.71768
-6.68258
-6.71341
-6.7209
-6.66549
-6.63475
-6.53221
-6.59822
-6.50565
-6.62372
-6.65809
-6.66769
-6.65179
-6.62225
-6.60839
-6.57687
-6.52876
-6.47332
-6.43659
-6.50873
-6.47927
-6.52388
-6.51117
-6.48679
-6.49438
-6.45526
-6.4362
-6.42384
-6.41827
-6.36731
-6.37052
-6.3123
-6.33916
-6.27858
-6.27225
-6.24583
-6.29598
-6.29708
-6.32067
-6.30509
-6.30154
-6.28666
-6.27329
-6.29525
-6.2387
-6.23695
-6.22446
-6.17501
-6.12336
-6.11996
-6.10499
-6.18731
-6.22488
-6.288
-6.24962
-6.21511
-6.1929
-6.26546
-6.29143
-6.32151
-6.36215
-6.34482
-6.30031
-6.35741
-6.38514
-6.45613
-6.50318
-6.51653
-6.5141
-6.51247
-6.42815
-6.422
-6.3893
-6.42832
-6.40683
-6.45178
-6.46435
-6.41339
-6.4598
-6.50343
-6.57904
-6.60349
-6.59711
-6.62377
-6.61195
-6.56344
-6.54367
-6.42316
-6.40257
-6.2819
-5.91152
-5.81575
-5.66146
-5.91007
-6.03783
-6.03218
-5.9786
-5.93363
-5.9519
-5.92888
-5.9906
-5.99754
-6.02459
-6.08247
-6.07266
-6.0058
-5.92964
-5.75484
-5.52092
-5.34873
-5.22161
-5.12016
-5.01717
-4.97621
-4.92089
-4.84017
-4.74196
-4.5895
-4.60512
-4.6022
-4.54274
-4.70379
-4.76448
-4.90246
-5.09086
-5.15024
-5.18129
-5.1528
-5.085
-5.05069
-5.04408
-5.02796
-4.9922
-4.97868
-4.97684
-4.93311
-4.92264
-4.90039
-4.89495
-4.89201
-4.84842
-4.82394
-4.79325
-4.78397
-4.71034
-4.66729
-4.7281
-4.83413
-4.84081
-4.84084
-4.82105
-4.79469
-4.76089
-4.74403
-4.70732
-4.72759
-4.70942
-4.68792
-4.67562
-4.65536
-4.66726
-4.63653
-4.60117
-4.63018
-4.59972
-4.57261
-4.54791
-4.53273
-4.51527
-4.46676
-4.42847
-4.43328
-4.41871
-4.40225
-4.38377
-4.39369
-4.39388
-4.38803
-4.39471
-4.32046
-4.36285
-4.34139
-4.37708
-4.3624
-4.30267
-4.3013
-4.37626
-4.41933
-4.37148
-4.37222
-4.34668
-4.32153
-4.20281
-4.08714
-4.05284
-4.01648
-4.09645
-4.08444
-4.08425
-4.08299
-4.04825
-4.00854
-3.97594
-3.94821
-3.97112
-3.94673
-3.99324
-4.04734
-4.03286
-4.03905
-4.02505
-3.97317
-3.96896
-3.97566
-3.96058
-3.94247
-3.96085
-3.94254
-3.94315
-3.95859
-3.94888
-3.94621
-3.90565
-3.84837
-3.80721
-3.74628
-3.70396
-3.65868
-3.58091
-3.61128
-3.72693
-3.72638
-3.77546
-3.75274
-3.75373
-3.73432
-3.75018
-3.68199
-3.67994
-3.72057
-3.79196
-3.83874
-3.86505
-3.88019
-3.896
-3.82131
-3.78947
-3.75944
-3.70674
-3.70145
-3.65554
-3.66234
-3.62296
-3.57667
-3.57771
-3.58582
-3.56973
-3.55965
-3.54732
-3.55704
-3.55691
-3.6017
-3.60918
-3.64405
-3.70398
-3.71161
-3.74322
-3.76948
-3.74178
-3.74848
-3.76285
-3.74646
-3.74509
-3.75339
-3.77274
-3.77585
-3.79835
-3.81496
-3.88162
-3.90815
-3.91548
-4.02307
-3.98966
-3.9801
-3.91699
-3.81702
-3.78853
-3.679
-3.61909
-3.61076
-3.53114
-3.49826
-3.40724
-3.39212
-3.77361
-3.75659
-3.73951
-3.66095
-3.6281
-3.65683
-3.57169
-3.57609
-3.62612
-3.60869
-3.61801
-3.57159
-3.79134
-3.87438
-3.92449
-3.80951
-3.89163
-3.95833
-4.0033
-4.00373
-3.99683
-3.89487
-3.76991
-3.74528
-4.10313
-4.11494
-4.14735
-3.71538
-3.68664
-3.67119
-3.87719
-3.91834
-3.90835
-3.98847
-3.99298
-4.01258
-4.08205
-4.12118
-4.14173
-4.13954
-4.17098
-4.19752
-4.14987
-4.20267
-4.17173
-4.16204
-4.21271
-4.32258
-4.65208
-4.76609
-4.81131
-4.22762
-4.13534
-4.15423
-4.64445
-4.6484
-4.63702
-4.69141
-4.66024
-4.67827
-4.6133
-4.60787
-4.6402
-4.22936
-4.22103
-4.23447
-4.13978
-4.26395
-4.30965
-4.36909
-4.41479
-4.39529
-4.48905
-4.54565
-4.49064
-4.38869
-4.3247
-4.42251
-4.40757
-4.64839
-4.68481
-4.80159
-4.74663
-4.70831
-4.66303
-4.73309
-4.74437
-4.7262
-4.71305
-4.67292
-4.72431
-4.7609
-4.7721
-4.77997
-4.81106
-4.83332
-4.84464
-4.84803
-4.82728
-4.84438
-4.85558
-4.82819
-4.83123
-4.79689
-4.86585
-4.83852
-4.81846
-4.67562
-4.55626
-4.60163
-4.55133
-4.44843
-4.57955
-4.68282
-4.64837
-4.66003
-4.64011
-4.70191
-4.60243
-4.69119
-4.69057
-4.72342
-4.71808
-4.71634
-4.77346
-4.79852
-4.81517
-4.7963
-4.83072
-4.87567
-4.84721
-4.90193
-4.90371
-4.8968
-4.90997
-4.9071
-4.89922
-4.87382
-4.86656
-4.84
-4.82921
-4.80248
-4.77958
-4.76122
-4.74495
-4.73328
-4.70469
-4.67541
-4.70027
-4.70557
-4.72163
-4.7021
-4.7196
-4.70607
-4.71097
-4.69011
-4.75397
-4.78139
-4.7125
-4.78385
-4.79961
-4.76823
-4.77295
-4.74375
-4.76456
-4.73537
-4.74313
-4.73993
-4.81319
-4.7965
-4.78345
-4.73577
-4.72512
-4.7192
-4.69989
-4.68323
-4.6417
-4.51843
-4.50254
-4.45415
-4.3846
-4.34825
-4.31895
-4.29106
-4.301
-4.2925
-4.25005
-4.17383
-4.10654
-4.14168
-4.186
-4.18968
-4.20352
-4.26303
-4.30015
-4.34357
-4.39167
-4.40199
-4.43154
-4.41438
-4.4127
-4.3974
-4.38174
-4.36832
-4.33597
-4.32639
-4.29346
-4.2451
-4.17355
-4.13364
-4.03011
-3.96422
-3.92527
-3.90379
-3.88631
-3.87206
-3.82825
-3.80708
-3.76736
-3.76832
-3.72831
-3.732
-3.66362
-3.58367
-3.4915
-3.38528
-3.29893
-3.23673
-3.26187
-3.24334
-3.23692
-3.22341
-3.22807
-3.25393
-3.2382
-3.23451
-3.23936
-3.25878
-3.16919
-3.14689
-3.07334
-3.05933
-2.99551
-2.96528
-2.97781
-2.97655
-2.98372
-2.98238
-3.10584
-3.16022
-3.17569
-3.25065
-3.44249
-3.59069
-3.68615
-3.76914
-3.80374
-3.7436
-3.68212
-3.59886
-3.5763
-3.53651
-3.50076
-3.38232
-3.38661
-3.36254
-3.32918
-3.45404
-3.58907
-3.63968
-3.723
-3.61181
-3.70172
-3.58683
-3.61756
-3.63841
-3.69048
-3.75337
-3.83404
-3.8888
-4.00679
-4.14199
-4.19944
-4.26467
-4.28372
-4.24194
-4.2369
-4.2433
-4.05701
-4.13439
-4.11014
-4.17967
-4.26554
-4.40612
-4.63654
-4.83918
-4.98699
-5.16638
-5.30351
-5.51463
-5.70022
-5.82761
-5.97977
-6.01355
-6.06561
-6.11504
-6.14563
-6.15924
-6.18245
-6.14151
-6.12958
-6.15503
-6.17065
-6.16
-6.10955
-6.09782
-6.09798
-6.1128
-6.05498
-6.09916
-6.10468
-6.14108
-6.11406
-6.12746
-6.20658
-6.21032
-6.191
-6.17171
-6.17082
-6.20036
-6.20374
-6.21247
-6.24366
-6.27325
-6.27449
-6.29523
-6.30576
-6.31057
-6.29465
-6.32134
-6.39346
-6.37929
-6.47206
-6.53362
-6.55227
-6.58748
-6.52581
-6.51062
-6.43673
-6.3383
-6.29552
-6.10231
-5.95935
-5.95098
-5.82693
-5.68518
-5.69742
-5.66439
-5.80424
-5.67675
-5.8376
-5.88893
-5.84266
-5.78588
-5.69301
-5.68395
-5.5736
-5.55188
-5.44828
-5.40115
-5.22313
-5.1567
-5.13716
-5.26337
-5.14276
-5.12674
-5.12834
-5.14831
-5.25871
-5.26326
-5.24225
-5.33138
-5.30502
-5.21783
-5.28503
-5.36967
-5.37366
-5.50981
-5.5516
-5.54475
-5.48564
-5.46818
-5.42515
-5.44523
-5.57279
-5.64381
-5.60348
-5.56043
-5.53371
-5.53074
-5.52431
-5.52423
-5.50752
-5.55349
-5.52583
-5.5584
-5.54618
-5.50464
-5.4891
-5.47901
-5.40603
-5.39277
-5.42814
-5.40963
-5.36373
-5.40932
-5.41874
-5.44256
-5.39515
-5.43093
-5.43698
-5.49001
-5.45122
-5.40105
-5.30567
-5.21773
-5.0796
-5.05333
-4.98107
-4.71573
-4.70258
-4.62159
-4.50481
-4.80614
-4.81351
-5.05318
-5.02026
-4.99044
-4.8051
-4.71779
-4.93308
-4.9985
-5.18246
-5.06262
-4.72679
-4.8584
-5.38221
-5.58227
-5.95982
-6.12907
-6.16729
-6.20315
-6.21082
-6.24237
-6.33613
-6.3414
-6.34645
-6.31198
-6.37189
-6.37129
-6.30825
-6.30153
-6.46312
-6.59156
-6.67808
-6.66581
-6.69859
-6.73566
-6.71839
-6.76982
-6.7624
-6.79573
-6.81045
-6.85968
-6.88991
-6.91322
-6.94612
-6.97156
-7.02313
-7.06611
-7.06935
-7.05617
-7.10114
-7.14004
-7.15458
-7.1677
-7.13985
-7.15032
-7.19121
-7.1991
-7.17667
-7.18372
-7.07349
-7.0882
-7.06056
-7.04978
-6.99335
-7.00911
-7.06854
-7.03022
-7.06087
-7.08493
-7.10048
-7.09214
-7.10799
-7.11338
-7.16863
-7.21781
-7.07614
-7.15447
-7.10699
-7.23834
-7.21084
-7.17359
-7.0166
-6.85567
-6.60616
-6.24433
-6.00697
-5.91629
-5.77309
-5.60048
-5.48546
-5.49585
-5.47744
-5.35822
-5.38112
-5.36749
-5.2187
-5.19661
-5.16919
-5.1347
-5.13764
-5.11065
-5.18402
-5.15295
-5.07951
-4.98948
-4.96186
-4.94075
-4.85816
-4.92836
-4.8556
-4.89794
-4.77014
-4.84645
-4.94965
-4.959
-5.03969
-4.91542
-4.86933
-4.83741
-4.85864
-4.94896
-4.8715
-4.8264
-4.81199
-4.86394
-4.84728
-4.84756
-4.88335
-4.90075
-4.89634
-4.91265
-4.8281
-4.83095
-4.78444
-4.8029
-4.72608
-4.70183
-4.7232
-4.73253
-4.77735
-4.78459
-4.78495
-4.7669
-4.75328
-4.77693
-4.86026
-4.9183
-4.93143
-4.92581
-4.90269
-4.89732
-4.81553
-4.91466
-4.90512
-4.91031
-4.92686
-4.95938
-4.9623
-4.94055
-4.91573
-4.93226
-4.8728
-4.9936
-4.99261
-4.95254
-4.96575
-4.99858
-4.976
-4.9641
-4.99608
-4.96292
-4.96172
-4.93156
-4.9399
-4.9064
-4.89278
-4.87736
-4.91904
-4.92055
-4.92231
-4.918
-4.83914
-4.76919
-4.60259
-4.41324
-4.28515
-4.35371
-4.18413
-4.16397
-4.198
-4.21287
-4.2023
-4.3436
-4.30754
-4.36777
-4.43724
-4.56436
-4.68112
-4.78316
-4.90013
-4.85899
-4.89169
-4.91948
-4.96506
-4.99697
-5.1155
-5.13893
-5.20979
-5.23432
-5.22315
-5.25951
-5.26171
-5.33675
-5.34732
-5.35699
-5.34724
-5.36138
-5.29671
-5.24211
-5.18317
-5.05049
-5.09147
-5.09118
-5.03389
-5.21216
-5.12271
-5.24497
-5.31734
-5.31489
-5.34616
-5.4776
-5.74349
-5.88437
-6.05012
-6.19215
-6.13198
-6.28271
-6.24953
-6.39898
-6.3681
-6.42036
-6.43281
-6.43579
-6.39924
-6.42288
-6.36861
-6.41308
-6.28284
-6.3482
-6.32799
-6.34496
-6.32952
-6.3286
-6.34083
-6.31704
-6.33458
-6.25454
-6.32275
-6.30065
-6.28784
-6.21227
-6.21635
-6.18347
-6.15448
-6.15486
-6.12251
-6.09371
-6.06041
-6.02291
-5.88332
-5.83053
-5.84455
-5.82284
-5.8363
-5.78647
-5.80299
-5.71666
-5.67456
-5.52031
-5.46159
-5.62943
-5.72991
-5.69096
-5.78588
-5.6681
-5.53755
-5.66563
-5.59666
-5.59785
-5.60293
-5.5983
-5.52728
-5.47193
-5.36969
-5.2807
-5.17342
-5.14721
-5.1894
-5.15752
-5.13609
-5.15241
-5.16876
-5.18781
-5.13957
-5.06012
-5.08698
-4.97711
-5.09384
-5.02342
-5.0585
-5.09487
-5.09528
-5.11541
-5.10618
-5.08861
-5.04327
-5.07272
-5.04408
-4.9808
-4.94974
-4.88568
-4.86908
-4.85535
-4.8289
-4.73204
-4.75628
-4.71422
-4.64849
-4.59173
-4.49298
-4.3779
-4.34728
-4.33435
-4.34304
-4.3015
-4.25797
-4.21792
-4.17288
-4.11582
-4.06433
-4.0358
-4.01398
-3.98391
-3.9017
-3.84378
-3.75854
-3.65225
-3.64134
-3.64098
-3.76335
-3.95864
-4.05074
-4.11811
-4.18262
-4.21347
-4.21996
-4.20138
-4.14422
-4.12678
-4.0679
-4.09778
-4.13712
-4.16116
-4.21847
-4.26155
-4.30423
-4.33276
-4.33938
-4.32552
-4.34314
-4.31311
-4.3187
-4.32393
-4.37576
-4.41833
-4.40006
-4.42041
-4.42688
-4.47181
-4.51409
-4.58389
-4.64305
-4.65361
-4.76986
-4.84543
-4.91698
-5.04177
-5.13546
-5.15621
-5.18438
-5.16753
-5.10957
-5.10573
-5.12929
-5.16222
-5.14426
-5.15523
-5.18369
-5.21928
-5.24057
-5.31877
-5.35026
-5.40017
-5.42552
-5.43224
-5.41932
-5.4279
-5.4785
-5.47833
-5.45255
-5.59174
-5.65701
-5.69424
-5.73497
-5.88936
-5.87838
-5.48632
-5.70537
-5.98928
-6.36091
-6.54598
-6.52854
-6.48724
-6.40807
-6.51122
-6.58858
-6.66761
-6.6653
-6.65605
-6.64749
-6.603
-6.5911
-6.56475
-6.50833
-6.50079
-6.52244
-6.53856
-6.51593
-6.47345
-6.48712
-6.49858
-6.53297
-6.54476
-6.58337
-6.53782
-6.59539
-6.51925
-6.47587
-6.47112
-6.52229
-6.45986
-6.48369
-6.47023
-6.46977
-6.37806
-6.30741
-6.19577
-6.14527
-5.99973
-5.97503
-5.85111
-5.89798
-5.85738
-5.80789
-5.83219
-5.74842
-5.72432
-5.72759
-5.76446
-5.81564
-5.81153
-5.84897
-5.83481
-5.84932
-5.83544
-5.8653
-5.89144
-5.94924
-5.99332
-6.04189
-6.06715
-6.09472
-6.13179
-6.15831
-6.07088
-6.10567
-6.10659
-6.01953
-6.15737
-6.22085
-6.35498
-6.38597
-6.43317
-6.46642
-6.53058
-6.56881
-6.54414
-6.51859
-6.54658
-6.55031
-6.58972
-6.58778
-6.62401
-6.61359
-6.44263
-6.3658
-6.28323
-6.23456
-6.15729
-6.16081
-6.1372
-6.08971
-6.07349
-6.03678
-5.94304
-5.87999
-5.86149
-5.80183
-5.77425
-5.74741
-5.65698
-5.60853
-5.56206
-5.564
-5.51449
-5.50199
-5.48585
-5.50009
-5.49449
-5.4339
-5.36346
-5.28217
-5.30286
-5.27881
-5.26813
-5.25923
-5.20149
-5.22083
-5.18557
-5.16386
-5.10118
-5.12423
-5.14506
-5.16762
-5.20979
-5.14125
-5.10297
-5.01152
-5.03947
-5.01897
-4.94684
-5.0045
-4.95658
-4.95694
-4.9254
-4.90896
-4.89942
-4.89871
-4.90893
-4.91601
-4.92341
-4.91646
-4.92889
-4.8985
-4.91557
-4.81924
-4.80667
-4.8479
-4.82809
-4.88635
-4.89765
-4.95325
-5.03894
-5.11694
-5.20658
-5.22393
-5.23742
-5.2662
-5.21309
-5.26516
-5.22064
-5.22728
-5.20307
-5.27035
-5.25901
-5.26344
-5.28183
-5.312
-5.25745
-5.27885
-5.23063
-5.15155
-5.11101
-5.13086
-5.16976
-5.24719
-5.38218
-5.45223
-5.48561
-5.4716
-5.38855
-5.43346
-5.42476
-5.45294
-5.45693
-5.48532
-5.4987
-5.51521
-5.48499
-5.62743
-5.68773
-5.71529
-5.73809
-5.73945
-5.74821
-5.74032
-5.76221
-5.78097
-5.85109
-5.841
-5.84159
-5.85087
-5.8644
-5.90075
-5.90403
-5.92773
-5.90492
-5.89435
-5.77628
-5.72028
-5.67246
-5.51081
-5.47476
-5.39818
-5.27085
-5.13523
-5.12852
-5.0903
-5.05402
-4.97616
-5.08671
-5.14442
-5.28627
-5.29744
-5.37887
-5.43263
-5.43483
-5.43958
-5.51333
-5.54711
-5.5287
-5.57588
-5.63277
-5.67057
-5.64158
-5.66928
-5.64584
-5.67962
-5.67577
-5.6882
-5.68683
-5.64846
-5.65529
-5.65009
-5.64326
-5.58434
-5.60639
-5.60145
-5.60764
-5.55584
-5.5326
-5.50258
-5.40854
-5.46844
-5.50134
-5.62869
-5.60098
-5.63509
-5.65765
-5.68598
-5.70842
-5.72544
-5.75187
-5.76577
-5.73469
-5.74041
-5.77345
-5.759
-5.78959
-5.82047
-5.88785
-5.96266
-5.98864
-6.00359
-5.9929
-6.00428
-5.99782
-6.00191
-5.99376
-6.0186
-6.00377
-6.04009
-6.03642
-6.03724
-6.00605
-6.01483
-6.03084
-6.09471
-6.08676
-6.09323
-6.08544
-6.10399
-6.12317
-6.17533
-6.22463
-6.20272
-6.21891
-6.21672
-6.25047
-6.79187
-6.79808
-6.86328
-6.82394
-6.85909
-6.86789
-6.77277
-6.80193
-6.80168
-6.788
-6.81743
-6.85373
-6.86847
-6.86082
-6.94828
-6.94464
-6.97736
-7.00648
-7.01914
-7.04844
-7.08868
-7.15875
-7.20571
-7.17645
-7.05805
-7.12233
-7.15909
-7.17157
-7.20891
-7.20566
-7.23048
-7.2782
-7.28069
-7.33001
-7.30932
-7.28017
-7.20688
-7.14564
-7.17179
-6.92574
-6.85675
-6.72658
-6.79473
-6.68088
-6.58046
-6.48396
-6.40656
-6.25334
-6.21763
-6.22102
-6.30971
-6.18158
-6.33824
-6.28541
-6.27953
-6.33176
-6.07908
-6.11454
-6.03341
-5.74871
-5.6158
-5.48868
-5.32381
-5.20429
-4.98794
-4.88921
-4.85006
-4.74814
-4.67288
-4.69159
-4.7232
-4.803
-4.83071
-4.84686
-4.86284
-4.89569
-4.89517
-4.82508
-4.71784
-4.58423
-4.52732
-4.49684
-4.43826
-4.47683
-4.42887
-4.34489
-4.22276
-4.20942
-4.15304
-4.14911
-4.1278
-4.09098
-4.04785
-3.8612
-3.79726
-3.83314
-3.84445
-3.862
-3.89913
-3.92326
-3.98657
-3.9921
-4.03158
-4.02406
-3.99196
-3.9558
-3.8207
-3.72154
-3.71003
-3.70205
-3.68216
-3.68742
-3.70547
-3.72107
-3.73055
-3.6952
-3.70645
-3.60967
-3.48229
-3.40101
-3.35691
-3.32582
-3.32058
-3.25546
-3.27164
-3.2281
-3.26711
-3.27478
-3.27308
-3.20444
-3.16519
-3.05553
-2.8181
-2.68117
-2.60762
-2.57692
-2.62118
-2.61414
-2.5891
-2.64607
-2.7167
-2.72143
-2.50166
-2.45635
-2.41578
-2.41452
-2.40815
-2.38984
-2.29818
-2.3458
-2.44182
-2.53123
-2.65157
-2.68861
-2.6697
-2.65536
-2.59509
-2.55266
-2.52812
-2.48295
-2.45805
-2.39292
-2.34245
-2.35572
-2.24174
-2.17172
-2.14803
-2.12835
-1.96111
-2.01157
-2.04475
-2.10527
-1.27925
-2.11582
-1.41876
-2.13159
-2.46736
-2.4579
-2.47529
-2.48279
-2.48853
-2.48003
-2.48691
-2.48032
-2.48604
-2.47976
-2.4858
-2.47716
-2.48616
-2.49075
-2.48017
-2.48557
-2.48833