-2.53304
-2.54008
-2.53891
-2.53532
-2.53396
-2.53194
-2.52586
-2.53794
-2.53454
-2.53698
-2.5255
-2.53227
-2.53315
-2.53311
-2.53423
-2.5268
-2.52787
-2.53082
-2.52961
-2.53587
-2.53319
-2.52676
-2.53331
-2.52764
-2.53491
-2.53653
-2.53141
-2.53274
-2.531
-2.52247
-2.53166
-2.52824
-2.52352
-2.53409
-2.53161
-2.51909
-2.53125
-2.52646
-2.5299
-2.5274
-2.52318
-2.52551
-2.52418
-2.52603
-2.52434
-2.52944
-2.52586
-2.53138
-2.53946
-2.53066
-2.53709
-2.5267
-2.55254
-2.5596
-2.58688
-2.61465
-2.63512
-2.64753
-2.67913
-2.65564
-2.6128
-2.57327
-2.57955
-2.57643
-2.58963
-2.60852
-2.6218
-2.67037
-2.77862
-2.94112
-3.14415
-3.39824
-3.56497
-3.64269
-3.67535
-3.80988
-3.96453
-4.18121
-4.47419
-4.70774
-4.70492
-4.5535
-4.301
-3.96764
-3.60645
-3.24101
-2.95278
-2.67638
-2.56313
-2.41199
-2.26131
-2.16833
-2.1227
-2.05887
-2.06172
-2.00599
-1.92488
-1.90882
-2.13629
-2.45726
-2.86348
-3.15518
-3.361
-3.71728
-4.03227
-4.31893
-4.63334
-4.78909
-4.81871
-4.72865
-4.52375
-4.37194
-3.99422
-3.67807
-3.35017
-3.08186
-2.78643
-2.4565
-2.0836
-1.8931
-1.8979
-1.95247
-2.02576
-1.98065
-1.98702
-2.09018
-2.27741
-2.47288
-2.74987
-2.98085
-3.29213
-3.61598
-3.96251
-4.29978
-4.57086
-4.74644
-4.88145
-4.85588
-4.69821
-4.39673
-3.94984
-3.56277
-3.18076
-2.86816
-2.68114
-2.44848
-2.10131
-1.89181
-1.8088
-1.89393
-1.9568
-1.90741
-1.92764
-2.00944
-2.1558
-2.46101
-2.74222
-3.01226
-3.45734
-3.91564
-4.41452
-4.78868
-4.98363
-5.07701
-4.93426
-4.62455
-4.20153
-3.944
-3.72209
-3.49698
-3.39107
-3.16042
-2.83344
-2.5274
-2.39402
-2.29162
-2.26445
-2.21507
-2.20205
-2.20668
-2.21684
-2.2282
-2.25461
-2.2684
-2.2391
-2.18298
-2.09516
-2.22344
-2.27899
-2.34117
-2.34621
-2.42661
-2.44358
-2.55744
-2.56049
-2.55344
-2.48812
-2.55227
-2.54967
-2.561
-2.55459
-2.56543
-2.56152
-2.56267
-2.56444
-2.56876
-2.56636
-2.5634
-2.56196
-2.5709
-2.56658
-2.56623
-2.57092
-2.56898
-2.56841
-2.57538
-2.57417
-2.57599
-2.56965
-2.57531
-2.5681
-2.56565
-2.56891
-2.56081
-2.55719
-2.56161
-2.55708
-2.55314
-2.55811
-2.55429
-2.55445
-2.55258
-2.55285
-2.56106
-2.5595
-2.55791
-2.5574
-2.55428
-2.55961
-2.55831
-2.55561
-2.55431
-2.5551
-2.55342
-2.55602
-2.55662
-2.55287
-2.5569
-2.55002
-2.56013
-2.55726
-2.56186
-2.55922
-2.5546
-2.56175
-2.55548
-2.56208
-2.56222
-2.55915
-2.55595
-2.56477
-2.55932
-2.56163
-2.562
-2.56847
-2.56632
-2.56081
-2.56553
-2.55646
-2.57676
-2.56213
-2.56189
-2.55395
-2.56376
-2.56635
-2.56338
-2.56077
-2.55699
-2.54684
-2.5644
-2.56154
-2.55071
-2.57115
-2.56257
-2.55362
-2.56532
-2.57086
-2.567
-2.56626
-2.5664
-2.55821
-2.54728
-2.56428
-2.56051
-2.55361
-2.57148
-2.57281
-2.57112
-2.56204
-2.57195
-2.56909
-2.56717
-2.56041
-2.56787
-2.57181
-2.56488
-2.55415
-2.56696
-2.56596
-2.57448
-2.55907
-2.55514
-2.56441
-2.56418
-2.56451
-2.56822
-2.56453
-2.5677
-2.55482
-2.56758
-2.55848
-2.55789
-2.56368
-2.56569
-2.55169
-2.56356
-2.55803
-2.55961
-2.56045
-2.56693
-2.55604
-2.56308
-2.56691
-2.56476
-2.55588
-2.56084
-2.56011
-2.5624
-2.55414
-2.55793
-2.55606
-2.55757
-2.55923
-2.55955
-2.55765
-2.54953
-2.55522
-2.55322
-2.55352
-2.55619
-2.55357
-2.56306
-2.55884
-2.56322
-2.56322
-2.55703
-2.55368
-2.5585
-2.55342
-2.551
-2.55608
-2.5528
-2.55043
-2.55012
-2.55143
-2.54546
-2.5488
-2.54603
-2.54297
-2.54766
-2.54066
-2.54823
-2.5459
-2.54628
-2.54963
-2.54402
-2.53858
-2.53632
-2.53553
-2.52637
-2.52246
-2.45314
-2.32215
-2.34966
-2.34623
-2.32268
-2.1236
-2.03725
-1.96532
-1.84868
-1.81976
-1.76484
-1.75868
-1.78547
-1.78803
-1.92929
-2.04071
-2.33626
-2.65031
-2.91158
-3.12491
-3.25723
-3.31937
-3.45359
-3.533
-3.62501
-3.6791
-3.7472
-3.85958
-3.97537
-4.04796
-4.12786
-4.24366
-4.37616
-4.38772
-4.40968
-4.38213
-4.3398
-4.45489
-4.49189
-4.528
-4.42084
-4.46681
-4.56536
-4.61329
-4.66527
-4.71905
-4.74945
-4.78266
-4.82969
-4.85199
-4.91372
-4.98931
-5.01123
-5.10516
-5.17203
-5.21661
-5.25204
-5.298
-5.33195
-5.37791
-5.40536
-5.47024
-5.46724
-5.50533
-5.50135
-5.5436
-5.57947
-5.59463
-5.77006
-5.80289
-5.86865
-5.90578
-5.96999
-5.93597
-5.97151
-6.01959
-6.03926
-6.01286
-5.94133
-5.9431
-5.9339
-6.00466
-6.0089
-5.9407
-6.01371
-6.00921
-6.08728
-6.04998
-6.04145
-6.09074
-6.07665
-5.91852
-5.69636
-5.92661
-5.8943
-5.93651
-5.85477
-5.82998
-5.92442
-5.91707
-5.87459
-5.84394
-5.76383
-5.84
-5.69271
-5.73996
-5.80988
-5.83531
-5.94359
-5.95855
-5.81633
-5.91027
-6.02493
-6.08904
-6.23658
-6.38932
-6.36906
-6.36247
-6.41315
-6.49134
-6.4664
-6.47692
-6.45207
-6.43446
-6.4197
-6.30407
-6.12631
-6.20598
-6.14666
-6.19157
-6.43502
-6.24178
-6.35478
-6.3684
-6.42794
-6.37985
-5.71461
-5.69826
-5.60495
-5.55193
-5.44057
-5.4827
-5.32102
-5.53491
-5.48286
-5.40632
-5.54743
-5.4512
-5.58037
-5.62338
-5.63719
-5.67696
-5.66926
-5.65348
-5.62591
-5.66089
-5.63493
-5.65594
-5.65874
-5.69296
-5.67385
-5.63784
-5.61375
-5.57957
-5.47254
-5.42075
-5.85746
-5.8966
-5.90519
-5.29862
-5.33534
-5.36572
-5.30083
-5.24377
-5.17643
-4.56583
-4.47874
-4.2514
-4.4513
-4.28892
-4.31083
-4.0314
-4.0355
-3.94177
-3.93396
-3.89512
-3.90261
-3.83992
-3.77583
-3.79232
-3.83404
-3.82657
-3.80435
-3.7969
-3.81018
-3.82696
-3.79834
-3.78789
-3.76647
-3.60223
-3.57211
-3.56194
-3.52706
-3.48191
-3.42931
-3.42381
-3.28835
-3.25301
-3.12193
-3.02748
-3.05479
-2.97919
-2.85739
-2.86278
-2.82319
-2.72445
-2.76998
-2.77569
-2.83327
-2.88208
-3.09971
-3.05286
-3.36486
-3.82514
-3.91202
-4.179
-4.71809
-4.94117
-5.07842
-5.08194
-5.00632
-5.12045
-5.04303
-5.09301
-5.043
-5.1332
-5.17699
-5.05971
-5.0521
-4.95512
-4.95292
-4.80463
-4.76062
-4.61049
-4.3641
-4.25376
-4.21844
-4.12402
-4.10903
-4.05946
-4.05486
-4.08725
-4.02931
-4.07787
-4.09149
-4.12432
-4.12948
-4.06966
-4.12842
-4.18756
-4.20902
-4.00871
-3.75718
-3.50082
-3.38554
-3.18899
-2.97339
-2.86412
-2.65693
-2.48858
-2.3859
-2.26898
-2.19563
-2.07053
-1.98376
-1.85675
-1.76403
-1.78001
-1.81186
-1.80034
-1.76866
-1.82628
-1.88398
-2.00941
-2.09125
-2.14847
-2.13704
-2.10188
-2.01368
-1.95434
-1.86116
-1.77194
-1.65732
-1.64988
-1.51319
-1.62648
-1.63422
-1.73865
-1.82835
-1.81882
-1.8455
-1.85368
-1.85121
-1.78574
-1.77659
-1.79423
-1.80371
-1.82381
-1.80667
-1.7848
-1.79998
-1.70012
-1.75562
-1.69881
-1.76294
-1.76346
-1.8561
-1.89779
-2.04512
-2.11913
-2.1091
-2.11948
-2.18779
-2.28882
-2.34902
-2.41089
-2.57144
-2.60941
-2.6828
-2.70028
-2.73965
-2.76595
-2.76443
-2.81758
-2.78506
-2.63455
-2.60961
-2.80227
-2.9975
-3.01703
-2.90047
-2.75125
-2.73147
-2.78951
-2.79344
-2.80545
-2.86754
-2.85458
-2.91164
-2.94975
-2.99819
-3.03924
-3.06634
-3.17152
-3.17208
-3.16628
-3.0171
-2.73917
-2.63548
-2.49265
-2.5637
-2.63829
-2.72989
-2.80045
-2.85811
-2.89924
-3.02168
-3.08352
-3.19475
-3.21167
-3.17886
-3.16487
-3.22283
-3.1692
-3.16955
-3.1016
-2.98578
-2.91324
-2.82423
-2.88269
-2.83458
-2.91986
-2.99436
-3.09657
-3.19037
-3.31458
-3.37102
-3.48731
-3.48437
-3.53129
-3.62985
-3.54037
-3.51307
-3.49564
-3.38195
-3.34614
-3.33066
-3.29386
-3.31073
-3.31415
-3.3514
-3.45029
-3.33787
-3.37952
-3.41686
-3.56269
-3.63186
-3.57041
-3.61395
-3.61458
-3.61625
-3.61092
-3.84695
-3.91336
-4.02251
-3.92717
-3.93108
-3.81622
-3.95328
-4.18062
-4.06065
-4.14753
-4.2348
-4.26666
-4.15971
-4.18681
-3.97617
-4.70071
-4.51493
-4.50105
-3.91756
-4.09757
-4.17807
-3.58761
-3.67558
-3.63916
-3.26034
-3.28935
-3.26981
-3.39535
-3.37507
-3.28989
-3.2681
-3.23058
-3.17248
-3.14235
-3.05504
-2.99604
-2.99337
-2.98205
-2.89878
-2.73484
-2.65354
-2.46676
-2.48449
-2.57703
-2.59741
-2.67012
-2.76659
-2.73293
-2.82188
-2.86443
-3.01228
-3.11732
-3.10708
-3.08037
-2.95888
-2.97474
-3.00896
-3.06339
-3.18156
-3.18941
-3.17298
-3.10248
-2.95339
-2.93826
-2.94449
-2.89623
-2.98896
-2.97233
-2.92444
-2.91652
-2.85826
-2.80344
-2.79428
-2.66633
-2.66394
-2.58837
-2.51757
-2.38561
-2.37923
-2.26771
-2.25873
-2.27579
-2.4452
-2.46136
-2.45493
-2.43507
-2.39262
-2.35304
-2.2728
-2.10581
-2.03225
-1.93439
-1.82992
-1.83333
-1.8135
-1.80741
-1.85452
-1.94478
-2.00194
-2.0494
-2.16185
-2.23671
-2.44042
-2.6017
-2.87782
-3.10431
-3.07991
-3.06854
-3.06067
-3.13278
-3.25269
-3.36417
-3.50503
-3.51726
-3.63983
-3.8193
-3.99542
-4.18723
-4.21636
-4.58179
-5.02023
-5.21715
-5.34844
-5.81935
-5.83424
-5.88154
-6.17795
-6.24345
-6.28416
-6.12396
-5.93505
-5.97644
-6.01707
-5.92554
-6.02461
-5.99132
-5.92234
-5.66143
-5.72395
-5.74569
-5.95765
-6.22576
-6.23213
-6.5877
-6.54017
-6.47899
-6.55134
-6.55487
-6.53863
-6.55271
-6.41184
-6.34535
-6.35378
-6.30304
-6.04431
-5.85121
-5.63433
-5.38212
-5.33993
-5.48308
-5.37514
-5.39433
-5.44257
-5.35233
-5.46506
-5.58393
-5.64643
-5.67084
-5.66865
-5.46383
-5.37753
-5.31563
-5.37024
-5.42278
-5.42851
-5.60256
-5.63187
-5.71057
-5.76106
-5.79924
-5.81969
-5.78528
-5.82901
-5.81226
-5.80982
-5.75313
-5.68464
-5.68494
-5.6476
-5.53695
-5.49232
-5.47707
-5.40577
-5.41068
-5.3907
-5.38369
-5.32703
-5.25403
-5.2065
-5.15144
-5.24625
-5.25532
-5.38062
-5.41582
-5.41999
-5.53179
-5.5743
-5.83994
-6.13128
-5.95699
-5.86714
-5.93793
-5.95538
-6.29052
-6.25409
-6.15119
-6.16975
-6.03687
-5.8686
-5.62217
-5.52726
-5.35115
-5.20583
-5.15671
-5.15288
-4.94286
-4.93371
-4.85131
-4.8321
-4.90189
-4.61371
-4.50939
-4.34609
-4.28782
-4.17166
-4.02767
-4.05683
-3.86456
-3.55294
-3.48474
-3.3976
-3.43384
-3.35968
-3.4125
-3.2564
-3.30463
-3.47236
-3.41374
-3.42856
-3.46126
-3.48137
-3.37946
-3.5426
-3.6044
-3.69706
-3.75208
-3.73913
-3.86574
-3.75486
-3.9051
-4.04369
-4.10276
-4.28705
-4.26857
-4.42909
-4.42401
-4.54154
-4.58255
-4.61152
-4.70707
-4.82392
-4.53739
-4.61731
-4.63896
-4.78348
-4.89377
-4.99878
-5.16885
-5.15692
-5.02359
-4.93944
-4.70847
-4.41409
-4.15095
-3.98366
-3.75553
-3.51407
-3.33958
-2.87907
-2.69158
-2.56148
-2.40257
-2.32668
-2.26054
-2.06651
-2.02902
-1.96118
-2.03084
-1.98822
-2.00427
-2.00114
-2.00904
-2.01699
-2.0195
-2.06032
-2.13028
-2.18181
-2.21232
-2.25141
-2.20007
-2.24331
-2.32745
-2.46533
-2.55238
-2.605
-2.69884
-2.70356
-2.75068
-2.86131
-2.9236
-2.96637
-3.03194
-3.06607
-3.06827
-3.16978
-3.25364
-3.31322
-3.41577
-3.48291
-3.54402
-3.6452
-3.65936
-3.72035
-3.6424
-3.70575
-3.74166
-3.80312
-3.80341
-3.80726
-3.98205
-3.99165
-3.80248
-3.81227
-3.86486
-3.91818
-3.94787
-4.07067
-4.24128
-4.397
-4.46285
-4.51627
-4.7009
-4.70288
-4.77847
-4.549
-4.62477
-4.65214
-4.68628
-4.72319
-4.72885
-4.6146
-4.57177
-4.80997
-4.77731
-4.84722
-4.84392
-4.80061
-4.81109
-4.78782
-4.69126
-4.64559
-4.5994
-4.61231
-4.55802
-4.56521
-4.55744
-4.44667
-4.42353
-4.40832
-4.47156
-4.57337
-4.62619
-4.66774
-4.56254
-4.4968
-4.57388
-4.62242
-4.67979
-4.61492
-4.69549
-4.67722
-4.67178
-4.68589
-4.68705
-4.74806
-4.75062
-4.785
-4.71542
-4.75532
-4.77488
-4.75701
-4.76365
-4.73746
-4.75338
-4.73888
-4.72145
-4.73158
-4.73487
-4.7156
-4.70162
-4.74278
-4.74816
-4.78001
-4.81202
-4.85919
-4.86003
-4.90614
-4.91036
-4.94127
-4.94724
-4.91997
-4.87174
-4.86649
-4.80908
-4.7899
-4.80059
-4.76387
-4.68054
-4.57623
-4.55515
-4.51349
-4.42986
-4.45558
-4.35487
-4.26746
-4.24297
-4.2676
-4.2017
-4.14725
-4.12405
-4.10487
-4.07284
-3.99857
-4.0075
-4.01114
-3.99599
-3.99016
-3.99613
-4.04154
-4.0732
-4.09059
-4.10828
-4.10506
-4.10085
-4.1488
-4.20239
-4.18987
-4.26044
-4.19191
-4.06105
-4.22019
-4.24238
-4.256
-4.20057
-4.18951
-4.17205
-4.19824
-4.21908
-4.22764
-4.25174
-4.25448
-4.22575
-4.20857
-4.19042
-4.17009
-4.0961
-4.10342
-4.08671
-4.11128
-4.1389
-4.08686
-4.07171
-4.04054
-4.00141
-3.98892
-3.95501
-3.90735
-3.92265
-3.89262
-3.8961
-3.91457
-3.87842
-3.88147
-3.82525
-3.79573
-3.69375
-3.59713
-3.49665
-3.4092
-3.39231
-3.36348
-3.33111
-3.3147
-3.33887
-3.30425
-3.24606
-3.20545
-3.17391
-3.16547
-3.14306
-3.13898
-3.12414
-3.0659
-3.04184
-3.02698
-2.99884
-2.95321
-2.88912
-2.86894
-2.81837
-2.81024
-2.83971
-2.90926
-2.92914
-2.92586
-2.85777
-2.8117
-2.77186
-2.73698
-2.70526
-2.65113
-2.57058
-2.55507
-2.54227
-2.49004
-2.38617
-2.20702
-2.18642
-2.11161
-2.04234
-1.90155
-1.84133
-1.62703
-1.67964
-1.69289
-1.70901
-1.88763
-1.93447
-2.01159
-2.1316
-2.28539
-2.46865
-2.60376
-2.73353
-2.78211
-3.06979
-3.06264
-3.01382
-2.95067
-3.03049
-3.04184
-3.34517
-3.3185
-3.5404
-3.86178
-3.97639
-4.29887
-4.38652
-4.55413
-4.72393
-4.73781
-4.82807
-4.72897
-4.74601
-4.75206
-4.46571
-4.28044
-4.32184
-4.15533
-4.17125
-3.95214
-3.9504
-3.84993
-3.68101
-3.52802
-3.54395
-3.54455
-3.53468
-3.45338
-3.37861
-3.35924
-3.23397
-3.13615
-3.10454
-3.06145
-3.08293
-3.0373
-3.15441
-3.02611
-3.07531
-3.18177
-3.23889
-3.38325
-3.41496
-3.66729
-3.90729
-4.102
-4.47428
-4.78911
-4.82501
-5.04397
-5.06016
-5.14964
-5.28179
-5.39061
-5.37151
-5.3819
-5.40204
-5.39375
-5.43977
-5.40113
-5.4713
-5.35725
-5.36508
-5.41098
-5.43788
-5.5367
-5.57952
-5.6128
-5.69746
-5.69511
-5.69765
-5.62752
-5.67467
-5.6586
-5.67716
-5.63753
-5.58831
-5.5195
-5.50476
-5.43306
-5.26206
-5.23699
-5.38924
-5.44789
-5.52132
-5.51773
-5.44927
-5.35256
-5.36725
-5.34155
-5.41368
-5.28813
-5.28726
-5.27342
-5.26386
-5.21609
-5.82588
-5.78968
-5.81757
-5.68349
-5.72454
-5.69902
-5.55951
-5.55461
-5.50427
-5.4344
-5.44333
-5.40033
-4.9341
-4.92098
-4.91046
-5.05913
-5.06764
-5.04193
-4.68904
-4.69053
-4.68977
-4.76115
-4.74345
-4.73338
-4.6409
-4.64873
-4.63965
-4.65513
-4.66533
-4.66724
-4.71512
-4.6987
-4.66654
-4.66856
-4.66462
-4.66042
-4.80381
-4.82506
-4.81553
-4.7444
-4.71056
-4.7207
-4.7089
-4.70759
-4.68692
-4.66726
-4.69486
-4.70763
-4.71401
-4.80234
-4.87939
-4.98628
-5.06004
-5.0892
-5.0893
-5.10458
-5.12258
-4.87503
-4.88583
-4.88832
-4.8915
-4.91029
-4.89556
-4.86709
-4.94741
-4.96512
-5.00544
-5.02038
-5.01676
-5.01546
-5.04687
-5.0292
-5.05535
-5.0586
-5.08905
-5.1569
-5.16269
-5.14211
-5.06859
-5.07935
-5.09093
-5.1717
-5.15908
-5.17484
-5.19172
-5.18294
-5.15595
-5.16288
-5.19287
-5.14609
-5.13315
-4.97557
-4.94623
-4.92531
-4.97973
-4.96809
-4.974
-4.97215
-4.98609
-4.99303
-4.99081
-5.0067
-5.02863
-4.97115
-5.03032
-5.02481
-5.04061
-5.09095
-5.09013
-5.10015
-5.11725
-5.10739
-5.13695
-5.13088
-5.13435
-5.16242
-5.1466
-5.09689
-5.06767
-5.04935
-5.00056
-5.0257
-5.02588
-4.92887
-4.92584
-4.88372
-4.9994
-4.93946
-5.01778
-4.95459
-4.89006
-4.96513
-5.14395
-5.27032
-5.30756
-5.52798
-5.50407
-5.47407
-5.42767
-5.38751
-5.30012
-5.50307
-5.51854
-5.51899
-5.53309
-5.58751
-5.65038
-5.84661
-5.77937
-5.67616
-5.43487
-5.35728
-5.52255
-5.67598
-5.73973
-5.66431
-5.79295
-5.6699
-5.73991
-5.64761
-5.66613
-5.6306
-5.70195
-5.74815
-5.63632
-5.60543
-5.6594
-5.61636
-5.70413
-5.73411
-5.73695
-5.69897
-5.67722
-5.67855
-5.76546
-5.76461
-5.76496
-5.93653
-5.90416
-5.78583
-5.51663
-5.33019
-5.15109
-5.18763
-5.21695
-5.15686
-5.12884
-5.08276
-5.06216
-5.03465
-5.00806
-5.07758
-4.934
-4.98289
-4.96918
-4.88442
-4.85069
-4.77254
-4.718
-4.64984
-4.67541
-4.72406
-4.78034
-4.81697
-4.88068
-4.88464
-4.8158
-4.80165
-4.76934
-4.78781
-4.81487
-4.78388
-4.8295
-4.75777
-4.75058
-4.77403
-4.80726
-4.86144
-4.94702
-4.92538
-5.0102
-4.99332
-4.96591
-5.02197
-5.10381
-5.11661
-5.18084
-5.14918
-5.10123
-5.17613
-5.13184
-5.22927
-5.3797
-5.55413
-5.6092
-5.79639
-5.8156
-5.93901
-6.08443
-6.04724
-6.15282
-6.12264
-6.11895
-6.22692
-6.14911
-5.99541
-5.97358
-5.74794
-5.61651
-5.50713
-5.75566
-5.6907
-5.4021
-5.43993
-5.15984
-5.06316
-5.02033
-5.14849
-5.11973
-5.21979
-5.09432
-5.25972
-5.16559
-5.23551
-5.35836
-5.49914
-5.61583
-5.61521
-5.67867
-5.78791
-5.77999
-5.86108
-5.88189
-5.91409
-5.90499
-5.93202
-6.09094
-6.14828
-6.21342
-6.2096
-6.13094
-6.04114
-6.19602
-6.16387
-6.2002
-6.34151
-6.30518
-6.29929
-6.31041
-6.38975
-6.36787
-6.37844
-6.24579
-6.06319
-5.98463
-5.97306
-5.91039
-6.01965
-6.05312
-6.1767
-6.19409
-5.90867
-5.83705
-6.09146
-6.02581
-5.97722
-5.82031
-5.75138
-5.76032
-5.05002
-4.99189
-5.0208
-5.40553
-5.25222
-5.12452
-5.26064
-5.29587
-5.34698
-5.61337
-5.67778
-5.67137
-5.29719
-5.33745
-5.27608
-5.38761
-5.40221
-5.50795
-5.57808
-5.52652
-5.56049
-5.37912
-5.40822
-6.00835
-6.14572
-6.25789
-6.34171
-6.74484
-6.7505
-6.83581
-7.45937
-7.40341
-7.72911
-7.53779
-7.39773
-7.48681
-7.52336
-7.43579
-7.44601
-7.36745
-7.31484
-7.27521
-7.35622
-7.36907
-7.11616
-6.86011
-6.54556
-6.40735
-6.32355
-6.17422
-6.03088
-5.89143
-5.80706
-5.7208
-5.69511
-5.71113
-5.68698
-5.71641
-5.70468
-5.6406
-5.66932
-5.53872
-5.58237
-5.60609
-5.58326
-5.64346
-5.76416
-5.83742
-5.75514
-5.76778
-5.75028
-5.63803
-5.46884
-5.53229
-5.58152
-5.77617
-5.76264
-5.84575
-5.79924
-5.85849
-5.93746
-5.94617
-5.91524
-5.90439
-5.94802
-5.91114
-5.86752
-5.78656
-5.68267
-5.76133
-5.84984
-5.84682
-5.87303
-5.88868
-5.90029
-5.82221
-5.67805
-5.68313
-5.74084
-5.70283
-5.66409
-5.74301
-5.77093
-5.8512
-5.92413
-5.84468
-5.84684
-5.83919
-5.85291
-5.85583
-5.87388
-5.84185
-5.83941
-5.8768
-5.87022
-5.85823
-5.84803
-5.86402
-5.8699
-5.84767
-5.86757
-5.87604
-5.89782
-5.8724
-5.90988
-5.86196
-5.96397
-5.95127
-5.9136
-5.91413
-5.94162
-5.92245
-5.93459
-5.93712
-5.94657
-5.92393
-5.97825
-6.00387
-6.02305
-6.02963
-6.05385
-6.08442
-6.08052
-5.99154
-6.01838
-6.00949
-6.02128
-5.96794
-5.96155
-5.90161
-5.81641
-5.85018
-5.989
-5.94424
-5.98839
-6.05631
-6.02996
-5.93978
-5.89009
-5.83246
-5.81555
-5.83254
-5.85936
-5.85858
-5.92143
-5.92138
-5.94576
-5.96221
-5.86762
-5.91115
-5.80574
-5.76837
-5.80447
-5.88186
-5.96692
-6.0156
-6.00578
-5.95867
-5.90231
-5.91298
-5.86371
-5.84355
-5.80262
-5.79095
-5.77785
-5.73159
-5.74747
-5.7036
-5.69618
-5.75179
-5.8116
-5.86408
-5.93514
-5.95556
-5.98473
-6.03003
-6.04446
-6.02439
-6.04888
-6.04494
-6.04097
-5.97695
-6.00948
-5.99834
-5.90314
-5.82789
-5.75438
-5.70118
-5.71406
-5.71751
-5.69778
-5.68956
-5.73606
-5.74321
-5.75954
-5.81223
-5.81273
-5.78164
-5.58518
-5.4731
-5.37145
-5.31888
-5.26843
-5.13385
-5.12116
-4.9955
-4.66061
-4.6401
-4.84162
-5.03393
-5.14149
-5.69062
-5.65807
-5.82253
-5.94361
-6.04693
-6.25841
-5.90685
-5.91682
-5.89315
-5.83319
-5.75822
-5.88543
-5.85016
-5.78752
-5.78957
-5.68034
-5.44737
-5.25636
-5.21281
-5.04177
-4.9105
-4.82269
-4.814
-4.68141
-4.70127
-4.65665
-4.63936
-4.59797
-4.62959
-4.50185
-4.37108
-4.39195
-4.35964
-4.37939
-4.62913
-4.83317
-4.88661
-4.91359
-5.00615
-5.03972
-4.89296
-4.8784
-5.03153
-5.2177
-5.31271
-5.41
-5.35456
-5.38743
-5.4277
-5.51532
-5.47592
-5.33124
-5.22631
-5.21677
-5.10271
-4.95695
-4.89559
-4.88293
-4.84194
-4.89504
-4.87672
-4.92963
-4.99026
-5.02089
-5.06157
-5.05308
-5.126
-5.18653
-5.21463
-5.14277
-4.89924
-4.70101
-4.57489
-4.60324
-4.70547
-4.91744
-5.06996
-5.05875
-5.22882
-5.15125
-5.15453
-5.1362
-5.21647
-5.23894
-5.30321
-5.28365
-5.09738
-5.12704
-4.98187
-4.91557
-4.88776
-4.96739
-5.03053
-5.05293
-4.93584
-5.06978
-5.12972
-5.00532
-5.18862
-5.57527
-5.58957
-5.65414
-5.90958
-5.93393
-6.18525
-6.34791
-6.34995
-6.59236
-6.64021
-6.98845
-7.29471
-7.40558
-7.48355
-7.25199
-7.1186
-6.77104
-6.60525
-6.40224
-6.18122
-5.98894
-5.89363
-5.81036
-5.68139
-5.72371
-5.75953
-5.5541
-5.43038
-5.38532
-5.33533
-5.40713
-5.56949
-5.58072
-5.55032
-5.52205
-5.18571
-5.12664
-4.93506
-4.56123
-4.2959
-4.34444
-4.15434
-4.02171
-4.03566
-4.03391
-4.43959
-4.53442
-4.63275
-4.66989
-4.70873
-4.6772
-3.89469
-3.93414
-3.86642
-4.03222
-4.04512
-4.2175
-4.16494
-4.22904
-4.08364
-4.00844
-3.84188
-3.71093
-3.62727
-3.54543
-3.36792
-3.40381
-3.26077
-3.17129
-2.89311
-2.81708
-2.8024
-2.8087
-2.67938
-2.68459
-2.56323
-2.5375
-2.46284
-2.50097
-2.49509
-2.67373
-2.83285
-2.81625
-2.64967
-2.76498
-2.64236
-2.83262
-3.02065
-3.00967
-3.02318
-3.12521
-3.06569
-3.14562
-3.27362
-3.23857
-3.04187
-3.2503
-3.34474
-3.52295
-4.03008
-4.1627
-4.43865
-4.31357
-4.40026
-4.3881
-4.19092
-4.27726
-4.39516
-4.28375
-4.46966
-4.67302
-4.80056
-4.96484
-5.00583
-4.939
-4.95823
-4.9191
-4.54766
-4.58462
-4.69982
-4.69461
-4.73234
-4.71356
-4.66815
-4.63343
-4.5444
-4.5437
-4.42763
-4.44799
-4.41197
-4.32297
-4.2447
-4.26008
-4.06537
-3.88962
-3.77318
-3.6675
-3.31466
-3.16471
-3.05981
-3.05329
-3.06216
-3.05883
-3.02477
-2.972
-3.00104
-2.93483
-2.93536
-2.89198
-2.84804
-2.85702
-2.8317
-2.76643
-2.72713
-2.64666
-2.58616
-2.58132
-2.58721
-2.6219
-2.6592
-2.65803
-2.64159
-2.63853
-2.53866
-2.49988
-2.44812
-2.44042
-2.43029
-2.44271
-2.46356
-2.46423
-2.40036
-2.44078
-2.54292
-2.65644
-2.68294
-2.67816
-2.75428
-2.90034
-2.94372
-3.0923
-3.11308
-3.17035
-3.15418
-3.11782
-3.09621
-3.12763
-3.14228
-3.10661
-3.15464
-3.16518
-3.17193
-3.1942
-3.10477
-3.09684
-3.09355
-3.09762
-3.12489
-3.16213
-3.19858
-3.26575
-3.26003
-3.36499
-3.58933
-3.91271
-3.91535
-3.77156
-3.64379
-3.54398
-3.45475
-3.41946
-3.37976
-3.36648
-3.35429
-3.39399
-3.25139
-3.18008
-3.07973
-3.04037
-3.05703
-3.05322
-3.00018
-3.01269
-2.99273
-2.9492
-3.05948
-3.05237
-3.2766
-3.51436
-3.67191
-3.75361
-3.91101
-3.97556
-4.19447
-4.14924
-4.21049
-4.28532
-4.45552
-4.52606
-4.6348
-4.73107
-4.94258
-5.054
-5.1696
-5.34575
-5.46054
-5.52939
-5.38414
-5.32526
-5.45542
-5.68139
-5.64215
-5.65033
-5.61054
-5.52627
-5.55664
-5.42403
-5.32806
-5.05229
-4.86589
-4.92161
-4.78697
-4.71143
-4.59576
-5.03823
-5.0874
-5.01759
-4.4355
-4.40971
-4.36
-3.81696
-3.77655
-3.80875
-3.58438
-3.53305
-3.44103
-3.57991
-3.60175
-3.52578
-3.49649
-3.50219
-3.47611
-3.49146
-3.5411
-3.55385
-3.5912
-3.58215
-3.63027
-3.62135
-3.60275
-3.61037
-3.60331
-3.59814
-3.61704
-3.59475
-3.63183
-3.61819
-3.71363
-3.75697
-3.66274
-3.68147
-3.72376
-3.90655
-4.03945
-4.15186
-4.29363
-4.39952
-4.59607
-4.78438
-4.54287
-4.71307
-4.80279
-5.29391
-5.27591
-5.38967
-5.9501
-5.97339
-6.01373
-6.26163
-6.36774
-6.34447
-5.71411
-5.61888
-5.64991
-5.64332
-5.72539
-5.76056
-5.73745
-5.7123
-5.67048
-5.6624
-5.60726
-5.64645
-5.70515
-5.79709
-5.79827
-5.90173
-5.93359
-5.93491
-5.90181
-5.85223
-5.9217
-5.81659
-5.89323
-5.86798
-5.91074
-5.96883
-5.92963
-5.94301
-5.97484
-6.01479
-6.02826
-6.05157
-5.96717
-5.97639
-5.91827
-6.06837
-6.12846
-6.18349
-6.13305
-6.10324
-6.14136
-6.1018
-6.15584
-6.15477
-6.15467
-6.15776
-6.16797
-6.14506
-6.17228
-6.19796
-6.20209
-6.20633
-6.19685
-6.18643
-6.16932
-6.15723
-6.21347
-6.21366
-6.19262
-6.24162
-6.17001
-6.23505
-6.19516
-6.2512
-6.21285
-6.29637
-6.25163
-6.33145
-6.40216
-6.48957
-6.47168
-6.5756
-6.58728
-6.61309
-6.67412
-6.59477
-6.67098
-6.73256
-6.72488
-6.72283
-6.73731
-6.68913
-6.67708
-6.58474
-6.63284
-6.68184
-6.6998
-6.62973
-6.66252
-6.64315
-6.65297
-6.69388
-6.69105
-6.68043
-6.60769
-6.60588
-7.09906
-7.00855
-7.07912
-7.0209
-7.15401
-7.21821
-6.89876
-6.96528
-6.82575
-6.80157
-6.76297
-6.72549
-6.75364
-6.74518
-6.63338
-6.57019
-6.27372
-6.17294
-6.10006
-6.16904
-6.13366
-6.02029
-6.02239
-5.99507
-5.97342
-5.96078
-5.89487
-5.90527
-5.84059
-5.87783
-5.85631
-5.80376
-5.77826
-5.72319
-5.5627
-5.52232
-5.31805
-5.18767
-5.03709
-4.93114
-4.79204
-4.62274
-4.50577
-4.28247
-4.14269
-3.89738
-3.80168
-3.81262
-4.02615
-3.97948
-4.08896
-4.1234
-4.0026
-3.89382
-3.85411
-3.88328
-3.85441
-3.77349
-3.72302
-3.6861
-3.64985
-3.5771
-3.52087
-3.44602
-3.42089
-3.44554
-3.46072
-3.47055
-3.47987
-3.54542
-3.58965
-3.63209
-3.65946
-3.67971
-3.73427
-3.75335
-3.79492
-3.81045
-3.76278
-3.73605
-3.76274
-3.76305
-3.76444
-3.77928
-3.78444
-3.78294
-3.73005
-3.66978
-3.60941
-3.58501
-3.56615
-3.53162
-3.52173
-3.3774
-3.24359
-3.23086
-3.13983
-3.19605
-3.17102
-3.12375
-3.10359
-3.07038
-3.02987
-2.97702
-2.85499
-2.67257
-2.48062
-2.37229
-2.30231
-2.32736
-2.34614
-2.34193
-2.36324
-2.40254
-2.33013
-2.23776
-2.25646
-2.23191
-2.21562
-2.17708
-2.27138
-2.42204
-2.5063
-2.63457
-2.63033
-2.62115
-2.51961
-2.3556
-2.16783
-1.41603
-1.58819
-1.63526
-1.49784
-1.84027
-2.22154
-2.40657
-2.30058
-2.1623
-2.28405
-2.21584
-2.2605
-2.36049
-2.38555
-2.36956
-2.37996
-2.36954
-2.37072
-2.37894
-2.37682
-2.37302
-2.38175
-2.37372
-2.37868
-2.37922
-2.37612
-2.37593
-2.38178
-2.37368
-2.37584
-2.37434
-2.37837
-2.37033
-2.37276
-2.38583
-2.37417
-2.3724
-2.37242
-2.37785
-2.3688
-2.38157
-2.37647
-2.38026
-2.37565
-2.37093
-2.36597
-2.38057
-2.38297
-2.3755
-2.37188
-2.38275
-2.38512
-2.3806
-2.37806
-2.37015
-2.37065
-2.37134
-2.37384
-2.38372
-2.37877
-2.37532
-2.37829
-2.37993
-2.3759
-2.38383