-0.213152
-0.213077
-0.213422
-0.213393
-0.213255
-0.213229
-0.213376
-0.213396
-0.213303
-0.213297
-0.213369
-0.213251
-0.213083
-0.213294
-0.213251
-0.213443
-0.213261
-0.213641
-0.212752
-0.212161
-0.212225
-0.213074
-0.21297
-0.212265
-0.212131
-0.212708
-0.212748
-0.212065
-0.212961
-0.212486
-0.21272
-0.212126
-0.212137
-0.21281
-0.212473
-0.21306
-0.213459
-0.213376
-0.213733
-0.212265
-0.212809
-0.213401
-0.213134
-0.213172
-0.212948
-0.213537
-0.21336
-0.213431
-0.213011
-0.213285
-0.213938
-0.213567
-0.213095
-0.21349
-0.213011
-0.214017
-0.213396
-0.213481
-0.213022
-0.213444
-0.213241
-0.213539
-0.213619
-0.213343
-0.213279
-0.213533
-0.213348
-0.213449
-0.213159
-0.213689
-0.213889
-0.214017
-0.214009
-0.213925
-0.214015
-0.214177
-0.21417
-0.214091
-0.213827
-0.213975
-0.21381
-0.214314
-0.214425
-0.214593
-0.214169
-0.214644
-0.214205
-0.214658
-0.214724
-0.213697
-0.213886
-0.21242
-0.192257
-0.181175
-0.173258
-0.17294
-0.185413
-0.205033
-0.211679
-0.242991
-0.277393
-0.315479
-0.343409
-0.365381
-0.370528
-0.399156
-0.409485
-0.42489
-0.436242
-0.447402
-0.44011
-0.455187
-0.471188
-0.485083
-0.492669
-0.490911
-0.502239
-0.490559
-0.49579
-0.510096
-0.500178
-0.505895
-0.519662
-0.499433
-0.501395
-0.626103
-0.627462
-0.632376
-0.560158
-0.551136
-0.535757
-0.538942
-0.520032
-0.505362
-0.512307
-0.507482
-0.482369
-0.570765
-0.541547
-0.524377
-0.477676
-0.465894
-0.460367
-0.468051
-0.483046
-0.479547
-0.456018
-0.442142
-0.422884
-0.488556
-0.467009
-0.434779
-0.399366
-0.376421
-0.377383
-0.388285
-0.379092
-0.35938
-0.338127
-0.325324
-0.323648
-0.332621
-0.33809
-0.336302
-0.338918
-0.342717
-0.341829
-0.339124
-0.337846
-0.338092
-0.337647
-0.337971
-0.335874
-0.336703
-0.336839
-0.342043
-0.343118
-0.348261
-0.349428
-0.349923
-0.347639
-0.343747
-0.342934
-0.344525
-0.348021
-0.35249
-0.358832
-0.366813
-0.391677
-0.395546
-0.38633
-0.383227
-0.392042
-0.414281
-0.422247
-0.461592
-0.502201
-0.494303
-0.465132
-0.43776
-0.388662
-0.394802
-0.416203
-0.402607
-0.422462
-0.444351
-0.411326
-0.430144
-0.461076
-0.456327
-0.474443
-0.483652
-0.497056
-0.507624
-0.526956
-0.509948
-0.523253
-0.535683
-0.481389
-0.511324
-0.523207
-0.542545
-0.552752
-0.578024
-0.554583
-0.595161
-0.599828
-0.573823
-0.606053
-0.615022
-0.569004
-0.523011
-0.502063
-0.525183
-0.515851
-0.517432
-0.653585
-0.655195
-0.636783
-0.573126
-0.600625
-0.62349
-0.632564
-0.653483
-0.682535
-0.685775
-0.698476
-0.721117
-0.715644
-0.701732
-0.696141
-0.693644
-0.692109
-0.726056
-0.75705
-0.764856
-0.745105
-0.745282
-0.66203
-0.664446
-0.705512
-0.724858
-0.752684
-0.783002
-0.775716
-0.788894
-0.82322
-0.801839
-0.736336
-0.926247
-0.878742
-0.905671
-0.917676
-0.983642
-1.02628
-1.04771
-1.07398
-1.05417
-1.05149
-1.04762
-1.01732
-0.98593
-0.962732
-0.928586
-0.893194
-0.863074
-0.825416
-0.748287
-0.721625
-0.689706
-0.598428
-0.572262
-0.548155
-0.498663
-0.502647
-0.492951
-0.447062
-0.449654
-0.442038
-0.430871
-0.462266
-0.466328
-0.440639
-0.448806
-0.452449
-0.428581
-0.441312
-0.415562
-0.402897
-0.460298
-0.51791
-0.454514
-0.531555
-0.629596
-0.693447
-0.718305
-0.739435
-0.753902
-0.776634
-0.74341
-0.750976
-0.807184
-0.734017
-0.677246
-0.779655
-0.77581
-0.766921
-0.758309
-0.724962
-0.705918
-0.708346
-0.664998
-0.660449
-0.642926
-0.667637
-0.651206
-0.655393
-0.652204
-0.650578
-0.633676
-0.616886
-0.603964
-0.636261
-0.658227
-0.693343
-0.698358
-0.675391
-0.615877
-0.611884
-0.605316
-0.824484
-0.874184
-0.872045
-0.746816
-0.767873
-0.728233
-0.716145
-0.640251
-0.619011
-0.583852
-0.635356
-0.653563
-0.67988
-0.648209
-0.6135
-0.666776
-0.627345
-0.604818
-0.490877
-0.475829
-0.410746
-0.462631
-0.504203
-0.532818
-0.546362
-0.559724
-0.551506
-0.556271
-0.562854
-0.54261
-0.538059
-0.541055
-0.538484
-0.537274
-0.53201
-0.511504
-0.488769
-0.466405
-0.445569
-0.412142
-0.372763
-0.364552
-0.364521
-0.36081
-0.357902
-0.34706
-0.332508
-0.315656
-0.30799
-0.295934
-0.288163
-0.293875
-0.28676
-0.30065
-0.287786
-0.29999
-0.292297
-0.275628
-0.286257
-0.316606
-0.303734
-0.297854
-0.315844
-0.329715
-0.351256
-0.411909
-0.461969
-0.538677
-0.583024
-0.617016
-0.636321
-0.641985
-0.648602
-0.677245
-0.661895
-0.621531
-0.584535
-0.55629
-0.547803
-0.547971
-0.547677
-0.570018
-0.569244
-0.573317
-0.590844
-0.600384
-0.603405
-0.61534
-0.625718
-0.655116
-0.665585
-0.671068
-0.666657
-0.671867
-0.616502
-0.580504
-0.536635
-0.513028
-0.488573
-0.477562
-0.474066
-0.478814
-0.47977
-0.481134
-0.488652
-0.496444
-0.48586
-0.445806
-0.43719
-0.433247
-0.419
-0.401602
-0.370008
-0.342291
-0.339852
-0.329009
-0.318879
-0.345443
-0.338872
-0.34319
-0.380055
-0.352222
-0.337706
-0.321219
-0.307396
-0.310389
-0.310337
-0.307783
-0.297753
-0.286553
-0.28979
-0.285861
-0.282251
-0.27807
-0.301282
-0.307492
-0.302706
-0.307011
-0.322433
-0.330146
-0.328164
-0.315874
-0.313567
-0.315986
-0.311941
-0.317933
-0.321253
-0.325738
-0.333084
-0.349299
-0.356118
-0.366775
-0.3699
-0.404134
-0.393909
-0.367749
-0.457776
-0.432333
-0.410235
-0.359794
-0.351617
-0.358104
-0.371043
-0.374351
-0.394654
-0.386503
-0.404891
-0.416252
-0.404355
-0.403737
-0.398754
-0.482396
-0.493009
-0.500664
-0.463718
-0.452311
-0.440748
-0.556873
-0.524127
-0.482367
-0.409559
-0.388712
-0.394051
-0.517881
-0.557882
-0.592385
-0.498009
-0.510458
-0.54018
-0.459372
-0.483185
-0.514132
-0.452335
-0.49427
-0.514652
-0.385011
-0.380669
-0.409588
-0.409566
-0.421302
-0.391957
-0.368271
-0.335678
-0.303916
-0.43776
-0.428355
-0.436305
-0.337305
-0.343024
-0.328138
-0.454044
-0.467634
-0.494324
-0.456262
-0.481339
-0.472223
-0.428341
-0.413145
-0.398697
-0.377893
-0.366334
-0.365273
-0.364992
-0.366173
-0.370297
-0.384679
-0.362426
-0.36172
-0.365221
-0.367723
-0.374932
-0.382962
-0.409114
-0.443081
-0.469116
-0.49008
-0.465421
-0.465112
-0.446664
-0.439847
-0.427083
-0.41842
-0.433496
-0.430369
-0.418094
-0.431644
-0.428874
-0.409214
-0.416633
-0.437893
-0.463321
-0.483771
-0.475605
-0.470455
-0.489981
-0.462636
-0.535399
-0.555681
-0.530378
-0.547432
-0.533558
-0.499966
-0.504781
-0.500415
-0.571867
-0.587387
-0.611416
-0.65181
-0.652823
-0.611744
-0.566409
-0.55482
-0.521158
-0.500409
-0.458966
-0.464767
-0.418832
-0.368092
-0.367011
-0.415402
-0.448659
-0.443834
-0.42954
-0.444206
-0.454505
-0.475303
-0.476183
-0.461294
-0.457522
-0.464541
-0.474332
-0.486872
-0.482514
-0.486741
-0.504744
-0.504447
-0.504201
-0.512857
-0.530898
-0.539141
-0.545281
-0.541324
-0.535292
-0.547256
-0.551292
-0.559887
-0.549419
-0.564327
-0.568745
-0.571587
-0.568826
-0.569316
-0.559831
-0.548717
-0.541745
-0.532957
-0.545146
-0.550994
-0.527084
-0.54126
-0.528101
-0.510324
-0.485165
-0.498801
-0.510736
-0.516294
-0.536162
-0.56409
-0.576155
-0.584411
-0.592646
-0.599616
-0.60043
-0.607646
-0.611762
-0.61331
-0.605629
-0.597747
-0.583889
-0.561447
-0.550408
-0.524169
-0.547448
-0.56988
-0.599494
-0.629769
-0.645727
-0.661279
-0.666685
-0.668727
-0.671221
-0.675672
-0.682872
-0.671122
-0.667628
-0.668745
-0.685172
-0.696073
-0.701429
-0.701882
-0.697523
-0.686856
-0.655846
-0.649735
-0.657461
-0.671811
-0.66338
-0.646628
-0.628042
-0.588562
-0.573476
-0.545865
-0.53497
-0.531708
-0.533006
-0.518307
-0.493759
-0.486232
-0.489169
-0.495246
-0.484511
-0.477296
-0.461927
-0.436373
-0.41252
-0.398021
-0.400617
-0.415528
-0.438287
-0.468068
-0.527388
-0.562827
-0.59414
-0.605384
-0.58952
-0.589936
-0.591785
-0.573607
-0.596909
-0.578033
-0.626415
-0.652498
-0.652303
-0.668387
-0.673308
-0.667679
-0.673579
-0.662879
-0.675011
-0.671798
-0.639863
-0.614531
-0.605865
-0.635164
-0.632839
-0.660323
-0.688614
-0.700055
-0.702981
-0.700136
-0.680846
-0.697752
-0.704577
-0.651037
-0.617583
-0.552605
-0.540499
-0.56532
-0.57611
-0.556647
-0.564763
-0.599302
-0.59319
-0.58946
-0.547764
-0.662097
-0.550226
-0.442323
-0.303051
-0.282263
-0.299742
-0.412282
-0.418
-0.415402
-0.382474
-0.389084
-0.382407
-0.384164
-0.367433
-0.354545
-0.345978
-0.328585
-0.324927
-0.322959
-0.348207
-0.353676
-0.355704
-0.392895
-0.434647
-0.436162
-0.430407
-0.436851
-0.384179
-0.408469
-0.407314
-0.336064
-0.320759
-0.30946
-0.32366
-0.311479
-0.282404
-0.406608
-0.385807
-0.374803
-0.34349
-0.334712
-0.339322
-0.338626
-0.341623
-0.330678
-0.349091
-0.348129
-0.348543
-0.360647
-0.351947
-0.378144
-0.395293
-0.420386
-0.430592
-0.43844
-0.397976
-0.375619
-0.359409
-0.363456
-0.350645
-0.275179
-0.285687
-0.307643
-0.32923
-0.360113
-0.394676
-0.428522
-0.458144
-0.456388
-0.461104
-0.447145
-0.434056
-0.426356
-0.429512
-0.437141
-0.433939
-0.452107
-0.428566
-0.42449
-0.425399
-0.416927
-0.421074
-0.424542
-0.448611
-0.469289
-0.457739
-0.441701
-0.433213
-0.430859
-0.469231
-0.555169
-0.584892
-0.565573
-0.532796
-0.530878
-0.536578
-0.520047
-0.528927
-0.520314
-0.502357
-0.48951
-0.480759
-0.438715
-0.455982
-0.441001
-0.367831
-0.341916
-0.344033
-0.320562
-0.285766
-0.235573
-0.185614
-0.173593
-0.169931
-0.203006
-0.20715
-0.222939
-0.233643
-0.25335
-0.276016
-0.286119
-0.317175
-0.328981
-0.381772
-0.376874
-0.372966
-0.512293
-0.527228
-0.536502
-0.521097
-0.49721
-0.485008
-0.497966
-0.483453
-0.469179
-0.462918
-0.429631
-0.413451
-0.38869
-0.386
-0.372647
-0.34695
-0.340375
-0.315014
-0.296314
-0.281976
-0.284807
-0.264701
-0.26402
-0.243778
-0.201424
-0.225489
-0.212033
-0.143043
-0.132095
-0.130043
-0.147054
-0.183647
-0.207826
-0.230882
-0.255648
-0.278807
-0.318399
-0.346255
-0.372732
-0.383191
-0.377849
-0.380054
-0.488481
-0.479236
-0.46913
-0.330492
-0.342237
-0.400467
-0.440688
-0.509512
-0.556301
-0.649689
-0.690198
-0.646638
-0.635054
-0.538332
-0.42977
-0.37991
-0.364669
-0.366112
-0.434298
-0.438867
-0.452344
-0.480197
-0.485452
-0.512255
-0.509064
-0.479509
-0.462645
-0.664275
-0.618875
-0.556255
-0.461421
-0.382823
-0.339703
-0.436611
-0.399927
-0.390524
-0.346426
-0.335076
-0.344522
-0.283374
-0.311023
-0.338423
-0.312442
-0.315357
-0.322549
-0.302162
-0.303272
-0.297819
-0.281861
-0.268506
-0.265152
-0.264928
-0.263093
-0.279355
-0.313084
-0.342835
-0.356777
-0.488345
-0.499593
-0.49639
-0.445265
-0.448896
-0.442102
-0.4517
-0.456472
-0.448872
-0.461376
-0.463094
-0.47091
-0.465015
-0.465555
-0.452992
-0.436096
-0.457401
-0.466396
-0.511126
-0.506317
-0.502182
-0.507868
-0.504376
-0.497896
-0.511226
-0.520885
-0.544155
-0.574763
-0.575419
-0.567174
-0.559177
-0.564592
-0.563745
-0.545042
-0.559944
-0.552966
-0.528744
-0.519747
-0.511914
-0.483579
-0.498333
-0.52108
-0.516777
-0.559499
-0.584622
-0.600889
-0.60583
-0.617574
-0.620952
-0.626545
-0.616602
-0.621644
-0.634608
-0.645564
-0.652396
-0.661137
-0.673292
-0.683948
-0.693925
-0.700145
-0.691413
-0.689719
-0.690565
-0.684971
-0.691087
-0.688909
-0.674792
-0.669545
-0.677994
-0.683728
-0.688771
-0.671752
-0.658785
-0.630677
-0.583963
-0.560476
-0.55405
-0.556064
-0.516212
-0.505325
-0.49747
-0.477783
-0.436269
-0.398889
-0.410067
-0.446525
-0.502421
-0.654939
-0.86752
-1.04497
-1.16955
-1.1099
-1.05316
-0.975732
-0.86313
-0.742194
-0.618271
-0.525085
-0.479267
-0.431306
-0.387509
-0.360055
-0.322965
-0.306262
-0.296758
-0.279807
-0.275362
-0.292883
-0.314182
-0.336625
-0.352727
-0.360916
-0.370388
-0.379716
-0.374131
-0.369592
-0.351035
-0.315798
-0.300891
-0.294869
-0.28863
-0.29057
-0.285978
-0.274224
-0.265421
-0.260875
-0.249642
-0.251393
-0.253531
-0.245705
-0.251988
-0.270647
-0.272706
-0.272355
-0.274013
-0.26608
-0.253961
-0.252536
-0.248629
-0.251069
-0.255932
-0.256425
-0.248299
-0.24622
-0.250002
-0.253961
-0.258029
-0.295643
-0.306645
-0.329659
-0.36773
-0.392439
-0.390304
-0.447462
-0.472185
-0.533161
-0.604316
-0.638139
-0.630239
-0.631941
-0.621403
-0.604869
-0.578742
-0.590206
-0.593887
-0.579014
-0.579357
-0.571917
-0.544799
-0.529346
-0.494
-0.493926
-0.488269
-0.485422
-0.470069
-0.443606
-0.431227
-0.448011
-0.473472
-0.495999
-0.574102
-0.577314
-0.615305
-0.614001
-0.586543
-0.584309
-0.628536
-0.630215
-0.653397
-0.776666
-0.808345
-0.802362
-0.743104
-0.753559
-0.753861
-0.69135
-0.654587
-0.66798
-0.674113
-0.71819
-0.760581
-0.760446
-0.781501
-0.817231
-0.796352
-0.761748
-0.737962
-0.742745
-0.762048
-0.740337
-0.71998
-0.655669
-0.610271
-0.619728
-0.608828
-0.620621
-0.641226
-0.630296
-0.612666
-0.61143
-0.625439
-0.63858
-0.623606
-0.657998
-0.670665
-0.701653
-0.714782
-0.714481
-0.842259
-0.826016
-0.815526
-0.699626
-0.693855
-0.679572
-0.669473
-0.673966
-0.709691
-0.748537
-0.763091
-0.764487
-0.770137
-0.794601
-0.80911
-0.82442
-0.829608
-0.826662
-0.816228
-0.792483
-0.780721
-0.770394
-0.784925
-0.798298
-0.799162
-0.807663
-0.800518
-0.786515
-0.775077
-0.776981
-0.79143
-0.79398
-0.783316
-0.801191
-0.793694
-0.788399
-0.777231
-0.772174
-0.755594
-0.718431
-0.699765
-0.682814
-0.644924
-0.585548
-0.5387
-0.467629
-0.407321
-0.386416
-0.396409
-0.380559
-0.390837
-0.423493
-0.433282
-0.457524
-0.478238
-0.50528
-0.509231
-0.508618
-0.514778
-0.499392
-0.493838
-0.490546
-0.505359
-0.392194
-0.452455
-0.48919
-0.460865
-0.509844
-0.510073
-0.525994
-0.525207
-0.549022
-0.554122
-0.577164
-0.605461
-0.664725
-0.69365
-0.681972
-0.594558
-0.438849
-0.383455
-0.557821
-0.595905
-0.675769
-0.626057
-0.658848
-0.670853
-0.834389
-0.8383
-0.799413
-0.687093
-0.632721
-0.591923
-0.564052
-0.554075
-0.550252
-0.415382
-0.376509
-0.367974
-0.284301
-0.282567
-0.255218
-0.402985
-0.422691
-0.43576
-0.419725
-0.434305
-0.440615
-0.445844
-0.448146
-0.421762
-0.376958
-0.341805
-0.309492
-0.339628
-0.339357
-0.33752
-0.352974
-0.375726
-0.376837
-0.34748
-0.346971
-0.358678
-0.343176
-0.345814
-0.348791
-0.300479
-0.298402
-0.28902
-0.29246
-0.321063
-0.325875
-0.368168
-0.388034
-0.393024
-0.414408
-0.414394
-0.428342
-0.441782
-0.449989
-0.446223
-0.39253
-0.381373
-0.387074
-0.361716
-0.382421
-0.386302
-0.414958
-0.433622
-0.457312
-0.507818
-0.510146
-0.487792
-0.470226
-0.459702
-0.435311
-0.428984
-0.415322
-0.403537
-0.424239
-0.420189
-0.429137
-0.466959
-0.482142
-0.501136
-0.493484
-0.494091
-0.468638
-0.457129
-0.449399
-0.450608
-0.430417
-0.420149
-0.435299
-0.463899
-0.486232
-0.470123
-0.461747
-0.451912
-0.43536
-0.432169
-0.44017
-0.463358
-0.460217
-0.460986
-0.48512
-0.43718
-0.458824
-0.481404
-0.450185
-0.451285
-0.447437
-0.464478
-0.474538
-0.518579
-0.571964
-0.552769
-0.568802
-0.586828
-0.594327
-0.581759
-0.691018
-0.666611
-0.596553
-0.524999
-0.48452
-0.518128
-0.591764
-0.599771
-0.563496
-0.554941
-0.592738
-0.629436
-0.643385
-0.701659
-0.735483
-0.625366
-0.672842
-0.694465
-0.622535
-0.610315
-0.595947
-0.590594
-0.574321
-0.565902
-0.550408
-0.463752
-0.38083
-0.31926
-0.290716
-0.27459
-0.434686
-0.404698
-0.370295
-0.406763
-0.415695
-0.422985
-0.451375
-0.463957
-0.469172
-0.490453
-0.480036
-0.467194
-0.458139
-0.451715
-0.428182
-0.42233
-0.397265
-0.39382
-0.401856
-0.413716
-0.407338
-0.460147
-0.459296
-0.449933
-0.419292
-0.418648
-0.413908
-0.436047
-0.453018
-0.484398
-0.51895
-0.525044
-0.522133
-0.526706
-0.533901
-0.53671
-0.532066
-0.528633
-0.531915
-0.520777
-0.533567
-0.540935
-0.546976
-0.563432
-0.573679
-0.575857
-0.582982
-0.57648
-0.56355
-0.542544
-0.547649
-0.552228
-0.577341
-0.60013
-0.599793
-0.615915
-0.64797
-0.63942
-0.650657
-0.636415
-0.595685
-0.586416
-0.544007
-0.553446
-0.611007
-0.675747
-0.698399
-0.738984
-0.79912
-0.806765
-0.81171
-0.790689
-0.811683
-0.81359
-0.827684
-0.864236
-0.851571
-0.836059
-0.808633
-0.770243
-0.74706
-0.70396
-0.700828
-0.692363
-0.680375
-0.669836
-0.651049
-0.630342
-0.602454
-0.610814
-0.605104
-0.587625
-0.523429
-0.612821
-0.600298
-0.596749
-0.530165
-0.541083
-0.546064
-0.549236
-0.560134
-0.593685
-0.59787
-0.643592
-0.679267
-0.700004
-0.690061
-0.730526
-0.740083
-0.770331
-0.802662
-0.768888
-0.799097
-0.828116
-0.802318
-0.758783
-0.721019
-0.735713
-0.726096
-0.746098
-0.729418
-0.758992
-0.764017
-0.725862
-0.690535
-0.648457
-0.610799
-0.591981
-0.577559
-0.562701
-0.505944
-0.456275
-0.451165
-0.457303
-0.466796
-0.463538
-0.452125
-0.448056
-0.452262
-0.456964
-0.450179
-0.440909
-0.43864
-0.431887
-0.428867
-0.430086
-0.430892
-0.439542
-0.440668
-0.435374
-0.430417
-0.42906
-0.426076
-0.426946
-0.426396
-0.425195
-0.424296
-0.431975
-0.431513
-0.438151
-0.446431
-0.457083
-0.453011
-0.448545
-0.440616
-0.437997
-0.433812
-0.432243
-0.426017
-0.423998
-0.421784
-0.418898
-0.415925
-0.412279
-0.403089
-0.393142
-0.373667
-0.358628
-0.335914
-0.322384
-0.316988
-0.316839
-0.31891
-0.324945
-0.331701
-0.339552
-0.342549
-0.343696
-0.344671
-0.336631
-0.332116
-0.319914
-0.312302
-0.289138
-0.272496
-0.266286
-0.257534
-0.249396
-0.237454
-0.220282
-0.216577
-0.213965
-0.212588
-0.204284
-0.204343
-0.202917
-0.19998
-0.197624
-0.189841
-0.183642
-0.174105
-0.170202
-0.204267
-0.212017
-0.207798
-0.214273
-0.214115
-0.215594
-0.216705
-0.216683
-0.217113
-0.217863
-0.217665
-0.217986
-0.217614
-0.21795
-0.218209
-0.21815
-0.218174
-0.218294
-0.218462
-0.218269
-0.218842
-0.218676
-0.217102
-0.216857
-0.21692
-0.217713
-0.216925
-0.217243
-0.217091