55.318
54.7697
51.8366
54.2489
48.9035
51.5625
47.3958
50.0822
56.4967
55.1535
44.545
55.0439
48.5471
52.0285
51.6721
48.3004
55.5647
45.477
50.2193
55.7018
42.3794
54.6601
50.1645
51.4254
47.4507
48.3827
48.8487
51.6447
53.92
52.1382
53.8925
51.4803
51.9463
51.6721
57.511
51.4529
51.864
51.9737
50.8498
49.9726
46.6557
45.3947
47.4781
43.1469
45.3399
48.2182
47.2039
48.9309
48.7664
48.136
45.2577
53.3991
45.5044
46.0526
48.5471
48.9857
54.0022
44.1338
45.6689
48.5746
50.9594
56.2226
47.2314
48.7116
44.5998
53.3169
52.3849
43.8322
57.4287
45.0384
44.3257
46.1349
54.9068
44.1612
51.864
46.0526
53.125
45.1754
44.4079
49.7259
51.864
47.3958
43.5307
49.1776
51.6996
50.6579
50.1919
48.8213
46.409
55.0439
51.8366
54.6875
44.9013
52.1107
47.9715
43.5033
42.1875
47.5055
39.7752
40.2412
39.693
42.4342
46.4912
39.83
46.5735
46.409
43.1743
40.9265
37.2533
39.0077
37.6096
35.8553
39.0625
37.034
35.9101
36.3213
33.8816
34.7588
34.4572
37.3904
34.5121
35.2522
33.2511
32.1272
31.1404
34.9232
34.7314
33.7993
33.0866
36.0197
34.5121
32.9496
31.4693
31.9627
29.4682
28.9748
27.6042
31.5241
30.6469
26.5625
27.5493
29.2763
30.6743
29.0296
28.8377
30.9485
28.1798
27.193
18.5855
20.9704
18.6404
20.7785
27.1656
10.8279
11.102
28.0702
11.1842
11.4857
40.1042
40.1864
11.7599
12.3081
12.6371
40.8169
12.4178
12.5274
12.6919
12.5822
12.0888
41.091
40.6524
40.9814
12.5548
12.3355
40.6524
12.2259
40.7072
12.5822
12.4452
40.7072
12.9386
12.034
12.4178
11.568
11.3213
11.0471
11.239
11.2939
11.4583
12.034
12.034
12.2259
19.2434
27.4123
28.4265
26.3432
21.6283
22.0943
25.7675
22.3684
28.1798
21.5461
29.386
20.8333
22.0395
23.0811
23.9035
24.8081
25.6853
24.9452
22.2039
25.7675
28.125
32.2368
27.2478
24.2599
26.1787
24.3969
25.4386
25.7675
31.716
35.2796
28.4814
28.3443
32.3739
34.7039
34.2928
35.636
33.58
31.9901
26.0143
32.0998
36.2939
33.909
32.0724
33.9364
32.182
32.9221
30.1809
35.9101
37.9112
39.1447
37.1436
33.1963
37.2807
34.6765
37.0888
32.6754
34.1283
33.9364
35.8279
27.8509
29.3311
32.4287
31.0307
25.8224
32.8399
23.9583
22.4232
22.341
22.5055
21.5461
22.2314
23.273
21.7379
23.739
20.8059
21.4912
23.7939
22.67
22.5603
22.0121
21.4364
21.1075
20.943
23.2182
21.9846
21.3542
21.7928
21.8202
22.1491
22.3958
22.6974
22.5055
22.9167
21.8476
23.9035
21.4364
21.1897
21.5186
21.3816
21.6831
21.5735
21.7928
21.6283
21.5735
21.4638
21.8476
21.9024
22.2588
25.4386
27.2478
26.9737
28.7007
30.4002
31.2226
32.2094
32.3465
35.17
37.0614
38.8158
39.5833
39.7204
41.557
43.0921
43.6952
44.5724
38.2127
39.7752
37.6096
38.2401
40.1042
42.2423
41.3377
37.966
37.8289
37.5548
37.7741
44.4079
36.8969
41.2007
42.1053
41.3377
40.9265
46.5186
41.6118
42.4616
41.3377
40.8169
40.2412
40.2961
40.4057
41.886
46.7379
43.4485
42.5439
41.8586
40.9539
40.7621
40.4605
39.8575
38.5965
38.5143
39.3914
38.2401
35.8827
35.9375
33.8268
32.9221
31.7708
32.7851
33.6897
34.0186
33.0044
33.4704
31.8257
31.4693
32.1272
33.3607
34.8136
32.8399
33.114
37.1711
40.3509
41.8311
43.2566
43.8596
45.0384
38.1579
39.1721
40.4331
40.1864
40.1316
40.2961
40.2138
39.0077
39.1447
41.2281
39.6382
39.6382
38.295
37.7193
38.0208
45.1206
44.8465
43.4759
41.42
41.3377
38.7884
38.0208
36.6776
34.5669
32.0724
34.0735
31.3596
29.6053
27.2752
24.6711
24.3695
25.932
31.7434
22.6974
29.8246
22.807
22.7522
24.4518
24.5066
25.5757
26.5077
27.1107
28.6458
25.9594
26.1513
26.261
27.5219
25.9594
27.2752
24.7533
26.1239
25.932
26.3706
25.9594
27.1656
26.0143
25.9868
26.9189
27.2478
27.3849
28.0154
27.2752
27.7686
27.2752
27.193
27.33
26.5351
26.3158
26.9189
26.2336
26.5625
27.9057
28.0428
29.0022
30.4276
31.4419
31.6612
33.1689
32.648
31.4967
32.1546
30.8936
30.3728
30.0713
30.784
28.1524
27.4397
26.4254
25.7675
24.2325
25.5482
23.1908
22.0669
22.0121
20.6689
19.9561
20.0932
20.1754
20.0658
20.8059
20.4496
21.1349
21.7654
21.2445
26.7818
20.7785
21.9846
21.875
21.1897
24.0132
23.8213
24.068
24.5614
24.8904
24.3147
24.0954
24.3421
24.0954
24.1776
24.9178
24.9178
25.0274
24.7807
23.5197
23.0537
21.8202
20.7511
20.3125
20.1206
20.5318
18.4211
18.1743
17.3794
17.7357
13.2127
17.9002
17.6261
20.2303
18.5581
18.8871
17.818
18.7226
18.5581
17.489
17.2149
17.1875
17.4068
17.5439
19.1886
18.2018
18.2292
18.4485
19.5724
19.9561
19.0789
19.5724
20.8607
21.4638
21.409
21.5186
21.6557
21.9298
22.341
22.4507
22.0395
22.4232
22.6974
23.4923
24.2325
23.7939
24.3969
25.0822
26.5077
26.864
27.3575
28.3169
28.5362
29.3311
30.7566
33.7719
34.2654
33.9912
32.182
31.4145
33.3059
33.3333
33.8542
33.6897
33.2511
33.8268
32.8673
32.9496
32.2643
31.8805
30.8936
29.8794
31.4145
30.9211
27.9331
27.0833
26.6173
26.2884
25.7675
25.0548
25.7401
25.3564
26.9737
27.2478
26.6996
26.261
24.8081
24.4792
24.0406
24.5888
24.0406
25.1919
25.2467
26.2884
24.3695
23.9583
23.2182
23.7939
23.3279
22.9167
22.7522
22.3958
22.67
23.6294
25.6305
23.6568
26.2061
24.5614
26.4254
24.3695
25.0548
25.4934
25.3015
28.9474
28.2621
29.2763
30.0439
27.659
26.398
24.5066
24.1776
22.9715
22.9167
22.9715
22.8618
22.5329
22.3684
23.0263
25.0274
24.534
26.4803
27.5219
27.8509
27.7686
26.4254
26.0143
26.3158
27.7961
28.6184
30.3454
29.1118
29.6875
33.2785
31.9627
31.4693
30.6469
31.6612
31.7708
30.8388
28.0702
27.2752
27.9879
27.9879
27.8235
28.2621
28.7281
28.2621
29.852
29.4956
29.6601
31.5241
32.4561
33.4704
35.4715
36.5954
35.0055
33.7719
36.0746
30.1809
28.7281
25.8772
26.261
25.6305
25.2467
26.3158
25.6305
26.5899
26.9189
26.6721
26.5077
26.1787
26.1239
26.2061
26.4529
25.6031
26.7818
26.2336
23.9857
23.6568
23.4101
23.3004
23.0811
23.3279
25.6579
26.2061
25.5757
24.3969
24.1776
23.6568
24.7259
25.3015
23.7664
23.9035
23.8213
24.3969
23.8213
24.3969
24.3421
23.7116
23.2456
23.4375
24.1502
26.9189
25.7401
25.3838
25.7675
25.7127
25.4934
26.0691
26.7544
27.193
27.5219
28.8377
29.6327
29.057
30.0439
29.7149
29.523
27.6864
27.6316
27.7961
27.2752
29.6327
28.0976
27.6864
26.8914
26.5899
26.8092
28.3717
27.5768
27.6864
28.125
28.3169
28.7829
29.6053
30.8114
30.5099
31.4967
32.2368
32.6754
33.2511
34.8136
35.0877
34.9232
35.6086
35.6634
36.2664
36.0471
36.0471
36.5406
37.1711
41.6667
39.5011
42.2149
44.3257
45.0932
44.3805
45.2029
44.7643
45.0384
46.2445
47.4507
46.7105
45.7511
47.1491
47.8344
48.1908
47.6151
47.8893
47.2588
47.1217
47.2039
45.8333
40.1864
39.364
37.5822
37.6371
36.7599
37.3629
33.909
31.9627
30.4276
33.3059
32.182
28.6732
27.7412
25.8224
24.1228
23.1908
23.0263
22.4232
22.1491
22.1217
20.7785
20.5866
20.6414
21.3542
21.2719
22.7522
22.8344
26.4254
27.2752
27.9057
29.9616
30.1809
30.0713
30.6195
31.3048
30.6195
28.5362
28.125
29.5779
28.3717
27.5219
28.7555
28.0428
27.9331
26.0143
26.6996
25.932
24.4243
23.5197
23.6568
22.7248
22.2588
23.9035
25.2193
24.8629
24.7259
25.1096
27.1107
25.1096
24.8355
26.1787
24.0954
24.2599
25.0822
24.3147
25.7675
25.6579
25.3289
24.2599
24.4518
24.2873
24.2325
24.6436
23.9583
25.6031
24.3421
23.9035
24.2599
24.4243
25.3838
25.6031
26.6721
25.0822
25.3289
24.0406
25.5208
24.5614
26.1787
23.602
25.3289
25.7675
25.4386
25.3838
24.9452
24.5614
24.5888
25
25.9046
27.33
28.3169
28.3169
29.7697
31.3596
32.8399
34.5395
34.7588
36.2939
36.7873
38.295
39.1996
41.5022
40.6524
41.2829
40.4331
40.625
40.7895
42.7906
41.7763
38.5143
37.3355
35.773
33.9364
32.8125
32.5384
32.0724
30.5099
27.4671
27.2204
26.6996
26.4803
27.4123
23.4923
22.8618
21.9846
22.2588
21.1897
21.3542
21.08
40.4331
40.2138
40.0219
39.2818
20.614
19.545
19.9287
19.4627
18.3388
39.0899
39.3914
39.9945
40.7621
22.4232
24.1228
24.0132
24.8904
26.3158
27.4123
28.5636
29.5504
30.8388
31.8531
32.2094
31.6612
31.6612
32.2368
31.6886
30.1809
30.5373
29.5504
29.4408
29.057
29.852
29.8794
29.6327
29.4408
29.2215
28.7555
29.7149
28.8103
29.1941
30.1535
29.852
30.1261
30.5921
30.1809
29.5779
29.1118
29.4408
29.1941
29.9342
29.6053
29.1667
28.8103
27.193
26.1787
25.8498
26.3432
24.2325
23.4375
23.1634
21.7379
42.1601
41.7215
41.8037
41.3651
41.3925
41.7489
42.3246
23.1908
23.8487
24.3695
24.4518
25.1371
25.1371
24.9178
24.8629
25.1919
24.4518
24.8904
24.9726
24.9726
25.1919
25.6579
25.9046
26.8092
26.9189
27.5219
27.2204
28.92
29.057
28.3443
28.2895
28.0154
27.2752
27.6864
27.0559
27.193
27.8235
28.3717
28.5362
34.9232
36.239
27.9879
32.5932
31.716
29.1667
29.7423
34.7039
32.6206
33.3607
31.3322
29.7697
30.0987
31.3322
31.4967
27.9057
34.0186
27.3575
31.9353
35.9375
35.9923
29.852
31.7434
31.7982
28.0428
28.9474
29.6327
23.3004
33.1963
24.3695
29.6875
25.6305
29.852
32.3191
26.4803
26.1239
28.5088
27.659
24.3147
27.0285
28.591
29.4408
29.0296
30.7292
31.3596
35.4989
32.2094
29.3037
25.0548
32.2368
32.7851
35.1974
34.0735
31.3871
33.3059
35.3618
33.114
31.3871
27.7412
33.9638
33.1414
31.9901
34.1009
33.2237
32.977
32.7851
28.2346
25.5482
28.5088
29.0844
29.8794
28.4265
35.6634
36.568
37.6096
43.5033
41.5844
41.42
44.3257
41.9682
42.7083
31.8805
31.5515
39.0351
50.2467
38.8432
41.6667
34.8684
29.3037
32.8947
32.8673
31.9353
26.398
25.4934
27.8509
27.4397
28.1798
23.4923
32.1272
23.9035
24.0406
28.2621
27.8783
30.8936
22.3136
28.0702
27.0011
29.7149
29.852
30.5099
31.4693
26.0143
26.1239
27.9057
24.9452
25.7675
29.2215
22.6974
28.6458
29.5504
28.7555
27.9331
25.9046
26.5899
25.466
24.4792
27.5219
27.7412
29.3586
25.932
25.7127
25.8772
27.5219
23.9583
23.2182
23.7664
23.2182
25.8498
19.7643
23.6294
27.8783
26.8092
26.2336
29.9616
30.2357
22.9989
29.6327
25.3838
23.9309
27.4671
27.6316
31.6064
24.0406
26.2336
25.1096
13.0208
40.4331
40.6524
24.6985
11.9243
11.102
10.8553
10.3344
10.7456
11.3213
12.1436
12.034
12.8564
12.4452
11.9243
12.1162
12.8838
12.8289
13.4868
29.1393
27.0285
28.7281
24.4243
30.9211
29.9342
14.9945
14.5285
15.0493
27.9331
28.8651
25.4112
34.1009
27.659
32.0724
22.807
22.5603
22.8893
29.5504
30.0713
32.6206
30.1261
31.1404
22.5055
30.3728
28.7281
32.9496
33.3333
32.3465
30.4002
34.6491
30.3454
29.7697
24.7807
30.1535
28.6732
32.2917
32.8947
33.6349
35.6086
32.2643
30.0713
36.6502
35.3344
34.7039
34.1557
33.0318
32.5384
34.8958
33.6075
35.1425
30.2906
28.1524
30.2083
29.0022
28.9748
28.6184
27.9879
27.5219
30.2357
30.3728
32.7029
34.0186
33.6349
31.8531
29.2215
28.7281
31.5789
27.7138
27.9605
34.7588
29.7149
30.8936
35.3618
32.2368
31.5241
35.9923
29.7697
24.6162
30.9759
31.3596
32.648
31.8805
25.3564
27.7961
27.9879
31.0033
31.1678
31.9627
31.8805
29.2763
23.5746
30.2357
27.6042
31.6886
27.0559
24.7807
21.6283
26.6447
30.0164
31.3322
31.9901
31.5789
31.3871
34.5943
31.7982
36.2664
37.8564
34.3202
38.1579
39.5833
39.227
39.1447
42.4068
43.8871
42.9276
43.8871
41.7215
33.4978
35.5537
35.4715
37.0066
38.7336
41.2555
39.227
44.9287
41.8037
44.0515
44.1886
45.6963
44.7368
41.5022
38.4046
37.5
43.4485
40.1316
39.3092
39.6107
38.1031
37.034
30.9211
30.784
27.4945
31.9901
31.2226
26.9737
35.0055
32.8125
33.4704
28.4265
29.8794
24.3421
25.2467
24.2873
30.8388
28.8925
30.3728
23.7116
30.5647
28.2895
27.0285
29.852
26.9737
24.7807
24.8081
25.5757
25.0822
29.386
25.932
26.5625
32.9221
30.5099
31.7708
33.5526
26.8366
34.3476
31.1129
27.7961
30.0987
31.5789
31.3048
30.0164
29.7149
32.4561
28.4814
27.9605
27.3575
22.8344
22.8893
22.8618
22.9167
33.0866
23.8487
33.1963
23.2456
33.2237
32.6206
31.4419
32.7577
32.2094
24.6711
32.5658
32.1546
32.9496
34.841
25.7401
26.3706
34.5943
38.1031
34.7314
36.1568
40.4879
32.2368
38.7336
37.2259
36.1842
35.8279
36.705
36.1568
36.4309
36.2664
27.5493
36.0197
37.6371
37.1162
31.1129
35.8827
37.5548
42.4342
45.148
39.7204
43.4759
44.1064
38.0482
38.3772
47.8344
39.3914
45.148
42.6261
39.3914
45.3947
42.1875
34.2654
40.0219
39.4463
46.9846
47.8893
47.5877
39.6107
42.2697
34.8136
40.5154
38.1031
39.7752
42.9276
40.5154
40.7346
43.0647
42.6535
39.9123
38.3498
35.8004
37.1162
40.5154
41.9956
40.8717
41.5296
40.9539
37.3081
33.1963
37.9112
37.2807
29.1118
30.2083
30.1261
29.6327
34.375
30.4002
27.5493
28.2895
26.8366
22.1765
22.3136
24.6162
29.6327
27.5493
28.4814
27.33
25.3838
25.4112
29.4956
29.7697
29.3037
23.4649
25.466
32.5932
27.4671
24.068
24.9178
34.0461
26.7818
31.25
24.3969
20.8059
26.5351
20.8059
25.6579
20.1206
20.3125
21.5186
27.7686
26.8092
28.4814
22.7522
27.0833
24.8081
28.2346
26.2336
19.9836
20.9704
29.3037
20.614
26.8914
20.8059
28.0154
31.0307
31.25
34.1283
36.4857
36.6228
33.2511
33.9364
33.3882
32.4013
36.9792
38.5143
40.0493
33.1414
39.1173
37.2807
38.2675
39.9123
39.364
41.8037
43.0099
45.8333
37.3355
41.3651
45.614
44.4079
42.4616
44.9013
42.3794
37.6645
45.4221
42.8728
41.5022
38.4868
40.5976
39.364
39.2818
39.9945
40.1042
32.8673
33.3333
31.6612
31.7982
37.8838
28.3169
32.0175
37.034
35.2796
29.9068
37.0614
33.7993
34.2379
37.6919
37.7193
37.6645
38.0208
40.2961
36.3761
35.9101
34.6765
39.1173
40.9814
39.3366
40.7346
42.8728
42.4342
41.1732
42.7632
37.6645
39.6382
41.1184
38.3224
37.0066
35.5263
36.8969
35.8827
32.511
36.102
38.2401
41.5022
40.625
39.8026
43.4759
44.216
43.6952
47.4507
45.8333
40.3235
45.5592
43.4211
45.3947
43.5581
46.409
50.0274
49.8629
44.9836
38.5417
46.9024
48.9035
46.6831
49.7533
38.9529
44.8191
41.1458
42.5439
37.4726
35.8004
38.9529
42.7357
44.1886
45.1754
42.1601
41.8037
45.4496
48.3553
46.2445
49.534
50.5482
50.1096
47.4232
43.5307
49.3695
39.7752
46.6831
49.7259
45.3673
46.0526
47.5603
50.7127
44.4353
44.8739
45.8333
44.8191
43.284
44.4901
43.3388
43.5033
44.2434
42.5164
45.9156
43.2292
40.159
40.2138
42.7906
50.4934
52.7961
53.4539
46.2993
51.2061
47.8618
53.6458
48.9583
46.1897
43.5033
47.4507
43.4759
51.6996
41.0636
49.6711
49.1776
49.1228
50.8498
56.1129
53.4814
53.8651
58.8816
52.9605
51.6721
51.5351
53.3717
48.273
51.5077
45.2029
52.33
55.0439
41.091
55.318
54.1118
45.4221
48.0811
44.2708
48.602
47.2314
51.3158
49.7259
51.398
43.9967