54.759
52.362
48.5337
47.3502
48.7045
53.443
53.8158
58.9507
55.9862
53.2742
52.1449
49.294
45.9112
45.0444
44.5362
41.6387
42.5976
42.7524
41.1393
52.2814
43.8202
44.4828
42.7284
44.8018
42.2757
48.7941
44.4239
41.8705
38.5591
35.977
36.1152
38.4352
42.3985
41.2229
37.4518
40.8062
43.2369
38.4021
36.1934
36.2178
37.8391
37.1614
36.7148
42.0376
42.5876
40.4615
39.4309
38.5809
37.2561
37.6856
36.4492
34.5721
37.5115
36.845
31.8346
32.1795
29.9139
28.4071
25.9977
27.6153
28.4629
36.7606
44.0765
49.0053
51.8591
53.5909
53.5028
53.7528
53.3814
50.9908
51.8682
53.2284
51.1834
53.7403
50.2038
44.3135
42.2882
38.4383
35.7153
38.3563
44.1955
48.6902
50.7023
56.5548
57.6497
58.0198
56.5699
51.612
46.1486
42.4793
45.3806
51.459
55.1887
55.9416
56.9481
63.7851
70.7071
65.2114
58.3374
55.8907
59.9109
71.1868
81.3948
79.5569
72.7924
53.0717
58.1109
53.713
53.0733
47.9691
44.9714
44.2986
43.2936
41.4319
42.5715
45.4507
47.6288
45.5788
44.9903
45.0909
43.893
42.3862
40.5767
40.9849
39.6234
42.7251
42.3612
42.3515
44.2808
44.1785
46.6711
51.127
43.6147
44.4067
41.0619
41.1654
43.4158
41.4291
38.3464
39.4189
38.5258
36.4273
37.4121
38.4681
36.0889
35.3355
37.8477
39.9547
41.713
44.8908
43.9382
38.076
41.8341
49.7226
50.8758
50.2714
47.923
50.8494
54.8366
47.8613
55.7127
53.3966
55.0557
58.4034
60.9437
59.1262
61.1201
51.7118
57.6005
45.7736
46.4905
44.6435
45.7394
46.0183
50.1309
46.654
48.5621
45.8214
43.149
42.796
43.2601
43.2614
42.3468
35.1009
38.8013
43.6507
41.3917
43.7217
45.68
45.4467
44.3518
40.7958
38.167
35.676
33.3069
37.4804
41.301
48.6488
48.1293
51.3902
56.6014
58.7669
56.0111
61.9405
59.7987
60.7463
61.3763
67.8433
63.0837
60.0636
55.7594
48.3311
40.8467
41.3552
37.8759
38.888
40.0316
43.2317
45.0694
52.1848
53.491
54.9052
52.9669
53.6378
50.873
53.3881
56.8548
62.4703
62.9549
59.1448
58.3638
61.6091
62.6024
62.8965
59.2965
55.1919
55.5809
54.5941
53.5947
48.7374
44.603
43.9009
41.2166
35.6847
31.1196
31.4402
31.6501
31.6436
30.8318
29.976
32.2266
28.6038
33.3775
32.7499
36.5456
35.7107
39.0556
39.3632
35.7093
37.7845
33.2462
38.2283
34.4426
37.5637
37.4938
36.2392
41.2428
50.8174
43.2867
60.7241
47.6264
73.9307
47.4478
70.9431
66.7649
65.3037
59.6507
46.8024
52.819
50.712
54.7816
56.2072
56.0835
58.0959
60.2354
56.666
54.6604
55.5089
55.3137
53.6849
54.1982
55.7275
55.4762
52.3469
52.4009
53.8509
52.8035
48.6562
50.6124
47.9088
54.4661
48.8254
73.952
70.2152
64.3288
56.8712
58.034
66.2121
64.6858
61.6569
64.2972
62.4204
61.3802
57.6854
60.9391
61.0497
61.6594
61.9049
59.1717
66.0823
64.512
69.6345
70.6082
60.8561
51.9575
58.4406
60.4481
60.1687
56.0094
60.8913
65.7826
63.5204
60.7481
46.1025
56.4404
43.6783
58.5442
55.3213
57.4424
52.0313
56.7968
57.7076
61.7531
54.3268
58.8409
60.3355
48.6582
44.6469
35.5267
32.3467
30.7029
29.3246
28.5319
27.9235
30.3912
30.6152
32.8961
32.5094
33.8582
37.3556
39.1358
43.5657
38.6868
35.6111
30.9251
63.8355
29.967
58.6965
31.7004
43.0996
49.934
50.0736
51.2627
49.3453
48.7499
36.1073
67.9497
44.6239
48.0587
47.0347
48.7678
50.9552
48.5132
44.249
45.4074
48.8463
50.3138
45.6595
54.7785
57.8846
59.0251
57.1786
52.8032
53.5685
50.1726
54.3985
43.4604
48.9422
53.6972
58.2192
61.5922
57.7305
52.0435
41.4231
48.4586
51.9646
48.7354
47.1698
50.228
47.9921
50.4914
48.8404
47.6877
54.4543
60.5375
51.7424
56.3718
49.4206
48.1471
39.57
44.1099
43.0503
47.3068
42.0382
41.9901
41.4491
42.3135
37.0071
41.9755
40.1767
44.9365
43.0871
41.1817
44.2866
36.1493
34.1366
34.7043
35.2831
37.8539
36.1346
33.9808
33.1925
32.4989
30.584
30.0268
29.1392
27.5832
26.6973
29.0586
33.43
36.8847
38.3821
39.5491
42.5562
44.1052
42.4509
39.8382
39.8347
45.482
45.8363
43.1006
44.4471
41.7312
40.234
48.5262
49.2652
49.6691
46.1748
47.4542
51.2367
52.7352
54.2507
57.439
59.8041
59.3573
59.2699
57.6393
56.4614
55.7743
56.5592
57.4759
55.8889
57.6996
60.027
50.4631
50.8185
49.7754
47.6789
51.3677
48.1314
46.5856
46.5322
50.3204
49.6537
48.8961
51.6219
51.0337
62.7084
64.6924
63.6189
68.7997
62.4696
64.204
67.0646
71.8388
70.6808
63.9882
60.0674
62.6295
56.478
59.4745
59.1084
57.8598
54.2316
55.6406
57.5454
58.8539
60.7114
54.4187
44.5635
42.8124
36.4958
36.7593
41.7512
42.2481
39.4488
42.5785
40.9816
45.803
44.3341
47.5929
43.7022
39.4061
39.7146
36.6528
35.4138
38.9305
45.4465
54.8084
51.1233
53.8154
46.4013
47.19
52.3707
58.1964
56.6555
58.0973
64.8052
62.5908
61.1307
62.2837
60.2729
60.3529
51.9872
49.6585
49.9094
48.8836
47.2694
42.1803
42.9355
37.2177
40.1951
31.9726
32.601
30.8512
28.9858
32.8152
31.5283
34.4273
37.4969
41.0429
41.8584
44.9852
58.8696
55.7619
51.5813
52.3308
50.7837
57.9221
55.8709
47.9598
44.9303
43.3747
38.4965
38.3258
40.3006
44.8795
49.7716
56.7842
53.1547
56.8747
47.9544
47.1173
49.727
46.7179
51.2356
53.1509
59.3834
55.4194
53.8946
47.1614
45.3005
48.6026
50.8472
46.4768
50.279
54.1605
55.9921
63.371
68.957
61.2295
67.3447
69.1619
65.1423
65.1015
61.7667
61.8158
61.3315
65.3767
54.3487
57.6506
57.3948
76.7287
61.1136
62.4124
68.3501
66.8996
74.5169
68.0364
68.0662
70.993
70.0592
59.7129
59.3693
74.7104
75.4493
79.349
60.3721
61.8026
63.0576
67.4641
66.4511
60.6016
55.9122
50.7314
40.9384
38.5137
37.6254
37.1932
37.4823
37.7243
36.581
38.5439
37.1389
36.7197
29.5249
25.7445
23.0729
24.8122
26.611
29.1542
30.7425
30.0884
28.0805
27.2498
28.8043
29.8017
29.5025
29.4615
31.9524
29.0311
27.963
26.7767
24.4707
22.5024
22.7832
23.0803
24.2709
23.992
25.1744
25.6413
25.535
25.7111
27.2549
28.1961
30.654
35.9213
38.6438
38.3777
41.3693
36.9151
34.2397
33.725
37.6886
36.8814
31.6295
28.5349
29.9197
26.9119
40.567
27.8423
32.8475
32.3029
31.6991
33.7965
31.4627
31.8344
29.0471
32.9155
30.3587
32.7762
30.3177
32.9601
38.8918
42.0916
43.65
39.1593
41.1323
43.0964
46.837
43.7381
39.9677
35.6465
29.3216
26.5697
25.9431
25.5852
25.907
23.3463
33.8842
34.794
41.0109
42.0466
38.3336
40.0142
36.9627
41.5231
44.0181
44.0269
37.8485
38.6985
38.882
43.4834
45.3486
44.6882
47.3193
42.5177
36.0832
39.0117
44.5789
48.6378
51.5467
46.4949
43.5148
52.1378
54.5722
50.0752
45.1641
46.0654
44.9166
45.9056
43.2988
43.1893
41.8983
39.566
34.907
28.6957
25.7228
24.7073
27.1539
26.8459
27.1927
26.668
26.558
27.1418
29.0629
27.1935
24.1446
23.598
23.4538
24.0364
24.8913
23.5727
24.2396
25.4545
27.1826
27.2562
29.1686
33.6963
32.9707
33.3799
34.6251
35.5317
34.4959
34.7314
34.5188
34.9195
33.3779
34.2463
33.1734
34.5849
35.5602
36.6008
33.1997
31.9191
31.6842
31.263
30.1869
31.4516
31.9206
31.5056
32.2422
35.3419
37.9463
38.2039
40.4305
40.5862
38.0769
40.3875
41.0182
40.7446
41.6829
40.1743
36.5525
34.4068
38.5634
41.0258
43.6932
42.7245
41.5393
35.3671
36.604
32.9986
33.019
31.7007
28.1013
27.7021
32.1476
30.7739
33.2608
34.0202
32.4302
32.4091
36.6126
40.7774
40.5841
39.7378
37.723
39.3955
40.9266
38.4521
45.6619
43.6682
49.9926
50.5032
50.0274
45.2112
50.6229
59.4221
69.3913
61.3846
61.308
53.1851
57.4882
52.9669
43.6472
46.9955
49.6155
46.3094
48.3178
47.534
35.3078
38.3715
42.9682
50.4829
52.2662
44.6493
41.0139
43.109
46.0491
46.4812
46.5621
48.027
47.6032
45.7581
45.5296
44.8576
43.177
43.126
42.6151
46.3493
45.8642
43.0559
43.9373
42.6541
34.8473
32.0606
31.8509
31.9102
30.7756
30.5569
29.2707
28.666
32.3154
32.323
32.7665
32.514
36.5178
34.2997
33.1013
34.6199
36.6909
34.9559
32.4916
30.6911
29.6021
28.3954
27.1322
26.3791
25.1091
22.2256
20.8348
19.4672
18.8575
17.5958
16.7848
16.9995
22.9228
38.1376
42.8414
49.9382
59.3528
53.4687
52.7922
63.3935
47.0489
54.5395
57.315
53.5885
54.8613
53.4087
51.4236
49.0165
43.4043
40.1104
32.9887
36.3242
34.3504
35.5069
38.8093
33.0949
45.3556
39.6623
40.1071
44.9322
41.2367
43.4232
39.2349
34.787
28.9153
32.8968
31.1569
35.3761
33.3333
32.8467
34.0985
35.9065
36.7015
41.9006
43.195
43.7193
44.1236
43.5424
46.4672
43.4053
40.1108
37.3848
37.1663
35.0453
33.3249
28.6074
25.3785
24.2626
22.9835
25.2372
26.1995
27.6681
29.9996
36.276
41.7879
43.0013
43.3881
40.9987
42.5856
45.6127
41.09
43.3806
43.8336
40.8872
42.0808
44.6874
47.5319
44.1234
40.6803
39.8209
38.1994
37.1568
37.1613
32.6324
31.1737
34.264
40.4381
44.1075
40.8421
40.4205
43.206
40.7176
42.468
41.8957
40.5343
41.8224
40.2955
37.049
33.6304
30.3181
29.4978
27.1758
27.1383
26.5556
24.9806
24.5575
25.0888
26.7506
28.1998
28.5969
27.8511
27.7355
26.8648
29.1993
28.5186
27.2751
25.6745
25.9085
24.0837
21.8639
22.7358
23.1539
27.1724
28.3101
27.539
24.3366
23.9443
28.9521
29.9559
32.6253
35.3541
36.6696
38.4224
36.0458
39.5606
44.722
45.102
48.9118
49.4242
50.7373
51.5152
48.6006
52.902
54.9052
54.0333
50.432
44.8296
45.8914
46.2364
43.4326
40.4811
47.8761
52.0337
58.46
51.1098
39.1592
39.1039
38.0735
41.3242
44.7137
43.8305
48.8218
44.0834
42.8042
44.0637
47.1211
42.8026
38.7373
41.2025
43.4468
34.7479
34.0796
37.059
42.739
46.6449
47.6246
50.9109
49.8479
53.6106
48.156
44.391
50.2272
48.3183
45.7688
46.0348
43.4551
42.5885
42.4632
43.0359
42.9055
43.5969
39.8997
39.0872
38.7821
39.6539
42.1556
44.164
46.0987
45.5499
40.2492
39.5207
40.3229
38.0921
41.1902
36.1367
37.6781
38.6101
43.1457
42.4151
43.827
45.8002
43.2977
41.9668
41.7915
39.7021
37.7838
33.0752
34.8475
34.2277
34.5061
33.7907
33.959
34.9421
35.7863
36.442
35.8996
37.3018
35.7167
33.9252
32.8656
34.1317
33.6479
34.577
33.4048
31.7958
31.3692
29.9487
28.4719
27.4494
26.3613
27.5001
27.8922
28.3149
26.4911
26.6114
27.9789
27.8301
27.9439
27.3426
28.0139
28.4981
31.5641
35.2631
40.182
43.4356
44.3769
39.4719
52.0328
40.8914
44.009
38.9686
34.6622
34.589
33.6798
31.8397
32.2504
29.5168
30.4361
29.5193
31.7638
33.578
34.7007
33.7633
35.3139
38.1152
40.711
42.8468
42.1214
37.265
36.0451
35.8328
35.6474
34.0928
31.588
35.6423
30.8522
31.3688
28.2639
26.6937
25.8119
24.7235
27.8958
29.3748
30.8665
33.3593
33.4907
32.5964
32.3424
30.9974
31.767
32.1901
33.0786
39.1447
45.8489
40.5039
41.5826
40.2632
43.6628
47.817
39.6794
31.1709
29.5027
30.4929
33.5675
31.2776
29.2152
24.9716
25.8308
26.1794
23.6149
25.1092
26.5761
27.4627
26.838
28.2532
28.6094
29.1351
29.8708
30.2658
30.0258
26.9571
28.0102
28.2467
30.8077
29.9669
30.8601
32.8
28.617
28.6701
26.41
25.8038
25.9708
31.1901
37.634
42.4891
42.8524
42.7584
45.3885
44.8292
42.185
39.6816
39.4819
37.8428
42.5841
42.9329
45.7385
47.0837
53.5317
45.3073
38.5279
41.9849
38.0624
31.9321
29.5302
30.6955
30.0323
30.3698
30.4044
29.5358
29.3529
29.0904
28.7867
30.017
28.8026
32.8068
33.8413
34.6525
34.3813
36.8897
36.7723
39.4115
44.6591
48.023
48.0313
50.6597
51.4697
51.1916
52.3427
52.7141
53.373
47.6082
44.598
42.6709
40.7724
41.296
37.5176
36.4538
35.836
34.2406
36.8426
39.7066
43.7856
45.6307
47.2796
48.3567
46.8788
44.0194
45.4445
44.5558
42.0946
41.2972
37.6001
34.5969
34.5257
33.4922
34.573
32.5271
40.3889
42.8009
39.216
34.6367
38.3101
41.2463
38.7614
36.5441
36.0965
36.618
33.4498
33.8017
32.8635
36.1815
31.2471
33.9434
36.5726
36.2688
36.7273
36.121
40.2267
42.2208
43.1898
42.7006
43.04
44.7316
45.1352
45.0742
45.493
48.2883
47.8009
47.2455
48.5778
49.0366
45.8596
44.3903
41.009
41.0899
39.0029
36.1188
36.067
35.683
35.7188
36.5175
40.2986
39.6177
42.8826
47.8048
55.9548
57.1907
54.9238
52.4214
51.2677
52.9852
54.5419
51.1598
49.5026
46.5337
45.4981
42.9673
39.1228
37.5745
36.3376
33.2828
32.9877
32.1776
31.7447
30.7167
29.5267
31.0125
32.5918
31.8406
32.5698
31.3632
31.1983
30.9246
30.8409
28.7337
26.8873
29.4099
24.014
26.1274
23.9346
24.4311
24.0069
23.0355
26.9777
31.9538
34.2248
38.7086
40.7179
40.1985
39.9842
44.1108
47.0816
44.7335
46.9981
39.8087
39.046
40.6087
40.5607
39.7011
42.4035
39.0089
36.1181
32.2114
34.5961
37.7519
38.9405
41.7577
40.6149
39.6383
40.4334
43.0266
43.0327
44.8955
45.2113
43.6054
44.4011
44.5564
44.9917
45.1974
42.8503
42.684
40.1596
41.6923
49.8811
48.4334
51.7694
46.7481
50.5431
49.0318
45.8555
38.7467
36.2011
36.7636
37.8017
33.4681
43.9993
43.2938
42.9489
46.5403
49.0764
41.2331
39.647
36.412
34.5922
39.8571
40.5552
38.5703
45.9765
40.129
42.8023
41.1792
42.3854
50.5343
50.0719
49.2504
42.7663
38.0591
34.1634
42.6932
38.2767
32.1106
29.1343
24.7931
26.9537
29.8198
33.3185
35.6257
33.9336
31.9895
33.1601
36.9452
39.2542
34.9795
32.9785
32.1361
32.7401
35.3761
42.9107
44.6804
46.0225
46.3027
41.9713
40.6011
38.772
40.4449
38.8773
39.3801
37.6104
37.9485
36.1113
35.9211
34.3411
35.1944
37.2994
36.0602
38.9916
41.5934
42.9641
46.467
47.2073
46.9986
41.3459
40.9254
44.8794
51.948
45.3111
47.915
47.5382
45.4629
43.8404
39.8638
34.59
32.915
32.4755
32.0441
29.8203
28.3233
30.8991
29.0849
31.1848
35.7933
35.3475
36.7966
46.5601
46.9901
50.3829
41.8363
40.5934
38.3773
35.8437
35.365
42.1909
41.9832
38.7685
37.1202
39.3427
38.4172
33.1945
34.0747
33.1468
35.8777
33.6293
33.38
34.2992
33.9243
37.1343
36.8032
35.9599
32.9632
29.9657
27.3367
25.9424
25.3681
23.5733
22.6469
23.1849
22.4227
22.4767
25.6108
24.5015
23.6204
23.4244
23.7408
24.0004
23.7059
24.1941
24.0364
25.5204
27.2395
27.1684
29.8238
30.5726
31.7783
34.8788
39.2369
42.7477
42.3177
44.8482
46.5704
44.6712
43.608
49.2673
46.6327
44.3656
43.4511
44.9835
47.888
45.7545
48.5317
48.9801
53.1319
53.7891
55.6381
56.8749
52.8298
54.0549
54.6331
55.5647
50.1023
46.8708
45.9687
44.6154
49.7673
46.4721
45.0059
45.9435
49.2911
53.7699
47.7741
48.3046
49.9648
42.9274
52.2942
50.2024
56.5213
43.8847
55.6753
54.0121
47.9231
49.2576
49.4288
59.4634
61.287
64.2485
60.8395
58.1539
55.65
49.8892
48.5781
44.7095
43.8845
40.8339
41.024
45.0136
46.4693
46.5684
46.1907
44.8392
47.3265
49.7863
48.001
43.2742
46.9469
47.9299
48.1684
47.7948
44.9497
40.8287
40.3183
37.9731
40.0861
39.9257
40.28
36.7855
35.5577
33.4472
30.1479
29.5644
33.2728
32.5727
37.2462
35.7635
35.4205
40.0029
46.902
53.7643
48.4847
39.5739
41.6366
49.7887
44.0119
41.0181
44.1482
48.5603
48.732
55.5819
50.602
50.7537
56.8943
67.0424
68.3007
62.956
57.931
53.7998
46.3486
44.234
52.8129
54.83
57.6415
59.4615
68.7902
68.2785
68.0398
71.0604
67.5225
68.1259
70.0931
65.3712
63.7324
57.3727
56.062
53.637
56.8007
53.6996
53.2741
52.5509
48.8008
45.4887
41.5551
37.5818
35.9506
36.0304
35.9439
36.8535
37.3388
37.9264
37.3986
35.0416
35.4888
33.681
32.6175
37.9365
38.2411
41.7402
39.6574
44.7323
42.6905
47.3365
51.9013
54.3244
58.054
60.2221
59.425
62.7208
60.5408
60.1606
61.8188
64.6636
62.8902
57.591
62.6675
65.5588
59.4591
57.747
54.8502
54.4584
51.3516
48.7135
46.2175
40.0599
39.2189
41.4026
42.9534
44.7248
43.313
40.1382
43.3618
38.5326
42.5317
44.622
46.6535
52.1183
52.046
48.2762
47.2384
47.9817
52.7878
54.6366
58.1822
58.3391
54.437
49.3744
49.302
47.1584
45.89
47.819
44.3565
43.0223
43.9575
40.1742
50.763
49.8241
56.2345
54.1327
51.769
42.7376
46.3241
45.4853
42.9255
39.8623
35.695
35.784
37.861
41.1355
42.6206
38.9929
39.6946
40.1415
41.6536
39.2556
37.3947
35.7532
38.5114
39.9719
39.1352
41.8978
41.9758
42.1496
40.7599
43.2837
43.81
43.6161
42.0599
38.1744
39.4192
37.0097
37.1787
36.8566
34.308
30.263
30.9836
29.1235
28.1035
27.1525
29.2863
30.1582
35.7137
41.2295
45.7377
50.2901
53.0048
53.9412
55.1267
55.359
53.9705
54.9676
52.1823
50.9318
51.7152
53.1107
52.6318
48.5313
46.1511
43.0782
40.4487
36.3364
37.0666
39.3707
45.049
49.1417
52.1639
52.268
56.567
57.5127
57.4877
54.8616