31.5741
35.2621
32.6256
33.7293
37.4957
39.6277
41.6347
43.0573
40.3368
34.3677
34.7768
34.0562
32.8683
34.631
30.1115
30.7755
35.3715
40.2959
39.3559
32.853
33.6844
37.2961
36.3753
35.4491
35.5849
36.4496
39.693
41.3087
38.2646
41.9917
39.0689
38.2438
38.9926
39.4101
36.2059
33.203
31.5963
31.6966
28.821
33.0124
33.278
33.6909
40.2844
38.9342
38.3098
41.3732
40.698
38.8823
43.5647
41.8414
42.3669
40.2363
43.5061
44.3166
47.7478
44.0691
47.3661
44.3816
44.8159
45.1463
44.3731
38.7229
39.5443
44.7147
52.7762
56.8618
65.2756
68.39
68.3205
63.6289
63.252
55.7054
50.3016
43.0093
36.5243
39.8181
41.2322
40.2225
40.0631
41.3146
39.3172
37.4138
39.2039
35.9151
33.819
35.5327
37.9238
40.4092
43.1023
41.4439
41.3847
38.9824
39.1235
37.707
39.1757
39.7021
34.974
35.886
35.066
33.2188
32.9202
32.2033
33.537
33.3702
31.6303
30.6152
30.995
30.0905
32.9663
34.2174
33.4366
34.5712
35.195
31.3495
36.0652
41.3213
42.1074
46.1171
45.3148
41.5685
41.3838
39.7079
35.0231
35.3399
37.6896
39.0969
41.5053
44.4747
42.8777
44.6302
41.0266
40.4695
42.6058
41.8153
41.6972
42.1551
40.9792
40.9735
38.8346
40.5749
44.8222
42.7992
38.3213
40.8344
42.9332
37.5986
35.9022
35.7913
35.341
35.6673
36.7371
40.8167
44.9795
46.8499
46.3936
48.7262
45.5758
35.7357
39.2506
42.4263
38.9433
39.1431
40.7046
42.1485
43.1191
41.2613
38.5811
35.5477
39.2193
36.8596
35.9007
36.1228
38.0173
39.4621
40.0735
37.3578
38.0581
38.9841
39.024
38.2702
39.1829
37.3795
36.1498
36.9025
38.3609
37.6062
38.6581
37.7948
37.5028
37.4909
37.8448
37.8209
40.9062
43.2331
45.8427
43.7934
45.2451
41.3024
39.2014
40.0847
40.5037
38.2185
34.8695
34.4149
36.3025
41.6044
41.4789
42.3733
45.6876
50.2352
52.3032
55.5699
54.0335
50.8831
55.2301
62.1746
72.6586
71.2737
71.2239
78.7352
83.3262
82.2711
72.8666
64.9871
58.5836
58.2078
45.0843
41.8931
36.0934
39.4175
47.4684
54.3033
42.785
43.0075
44.5413
48.091
41.3221
41.7287
43.4139
42.736
35.6416
35.7716
35.4537
37.1238
36.878
38.9082
38.5474
40.7851
45.3362
52.299
52.0061
47.4142
45.9194
47.1709
46.4452
44.0793
45.5623
50.5258
57.1022
57.5306
65.6815
69.6051
75.9436
67.7231
63.7147
71.624
45.9146
84.2867
41.8421
78.7708
41.6954
58.9523
64.2069
35.9159
56.7922
39.8931
48.9468
53.6892
47.0114
43.3063
49.2151
52.5847
41.8502
53.0793
36.4445
52.6324
29.9244
27.962
45.9676
26.2926
27.0371
40.7267
25.9768
34.5187
27.8606
28.6336
43.1971
28.2633
32.3179
32.3173
29.1676
47.1763
27.5575
46.5382
32.9624
29.0446
37.2034
29.1661
28.3817
28.2985
23.216
25.8413
25.3792
26.4342
25.6252
30.6367
30.6383
30.4332
28.7719
29.9136
28.2664
28.5096
31.8977
27.2384
27.0779
28.527
26.725
26.0397
26.5807
28.8897
27.7692
24.6176
27.3526
28.2165
25.8215
29.2104
29.9167
30.0917
31.7308
31.9558
30.2729
28.272
29.9798
31.9985
29.6076
30.4466
30.5295
28.9352
30.6853
34.9536
34.8699
31.086
31.4235
33.5592
37.3742
40.3884
38.9561
43.0585
40.351
36.9177
36.0792
35.6446
38.7264
41.4707
36.532
39.3016
38.3102
36.4723
37.5732
35.9254
34.1284
30.2358
30.961
30.1342
33.1303
35.0882
39.0577
37.5289
36.0206
36.2666
32.4577
28.5622
29.4945
31.6433
34.621
33.3253
38.7021
36.3981
32.2813
34.1049
29.7576
31.0774
33.3709
34.9122
40.0051
40.6275
38.0044
39.4229
38.0238
37.9217
33.9422
33.2475
34.6344
29.1201
30.4016
34.243
37.573
41.3194
41.2098
46.3592
49.6598
58.0709
54.2523
52.995
36.0971
27.4624
31.3173
32.3021
32.8647
29.8118
32.106
31.2766
30.9516
26.8907
26.9914
27.1196
31.4316
34.155
33.2914
31.1405
33.9105
35.2507
33.1635
31.3359
32.8799
32.2937
33.0237
34.3268
34.4215
35.1513
37.8455
37.9752
38.889
39.174
37.8371
39.8764
42.4635
43.369
41.7608
57.6175
39.5111
40.5905
38.5239
39.7241
33.9884
54.4391
36.7762
35.1809
37.5012
37.7009
38.9696
35.2306
30.2073
55.545
29.9973
32.3188
32.4093
35.4021
34.7187
34.3071
33.9145
33.397
36.1874
33.9909
32.9606
30.914
32.7116
32.9437
36.3934
35.9654
34.6024
38.2221
37.2201
37.7721
36.0068
36.789
36.9088
37.4461
39.6154
38.244
40.8446
40.5811
42.2309
38.6993
35.9605
36.6818
33.53
36.4396
36.951
37.0323
35.2391
35.2481
37.6184
39.4787
38.2778
33.3765
37.6885
40.1091
42.2791
41.3889
44.8837
43.3801
34.3905
33.2789
32.3577
32.0079
31.6212
33.4334
44.5596
40.1433
41.1381
36.166
34.5317
33.0982
37.204
37.4675
38.0051
33.3812
34.1893
33.2137
30.6899
26.9877
29.0784
27.8475
27.3361
26.4928
32.3807
36.8379
39.2606
36.7577
30.7642
31.1935
31.4531
32.953
40.0806
35.6723
31.1504
32.6921
36.4997
37.4252
40.4877
35.9131
33.2499
34.2906
32.9723
33.1351
33.0442
31.0573
29.7749
30.7021
30.4855
33.2975
41.8336
37.3487
39.1268
37.9888
37.6618
36.1394
34.6684
33.9543
36.3452
34.9455
39.4774
32.0902
32.8659
33.7561
34.4399
35.8504
41.8031
39.2145
36.0816
35.0365
41.347
38.6258
34.2223
30.9108
31.3346
35.6135
40.0721
39.2529
39.7103
33.763
37.2298
36.4863
38.8659
36.8729
36.3606
32.4093
33.072
32.8328
30.3304
32.208
34.0411
36.3152
38.8032
33.5512
37.4854
37.7402
35.7018
34.6102
31.3835
31.1924
32.2033
31.4944
29.0811
26.7204
28.1989
32.6775
36.8949
40.831
41.2004
41.5295
41.5256
35.2654
36.01
36.5788
37.3868
35.8128
33.5541
33.9018
32.2776
32.5481
33.8429
31.889
32.9137
31.3144
33.6537
32.7984
34.0381
35.8952
33.9811
36.574
36.2719
34.4867
32.5075
31.2592
31.2257
28.0075
31.5211
33.4718
35.5519
38.5773
38.7296
35.498
40.1524
37.9762
34.1094
32.85
29.5569
29.7719
31.4218
33.4125
33.3458
35.6778
36.5951
37.3447
44.5638
43.6004
48.7728
46.7409
43.7912
39.6128
33.9229
30.7042
33.5802
37.8169
43.4686
44.3805
44.9073
43.5218
42.6508
41.8877
42.2532
42.9021
43.2926
45.6908
42.8629
45.6827
59.6325
38.0342
61.7363
63.7641
56.8706
61.525
61.6428
52.2851
46.4828
44.8149
38.7698
35.7243
30.4972
28.6801
24.1034
38.6557
33.3077
33.2456
31.2256
29.7884
27.3397
23.7337
33.1342
29.4479
25.3764
29.4277
33.1678
36.1775
39.1138
44.9566
45.3168
43.4463
39.1638
39.2603
43.5313
44.4522
40.9854
39.1846
37.7108
42.0261
46.8143
32.4278
50.8074
35.6908
46.3986
37.1639
50.0944
39.3333
37.8324
33.7256
35.8265
41.2665
42.5593
37.6223
32.8428
39.3365
35.6124
35.0877
34.5617
38.9253
37.5906
37.2565
37.3045
39.2817
39.0655
37.2873
36.7069
37.5972
36.553
36.148
35.5176
32.3755
33.9341
35.3268
36.0803
35.5117
35.4308
35.8394
34.8245
32.597
36.8539
45.8816
42.9185
42.9332
46.7072
48.3166
51.6194
44.5502
45.1805
47.659
45.9852
39.417
42.164
42.9735
35.6492
34.4328
32.6489
32.1075
36.845
35.5598
34.5058
36.7367
38.3594
34.9184
36.664
34.9057
34.8463
30.4331
30.4841
32.4169
35.8318
39.1026
44.0772
43.7169
39.9596
38.7928
37.9753
43.3422
41.5083
37.7793
36.7832
45.555
43.2526
35.4111
32.459
32.1857
31.5179
34.5928
36.7294
39.1318
41.7812
38.6423
36.8435
34.9874
37.7283
37.8389
35.6854
36.2964
36.3487
34.4814
35.3311
37.1303
33.3807
30.5169
29.7405
31.5407
31.8437
34.9558
33.5145
34.0719
38.9576
40.3621
43.1969
41.5674
41.0916
33.0602
34.0339
32.676
32.3533
30.9375
34.3722
39.5468
39.0309
32.4907
35.3368
36.6584
34.2627
38.037
35.553
41.6811
38.8313
39.7425
41.4312
38.5518
38.5572
38.2048
36.0792
33.9393
33.4362
31.1419
28.6543
33.4545
33.461
35.2709
39.2277
39.6465
41.4607
39.559
39.1173
41.486
38.5772
39.6991
36.722
40.0149
41.2171
44.885
43.2089
46.3739
43.2874
42.5111
42.8813
43.7603
38.9509
39.927
43.5241
51.4209
58.0854
67.0498
70.2678
65.4829
62.7201
63.175
55.6974
50.4463
41.2472
35.7318
36.1246
40.5622
39.4713
38.9831
39.8356
41.3945
40.166
38.4701
39.0738
43.7319
41.1431
40.2804
34.7737
29.9138
31.7577
33.7218
36.1435
36.2597
35.1164
37.4127
33.0366
32.6249
32.7941
34.0948
35.2094
34.2552
33.9295
34.3343
33.1404
31.8216
32.5038
31.4254
32.6681
31.5832
32.653
34.2389
34.2122
33.3047
33.8601
37.298
37.1195
33.6024
40.3785
46.0827
45.9149
48.4101
42.3604
41.8364
40.6245
33.9312
34.7355
37.2857
39.7927
42.7887
43.6682
44.0524
42.2126
39.8979
42.5427
42.9833
43.1997
42.0838
37.0143
38.4013
40.5966
45.1782
41.3489
39.2489
41.0393
38.6016
35.8036
35.1544
36.3232
36.2589
36.4992
40.4023
46.8616
47.5869
47.7419
48.4292
36.3788
39.9661
42.1071
39.7739
39.7024
38.8132
42.3996
43.2403
39.7791
36.5223
38.5022
35.4092
36.6163
35.5248
38.5395
39.2592
35.7988
38.4122
39.1159
38.6237
39.5543
35.4129
36.2228
37.0998
37.7554
38.2897
36.4495
37.1457
38.2986
37.3565
42.1825
43.8255
45.859
44.4307
42.0345
38.6317
39.1111
38.1454
34.1519
30.3076
32.4779
36.3452
36.9251
39.5009
44.854
49.4549
52.4644
53.3118
52.6512
49.8637
56.785
67.0083
72.9216
73.462
74.166
78.475
75.0964
70.6704
65.0954
69.2049
53.4368
49.379
38.616
37.6588
39.9377
45.9409
53.0634
46.4175
42.6516
46.6132
49.0882
43.3695
40.0813
41.9014
44.5379
38.5895
37.7201
35.3752
39.3942
44.2874
45.3773
46.3145
47.6755
50.9225
50.4569
50.4426
48.4783
51.9247
46.8316
45.7508
47.5297
48.9739
48.1872
57.0419
66.2532
68.8377
73.5135
45.8474
60.24
77.6547
39.3004
80.3631
40.3364
71.6192
35.9057
64.4454
36.8629
48.0125
37.081
34.7435
51.4657
31.5256
42.7401
33.4783
34.3973
32.982
33.4814