58.3348
47.4534
43.1805
50.8263
45.1228
46.583
44.7278
44.5524
40.3723
30.9613
37.7711
41.7265
40.0309
43.4489
35.564
43.0019
42.317
53.3558
42.6387
43.5616
47.9221
47.2942
48.8337
50.1963
45.9946
41.6009
39.6404
39.3339
37.9223
43.7466
41.6662
51.8827
46.4717
41.0935
38.2828
37.1367
33.5456
39.5182
41.2056
50.6736
42.759
47.8354
48.3204
51.9079
52.1536
55.6587
55.284
54.3582
48.2847
48.7006
36.6081
31.6792
31.7572
32.4176
30.5442
28.9398
28.8252
28.8521
27.947
32.6466
31.2279
32.5686
38.2923
35.5906
38.0863
39.3602
43.5053
48.464
49.3285
45.8992
41.5829
42.1983
43.4035
42.3419
41.0112
42.5917
41.2666
34.816
34.0257
28.5942
32.8802
31.4561
34.7707
42.8192
49.1764
42.9303
48.6046
45.8427
41.4452
44.1593
51.1688
47.8542
50.6027
52.806
50.2002
52.725
45.5104
43.5173
45.8779
60.8243
51.8871
62.2232
47.8167
57.3295
47.2697
43.0201
42.329
41.9218
41.3532
41.043
44.4192
44.0325
44.3118
44.1269
39.2881
40.835
45.3137
46.1086
45.1769
41.6124
41.5174
37.0975
39.6356
39.3437
43.6994
45.3411
41.7854
39.7212
36.3531
39.5512
37.0051
48.3184
32.9798
31.5503
32.1742
30.1234
29.5043
26.6401
49.0842
28.5782
30.3856
31.4299
29.8925
27.902
28.9888
28.3171
28.6472
28.6332
28.4966
26.7136
26.3992
26.0417
24.8488
24.8291
25.3582
25.2636
23.0281
22.7049
24.8648
25.8183
28.9226
27.7227
32.9629
35.2995
37.9438
38.463
40.5794
39.6796
39.0105
40.4082
41.8066
43.6006
42.3391
38.9474
39.8149
44.0974
43.9393
41.311
44.3386
44.0925
41.6663
41.0108
42.6781
44.6278
42.443
42.6287
42.3713
39.077
39.2221
35.94
35.9495
47.0516
46.7802
48.9533
43.6298
46.1718
44.2576
40.8521
38.1737
38.5569
35.4703
38.3319
42.1605
43.2352
44.319
46.4596
50.8126
55.0654
55.9834
59.4945
56.5485
54.6184
55.6638
53.2002
53.0768
52.5348
50.4847
53.5591
56.0992
55.7856
56.2432
55.9656
55.6838
56.9921
58.3374
55.4353
49.6027
47.1096
47.5277
44.9509
43.4588
44.1592
42.126
42.311
44.3751
44.4762
44.6945
43.2576
42.3298
43.7233
42.0502
39.3589
38.7971
36.0005
35.4378
36.501
37.669
41.4356
41.3595
41.0841
45.7102
45.8561
53.186
47.223
45.3931
50.8321
48.1447
43.3633
45.5498
47.8876
49.5015
43.9948
43.8066
39.6381
45.7326
46.5586
49.8097
48.2486
38.8479
38.0943
38.5445
37.9508
42.1447
41.7562
41.9647
39.1965
31.5201
31.5855
31.153
25.2576
24.5464
35.7266
37.7608
38.4743
39.3798
39.2593
43.3163
38.3027
39.705
44.8999
43.6547
47.5567
45.9008
39.2424
36.7989
38.419
39.2665
41.5834
50.1012
39.8845
46.8638
49.7453
52.4379
44.1697
45.3229
41.9891
44.3521
49.9613
53.1323
48.2876
45.9986
41.3248
43.6444
42.9486
44.8007
46.2261
47.8783
44.3511
41.1714
40.7977
40.6147
41.8128
36.8361
36.9548
35.4978
35.7376
34.267
36.07
30.7112
28.3435
26.725
31.4553
24.7887
23.646
22.9854
23.0734
22.1898
21.5191
21.0728
20.8348
20.2429
24.9101
24.7266
20.4212
19.9233
19.1308
21.8439
24.845
28.3564
29.9774
34.1349
36.506
33.765
32.8647
44.2617
32.7361
34.9422
38.586
40.6027
43.085
52.2432
50.4881
51.3652
55.1515
57.2393
61.3638
57.9433
57.6954
52.9902
51.1625
55.0813
50.6585
50.4857
45.0996
46.6359
42.6316
42.4255
37.694
40.1489
46.7671
46.1433
50.1136
54.4627
52.402
54.4523
48.4678
43.0556
49.817
43.1676
55.7489
48.2527
51.3127
44.1442
43.1392
43.3591
47.934
48.286
48.697
45.5758
46.6912
48.563
48.4706
44.3699
42.7433
43.2523
45.7692
44.7751
44.1007
43.6308
48.8992
48.8983
44.6853
37.3812
38.6192
40.86
47.5732
55.6109
49.8793
52.1679
47.844
44.6956
39.4793
41.439
39.0806
42.8485
43.4808
41.0259
39.657
37.8886
40.9015
33.0535
38.0444
39.1181
31.5009
33.6564
37.5716
36.4629
39.6601
48.2141
50.5947
53.2073
51.0902
41.7411
43.3519
42.3107
42.1883
47.3363
40.5009
43.7539
48.5679
43.5658
39.1741
37.8976
42.6547
47.17
47.5089
48.4038
47.3421
48.7789
44.5344
45.3541
44.8497
44.5506
42.5388
38.3041
37.8597
37.6037
37.1089
38.8338
35.5166
32.1053
31.2766
33.39
32.7247
31.9789
35.0209
32.196
39.378
29.9681
36.0624
32.747
30.0856
29.6633
28.7085
29.7747
29.6217
30.6934
31.7017
31.4721
31.7878
30.7781
30.5649
32.0276
35.4713
35.426
35.0899
33.8364
34.304
34.0239
34.5621
35.9476
37.1213
38.8513
38.0029
37.3977
36.6339
35.824
35.178
36.5932
37.9486
36.3429
33.4304
32.942
29.4277
34.9903
29.8066
34.8411
45.8235
31.0372
44.4194
41.3686
35.7809
52.7744
29.939
49.7162
42.2292
38.8363
34.7027
33.9323
34.5867
31.284
30.7898
30.8743
29.899
29.3521
28.7453
28.2168
28.4259
28.2688
29.4767
28.4926
29.6625
33.8904
33.2048
33.484
34.3086
34.9165
37.0764
35.4556
37.0254
35.6342
38.3652
38.9708
39.5207
36.4027
36.8785
38.933
37.0029
36.0773
34.1946
40.871
38.0752
35.56
34.5759
33.9917
32.366
33.0722
35.8236
38.0288
38.9477
38.2428
34.397
34.8393
37.3415
36.043
39.0137
36.1365
31.3804
36.2603
29.4186
31.9178
38.9665
41.5606
38.0892
38.8065
42.2224
33.8263
37.5335
40.7525
38.1348
36.2658
34.7508
36.629
38.9694
34.6884
29.1743
29.9695
34.7463
37.1732
37.943
34.9401
35.5673
40.838
38.1577
36.1241
28.7356
30.5318
35.8988
31.9077
33.5032
31.3176
29.4938
30.2173
33.1623
34.1008
35.2364
33.4938
33.4807
34.2349
37.094
40.5102
44.7
51.8162
51.5299
46.9827
46.7167
45.32
41.3872
34.3137
32.3127
38.9842
42.6525
45.0518
45.6374
45.7096
40.2596
33.1055
31.5873
28.6079
30.088
31.1501
33.7708
35.8776
34.8293
37.2239
35.5713
35.1739
36.8667
40.6378
42.3648
40.3626
40.8606
42.8767
44.6786
53.4756
40.0154
43.9815
44.9275
45.9777
54.4387
56.7059
56.4875
56.8238
68.1951
70.404
65.0558
50.3861
46.1065
49.4701
41.7988
42.0866
37.828
35.3115
37.0286
40.6826
31.0496
33.5415
34.4885
39.1634
38.9916
45.9279
54.5345
64.8639
59.6674
55.39
44.1607
40.1311
52.6537
46.6653
39.6286
49.1434
47.3884
43.874
41.2515
40.927
39.7273
40.1422
44.6756
39.479
37.8061
48.1943
45.7958
42.9491
39.8519
39.0679
49.9094
47.5912
47.541
46.9823
42.036
42.9149
41.8211
45.1483
39.9837
39.2901
42.6764
45.3034
45.1632
45.8213
48.956
44.9567
48.0981
46.0472
50.052
48.0298
43.4015
38.486
32.6237
31.3784
31.8769
34.0452
34.6151
33.4995
31.2561
29.7711
31.079
29.9426
30.657
32.148
29.3792
29.6342
31.5076
33.7779
36.3123
36.997
33.1933
33.404
26.955
52.6472
34.5437
30.0753
26.3853
20.3989
17.7202
17.8512
15.9376
15.8036
15.7069
14.8692
13.8072
13.4647
20.2074
19.2294
19.3959
22.637
22.2317
25.6034
26.7432
28.78
33.215
36.1106
39.3315
44.0107
41.8851
38.9404
39.358
40.5822
44.4261
45.8758
45.2042
47.2913
46.056
45.368
44.1781
44.3348
43.2903
41.4675
39.6785
39.6274
38.7632
37.8369
37.5701
36.3419
36.8031
38.7537
35.9559
34.2903
34.1212
33.4817
34.2125
36.9075
36.7388
38.2738
37.3543
37.9872
36.2267
38.5253
37.5418
37.2592
40.8353
41.4345
43.1977
43.6601
42.6698
43.1459
42.4901
40.5984
39.8325
38.0902
40.0029
39.5889
36.8392
31.9861
28.7317
33.7247
34.4935
38.6089
36.6879
45.6161
42.9214
49.4565
37.8311
37.1771
34.5478
33.7247
32.7465
33.7158
32.7709
31.6101
35.097
29.8338
28.7565
28.3917
40.1156
29.2344
27.4269
46.7055
30.2545
26.7129
38.9111
31.5088
24.1214
32.4824
22.9425
24.5073
26.4553
30.4675
33.5502
35.1118
37.6102
36.4294
33.049
30.6297
28.3339
26.9722
28.2784
35.6436
30.8649
41.905
44.4654
47.2446
46.3776
45.4906
43.7294
40.6241
37.7736
38.5115
39.0891
41.4431
42.2132
43.0956
40.1124
38.4988
37.7258
37.2728
33.0685
34.4667
34.0828
36.0691
35.6965
35.532
35.2101
33.0185
32.6531
32.4892
37.2224
35.9939
34.4231
31.3419
36.0069
31.4964
39.4947
39.0601
41.8117
37.4064
35.9614
62.3873
37.423
57.889
47.2598
45.4029
42.0421
40.5347
42.0125
43.2291
43.0993
42.4881
45.3657
46.7344
51.5167
53.2091
51.2881
49.6863
48.221
48.3167
46.8043
48.5316
45.5949
46.0455
41.355
41.5306
44.0275
41.8791
41.0848
40.5357
44.6166
46.9227
42.7453
39.4522
38.393
39.3882
37.518
39.0406
38.2186
41.1414
40.5975
38.9733
42.0287
40.749
45.3282
40.9211
39.0013
41.0744
40.2353
41.6703
41.9484
44.7964
45.4434
47.8049
46.2666
40.744
40.022
40.4732
43.81
42.6486
47.7073
48.9457
52.8144
48.4436
46.5089
44.1256
45.581
41.6009
38.6131
37.4764
33.0891
34.5402
37.4704
40.3272
40.2388
42.304
46.1612
41.6793
36.7199
37.1464
37.272
37.7668
34.8977
37.0975
36.208
31.0148
34.3226
33.6788
41.4212
36.0414
34.3161
38.0277
47.8232
45.1789
38.111
34.7806
34.6181
34.6866
36.687
36.1955
37.2839
32.413
32.2735
32.6986
32.3189
31.5758
32.1624
32.9044
33.0428
35.6143
41.9962
52.9523
52.1412
49.9685
41.667
37.9099
35.8088
32.8564
28.5564
33.2761
28.2771
27.7032
28.8904
34.5037
36.8635
37.238
41.2227
43.8285
45.3091
42.9578
48.6203
38.9514
39.1124
34.4461
35.1678
30.6998
36.2025
36.2056
36.7622
33.8148
34.5413
33.2428
31.5757
32.6908
33.7431
34.044
35.0996
31.1972
39.0679
32.049
31.0572
36.1373
31.0249
27.7566
34.6766
34.3167
35.9857
41.4099
41.9117
37.1925
38.0288
34.3477
33.763
34.2774
36.9683
36.7798
36.8194
47.8969
28.5879
33.0102
33.1006
47.8192
35.9442
38.8838
39.7055
59.4503
39.5191
40.241
31.5322
33.2638
30.6786
31.4972
47.7926
35.8219
37.5679
41.1725
35.8385
45.222
39.5797
40.3028
40.7028
33.0431
33.2695
36.3616
38.0878
40.1508
39.5068
39.1764
41.5973
39.2474
44.6153
45.5375
45.582
56.3413
42.6624
44.9855
58.5484
46.6765
45.6812
48.512
39.4885
41.2528
42.2711
42.7452
43.508
42.8448
39.2141
36.6464
34.3736
33.0554
31.5945
28.8892
27.484
25.9884
26.0544
25.6543
26.8123
28.3265
28.2363
27.5131
30.3167
31.1183
28.4725
26.8164
28.8594
30.3604
29.2088
29.674
31.0387
34.321
40.1855
41.1015
42.7378
43.475
40.8887
41.1984
41.3515
42.2323
46.4002
46.1017
44.2089
42.432
40.421
54.4161
32.044
49.3546
29.3622
32.2777
33.5343
42.6481
35.7825
36.2617
40.2323
37.587
39.1329
39.6331
41.9304
47.8023
43.3131
43.4064
48.4055
48.2701
46.1434
40.722
41.5757
38.9856
42.3881
43.3005
43.8797
45.4927
37.5587
36.9875
42.0856
45.7636
46.2143
40.3073
41.5084
41.2428
39.0839
41.4934
40.4258
41.7531
39.9688
38.2069
42.9435
42.2971
42.2457
37.4263
39.1449
38.7948
40.0463
37.4892
38.0341
44.9161
39.7182
42.0027
42.1047
42.2157
40.6466
43.6348
41.9064
44.4787
41.4529
37.1921
39.7859
50.2911
50.9098
51.8109
54.4706
52.5696
41.4161
37.1285
33.3965
32.4048
34.6626
34.7072
35.4541
39.4374
41.6394
43.4383
40.0862
38.7112
41.4447
44.3544
49.2633
49.0307
48.584
43.3064
46.0878
41.9775
38.3266
34.2581
37.4558
38.1302
39.0839
38.5626
41.5213
44.8701
44.2846
42.825
42.8039
40.9099
36.1048
35.9934
37.026
37.9354
34.833
33.9061
35.6562
31.3434
33.1385
35.8767
36.8806
36.8216
38.7326
38.9723
41.3126
39.7218
47.7797
45.4941
43.4205
41.5429
40.4985
41.2972
43.0019
38.1224
34.4293
32.7741
33.7593
34.2229
33.5138
29.0657
44.7482
30.3058
39.5874
35.4575
30.6599
33.7285
38.9333
46.1135
50.7506
49.4688
46.2485
41.8852
40.9745
46.6869
48.8278
37.9555
35.1164
36.013
37.3862
35.7186
36.4247
39.8209
44.2736
39.373
37.0375
38.6893
41.5943
48.9629
44.6295
41.0144
40.943
40.1947
40.8578
46.8712
45.1127
43.4664
41.7332
41.7768
43.4715
46.1552
47.7737
50.5373
43.5932
43.719
40.3465
43.7244
43.9352
38.2458
42.8174
41.451
38.7869
38.1576
36.6964
37.8592
37.5922
42.2178
43.3698
39.0468
39.2668
37.8889
42.8632
41.7584
43.5499
47.1886
49.9365
52.2261
53.4147
54.6241
50.9845
52.1181
40.526
41.8721
39.8384
42.1737
41.0551
41.3579
42.243
42.1139
44.1583
50.843
53.2299
54.7654
57.118
59.6541
56.5417
57.0528
59.0187
59.2188
54.5889
54.0599
54.4233
53.9884
54.8199
53.6881
52.7851
50.1554
47.6276
44.699
43.9123
43.8239
43.5721
45.669
48.1706
51.6312
52.8192
45.2234
43.4652
48.7817
52.3359
49.028
44.3793
42.7344
42.1116
41.5174
40.0032
38.5342
38.0064
36.9752
36.6897
35.825
35.3599
34.3911
34.279
35.0866
37.304
40.2477
39.7175
36.8362
34.038
35.4345
36.5967
38.8658
42.1051
32.8749
32.117
32.2381
32.3916
33.4158
34.2434
35.7483
36.0736
37.019
37.8388
38.1768
37.0219
36.0774
37.1864
36.3788
34.76
33.5712
30.7503
29.0079
27.8429
26.8806
25.2154
22.1756
20.973
22.3694
24.5546
25.0991
25.8125
24.4323
26.1634
22.742
36.9736
24.6558
27.989
38.703
30.2707
30.9632
45.9903
35.6831
32.8551
46.041
38.5218
37.5233
46.006
41.4019
40.4521
33.4374
32.2897
33.9095
35.3473
35.8484
39.8873
37.5077
36.7984
37.6662
36.9986
36.5064
41.7871
43.6011
41.7533
37.6003
41.5328
40.1015
42.6859
40.304
38.6531
43.8438
33.504
36.53
39.9729
59.1457
43.7243
38.3698
30.394
34.753
39.2858
35.6734
33.2141
37.4804
37.9408
37.0228
39.3854
37.9985
37.0228
46.7281
42.1628
41.7121
33.6079
29.8636
37.6426
37.015
37.9911
46.3621
42.3177
40.503
36.8293
37.7252
42.3366
40.4948
42.4497
46.1531
46.4978
42.9288
44.4899
44.4208
45.9254
40.4488
36.2569
30.8507
33.7125
36.2827
42.2318
44.6678
44.254
39.1103
36.9077
39.8543
37.1874
32.2561
39.6073
38.7601
41.1232
38.0402
32.5794
32.5494
32.8406
42.9823
41.5394
46.8454
46.3238
41.0147
39.0236
42.9875
35.8685
40.8573
42.637
52.3372
44.9839
53.3488
40.2402
43.5701
59.735
40.3164
38.9097
39.0176
36.6017
41.1531
41.5493
43.7537
45.2894
47.7313
49.0327
45.2566
43.5209
40.9525
47.5759
43.184
43.0085
45.7934
42.7472
41.4714
39.6182
40.0118
40.7624
39.1173
43.0884
47.5758
49.2021
42.6653
37.755
38.8537
40.3923
40.3275
40.8785
39.0974
36.5599
34.1024
34.4807
33.2545
32.2265
31.9701
32.29
31.9302
31.4547
30.8848
28.5464
28.1463
27.866
28.9235
27.6817
28.1739
27.5527
30.8025
28.7615
28.9791
31.7293
29.3828
29.1518
29.7115
29.8114
29.5142
30.5479
28.3806
30.7263
49.8022
32.4967
32.023
34.8506
42.3035
36.6874
45.0297
43.3003
41.392
48.5609
36.7688
40.4433
40.8105
43.991
45.6634
48.124
47.0923
45.6815
49.1103
50.1572
47.7385
40.3054
37.3676
36.6811
34.2125
37.6791
40.0168
42.3917
37.9029
36.0213
36.0291
37.0839
36.0277
33.0052
34.9211
31.9879
30.2087
29.0583
31.4693
37.0563
40.7956
38.9101
39.1743
37.2568
35.2212
34.9412
38.8216
41.6007
38.1198
37.9273
35.4141
36.6248
36.9234
37.5531
31.6933
27.5338
32.087
37.6266
38.1796
36.3516
34.0246
34.9736
39.7897
37.8208
34.3193
29.0944
30.4126
33.6717
34.9371
28.4061
37.9551
28.8103
30.7205
31.8999
34.1164
36.5651
36.4845
35.3761
34.9297
33.9665
36.9748
39.7721
41.4766
49.2484
53.0945
49.3474
46.6812
46.4723
46.1486
40.8885
35.2568
32.8678
38.2476
45.563
45.7275
43.9169
46.3823
46.2062
34.5349
32.9072
29.8891
30.0886
29.9235
30.9716
34.0685
35.7358
34.4549
38.3619
39.0345
35.9258
35.3962
40.2305
41.5062
42.577
39.3949
41.2276
43.2939
44.5818
39.3538
54.3682
42.7135
45.6732
44.7406
48.816
57.5172
57.6265
58.4201
58.7938
59.2968
70.9051
74.1985
53.061
55.2753
54.8466
46.5861
39.1716
40.4447
37.6158
35.7877
37.1573
41.3174
30.9827
33.6574
32.4747
38.1871
38.3105
46.3551
45.7194
57.9633
60.4124
53.553
52.5698
42.1215
45.8156
46.9854
43.3952
41.4571
43.6235
49.6168
43.5597
41.8528
44.4132
39.192
40.2741
43.0486
44.9385
38.0262
39.2046
46.0902
45.271
42.0918
38.2764
43.2625
40.1986
54.7292
46.2725
43.4327
45.4768
40.8637
43.6303
42.7705
44.6106
38.6427
40.264
43.5172
45.1531
45.2465
44.943
46.7782
45.9038
48.0222
46.178
47.8865
50.7708
45.4458
42.0262
35.3055
32.5304
31.8824
32.8323
34.5767
34.4295
31.4714
31.3431
31.267
31.4776
29.6092
31.9642
31.5679
28.992
31.1884
30.8481
33.7769
37.9033
33.6488
36.474
24.2515
55.8904
35.9482
31.9494
29.9151
21.7884
18.5663
19.3576
17.4322
15.6715
16.0858
15.1348
14.3666
15.0982
20.3728
20.0403
18.9466
22.3697
23.2342
25.6005
24.9643
27.6002
30.8325
33.2632
37.6714
41.5983
42.5956
38.6838
37.8912
38.3084
42.1034
44.3285
45.6386
46.3876
47.8411
51.3754
48.8123
49.0066
47.4737
44.5805
47.1283
46.3508
43.1545
39.7971
37.5728
38.1448
38.8013
38.9837
37.7167
39.4784
37.7103
41.0472
36.8823
36.5291
34.6436
36.4525
35.5465
38.3568
36.6486
38.2395
38.3148
39.3568
36.1495
37.8465
36.5056
38.0831
40.0006
44.9909
45.4316
44.738
44.5037
43.8838
43.4404
41.1973
39.5393
39.2509
39.0486
36.9708
36.9703
36.5051
34.5574
35.3211
34.6383
36.3642
34.6172
40.0286
34.4806
41.533
38.2487
38.8691
39.1662
39.4605
38.928
37.2357
35.7155
33.4089
32.3159
40.4684
29.4062
28.1349
27.1569
26.9489
28.9258
26.3035
25.5005
25.5867
25.3097
25.3704
25.5672
23.546
23.5788
23.8224
27.2257
23.6978
22.5447
22.7846
23.4242
25.1211
25.8688
24.7412
25.8015
27.9289
25.9698
25.2607
25.2455
25.5581
29.5198
32.6894
31.9386
32.3039
33.6418
30.1587
31.4992
35.8204
38.9653
39.0329
42.7052
36.5665
32.8565
32.4798
35.2536
32.5051
40.1457
39.4962
42.1549
40.7617
46.5754
53.5018
39.8455
54.5309
43.2909
57.0028
42.2733
48.0558
56.856
41.6729
60.6821
37.0591
36.8206
43.9784
44.4615
41.8288
50.36
38.0989
39.4198
44.2114
36.9856
39.1696
38.9111
37.006
37.3059
43.2983
39.2292
41.4411
45.3201
42.7858
41.7741
40.227
41.2725
33.8176
33.8738
31.5257
30.7724
34.6721
35.3119
36.6779
37.515
37.9481
38.022
40.1484
47.5346
46.3259
43.0376
39.5786
38.7305
37.4435
35.0273
35.4891
35.0837
35.7361
37.3181
37.2121
38.2719
41.2686
43.7102
46.8975
43.909
41.5257
38.5242
36.6219
31.8898
30.7964
30.0495
31.011
31.8737
33.8912
41.8755
44.921
43.0123
39.8604
36.6015
34.3848
34.6741
32.6536
32.2097
30.1347
30.7417
33.0466
34.0515
33.4132
41.0542
43.1843
41.762
45.3366
50.6482
44.5567
51.3099
40.4837
42.9933
37.1347
38.7147
37.5492
37.7058
40.6327
39.7521
38.397
38.3298
40.1878
38.9704
37.4572
37.8904
41.1591
41.2896
40.7399
37.8013
46.1902
42.3188
45.1957
41.2781
50.5275
43.6081
37.3783
34.1937
32.8131
41.5169
34.5672
32.2079
35.2147
36.5161
37.457
37.4808
36.4359
34.091
29.0952
30.808
28.4355
26.2437
25.4409
23.9539
24.9492
27.5827
30.1367
34.6004
39.163
39.1335
38.9361
36.1215
32.5245
34.5034
37.0193
37.2636
38.0459
34.5415
28.832
28.6295
29.3183
28.6654
33.9293
33.2348
35.7499
42.53
46.0675
43.3843
48.06
45.9464
49.5976
50.5923
47.2055
50.9435
50.8436
62.7252
41.7511
44.7039
40.6011
47.0097
50.0352
46.117
46.5849
49.0814
41.9682
44.5352
40.6175
30.7632
33.4631
37.1452
39.1143
36.6962
37.0125
36.0195
36.7569
42.7363
41.4073
40.4818
41.2711
47.5916
44.6803
45.3387
48.1979
43.0755
40.601
40.4568
38.71
35.7589
36.3641
38.3001
41.2579
41.947
39.9828
42.1953
45.4488
40.9043
37.7444
35.1867
36.0944
37.5611
33.8163
36.0381
40.9307
46.0672
55.8231
40.6068
52.5015
63.9246
49.1047
54.4787
55.9745
60.2754
59.9655
58.5822
56.9728
60.2068
61.6774
59.9387
56.6928
52.2077
53.7067
50.9493
44.9649
40.0004
35.6859
33.6678
28.824
28.0094
26.3015
27.56
28.773
27.9861
28.7765
28.6284
28.6915
31.3276
32.5441
31.4451
33.4853
34.8945
37.1746
33.096
36.5444
37.5016
40.0498
42.2369
45.8213
46.7753
49.1063
45.6815
38.1545
37.419
40.8657
41.744
37.8109
39.2736
41.5705
38.7457
32.9541
35.7375
26.8938
34.8854
30.1773
35.85
46.779
47.1527
45.6966
51.116
48.8214
45.8379
48.0753
48.1208
50.546
49.2346
51.3633
48.4717
49.4368
54.2817
42.3855
46.4384
61.3501
50.3348
60.5867
49.535
56.1177
47.3093
42.7817
42.2527
42.7309
40.3977
41.8302
43.0621
45.5546
45.8428
43.5437
44.2669
38.8486
40.7316
45.1785
44.5244
46.3906
42.5422
41.1235
39.7355
37.2241
42.2279
38.2476
43.578
45.5103
46.5163
40.6022
36.8138
40.7428
38.1949
40.3346
34.0807
29.8708
35.6703
29.126
27.9633
27.3854
28.5494
28.8949
29.2877
29.7116
28.2752
26.2652
26.1166
24.3859
23.0554
23.0659
28.5394
21.5153
22.6685
33.6829
24.458
22.3721
25.0774
27.8595
26.8974
27.4704
27.6023
27.2631
27.5181
26.9898
27.6533
27.111
24.4828
23.6615
23.5752
23.5532
29.3283
23.6208
24.3078
25.5822
26.9114
26.9009
28.7753
29.3554
32.2849
33.999
27.1192
26.3092
28.9049
30.8296
36.6287
40.0024
39.7237
38.455
39.5888
41.3553
38.9148
40.5124
39.6496
41.4395
39.4537
38.1635
38.9372
40.2153
41.2719
44.5277
42.6231
40.9785
43.137
44.2434
45.4546
45.6257
45.9312
43.0938
40.6997
40.8167
37.5154
35.9878
41.3919
43.8288
48.5806
55.0773
54.29
50.0965
43.1294
40.3063
45.969
48.3272
49.433
51.4008
47.532
47.2123
48.2679
47.792
46.2534
40.3377
46.0753
39.9666
35.8393
37.324
33.2847
37.3251
43.5773
43.3783
43.6808
49.0686
46.8396
45.4741
46.0354
47.1689
42.1636
47.2119
44.9382
52.0976
52.9819
54.7025
57.3899
56.5778
51.534
48.0068
50.8781
44.861
49.9621
54.4912
55.2321
58.5061
55.9147
57.7602
58.9913
48.4848
49.4266
47.9272
39.103
34.9533
35.0597
37.5649
40.0224
43.9267
49.967
51.5046
51.7501
53.3632
51.4871
46.5412
44.2686
42.2651
42.3196
47.2108
49.4744
50.4104
52.497
57.5561
58.4164
61.5201
59.0977
52.5041
54.7401
45.9952
45.6741
64.6572
51.5788
58.974
54.8712
55.0975
54.4557
49.1626
42.6668
50.1062
54.4221
59.3957
59.3522
55.4153
47.937
47.7391
40.0145
38.4195
38.1121
40.363
39.0484
36.4816
33.4287
31.3142
34.6513
31.2781
41.4359
29.8646
33.4242
28.432
27.48
30.2803
29.1634
31.3092
32.5048
29.7279
28.7659
26.5457
26.1359
29.2636
31.4618
32.8692
31.2748
33.0833
34.592
34.2502
34.9442
35.7297
37.4244
38.0917
41.5718
45.7283
47.5496
47.852
47.8313
51.3906
57.5861
62.5552
60.9452
60.8288
62.8749
57.6116
59.7319
61.9635
60.9477
59.4737
58.5313
56.1453
58.6199
59.1289
59.7552
54.7024
48.5437
45.9795
52.5381
46.7472
50.5876
49.2552
46.0245
41.1395
39.2639
42.5518
40.1237
42.3118
42.4188
42.6172
45.4146
46.3483
47.2357
45.7908
45.1726
40.6484
40.8699
38.1516
36.756
44.9178
45.8392
46.0627
57.4919
49.1192
57.6431
68.5052
54.2215
57.0317
53.8928
49.5057
52.0116
52.6303
52.8758
50.581
49.6409
53.4455
53.5041
55.6868
52.0373
52.0004
48.2259
43.9507
48.8595
44.2858
44.0777
45.5751
45.6897
55.8181
58.0886
52.8054
57.4545
47.671
55.8043
59.0785
58.4942
52.3454
50.3909
45.5126
44.4472
45.8165
46.1169
46.0828
44.113
44.0667
51.255
52.9767
52.4557
56.6695
49.9484
51.9068
52.945
49.7202
57.2196
49.6759
53.5075
53.3705
58.1498
58.2924
50.5539
45.6355
51.0497
53.8014
53.2079
63.0112
52.604
50.7259
54.8069
48.4886
53.644
50.5214
45.39
46.891
47.4995
48.4656
49.5447
47.3053
43.3629
42.8772
38.7297
37.936
36.9062
34.9863
32.9802
32.3798
32.7515
33.0397
33.1459
32.7525
30.7848
29.8509
29.0143
28.4549
29.8218
29.013
28.4525
30.2234
29.3162
28.3005
28.9452
29.6846
28.4559
28.3712
28.1771
30.6301
31.2222
30.4417
29.8845
30.5757
31.1228
31.2488
33.3258
31.8035
32.5962
29.6562
28.0471
29.9408
29.5461
30.4421
31.5845
42.0815
45.1329
36.4513
32.7979
35.5285
37.8202
40.981
43.3607
33.2221
36.7969
39.0467
37.9799
34.854
36.1783
31.6312
34.0466
29.6895
34.0255
40.9342
41.6053
49.269
43.9061
40.3823
59.1106
41.4067
40.9246
42.2681
42.0658
46.4108
44.187
42.9502
49.2687
51.792
46.96
47.4022
44.6683
43.5826
42.5974
40.5848
42.9381
44.4306
42.7295
43.5412
52.4211
48.8835
40.1604
43.8455
46.1645
52.9477
49.4523
46.2975
38.6502
32.9682
44.1636
36.6284
45.5788
51.7831
51.8737
49.9798
53.4102
59.71
61.3877
53.4792
42.6833
40.2307
52.6363
58.6498
52.4587
49.1156
50.8612
54.5432
48.4387
41.9144
47.2467
54.6608
56.2731
55.5479
55.3278
66.0317
66.2327
56.062
56.7319
54.08
55.6332
46.0121
43.9301
45.0465
47.252
46.5648
37.588
36.465
33.5841
34.7646
39.9842
48.2928
53.4356
47.9783
55.3835
53.8749
57.0899
53.3944
55.9245
53.3591
50.5981
49.9497
47.1745
50.009
47.2796
44.9701
53.9743
54.8165
41.6101
35.5688
36.8784
35.07
40.4173
40.1923
38.4603
33.5769
31.755
33.5273
33.2905
30.6295
41.2062
46.7696
41.9437
43.0203
44.3388
48.7632
48.2456
46.7297
49.9085
41.8884
50.8566
50.8005
49.9588
53.1711
49.7211
55.2911
59.3011
59.4818
54.8675
48.9157
46.6564
50.0357
47.2345
50.4385
51.8781
52.9919
57.5081
59.2302
69.598
65.7219
62.2605
56.4643
56.6854
56.2676
53.6685
48.5035
51.8805
51.4743
54.5913
50.137
54.3388
55.7196
58.235
59.6079
54.1202
51.2814
50.6613
53.911
51.8122
54.2875
55.3662
50.5641
45.9808
42.5487
44.8189
38.8093
38.4518
40.2024
39.2708
45.3963
39.5433
38.3729
39.1388
38.3783
35.0095
35.8343
34.4866
33.6888
34.3053
31.0429
31.81
31.928
32.5118
31.7654
34.2037
34.9768
33.9558
31.9879
31.6518
28.9054
29.0757
28.2401
27.9567
26.227
28.4744
28.6591
30.7907
31.9235
30.286
28.581
32.9525
32.0491
31.6912
38.7185
35.0601
44.1327
38.2192
35.3157
38.3604
34.38
38.6966
42.7742
40.7146
45.4453
46.3864
45.0199
48.2415
43.8028
47.0097
48.5436
49.6924
45.7643
42.6113
44.2064
47.1808
47.4401
45.8499
46.159
42.5275
41.6434
42.2496
40.0667
40.1594
39.3327
40.1324
35.7356
34.5267
31.0668
31.4257
33.4628
38.6624
40.5641
39.7917
43.3615
48.0313
41.9466
36.399
33.6819
38.7525
36.3053
40.6751
50.9101
40.398
41.4877
47.6022
39.2737
40.7927
36.7511
35.0269
37.8101
37.8118
38.786
38.9843
38.4126
41.6971
42.0216
41.4211
42.9486
41.5769
43.2524
35.4338
35.8088
32.9008
29.9573
29.7082
32.3808
39.1495
40.2035
43.6301
41.1138
39.4331
39.5182
42.677
43.8288
40.976
41.1742
41.4504
38.7371
39.6511
37.1598
36.2949
32.045
32.9524
33.8804
34.877
33.3019
35.7818
41.3008
40.2629
41.5493
41.1156
41.5122
43.6432
41.6036
39.1154
35.6054
36.0877
32.0593
32.7708
34.8357
35.347
34.6042
39.1635
42.4324
45.8184
42.242
39.426
38.2929
38.9725
35.9578
34.8426
35.3482
39.0889
38.4932
40.3814
40.4454
38.1468
36.8811
31.4429
29.6258
28.3759
27.6787
26.1776
27.0413
27.6794
27.0838
28.6802
28.8484
29.7511
31.3225
34.1852
35.5385
38.8347
39.3791
39.5368
39.6864
40.2867
46.8853
44.6385
39.604
39.7718
38.2445
41.2453
45.7245
47.6079
48.4001
49.3453
44.2696
42.5127
37.1338
35.6989
35.4854
48.9601
39.329
39.9669
43.8694
49.7038
28.8135
30.0998
28.149
29.4296
33.487
33.2096
38.4507
43.8856
45.0726
42.3146
38.7969
38.4924
37.9821
28.649
28.5044
30.6438
35.2193
37.9843
43.0052
45.0942
40.1888
39.6938
32.3343
28.542
27.1841
27.9562
28.8272
36.7962
40.7537
40.4697
40.0526
35.4058
44.1873
39.5625
38.8485
39.6963
38.0633
42.7912
47.5418
44.7111
42.9477
35.3089
31.0347
29.697
29.3057
28.8888
29.0561
27.5351
32.5616
39.1175
40.3511
38.0302
37.3909
39.9656
39.6783
41.1306
39.5491
41.1242
41.872
42.4349
47.1355
44.9255
41.2338
40.4614
39.4443
35.6314
40.0984
41.3304
36.3349
37.0223
39.3192
39.7854
40.5382
65.1927
31.9069
63.7146
66.49
59.6609
58.3405
44.6944
40.0726
38.8394
35.4263
37.5071
40.0121
43.8666
40.3981
43.4863
46.8191
28.4863
47.4305
32.3524
31.684
32.5235
34.111
30.688
36.3237
32.4665
38.5775
29.0062
35.984
36.8122
38.604
42.0663
41.168
40.0063
43.3957
46.3944
47.6184
49.7527
42.7165
39.9037
35.5266
31.2994
29.6896
32.6646
36.8371
40.5418
46.0396
50.2505
53.0519
49.3252
55.3719
54.1838
41.1483
40.1857
43.0364
45.3602
47.0694
47.5669
42.6588
43.448
38.534
32.6741
33.2176
40.3873
36.5589
36.4956
35.294
43.3991
40.1208
41.8484
39.0926
55.2799
45.2796
43.6415
45.0206
41.8357
37.2202
40.6669
37.6228
34.523
36.1108
39.5493
41.1073
38.7386
41.1132
42.6868
37.7492
35.5286
36.5018
33.8044
34.9688
41.3101
41.5418
49.3345
42.7359
46.3565
46.8402
50.659
50.2895
51.6278
52.9059
54.1065
55.0255
50.8159
50.0089
39.6229
32.0905
32.9026
31.473
29.6533
28.149
28.3407
28.0608
26.4496
32.3539
33.6992
33.7689
38.9642
36.434
38.0329
39.8934
44.4684
47.4795
49.4214
43.9342
43.0275
39.3277
42.5217
39.6572
41.8263
42.0993
38.1436
32.914
35.4143
28.0914
38.3368
34.4132
38.0407
44.6944
52.8523
52.9684
51.952
53.8728
53.8319
47.7691
50.4463