0.0500019
0.0500011
0.0500343
0.0500011
0.0500019
0.0500009
0.0500021
0.0500009
0.0500019
0.0500023
0.0500689
0.0500019
0.0500009
0.0500023
0.0500009
0.0500021
0.0500019
0.0500021
0.0500255
0.0500019
0.0500009
0.0500011
0.0500019
0.0500009
0.0500021
0.0500021
0.0500011
0.0499754
0.0500009
0.0500062
0.0499971
0.0500019
0.0500011
0.0500019
0.0500021
0.0499969
0.0500023
0.0500007
0.0500021
0.0500011
0.0500019
0.0500019
0.0500011
0.0499699
0.0500009
0.0500023
0.0500009
0.0500021
0.0500019
0.0500009
0.0500031
0.0500503
0.0500019
0.0500019
0.0500011
0.0500021
0.0500009
0.0500021
0.0500009
0.0500126
0.0500023
0.0500009
0.0500898
0.0499132
0.0500009
0.0500021
0.0500019
0.0500009
0.0499725
0.0500009
0.0500019
0.0500011
0.0500021
0.0500019
0.0500011
0.0500019
0.0500054
0.0500011
0.0500009
0.0500021
0.0500011
0.0500028
0.0500009
0.0500023
0.0500085
0.0500009
0.0500028
0.0500011
0.0500009
0.0500023
0.0500007
0.0500021
0.0500035
0.0500023
0.0500579
0.0499449
0.0500021
0.0500009
0.0500021
0.0500011
0.0500176
0.0500009
0.0500023
0.0500009
0.0500019
0.0500021
0.0500009
0.0500019
0.050024
0.0500019
0.0500009
0.0500023
0.0500009
0.0500028
0.0500021
0.0500009
0.0500009
0.0500083
0.0500009
0.0500021
0.0500011
0.0500019
0.0500009
0.0500021
0.0500009
0.0500445
0.0500278
0.0499752
0.0500009
0.0500021
0.0500019
0.0500009
0.0500023
0.0500281
0.0500021
0.0500009
0.0500019
0.0500021
0.0500009
0.0500021
0.0500021
0.0499423
0.0500009
0.0500019
0.0500011
0.0500021
0.0500019
0.0500021
0.0500009
0.0498784
0.0500009
0.0500021
0.0500009
0.0500019
0.0500023
0.0500007
0.0500023
0.0499578
0.0500009
0.0500023
0.0500019
0.0500009
0.0500021
0.0500009
0.0500019
0.0500011
0.0501945
0.0500011
0.0500019
0.0500021
0.0500011
0.0500019
0.0500009
0.0500021
0.0501614
0.0500023
0.0500009
0.0500019
0.0500021
0.0500009
0.0500021
0.0500021
0.0500228
0.0500021
0.0500009
0.0500021
0.0500011
0.0500019
0.0500019
0.0500011
0.0497851
0.0500019
0.0500011
0.0500021
0.0500019
0.0500011
0.0500019
0.0500011
0.049865
0.0500009
0.0500021
0.0500019
0.0500009
0.0500023
0.0500009
0.0500019
0.0500011
0.0501351
0.0500009
0.0500019
0.0500021
0.0500009
0.0500021
0.0500021
0.0500009
0.0502739
0.0500009
0.0500021
0.0500011
0.0500019
0.0500021
0.0500009
0.0500009
0.0499799
0.049917
0.0500019
0.0500021
0.0500009
0.0500021
0.0500011
0.0500019
0.0496833
0.0500023
0.0500019
0.0500009
0.0500021
0.0500009
0.0500019
0.0500011
0.0499442
0.0500009
0.0500021
0.0500031
0.0500009
0.0500021
0.05
0.0500019
0.0501814
0.0500033
0.0499997
0.0500011
0.0500021
0.0500019
0.0500011
0.0500019
0.05005
0.0501354
0.0500019
0.0500021
0.0500009
0.0500021
0.0500011
0.0500019
0.0500009
0.0498765
0.0500019
0.0500011
0.0500021
0.0500019
0.0500011
0.0500009
0.0500019
0.0499711
0.0500023
0.0500019
0.0500011
0.0500019
0.0500021
0.0500011
0.0500019
0.0500269
0.0500021
0.0500019
0.0500011
0.0500019
0.0500009
0.0500011
0.0500171
0.0499632
0.0500009
0.0500021
0.0500009
0.0500021
0.0500009
0.0500021
0.0500011
0.050015
0.0500021
0.0500009
0.0500021
0.0500009
0.0500021
0.0500011
0.0500019
0.0500009
0.0501232
0.0500019
0.0500019
0.0500011
0.0500009
0.0500021
0.0500021
0.0500009
0.0499148
0.0500011
0.0500019
0.0500021
0.0500011
0.0500019
0.0500059
0.0499971
0.049813
0.0500019
0.0500011
0.0500021
0.0500009
0.0500021
0.0500009
0.0500019
0.0500789
0.0500011
0.0500019
0.0500009
0.0500021
0.0500009
0.0500019
0.0500023
0.0506179
0.0500021
0.0500021
0.0500019
0.0500009
0.0500011
0.0500019
0.0500011
0.0500274
0.0500009
0.0500021
0.0500021
0.0500009
0.0500021
0.0500009
0.0500951
0.0499079
0.0494466
0.0500009
0.0500021
0.0500011
0.0500019
0.0500009
0.0500021
0.0500019
0.0503869
0.0500019
0.0500011
0.0500019
0.0500011
0.0500019
0.0500009
0.0500023
0.0503187
0.0500009
0.0500021
0.0500021
0.0500009
0.0500011
0.0500028
0.0500009
0.0494766
0.0500019
0.0500021
0.0500011
0.0500009
0.0500019
0.0500579
0.0499451
0.049578
0.0500009
0.0500023
0.0500009
0.0500019
0.0500011
0.0500019
0.0500019
0.0500011
0.0501478
0.0500011
0.0500019
0.0500011
0.0500019
0.0500019
0.0500011
0.0500021
0.0504396
0.0500011
0.0500019
0.0500011
0.0500021
0.0500019
0.0500011
0.0500019
0.0496032
0.049999
0.0500009
0.0500021
0.0500009
0.0500181
0.0499852
0.0500019
0.0499337
0.0500021
0.0500011
0.0500019
0.0500009
0.0500021
0.0500019
0.0500014
0.0500817
0.0500009
0.0500019
0.0500011
0.0500019
0.0500023
0.0500009
0.0500019
0.0501473
0.0500019
0.0500023
0.0500019
0.0499997
0.0500023
0.0500019
0.0500059
0.0499971
0.0500796
0.0500011
0.0500019
0.0500011
0.050005
0.0499978
0.0500023
0.0500009
0.049834
0.0500011
0.0500019
0.0500019
0.0500011
0.0500019
0.0500009
0.0500023
0.0499556
0.0500019
0.0500009
0.0500021
0.0500009
0.0500019
0.0500023
0.0500009
0.050092
0.0500019
0.0500009
0.0500021
0.0500021
0.0500009
0.0500011
0.0500019
0.0502367
0.0500011
0.0500009
0.0500019
0.0500021
0.0500929
0.0499101
0.0500011
0.0500019
0.0500398
0.0500019
0.0500011
0.0500021
0.0500019
0.0500011
0.0500019
0.0500009
0.0498199
0.0500009
0.0500021
0.0500019
0.0500009
0.0500023
0.0500009
0.0500019
0.0503085
0.0500009
0.0500011
0.0500031
0.0500009
0.050004
0.049999
0.0500021
0.0495396
0.0500021
0.0500009
0.0500019
0.05005
0.049953
0.0500011
0.0500021
0.0500598
0.0500019
0.0500011
0.0500019
0.0500019
0.0500011
0.0500021
0.0500009
0.0499823
0.0500009
0.0500021
0.0500011
0.0500019
0.0500021
0.0500009
0.0500019
0.0500023
0.0498886
0.0500023
0.0500009
0.0500019
0.0500011
0.0500019
0.0500021
0.0500009
0.0499508
0.0500011
0.0500009
0.0500121
0.0499918
0.0500009
0.0500023
0.0500009
0.0498819
0.0500009
0.0500021
0.0500021
0.0500009
0.0500019
0.0500011
0.0500021
0.0499301
0.0500021
0.0500009
0.0500021
0.0500021
0.0500009
0.0500019
0.0500023
0.0509977
0.0500019
0.0500009
0.0500021
0.0500009
0.0500021
0.0500009
0.0500021
0.0492511
0.0500019
0.0500021
0.0500009
0.0500019
0.0500011
0.0500021
0.0500011
0.0500019
0.0498574
0.0500021
0.0500019
0.0500009
0.0500021
0.0500009
0.0500021
0.0500011
0.0511706
0.0500011
0.0500019
0.0500019
0.0500011
0.0500019
0.0500023
0.0500019
0.0491829
0.0500009
0.0500023
0.0500019
0.0500009
0.0500021
0.0500009
0.0500019
0.0495522
0.0500033
0.0499997
0.0500832
0.0499201
0.0500019
0.0500011
0.0500019
0.0502734
0.0500019
0.0500019
0.0500011
0.0500019
0.0500011
0.0500021
0.0500009
0.0500021
0.0500152
0.0500019
0.0500023
0.0500009
0.0500019
0.0500021
0.0500009
0.0500019
0.0502787
0.0500021
0.0500021
0.0500009
0.0500019
0.0500011
0.0500009
0.0500019
0.0496757
0.0500009
0.0500419
0.0499611
0.0500019
0.0500009
0.0500021
0.0500009
0.0497441
0.0500021
0.0500011
0.0500019
0.0500011
0.0500019
0.0500009
0.0500021
0.0499322
0.0500021
0.0500019
0.0500009
0.0500021
0.0500021
0.0500009
0.0500021
0.051192
0.0500009
0.0500019
0.0500011
0.0500009
0.0500019
0.0500023
0.0500009
0.0500019
0.0491855
0.0500019
0.0500011
0.0500021
0.0500009
0.0500021
0.0500009
0.0500019
0.0497005
0.0500011
0.0500019
0.0500009
0.0500021
0.0500009
0.0500021
0.0500009
0.0503609
0.0500019
0.0500011
0.0500021
0.0500019
0.0500011
0.0500019
0.0500019
0.0499227
0.0500019
0.0500009
0.0500011
0.0500019
0.0500019
0.0500011
0.0500009
0.0500815
0.0500019
0.0500009
0.0500021
0.0500009
0.0500019
0.0500011
0.0500021
0.0502951
0.0500009
0.0500023
0.0500009
0.0500019
0.0500011
0.0500019
0.0500011
0.0500019
0.0502806
0.0500011
0.0500019
0.0500019
0.0500011
0.0500021
0.0500009
0.0500021
0.0506809
0.0500019
0.0500009
0.0500052
0.0499978
0.0500023
0.0500009
0.0500019
0.0501993
0.0500717
0.049931
0.0500011
0.0500019
0.0500009
0.0500023
0.0500019
0.0501359
0.0500019
0.0500009
0.0500021
0.0500009
0.0500023
0.0500009
0.0500019
0.0496557
0.0500011
0.0500021
0.0500009
0.0500021
0.0500009
0.0500028
0.0500014
0.0497935
0.0500011
0.0500009
0.0500021
0.0500019
0.0500009
0.0500023
0.0500009
0.0500019
0.051059
0.0499728
0.0500009
0.0500023
0.0500009
0.0500019
0.0500021
0.0500009
0.0515039
0.0500011
0.0500019
0.0500009
0.0500023
0.0500009
0.0500019
0.0500021
0.05007
0.0500019
0.0500011
0.0500021
0.0500019
0.0500019
0.0500011
0.0500019
0.0493803
0.0500019
0.0500011
0.0500019
0.0500009
0.0500021
0.0500009
0.0500021
0.0491455
0.0500019
0.0500009
0.0500023
0.0500009
0.0500019
0.0500021
0.0500009
0.0500019
0.0492673
0.0500019
0.0500011
0.0500021
0.0500009
0.0500021
0.0500019
0.0500009
0.0497615
0.0500009
0.0500021
0.0500021
0.0500019
0.0500011
0.0500019
0.0500009
0.0505624
0.0500011
0.0500019
0.0500009
0.0500021
0.0500009
0.0500021
0.0500011
0.051465
0.0498991
0.0500021
0.0500009
0.0500021
0.0500021
0.0500009
0.0500019
0.0492516
0.0500019
0.0500009
0.0500023
0.0500009
0.0500019
0.0500021
0.0500009
0.0487201
0.0500009
0.0500023
0.0500019
0.0500019
0.0500011
0.0500019
0.0500009
0.0500023
0.0495017
0.0500021
0.0500009
0.0500019
0.0500011
0.0500021
0.0500009
0.0500619
0.0498722
0.0500019
0.0500009
0.0500023
0.0500019
0.0500009
0.0500021
0.0500009
0.0502739
0.0500011
0.0500019
0.0500009
0.0500021
0.0500019
0.0500009
0.0500023
0.050705
0.0500019
0.0500019
0.0500021
0.0500009
0.0500011
0.0500021
0.0500019
0.0507209
0.0500019
0.0500009
0.0500023
0.0500009
0.0500021
0.0500009
0.0500171
0.0499859
0.0504904
0.0500011
0.0500021
0.0500019
0.0500011
0.0500019
0.0500011
0.0500019
0.0500252
0.0500021
0.0500011
0.0500019
0.0500019
0.0500011
0.0500019
0.0500011
0.0496171
0.0500019
0.0500011
0.0500019
0.0500021
0.0500021
0.0500009
0.0500011
0.0491509
0.0500011
0.0500009
0.0500019
0.050005
0.0499983
0.0500069
0.0499961
0.0492527
0.0500009
0.0500023
0.0500019
0.0500009
0.0500021
0.0500009
0.0500019
0.0495811
0.0500023
0.0500009
0.0500019
0.0500021
0.0500009
0.0500019
0.0500011
0.0500021
0.0499237
0.0500021
0.0500011
0.0500009
0.0500019
0.0500021
0.0500021
0.0500009
0.0499997
0.0500011
0.0500019
0.0500021
0.0500042
0.0499988
0.050082
0.049921
0.0503712
0.0500019
0.0500019
0.0500011
0.0500021
0.0500011
0.0500019
0.0500009
0.051543
0.0500019
0.0500011
0.0500021
0.0500009
0.0500021
0.0500009
0.0500019
0.0514581
0.0500009
0.0500021
0.0500009
0.0500019
0.0500023
0.0500009
0.0500019
0.049758
0.0500019
0.0500011
0.050004
0.049999
0.0500021
0.050036
0.0499671
0.0500009
0.0498567
0.0500021
0.0500011
0.0500019
0.0500009
0.0500021
0.0500009
0.0500019
0.0526721
0.0500019
0.0500021
0.0500009
0.0500021
0.0500011
0.0500019
0.0500011
0.0524762
0.0500011
0.0500019
0.0500011
0.0500019
0.0500009
0.0500023
0.0500009
0.050348
0.0500011
0.0500019
0.0500009
0.0500021
0.0500009
0.0500021
0.0500009
0.0500021
0.0500021
0.0500009
0.0500019
0.0500011
0.0500019
0.0500009
0.0500023
0.0500009
0.0500019
0.0500021
0.0500009
0.0500021
0.0500011
0.0500019
0.0500011
0.0500019
0.0499837
0.0500019
0.0500009
0.0500023
0.0500009
0.0500019
0.0500011
0.0500019
0.0489671
0.050004
0.0499992
0.0500019
0.0500009
0.0500951
0.0499079
0.0500019
0.0492623
0.0500011
0.0500019
0.0500009
0.0500021
0.0500009
0.0500019
0.0500011
0.0498912
0.0500019
0.0500011
0.0500019
0.0500009
0.0500021
0.0500009
0.0500023
0.049911
0.0500009
0.0500019
0.0500021
0.0500009
0.0500021
0.0500021
0.0500009
0.0500009
0.047246
0.0500009
0.0500019
0.0500023
0.0500429
0.0499589
0.0500021
0.0500019
0.0475917
0.0500021
0.0500011
0.0500019
0.0500009
0.0500021
0.0500009
0.0500019
0.0489295
0.0500009
0.0500019
0.0500011
0.0500019
0.0500011
0.0500019
0.0500021
0.0495899
0.0500009
0.0500019
0.0500011
0.0500021
0.0500009
0.0500021
0.0500009
0.0500207
0.0500009
0.0500019
0.0500011
0.0500019
0.0500009
0.0500021
0.0500021
0.0503209
0.0500019
0.0500011
0.0500019
0.0500011
0.0500021
0.0500019
0.0500011
0.0500019
0.0508754
0.0500019
0.0500011
0.0500019
0.0500014
0.0500019
0.0500019
0.0500021
0.0497122
0.0500021
0.0500009
0.0500021
0.0500021
0.05
0.0500019
0.0500021
0.0500169
0.0500021
0.0500019
0.0500009
0.0500011
0.0500021
0.0500019
0.0500011
0.0512979
0.0500014
0.0500019
0.0500011
0.0500019
0.0500009
0.0500021
0.0500021
0.0527768
0.0500019
0.0500021
0.0500011
0.0500009
0.0500019
0.0500021
0.0500009
0.0516238
0.0500019
0.0500021
0.0500009
0.0500019
0.0500011
0.0500009
0.0500021
0.0500011
0.0493374
0.0500019
0.0500009
0.0500588
0.0499442
0.0500019
0.0500011
0.0500021
0.051116
0.0500019
0.0500009
0.0500021
0.0500009
0.0500021
0.0500021
0.0500009
0.0515625
0.0500009
0.0500021
0.0500009
0.0500019
0.0500021
0.0500009
0.0500021
0.0500021
0.0500009
0.0500021
0.0500019
0.0500009
0.0500011
0.0500021
0.0500009
0.0500021
0.0500009
0.0500019
0.0500102
0.0499928
0.0500021
0.0500011
0.0500019
0.0500011
0.0500019
0.0500009
0.0500023
0.0500009
0.0500019
0.0500021
0.0500009
0.0500019
0.0500011
0.0500021
0.0500009
0.0500021
0.0500019
0.0500019
0.0500011
0.0500021
0.0500011
0.0500019
0.0500009
0.0500021
0.0500021
0.0500007
0.0500014
0.0500019
0.0500009
0.0500021
0.0500009
0.0500019
0.0500023
0.0500009
0.0500019
0.0500011
0.0500019
0.0500011
0.0500019
0.0500009
0.0500023
0.0500019
0.0500009
0.0500021
0.0500009
0.0500019
0.0500011
0.0500021
0.0500019
0.0500021
0.0500009
0.0500019
0.0500014
0.0500007
0.0500031
0.0500011
0.0500009
0.0500021
0.0500009
0.0500021
0.0500011
0.0491879
0.0500002
0.050066
0.049938
0.0500011
0.0500019
0.0500009
0.0500021
0.0483012
0.0500019
0.0500009
0.0500021
0.0500019
0.0500009
0.0500023
0.0500009
0.0484977
0.0500007
0.0500023
0.0500019
0.0500009
0.0500021
0.0500021
0.0500009
0.0485661
0.0500021
0.0500011
0.0500009
0.0500019
0.0500011
0.0500019
0.0500021
0.0488458
0.0500007
0.0500162
0.049988
0.0500009
0.0500021
0.0500009
0.0500021
0.0500011
0.0492325
0.0500009
0.0500023
0.0500019
0.0500009
0.0500021
0.0500009
0.0500019
0.0496953
0.0500019
0.0500021
0.0500011
0.0500019
0.0500019
0.0500011
0.0500021
0.0505977
0.0500011
0.0500009
0.0500021
0.0500011
0.0500019
0.0500011
0.0500019
0.0515227
0.0500038
0.05
0.0500011
0.0500019
0.0500011
0.0500021
0.0500009
0.0492685
0.0500011
0.0500019
0.0500019
0.0500011
0.0500019
0.0500011
0.0500021
0.0500009
0.0486445
0.0500019
0.0500011
0.0500019
0.0500021
0.0500021
0.0500009
0.0500019
0.0494664
0.0500009
0.0500023
0.0500019
0.0500009
0.0500031
0.05
0.050005
0.0496385
0.0500689
0.0499339
0.0500021
0.0500009
0.0500019
0.0500011
0.0500021
0.0499005
0.0500019
0.0500019
0.0500011
0.0500021
0.0500009
0.0500021
0.0500009
0.0502167
0.0500019
0.0500011
0.0500019
0.0500009
0.0500023
0.0500009
0.0500021
0.0499005
0.0500021
0.0500031
0.05
0.0500059
0.049998
0.0500011
0.0500019
0.0500009
0.0500655
0.049984
0.0500021
0.0500009
0.0500021
0.0500011
0.0500019
0.0500011
0.0501909
0.0500019
0.0500011
0.0500019
0.0500011
0.0500019
0.0500009
0.0500023
0.0501335
0.0500011
0.0500019
0.0500019
0.0500011
0.0500021
0.0500011
0.0500019
0.0501223
0.0500011
0.0500019
0.0500009
0.0500011
0.0500019
0.0500011
0.0500021
0.0500717
0.0500009
0.0500019
0.0500011
0.0500021
0.0500011
0.0500019
0.0500009
0.0500021
0.0498509
0.0500011
0.0500019
0.0500011
0.0500019
0.0500009
0.0500023
0.0500019
0.0497782
0.0500021
0.0500019
0.0500009
0.0500023
0.0500019
0.0500009
0.0500011
0.0499101
0.0500009
0.0500019
0.0500011
0.0500019
0.0500011
0.0500019
0.0500021
0.0499518
0.0499277
0.0500011
0.0500021
0.0500009
0.0500021
0.0500009
0.0500019
0.0500143
0.0500011
0.0500019
0.0500009
0.0500023
0.0500009
0.0500019
0.0500021
0.050076
0.0500019
0.0500009
0.0500028
0.0500014
0.0500007
0.0500023
0.0500019
0.0500009
0.0500865
0.0500019
0.0500009
0.0500021
0.0500019
0.0500009
0.0500023
0.050025
0.0498612
0.0500009
0.0500023
0.0500009
0.0500019
0.0500011
0.0500019
0.0500019
0.0500393
0.0500023
0.0500009
0.0500019
0.0500011
0.0500019
0.0500019
0.0500011
0.0499518
0.0500009
0.0500023
0.0500019
0.0500009
0.0500011
0.0500019
0.0500019
0.0499341
0.0500019
0.0500009
0.0500023
0.0500019
0.0500019
0.0500011
0.0500009
0.05007
0.0500009
0.0500019
0.0500011
0.0500019
0.0500011
0.0500021
0.0500019
0.0500011
0.0500102
0.0500011
0.0500019
0.0500011
0.0500019
0.0500019
0.0500011
0.0500021
0.0499711
0.0500009
0.0500019
0.0500011
0.0500009
0.0500031
0.0500011
0.0500009
0.0504379
0.0500019
0.0500009
0.0500021
0.0500009
0.0500019
0.0500011
0.050077
0.0519872
0.0500021
0.0500011
0.0500019
0.0500009
0.0500021
0.0500021
0.0500007
0.0504067
0.0500011
0.0500021
0.0500009
0.0500021
0.0500019
0.0500011
0.0500019
0.0496733
0.0500021
0.0500021
0.0500019
0.0500011
0.0500009
0.0500019
0.0500021
0.0500009
0.0512276
0.0500028
0.05
0.0500011
0.0500019
0.0500009
0.0500243
0.0499787
0.0490894
0.0500009
0.0500021
0.0500019
0.0500009
0.0500023
0.0500009
0.0500019
0.0491185
0.0500021
0.0500009
0.0500021
0.0500019
0.0500009
0.0500023
0.0500009
0.0493641
0.0500019
0.0500009
0.0500023
0.0500009
0.0500021
0.0500009
0.0500019
0.050334
0.0500011
0.0500019
0.0500009
0.050004
0.0499992
0.0500019
0.0500011
0.0500019
0.0517948
0.0500019
0.0500011
0.0500019
0.0500021
0.0500011
0.0500019
0.0500009
0.0530865
0.0500009
0.0500021
0.0500019
0.0500009
0.0500021
0.0500009
0.0500023
0.051975
0.0500021
0.0500011
0.0500009
0.0500019
0.0500021
0.0500009
0.0500019
0.0500011
0.0500021
0.0500019
0.0500011
0.0500009
0.0500021
0.0500729
0.0499301
0.0500011
0.0500019
0.0500009
0.0500021
0.0500019
0.0500009
0.0500023
0.0500009
0.0500019
0.0500011
0.0500019
0.0500019
0.0500011
0.0500021
0.0500011
0.0500019
0.0500009
0.0500033
0.0500007
0.0500021
0.0500011
0.0500019
0.0500009
0.0500011
0.0500019
0.0500021
0.0500011
0.0500019
0.0500011
0.0500019
0.050019
0.049984
0.0500009
0.0486691
0.0500011
0.0500019
0.0500019
0.0500011
0.0500019
0.0500009
0.0500023
0.0493398
0.0500023
0.0500019
0.0500009
0.0500021
0.0500009
0.0500019
0.0500011
0.0487628
0.0500019
0.0500009
0.0500021
0.0500009
0.0500019
0.0500023
0.0500009
0.0476041
0.0500023
0.0500009
0.0500009
0.0500021
0.0500059
0.0499969
0.0500011
0.0500019
0.0482428
0.0500019
0.0500019
0.0500011
0.0500021
0.0500009
0.0500021
0.0500009
0.0491905
0.0500021
0.0500011
0.0500019
0.0500009
0.0500021
0.0500009
0.0500019
0.0496972
0.0500009
0.0500021
0.0500009
0.0500019
0.0500023
0.0500009
0.0500009
0.0500727
0.050005
0.049998
0.0500031
0.05
0.0500679
0.0499351
0.0500019
0.0505416
0.0500009
0.0500021
0.0500009
0.0500021
0.0500011
0.0500019
0.0500011
0.0500019
0.0504608
0.0500011
0.0500019
0.0500011
0.0500019
0.0500009
0.0500021
0.0500021
0.0500047
0.0500009
0.0500021
0.0500009
0.0500019
0.0500011
0.0500019
0.0500021
0.0495307
0.0500009
0.0500023
0.0500009
0.0500107
0.0499923
0.0500019
0.0500019
0.0494697
0.0500023
0.0500009
0.0500019
0.0500011
0.0500019
0.0500009
0.0500021
0.0500216
0.0500011
0.0500021
0.0500011
0.0500019
0.0500009
0.0500021
0.0500009
0.0509095
0.0500019
0.0500019
0.0500023
0.0500009
0.0500009
0.0500011
0.0500019
0.0500019
0.0514731
0.0500019
0.0500009
0.0500023
0.0501068
0.049896
0.0500021
0.0500009
0.0495334
0.0500009
0.0500021
0.0500011
0.0500019
0.0500009
0.0500021
0.0500021
0.049427
0.0500019
0.0500011
0.0500021
0.0500021
0.0500009
0.0500019
0.0500023
0.0512614
0.0500019
0.0500009
0.0500021
0.0500019
0.0500052
0.0499969
0.0500021
0.0518167
0.0500011
0.0500009
0.0500019
0.0500491
0.0499539
0.0500023
0.0500009
0.0500019
0.0514193
0.0500021
0.0500009
0.0500021
0.0500009
0.0500019
0.0500021
0.0500009
0.0525436
0.0500009
0.0500021
0.0500009
0.0500019
0.0500011
0.0500021
0.0500019
0.0500455
0.0500019
0.0500021
0.0500009
0.0500009
0.0500021
0.0500021
0.0500009
0.0500021
0.0500009
0.0500019
0.0500033
0.0499997
0.0500011
0.0500021
0.0500019
0.0500011
0.0500019
0.0500009
0.0500023
0.0500007
0.0500021
0.0500021
0.0500009
0.0476999
0.0500019
0.0500011
0.0500009
0.0500021
0.0500011
0.0500019
0.0500019
0.0500023
0.0478649
0.0500011
0.0500021
0.0500019
0.0500011
0.0500019
0.0500009
0.0500021
0.0483496
0.0500019
0.0500009
0.0500872
0.0499158
0.0500019
0.0500023
0.0500009
0.0488601
0.0500011
0.0500019
0.0500011
0.0500021
0.0500019
0.0500011
0.0500019
0.0494106
0.0500019
0.0500011
0.0500021
0.0500009
0.0500021
0.0500019
0.0500019
0.0497327
0.0500019
0.0500011
0.0500021
0.0500009
0.0500021
0.0500009
0.0500019
0.0497408
0.0500009
0.0500011
0.0500288
0.049974
0.0500023
0.0500019
0.0500009
0.0500021
0.0499701
0.0500021
0.0500011
0.0500019
0.0500019
0.0500011
0.0500019
0.0500011
0.0505154
0.0500011
0.0500019
0.0500009
0.0500021
0.0500031
0.0500009
0.0500011
0.0498934
0.0500009
0.0500011
0.0500019
0.0500019
0.0500011
0.0500019
0.0500021
0.0497329
0.0499992
0.0500009
0.0500009
0.0500021
0.0500019
0.0500009
0.0500023
0.0498765
0.0500021
0.0500009
0.0500019
0.0500023
0.0500009
0.0500019
0.0500011
0.0500019
0.0499067
0.0500019
0.0500011
0.0500021
0.0500019
0.0500011
0.0500019
0.0500021
0.0501652
0.0500011
0.0500009
0.0500021
0.0500019
0.0500009
0.0500011
0.0500019
0.0502405
0.0499992
0.0500679
0.0499351
0.0500019
0.0500009
0.0500023
0.0500009
0.0499022
0.0500009
0.0500019
0.0500023
0.0500009
0.0500019
0.0500011
0.0500019
0.0501578
0.0500021
0.0500011
0.0500019
0.0500019
0.0500023
0.0500019
0.0500009
0.0499501
0.0500009
0.0500019
0.0500023
0.0500019
0.0500009
0.0500021
0.0500009
0.0500011
0.0497894
0.0500071
0.0499959
0.0500021
0.0500011
0.0500019
0.0500009
0.0500021
0.0498407
0.0500021
0.0500021
0.0500009
0.0500021
0.0500009
0.0500019
0.0500011
0.0501087
0.0500019
0.0500009
0.0500023
0.0500009
0.0500019
0.0500021
0.0500009
0.0504537
0.0500009
0.0500021
0.0500009
0.0500019
0.0500011
0.0500019
0.0500021
0.0510991
0.0500009
0.050101
0.0499029
0.0500009
0.0500023
0.0500009
0.0500019
0.0508435
0.0500019
0.0500021
0.0500009
0.0500019
0.0500011
0.0500021
0.0500011
0.0500019
0.0509174
0.0500019
0.0500021
0.0500009
0.0500021
0.0500021
0.0500009
0.0500011
0.0491533
0.0500021
0.0500009
0.0500019
0.0500023
0.0500009
0.0500028
0.0500002
0.0486772
0.0500379
0.0499651
0.0500009
0.0500019
0.0500011
0.0500019
0.0500011
0.0491853
0.0500023
0.0500009
0.0500019
0.0500011
0.0500019
0.0500019
0.0500014
0.0496314
0.0500021
0.0500021
0.0500009
0.0500021
0.0500019
0.0500009
0.0500021
0.0499091
0.0500019
0.0500023
0.0500038
0.049999
0.0500011
0.0500019
0.0500011
0.0500009
0.0501676
0.0500019
0.0500011
0.0500021
0.0500007
0.0500023
0.0500009
0.0500019
0.0508993
0.0500009
0.0500021
0.0500009
0.0500019
0.0500011
0.0500021
0.0500007
0.0514207
0.0500021
0.0500011
0.0500019
0.0500011
0.0500019
0.0500019
0.0500014
0.0492549
0.0500019
0.0500011
0.0500028
0.05
0.0500021
0.0500009
0.0500009
0.0492873
0.05007
0.049933
0.0500019
0.0500011
0.0500021
0.0500007
0.0500023
0.0500019
0.0496998
0.0500023
0.0500009
0.0500019
0.0500011
0.0500019
0.0500019
0.0500011
0.0502899
0.0500007
0.0500021
0.0500021
0.0500019
0.0500009
0.0500023
0.0500009
0.0510378
0.0500023
0.0500009
0.0500019
0.0500021
0.0500009
0.0500019
0.0500011
0.051369
0.0499971
0.0500019
0.0500014
0.0500019
0.0500009
0.0500021
0.0500019
0.0501938
0.0500021
0.0500009
0.0500019
0.0500011
0.0500021
0.0500019
0.0500011
0.0493355
0.0500011
0.0500021
0.0500019
0.0500011
0.0500019
0.0500019
0.0500011
0.0500021
0.0490155
0.0500019
0.0500011
0.0500019
0.0500031
0.0500002
0.0500007
0.0500023
0.0493
0.0499041
0.0500009
0.0500021
0.0500009
0.0500019
0.0500023
0.0500009
0.0497551
0.0500009
0.0500019
0.0500011
0.0500019
0.0500021
0.0500011
0.0500019
0.0506978
0.0500019
0.0500011
0.0500019
0.0500019
0.0500023
0.0500009
0.0500019
0.051095
0.0500009
0.0500021
0.0500021
0.0500009
0.0500021
0.0500009
0.0500019
0.0485418
0.0499701
0.0500009
0.0500019
0.0500011
0.0500019
0.0500021
0.0500011
0.0500019
0.0490854
0.0500021
0.0500009
0.0500021
0.0500011
0.0500019
0.0500019
0.0500011
0.0496137
0.0500011
0.0500019
0.0500019
0.0500019
0.0500011
0.0500009
0.0500033
0.0499017
0.0500021
0.0500019
0.0500011
0.0500019
0.0500019
0.0500014
0.0500019
0.0500743
0.0500009
0.0500019
0.0500011
0.0500019
0.0500023
0.0500009
0.0500019
0.0499818
0.0500021
0.0500011
0.0500019
0.0500019
0.0500011
0.0500021
0.0500011
0.0500019
0.0501246
0.0500021
0.0500019
0.0500019
0.0500011
0.0500009
0.0500023
0.0500019
0.0502791
0.0500011
0.0500019
0.0500009
0.0500021
0.0500021
0.0500019
0.050061
0.0498667
0.0500019
0.0500011
0.0500019
0.0500019
0.0500011
0.0500021
0.0500009
0.0497696
0.0500011
0.0500019
0.0500019
0.0500011
0.0500021
0.0500009
0.0500021
0.0498543
0.0500019
0.0500021
0.0500021
0.0500009
0.0500011
0.0500019
0.0500019
0.0499773
0.0500009
0.0500019
0.0500023
0.0500009
0.0500019
0.0500011
0.0500019
0.0500011
0.0502279
0.0500009
0.0500021
0.0500019
0.0500009
0.0500021
0.0500009
0.0500021
0.0499492
0.0500019
0.0500009
0.0500021
0.0500019
0.0500011
0.0500021
0.0500009
0.0499604
0.0500021
0.0500021
0.0500009
0.0500021
0.0500009
0.0500019
0.0500021
0.0500796
0.0500019
0.0500023
0.0500019
0.0500009
0.050004
0.049999
0.050086
0.0498228
0.0500011
0.0500021
0.0500019
0.0500011
0.0500019
0.0500009
0.0500021
0.0500009
0.0499585
0.0500011
0.0500019
0.0500021
0.0500011
0.0500019
0.0500009
0.0500021
0.0499032
0.0500033
0.0500007
0.0500021
0.0500011
0.0500019
0.0500009
0.0500011
0.0499058
0.0500019
0.0500011
0.0500019
0.0500009
0.0500021
0.05002
0.049983
0.0501156
0.0500019
0.0500021
0.0500009
0.0500019
0.0500011
0.0500021
0.0500011
0.0503242
0.0500009
0.0500019
0.0500021
0.0500009
0.0500021
0.0500021
0.0500009
0.0499742
0.0500019
0.0500009
0.0500011
0.0500021
0.0500009
0.0500021
0.0500019
0.0500009
0.0498683
0.0500019
0.0500021
0.0500009
0.0500021
0.0500021
0.0501049
0.049897
0.0500977
0.0500019
0.0500011
0.0500019
0.0500011
0.0500021
0.0500009
0.0500021
0.050235
0.0500023
0.0500019
0.0500009
0.0500021
0.0500019
0.0500009
0.0500011
0.0501792
0.0500019
0.0500019
0.0500011
0.0500019
0.0500009
0.0500023
0.050005
0.0499146
0.0500009
0.0500019
0.0500052
0.0499978
0.0500023
0.0500338
0.049968
0.049747
0.0500019
0.0500011
0.0500019
0.0500009
0.0500021
0.0500009
0.0500021
0.0500011
0.0498579
0.0500021
0.0500011
0.0500019
0.0500011
0.0500019
0.0500009
0.0500023
0.0499306
0.0500009
0.0500019
0.0500023
0.0500009
0.0500019
0.0500011
0.0500009
0.0501504
0.0500019
0.0500011
0.0500031
0.0500009
0.0500042
0.0499978
0.0500021
0.0498559
0.0500009
0.0500023
0.0500009
0.0500019
0.0500011
0.0500019
0.0500011
0.0500076
0.0500021
0.0500009
0.0500021
0.0500011
0.0500019
0.0500009
0.0500021
0.0503442
0.0500019
0.0500009
0.0500023
0.0500019
0.0500009
0.0500011
0.0500009
0.0500021
0.0507336
0.0500009
0.0500019
0.0500011
0.0500021
0.050051
0.049952
0.0500019
0.0506027
0.0500021
0.0500009
0.0500021
0.0500009
0.0500019
0.0500011
0.0500019
0.0500276
0.0500009
0.0500021
0.0500009
0.0500021
0.0500011
0.0500019
0.0500019
0.0497499
0.0500028
0.0500009
0.0500011
0.0500021
0.0500019
0.0500011
0.0500019
0.0505536
0.0500011
0.0500021
0.0500019
0.0500011
0.0500019
0.0500009
0.0500021
0.0500009
0.0495427
0.0500011
0.0500021
0.0500011
0.0500019
0.0500009
0.0500021
0.0500019
0.0502284
0.0500019
0.0500009
0.0500021
0.0500009
0.0500021
0.0500021
0.0500019
0.0534265
0.0500021
0.0500009
0.0500019
0.0500011
0.0500021
0.0500019
0.0500011
0.0492628
0.0500023
0.0500019
0.0500009
0.0500021
0.0500619
0.0499408
0.0500011
0.0498054
0.0500009
0.0500019
0.0500011
0.0500021
0.0500011
0.0500019
0.0500019
0.0493288
0.0500021
0.0500021
0.0500009
0.0500011
0.0500019
0.0500021
0.0500011
0.0500019
0.0473497
0.0500009
0.0500019
0.0500011
0.0500021
0.0500011
0.0500019
0.0500009
0.0494182
0.0500019
0.0500011
0.0500019
0.0500031
0.0500002
0.0500009
0.0500021
0.0496852
0.0500019
0.0500011
0.0500021
0.0500009
0.0500021
0.0500019
0.0500009
0.0498474
0.0500009
0.0500021
0.0500009
0.0500019
0.0500023
0.0500009
0.0500019
0.0502334
0.0500019
0.0500011
0.0500009
0.0500019
0.0500023
0.0500009
0.050005
0.0503697
0.0500019
0.0500009
0.0500021
0.0500009
0.0500722
0.049931
0.0500019
0.0500011
0.0498486
0.0500009
0.0500019
0.0500011
0.0500021
0.0500019
0.0500011
0.0500019
0.0497897
0.0500019
0.0500009
0.0500023
0.0500019
0.0500009
0.0500021
0.0500021
0.0499616
0.0500019
0.0500009
0.0500023
0.0500019
0.0500009
0.0500011
0.0500019
0.0500188
0.0500021
0.0500021
0.0500009
0.0500019
0.0500011
0.0500019
0.0500014
0.0498536
0.0500009
0.0500019
0.0500011
0.0500021
0.0500019
0.0500011
0.0500019
0.0500011
0.0500431
0.0500011
0.0500021
0.0500019
0.0500011
0.0500019
0.0500009
0.0500021
0.0499628
0.0500021
0.0500009
0.0500011
0.0500019
0.0500009
0.0500021
0.0500019
0.0501618
0.0500009
0.0500021
0.0500019
0.0500791
0.0499239
0.0500009
0.0500021
0.050154
0.0500019
0.0500009
0.0500021
0.0500021
0.0500007
0.0500023
0.0500009
0.0499501
0.0500009
0.0500021
0.0500021
0.0500009
0.0500021
0.0500019
0.0500019
0.0499089
0.0500028
0.0500011
0.0500021
0.0500009
0.0500011
0.0500019
0.0500019
0.0500011
0.0499196
0.0500009
0.0500019
0.0500021
0.0500009
0.0500011
0.0500021
0.0500007
0.050077
0.0500009
0.0500023
0.0500019
0.0500009
0.0500021
0.0500009
0.0500019
0.0502708
0.0500019
0.0500023
0.0500009
0.0500021
0.0500009
0.0500019
0.0500021
0.050947
0.0500009
0.0500019
0.0500011
0.0500019
0.0500009
0.0500011
0.0500021
0.0515952
0.0500011
0.0500019
0.0500009
0.0500832
0.0499198
0.0500021
0.0500011
0.0500019
0.0517585
0.0500021
0.0500021
0.0500009
0.0500021
0.0500009
0.0500021
0.0500009
0.0522387
0.0500021
0.0500009
0.0500019
0.0500011
0.0500021
0.0500009
0.0500021
0.0510082
0.0500009
0.0500019
0.0500011
0.0500021
0.0500021
0.0500009
0.0500009
0.0500021
0.0500019
0.0500009
0.050005
0.0499983
0.0500019
0.0500011
0.0500019
0.0489604
0.0500011
0.0500021
0.0500009
0.0500021
0.0500009
0.0500019
0.0500011
0.0487645
0.0500019
0.0500011
0.0500021
0.0500009
0.0500021
0.0500019
0.0500009
0.0500021
0.0483975
0.0500021
0.0500011
0.0500019
0.0500021
0.0500009
0.0500021
0.0500011
0.0486109
0.0500042
0.049999
0.050082
0.049921
0.0500009
0.0500021
0.0500009
0.0489447
0.0500019
0.0500011
0.0500019
0.0500009
0.0500023
0.0500009
0.0500019
0.0494144
0.0500011
0.0500019
0.0500009
0.0500021
0.0500009
0.0500023
0.0500019
0.0504944
0.0500021
0.0500021
0.0500009
0.0500011
0.0500019
0.0500019
0.0500011
0.0515761
0.0500011
0.0500019
0.050004
0.049999
0.0500009
0.0500021
0.0500021
0.0500009
0.0509899
0.0500009
0.0500019
0.0500011
0.0500019
0.0500011
0.0500019
0.0500021
0.0493708
0.0500019
0.0500014
0.0500019
0.0500009
0.0500021
0.0500019
0.0500021
0.0492458
0.0500009
0.0500019
0.0500023
0.0500009
0.0500011
0.0500019
0.0500019
0.0489314
0.0500019
0.0500019
0.0500793
0.0499227
0.0500023
0.0500009
0.0500019
0.0490394
0.0500011
0.0500019
0.0500011
0.0500021
0.0500007
0.0500023
0.0500019
0.0495908
0.0500019
0.0500011
0.0500019
0.0500011
0.0500021
0.0500019
0.0500011
0.0500019
0.0497651
0.0500023
0.0500019
0.0500009
0.0500021
0.0500019
0.0500009
0.0500011
0.0497959
0.0500009
0.0500023
0.0500009
0.0500019
0.0500011
0.0500019
0.0500019
0.0501764
0.0500019
0.0500009
0.0500021
0.0500009
0.0500021
0.0500021
0.0500009
0.0505211
0.0500009
0.0500019
0.0500011
0.0500019
0.0500019
0.0500023
0.0500009
0.0499287
0.0500019
0.0500021
0.0500009
0.0500021
0.0500011
0.0500019
0.0500019
0.0500295
0.0497589
0.0500009
0.0500741
0.0499289
0.0500019
0.0500009
0.0500021
0.0500009
0.0497758
0.0500009
0.0500021
0.0500011
0.0500019
0.0500019
0.0500011
0.0500019
0.0497959
0.0500021
0.0500011
0.0500019
0.0500009
0.0500028
0.0500011
0.0500021
0.0502284
0.0500023
0.0500009
0.0500019
0.0500011
0.0500019
0.0500009
0.0500021
0.0505772
0.0500009
0.0500009
0.0500023
0.0500019
0.0500009
0.0500021
0.0500009
0.0496445
0.0500011
0.0500021
0.0500009
0.0500021
0.0500019
0.0500009
0.0500021
0.0500009
0.049789
0.0500009
0.0500021
0.0500011
0.0500019
0.0500019
0.0500021
0.0500009
0.0502098
0.0500009
0.0500023
0.0500009
0.0500019
0.0500011
0.050005
0.0499988
0.049922
0.049998
0.0500669
0.0499358
0.0500011
0.0500019
0.0500011
0.0500021
0.0498471
0.0500021
0.0500009
0.0500021
0.0500019
0.0500009
0.0500021
0.0500009
0.0498855
0.0500011
0.0500019
0.0500009
0.0500023
0.0500019
0.0500011
0.0500019
0.0500348
0.0500019
0.0500019
0.0500011
0.0500021
0.0500011
0.0500019
0.0500019
0.0500011
0.0501759
0.0500019
0.0500011
0.0500019
0.0500019
0.0500011
0.0500021
0.0500011
0.0500314
0.0500009
0.0500021
0.0500021
0.0500009
0.0500019
0.0500011
0.0500019
0.0498917
0.0500011
0.0500009
0.0500021
0.0500021
0.0500019
0.0500011
0.0500019
0.0500538
0.0500021
0.0500019
0.0500011
0.0500009
0.0500019
0.0500021
0.0500009
0.0501323
0.0500021
0.050045
0.0499582
0.0500019
0.0500009
0.0500021
0.0500009
0.0500019
0.050159
0.0500019
0.0500019
0.0500011
0.0500021
0.0500009
0.0500021
0.0500009
0.0499456
0.0500011
0.0500019
0.0500021
0.0500011
0.0500019
0.0500019
0.0500011
0.0498664
0.0500021
0.0500009
0.0500011
0.0500019
0.0500019
0.0500011
0.0500019
0.049906
0.0500009
0.0500021
0.0500019
0.0500009
0.0500023
0.0500009
0.0500019
0.0499892
0.0500021
0.0500019
0.0500009
0.0500021
0.0500009
0.0500023
0.0500009
0.0499516
0.0500009
0.0500023
0.0500019
0.0500009
0.0500033
0.0500009
0.0500009
0.0500021
0.0504704
0.0500009
0.0500011
0.0500019
0.050005
0.0499983
0.0500009
0.0500019
0.0507441
0.050025
0.049979
0.0500009
0.0500021
0.0500011
0.0500019
0.0500009
0.0496998
0.0500019
0.0500011
0.0500021
0.0500011
0.0500019
0.0500009
0.0500021
0.0497744
0.0500019
0.0500019
0.0500011
0.0500021
0.0500019
0.0500011
0.0500019
0.0507665
0.0500009
0.0500019
0.0500011
0.0500019
0.0500011
0.050004
0.0499988
0.0518744
0.0500019
0.0500879
0.0499153
0.0500019
0.0500011
0.0500019
0.0500009
0.0500021
0.0498323
0.0500009
0.0500021
0.0500009
0.0500019
0.0500023
0.0500007
0.0500021
0.048748
0.0500019
0.0500009
0.0500021
0.0500021
0.0500009
0.0500021
0.0500019
0.0490773
0.0500019
0.0500009
0.0500023
0.0500009
0.0500019
0.0500011
0.0500019
0.0494254
0.0500021
0.0500007
0.0500023
0.0500009
0.0500019
0.0500011
0.0500019
0.0496421
0.0500009
0.0500021
0.0500009
0.0500019
0.0500011
0.0500021
0.0500009
0.0500021
0.0497389
0.0500011
0.0500021
0.0500019
0.0500011
0.0500019
0.0500021
0.0500011
0.0499468
0.0500009
0.0500021
0.0500009
0.0500011
0.0500019
0.0500009
0.0500023
0.0501456
0.0500612
0.049942
0.0500011
0.0500019
0.0500009
0.0500021
0.0500021
0.0503232
0.0500021
0.0500011
0.0500019
0.0500011
0.0500019
0.0500021
0.0500011
0.0498822
0.0500011
0.0500021
0.0500011
0.0500019
0.0500009
0.0500021
0.0500019
0.0498672
0.0500028
0.05
0.0500021
0.0500021
0.0500019
0.0500002
0.0500038
0.05
0.0498061
0.0500002
0.0500009
0.0500019
0.0500011
0.0500019
0.0500019
0.0500014
0.0499775
0.0500009
0.0500019
0.0500011
0.0500019
0.0500009
0.0500023
0.0500019
0.0501554
0.0500023
0.0500009
0.0500019
0.0500021
0.0500009
0.0500019
0.0500023
0.0501807
0.0500023
0.0500009
0.0500011
0.0500019
0.0500019
0.0500011
0.0500021
0.0498736
0.0500369
0.0499661
0.0500019
0.0500011
0.0500021
0.0500019
0.0500011
0.049897
0.0500011
0.0500019
0.0500009
0.0500023
0.0500009
0.0500019
0.0500021
0.0500009
0.0499477
0.0500009
0.0500021
0.0500019
0.0500021
0.0500011
0.0500019
0.0500009
0.0502634
0.0500021
0.05
0.0500021
0.0500019
0.050005
0.049998
0.0500011
0.051281
0.0500982
0.0499048
0.0500009
0.0500021
0.0500021
0.0500009
0.0500021
0.0509253
0.0500019
0.0500009
0.0500023
0.0500009
0.0500019
0.0500021
0.0500009
0.0498395
0.0500021
0.0500009
0.0500009
0.0500033
0.0500007
0.0500009
0.0500023
0.050107
0.0492673
0.0500011
0.0500019
0.0500019
0.0500014
0.0500019
0.0500009
0.0500021
0.0495081
0.049998
0.0500009
0.0500021
0.0500021
0.0500009
0.0500021
0.0500009
0.0499575
0.0500014
0.0500019
0.0500009
0.0500021
0.0500019
0.0500009
0.0500023
0.05041
0.0500021
0.0500009
0.0500031
0.0500009
0.0500021
0.0500011
0.0500019
0.0516498
0.0500019
0.0500019
0.050004
0.049998
0.0500019
0.0500014
0.0500019
0.0530837
0.050065
0.049937
0.0500019
0.0500021
0.0500009
0.0500019
0.0500014
0.0500019
0.0519199
0.0500021
0.0500009
0.0500019
0.0500021
0.0500009
0.0500021
0.0500011
0.0506537
0.0500011
0.0500019
0.0500019
0.0500011
0.0500019
0.0500021
0.0500011
0.0497928
0.0500009
0.0500059
0.0499971
0.0500019
0.0500009
0.0500042
0.05
0.049005
0.0500009
0.0500021
0.0500019
0.0500009
0.0500023
0.0500009
0.0500019
0.0488904
0.0500019
0.0500011
0.0500021
0.0500019
0.0500011
0.0500019
0.0500009
0.0486746
0.0500011
0.0500019
0.0500019
0.0500011
0.0500031
0.0500009
0.0500011
0.0500019
0.0494819
0.0500009
0.0500011
0.0500019
0.0500009
0.0500031
0.05
0.0500019
0.0494888
0.0499718
0.0500021
0.0500011
0.0500019
0.0500011
0.0500019
0.0500009
0.0491667
0.0500019
0.0500011
0.0500019
0.0500009
0.0500023
0.0500019
0.0500009
0.0489361
0.0500019
0.0500023
0.0500019
0.0500009
0.0500021
0.0500009
0.0500019
0.0490625
0.0500019
0.0500011
0.0500021
0.0500009
0.0500021
0.0500009
0.0500019
0.049336
0.0500908
0.0499129
0.0500011
0.0500019
0.0500009
0.0500023
0.0500009
0.0500021
0.0496197
0.0500021
0.0500021
0.0500009
0.0500021
0.0500019
0.0500009
0.0500011
0.0498116
0.0500019
0.0500009
0.0500021
0.0500019
0.0500021
0.0500011
0.0500019
0.0501881
0.0500009
0.0500021
0.0500009
0.0500019
0.0500023
0.0500007
0.0500014
0.0504169
0.0500021
0.0500011
0.0500019
0.0500011
0.0500019
0.0500009
0.0500021
0.0499191
0.0500019
0.0500019
0.0500011
0.0500021
0.0500019
0.0500011
0.0500009
0.0500019
0.0498421
0.0500009
0.0500023
0.0500019
0.0500019
0.0500011
0.0500019
0.0500009
0.0499573
0.0500009
0.0500011
0.0500019
0.0500009
0.0500021
0.0500009
0.0500021
0.0500481
0.0499473
0.0500019
0.0500011
0.0500019
0.0500009
0.0500021
0.0500009
0.049824
0.0500021
0.0500011
0.0500019
0.0500009
0.0500021
0.0500019
0.0500009
0.0499487
0.0500009
0.0500023
0.0500009
0.0500019
0.0500011
0.0500028
0.0500011
0.0501494
0.0500011
0.0500009
0.0500019
0.0500023
0.0500009
0.0500019
0.0500011
0.0500019
0.050179
0.0500023
0.0500009
0.0500019
0.0500011
0.0500019
0.0500021
0.0500011
0.0500045
0.0500009
0.0500019
0.0500011
0.0500019
0.0500011
0.0500019
0.0500021
0.0498352
0.0500019
0.0500011
0.0500019
0.0500021
0.0500021
0.0500009
0.0500011
0.0498493
0.0500009
0.0500023
0.0500019
0.0500009
0.0500021
0.0500009
0.0500019
0.0499237
0.0499878
0.0500011
0.0500019
0.0500014
0.0500019
0.0500009
0.0500021
0.0500019
0.0500324
0.0500023
0.0500009
0.0500019
0.0500011
0.0500019
0.0500019
0.0500011
0.0502703
0.0500011
0.0500019
0.0500021
0.0500011
0.0500019
0.0500011
0.0500019
0.050184
0.0500011
0.0500019
0.0500009
0.0500011
0.0500019
0.050005
0.0499983
0.0498419
0.049933
0.0500019
0.0500011
0.0500021
0.0500009
0.0500021
0.0500019
0.0499198
0.0500019
0.0500011
0.0500019
0.0500009
0.0500023
0.0500019
0.0500009
0.0502267
0.0500009
0.0500021
0.0500019
0.0500021
0.0500011
0.0500009
0.0500019
0.0500021
0.0516484
0.050005
0.049998
0.0500019
0.0500011
0.050005
0.0499983
0.0500019
0.0512857
0.0500019
0.0500011
0.0500019
0.0500009
0.0500023
0.0500019
0.0500009
0.0493031
0.0500009
0.0500019
0.0500011
0.0500019
0.0500021
0.0500011
0.0500019
0.0497806
0.0500021
0.0500009
0.0500021
0.0500019
0.0500019
0.0500014
0.0500019
0.0499027
0.0500009
0.0500023
0.050004
0.0499988
0.0500021
0.0500009
0.0500021
0.0488486
0.0499818
0.0500009
0.0500021
0.0500009
0.0500021
0.0500021
0.0500009
0.0500019
0.0500166
0.0500019
0.0500011
0.0500019
0.0500019
0.0500011
0.0500021
0.0500011
0.050658
0.0500011
0.0500028
0.0500009
0.0500011
0.0500021
0.0500019
0.0500011
0.0511377
0.0500011
0.0500021
0.0500019
0.0500011
0.0500009
0.0500019
0.0500011
0.0510845
0.0499301
0.0500021
0.0500019
0.0500014
0.0500019
0.0500009
0.0500021
0.0498378
0.0500021
0.0500009
0.0500021
0.0500021
0.0500009
0.0500019
0.0500011
0.0500019
0.0492287
0.0500021
0.0500019
0.0500021
0.0500011
0.0500009
0.0500028
0.0500002
0.0490041
0.0500021
0.0500009
0.0500019
0.0500011
0.0500021
0.0500011
0.0500028
0.0493071
0.0500021
0.0500009
0.0500021
0.0500019
0.0500009
0.0500021
0.0500009
0.0500371
0.0500011
0.0500019
0.0500019
0.0500011
0.0500021
0.0500007
0.0500023
0.0511487
0.0500021
0.0500011
0.0500019
0.0500031
0.05
0.0500021
0.0500019
0.0506907
0.0500052
0.049998
0.0500019
0.0500009
0.0500021
0.0500021
0.0500007
0.0500264
0.0483747
0.0500009
0.0500021
0.0500021
0.0500009
0.0500019
0.0500011
0.0500019
0.0491455
0.0500019
0.0500019
0.0500011
0.0500021
0.0500009
0.0500021
0.0500009
0.0495963
0.0500011
0.0500021
0.0500019
0.0500021
0.0500009
0.0500019
0.0500011
0.0497649
0.0500011
0.0500021
0.0500009
0.0500021
0.0500009
0.0500019
0.0500023
0.0502012
0.0499251
0.0500021
0.0500019
0.0500011
0.0500019
0.0500009
0.0500021
0.050596
0.0500019
0.0500021
0.0500009
0.0500021
0.0500011
0.0500019
0.0500011
0.0500019
0.0496826
0.0500021
0.0500019
0.0500021
0.0500009
0.0500019
0.0500011
0.0500021
0.0497434
0.0500019
0.0500009
0.0500021
0.0500019
0.0500009
0.0500011
0.0500062
0.0498133
0.0500019
0.0500019
0.0500011
0.0500019
0.0500009
0.0500023
0.0500009
0.0500538
0.0500021
0.0500009
0.0500019
0.0500011
0.0500021
0.0500011
0.0500019
0.0505054
0.0500021
0.0500021
0.0500009
0.0500021
0.0500019
0.0500009
0.0500023
0.0499184
0.0500033
0.0500007
0.0500009
0.0500011
0.0500021
0.0500019
0.0500011
0.0500281
0.0499287
0.0500019
0.0500009
0.0500021
0.0500009
0.0500021
0.0500011
0.0500019
0.0502927
0.0500011
0.0500019
0.0500009
0.0500023
0.0500009
0.0500019
0.0500011
0.049886
0.0500019
0.0500011
0.0500019
0.0500019
0.0500011
0.0500009
0.0500021
0.0497079
0.0500011
0.0500021
0.0500011
0.0500019
0.0500009
0.0500021
0.0500019
0.0498564
0.0499258
0.0500011
0.0500019
0.0500011
0.0500021
0.0500009
0.0500021
0.0500019
0.0499446
0.0500021
0.0500009
0.0500023
0.0500007
0.0500021
0.0500011
0.0500019
0.0504632
0.0500009
0.0500019
0.0500023
0.0500019
0.0500009
0.0500021
0.0500009
0.0508118
0.050005
0.049998
0.0500019
0.0500019
0.0500014
0.0500007
0.0500031
0.0510135
0.0500011
0.0500019
0.0500009
0.0500021
0.0500009
0.0500019
0.0500023
0.0500529
0.0500021
0.0500009
0.0500019
0.0500023
0.0500007
0.0500009
0.0500023
0.0491657
0.0500011
0.0500019
0.0500023
0.0500009
0.0500019
0.0500021
0.0500009
0.0500009
0.0492854
0.0500009
0.050004
0.049999
0.0500021
0.0500011
0.0500019
0.05002
0.0495453
0.0500019
0.0500011
0.0500021
0.0500009
0.0500021
0.0500019
0.0500009
0.0498085
0.0500011
0.0500019
0.0500011
0.0500019
0.0500009
0.0500021
0.0500021
0.0502574
0.0500019
0.0500021
0.0500009
0.0500019
0.0500023
0.0500009
0.0500019
0.0509679
0.0500021
0.0500009
0.0500021
0.050005
0.0499978
0.0500011
0.0500019
0.0513296
0.0499341
0.0500009
0.0500019
0.0500011
0.0500019
0.0500021
0.0500011
0.0500019
0.0496793
0.0500019
0.0500014
0.0500019
0.0500021
0.0500009
0.0500019
0.0500011
0.0506194
0.0500009
0.0500021
0.0500021
0.0500019
0.0500009
0.0500011
0.0500019
0.0544486
0.0500011
0.0500009
0.0500019
0.0500021
0.0500009
0.0500019
0.0500011
0.0513163
0.0500009
0.0500023
0.0500007
0.0500023
0.0500019
0.0500009
0.0500021
0.0500009
0.0500021
0.0500011
0.0500019
0.0500019
0.0500011
0.0500019
0.0500009
0.0500023
0.0500009
0.0500019
0.0500021
0.0500019
0.0500009
0.0500023
0.0500009
0.0500021
0.0500009
0.0500009
0.0500021
0.0500009
0.0500019
0.0500023
0.0500019
0.0500081
0.049994
0.0500019
0.0500021
0.0500011
0.0500019
0.0500011
0.0500019
0.0500009
0.0500021
0.0500009
0.0500021
0.0500011
0.0500019
0.0500019
0.0500011
0.0500019
0.0480764
0.0500019
0.0500011
0.0500031
0.0500009
0.0500021
0.0500009
0.0500019
0.0475328
0.0500023
0.0500009
0.0500019
0.0500021
0.0500009
0.0500019
0.0500011
0.0500572
0.048202
0.0500011
0.0500021
0.0500019
0.0500011
0.0500019
0.0500009
0.0500023
0.0489144
0.0500019
0.0500011
0.0500019
0.0500019
0.0500011
0.0500021
0.0500009
0.049443
0.0500011
0.0500019
0.0500021
0.0500021
0.0500009
0.0500021
0.0500009
0.0504417
0.0500011
0.0500009
0.0500031
0.0500009
0.0500009
0.0500023
0.0500009
0.0515473
0.0498979
0.0500023
0.0500019
0.0500009
0.0500021
0.0500009
0.0500019
0.0500014
0.0508273
0.0500019
0.0500009
0.0500021
0.0500009
0.0500019
0.0500011
0.0500021
0.0494153
0.0500021
0.0500019
0.0500009
0.0500023
0.0500019
0.0500009
0.0500011
0.0489137
0.0499997
0.0500021
0.0500021
0.0500009
0.0500019
0.0500011
0.0500031
0.0489676
0.0500011
0.0500019
0.0500009
0.0500023
0.0500009
0.0500019
0.0500011
0.0493162
0.0500019
0.0500011
0.0500019
0.0500011
0.0500019
0.0500009
0.0500023
0.0496755
0.0500021
0.0500021
0.0500019
0.0500011
0.0500019
0.0500011
0.0500019
0.0500009
0.0498774
0.0500028
0.0500011
0.0500009
0.0500019
0.0500023
0.0500009
0.05005
0.0501051
0.0500019
0.0500009
0.0500021
0.0500009
0.0500021
0.0500011
0.0500019
0.0500085
0.0500019
0.0500023
0.0500009
0.0500019
0.0500011
0.0500019
0.0500021
0.0500278
0.0500019
0.0500009
0.0500033
0.0500009
0.0500009
0.0500021
0.0500009
0.0502238
0.0500009
0.0500023
0.0500009
0.0500028
0.0500002
0.0500019
0.0500019
0.0503974
0.049907
0.0500009
0.0500021
0.0500011
0.0500019
0.0500009
0.0500021
0.0500009
0.0500746
0.0500021
0.0500009
0.0500021
0.0500019
0.0500009
0.0500011
0.0500019
0.0496969
0.0500009
0.0500021
0.0500019
0.0500021
0.0500011
0.0500019
0.0500011
0.049881
0.0500021
0.0500019
0.0500011
0.0500019
0.0500009
0.0500021
0.0500009
0.0499852
0.0500009
0.0500021
0.0500009
0.0500019
0.0500011
0.0500021
0.0500009
0.0503199
0.0500021
0.0500011
0.0500019
0.0500011
0.0500019
0.0500009
0.0500023
0.0518003
0.0500011
0.0500019
0.0500019
0.0500011
0.0500021
0.0500011
0.0500019
0.0500009
0.0511236
0.0500011
0.0500021
0.0500019
0.0500011
0.0500019
0.0500011
0.0500319
0.0486948
0.0500019
0.0500009
0.0500021
0.0500009
0.0500019
0.0500014
0.0500019
0.0492947
0.0500009
0.0500023
0.0500009
0.0500019
0.0500011
0.0500019
0.0500019
0.0496111
0.0500019
0.0500021
0.0500011
0.0500019
0.0500019
0.0500002
0.0500028
0.0504408
0.0500009
0.0500019
0.0500023
0.0500009
0.0500019
0.0500011
0.0500019
0.0499859
0.0516095
0.0500011
0.0500019
0.0500011
0.0500021
0.0500009
0.0500021
0.0500019
0.0524611
0.0500019
0.0500009
0.0500021
0.0500009
0.0500019
0.0500023
0.0500009
0.0523083
0.0500009
0.0500023
0.0500019
0.0500019
0.0500002
0.0500019
0.0500019
0.050916
0.0500019
0.0500011
0.0500021
0.0500007
0.0500052
0.049999
0.0500031
0.05
0.0500009
0.0500021
0.0500011
0.0500019
0.0500011
0.0500019
0.0500019
0.0500011
0.0500021
0.0500009
0.0500021
0.0500009
0.0500019
0.0500021
0.0500009
0.0500021
0.0485442
0.0500021
0.0500021
0.0500011
0.0500019
0.0500009
0.0500021
0.0500019
0.0483131
0.0500019
0.0500009
0.0500011
0.0500021
0.0500019
0.0500011
0.0500088
0.0487728
0.0500023
0.0500009
0.0500019
0.0500011
0.0500019
0.0500021
0.0500011
0.0491509
0.0500011
0.0500019
0.0500009
0.0500021
0.0500021
0.0500009
0.0500021
0.0489364
0.0500019
0.0500011
0.0500031
0.05
0.0500021
0.0500019
0.0500009
0.0489614
0.0500021
0.0500009
0.0500019
0.0500023
0.0500009
0.0500011
0.0500019
0.0500548
0.0494702
0.0500009
0.0500023
0.0500009
0.0500021
0.0500019
0.0500009
0.0500023
0.0502326
0.0500021
0.0500009
0.0500021
0.0500019
0.0500009
0.0500021
0.0500021
0.050967
0.0500009
0.0500021
0.0500019
0.0500021
0.0500011
0.0500019
0.0500009
0.0513685
0.0500011
0.0500019
0.0500019
0.0500011
0.0500009
0.0500021
0.0500021
0.050029
0.0499029
0.0500021
0.0500009
0.0500021
0.0500021
0.0500009
0.0500021
0.0500009
0.0492551
0.0500009
0.0500019
0.0500021
0.0500009
0.0500021
0.0500011
0.0500019
0.0490546
0.0500021
0.0500021
0.0500019
0.0500009
0.0500011
0.0500019
0.0500021
0.049475
0.0500011
0.0500021
0.0500019
0.0500011
0.0500019
0.0500019
0.0500011
0.0505173
0.0500021
0.0500009
0.0500021
0.0500021
0.0500009
0.0500019
0.0500011
0.051703
0.0500009
0.0500021
0.0500021
0.0500009
0.0500019
0.0500011
0.0500019
0.0524859
0.0500019
0.0500023
0.0500009
0.0500028
0.0500002
0.0500019
0.0500021
0.0500011
0.052119
0.0500009
0.0500011
0.0500009
0.0500019
0.0500011
0.0500019
0.050035
0.0497882
0.0500011
0.0500019
0.0500019
0.0500011
0.0500019
0.0500009
0.0500023
0.0450599
0.0500023
0.0500019
0.0500009
0.0500021
0.0500009
0.0500021
0.0500011
0.0478151
0.0500021
0.0500009
0.0500019
0.0500011
0.0500021
0.0500019
0.0500011
0.0494075
0.0500009
0.0500021
0.0500021
0.0500009
0.0500021
0.0500009
0.0500009
0.0500894
0.0499232
0.0500009
0.0500019
0.0500011
0.0500019
0.0500009
0.0500023
0.0500009
0.0502298
0.0500023
0.0500009
0.0500019
0.0500011
0.0500019
0.0500021
0.0500011
0.050185
0.0500019
0.0500019
0.0500021
0.0500009
0.0500021
0.0500011
0.0500019
0.0511236
0.050005
0.0499992
0.0500009
0.0500019
0.050004
0.049998
0.0500019
0.0505748
0.0500019
0.0500019
0.0500011
0.0500019
0.0500009
0.0500023
0.0500009
0.0504158
0.0500019
0.0500011
0.0500021
0.0500009
0.0500021
0.0500019
0.0500009
0.0500011
0.0501575
0.0500019
0.0500023
0.0500009
0.0500019
0.0500011
0.0500019
0.0500021
0.0498912
0.0500011
0.0500031
0.05
0.0500021
0.0500019
0.0500011
0.0500128
0.0494096
0.0500019
0.0500009
0.0500021
0.0500009
0.0500021
0.0500011
0.0500019
0.0487285
0.0500009
0.0500021
0.0500011
0.0500019
0.0500009
0.0500021
0.0500009
0.0491593
0.0500021
0.0500009
0.0500019
0.0500011
0.0500019
0.0500009
0.0500033
0.0497684
0.0500011
0.0500019
0.0500021
0.0500011
0.0500019
0.0500011
0.0500019
0.050055
0.0501068
0.0500009
0.0500019
0.0500011
0.0500021
0.0500009
0.0500021
0.0500019
0.0509062
0.0500021
0.0500009
0.0500019
0.0500011
0.0500021
0.0500011
0.0500019
0.0508196
0.0500019
0.0500011
0.0500019
0.0500009
0.0500023
0.0500007
0.0500021
0.0493701
0.0500019
0.0500011
0.0500021
0.0500059
0.0499971
0.0500009
0.0500019
0.0492239
0.0499053
0.0500019
0.0500009
0.0500021
0.0500009
0.0500019
0.0500023
0.0500009
0.0497842
0.0500009
0.0500021
0.0500009
0.0500021
0.0500021
0.0500009
0.0500019
0.0500741
0.0500021
0.0500019
0.0500011
0.0500019
0.0500011
0.0500019
0.0500021
0.0518489
0.0500021
0.0500009
0.0500019
0.0500011
0.0500021
0.0500009
0.0500021
0.0532632
0.0500019
0.0500011
0.0500019
0.0500009
0.0500021
0.0500021
0.0500009
0.0493176
0.0500009
0.0500021
0.0500009
0.0500021
0.0500009
0.0500021
0.0500021
0.0504568
0.0500023
0.0500019
0.0500011
0.0500019
0.0500019
0.0500011
0.0500021
0.0500009
0.0529976
0.0500009
0.0500021
0.0500009
0.0500031
0.05
0.0500021
0.0500259
0.0508292
0.0500009
0.0500021
0.0500011
0.0500019
0.0500019
0.0500011
0.0500019
0.0500009
0.0500023
0.0500009
0.0500021
0.0500019
0.0500009
0.0500021
0.0500009
0.0491159
0.0500009
0.0500023
0.0500019
0.0500009
0.0500021
0.0500009
0.0500019
0.047245
0.0500007
0.0500014
0.0500019
0.0500019
0.0500011
0.0500019
0.0500009
0.0484617
0.049933
0.0500019
0.0500009
0.0500023
0.0500019
0.0500009
0.0500021
0.0500009
0.0489526
0.0500009
0.0500019
0.0500014
0.0500019
0.0500019
0.0500011
0.0500019
0.0498703
0.0500019
0.0500019
0.0500019
0.0500011
0.0500021
0.0500011
0.0500019
0.050519
0.0500011
0.0500019
0.0500021
0.0500019
0.0500011
0.0500009
0.0500021
0.0527709
0.0500019
0.0500009
0.0500023
0.0500019
0.0500009
0.0500021
0.0500009
0.0531466
0.0500011
0.0500019
0.0500021
0.0500011
0.0500019
0.0500011
0.0500019
0.0500021
0.0500011
0.0500009
0.0500028
0.0500011
0.0500009
0.0500019
0.0500023
0.0500009
0.0498157
0.0500023
0.0500009
0.0500019
0.0500021
0.0500009
0.0500019
0.0500011
0.0477748
0.0500009
0.0500021
0.0500021
0.0500009
0.0500021
0.0500009
0.0500019
0.0482883
0.0500019
0.0500009
0.0500021
0.0500021
0.0500007
0.0500023
0.0500009
0.0493047
0.0500009
0.0500033
0.0500009
0.0500009
0.0500021
0.0500019
0.0500009
0.0492566
0.0500011
0.0500019
0.0500011
0.0500019
0.0500009
0.0500023
0.0500019
0.050703
0.0499611
0.0500019
0.0500021
0.0500009
0.0500019
0.0500011
0.0500021
0.0500011
0.0525453
0.0500011
0.0500019
0.0500019
0.0500011
0.0500019
0.0500009
0.0500023
0.0507307
0.0500009
0.0500021
0.0500009
0.0500019
0.0500023
0.0500009
0.0500019
0.0506427
0.0499997
0.0500033
0.0500009
0.0500059
0.0499971
0.0500009
0.0500019
0.0504849
0.0499179
0.0500021
0.0500009
0.0500019
0.0500011
0.0500021
0.0500011
0.0493047
0.0500011
0.0500019
0.0500023
0.0500009
0.0500019
0.0500011
0.0500019
0.0500009
0.0490081
0.0500019
0.0500021
0.0500011
0.0500019
0.0500009
0.0500021
0.0500021
0.0470288
0.0500011
0.0500021
0.0500019
0.0500011
0.0500009
0.0500019
0.0500011
0.0481231
0.0500021
0.0500009
0.0500021
0.0500009
0.0500019
0.0500011
0.0500019
0.0490429
0.0500021
0.0500019
0.0500011
0.0500019
0.0500009
0.0500021
0.0500009
0.0494828
0.0500021
0.0500009
0.0500023
0.0500009
0.0500019
0.0500021
0.0500009
0.0499997
0.0500009
0.0500021
0.0500009
0.0500019
0.0500011
0.0500021
0.0500011
0.0500157
0.0508764
0.0500009
0.0500019
0.0500011
0.0500019
0.0500014
0.0500019
0.0500009
0.0545578
0.0500021
0.0500011
0.0500019
0.0500009
0.0500021
0.0500009
0.0500019
0.0521801
0.0500009
0.0500021
0.0500021
0.0500009
0.0500021
0.0500009
0.0500019
0.0500381
0.0500019
0.0500011
0.0500019
0.0500021
0.0500011
0.0500009
0.0500021
0.051012
0.0499468
0.0500023
0.0500009
0.0500019
0.0500011
0.0500019
0.0500009
0.0500023
0.0500019
0.0500009
0.0500021
0.0500009
0.0500019
0.0500011
0.0500021
0.0500021
0.0500009
0.0500019
0.0500021
0.0500009
0.0500021
0.0500021
0.0500009
0.0500009
0.0493762
0.0500011
0.0500019
0.0500021
0.0500011
0.0500019
0.0500009
0.0500021
0.0484383
0.049906
0.0500011
0.0500019
0.0500009
0.0500021
0.0500009
0.0500021
0.0490205
0.0500011
0.0500019
0.0500011
0.0500019
0.0500009
0.0500023
0.0500019
0.0476756
0.0500021
0.0500009
0.0500021
0.0500021
0.0500019
0.0500009
0.0500023
0.0500009
0.0483763
0.0500019
0.0500019
0.0500011
0.0500019
0.0500009
0.0500023
0.0500009
0.0489376
0.0500009
0.0500023
0.0500009
0.0500019
0.0500011
0.0500019
0.0500019
0.0495653
0.0500021
0.0500009
0.0500019
0.0500011
0.0500021
0.0500019
0.0500011
0.0499139
0.0500011
0.0500019
0.0500019
0.0500023
0.0500009
0.0500019
0.0500011
0.0510297
0.0500021
0.05
0.0500062
0.049998
0.0500009
0.0500021
0.0500009
0.0561917
0.0499823
0.0500019
0.0500009
0.0500021
0.0500009
0.0500021
0.0500021
0.0500009
0.0493681
0.0500007
0.0500021
0.0500011
0.0500019
0.0500019
0.0500011
0.0500021
0.0485194
0.0500021
0.0500019
0.0500021
0.0500011
0.0500019
0.0500009
0.0500011
0.0485668
0.0500021
0.0500031
0.0499997
0.050004
0.0499992
0.0500009
0.0500021
0.0486436
0.049943
0.0500011
0.0500019
0.0500009
0.0500023
0.0500019
0.0500009
0.0490286
0.0500011
0.0500019
0.0500011
0.0500019
0.0500021
0.0500011
0.0500019
0.0500009
0.0494435
0.0500023
0.0500019
0.0500009
0.0500021
0.0500009
0.0500009
0.0500021
0.0494969
0.0500011
0.0500019
0.0500009
0.0500023
0.0500009
0.0500019
0.0500011
0.0500109
0.0499032
0.0500019
0.0500011
0.0500019
0.0500019
0.0500011
0.0500021
0.051163
0.0500023
0.0500009
0.0500019
0.0500021
0.0500009
0.0500019
0.0500011
0.0503173
0.0500007
0.0500023
0.0500019
0.0500019
0.0500011
0.0500021
0.0500009
0.0496767
0.0500009
0.0500021
0.0500009
0.0500021
0.0500011
0.0500019
0.0500009
0.0500021
0.0494876
0.0500021
0.0500011
0.0500019
0.0500019
0.0500011
0.0500019
0.0500009
0.0494015
0.0500009
0.0500019
0.0500021
0.0500009
0.0500019
0.0500011
0.0500021
0.0497456
0.0500011
0.0500019
0.0500021
0.0500011
0.0500009
0.0500021
0.0500019
0.0498669
0.0500019
0.0500011
0.0500019
0.0500011
0.0500019
0.0500009
0.0500023
0.0501835
0.0499823
0.0500009
0.0500019
0.0500021
0.0500009
0.0500021
0.0500011
0.0499861
0.0500515
0.0500021
0.0500019
0.0500009
0.0500023
0.0500009
0.0500019
0.0500011
0.0499535
0.0500011
0.0500031
0.0500009
0.0500011
0.0500019
0.0500019
0.0500011
0.0504086
0.0500009
0.0500019
0.0500011
0.0500019
0.0500009
0.0500023
0.0500007
0.0498016
0.0499468
0.0500009
0.0500023
0.0500009
0.0500021
0.0500009
0.0500019
0.049938
0.0500019
0.0500019
0.0500014
0.0500019
0.0500009
0.0500021
0.0500009
0.0499613
0.0500019
0.0500011
0.0500019
0.0500011
0.0500019
0.0500021
0.0500011
0.0500827
0.0497291
0.0500021
0.0500009
0.0500019
0.0500023
0.0500009
0.0500019
0.0500011
0.0500889
0.049911
0.0500021
0.0500011
0.0500019
0.0500011
0.0500019
0.0500009
0.0514586
0.0500019
0.0500009
0.0500023
0.0500007
0.0500023
0.0500009
0.0500019
0.0484564
0.0500021
0.0500021
0.0500019
0.0500011
0.0500009
0.0500021
0.0500019
0.0500996
0.0500019
0.05
0.0500021
0.0500019
0.0500009
0.0500023
0.0500009
0.050189
0.0499957
0.0500023
0.0500007
0.0500021
0.0500011
0.0500019
0.0500011
0.0500019
0.0499699
0.0500011
0.0500021
0.0500009
0.0500021
0.0500009
0.0500019
0.0500011
0.050072
0.0500019
0.0500009
0.0500021
0.0500019
0.0500009
0.0500011
0.0500021
0.0500216
0.0500007
0.0500023
0.0500009
0.0500019
0.0500021
0.0500009
0.0500009
0.0500424
0.0499933
0.0500009
0.0500019
0.0500011
0.0500019
0.0500009
0.0500023
0.0499394
0.0500009
0.0500019
0.0500011
0.0500019
0.0500009
0.0500023
0.0500019
0.0501125
0.0500019
0.0500011
0.0500021
0.0500019
0.0500011
0.0500019
0.0500009
0.0500021
0.0499585
0.0500011
0.0500019
0.0500009
0.0500011
0.0500021
0.0500021
0.0500009
0.0500314
0.0499561
0.0500019
0.0500011
0.0500019
0.0500009
0.0500023
0.0500019
0.04984
0.0500021
0.0500011
0.0500019
0.0500009
0.0500021
0.0500021
0.0500009
0.0500956
0.0500009
0.0500021
0.0500019
0.0500021
0.0500011
0.0500019
0.0500009
0.0501349
0.0500023
0.0500009
0.0500019
0.0500021
0.050005
0.0499969
0.0500023
0.0499785
0.0500863
0.0499167
0.0500009
0.0500023
0.0500009
0.0500019
0.0500021
0.0500009
0.0498991
0.0500011
0.0500019
0.0500009
0.0500021
0.0500009
0.0500021
0.0500021
0.050468
0.0500021
0.0500021
0.0500009
0.0500019
0.0500011
0.0500019
0.0500011
0.049741
0.0500011
0.0500019
0.0500019
0.0500011
0.0500019
0.0500009
0.0500023
0.0501471
0.0500019
0.0500009
0.0500021
0.0500009
0.0500019
0.0500023
0.0500009
0.050128
0.0500009
0.0500023
0.0500009
0.0500019
0.0500021
0.0500009
0.0500019
0.0500011
0.0496998
0.0500009
0.0500021
0.0500019
0.0500009
0.0500021
0.0500009
0.0500021
0.0505705
0.0500009
0.0500009
0.0500021
0.0500019
0.0500019
0.0500011
0.0500009
0.0501366
0.0499978
0.0500023
0.0500009
0.0500019
0.0500021
0.0500009
0.0500021
0.0495162
0.0500021
0.0500009
0.0500019
0.0500023
0.0500009
0.0500019
0.0500011
0.0500469
0.0500009
0.0500023
0.0500019
0.0500019
0.0500011
0.0500009
0.0500019
0.0497019
0.0500021
0.0500009
0.0500021
0.0500011
0.0500009
0.0500021
0.0500009
0.0500019
0.0500278
0.0499599
0.0500011
0.0500019
0.0500021
0.0500011
0.0500019
0.0500009
0.0499418
0.0500011
0.0500019
0.0500009
0.0500021
0.0500021
0.0500009
0.0500021
0.0498304
0.0500009
0.0500011
0.0500019
0.0500019
0.0500023
0.0500019
0.0500009
0.0502515
0.0500019
0.0500011
0.0500019
0.0500009
0.0500023
0.0500009
0.0500069
0.0501149
0.0500801
0.049922
0.0500019
0.0500021
0.0500011
0.0500019
0.0500009
0.0500021
0.0499372
0.0500021
0.0500009
0.0500021
0.0500021
0.0500009
0.0500021
0.0500009
0.0497611
0.0500021
0.0500009
0.0500019
0.0500023
0.0500009
0.0500011
0.0500028
0.049937
0.0500009
0.050005
0.049998
0.0500019
0.0500011
0.0500031
0.0499997
0.049948
0.0500002
0.0500019
0.0500019
0.0500011
0.0500021
0.0500009
0.0500021
0.0502965
0.0500019
0.0500009
0.0500023
0.0500019
0.0500009
0.0500021
0.0500019
0.0501244
0.0500009
0.0500021
0.0500019
0.0500009
0.0500023
0.0500019
0.0500009
0.0500021
0.0498331
0.0500021
0.0500009
0.050004
0.049999
0.0500021
0.0500021
0.0500009
0.0500054
0.0499992
0.0500019
0.0500009
0.0500021
0.0500009
0.0500019
0.0500011
0.0500817
0.0500009
0.0500019
0.0500021
0.0500009
0.0500023
0.0500007
0.0500021
0.0496979
0.0500023
0.0500019
0.0500009
0.0500021
0.0500021
0.0500009
0.0500021
0.0500085
0.0500009
0.0500011
0.0500019
0.0500011
0.0500021
0.0500007
0.0500023
0.0506916
0.0500352
0.0499678
0.0500011
0.0500019
0.0500009
0.0500023
0.0500009
0.0500019
0.0498621
0.0500019
0.0500021
0.0500009
0.0500021
0.0500011
0.0500019
0.0500009
0.0494723
0.0500019
0.0500009
0.0500021
0.0500019
0.0500009
0.0500023
0.0500009
0.0500224
0.0500021
0.0500009
0.0500019
0.0500011
0.0500021
0.0500011
0.0500019
0.0504994
0.0500729
0.0499301
0.0500021
0.0500009
0.0500019
0.0500011
0.0500019
0.0500364
0.0500021
0.0500019
0.0500009
0.0500021
0.0500009
0.0500021
0.0500011
0.0500019
0.0496864
0.0500011
0.0500021
0.0500009
0.0500031
0.0500009
0.0500011
0.0500019
0.050339
0.0500019
0.0500009
0.0500021
0.0500021
0.0500007
0.0500023
0.0500009
0.0499778
0.0500009
0.0500019
0.0500011
0.0500021
0.0500011
0.0500019
0.0500009
0.0500376
0.0500021
0.0500009
0.0500021
0.0500009
0.0500019
0.0500021
0.0500009
0.0500069
0.0500009
0.0500021
0.0500009
0.0500031
0.0500011
0.0500019
0.0500009
0.0499926
0.0500009
0.0500019
0.0500011
0.0500019
0.0500011
0.0500019
0.0500009