4462
4482
4545
4621
4541
4622
4546
4550
4537
4447
4374
4242
4168
4073
4172
4216
4326
4435
4363
4507
4577
4602
4622
4632
4668
4662
4680
4650
4727
4665
4643
4596
4612
4671
4680
4588
4552
4680
4601
4629
4580
4574
4445
4319
4282
4164
4047
4097
4140
4197
4273
4365
4392
4329
4396
4319
4329
4266
4170
4134
4028
3949
4016
4015
3853
3923
3923
3949
3975
4065
4232
4244
4337
4501
4596
4593
4597
4610
4667
4595
4531
4544
4393
4168
3928
3962
3975
3975
4000
3780
3834
3733
3670
3483
3373
3415
3456
3660
3984
4232
4321
4159
4050
4115
4097
4106
4245
4325
4334
4402
4348
4322
4301
4299
4382
4428
4481
4399
4340
4160
4137
3977
3921
3864
3801
3777
3834
3869
3966
4041
3949
3922
3953
4001
4005
4034
4112
4175
4152
4077
4136
4176
4138
4111
4062
3995
3896
3941
3886
3781
3801
3813
3851
3877
3949
3972
3888
3886
3879
3835
3871
3772
3736
3749
3748
3716
3718
3764
3897
3909
3940
3832
3934
3798
3723
3811
3920
3943
4041
4252
4501
4678
4832
4967
4926
4931
5116
5024
4841
4662
4714
4683
4762
4802
4856
4908
4978
4923
4897
5119
5145
5042
4772
4252
3943
3879
3788
3644
3595
3616
3629
3485
3410
3439
3704
3802
3914
3921
3858
3836
3767
3926
3602
3838
3704
3826
3829
3791
3591
3486
3356
3513
3588
3647
3515
3494
3424
3430
3396
3293
3301
3255
2956
2781
2771
2737
2835
2872
2996
3005
3149
3378
3341
3303
3193
3097
2976
3224
3030
3190
2842
3047
2679
2679
2698
2696
2722
2697
3036
3121
3234
3242
3254
3237
3183
3035
2932
2717
2765
2564
2404
2172
2317
2408
2515
2555
2413
2613
2852
2972
3165
3513
3643
3539
3472
3558
3483
3498
3601
3621
3644
3796
3730
3945
4361
4228
4777
4820
5151
5543
6035
5875
5204
5553
5250
5205
5258
5315
5267
5300
5541
5525
5481
5352
5217
5020
4766
4416
4241
3886
3727
3685
3655
3595
3581
3198
2962
2868
2867
2923
2974
3099
3360
3411
3479
3638
3648
3815
3694
3798
3769
3850
3988
3874
3807
3873
3870
3847
3896
3908
3879
3976
4005
3992
3918
3869
3756
3800
3664
3679
3581
3460
3477
3566
3701
3843
3832
3754
3719
3727
3777
3700
3737
3684
3718
3781
3748
3634
3767
3725
3628
3587
3526
3559
3567
3627
3571
3636
3645
3750
3832
3823
3860
3770
3895
3621
3794
3861
3956
4013
3940
4038
3963
3987
4082
4064
3912
3933
3894
3927
3962
3937
4004
4008
4006
4313
4178
4221
4278
4395
4442
4398
4012
3938
3976
3948
3966
3981
4203
4072
4118
4127
4215
4223
4354
4213
4041
3969
4087
3863
3681
3317
3115
3003
3354
3392
3583
3698
3761
4029
3898
3975
3998
4127
3953
3976
3954
3706
3595
3451
3565
3512
3508
3589
3610
3679
3723
3668
3465
3364
3408
3474
3620
3503
3435
3375
3218
3179
3101
3124
3131
3055
3133
3082
3096
3053
2823
2717
2450
2467
2424
2554
2433
2658
2693
3023
3330
3496
3426
3227
3251
3274
3286
3118
3447
3800
3807
4014
4123
4293
4555
4897
5063
5106
4447
3563
3543
3529
3610
3908
4100
3335
2805
2774
2691
2451
2465
2570
2619
2858
2792
2916
3342
3605
3651
3421
3632
3579
3571
3565
3571
3480
3384
3402
3453
3445
3421
3493
3333
3576
3575
3611
3589
3568
3490
3318
3649
3609
3555
3710
3598
3747
3814
3835
3883
3827
3872
3867
3817
3807
3738
3717
3696
3697
3566
3566
3490
3451
3389
3410
3294
3222
3269
3163
3172
3089
3075
3199
3236
3318
2937
2867
3046
3095
3082
3360
3203
3091
3185
3264
3273
3295
3465
3442
3566
3457
3577
3666
3566
3697
3830
3832
3944
4042
4180
4261
4468
4215
4344
4291
4194
4320
4632
5039
5207
5517
5912
6405
7009
7464
8012
8485
8479
8544
8458
8361
8309
8455
8580
8972
8995
9176
9430
9296
9558
9945
9961
10081
9993
9996
10332
10669
10639
10391
10278
10163
10423
10313
10583
10957
11054
11232
11177
11419
11562
11307
10803
10662
10973
10757
10799
10438
10068
9843
9616
9743
9714
9740
10032
9708
9860
9157
8855
8914
8771
8882
8558
8228
7613
7001
6753
6748
6435
6269
6447
6562
7385
7764
8206
8524
8498
8129
7156
7178
7522
6582
5965
5969
6104
5983
5637
5404
5661
5819
5940
5779
6154
6457
6829
6809
6900
6458
6101
6066
5998
5889
6129
5939
6012
5800
5934
5628
5406
5036
5150
5174
5193
5424
5619
5669
5619
5683
5592
5550
5759
5722
5927
5773
5620
5900
6180
6298
6495
6500
6453
6452
6491
6533
6596
6691
6790
6844
6940
7063
6974
7020
6987
6909
6783
6749
6637
6492
6524
6519
6602
6572
6498
6466
6448
6413
6306
6246
6122
6173
6151
6065
6125
6145
6120
6032
5954
5968
5997
5948
6039
6008
6040
6014
6045
5994
5970
6011
5937
5906
6027
5939
5981
5954
5884
5933
5938
5906
5976
5940
5939
5935
5964
5974
5976
5951
5950