6243
6216
6311
6329
6194
6196
6112
6250
6228
6139
6034
6152
6238
6585
6797
6667
6578
6429
6599
6588
6608
6328
6388
6550
6561
6367
6218
6303
6369
6423
6390
6380
6277
6234
6263
6401
6639
7079
7378
7156
7524
7502
7511
7403
7373
7326
7520
7811
8247
8489
8818
9180
9913
10736
11708
12757
13227
13570
14322
14860
15103
15792
16391
16567
16430
15552
15425
15505
15314
15645
16282
17005
16654
15968
15145
14733
14987
15180
15613
16149
16259
16277
16431
17005
17602
17035
15998
15449
15122
14354
13758
13853
13548
13932
14879
15572
15234
14333
13687
13119
12832
12256
11862
10779
9853
10423
10836
11262
11134
10753
10493
10647
10462
10618
11152
10965
11655
12243
12537
12990
13003
13156
13269
13391
13539
14000
14579
14902
15263
15467
15237
14771
14612
14841
14999
15056
14700
14451
13976
14227
13947
13477
13821
14620
14932
15005
15219
14448
13716
13534
12577
13348
12947
12053
12359
13275
13652
13599
13365
12501
12100
11943
12401
12550
13350
13675
13600
12301
12381
12336
11979
12047
12122
12174
12688
13503
13938
14367
13683
13951
13723
13530
13462
13227
12983
13174
13167
12743
12036
12153
11844
11570
11921
12173
12082
11919
11102
10926
10860
10647
10933
10556
10185
10444
10012
9741
9589
9852
9737
9718
9821
9939
10146
9679
9583
9331
9835
10290
10447
10619
10386
10250
10320
10303
10505
10721
10844
11297
11358
11541
11612
11785
11291
11147
10451
10396
10008
9240
8618
8564
8641
8323
7701
7277
7001
6948
6858
6793
6799
6968
6478
6585
6632
6441
6180
6358
6340
6528
6473
6514
6421
7620
10030
14219
14900
14500
14503
14145
14141
14178
14332
14522
14524
14334
14612
15351
14661
13320
14797
13874
12249
13833
13831
14448
14696
14727
14760
14424
14198
13832
13552
12781
12945
13041
13181
13075
12593
12189
11344
10942
11142
11149
11211
10927
10754
10315
9841
9359
9164
9398
9134
9087
9223
9238
8892
8570
8179
7769
7741
7282
7225
7202
7022
7139
7249
7604
7758
8025
8022
8056
8057
8091
7915
8006
8108
7886
8030
8276
8558
8804
9118
9062
8839
8922
8696
8399
8521
8470
8687
8914
9462
9193
8843
8937
9367
9761
9997
10435
10678
10174
10077
10189
10210
10469
10573
10487
10237
10444
10764
11412
11098
10817
10311
9720
9930
10206
10432
10186
10043
10304
10662
11215
11158
11007
11383
11676
12151
12539
12805
12639
12642
12436
12715
12847
13161
13732
14307
14517
14696
14962
14966
14800
14641
14619
14869
14751
14754
14841
14636
14334
14200
14312
14253
14414
14715
14809
14885
14883
14647
14048
13814
13498
12756
12660
12876
12438
12271
12160
12055
11762
11529
11777
12223
12373
12414
12165
12086
12346
12308
11946
11693
11732
11758
11694
11723
11672
11307
11265
10834
10594
10119
10359
10345
9980
10014
9706
9817
10134
10867
10547
10700
10623
10143
9719
9496
9397
9593
10001
10398
10726
11101
11290
11004
11096
11007
11000
11193
11565
11415
11625
11668
12017
12139
12357
12393
12383
12405
12588
13028
13097
12921
13007
13216
12949
12585
11975
11262
10338
10082
9562
9426
9565
9596
9884
9934
9682
9724
9223
8553
8798
9166
9447
9579
8910
8968
8955
9193
8702
8704
8866
8856
8925
8696
8986
9026
8893
9454
10187
10648
10742
10109
9504
9380
8826
9084
9177
8828
9092
9220
9483
9802
10374
10595
10851
10742
10309
10414
10342
10718
11179
11092
11473
11696
12333
12602
12779
12860
13061
13030
13565
13910
14458
14966
15260
15281
15950
16182
15790
16079
14989
16090
15211
14655
14294
13101
13263
13564
13894
14399
14574
14378
14712
15027
14990
15181
15691
16109
16106
15863
15045
15337
15696
16046
16396
16619
16973
16708
16506
16740
17133
16810
15654
15105
14798
14648
14451
14823
14940
15122
15400
15414
15630
16328
16466
15598
14262
13922
12913
12043
11730
11518
11357
11511
11808
12429
13051
13582
14604
14774
14427
14160
13866
13957
13769
13457
12690
11452
10915
10327
10476
10653
11280
12030
12755
12987
13860
14165
14050
14198
14090
14145
14112
13973
13976
14499
14878
15450
15438
15219
15187
14941
14539
13901
13229
13248
13700
14975
15358
16164
16668
17174
17480
16103
15613
15107
14812
14655
14799
15409
15924
15852
15617
15572
14520
13770
13445
13323
13296
13408
13638
13169
12750
12339
11978
12104
11388
11552
12248
12545
12989
13634
14777
16051
16153
15397
15013
15039
15163
15432
15867
16558
17307
17805
17810
17347
16585
15894
15676
16127
16601
16336
16486
16127
16386
16398
16957
17064
16165
15439
14899
14815
15231
15427
15863
15730
15444
15367
15461
15693
15161
13576
12954
12665
12421
12916
13688
14926
16057
16580
15702
14855
15116
15842
16646
17430
17367
17220
17025
16360
15769
15715
15576
15304
15219
15591
15422
15021
15065
15118
15356
15237
14948
15297
15296
15130
15256
15408
15437
15152
15150
14688
14558
14570
14823
14596
14694
14230
14593
14433
14386
13935
13520
12704
12111
11604
12015
12862
13106
12748
11769
11132
10051
9277
8866
9399
9983
10919
12148
13727
14144
14208
14303
14272
13414
12928
12224
11513
11094
10842
10713
10553
10589
10164
9461
9243
9826
10808
11538
11424
11987
12424
12517
12616
12485
12820
12762
12865
12869
12275
11020
10152
9307
9381
10130
11392
12721
12997
13424
14459
15484
15777
15823
15662
15436
15751
15458
15748
16248
16541
16759
15824
14888
14087
14375
14340
14465
14318
14092
14239
14219
13913
13704
13716
13292
12960
12448
12234
12337
12765
12628
12916
13529
13633
13052
12968
12874
12502
12269
12198
12233
12499
12811
13058
13377
13948
14926
15554
15692
15335
14759
14455
14202
13972
13639
13406
13291
13540
13744
13872
14043
14302
14392
14322
13949
14158
14163
14620
15224
15188
14639
14461
14223
14077
13419
13184
12789
12521
11875
11229
10960
10729
11081
11505
11429
11517
11553
11692
11827
12000
12159
12388
12466
12971
13456
13599
13540
13475
13221
13120
12963
12777
12681
12823
13054
13111
12777
12192
12033
11712
11171
10590
10153
9770
9078
8662
8516
8849
9498
9726
9949
10311
10639
11031
11252
11250
11276
11697
11681
11963
11547
11213
10934
10770
10986
11069
11064
11077
10679
10403
10396
10153
10134
10220
10537
10621
10849
11035
11038
11088
10976
11056
11280
11279
11226
11420
11115
11469
11514
11779
12129
12091
12069
12443
12470
12804
12494
12728
13303
13374
13480
13644
14362
14057
14281
13862
13338
13607
13446
13328
13472
13411
13732
13895
14203
14578
15029
15126
15483
15572
15935
16147
15991
15492
14515
13920
13219
12700
12952
13266
13766
13877
13634
13245
13028
13030
13265
13538
13820
14281
15177
15389
14776
14436
13999
13787
13970
14216
14585
14964
15055
15075
14835
14615
14661
14950
15505
16269
16745
16456
16837
16739
16202
15834
16335
16493
16767
16760
16370
15917
14960
13961
13398
13415
13508
13976
14208
14591
15113
14973
14305
13757
13563
13425
13132
13445
13395
13329
13247
13426
13327
12648
12124
12179
12300
12367
12582
12779
12493
12312
11825
11969
12050
12628
12602
12362
12007
11939
12212
12154
12244
12161
12108
12031
11417
10934
10586
10734
10787
10572
10430
10204
10330
9944
9557
9473
9171
8827
8632
8332
8572
8211
8183
8267
8361
8523
8841
9264
9759
9762
9843
10006
10062
10161
10223
10392
10669
10809
10847
11087
11276
11435
11703
12186
12036
11943
11999
11843
11723
11626
11739
11766
11726
11711
11828
12170
12223
12332
12075
11595
11621
11592
11208
11213
11620
11161
10902
10370
10389
10674
11207
11640
11596
11001
10696
10648
9970
9123
7922
7734
7643
7481
7403
7576
7755
8445
9045
9948
11035
11864
11739
11438
10752
10316
10258
10318
10259
9890
9834
9661
9677
9642
9562
9386
9467
9391
9484
9575
9565
9648
9800
9793
9865
9538
9440
8949
9234
8991
9048
9362
9654
9958
10033
9981
10045
9800
9667
9506
9404
9403
9622
10277
11986
12550
13031
12394
12135
11964
12283
12354
12185
12119
11760
11434
11365
11188
11240
11470
11241
10974
10762
10431
9908
9850
9436
8987
8987
8719
8671
8545
8468
8042
8452
8382
8477
8495
8561
8463
8191
8669
8470
8901
9092
9164
9479
9303
10164
10435
10861
11390
11976
12369
12840
13136
13388
13696
13954
13908
13779
13679
13340
13207
13272
13532
13588
13650
13704
13733
13700
13905
14057
14285
14578
15018
15213
15100
15618
15800
15975
15976
16077
15721
15718
15644
15690
15398
15217
15226
15160
15226
14753
14176
13987
13591
13380
13370
13289
13184
13195
13141
13405
13391
12822
12240
12279
12273
12642
12560
12575
12703
13245
13490
13744
14033
13974
14263
13970
14530
14987
15111
14881
15101
15071
14814
14455
14279
13887
13706
14001
14239
14381
14372
14391
13888
13634
13907
13948
14123
14063
13511
13436
13393
13646
13986
14186
13840
13917
13918
13857
13865
13771
13602
13105
12740
12507
12554
12769
12756
12988
12636
11755
10963
10137
9897
9676
9757
10079
10150
10415
11028
10884
10562
10446
10506
10597
10455
10706
10604
10819
10737
10568
10169
9931
9692
9393
8898
8058
8557
8610
8679
8718
8639
8778
8853
8863
8965
9056
9346
9648
10036
10487
10812
11139
11405
11526
11903
12339
12848
12914
12498
11964
11073
10789
10898
11237
11521
11239
10969
10494
10233
9983
10335
10675
10975
11279
11262
11171
11242
11425
11388
11238
11046
11030
11343
11846
12082
12212
12482
12817
12806
12790
12539
11988
11613
11539
11793
11469
10695
9968
9826
10052
10518
11027
10863
10802
10904
11229
11257
10690
10585
10886
11279
11784
11695
11188
11090
10717
10896
11222
11864
12094
12102
11770
11125
10815
10566
10373
10330
10371
10833
11024
11328
11346
11576
11811
12265
12226
12500
12846
13330
13248
13464
13551
13182
12581
12112
11738
11313
11163
11114
11421
11601
11837
12881
13509
13432
13496
13874
13935
13757
13425
13040
13093
13305
13160
12697
12179
11834
11501
11354
10961
10223
9903
9702
9732
9653
9723
9736
9841
9453
9320
9392
9431
9715
10104
10620
10306
10344
10620
10798
10811
11322
11046
11073
10809
10923
10933
11383
12017
11582
10947
10234
9732
8960
8512
8393
8139
8160
8251
8305
8634
9323
9882
10498
10289
9745
9699
9954
10100
10333
10581
10885
11584
11738
11051
10609
10687
10893
10963
11226
11493
11468
11441
11251
11467
11423
11238
11337
11088
10745
10485
10020
10258
10238
9962
9590
9054
8106
7536
7156
7038
7021
7040
7207
7607
7819
7850
8554
8945
9345
9829
10108
10184
10550
11244
11932
11746
11591
11625
11416
10620
9194
8425
8403
8495
8388
8022
7529
7869
8333
8983
9279
9147
8281
8433
8509
8498
9016
8954
8590
8253
8338
8564
8530
8215
8745
10131
11334
11781
10785
10838
10422
9982
10143
10048
9798
9605
9846
9525
9549
9432
9271
8992
8682
8216
7627
6806
6312
6785
7072
7207
7157
7096
7015
7206
7252
7316
7228
7317
7511
7389
7561
7421
7487
7617
7756
7954
8166
8434
8626
8803
9050
9079
9008
8465
8477
8576
9118
9627
10139
10035
10263
10723
10220
11171
11065
10860
10255
11204
10987
10556
11362
10787
10877
11014
10988
11609
10751
10825
11080
10042
9966
10032
9087
9162
9906
9321
9544
10070
9205
9220
9161
9132
8802
7780
7061
6373
5946
5819
5695
5564
5353
5401
5752
5865
6263
6637
7218
7423
8455
8231
9473
9242
10220
10587
10939
11564
12256
11911
11688
10870
10305
10249
10155
10198
10213
10245
10365
10381
10828
11107
11655
12085
12091
11396
10104
9364
8904
9108
9447
10201
11057
11484
11062
10565
10891
10714
10554
10741
10245
9636
9582
9655
9586
9229
9059
8817
8376
7957
7686
7648
7773
8130
8701
9387
9988
10518
10883
11335
11610
11583
10701
10163
9538
9534
9592
9738
9906
9555
9140
8586
8300
8269
8634
8931
9413
9653
10050
10680
10772
11362
11951
12349
12354
12218
12157
12807
13173
14030
14988
15583
15293
16417
15496
14706
14684
15552
16390
15895
17552
17035
16612
16500
16336
16424
16262
16055
15850
16412
16532
15985
15823
15906
16309
15932
15480
15970
16156
16572
16893
17060
16726
17134
17474
17556
17444
17127
18109
18245
17846
17657
17298
16578
15477
16156
16454
16440
16481
16689
16764
16519
16178
16414
16959
17068
16674
16406
15963
16187
16462
16510
16286
16414
16914
16646
16363
16442
16916
16581
16384
16037
16086
16037
16050
15385
15756
16010
15673
15877
15999
16145
16058
15538
15459
15414
15356
15254
15399
15402
15152
14893
14690
14721
14841
15268
15478
15706
15927
15987
15950
15593
15403
15095
15040
15046
15150
15001
14701
13924
12828
11856
11175
11520
11471
11902
12194
12486
12919
13361
13403
13037
12769
12518
12317
12043
12628
13084
13159
12763
12197
11780
11662
11366
10851
10630
10593
10600
10113
9471
9223
9089
9488
9794
10241
10855
11669
12510
13304
13455
13363
12957
12375
12058
11286
11488
12762
12580
11984
11621
11582
11848
12656
12882
12655
12700
12435
12189
12050
11565
11157
11108
11221
10936
10994
10935
10649
10049
9733
9706
9929
10569
11070
11756
12301
12048
11770
11779
11456
11208
10862
9676
9577
10276
10637
10162
9349
9142
8814
8355
7883
8029
7795
7502
7409
7580
7263
6888
6169
5920
5693
6339
6832
7375
7846
8151
8502
8521
8379
8267
9179
9002
8561
8286
8061
8080
8163
8750
9291
8958
9033
9219
9368
9457
9297
9701
9046
9079
9707
9795
9681
10300
10359
11029
10992
10894
10931
10994
10550
11218
12127
12432
12832
13179
13594
13157
13152
12963
12987
13103
12887
12743
13156
13385
13616
14217
14326
13793
12938
12224
11354
10401
10490
10626
10949
11518
12919
13499
13710
12719
12768
11692
12383
11266
10960
11293
11945
11324
11858
12906
12945
13466
13384
13706
14740
15620
16334
16517
16074
15985
15114
14394
13041
11837
11241
10764
10589
10867
11837
12552
13007
12304
12132
12865
13310
13807
14244
14185
13123
11841
10349
9580
9346
9022
9354
10056
9436
8935
9967
8577
7639
7554
7023
7646
8161
8571
9074
9909
11187
11884
11510
10891
10828
10853
11340
11682
12427
12149
11861
12526
13417
13526
13677
14380
14655
16592
16549
17796
16471
15767
15127
14557
14283
15056
15850
15971
14792
14381
14463
14772
14824
13952
13751
13826
13894
14637
15142
14990
14148
13900
13384
11664
12051
12324
12278
11921
12191
13073
14040
13543
12344
11111
10290
9933
9152
8949
9561
10324
10487
10547
10512
10974
11719
12024
12512
13267
14247
13916
13238
13628
12647
12700
13050
13708
13992
14059
13979
12977
12958
13066
13142
12787
12915
13143
13643
13625
13621
13401
13373
12172
11376
11326
10947
10296
9325
8377
8087
7952
7557
7315
6832
6525
6780
6730
6829
6740
6672
6399
6881
6707
6502
6566
6545
7194
7382
7231
7154
7844
8320
8195
9138
8870
8515
9149
9459
9549
9547
10212
10132
9906
9762
9119
8868
9856
10376
10563
11275
12103
13565
15354
16016
15606
15013
14507
13441
12953
12186
11551
11214
10806
10567
9636
8843
8624
9112
9514
10008
10960
11468
10938
10060
9507
9382
9706
9207
9041
8951
8701
8657
8605
9014
9182
9451
9674
9752
9836
9895
10061
10093
9582
8754
8482
8023
7670
7681
7169
7490
7147
7033
7028
6925
6838
6863
6834
7024
7100
7140
7116
7033
7026
7086
6861
6774
6779
6856
6837
6558
6363
6406
6717
6753
6650
6402
6338
6144
5944
5573
5631
5442
4923
4650
4780
5041
5353
5458
5332
5202
5381
5338
5250
4935
4619
4695
4891
5130
5348
5319
5476
5587
5969
6250
6780
7347
7301
7676
8020
8512
8784
9270
9673
10305
10683
11085
11355
11976
12159
12676
12888
13297
14189
13833
14465
14553
14529
13215
13442
13002
13608
13471
13889
13484
13788
14233
14435
14167
13637
12063
11678
12360
12565
13370
13580
13692
13721
14025
14609
14548
14037
13678
13594
13389
13324
13467
13554
13571
12571
12093
11876
12181
11787
11689
11210
10939
10774
10408
10282
10082
9561
9507
9273
9254
9337
9490
9408
9333
9331
9411
9481
9592
9756
9759
9507
9271
8980
8864
8705
8895
8694
8931
8970
8879
8493
8296
8739
9080
9675
10277
10905
11904
12850
13279
13442
13593
14012
14133
13936
13794
13838
13949
14060
14183
14123
13785
13219
12754
12491
12597
12384
12206
11936
11694
11780
11737
11471
11407
11392
11431
11583
11401
11083
10876
10785
10668
10945
10971
11271
11106
11003
10963
10796
10918
10903
11140
11562
12080
12423
12638
12420
12511
12514
12162
11601
11197
11054
10871
10768
10850
10870
11051
11543
11653
11646
11791
11682
11897
11922
12173
12336
12678
13021
13328
13959
14506
15048
15372
15442
15372
15860
16302
16373
16024
15719
15574
15386
15041
14635
14820
14821
14807
14817
15075
15192
14943
15430
16048
16115
16194
15907
15161
14896
14446
13979
13448
12757
12742
12447
12187
11817
11489
11340
11195
11348
12084
12538
13151
13921
13470
12598
12130
11910
11948
11173
10562
10198
10274
9867
9766
9808
10089
10160
10130
10296
10500
11853
12087
11179
10892
10614
10567
10885
11348
11494
11986
12119
12089
12086
11077
10848
10807
10641
10690
10965
11282
10900
11189
11318
11314
11093
11046
10822
10861
10827
10995
10810
10632
10985
10589
10512
10251
10408
10564
10475
11023
10556
10956
10587
11080
10341
10772
10424
10474
9933
10462
10440
10581
10752
11117
11113
11207
11658
11390
11535
11473
11182
10830
10674
9879
9528
9195
9169
9450
9559
9936
10346
10341
10564
10544
10784
11280
11738
11857
11651
11196
10807
10586
10333
10362
10149
10215
10191
9836
9266
9455
9587
9639
9872
10130
10469
10990
11334
11384
11552
12047
11918
11676
11549
11349
11233
11453
11726
11974
11706
11610
11214
11206
10363
9645
9495
9563
10138
10430
10928
11499
11711
11257
10863
10358
9968
10010
9953
10678
11185
12069
12408
12157
11548
10807
10846
11468
12169
12647
13218
13371
13550
13572
13882
14081
13767
13896
15486
16647
17073
16130
14998
13727
13080
12913
13430
13484
13360
13284
12449
11682
10878
10701
11402
11804
11499
10539
10793
10876
10853
11275
11793
11865
11935
12168
12336
13423
14455
15022
14336
13881
13854
13790
13561
12982
12577
11817
11061
10444
10195
9830
10216
10366
10934
11348
10825
10318
10239
10086
10280
11005
10577
10357
11238
12418
13286
13565
13073
13014
13124
13716
14634
15088
15459
15099
15822
16170
16787
16870
16444
15589
15071
14479
13414
12296
11551
11406
11401
10924
11006
11166
11213
10998
10461
10174
9797
9967
9993
10259
10526
10727
10699
10870
11119
11814
12581
13008
13150
13471
13917
14068
13959
12699
11981
11090
10844
10630
10528
10300
10105
10343
10365
10251
10544
10533
10453
10389
9654
9272
9167
8786
8455
8774
9121
9595
9964
10288
10255
10072
9996
10072
10384
11035
11515
11835
12222
12653
12389
12096
11391
10102
9496
9267
8274
8408
7451
7581
7613
7975
8274
8331
8020
7552
7147
7160
7435
7436
7855
8150
7168
7236
7398
7475
7192
6927
6737
6298
5971
5945
6021
6195
6093
5971
6185
6506
6590
6491
6402
6251
6482
6508
6990
7078
6928
6854
6604
6392
6464
6656
7005
7574
8244
8526
8475
8567
8893
9191
9815
10007
10281
10555
10912
11018
11633
12237
12637
13192
13617
14179
14232
14450
14515
14169
13900
13932
13984
14407
13865
13105
12678
12307
12036
12059
12323
12926
13084
13426
13473
13530
14075
14235
14663
14530
14330
14248
14078
13618
12838
12012
11719
11634
11448
11556
11694
11742
11418
10652
9883
9746
9800
9696
9241
8529
8447
8678
8912
8812
8073
8047
7877
7732
7986
8321
8830
8980
9131
9199
8895
9327
10027
10791
11632
11930
12342
12694
13052
13587
12992
12004
11502
11248
11273
11661
11061
11005
11095
11181
11347
11416
11610
11940
11651
11553
11711
11242
11052
11177
11352
12551
12985
12993
13303
13369
13559
13645
13515
13730
14365
14550
14469
14007
12850
11930
12160
12486
12550
12777
12930
12822
12908
13249
14016
13947
13403
13336
13224
12873
12871
13407
13123
12917
12729
12863
12997
12933
12679
12178
11069
9448
8754
8541
8556
8867
8822
8323
7996
7776
7023
6540
6796
7233
7754
8317
8591
9292
9712
9529
9277
10189
10802
11407
11870
11827
11828
11617
11142
11060
11132
10941
10642
10470
10453
10569
10752
11249
11234
11573
12321
13505
14041
14817
14645
13767
12566
11105
10702
10496
9996
10130
10403
10707
10923
10844
10952
11023
10750
10708
10881
11186
11447
11347
12020
12936
13484
13071
12646
12619
12561
12595
13262
13731
14502
15162
15780
16762
17899
18892
19391
18858
18441
17680
17047
16298
16151
17067
17240
16866
16512
16337
15968
15742
15714
15741
15708
15461
15707
15184
14375
13825
13406
12872
13015
13176
13137
13106
13480
13461
13246
12493
11534
10679
10436
10409
10379
10466
10625
10508
10948
11061
11198
11617
11948
12240
12521
12973
13485
13598
14061
14624
15048
15105
14571
15251
14153
15071
14677
13726
14877
14461
14435
14557
14761
13594
15588
14581
13865
13467
12973
12957
12323
12295
11670
11028
10650
10495
9956
10125
10237
10003
9811
9724
9557
10270
10256
10552
10630
10874
11164
11388
11003
11542
12338
11815
11255
10422
10110
9659
9396
8986
8702
8421
8237
8173
8303
7963
8055
8238
9102
9633
10222
10604
11215
11680
11661
11781
12040
11924
12120
11613
11011
10691
10532
10529
11114
11371
11725
12014
12210
12368
12654
12204
11500
10701
10743
10589
10641
10955
11132
11606
12186
12801
13254
13583
13625
13748
13708
13783
13793
14113
14326
14410
14753
15078
15116
15370
15613
15892
16306
16596
16342
16194
15541
14865
14661
14678
14874
14243
13416
12804
12132
11902
11709
11320
11015
10880
11000
10784
10805
10837
11052
11009
10986
10849
10406
9867
9044
9213
9419
9551
9867
10258
10975
12088
13530
14522
14306
13866
13047
13363
13602
13859
13409
11791
12412
11513
10413
9587
8682
7844
7611
7775
7967
8151
8447
8782
9460
10194
10843
10983
10691
10132
9265
10205
10159
10272
10726
11061
11108
10840
10270
9470
9372
9738
9732
9802
10195
9992
9707
9852
9678
9602
9514
9336
8631
8464
9012
10075
9638
10520
11529
12160
11863
11882
12136
11962
11795
11819
12087
11781
11945
11696
11998
12472
12405
12065
12315
11919
10898
9753
9078
8617
8896
9337
9885
10052
10210
11514
9494
10641
10504
10415
10509
10280
10317
10123
9993
9929
9924
9723
9910
9961
9406
9935
10230
10108
10682
10683
10575
10999
11237
10480
9559
8684
8522
8752
8868
8861
8948
9235
9425
8932
8270
8124
8440
8678
8855
9190
9422
9481
9278
9193
8862
8162
7345
6791
6616
6600
6460
6518
6860
7413
8379
9072
9642
10202
10675
11223
11686
12009
11535
12860
12614
13091
13285
12758
12350
11970
11572
11551
11340
11140
11210
11321
11320
11395
11614
11934
12096
11953
11979
11673
11643
11855
11869
11981
11849
11671
11923
11754
11636
11511
11362
11458
11654
11796
12080
11965
12528
12984
12720
12542
12533
12678
11958
11555
11305
11339
10988
10662
9348
8578
8579
8775
9283
8774
8689
8653
8134
9118
9272
9383
9569
10170
10720
10795
10759
11026
11697
12217
12669
13438
13482
14184
13590
13839
12315
12369
11926
11909
12268
12540
12977
12931
12690
12759
12651
12552
12486
11647
13102
12789
12287
12075
11820
11763
11906
11809
11912
11612
11760
11380
10670
9816
8563
7402
6970
6827
7094
7471
7974
8334
8835
9242
10020
10486
10903
10872
10740
10740
10673
10724
10786
10826
11012
10979
10964
10979
10748
10907
11034
10592
10231
9944
9512
9315
9529
9629
9478
9219
8638
8371
8396
8956
8871
9117
9256
8592
8447
8569
8768
9231
9588
9857
9885
9804
9956
10013
10188
10308
10461
11084
11236
11102
11158
11496
11463
10810
10778
10431
10276
10110
10113
10188
10224
10507
10861
10829
10946
10589
10222
9927
9652
9570
9618
9871
9412
9301
9135
9229
9569
9572
9989
10243
10599
10692
10959
10977
10641
10245
9879
9525
9213
9068
8953
8383
7478
7229
7138
6976
7410
7804
8162
8664
8892
9231
9953
10569
11209
11432
11628
11897
12192
12053
11570
10710
10465
10184
10362
10414
10270
10294
10157
9857
9715
9511
9337
9161
8946
8219
8021
8115
8348
8702
8634
8371
7358
7216
7075
7441
7465
7614
7852
7971
8289
8707
8965
9270
9491
9679
9300
8952
8778
8060
7439
6971
6425
6132
5547
5671
5356
5751
5704
6055
6071
5743
5938
5852
5641
5507
5688
5950
6082
6154
6433
6644
7087
7018
7298
7598
8976
9856
10585
11008
11405
11968
11870
12188
12265
12935
13107
13478
13149
13004
13103
12847
12783
12564
12296
11411
10468
10112
9767
9196
9134
9304
9955
10680
12218
12556
13224
13551
13470
12817
12552
12357
12701
12144
11755
11788
11579
11510
11182
10799
9573
9408
9541
9568
9630
9671
9442
9160
9248
9441
9248
9343
9415
9552
9473
9589
9715
10600
10794
10830
10405
10077
9670
9385
9179
9138
8822
9289
10208
10704
10625
10338
10437
10005
9661
9538
9780
9958
10046
9498
9798
9909
10110
9935
9641
9575
9482
8923
8887
9272
9654
9649
9607
9440
9234
8864
8873
9093
8946
8984
9118
9382
9664
9562
9616
9214
8788
8424
8598
8589
9270
10183
10965
11637
11160
10515
10241
10120
10093
9654
9611
9561
9976
10471
10682
10410
10083
9716
9495
9593
9812
10249
10579
10641
10381
10605
10426
10497
10271
9697
9090
8719
8524
8479
8367
8209
8041
7871
7503
6922
6426
6084
5877
5530
5216
4887
4346
3846
3935
4231
4715
5054
5445
5901
6436
6956
7115
7156
7340
7495
7509
7697
7802
8000
8406
9076
10667
11839
12243
11790
11004
10200
9511
9050
8991
9285
9970
10931
11365
10734
10676
11068
11740
12142
12114
12379
12753
13123
13616
13850
14442
14474
14683
14658
14563
14780
14729
13900
12633
11800
10969
11018
11108
11558
12470
12905
14036
14321
14751
15222
15156
15136
14733
14247
14015
13290
13473
13617
13576
13282
13063
12956
12770
12669
12261
12032
12632
13189
13666
14133
14138
14404
13954
14127
14578
14579
14042
13570
13784
13649
13647
13964
13920
13490
12951
12709
12187
11457
11675
12099
12256
12465
12893
13585
14019
14387
15052
15338
15552
14107
15718
15029
14267
13762
13685
13421
13507
13764
14370
14213
13794
13521
13379
13460
13489
13154
12479
12380
12048
11966
11993
11886
11943
12202
12362
12447
12566
12840
13154
13628
13634
13620
13227
13034
12949
12822
12621
12814
13049
12859
12497
12230
11793
11122
10589
9886
9119
8987
9640
10312
10730
11711
12437
12464
12631
12451
12477
12407
11902
11163
11282
11349
11419
11206
10901
10723
10265
10341
10678
11004
11083
11203
11587
11745
11704
11786
12356
12683
13084
13321
14005
14820
15025
14873
15085
15247
14885
14583
14537
14362
14054
13493
13173
13411
13858
14266
14749
14891
15199
15195
14953
15104
14957
15088
16042
16536
16427
17133
17393
17389
17245
16651
15488
14220
12945
12680
13235
13016
13257
13733
13929
13981
14078
13974
13677
12912
12563
12963
12848
13356
13126
12420
11470
11326
10755
11033
11861
11679
10651
10127
9634
9043
8369
8545
8741
8722
9045
9271
9729
10329
9632
9601
9629
9763
10315
10945
11075
11598
12352
12738
12279
12123
12177
12692
13777
13692
15113
16901
18164
18431
18442
18196
17965
17905
17621
16987
16478
17359
17484
17471
17574
17121
17071
17157
17855
17841
17748
17776
17371
17541
16681
16853
16046
15776
15812
16474
15130
13610
13373
13205
13669
13977
13148
12353
12322
12766
12934
12452
11656
11320
11146
10444
9197
8026
7495
7574
7864
8282
8583
9087
9744
10547
11383
12047
12576
13211
11903
11061
10642
10428
10477
10706
10783
11184
11745
12326
12906
12552
10928
10025
9791
9976
10715
11911
13246
13148
12504
12808
12506
12578
11962
10998
10165
10099
9980
9890
9854
9602
9297
8531
7938
7753
7231
7987
8529
9120
9787
10504
11058
11537
11947
12072
11168
10177
9633
9630
9625
10085
10123
9733
9281
8742
8427
8656
9089
9701
10283
10818
11664
12111
12528
13502
13749
13638
13422
13108
13614
14198
14955
15679
16120
16071
15280
15811
15109
15315
16145
16583
17095
17114
17040
16819
16609
16519
16793
16652
16196
16221
16619
16711
16222
15820
16007
16121
15888
15689
15952
16232
16636
16890
16961
16781
17084
17629
17458
17580
17401
18145
18190
17876
17656
17306
16586
15395
16283
16446
16278
16381
16795
16563
16304
16075
16505
16935
16720
16197
15680
15851
16252
16382
16151
16636
16843
16500
16441
16713
16667
16312
16021
16068
16125
15403
16102
15669
16021
16214
15520
15328
15481
15590
15816
16097
16380
16871
17418
17484
16852
16612
16652
15976
15977
15719
15684
15275
15105
14923
14880
14645
14759
14356
13930
14193
14297
13736
12985
13252
14835
15411
14828
14072
14468
15357
16419
16387
16590
16824
16791
16695
16535
16892
16882
16773
16426
15889
15597
15606
16036
15703
15366
14412
14103
13303
12923
12312
12029
11343
11052
11457
11534
11971
12551
12419
12084
11805
11704
11846
11956
12089
10595
9656
7915
6889
6919
6575
6564
6626
6499
7241
7299
7016
6665
5997
5853
6859
6928
6852
6062
5860
6222
5358
5155
5854
4758
4597
4242
6003
7331
7443