6385
6463
6322
6420
6477
6281
6323
6286
6393
6408
6557
6433
6248
6454
6365
6328
6368
6478
6499
6704
6727
6856
6969
7314
7372
7448
7628
7790
7638
7469
7275
7117
6304
5666
5665
5574
4856
4463
4297
4401
4481
4527
4468
4466
4694
4834
4786
4739
4902
5210
5381
5646
5661
5709
5829
5824
5240
4971
5006
4986
4617
4390
4349
4519
4958
5278
5291
5231
5206
5158
5251
5150
5318
5430
5390
5205
5372
5317
5163
5198
5352
5487
5736
5708
5725
5746
5571
5657
5299
5502
5443
5699
5502
5497
5244
5594
5588
5570
5547
5570
5873
5782
5786
6007
5617
5730
5883
5950
5991
5860
5406
5676
5789
5952
5902
5620
5643
5728
5643
5578
5645
5855
6017
6364
6662
6606
6810
6919
7098
7249
7235
7620
8241
8363
8435
8196
7784
7686
7118
6172
5387
5119
5150
5386
5851
5378
5539
5810
6311
6947
7678
8302
8537
8849
9065
9232
9387
9184
9256
9313
9312
9146
9376
9576
9614
9524
9411
9206
8946
8343
8338
8419
8222
7812
7470
7423
7070
6883
6564
5967
5474
5236
4675
4495
4869
4732
4437
4656
5429
6397
6930
7266
7300
7800
8189
8144
8232
8421
8093
7592
7147
6646
6351
6023
6260
6765
7021
7786
7797
7726
7965
7842
7607
7189
7519
7761
8151
8241
7938
7618
7310
6991
7368
7988
7920
8289
8348
8942
9429
9095
8819
8886
9107
9391
9799
10486
10702
10677
10144
9001
7326
6133
5796
6228
6834
7525
7999
8192
7934
7763
8348
9055
9386
9798
10310
10441
10561
10724
11273
11972
12214
12008
11901
10992
11637
11169
10964
10661
10376
9508
9974
9236
8601
8018
7918
7583
6800
6673
6505
5990
5655
5605
5874
6185
6418
6997
7563
8187
8858
9357
9830
10426
11423
12399
12823
13114
13583
13753
13960
14158
14276
14322
14133
14227
14190
14334
14366
14321
14110
13905
13827
13624
13647
13784
13675
13690
13385
13108
12858
12298
11643
11255
10875
10560
10296
9909
9736
9420
9329
9448
9798
10079
10239
10321
10591
10697
10697
10586
10047
10488
10080
9132
10033
9153
8888
8593
8343
8069
8159
7916
8076
7991
8174
8047
8162
8190
8125
8255
8377
8354
8640
8802
8857
8851
8775
8818
8813
8939
8921
8748
9007
9435
9486
9169
9182
9214
8999
8503
7506
7336
6992
6872
7036
7075
7168
7158
7033
6892
6871
7057
7071
7230
7310
7577
7542
7439
7570
7889
8183
8270
8536
8709
9163
9764
9674
9146
8655
8462
8288
8085
8303
8397
8853
8873
9124
9168
9140
9420
9527
9491
9710
10107
10079
10222
10399
10603
11207
11514
12037
11883
12018
11868
12096
12460
12454
12675
13042
13168
13205
13168
13304
13304
13334
13198
13073
13189
13430
13395
13206
12843
12480
12204
12088
11569
11689
11304
11542
11321
11317
11349
10888
11287
10779
11403
11475
12167
12148
12676
13054
13091
13157
13179
12954
12932
12812
12223
11713
11782
12073
12521
12707
12725
12723
12796
13511
13336
13047
12375
11823
11710
11838
12241
12529
13016
13109
12992
12559
12240
12034
11823
11398
11317
11289
11225
11159
10975
10535
9835
9403
8717
8417
8393
8567
8218
7933
8168
8465
8428
8427
8897
9094
9188
9232
9585
10030
10463
10666
10753
10730
10640
10732
10528
10453
10212
10156
9830
9892
9744
9350
9309
9495
9676
10077
10019
10027
9614
9482
9403
9156
9221
9063
9445
9244
9103
9008
8792
8621
8655
8503
8166
7704
7405
7320
7249
7502
7340
7657
7399
7103
7110
6809
6756
6850
7020
6941
7095
6495
6034
5275
4537
4932
5968
6655
6341
6071
6320
6278
5839
5473
5896
5832
6822
8161
7958
8284
8288
8223
7931
7619
7466
7841
8569
9224
9532
9716
9595
9511
9366
9235
8671
7972
7563
7286
7545
8224
9546
10237
9818
9199
8284
7851
7500
7682
8283
9004
9008
8905
8693
8472
8060
7715
7304
7378
7913
8209
7557
6633
6090
5083
4411
3797
3261
4218
5484
6320
7146
7705
7588
7385
7125
7114
6966
6855
7179
7167
7479
7735
7861
7971
8194
8077
8206
8271
8340
8227
8000
7779
7711
7672
7724
7902
8151
8564
8743
8815
8627
8568
8655
8695
8734
8567
8369
8343
8351
8273
8266
8325
8276
8266
8309
8394
8424
8426
8389
8534
8395
8411
8411
8532
8777
8588
8117
8082
7925
7850
7784
7805
7752
7942
7905
7971
8169
8232
8248
8303
8405
8388
8381
8345
8214
8176
8106
8153
8383
8519
8763
8976
8945
8853
8775
8549
8677
8781
8704
8306
8071
7845
7746
7735
7822
8041
7836
7603
7507
7245
7253
7311
7458
7766
8020
8350
8651
8864
8958
9298
9038
8834
8682
8493
8240
8027
7455
7148
7402
7748
7696
7888
7958
7921
7936
7859
7878
8122
8636
8815
8861
9546
8962
8715
8077
8232
8647
8772
8508
8604
8393
7845
7865
8064
7373
7100
7505
7638
7769
7823
7983
7125
6749
7218
7400
7701
7710
7634
7528
7639
7207
6957
7201
7806
8656
9156
8903
8311
8275
8321
8153
7825
7631
7237
6892
6894
6717
6707
7243
7717
7704
7786
7817
8031
7909
7902
8217
8567
8023
7386
7286
7437
7724
7618
7448
7482
7655
7996
7705
8024
8022
7448
6901
6975
6890
6877
6973
6713
6633
6329
6432
6797
6578
6407
6296
6504
6364
6165
5989
5709
5124
5367
5698
6164
5991
5975
5886
6022
6070
5849
5489
5193
5322
5320
5282
5337
5619
5543
5625
5477
5249
5147
5070
4997
4806
4846
4872
4886
4761
4650
4581
4610
4656
4930
5053
5098
4743
4417
4148
3815
3455
3370
3248
3091
3007
2916
2988
3199
3349
3869
4347
4905
4992
5230
5423
5661
5786
6055
6257
6088
6058
6048
6091
6177
6324
6523
6894
7211
7739
7724
7946
8037
7572
7663
7714
7445
6815
6012
5398
5336
5530
5662
5842
6071
6225
6400
6620
6598
6476
6374
6422
6493
6422
6288
6579
6489
6587
6554
6713
6630
6428
6430
6536
6674
6587
6352
6165
6331
6600
6988
7415
7659
7338
6704
6693
6494
6471
6461
6406
6079
5896
5493
5298
5114
5086
4926
4865
4931
4727
4485
4299
4290
4341
4403
4497
4781
4883
5070
5172
5148
5178
5105
5018
5088
5095
5239
5310
5342
5428
5530
5713
5869
5933
5981
6067
6351
6474
6624
6792
6895
7020
7159
7241
7373
7458
7520
7631
7715
7671
7722
7751
7721
7823
7683
7571
7314
7321
7326
7133
6937
6783
6680
6725
6691
6805
6766
6778
6661
6537
6555
6501
6537
6585
6446
6400
6248
6229
6202
6129
6155
6041
5834
5731
5839
6099
6364
6570
6834
6982
7180
7563
7700
8118
8389
8559
8630
8617
8927
8991
8777
8790
8594
8453
8323
8295
8175
8135
8131
8130
8159
8177
8167
8101
8072
8073
8109