5447
5094
5060
4820
4699
4445
4235
4101
4063
3897
3645
3448
3378
3263
3640
3573
3721
3699
3629
3691
3611
3680
3764
3656
3748
3889
3900
4025
3987
3983
4064
4072
3938
3945
4095
4145
4122
4313
4335
4412
4563
4547
4614
4565
4650
4659
4783
4758
4783
4878
5064
4972
5029
4947
4896
4834
4871
5079
5064
5214
5284
5288
5316
5338
5375
5338
5480
5677
5770
6037
6281
6540
6665
6746
6731
6671
6796
6761
6830
6904
6975
7172
7060
7161
7276
7321
7391
7434
7657
7486
7389
6696
7334
8014
7707
7721
7635
7705
7787
7857
7620
7350
7635
7985
7650
7679
7991
7652
7559
7641
8463
8665
8075
8096
8141
8304
8485
8578
8442
8590
8529
7998
8045
7929
7866
8038
8008
8011
8162
8300
8665
9077
9573
10014
10182
10568
11238
11821
12302
12637
12525
12462
12491
12397
12948
12911
12992
13085
13170
12832
12339
12045
12214
12821
12766
13118
13274
13244
13088
12929
12718
12585
12660
12658
12747
12813
12792
12732
12435
12429
12372
12553
12790
12420
12491
12205
12200
12244
12540
12543
12474
11983
11600
11656
12229
12216
12252
12352
12293
12388
12275
12154
12297
12411
12088
12256
12517
12523
12450
12313
12173
12156
12396
12365
13011
12830
12521
12748
12364
12133
11930
11985
11687
11412
11583
11286
11744
11908
11054
11264
11370
11707
11945
12152
11883
11780
11511
11258
11062
11002
11012
11091
11215
11348
11353
11488
11454
11468
11173
10744
10980
11134
11324
11161
10863
10771
10636
10387
10246
10282
10166
10093
10465
10220
10170
10311
10507
10760
11184
11142
10967
10792
10834
10940
10900
11069
11147
11091
11401
11366
11833
11964
11761
11755
11476
10958
10372
10144
10259
9943
10131
9974
9877
9739
9894
10360
10880
11128
11354
11334
11385
11409
11710
12372
12841
12949
12943
12848
12055
11716
11689
12039
12130
11763
12233
12218
12071
11575
11455
11604
11986
12487
12702
12696
12066
11905
12234
11158
10486
10950
9780
10379
11210
11789
12107
11611
12337
12692
11834
11495
11731
11895
11778
11386
11850
12181
12345
11977
12408
12381
11887
11191
11530
11555
11261
11035
10711
10536
10882
11076
10751
10644
10611
10417
10495
10346
10359
10411
10476
10236
10041
9930
9325
9285
9517
9812
10118
10601
10078
10118
10251
10453
10551
9907
9487
9692
9558
9274
9417
9153
9160
9270
8999
8635
8442
8267
8209
8666
8750
8541
8483
8814
8845
8514
8300
7898
7762
7811
7589
7173
7084
6492
6279
6573
6643
6820
6808
7060
6715
6590
6606
6739
6837
7264
7477
6729
5931
5607
5176
5321
4683
4478
4176
4457
4522
4564
4642
4893
5164
5446
5713
6057
6260
6526
6247
6372
6544
6541
6520
6836
7316
7687
8099
7973
7981
8429
8050
8125
8832
8790
7832
7305
7341
7669
7649
7688
7787
7947
7689
8026
7608
7474
7347
7504
7745
7740
7872
7933
8061
7785
7676
7852
8012
7971
7881
7678
7810
8041
7971
8064
8119
8328
8086
7930
8077
8204
7810
7541
7426
7331
7086
6857
6873
7038
7070
6851
6696
6413
6199
6205
6131
6090
6176
6127
6027
6038
5924
5686
5671
5849
5686
5747
6122
6557
6563
6578
6487
6169
5927
5816
5595
5581
5547
5792
6093
6110
6072
6116
6187
6409
6303
6562
6677
6825
6782
6891
6718
6527
6384
6270
6033
5738
5760
5579
5292
5221
5290
5339
5452
5492
5452
5538
5539
5086
5037
5135
5097
5113
5048
5065
4697
4719
4701
4780
4840
4933
5036
5235
5289
5423
5454
5568
5594
5726
5809
5943
6053
6286
5971
5574
5137
5475
5438
5401
5477
5513
5054
5724
5610
5617
5613
5768
5421
5415
5354
5348
5456
5454
5592
5746
5544
5527
5627
5573
5340
5324
5282
5371
5310
5441
5576
5610
5572
5638
5563
5612
5406
5426
5300
5118
5023
5120
5082
4785
4951
5059
4789
4716
4988
5109
5365
5811
5293
5255
5233
5154
5219
5278
5347
5344
5340
5239
5633
5656
5457
5503
5402
5263
5206
4999
5126
5077
5238
5215
5111
4915
4802
4723
4658
4682
4697
4633
4541
4484
4498
4755
4737
4750
4805
4609
5117
4883
4880
5341
5534
5430
5463
5486
5435
5326
5932
6304
6218
5735
4869
4829
5293
5176
5227
5208
5289
5525
5668
5806
5959
6059
6070
6020
6026
5766
5830
5882
5968
5871
6143
6003
5786
5509
6156
6453
6002
5955
5971
6419
5845
5570
5443
5303
5227
5206
5211
5074
5038
4489
5111
4851
4598
4572
4674
4652
4909
4959
4963
5034
5018
5369
5518
5694
6002
6383
6588
6381
6163
6258
6380
6491
6670
6689
6404
6447
6509
6641
6861
7068
7255
7365
8371
8114
8005
8100
7892
7961
8446
8424
8390
8497
8402
8030
7534
7799
8117
7874
7834
7412
6948
6558
6613
6889
7211
7682
8055
7832
7716
8151
8441
8301
8539
8416
8404
7833
7605
7630
7968
7973
7728
7629
7664
7665
8031
7366
7235
7257
7086
7191
7455
7567
7568
7380
7477
7569
7725
7691
7639
7694
7483
7299
7140
6854
6953
7116
6939
7108
7038
6976
7216
7370
7357
7968
8033
7723
7530
7578
7532
7896
7737
7512
7821
7521
7391
7477
7475
7512
7737
7811
7582
7362
7237
7188
7247
7486
7524
7441
7496
7840
7809
7997
8154
8288
8241
8056
8291
8294
8269
8038
8031
8077
8241
8293
8336
8421
8315
8463
8490
8378
8354
8279
8366
8356
8422
8337
8274
8475
8519
8642
8697
8743
8625
8985
9072
9189
9242
9214
9176
9172
9146
9145
9149
9091
8903
9385
9431
9509
9177
9106
9050
8894
8701
8941
9028
9291
8980
8863
9025
9886
9793
9830
9963
10154
10333
10208
10276
10312
10217
10249
10024
9998
9638
9437
9643
9681
9607
9860
9986
9617
9555
9495
9770
9564
9398
9234
9244
8995
9019
9227
9202
9071
8990
9214
9172
9071
9078
8874
8821
8740
8290
8169
7950
7874
7636
7266
7195
7203
7137
7757
7598
8080
8223
8055
8026
7920
7603
7422
7153
7257
7254
7129
7067
7167
7249
7558
7809
8366
8233
8257
8432
8841
9081
9122
9146
9145
9239
9193
9359
9468
9679
9740
9842
9916
10038
9810
9575
9511
9506
9445
9533
9497
9536
9696
9611
9919
10015
10122
10076
10119
10178
10253
10232
10098
9982
9982
9979
10020
9990
10118
10088
9994
10125
10171
10078
10016
10112
10055
10021
9985
10028
10054
10047
10096
10183
10268
10051
10046
10059
10004
10074
10047
10035
9952
10016
10001
10058
10150
10193
10235
10213
10019
10001
9988
10054
9980
10043