8909
9029
9080
8933
9066
8866
8735
8648
8886
9054
9001
8582
8049
7929
8091
8689
9094
9692
10154
10235
9851
9841
9388
9496
9914
10246
10895
10767
11151
11198
10992
10528
10037
9948
9665
9763
10021
10385
10875
10950
11117
11132
10662
10538
10278
9643
9030
9066
9051
9040
9363
9906
10266
9812
9845
9518
9615
9461
9063
8834
8280
8193
8090
8204
8252
7591
7675
8079
7715
7478
7468
7637
7302
8466
8569
8882
8960
8853
8580
8396
8094
7725
7690
7800
7491
7425
7039
6918
6912
7024
7274
7541
7699
7913
7996
8111
7920
7556
7681
7705
7858
7868
7932
8012
8069
8055
7863
7936
7848
7912
8248
8234
8542
8850
8913
8916
9027
9653
9286
9866
9389
8836
8563
8557
8732
8658
8773
8787
8956
9318
9254
9328
9107
8942
9129
9092
9148
9187
9406
9358
9577
9554
9430
9586
8772
8380
8078
7970
7685
7514
7596
7916
8082
8073
8149
8361
8088
7801
7883
7987
7923
8436
8830
9039
9407
9300
8872
8166
7699
7281
7356
7543
7649
8078
8389
8682
8952
9132
9271
9135
8746
8224
7610
7250
6930
6835
6683
6609
6422
6268
6167
6270
6476
6641
6594
6461
6468
6341
6119
6085
6062
6217
6405
6541
6779
6845
6958
6809
6967
7161
7062
7355
7431
7506
7445
7229
7156
6808
6578
5881
5255
4891
4325
4378
3806
3756
4317
4162
4367
4287
4420
4358
4341
4394
4284
4153
3906
3863
3767
3643
3696
3703
3799
3809
3766
3885
4041
4038
4014
4152
4192
4253
4128
3992
3898
3927
3986
4134
4410
4760
5450
6226
6890
7302
7653
8585
8093
8965
8044
8543
7574
7453
7862
6963
7646
7037
7351
8061
7327
7736
8525
7827
8861
7982
8816
8207
8670
9116
8505
8594
9449
8462
9183
8541
8728
8769
7957
7338
6663
6443
6453
6040
5957
5862
5854
5734
5539
5478
5387
5429
5277
5326
5311
4891
4880
5020
5099
5567
5836
5634
5536
5495
5388
5301
5117
5045
4945
5142
5540
5774
5727
5748
5845
5975
6062
6373
6753
7107
7130
7261
7493
7525
7732
7776
7418
7588
7775
7923
7672
7668
7917
7838
7779
7485
7274
7055
7141
7111
7340
6868
6824
6701
6565
7018
7455
7471
7072
6752
6400
6449
6716
6775
7184
7388
7875
7643
7444
7441
7505
7432
7314
7493
8007
8188
8704
8811
8582
8350
8353
8472
7693
7857
8073
7943
8031
7869
7515
7213
6888
7459
7991
8085
8225
8288
8509
8848
8543
8184
7615
7717
7250
7504
7617
7483
7475
7921
8392
8444
8576
7840
7516
7164
6976
6900
7020
7370
7780
7834
7831
7837
7885
7529
6908
5993
5306
5369
5299
5534
5643
5590
5573
5639
5579
5613
5314
5236
5165
4941
4742
4992
4728
4659
4545
4563
4384
4773
4747
4605
4357
4191
4368
4332
4231
4639
4785
4934
5087
5147
5230
5556
5846
5996
6155
6309
6359
6636
6774
6883
7315
7210
7342
7584
7833
7981
7762
7785
7543
7584
7564
7529
8012
8280
8046
8187
8197
8129
7799
7979
8000
8211
8162
7953
7701
6954
6879
6746
6642
6508
6408
7342
7889
7803
7348
7602
7464
7257
7110
7167
7312
7307
7426
7343
7704
8009
7794
7547
7404
7520
7675
7718
7436
7154
7042
6675
7002
7173
7046
7065
7235
7322
6746
7051
7311
6902
7003
7399
7431
7569
7183
6918
6632
6786
6761
6405
6173
5927
6079
6077
6360
6598
6661
6846
6725
6508
6229
6489
6680
7124
7334
7759
7730
7481
7452
6701
6425
6727
7081
7704
7734
7727
7326
7092
6589
6478
6395
6817
6934
7001
7472
7478
7489
7192
6989
6740
6547
6599
6799
7098
7302
7224
7067
6953
6539
6581
6576
6717
6980
7032
7340
7207
7024
6935
6862
6722
6994
7117
7209
7338
7538
7483
7119
6882
6773
6690
6736
6873
6966
7221
7286
7434
7269
6808
6377
6029
6032
6171
6454
6455
6557
6689
6689
6374
6154
6208
6300
6389
6694
7047
7336
7557
7982
8763
8649
8233
8010
8054
8233
8697
8644
8664
8303
8059
8084
7960
7636
7013
6857
6603
6246
6124
6093
6305
6261
5999
5913
5967
5880
5856
5911
6090
6040
5836
5707
5710
5651
5664
5554
5450
5311
5748
5681
5818
5838
5648
5682
5475
5413
5443
5198
4961
4613
4510
4465
4299
4288
4395
4125
3929
3719
3921
3502
3684
3528
3488
3577
3398
3406
3639
3846
4437
4755
5125
5719
6084
6132
5822
5611
5817
6438
5996
6770
6480
7234
6792
7647
7023
7430
7737
7874
8181
8426
8026
7828
7586
6914
6182
5907
5940
5999
6131
6228
6274
6267
6372
6686
6536
6668
7057
7555
7740
7565
7469
7209
7356
7272
7493
7932
7701
7660
8074
7730
8160
8084
8238
8737
7797
7937
8527
8304
8763
9090
8964
9192
9267
8028
7644
7665
7545
7198
7038
7379
7161
7121
7171
7468
7548
7718
7482
7504
7661
7541
7594
7778
7769
7299
7302
7018
7711
7775
7999
8082
8441
8749
8317
8030
8512
8956
9177
9403
9343
8831
7682
7441
6997
7003
7237
7548
7948
8222
8423
8314
8563
8585
8689
8784
9173
9006
8884
9025
8813
8611
9195
8858
8842
8508
8080
8144
8525
9041
9814
10120
10031
9846
9666
9397
10415
9770
10699
11099
11017
11344
10737
10262
9969
9676
9695
10052
10351
10845
11184
11141
10936
10662
10482
10135
9503
9004
8811
8807
9186
9583
9676
9586
9547
9719
9763
9449
9033
8757
8169
8158
8136
8042
8216
7671
8019
8115
8053
7790
7577
7779
7482
8406
8778
8978
9101
9108
8955
8834
8597
8346
8101
8017
8069
7963
7481
7131
6543
6448
6524
6599
6845
7093
7347
7489
7401
7454
7491
7619
7705
7900
7938
8146
8101
8388
8442
8591
8711
8532
8382
8555
8680
8620
8831
9046
9011
9313
9339
9783
9788
9541
9553
9139
8716
8539
8707
8820
8654
8891
9209
9377
9352
9305
9137
9140
9060
9112
9332
9440
9583
9539
9480
9531
8583
8295
8170
7879
7656
7750
7994
8272
8262
8312
8282
7899
7867
8005
8019
8494
8876
9288
9448
9116
8185
7664
7368
7405
7613
7901
8267
8812
9136
9218
9090
8708
8187
7527
7187
6909
6631
6584
6449
6371
6411
6571
6700
6503
6486
6354
6259
6293
6210
6437
6497
6617
6831
6604
6872
6968
7078
7078
7299
7573
7577
7357
7218
6920
6463
5684
5256
5039
4554
4537
4016
3851
4049
4179
4340
4403
4516
4348
4399
4335
4298
4225
4053
3875
3819
3687
3701
3809
3794
3834
3843
3842
3900
3967
4094
4188
4153
4135
4260
4220
4178
4364
4611
5049
5817
6561
7211
8159
7728
8314
9123
8177
8872
7691
8258
7137
7925
7260
7602
7530
7578
8290
7586
7730
7756
7704
7817
7936