13542
13105
12497
12928
12940
12837
13257
13788
14543
15281
15786
16516
16717
16549
16422
16261
16571
16467
16585
16472
16464
16268
16083
15742
15458
14784
14445
14653
14487
14399
14840
14924
15046
15559
15647
16052
15817
15894
15931
15763
15601
15727
15728
15869
16281
16637
16822
16836
16598
16613
16233
16093
15956
16004
15547
15516
14864
14371
14071
13866
13833
13722
13753
13878
13952
13875
14015
14121
14172
14134
14032
13885
13940
13933
13981
13954
13964
14028
13865
13737
13623
13352
13482
13673
13766
13908
14065
14116
14294
14421
14443
14606
14280
13866
13408
12627
12122
11683
11204
10811
10531
10299
10562
10539
10609
10427
10561
10376
10582
10449
10538
10677
10795
10838
10821
10875
11099
11337
11496
11286
10935
10508
10455
10307
10299
10189
9981
9798
9473
9540
9693
9665
9548
9498
9601
9686
9694
9808
9813
10089
10116
10094
10360
10563
10629
10641
11134
11238
11576
11839
11967
12006
12196
12212
12122
12221
12081
11680
11202
11104
11041
11128
11263
11743
12028
12270
12113
12370
12784
12908
13142
13097
13275
13488
13779
14129
14097
14063
13936
13717
13638
13571
13491
13330
13633
13955
14048
14048
13901
14168
14263
14114
14351
14441
14659
14424
14049
13944
13553
13423
13200
13054
12954
12919
12804
12859
12578
12631
12468
12266
12071
12048
12177
12192
12278
12145
12052
11901
11833
12182
12302
12284
12425
12180
12218
12492
12250
11906
11980
11821
11679
11431
11293
11075
10945
10936
10924
11140
11322
11575
11636
11555
11231
10944
10806
10937
11024
11405
11319
11287
11332
11354
11479
11961
12296
12814
13095
13038
12985
13020
13133
13651
13904
13942
13598
13096
12703
12615
12457
12464
12500
12124
12097
12248
12534
12783
12851
13226
13144
13592
13704
13547
13001
12642
12728
12811
12965
13370
13844
13322
13040
12638
12248
12167
12785
13000
13022
12697
12568
12438
12379
12231
12533
12460
12113
11855
12427
12653
12833
13198
13248
13077
12696
12672
12566
12382
12593
13032
13300
13420
12952
12467
12324
12243
12361
12448
12344
12462
13168
13194
13220
13644
13949
14033
14624
14510
14691
14594
14330
13938
13795
13984
13875
13667
13602
13562
13401
13441
13761
14088
14298
14465
14680
14813
14898
14957
14865
14687
14871
15004
14893
14544
14129
13818
13573
13510
13405
13514
13352
13390
13360
13458
12946
12258
11645
11159
10715
10166
9915
9973
9957
10093
10389
10517
10972
10812
10659
10487
10319
9951
9525
9244
8827
8681
8419
7649
7096
6967
7061
7257
7720
7943
8132
8345
8584
8775
9241
9890
10243
10491
10317
10181
10518
10675
11008
10948
10882
10753
10443
10328
11153
12041
12571
12508
12531
12676
13272
13535
13645
13823
13949
13961
13772
13352
13811
14217
14582
14830
14578
14653
14418
14598
15183
15562
15782
15957
15921
16097
16378
16429
15973
15514
14840
14296
13976
14175
14778
14947
14525
14069
13745
13019
12021
11796
11628
11784
11538
11536
11284
11154
11002
11088
10848
10861
10821
10526
10435
10556
10350
10403
10316
10280
10784
10785
10678
10783
10966
11240
11255
11109
11070
11687
12289
12603
12312
12177
12120
12121
12359
12372
11982
11925
11627
11350
11278
11124
11352
11458
11618
11303
11272
11099
11193
10751
11089
11151
11469
11761
11857
12078
11979
12024
11953
11875
11404
10707
10525
10732
10791
11054
10897
10473
10491
10726
11016
11435
11722
11859
11866
12044
11932
11749
11439
11256
10532
10199
9861
9865
10110
10471
10729
11029
11421
11841
12078
12593
13552
14320
15207
16154
16765
16946
16814
15997
14944
13485
12203
11490
11716
11909
11748
11685
12393
13172
14172
14840
15542
16084
16649
16570
16704
15482
14336
13905
13454
12791
12390
11648
11407
11623
11222
11138
11545
11805
11433
10598
10221
9881
9834
10100
10375
10374
10647
10899
11543
12072
12401
12895
13170
13551
13825
13409
12627
12139
12162
12111
12443
12547
12070
11344
11369
11479
11840
12555
13238
13620
13436
13350
13709
13702
13601
13778
13809
13753
13506
13341
13656
13705
14134
14524
15037
15352
16000
16360
16088
15988
15588
15198
14745
14543
14315
14000
13563
12991
12397
11872
11563
11772
12234
12465
12587
12767
13082
12997
12987
12868
12669
12038
11912
11837
11826
11819
11679
11745
11770
11857
11666
12007
12206
12329
12285
12459
12400
12115
11754
11358
10927
10604
10026
9799
9036
8829
8138
7760
7478
7098
6959
6645
6436
6353
6437
6515
6662
6746
6794
6806
6890
6953
6882
7202
7313
7644
7948
8142
8351
8634
8740
9050
9382
9680
10002
10212
10569
11001
11117
11444
11635
11643
11804
11904
11765
11905
11882
11961
12141
12153
12144
12275
12855
13032
13178
13302
13595
13779
14063
14435
14562
14500
14520
14789
15061
14801
14720
14837
14895
14919
15084
15083
15078
15037
14903
14749
14820
14882
15172
15253
15211
15245
15334
15147
15211
15121
15018
15321
15346
15362
15602
15616
15713
15787
15767
16002
16034
16142
16038
16067
16084
16110
16286
16236
16217
16157
16524
16612
16661
16892
16992
16993
17169
17200
17091