81.4865
80.8425
80.8881
80.9021
80.9046
80.9458
80.9108
80.9516
80.9376
80.9567
80.9417
80.9861
80.9715
80.9831
80.9915
81.0095
80.985
81.0373
81.0001
81.0436
81.0409
81.0479
81.0581
81.0634
81.0697
81.0876
81.0811
81.1091
81.1041
81.1317
81.13
81.1582
81.1478
81.1695
81.1343
81.1647
81.1611
81.1572
81.1744
81.1928
81.1723
81.2142
81.2029
81.2281
81.2274
81.2246
81.2172
81.223
81.2082
81.2506
81.2043
81.2335
81.2549
81.2459
81.24
81.2678
81.199
81.2522
81.2304
81.245
81.2416
81.2437
81.2283
81.2434
81.1983
81.2208
81.1953
81.1877
81.1716
81.1405
81.0853
81.077
81.0432
81.0424
81.0481
81.0283
81.0441
81.0235
81.0189
81.0223
80.9552
80.8958
80.8485
80.8191
80.8069
80.6883
80.5917
80.6091
80.6298
80.6011
80.5502
80.5183
80.4868
80.5488
80.4502
80.4138
80.3102
80.7534
80.7733
80.7706
80.7272
80.7158
80.621
80.5767
80.4534
80.3937
80.3001
80.289
80.2433
80.1582
80.1601
80.1909
80.7883
80.8521
80.912
80.9196
81.033
81.0613
81.2407
81.4747
81.7861
82.2265
82.627
82.845
82.5071
82.8862
83.3266
82.3625
82.4787
82.5939
81.7405
81.3459
81.058
80.4968
80.046
79.3621
79.6883
79.2955
78.9339
79.0587
78.9173
78.7634
79.0255
78.9344
78.9242
79.3083
79.2532
79.2038
79.2683
79.4829
79.8786
80.3333
80.7223
81.07
81.3394
81.4964
81.6579
81.043
81.0339
81.0489
81.5838
81.5203
81.4397
81.2889
81.1537
80.9746
81.5061
81.448
81.4256
81.4292
81.4408
81.4301
81.4047
81.3086
81.2564
81.2807
81.2152
81.0979
81.0146
80.86
80.7371
81.2644
81.1876
81.0509
80.9744
80.8586
80.7751
81.4265
81.452
81.6312
82.0026
82.3213
82.5937
82.7386
82.9941
83.0478
83.1721
83.2401
83.2705
83.2659
83.2247
83.0176
82.7097
82.3408
82.006
81.7555
81.711
81.6075
81.5465
81.6569
81.6617
81.6581
81.6749
81.8101
81.9468
82.317
82.833
83.2617
83.6359
83.9727
84.3765
84.7296
85.0114
84.3508
84.6124
84.833
85.9797
86.177
86.3773
86.4881
86.6685
86.8413
86.9555
87.0802
87.297
87.5572
87.8044
88.0725
88.3157
88.5212
88.7271
88.9122
89.0439
89.0991
89.2905
89.3558
89.45
89.525
89.6621
89.581
88.3303
88.2536
88.3118
88.3468
88.3769
88.4341
88.3923
88.4011
88.4931
88.545
88.5538
88.5853
88.6446
88.6615
88.653
87.4474
87.3071
87.014
86.6091
85.7614
85.2476
84.6681
84.1804
83.4878
82.6833
81.7813
80.917
81.1996
80.4378
79.8793
80.3225
79.8639
79.7484
79.4323
79.1687
78.9028
78.7697
78.5621
78.4638
78.3859
78.3811
78.3475
79.1964
79.1844
79.2328
80.1236
80.2645
80.493
80.7506
81.0256
81.4351
80.6513
80.958
81.1249
81.3
81.495
81.7588
81.9305
81.9644
81.8493
81.7888
81.578
81.4005
81.8651
81.4433
80.8548
80.8734
80.0573
79.1045
79.6653
78.7376
78.0268
78.494
77.3079
76.6328
76.6006
75.808
75.3403
75.475
75.0651
75.1087
74.9121
74.664
74.4385
74.6269
74.4382
74.3962
74.6523
74.6191
74.5896
74.5893
74.6085
74.5288
74.4989
74.6597
74.5767
74.695
75.1353
75.4935
75.946
76.1998
76.4718
76.7033
76.832
76.9642
76.9961
76.944
77.1548
77.3232
77.5774
77.7755
77.5051
77.1622
76.6424
78.5202
77.8692
77.3263
76.5791
75.8282
74.7507
76.6202
76.3058
75.7595
75.803
75.7888
75.9363
76.2849
77.1868
77.3842
77.7518
78.0039
78.1644
78.0959
78.0197
78.4385
79.0345
80.2022
81.5985
79.5719
79.7112
79.1309
78.0772
77.1775
75.8885
77.5817
76.5773
75.5177
74.9571
74.2546
74.2071
74.4423
74.3476
74.655
72.9182
73.0526
73.5484
74.0713
74.443
74.5033
75.0521
75.0521
75.115
75.5514
75.3928
75.6348
75.962
76.255
76.3526
76.7358
77.1865
77.9746
79.2934
80.3827
82.1733
83.2208
84.1782
84.5208
82.5255
82.1923
81.8645
82.7087
83.6809
85.3092
84.0682
84.9781
85.8708
85.0661
85.3834
85.8175
85.978
86.3174
86.9833
86.7254
87.8615
88.7768
87.9767
88.9269
90.2516
90.1371
91.1613
91.62
89.8959
89.365
88.9367
88.5473
88.3959
88.308
87.2971
86.8817
86.417
85.4696
84.3514
83.3172
82.329
81.4227
80.5128
80.5032
80.0428
79.6642
79.6509
79.7575
80.0481
80.8248
81.6789
82.5729
82.4175
82.908
83.1981
82.0295
81.4373
80.412
79.0738
78.0344
77.4417
77.6533
77.1496
76.4865
75.6548
74.7766
74.3196
74.717
74.6091
74.4325
74.9987
75.0122
75.0316
73.9887
74.0275
73.9723
74.7582
74.702
74.558
74.4651
74.5693
74.7133
75.1205
75.5272
75.9114
75.3346
75.6042
75.8284
75.9338
75.7074
75.6
75.3379
74.8023
74.2718
74.5764
74.162
73.9229
74.4573
74.261
74.1927
74.2403
74.5
74.9675
74.6096
75.2676
75.6617
75.0157
75.2248
75.3265
75.2006
74.8633
74.4513
74.1426
73.7701
73.5293
74.3675
74.2291
74.2873
74.3074
74.227
74.3234
75.2227
75.3004
75.4647
75.6373
76.0466
76.495
75.7612
76.3262
76.4383
76.4631
76.6336
77.0692
77.2312
77.4686
77.6489
77.8406
77.9068
77.8972
78.0424
78.1252
78.2575
78.3338
78.3381
78.3598
78.2421
78.0749
78.1864
79.2092
79.3471
79.5842
79.7223
79.8079
79.9464
79.9824
79.8905
79.7013
79.4047
78.9098
77.9059
77.9302
77.4152
77.2906
78.0325
78.5107
78.7624
78.3811
78.491
78.4098
78.3383
78.5133
78.8447
78.2964
78.6138
78.8979
79.351
79.8539
80.1589
80.354
80.1485
79.7234
78.9856
77.8044
76.8293
78.6318
78.4441
78.3722
78.4447
78.5247
78.5157
78.6472
78.6253
78.4242
78.3396
78.2191
78.0713
78.625
79.5753
80.29
80.8918
81.3446
81.54
81.7364
81.7208
81.6801
81.5371
81.3553
81.0843
81.6109
81.5318
81.4399
81.4166
81.3848
81.3938
81.2684
81.2799
81.1988
81.2027
81.2089
81.4432
82.9407
83.4946
84.1748
85.7153
86.1924
86.7518
86.3388
86.6439
87.0235
86.2386
86.5053
86.8252
85.8035
85.7392
85.6003
85.5254
85.298
85.2547
85.1699
85.1701
85.1233
85.1223
85.0384
85.0065
84.9662
84.8943
84.6861
84.4668
84.1386
84.0276
83.8182
83.6389
83.4273
84.362
84.171
84.1265
84.3289
84.5893
84.9394
84.4977
85.0264
85.6951
86.2687
86.64
86.776
85.6104
85.4885
85.5333
85.5029
85.4605
85.4207
85.5549
85.403
85.2093
86.1261
85.754
84.8484
83.6124
82.017
80.2733
80.7949
79.4263
78.3879
79.2284
78.4341
77.8661
79.0187
78.7299
78.1213
78.8327
80.0554
81.8459
81.9889
83.484
84.4557
84.1721
84.4483
84.2107
82.7963
82.9245
83.3966
84.5393
85.6588
86.6074
86.2477
86.5603
86.4541
86.0936
85.3687
84.308
82.8927
81.439
80.3452
81.4481
80.7439
80.2346
80.9592
80.6749
80.5648
80.334
80.0854
79.9216
79.6859
79.3553
79.171
80.0719
80.1814
80.1898
80.3091
80.4856
80.5437
80.4604
80.0741
79.4284
78.7968
78.4236
78.069
78.924
78.9134
79.1159
79.4186
80.1381
80.9233
80.8096
81.4286
81.5142
81.2033
80.7647
79.9207
79.1526
78.4415
77.7313
78.0036
77.468
77.1655
77.8868
77.5073
77.2413
76.6185
75.9248
75.1506
74.8692
74.0208
73.4164
74.2477
73.8869
73.9695
73.7726
73.488
72.5814
71.1324
69.7821
68.7322
68.646
68.0412
67.8199
67.5047
67.4435
67.5881
67.3534
67.0474
66.8794
65.4704
65.499
65.5153
65.2809
65.1184
65.0635
64.5778
64.6911
64.7809
64.3091
64.3824
64.2579
63.9536
63.3556
62.794
62.7322
62.3489
62.2136
63.1979
63.3328
63.6813
63.1817
63.9372
64.7777
64.9052
65.6425
66.2712
66.0396
66.2997
66.4695
65.9561
66.0686
66.2774
65.9226
66.2199
66.5857
66.6422
66.8087
66.589
65.6287
65.5536
65.3662
65.7348
65.624
65.73
65.7638
65.8898
66.0972
65.7331
65.8931
65.9371
66.0575
66.1409
66.2521
66.4598
66.5392
66.5575
66.5054
66.4579
66.4383
66.3621
66.1761
65.9194
65.649
65.3224
64.8175
64.9675
64.1685
63.3212
63.4954
63.1245
62.8977
63.2466
63.0605
62.8543
62.5948
62.3575
62.1349
62.3731
61.9948
61.8398
61.635
61.5086
61.4579
61.9462
61.8864
61.9182
61.9167
61.8163
61.5816
61.3202
61.1363
60.9144
60.9893
60.6126
60.3012
60.4885
60.095
59.7181
59.7494
59.4041
59.1182
58.904
58.6078
58.3732
58.5284
58.2834
58.2997
58.0579
58.1978
58.224
58.2622
58.2016
57.9827
57.7307
57.5776
57.8202
57.8021
57.707
57.3489
57.3677
57.0502
57.2133
57.7268
58.1238
58.6269
59.2312
59.9586
60.7051
61.385
62.5185
63.3407
63.9002
64.6789
65.2797
65.5682
65.9835
65.8153
57.7053
58.9028
59.9736
66.8863
68.3695
69.6954
70.1044
71.4729
72.5297
71.9487
73.0915
74.064
74.2855
75.2455
76.219
76.2862
77.2538
78.2181
78.4759
79.824
80.6524
80.2874
80.8816
81.1133
79.0795
78.8826
78.6409
78.7015
77.4588
76.9354
77.6888
77.5444
77.4871
79.3474
79.0629
78.5815
79.0949
79.0003
79.2565
80.8191
81.5011
82.1403
81.7042
82.3954
82.9273
83.3004
83.6412
84.0146
85.0688
86.1799
87.2671
88.4769
89.4681
90.3825
91.1619
91.8517
92.3872
91.7436
91.9471
92.2012
92.5863
92.8689
93.2192
93.5529
93.7234
93.9345
92.8977
92.9347
92.9138
93.9627
93.9909
93.9279
93.9535
94.0178
94.0238
94.186
94.2394
94.4686
94.5717
94.6327
94.6117
94.6141
94.5053
94.4454
95.4378
95.3584
95.3896
95.3416
95.2383
95.0842
96.0876
95.9009
95.7334
95.5577
95.5552
95.6553
95.8354
95.9697
95.9793
96.0023
95.9805
95.9635
95.9669
95.9564
95.9697
96.0037
96.0256
95.9413
95.83
95.6901
95.6467
95.5613
95.4133
95.345
95.1532
94.8991
94.2683
95.2227
94.9419
94.7181
94.6922
94.7418
94.9222
95.0325
95.1172
95.2435
95.075
95.1079
94.8915
94.5241
94.4118
93.9758
94.6446
94.2465
93.5487
93.7521
92.9718
91.542
91.0331
89.9093
88.1787
88.3323
86.8864
85.7428
87.5728
87.4838
87.0642
87.5932
87.7412
87.677
87.3723
86.98
86.6837
87.4281
87.8116
88.082
88.2835
88.6148
88.7123
88.1942
88.288
88.239
88.144
88.0552
87.9389
87.9624
87.8217
87.7212
87.8054
87.739
87.8026
87.8583
88.0354
88.1709
88.2037
88.325
88.4243
88.2971
88.0718
87.9034
87.7218
87.6914
87.758
87.8219
88.0804
88.3309
88.5593
88.7055
88.8137
87.9658
87.9715
88.0706
88.1412
87.9844
87.8543
87.6973
87.3422
86.6588
87.5435
87.6283
87.9712
88.4737
88.6493
88.5795
88.5169
88.1843
87.8311
87.2886
86.6397
85.9814
87.0922
86.5241
86.1683
85.926
85.4707
85.1588
84.7509
84.5177
84.125
83.9621
83.8402
83.8802
83.7486
83.7399
84.128
84.0548
84.8489
85.5691
85.0202
85.552
85.9992
86.3226
86.787
87.0947
86.1449
86.1501
86.1624
87.279
87.3931
87.4039
87.684
88.0421
88.4728
89.0809
89.3893
89.5842
88.4139
88.2444
88.443
88.3838
88.5732
88.6984
88.9244
88.9037
88.9228
89.0025
89.3257
89.5451
89.9259
90.2104
90.2966
89.1881
89.3402
89.3348
89.5165
89.7152
89.8643
89.943
90.0146
90.0565
90.4129
90.4149
90.5291
90.5403
90.3829
90.1708
88.9262
88.7302
88.6196
88.5014
88.9355
88.7767
87.9777
88.6515
89.1329
89.5036
90.3527
90.6555
89.6611
89.932
89.6098
89.2829
89.18
88.5996
88.0037
88.0718
87.8167
87.35
87.41
87.1446
85.8064
85.7161
85.5049
85.0786
84.8383
84.2295
82.8386
82.3964
82.2604
81.0112
80.9825
80.6355
80.3801
79.9993
79.3864
78.0222
77.2668
76.4487
76.4572
75.6385
74.7532
74.1378
73.3669
72.6303
72.2055
71.5287
70.8287
69.8869
68.6303
67.4162
68.0061
67.2509
66.6056
67.5963
67.2446
67.1179
67.3256
67.5373
67.8673
67.3134
67.4307
67.3773
66.4254
66.1988
66.0804
66.6019
66.5536
66.2982
66.9046
66.7637
66.6747
66.5624
66.3997
66.2236
66.0903
65.9611
66.008
66.0582
65.9407
65.8262
65.6388
65.4311
65.2574
65.163
65.2785
65.4053
65.4664
65.3054
65.0474
65.0252
64.5341
63.9253
64.6309
63.8865
62.8619
63.1256
62.076
60.8608
61.6992
60.9629
60.0324
59.3633
58.6286
57.5933
57.2703
56.5779
56.062
57.9647
57.7578
57.3657
57.4576
57.5423
57.9333
57.5601
57.7158
57.9819
58.1228
58.0981
58.0334
57.8337
57.6739
57.7097
57.9485
58.2386
58.6702
58.5329
58.977
59.3616
59.8527
60.2591
60.437
60.8073
60.8404
60.9725
60.9495
60.7688
60.6331
60.1814
60.1652
60.0863
60.3716
60.2783
60.2497
59.7619
59.8134
59.5994
59.8203
59.8433
59.5417
59.5645
59.933
59.8863
60.5365
61.6106
62.0327
62.4098
63.1691
63.7702
63.7876
64.4079
64.9539
64.7098
65.1582
65.2851
65.1307
65.4826
65.7097
65.3937
65.8022
65.802
65.934
66.0036
66.1178
66.3221
66.4069
66.4967
65.9469
65.9683
66.1238
66.2214
66.4043
66.7121
67.0535
67.2776
67.5736
67.0127
67.2436
67.3433
67.3431
67.3272
67.31
67.3058
67.5353
67.6267
67.8465
68.1249
68.1815
68.9319
68.9592
68.66
68.3816
68.0698
67.1968
66.4448
65.7706
64.5202
64.1278
63.1807
62.1937
62.3367
61.8092
61.2913
62.6547
61.7507
60.8256
60.7849
60.1422
59.3321
59.7033
58.8743
58.2151
57.9504
57.951
58.7779
59.5943
60.3926
61.1549
61.9922
62.6406
63.4408
64.3041
64.8026
65.7237
66.3695
67.7141
69.3145
62.574
63.0867
64.2352
71.8313
72.8956
74.093
73.9046
75.0594
76.2116
76.2225
77.6783
78.663
78.3469
79.2297
79.8245
79.6931
80.14
80.2939
79.7578
79.8975
79.9355
79.9307
79.7432
79.6082
79.3482
78.9454
78.5082
78.6802
78.1464
77.5037
78.4482
77.8861
77.3311
77.5132
77.35
77.2192
77.8948
78.0945
78.2257
78.5903
78.8833
79.3976
79.6177
80.2298
80.7715
79.6389
79.8345
79.6911
78.7474
78.1516
77.7233
77.186
76.8522
76.8459
76.7884
76.8493
77.0208
76.8734
76.6804
76.3177
77.0318
76.3327
75.7075
76.2319
76.0958
76.4587
77.0355
77.8035
78.4986
78.0972
78.4669
78.5507
78.066
77.8219
77.6605
77.3443
77.1611
76.9812
77.377
77.3467
77.2909
77.2917
77.2367
77.1003
76.9549
76.7172
76.4649
76.7803
76.7227
76.7122
76.7277
76.8613
77.0766
77.3418
77.6665
77.931
77.5712
77.5873
77.6352
77.528
77.2928
77.0018
76.97
76.4904
76.022
76.0446
75.6553
75.3836
75.6771
75.2431
74.8572
75.1126
74.9623
74.7758
75.0232
75.0331
75.0958
75.1434
75.1781
75.424
75.4446
75.4003
75.1159
74.7023
74.3472
73.7827
73.7444
73.2404
72.9032
73.4972
72.9894
72.6146
72.8067
72.527
72.5662
72.7107
73.2187
73.8256
74.085
74.9115
75.5619
75.0327
75.5952
76.0288
76.0743
76.518
76.6359
75.8443
75.8683
75.9186
75.9624
76.1661
76.5684
76.5313
77.0124
77.3226
77.0364
77.2687
77.3277
76.7403
76.7977
76.7077
75.9662
75.9352
75.6502
75.7525
75.367
75.0242
75.2776
74.8589
74.5275
74.7981
74.5865
74.3499
74.6903
74.5022
74.4845
74.4621
74.7174
75.0809
75.43
75.5138
75.5367
75.4888
75.4501
75.2506
74.9918
74.926
74.7779
74.6367
74.4476
74.3096
74.6695
74.4565
74.3062
74.7743
74.759
74.8162
74.39
74.357
74.4212
74.265
74.1918
74.044
74.3212
74.2483
74.0784
74.0047
73.8807
73.71
73.5168
73.313
73.2342
73.0842
73.0993
73.0294
73.0491
72.9615
72.8237
72.6539
72.4392
72.0998
72.4965
72.2155
72.0312
71.7725
71.5478
71.3341
71.6749
71.3624
71.0708
71.153
70.862
70.5938
70.8124
70.5812
70.3485
70.2175
70.1119
69.9496
69.7911
69.673
69.6139
69.9741
69.9469
69.7871
69.6855
69.6485
69.5917
69.4872
69.3591
69.4294
69.41
69.5679
69.4431
69.3768
69.2407
69.049
68.6835
68.132
67.4277
67.4503
66.9032
66.3108
66.6029
66.5411
66.7067
66.6108
66.626
66.6492
66.6045
66.5835
66.6436
66.6093
66.6531
66.499
66.4755
66.4471
66.5751
66.8159
67.4429
68.3439
68.5428
69.5154
70.2543
70.1375
70.2508
70.0638
69.2041
68.7839
68.3517
68.6722
68.6746
68.6211
68.2982
67.9672
67.852
67.7076
67.6213
67.4159
67.6803
67.2172
66.8344
66.6022
66.0648
66.2291
66.6774
67.0776
67.7814
68.3419
68.7242
69.2095
70.1129
70.3283
70.6631
70.9318
71.3433
71.5855
72.1405
71.8921
71.3625
71.1499
70.0906
68.9915
69.5589
68.4915
67.6659
67.4916
66.2342
65.1239
64.1262
63.0831
62.5457
66.1974
65.8516
65.6782
65.7944
65.8655
66.0132
66.2196
66.3031
66.4255
66.7909
66.9432
67.1507
67.3209
67.4025
67.6421
67.7036
67.9147
68.0167
69.8019
70.1771
70.3914
69.1496
69.4701
69.8302
70.3531
70.9645
71.3431
70.4643
70.9521
71.308
71.5704
71.9276
72.2506
71.01
71.551
72.376
73.2866
74.018
74.63
73.6923
74.5197
75.2726
76.2055
76.8617
77.4416
67.3542
67.4094
67.3623
74.9805
74.3209
74.0537
74.4108
74.3158
74.3983
74.6732
74.844
75.0071
75.4396
75.5919
75.9555
75.7515
75.9341
76.1452
75.6705
75.7614
75.9555
76.022
76.1315
76.1269
76.3538
76.4905
76.7141
76.863
77.1361
77.3746
77.1505
77.3765
77.55
77.6877
77.7938
77.9726
78.1737
78.7311
79.1744
78.6161
79.2099
79.9227
79.3278
79.9341
80.2987
78.6907
78.7304
78.5023
78.2921
78.0024
77.8557
78.1998
77.8529
77.432
78.4932
77.9377
77.5035
77.6416
77.1397
76.7112
77.4755
76.9469
76.4422
77.2716
77.1174
76.8101
76.4807
75.9999
75.6019
75.5115
75.0588
74.579
73.4494
73.3022
74.0559
73.8716
74.472
74.5583
74.0071
74.0558
74.0355
73.3327
73.6187
73.7124
74.5726
74.6617
74.6853
74.8533
74.2018
73.6159
74.0873
73.4049
72.9284
73.0461
73.2583
73.3635
73.3666
73.2999
73.0556
71.562
71.2973
70.6344
69.8791
69.3312
69.0754
68.7522
68.4383
68.1404
67.6287
67.0356
66.1549
66.0652
65.6513
65.1715
66.1718
66.1875
66.2041
66.4699
66.6371
66.8819
67.3355
67.947
68.4226
68.5695
68.9068
69.1083
68.4964
68.6754
68.8206
68.9704
68.9719
69.0513
69.0817
69.0591
69.0993
69.0009
68.8935
68.5163
68.2575
67.9434
67.7336
67.6494
67.4938
67.3278
66.7194
66.4349
66.2287
66.2805
66.1107
65.9489
65.9791
66.1955
66.6481
66.6617
67.1935
67.3641
66.9145
66.9613
67.3119
67.6093
68.1238
68.2924
67.6323
67.5875
67.6576
67.2993
67.0548
66.9322
66.8945
66.9607
67.1633
67.1342
67.1866
67.3467
67.0844
67.3363
67.8274
68.0324
68.8851
68.9195
68.4422
68.2835
68.3028
68.2551
68.4027
68.6062
68.9239
69.3123
69.7405
69.5101
69.6802
69.6043
69.5246
69.4096
69.4438
69.3142
69.1924
68.9663
68.559
68.2767
68.1729
68.3004
68.2668
68.2932
68.6408
68.7036
68.6759
68.3125
68.0441
68.2522
68.8125
68.9189
69.0905
69.3632
69.4159
69.6032
69.8034
69.5111
69.4565
69.7416
69.6922
69.6465
70.2626
70.468
70.7998
71.0518
71.6776
72.3205
72.2502
72.8129
73.2243
72.9225
73.3281
73.5714
73.1461
72.8251
72.6222
72.9782
72.8879
72.7627
73.0474
72.9783
72.9484
73.2836
73.1943
73.0964
73.7826
73.6719
73.5766
74.454
74.4311
74.3736
74.7741
74.7056
74.6841
75.0678
75.0472
74.9073
75.2593
75.1802
75.0844
76.0838
76.0203
75.8736
76.3432
76.201
76.0539
76.4388
76.3295
76.1498
76.4202
76.1124
75.7011
76.3302
75.9483
75.6009
75.8029
75.497
75.2534
75.4215
75.1981
74.9955
74.833
74.6835
74.7355
74.8189
74.9123
75.0552
74.8992
74.9875
75.2287
74.5527
74.8034
74.9973
74.5421
74.5887
74.4473
75.0219
75.0291
75.191
75.9642
76.3343
76.779
75.9172
76.1739
76.0081
71.4174
69.7287
67.8379
76.5708
76.3451
76.13
77.4981
77.5709
77.5734
77.6102
77.64
77.6388
77.6543
77.6451
77.8496
78.1972
78.8738
79.1674
79.1449
78.7332
78.0244
75.3698
75.0501
74.7486
74.5052
73.0695
71.3897
70.1038
66.1327
67.4143
72.1267
70.7447
69.0746
66.6354
65.5005
68.7644
72.15
71.5576
67.7593
68.4915
70.1574
71.1974
69.8725
69.6979
69.4791
69.7697
69.9857
69.6638
69.7703
69.7933
69.8387
69.7713
69.886
69.869
69.8558
69.7155
69.8346
69.9505
69.736
70.0804
69.7434
69.8399
69.8573
69.6681
69.9683
69.765
69.8484
69.8647
69.6509
70.1006
69.7916
69.7361
70.049
69.835
69.7327
69.7617
69.8062
69.8279
69.9412
69.6101
69.8589
70.1058
69.3087
70.341
68.2784
68.8562
69.3443
69.3391
69.1944
69.8116
70.1032
70.1439
70.1601
70.0845
70.0861
69.9121
69.5042
69.2704
69.8098
69.8225
69.6233
70.3635
69.556
69.347
69.7606
69.2667
69.9588
69.368
69.6911
70.7697
68.8107
70.9637
71.1959
69.705
70.4519
70.9995
71.0431
69.3542
69.8125
69.8131
69.9084
70.0192
69.9778
69.937
69.9392
69.9026
69.9056
69.9125
69.9248
69.8935
69.8936
69.8686
69.8609
69.848
69.8604
69.8343
69.8549