37.5548
37.8838
38.1853
37.5274
37.3081
37.7193
37.5
38.1579
38.0208
38.2675
37.4452
37.3081
38.1853
37.4178
38.2675
37.7193
38.0482
37.7467
37.9112
38.1031
38.295
37.3904
37.8289
37.8015
37.2807
37.6645
37.3904
38.1031
37.7467
37.3629
37.6371
37.3355
37.9112
37.8838
37.9112
37.5548
37.9934
37.5822
37.9934
38.1579
37.5548
37.966
38.1031
38.295
37.8838
38.2675
38.3772
37.0066
38.2675
37.3629
37.1162
37.6371
37.2807
37.5274
37.7467
37.5822
38.1305
37.7741
37.4452
37.7467
36.9792
37.6919
37.1436
36.8969
37.4178
37.8015
37.2259
37.2807
37.1436
36.2116
37.0614
36.6776
36.102
35.6908
33.6897
31.6886
30.9485
30.6469
29.6053
29.8246
29.7697
29.7697
29.8794
30.0439
30.4276
31.0855
31.6886
32.0724
31.9079
31.1678
30.6743
30.5921
31.5241
32.7577
32.0724
31.9079
32.4287
32.4287
32.7303
33.3059
33.1963
33.0318
32.7303
32.3465
33.0318
32.5658
30.3728
29.3311
29.1667
29.2489
29.7971
32.7303
33.909
33.2511
33.443
33.5252
32.7029
32.0175
30.2083
29.0022
29.057
29.3311
28.7829
29.0844
29.1393
30.5373
30.455
30.5373
30.9211
31.2774
31.2226
30.9211
30.8662
31.2774
31.2774
31.3048
32.0175
33.2511
33.0318
33.1689
35.8004
37.7741
40.5976
37.7741
39.3366
37.1162
35.2796
35.7456
35.5537
34.7588
34.9232
35.0329
34.375
34.3476
35.0329
33.1963
32.5384
32.4561
31.9353
31.1952
31.5515
32.045
31.716
31.6338
31.6612
31.9353
31.9627
32.045
32.2917
32.4836
31.9353
32.0175
32.4561
32.3191
32.4561
33.4704
32.8673
32.5384
32.2917
32.7851
32.2643
32.8125
34.841
35.9375
36.2939
35.6634
36.5132
36.1568
36.4583
37.3629
36.7325
37.1985
35.8004
33.6897
32.2917
31.2774
30.5647
23.4649
25.2741
28.1524
27.8783
31.6612
28.5636
30.5099
27.6042
33.2511
27.3575
31.716
23.8213
33.6623
29.1667
29.5779
29.5504
29.7697
29.6053
30.4825
30.1809
30.1809
29.5504
29.5504
29.6053
30.7292
30.6469
31.0033
30.0987
29.989
30.4002
32.3191
32.3191
32.5658
32.4836
33.6897
33.114
33.3882
33.1963
33.6897
33.8542
33.2237
33.3607
33.4704
32.5384
31.9353
32.182
31.1129
31.5241
31.8531
31.4967
30.784
30.1535
29.8794
30.2632
29.6601
28.7007
27.9331
28.6458
28.7281
28.92
30.0439
30.3728
30.7566
31.0307
31.8531
30.9485
29.6601
28.8103
28.5362
29.1393
28.591
28.8103
28.7281
28.3169
30.0987
28.2895
28.7555
27.5493
27.7686
27.9331
27.0011
26.8914
26.9463
28.0154
29.4408
29.6053
30.2083
31.1129
31.0033
31.1678
30.2906
30.3454
29.9342
31.0855
30.4825
29.9068
30.1535
30.7566
31.1129
31.716
31.9353
30.9485
30.9211
29.8246
29.1393
29.5779
30.4002
30.784
31.5789
32.3191
33.0044
32.5658
32.8125
33.4156
31.8531
31.7982
30.7292
29.6601
29.4682
29.2215
31.4145
32.2368
32.5932
32.4013
32.9221
32.7303
33.3882
33.443
33.1963
33.7719
33.58
33.443
33.8268
33.909
34.5121
34.1557
34.5121
34.5395
34.2379
34.5121
32.9496
32.8399
32.8125
32.1272
32.5932
31.6886
31.25
30.6469
31.0581
30.4825
30.8114
30.5373
30.9759
30.318
30.4825
30.1535
30.1535
30.2632
30.1809
30.6195
30.4002
30.455
30.5099
30.2357
30.0987
30.0164
29.852
30.4002
30.4002
30.3454
30.8936
30.0713
30.0164
30.1261
29.9068
29.8246
30.4276
30.8936
31.0855
31.5789
32.5658
32.2643
31.5789
31.1952
31.4419
30.5647
30.318
30.8114
31.0855
31.1129
30.8114
30.6195
30.1809
30.2906
30.455
29.8794
30.3728
29.9068
30.3728
29.5504
29.4682
29.7697
30.5647
29.989
30.4276
30.8936
30.6743
30.5647
30.784
31.1678
32.2094
33.5252
33.7171
34.3476
35.0329
35.0877
35.773
35.8553
35.9649
36.0746
36.4583
36.239
36.4309
36.5954
36.4857
36.239
36.3487
36.2939
36.5406
37.4178
38.4868
39.9397
39.4463
40.159
39.2544
39.3366
39.6382
39.2544
39.4463
39.6656
39.3092
39.2818
39.1173
38.898
38.8706
38.1853
37.3355
38.4046
39.693
39.3914
38.5417
39.2818
38.4868
38.3498
38.6513
38.7061
39.0077
38.295
38.1031
37.9386
37.8015
37.6919
37.5
38.0757
38.6239
39.4463
40.6524
41.5296
41.886
42.7083
43.1195
42.7083
43.8322
43.5581
43.0099
42.7906
43.3936
44.0789
45.477
46.4912
47.6974
47.9989
48.3553
49.0132
48.0811
48.9309
49.9178
50.1371
52.8509
52.1656
51.2336
50.3015
50.1096
49.5066
49.205
48.9309
48.8213
46.7654
46.3268
45.6963
44.8191
43.3388
41.9134
40.3783
39.3914
39.4737
37.9386
39.227
37.8564
38.7336
37.3904
38.0482
38.6513
39.4463
39.5285
41.9408
37.9934
39.2544
39.7478
40.5702
39.7204
40.3509
39.693
39.9671
40.2412
41.0362
37.3904
36.8969
35.4715
33.8542
30.1809
29.6875
29.5779
29.8794
30.5099
30.455
30.318
30.0713
30.6195
32.0724
32.0724
33.1414
33.1963
33.2237
33.7445
32.7303
32.511
34.7862
34.4572
35.9101
35.9101
35.5263
36.6502
36.7325
38.6239
39.83
39.8849
42.0504
43.2018
44.3805
44.5175
45.7785
41.9956
53.92
51.5625
49.4792
46.3542
44.6272
43.75
44.3257
42.5987
40.3509
39.9123
37.6645
36.4035
35.9375
35.636
33.8542
33.8268
32.8125
32.0724
32.0724
30.9211
32.0175
33.0318
33.7171
34.6217
34.9232
34.7588
35.636
34.8684
33.0044
32.8947
33.3607
34.7862
34.8684
35.3893
35.1151
35.0329
37.0614
36.8147
36.2939
35.8827
34.4846
34.8958
34.9507
35.0877
33.1414
32.5658
33.7719
34.2928
34.2379
33.3059
32.7029
31.9079
31.1678
31.3048
47.0395
32.7851
31.4967
31.0581
31.4145
31.5789
31.0033
30.9485
30.6743
30.1261
30.0439
45.6414
45.5044
45.3947
45.011
44.6272
44.545
43.75
43.6952
42.9276
42.5164
42.1053
42.7632
42.3246
42.2697
42.0504
42.352
41.9408
42.2971
42.2149
42.5987
27.5219
28.0154
28.2346
27.7961
28.4265
27.9057
28.3443
27.9605
27.7686
28.0976
28.6184
29.0296
29.3311
29.5504
29.7971
31.0581
31.1404
31.0307
30.5373
30.7292
30.3454
30.0439
46.1623
46.0526
30.4825
45.5318
45.5592
45.0932
45.3399
45.4221
44.5724
43.8596
44.4353
45.2577
45.5592
30.1261
29.852
29.7423
30.3454
30.3454
30.5373
31.8531
31.2774
31.3871
32.6206
33.8816
35.17
37.7741
38.2675
38.6787
39.3092
40.3509
39.9123
40.3783
39.4737
39.5285
41.1458
41.6393
41.6941
42.7632
43.5033
44.1064
44.4901
44.3805
43.5307
41.4474
42.6261
43.5581
43.6678
43.5033
44.1886
43.8871
43.4211
42.489
43.5855
42.1327
41.5022
40.0768
38.7336
38.0757
38.5965
38.2675
38.5417
39.1173
43.5581
42.4342
40.7621
39.2544
41.1184
47.4232
54.8246
53.0976
52.4397
48.5197
44.545
47.6974
48.739
47.2314
46.1897
42.4068
40.5154
39.4463
39.6656
40.6524
40.4605
41.091
41.7489
41.5844
42.1601
43.0647
44.5724
44.7643
45.2029
44.5175
44.9013
45.0932
45.5044
43.75
42.8728
41.5844
39.7204
38.9803
38.1579
36.8421
36.5954
36.7599
35.9101
34.9232
34.3476
33.7171
33.3059
33.2237
32.511
31.4693
31.1129
31.8531
30.0164
30.4276
29.9342
31.3322
32.0998
32.9221
34.2928
35.1425
34.7862
35.3893
34.3476
33.6075
33.9912
34.5943
34.7862
34.5395
33.0592
33.114
32.5658
47.6974
46.6009
46.2445
45.4496
30.5373
30.7292
30.9485
31.3322
31.2774
31.4693
30.784
30.6469
30.7018
30.2906
30.455
29.7697
29.6601
29.4134
29.3311
29.5504
29.7971
29.9616
30.0987
29.5779
29.8794
29.8794
30.2632
30.1261
30.1535
30.1809
30.0439
30.1261
46.08
45.7237
44.9013
45.2029
44.4901
28.2621
28.7555
27.1107
43.0373
43.0647
42.6809
42.6261
42.0504
41.9134
41.9134
41.6393
41.6393
41.9408
41.8311
41.5296
40.5702
40.5154
40.1042
39.2544
39.1996
39.0077
38.9529
38.9803
39.0077
38.9529
38.8158
38.8432
38.8706
38.6787
39.0077
39.1447
39.3092
39.3092
39.5285
39.9945
40.1316
40.2412
40.8991
40.4879
40.7346
41.0362
27.659
25.6579
23.4375
41.2555
41.3651
41.557
41.8311
41.9408
41.9682
42.1875
42.1875
41.9134
42.6535
43.0921
42.5987
42.5164
43.1195
25.3015
27.8783
26.261
26.7818
29.7423
28.7281
27.4123
25
24.6985
43.3114
43.2018
43.8871
43.284
43.9967
44.0241
44.0789
44.1886
44.0515
44.3531
44.0241
43.9419
43.9145
44.2982
43.5855
43.8322
44.0241
43.5855
43.6952
43.5307
43.0647
43.0373
43.2566
43.1195
27.4397
27.3849
27.3026
27.33
27.0559
27.1107
27.4123
27.7138
27.6864
27.9605
28.125
28.3717
28.3443
28.2895
28.6458
29.1667
29.057
29.2763
29.1118
29.2215
28.92
28.7829
28.7829
29.4134
29.9616
30.3454
30.8114
31.1404
31.9901
32.3465
33.1689
34.2654
33.9364
33.909
34.4024
34.6217
35.307
35.773
36.0197
34.9507
36.2116
36.4035
35.8279
37.1162
37.2533
37.6371
38.5417
38.761
38.4046
36.8147
36.568
36.239
35.9101
36.3213
36.3761
36.3487
36.3487
35.3344
35.2522
35.4989
35.7456
36.102
35.307
34.5943
34.9232
35.5263
35.8004
36.4857
36.5406
36.2116
36.5406
34.3202
33.9638
33.6623
33.5526
32.4836
31.7434
31.5789
30.0164
30.1535
30.0439
30.2906
31.8531
32.8673
32.4836
42.5713
43.0099
43.0373
45.8607
46.6831
46.4638
46.4912
47.7248
46.1075
48.136
47.2862
45.4221
35.636
33.6349
35.8279
36.7325
36.4309
36.8147
37.9112
38.4868
38.6787
38.8158
38.4046
39.693
47.5329
48.1086
49.6711
46.6283
46.6557
44.7917
41.9682
43.5033
43.284
39.5285
36.239
34.0735
33.0318
33.8542
33.6349
33.58
34.2105
34.5669
33.909
34.1009
34.5121
34.6765
34.5943
34.8684
33.8268
32.9496
33.3882
33.5526
32.977
32.182
31.6886
31.7434
32.1272
32.511
32.1272
31.5789
32.5384
33.909
36.6776
31.7982
30.8114
31.6886
31.0307
30.5647
30.7566
30.4002
30.784
30.8388
30.9759
29.9616
29.9342
30.5099
30.1535
30.7292
31.0581
31.6064
32.2094
32.5658
34.8136
33.4704
31.7982
31.7434
31.6338
31.1678
31.25
31.25
31.6886
31.9901
33.1963
32.5384
32.2368
32.2094
32.0998
32.2368
33.4156
33.7171
35.0603
35.1151
35.3893
37.5822
35.7182
33.114
33.1689
32.6754
31.1404
31.4145
31.2226
31.4145
32.4561
32.8947
34.375
34.1557
32.4836
32.3739
31.25
31.3048
31.5515
31.9901
32.7577
34.5669
35.9923
37.8289
43.6129
39.1721
33.7719
32.511
31.9627
32.3739
31.7434
32.1272
31.9901
33.9638
36.3761
33.2785
32.7303
32.2368
31.7708
32.0724
32.6206
33.443
35.2522
42.4068
44.7368
38.1305
33.8268
33.7719
32.3191
31.9901
31.8257
32.0175
32.6206
32.6754
33.0318
33.5526
32.0998
31.9627
32.0998
32.2917
32.2917
33.5526
34.7039
38.5417
43.2292
37.7741
32.5658
31.1404
30.7566
29.6601
29.6601
29.7971
29.5504
30.2632
29.6875
29.1393
29.386
29.3311
29.386
29.3037
29.6601
29.5504
29.989
31.3048
29.9068
29.386
25.4386
28.9748
27.6864
28.125
28.3443
29.2215
28.9748
28.9474
25.4934
25.3564
24.8904
23.2456
25.1919
23.8213
35.4989
32.0724
35.8827
25.1371
29.989
25.0548
34.7039
34.8684
28.5362
28.9474
29.4682
29.3311
29.4408
29.7971
29.8246
29.6601
29.5779
30.455
30.455
30.2906
29.4682
29.9068
29.7697
31.0033
32.4013
33.8268
34.1283
35.0603
35.8827
36.3761
36.7599
36.0746
35.5263
36.4857
36.239
37.3629
36.4857
35.5537
36.1294
36.9518
37.2533
38.4046
39.0899
40.0768
40.5154
40.0219
39.0899
38.6513
39.0077
39.1173
37.9386
38.4868
38.4594
38.432
39.8026
41.3103
39.8026
39.7204
40.2412
40.8717
41.3925
42.1053
41.9134
42.7632
42.7632
42.4342
42.2697
41.0362
41.8037
40.1316
43.6952
45.2303
47.2862
47.9167
48.2456
47.6974
46.7105
46.1349
45.477
45.5318
45.2851
46.08
46.2445
45.6689
45.7511
45.9978
46.5461
47.0121
47.7522
47.5329
46.875
46.9572
47.0669
46.409
46.3816
46.9024
47.0395
46.9572
47.0395
46.6557
46.2719
46.9024
45.8607
46.3816
45.8333
46.2171
45.943
45.3399
45.5866
45.3673
45.7785
45.2029
44.9836
44.4353
44.216
40.1042
43.9145
43.6678
43.1469
43.4485
43.7226
44.1612
44.2708
43.7226
43.6404
44.0241
44.0789
43.9145
43.3936
44.0515
43.5033
43.5855
42.489
41.2829
41.8311
40.4605
38.8158
37.7193
37.6096
37.5274
37.0614
36.9243
37.3629
36.9792
36.7325
36.3487
36.5132
37.6096
36.9792
38.1305
40.0219
40.6524
41.3103
41.7489
43.1743
43.8596
43.0099
44.1338
43.8596
44.4901
44.9287
45.2029
43.9419
43.9693
42.9002
39.693
39.1721
39.4189
39.4463
38.5691
38.7061
39.3366
39.9123
39.4737
38.432
37.8015
37.1711
36.5132
37.5
38.8432
38.6513
39.3914
39.227
38.5965
38.761
39.1447
39.0899
39.4737
39.83
39.4189
39.693
39.2544
37.9386
37.7467
38.1031
38.4868
37.9386
38.1031
37.8289
38.8158
39.0077
39.0625
39.8849
39.7478
39.9397
40.2686
40.5702
41.42
40.9265
41.6393
41.3651
41.0636
41.8586
41.7489
42.3794
43.3936
42.489
42.6535
41.9956
41.8037
42.3794
43.6678
43.6404
41.9956
41.5296
42.1875
44.216
46.6009
47.2039
50.0548
48.5471
46.875
47.1765
49.068
49.9452
50
48.5746
44.1064
48.4649
47.9167
47.8618
45.8059
46.0526
45.477
45.8333
46.4638
45.9978
46.08
45.3947
45.477
43.8871
43.6952
43.1743
43.1743
44.9287
46.5186
45.7511
43.1469
41.6118
41.7489
45.8333
40.7621
40.8991
41.3103
41.2829
41.8037
43.3936
43.5855
42.955
42.6261
42.7083
48.7116
48.739
44.1612
43.3388
45.0384
44.9836
44.9561
46.0526
46.4638
45.6414
44.9561
43.8322
44.3531
44.1612
49.7259
56.4145
52.33
50.1645
42.0504
42.9276
43.1743
43.6952
46.7928
49.3421
48.739
46.5461
46.7379
48.739
54.9342
55.3728
54.1393
53.8925
53.1798
51.7544
51.0691
49.6985
49.2599
47.7522
46.7928
46.08
46.3268
47.807
47.4232
48.1908
49.3421
48.739
48.4375
46.875
45.5866
43.7226
42.2423
41.7489
39.9397
38.7884
37.9934
37.3904
36.7325
36.705
37.0888
36.0746
35.8553
35.3618
35.8004
34.9232
35.0055
34.8684
34.5669
34.8958
35.0877
34.841
34.5395
34.9507
34.7039
34.375
34.8136
34.9507
36.4035
36.6502
37.1985
36.7325
36.9792
35.9923
36.8147
36.1842
36.3213
36.2939
36.4035
36.6776
37.4726
37.1162
36.4857
37.5
37.8015
38.1305
38.8432
39.0625
39.3092
39.83
39.7752
38.8158
39.7752
41.6667
41.6393
43.3114
44.5724
44.7643
45.5866
45.5044
45.614
44.216
44.1612
43.2018
43.8048
43.8048
43.0099
44.0241
44.216
43.9419
43.9693
43.0647
43.2018
41.6941
40.1042
39.5833
38.1031
38.3224
38.6513
38.8432
38.8706
38.6239
39.8026
39.7204
38.6513
37.7193
38.1853
37.6096
38.1853
37.7467
38.3772
37.6096
37.8564
38.4594
37.5548
37.5822
37.6371
37.3629
37.8838
38.4046
38.7884
39.693
40.5428
39.8575
39.8849
40.3783
41.3651
43.6129
44.4627
43.8048
43.5307
43.5581
44.9013
44.9287
44.5724
45.477
44.3805
44.7917
44.5724
44.7094
44.9287
45.1754
44.2708
42.4616
41.6393
42.1601
41.6393
41.8586
41.5022
41.2007
42.023
41.3925
42.489
42.4068
43.4759
43.284
44.0241
44.0789
44.4079
44.2434
44.216
44.1338
45.0658
45.3399
44.8191
44.682
43.9419
44.2708
44.0241
45.148
46.2171
46.3816
46.9846
47.2039
47.0669
47.2862
45.7237
44.7643
44.545
45.2851
44.216
45.4496
45.3399
46.1897
46.7379
47.7796
45.9978
43.75
43.4211
41.3103
40.4057
40.0768
39.4463
40.5976
41.0362
40.159
38.7336
37.1162
36.9792
37.5
37.966
37.7193
37.8564
39.1721
38.295
38.1853
38.5691
38.9254
38.2401
38.0208
37.3081
38.1031
38.4046
38.7336
38.9254
38.6787
37.7193
38.0482
39.5559
40.4057
41.2555
41.7215
41.9956
41.9956
42.2697
41.6118
42.818
42.7632
41.5296
36.5406
39.5285
38.0482
37.2533
36.9518
37.1711
38.0757
37.7741
38.898
38.6239
37.6919
35.8827
36.0197
35.2796
34.841
35.2248
33.9912
33.5252
33.2237
32.7577
32.182
31.7982
31.0307
32.182
32.511
33.1689
36.705
37.2807
37.6371
39.1996
38.1853
37.8289
36.0197
36.8695
36.8147
34.9232
34.9507
34.8136
35.1425
35.3344
36.4583
36.3487
35.8279
36.0471
35.636
35.8279
35.5537
35.0055
34.4298
34.841
34.375
33.9638
34.4024
33.4156
33.8542
33.909
34.1009
33.6075
33.4978
33.7719
34.2928
34.1009
33.3333
33.5526
33.2785
33.1689
32.4013
31.6612
31.0581
32.0724
32.0724
31.6064
31.6338
31.9353
31.6612
31.3322
31.3322
31.8805
31.9627
31.9627
31.3048
31.3048
31.4967
31.8531
31.8805
31.8257
31.9901
31.9627
31.9901
32.0175
32.2643
31.716
31.9079
32.2094
31.8805
31.8531
31.8531
32.0724
31.9901
31.6064
31.3871
31.6064
31.6886
31.3596
31.4967
31.1404
30.784
31.2774
30.8114
31.0581
31.6612
30.5647
31.3322
31.2226
30.318
31.1952
31.4419
31.1404
31.4145
31.6338
31.1129
31.4693
31.5789
32.182
33.1963
33.5252
34.375
34.7588
34.8684
35.0603
35.4167
35.9923
36.6776
37.3081
37.8289
38.5965
39.4737
40.1864
41.2829
41.4748
44.5175
44.4901
47.0395
48.5746
50.795
51.864
50.7401
50.6305
48.6842
49.8629
51.3706
51.5899
51.5625
51.398
50.6853
53.125
53.2895
53.0702
53.6458
51.9737
51.0691
51.398
51.7818
54.057
53.591
54.0844
54.4134
54.2763
54.523
55.3454
55.4276
56.4419
56.1404
56.8531
56.9353
56.9353
56.9353
56.0855
55.9485
53.8925
51.727
50.2193
48.7939
48.4923
46.9846
42.9825
45.8059
45.4496
41.5296
40.8717
40.8443
42.1875
41.8311
42.6535
42.2149
41.5022
41.3651
40.2138
40.4057
39.9671
41.0362
40.625
39.9671
39.5011
40.1042
40.0768
39.8575
40.7895
40.2686
40.1042
39.83
38.7884
38.6239
38.4046
37.8289
38.1031
37.9934
38.0208
37.4452
37.3904
37.3629
37.1436
37.6371
37.0888
37.6919
36.6228
35.773
34.2105
32.5384
31.7434
30.784
29.989
29.9616
30.2906
30.5099
31.0307
31.9079
32.2368
31.6064
30.3728
30.2083
30.1809
30.1809
29.989
30.3454
30.5921
30.5921
31.6064
31.2774
31.6612
32.045
32.3191
32.2643
32.2368
32.8399
32.5384
32.6754
32.0175
31.9079
31.9627
32.977
32.182
31.6886
32.0175
31.4967
31.0581
31.0307
30.7566
30.8114
30.9759
31.0581
31.0855
31.6612
31.6886
32.4287
33.4704
34.3476
34.5121
35.17
34.8136
34.8684
34.5121
34.9781
35.3344
34.7314
34.9232
34.6491
34.841
34.841
35.17
35.0329
34.7314
34.7588
34.3476
34.4298
34.5943
34.7588
33.909
33.9912
33.3059
33.6075
33.3333
33.2237
33.3607
32.8947
33.0318
32.0998
32.045
31.8257
31.8805
31.4967
31.1952
31.1678
31.7434
31.8531
33.1414
33.7719
34.2928
34.6217
34.4298
35.307
35.0603
33.8268
32.3739
32.4287
31.25
31.7708
31.9353
32.2643
32.8947
33.1414
33.3882
33.2511
33.3333
33.443
33.3607
33.114
33.0866
32.8125
32.8125
32.045
31.7708
31.9353
32.0724
31.7708
31.8257
31.7708
31.9079
32.5658
33.0592
33.7719
33.5252
33.5526
34.1831
34.2654
34.6217
34.841
34.5669
35.0329
35.0877
35.5537
36.5406
36.705
36.6776
36.239
38.5143
35.9375
35.6086
36.0471
35.0603
34.4298
35.2522
36.1294
37.8015
36.9518
35.773
35.4167
36.6228
36.8969
38.6513
39.5285
37.9386
37.034
36.102
36.4309
37.3629
38.9529
39.4463
38.8158
37.6645
36.705
36.9518
35.8004
36.7599
40.2138
40.5154
38.6787
38.2127
38.6513
38.4594
36.8421
37.1162
37.034
36.6228
38.1305
35.0329
39.364
37.5274
38.0208
37.3904
37.1711
38.0757
39.6107
37.9112
38.4594
38.5417
38.0757
38.5691
38.9529
39.8026
38.4046
38.6787
36.1294
34.5669
35.2522
35.2796
35.0877
34.8684
35.0603
35.2522
34.1831
32.9496
34.9232
36.3213
33.4704
33.1689
34.2105
36.2939
36.5406
37.966
38.7061
38.1031
37.5548
37.0614
36.0471
35.1974
35.1974
34.5395
33.909
33.3882
33.0318
32.4561
30.8936
30.2632
30.4002
30.9759
30.8114
30.8936
31.9353
32.0998
32.4287
32.6754
32.2094
32.0998
33.5252
33.4704
33.443
33.3607
33.1963
33.4704
32.977
33.0592
33.3607
32.3739
32.3739
32.0998
31.7982
32.0175
31.5241
31.5241
31.4145
31.4693
31.7708
32.0998
31.4967
31.5789
31.6612
31.9627
33.4978
34.2105
35.4715
39.2544
38.5417
41.4474
43.4485
45.7785
47.807
49.9452
51.3158
53.8925
55.1809
55.8662
56.5789
56.7708
57.3739
57.7303
58.1689
58.58
57.4836
56.4419
56.7982
56.3871
57.3739
58.0044
58.6623
58.6623
58.9364
59.2928
59.4298
58.5252
60.2248
62.5
63.5965
64.8026
65.9265
66.6393
67.3794
67.9276
68.284
68.0099
67.7632
68.0373
68.0647
67.8728
66.1458
65.8169
60.6634
52.3026
71.9846
62.4452
69.1338
69.0789
56.7708
69.5175
66.3377
70.1754
70.5866
71.7654
70.5592
70.6414
71.4364
70.9704
71.2171
70.9156
71.1349
71.3542
71.1623
71.1349
71.1623
71.1075
71.1075
71.2171
71.1349
71.0252
71.1897
71.2171
71.1623
71.1623
71.2993
71.1623
71.2445
71.1349
71.1075
71.1897
71.2993
71.1349
71.0252
71.2171
71.1897
71.1623
71.1897
71.08
71.0526
71.1623
71.3268
70.9978
71.1075
71.1623
71.1897
71.1623
71.1349
71.1623
71.1623
71.1897
71.1623
71.0526
71.1075
71.1349
71.1075
71.2171
70.9704
71.0252
71.08
71.1897
71.2445