67.8728
68.0921
67.9825
68.0373
68.0373
67.818
67.1053
68.0373
67.9276
67.955
67.7083
67.9825
66.8586
68.1195
67.8728
67.5987
68.3114
68.0921
68.3936
67.6261
67.9002
67.489
68.1743
67.955
67.4616
68.0921
67.9276
68.2018
68.2292
67.8728
68.3662
67.8728
67.8728
67.9002
67.5439
68.3662
67.7083
68.6404
67.9276
67.9002
67.6809
68.3662
68.2292
68.3662
68.1195
68.3388
68.3662
68.0647
68.5033
68.0099
68.3936
67.3794
67.955
67.7906
68.1469
68.4485
65.5154
64.0077
67.4068
70.148
69.4627
68.8322
67.7906
63.0208
58.1414
55.8662
55.2083
55.2632
56.8257
59.1831
61.0197
62.034
61.4857
60.4441
59.4024
57.511
57.5658
57.6754
59.1283
61.8421
62.7741
59.4298
58.3882
56.0581
55.8114
54.8246
53.5362
53.4265
54.8246
54.3037
54.0844
52.7412
52.659
56.9901
70.8059
54.9068
49.8355
49.4243
51.0143
53.4265
55.3454
56.7982
55.9759
56.9079
55.8936
57.8947
59.3202
61.2664
61.9792
59.6491
58.3882
58.1963
55.8662
55.6743
54.7149
56.9079
54.989
53.4539
50.8498
51.2884
53.6184
61.705
71.6557
56.1129
52.1382
51.261
53.2895
54.1393
55.5099
56.0855
55.9759
54.7971
54.2489
56.8531
58.4156
61.239
61.239
60.2248
58.3333
56.8257
54.9068
53.7007
53.3717
53.0154
51.4254
51.864
50.2193
49.3969
50.0548
61.0471
62.8838
49.534
48.8761
49.4518
50.5208
53.0976
54.3586
54.1118
54.9068
54.1118
56.7434
58.9364
62.2259
61.4583
59.2928
57.977
55.5921
55.8114
56.7708
58.0044
58.1689
58.2785
54.7971
53.5088
52.7138
53.7555
55.0164
55.2083
61.6776
64.6107
67.8728
67.5987
66.9956
64.83
62.4726
58.7171
61.9518
62.3629
64.0351
65.7346
63.4868
62.3629
60.8279
61.8695
65.3783
66.0088
60.6634
66.1458
66.4474
66.8586
65.5702
66.8311
66.6393
66.5844
66.1732
66.1184
66.6118
66.7489
66.6941
66.8037
66.7215
66.6941
66.2281
65.8443
66.9134
66.9956
67.023
67.4616
66.6393
66.6118
66.5844
66.557
66.0088
66.6393
66.8037
66.557
66.3103
65.6524
65.2412
66.557
67.0779
66.3925
66.7489
66.8311
66.9134
66.7489
66.0636
65.9814
66.42
66.5844
66.557
66.557
66.7489
65.7895
66.5844
66.4748
65.6798
66.8586
66.8586
66.091
66.3651
66.42
66.3925
66.4748
65.8443
65.8991
66.1458
66.42
66.2829
65.8169
65.7895
66.091
66.4474
65.4605
64.83
66.4474
66.9134
64.5285
67.1601
66.557
66.8311
66.2007
65.2138
65.7895
66.8586
66.2007
65.2961
63.8706
65.6798
66.5296
66.7489
65.3235
66.2007
66.3377
63.8706
66.091
66.2829
66.1184
67.023
66.3103
66.6667
66.6118
66.2007
66.5296
66.42
67.1601
65.625
65.5976
66.9134
67.1601
67.1327
66.9682
67.352
67.4616
66.9134
67.5439
67.0779
67.489
66.6941
67.5713
66.9408
66.6941
67.0779
67.1875
66.6941
66.7763
66.6667
66.8311
66.5296
66.3103
67.0779
67.352
67.2149
66.6667
67.3794
66.9408
67.0779
66.2555
67.7632
66.6667
66.6941
67.4342
67.2149
66.9682
67.1875
67.489
67.5439
66.9408
66.5844
67.5713
67.1053
67.5164
66.886
67.0779
67.2697
67.4068
67.1601
67.2149
66.886
67.1875
67.3794
67.023
67.4068
67.2423
66.6667
66.6393
67.2971
66.8311
66.7763
66.886
66.6118
67.5987
66.3925
67.2971
67.3794
67.4342
66.886
67.7083
67.4068
67.7632
66.7489
67.5439
67.352
67.9002
67.5164
67.4068
67.4068
66.9408
66.42
66.5844
66.4474
63.5417
57.8947
62.8838
66.4474
65.4879
56.9627
51.9463
51.0691
47.1217
44.0789
43.5581
44.2434
44.3805
44.545
46.08
45.614
47.3958
50.0274
52.0285
53.1524
54.8246
54.6327
56.4693
57.3739
58.2237
56.7434
56.6338
58.0866
58.443
59.2105
59.4024
60.7456
62.3904
61.6502
61.9792
60.9101
59.5395
59.8684
59.5669
59.2379
60.0055
60.6908
60.307
62.1162
62.7193
63.2127
63.761
63.3772
64.5285
64.7204
64.8575
64.0077
63.9803
64.4189
65.2412
64.7478
64.8575
64.7478
65.2412
65.4605
65.8991
65.7072
65.625
65.7072
65.4057
65.5976
64.7204
65.7346
67.4616
66.6118
67.3794
67.0779
67.1053
67.2149
67.5439
67.7083
67.4068
67.7632
67.7357
68.0373
67.9002
66.9408
67.7906
68.4211
67.5164
69.216
68.7774
68.3662
68.8596
69.2708
75.1096
68.2018
67.6809
68.9693
68.5033
73.7664
66.8311
67.1327
67.5164
67.4342
67.1601
66.2829
66.2555
66.6941
64.8849
65.4879
65.1042
64.83
64.4189
64.227
62.3081
62.1985
62.7741
62.5822
63.0482
64.1447
62.3081
61.5954
61.5406
62.7193
63.0757
63.295
62.8838
62.9112
61.7599
61.5132
60.3893
60.1151
60.636
58.7993
60.4167
64.4463
60.307
59.5395
59.5943
58.7445
60.8827
60.9375
60.4715
61.0197
60.307
59.6765
60.0329
60.6908
59.6765
59.375
61.4035
61.4309
63.2675
64.1173
64.9671
65.4331
65.5428
65.4057
65.6524
65.7895
65.8169
65.9265
65.1042
66.1184
65.3509
65.7346
66.1184
65.7621
64.3092
64.4737
62.034
62.5274
62.6645
57.1272
58.0866
57.648
57.3465
57.2643
56.6338
50.1919
49.4518
47.5329
47.6974
46.4912
46.5186
44.6272
44.3531
44.1338
44.545
44.545
43.6952
43.4485
44.1064
44.8191
44.5998
45.3125
46.1075
46.6831
46.2445
46.3542
46.9298
46.2171
46.5461
43.9693
43.3662
43.2292
42.7906
43.4211
42.7357
42.7357
40.159
39.1447
38.5965
37.3081
38.0482
37.1162
37.1436
37.3355
36.5132
35.1974
34.4572
34.4298
32.2368
32.045
32.2368
31.2774
32.4836
37.7467
37.1711
39.0077
42.7906
43.7226
43.3114
47.3136
46.3542
45.7237
45.614
45.943
45.7785
47.0121
47.4781
45.6414
45.3399
43.75
44.0241
42.955
42.1053
42.2971
41.6941
41.3651
41.886
40.8169
42.2697
42.489
43.4759
44.3531
44.4901
43.9967
43.8596
43.8322
44.1064
41.2555
41.42
41.5296
43.0373
41.3103
40.0493
39.8575
40.8991
41.5844
40.9814
41.5844
41.0636
41.6667
42.818
43.9419
44.0515
43.9693
44.5175
44.6546
45.8882
46.5186
45.477
45.8059
45.943
46.6831
47.5329
47.8344
50.1919
50.3015
50.3838
49.5888
49.6711
48.602
47.5877
47.9167
48.4923
49.2599
47.0395
48.2456
48.4649
49.5614
49.2325
49.6436
50.1371
48.5746
49.205
47.8618
46.9298
46.1075
45.5866
45.3399
44.5724
42.489
41.9956
41.6118
41.3377
40.2138
40.0768
39.4189
39.7204
38.898
40.2412
40.2412
38.8158
38.5691
39.1173
38.898
38.5143
38.1579
39.9397
39.9671
40.625
40.2138
39.0351
40.2138
38.6239
38.1031
37.7467
35.1974
34.9507
37.6096
43.4211
44.6546
39.9671
37.3904
36.1568
36.2116
36.0197
37.3904
37.2259
37.9112
38.1031
37.1162
37.3355
38.295
38.761
39.7204
39.4189
40.3235
38.4594
37.7467
38.3224
37.7741
37.6645
39.3366
40.3509
40.5154
39.9123
39.0077
41.091
42.9825
43.5307
43.75
43.284
44.0789
45.7785
45.6414
46.8202
46.7379
46.8476
46.7654
47.2862
49.0954
47.5055
48.0537
47.6974
48.3553
48.8487
49.5614
49.3421
50.8498
49.4792
48.602
49.6711
47.9715
47.4507
46.8476
47.8893
46.3816
46.875
46.3268
47.1491
45.9704
47.0395
47.9715
47.8893
48.6842
48.0537
48.7116
49.7259
48.9309
48.739
49.4518
48.9309
49.3147
49.1502
48.273
47.7796
44.4901
44.2434
43.2292
42.352
42.3794
41.2281
40.8443
40.4057
40.5428
39.83
39.1447
39.5285
38.9803
38.1579
39.1173
35.636
35.8553
36.8147
33.9638
34.4572
35.6086
33.2785
34.7039
34.375
35.7182
36.2116
35.8004
35.3893
35.6908
35.3618
35.7456
35.1151
35.0055
35.1425
36.3487
35.2522
35.4441
34.4572
33.4978
33.909
33.9364
34.5669
35.1151
36.568
35.8553
36.705
37.3629
37.4178
38.1031
36.6502
34.4572
32.5932
32.6754
32.4013
33.0592
33.4704
32.8125
32.8673
32.1546
31.1129
30.7566
31.0033
30.4825
30.9759
31.1952
30.7292
30.8662
29.6601
29.7423
28.4265
27.7412
26.727
26.1513
26.7544
28.2895
27.6864
26.8366
28.3717
30.318
34.4572
35.1974
37.1436
38.0208
37.6096
39.3366
38.1853
34.8136
33.8816
33.4156
32.7029
32.7303
32.4836
31.8805
33.0592
33.7993
34.9781
35.773
36.4583
37.8015
37.034
38.0482
40.9539
43.5307
43.0099
42.1053
40.9265
41.1184
41.42
42.955
44.5175
43.8871
43.5855
45.0658
44.5175
46.4638
45.943
48.0537
48.8487
49.3147
49.8904
50.5757
50.6305
50.5482
50.4934
49.8355
49.205
51.5077
49.4792
49.068
50.6853
50.0548
51.6721
51.3706
51.9737
50.4112
49.8904
49.3147
49.8629
50.5208
50.2193
53.0154
52.33
52.4397
52.4945
52.7961
53.6732
53.8377
52.9057
54.523
55.0164
54.0296
52.7961
52.5768
51.4803
50.7401
49.8629
50.4934
50.6031
50.0548
50.9594
50.6031
51.0691
53.2895
52.9331
54.2489
55.1261
51.727
51.0417
51.0417
51.0965
51.6173
52.6042
54.4134
54.5504
54.9068
55.2632
55.0439
55.0439
54.6601
57.0175
56.9353
56.1678
55.9211
55.1261
55.8936
56.7708
54.0844
55.784
55.5921
54.7697
55.784
54.5779
55.0713
54.1393
53.3717
52.1382
52.1107
52.0285
52.1107
52.9057
52.7138
51.5625
51.5351
51.7818
52.1656
55.455
53.8925
53.3717
53.92
53.6184
57.3739
55.8388
55.1261
57.045
55.1809
53.8377
52.4945
52.1382
50.2193
50.1919
52.0285
52.1382
52.2204
52.7961
53.2072
51.8914
52.7412
52.3575
67.352
49.0132
50.1919
49.8081
49.5614
50.9868
50.3564
49.8629
50.6579
49.1502
50.6853
49.4518
49.9452
48.6842
50.5757
50.1096
49.9452
50.4934
50.466
50.0274
49.6436
50.5757
50.1371
50.1645
50.0822
50.0548
50.1645
50.7401
51.727
51.3706
50.4386
51.4529
50.7675
52.0559
51.8366
51.8366
52.7138
51.5625
51.9737
52.7961
50.3838
51.0417
51.727
52.0285
52.8509
52.9057
53.2346
53.8103
54.4682
53.9748
53.3169
51.7818
50.6031
49.205
42.7906
41.5022
40.0768
35.8004
34.7314
34.375
32.8125
33.9638
34.7862
33.2785
33.6897
31.7708
37.5822
35.4715
39.2544
37.4452
37.6919
37.1436
35.4441
36.705
40.3783
41.0636
41.9134
43.4485
42.5164
38.7884
39.3914
38.7884
41.7215
42.1327
43.3936
43.6404
44.1338
44.4627
44.8739
45.6689
46.0526
46.3816
45.5592
45.6689
46.2445
46.08
47.3958
46.9298
47.5877
47.7248
47.7522
47.9167
46.9298
46.2171
47.3958
46.4638
46.3816
46.2171
46.7379
46.9024
44.4079
45.1206
44.8739
45.1754
45.7785
45.8882
47.5329
49.6985
49.7807
51.1239
53.3443
53.0976
53.8377
54.6053
55.4276
55.5099
54.9616
55.2632
55.2083
53.5362
53.1524
55.0987
54.9342
55.7018
57.4836
55.5647
56.1678
55.5373
53.8925
54.2763
52.7412
52.7686
53.0428
52.4671
52.33
51.2884
50.8772
50.1096
50.2741
51.0691
51.7818
52.3026
51.4529
49.3421
51.0965
51.0143
51.864
51.8092
51.0417
51.5625
50.9046
51.4254
51.0965
51.6173
50.6031
51.1513
50.3838
50.9594
50.6305
50.1645
51.3432
49.7259
50.3838
49.4518
49.9726
49.7259
50.1645
49.8355
49.5614
49.7807
49.5614
50.0548
48.9857
50.5757
50.3838
50.466
50.9868
51.4254
51.864
50.932
49.5614
50.2193
49.205
49.6162
49.1776
48.7939
48.5471
46.4912
45.5866
45.5592
44.545
44.7094
44.5998
45.614
46.4638
44.216
43.8048
44.9836
44.0241
43.5855
43.6404
43.0373
42.9002
42.5713
43.0373
42.6535
43.75
43.3114
44.1064
44.545
44.4901
43.9967
43.4211
42.7906
43.4485
42.5164
43.9967
43.4485
41.9408
44.4353
45.1754
45.5866
43.7774
43.1743
42.9825
43.1743
42.9825
43.6678
43.9967
43.4759
44.216
44.2434
43.8322
42.7632
41.0636
40.6524
41.1732
41.8311
42.9825
42.9002
42.9276
41.8311
44.5175
41.886
42.1875
40.625
41.0636
40.3509
40.3783
40.7346
39.5559
39.5559
40.1316
39.1173
37.7741
37.034
36.9243
36.5406
37.3629
38.6513
38.1305
38.0482
40.0768
39.5011
38.3498
38.7884
39.0077
39.7478
39.3914
39.83
40.8991
40.3783
40.8443
41.2281
40.4605
42.1053
40.9814
41.1184
41.3377
40.2961
39.9945
42.0504
43.0373
43.8048
42.4068
43.3388
42.9825
43.2018
43.7226
42.7083
42.9276
43.7226
43.9145
43.5581
43.6404
42.6535
41.9134
41.9134
40.6524
39.6656
38.9803
37.2807
37.9934
38.3772
38.4046
40.0219
41.1732
41.2281
41.2829
42.352
43.2566
43.8596
44.1338
45.1754
46.1075
47.1491
47.3136
46.8476
47.341
45.6414
47.0121
45.3399
44.9287
46.4912
45.4221
46.3816
45.6689
46.2993
46.1349
45.477
45.8607
43.9693
44.545
44.6546
42.4068
42.2149
42.8728
43.6129
43.5855
42.955
42.7357
43.8871
43.9145
44.1064
44.7368
45.614
47.4507
47.7796
48.9583
50.0274
50.3838
50.6031
50.5757
51.0417
51.261
51.398
52.7961
52.7686
53.0976
53.8651
53.6458
53.6732
54.1393
54.6327
54.7697
55.2906
57.8125
60.3893
60.636
61.5954
61.9243
61.9792
64.0625
64.6107
64.364
63.898
64.3366
64.0077
64.4189
63.898
63.5143
62.6096
62.3629
63.1031
63.1579
62.7193
62.966
63.5143
63.8432
64.2544
63.898
63.2675
63.3772
64.1996
63.8432
64.0077
62.6096
60.9375
60.6908
61.0197
59.7039
60.0877
61.0746
62.3355
64.1173
64.9397
62.8015
62.5822
62.9112
62.0614
63.4594
61.8421
62.3081
62.4726
62.0888
62.3081
61.2116
62.2259
62.1162
60.7456
61.1842
60.9923
60.0055
59.6765
59.8136
59.2654
58.7719
57.8673
52.1382
52.8235
52.4397
54.1118
54.0022
54.0022
49.534
49.0406
48.8761
49.7807
50.0274
49.8355
48.9309
49.2599
49.5614
48.6842
48.9583
48.8213
49.1776
49.0954
49.8904
49.3147
49.3969
49.9178
47.8618
48.8761
47.807
47.9441
47.5603
47.4781
47.8618
47.8344
47.4507
47.1217
47.2039
47.7796
46.7379
46.4364
47.5329
48.739
49.1776
49.5066
49.3695
49.6162
49.9726
50.9594
50.1645
50.1371
49.7807
50.1096
49.6162
49.6985
50.466
51.4529
50.795
51.1239
51.2061
51.2061
51.0691
51.1239
51.7818
51.6173
51.7818
52.5493
52.9331
52.5493
51.4529
51.5077
51.8914
52.0011
52.9331
52.6316
52.7138
52.7961
52.7961
52.7961
52.4123
52.2204
53.1798
51.3432
50.5208
50.3289
51.864
51.1787
51.4529
50.9868
51.2884
51.727
51.6173
51.8092
51.6996
50.8224
50.8772
50.6305
52.0833
52.2204
52.1107
52.5219
53.1524
52.5219
52.4945
52.8783
52.6864
51.5899
51.4254
50.9868
50.8772
50.6031
51.1513
50.466
50.4112
49.3421
49.2599
49.2873
49.8904
49.1502
50.3838
49.0406
48.4101
50.0822
52.0559
52.659
53.8651
56.8805
55.9485
55.4825
55.455
54.2215
53.7007
56.1678
55.8936
55.3454
55.5099
56.0581
56.5515
59.4572
56.8531
55.1261
60.1974
58.6897
61.5954
62.4726
63.4868
61.5954
63.0757
61.6502
62.7193
61.8147
62.6919
62.3355
63.1031
64.227
61.7325
62.4178
61.6228
62.8564
63.1853
63.898
63.2127
64.1721
63.761
63.3498
63.295
62.5822
63.1305
64.227
63.8158
61.568
59.5669
59.0735
57.7303
59.3202
60.1151
59.8136
60.8004
60.5537
60.0055
61.1842
60.7456
61.6502
58.9638
61.2116
61.0471
60.9923
60.9101
60.7456
60.4441
60.3344
60.3618
60.636
61.2116
61.3761
61.2939
61.9792
60.5537
61.4857
60.6086
60.4441
60.4715
60.9649
61.2664
60.5811
61.8147
61.705
62.6645
62.8015
62.1436
60.9101
61.239
59.7039
60.0603
58.1414
59.3476
57.8947
58.4978
56.8531
56.3048
57.7851
57.4013
57.3191
58.3059
59.841
59.5669
60.3618
60.0877
59.6765
60.8553
59.9781
60.7182
59.4298
59.4024
59.8958
58.6349
57.0175
57.2643
55.0987
53.2621
52.193
54.1393
54.0296
52.1107
52.0559
51.0965
50.5208
50.9594
52.2204
51.8914
52.5768
51.4254
52.0559
50.6031
51.2884
51.2884
52.33
52.4397
53.2072
52.7686
53.2621
53.2621
53.8377
54.1667
53.6458
52.8509
52.659
54.386
55.0439
55.1809
54.7423
54.523
54.3586
55.4276
55.6195
55.6195
56.25
55.4276
55.5921
57.2094
56.2226
56.4693
55.4825
54.6053
53.591
51.7818
50.8772
48.3004
49.1502
48.4649
49.5614
51.6447
50.0274
50.1371
47.6974
47.2588
47.6974
46.9298
46.6283
46.875
42.818
42.6261
42.5164
45.6689
44.6272
44.7917
45.0384
44.7917
46.2993
48.6294
48.5746
48.8761
50.4934
50.1919
51.8914
51.6996
53.5362
53.9474
53.1524
52.659
53.1524
52.7412
53.9474
56.0033
55.3454
56.5789
56.4419
58.4704
58.3607
58.4156
58.1689
58.0318
59.2105
56.9901
57.2094
57.4836
57.3191
55.9485
57.182
58.8542
59.8958
59.8136
61.0197
61.8147
63.0482
62.8564
63.898
64.1721
65.6524
65.4057
66.2829
75.1371
66.9956
68.1743
67.9002
68.9145
68.9693
69.9287
69.7368
70.3399
70.4496
69.8465
70.6414
70.7785
70.6689
70.148
70.7511
70.2303
69.4079
69.2708
68.9693
68.0373
67.7357
68.3388
68.0373
68.8048
68.9145
70.4496
69.7094
70.6414
70.1754
70.148
69.9013
70.0384
70.3399
69.5998
69.5724
68.9693
68.4759
69.1064
69.6272
69.5998
69.7917
70.9704
70.3125
70.2303
68.4759
69.4079
69.8191
69.1338
68.8871
68.9419
68.9693
69.4079
70.0384
68.8871
68.9693
68.9693
68.6952
69.4353
69.4079
69.9013
69.9013
69.4079
69.2982
69.4079
69.4353
69.8465
69.545
69.2708
69.1612
69.3257
69.1338
69.4353
69.1064
68.9145
69.0515
69.3805
69.6546
69.8465
69.9013
69.7643
70.148
70.1754
69.9013
70.2851
69.9013
69.8465
69.7368
69.545
69.3531
69.7094
69.7094
69.2708
69.8739
69.0789
69.5998
69.7917
69.7643
68.284
67.7357
67.2423
69.1064
68.2292
68.3662
68.5581
68.5581
68.5581
68.2018
68.6404
68.1743
68.1743
69.4353
69.2708
69.545
70.3947
69.8739
69.8191
68.8048
68.284
66.8586
67.0504
67.1327
67.5987
67.7906
68.4485
68.5855
67.9002
68.6952
68.3114
68.1743
68.2018
67.4342
68.1195
67.6535
68.1195
68.7226
68.1743
66.9682
66.5844
66.8586
67.023
67.023
67.1875
67.3794
67.8728
67.5713
68.0099
67.1875
67.2149
66.8311
66.6667
67.6809
67.3246
66.8037
73.8213
66.091
66.5022
66.4748
66.6667
66.9956
66.6667
66.2281
66.4748
66.4474
66.2281
66.4474
64.8849
63.761
63.1579
63.761
64.0077
63.0757
62.5
62.0614
61.2116
60.3344
59.841
60.3893
59.4024
60.0329
63.3224
62.4726
63.8432
63.5143
63.8432
65.2961
66.7489
66.3925
66.2555
64.7204
63.8706
65.6798
64.6656
64.0077
64.4189
63.4594
61.3761
60.773
60.4989
58.9638
57.5932
56.4693
56.5789
53.8377
52.9879
52.2204
51.3432
49.4792
49.6162
47.8893
47.9441
45.8607
45.2303
44.4901
45.9156
45.3125
45.6414
46.0252
47.3958
47.6151
47.1765
46.2993
47.2039
48.8213
49.7259
49.8629
49.6162
50.2467
51.727
52.4397
51.2061
50.8498
50.6305
50.5482
50.2741
50.2467
51.1787
51.3158
51.2336
51.5625
51.6173
52.4123
53.7007
53.591
53.591
53.5636
54.4682
54.0296
53.6458
52.2752
51.0965
49.3969
48.6842
48.9857
49.6436
51.1513
52.0559
51.3432
52.9331
52.0559
51.9463
51.2061
52.0285
52.193
53.2621
53.2621
49.3421
51.6996
48.6568
49.068
49.4243
49.6162
49.5614
50.1919
50.4934
51.7544
51.0691
49.7807
50.9594
52.5768
52.8235
53.7829
53.4539
51.9463
52.9605
53.1524
52.5768
52.7412
51.3706
52.5768
53.0976
52.8783
53.4814
52.1107
51.1787
51.1239
51.2336
51.6996
52.1656
51.6447
51.7818
52.0011
51.2061
51.2884
51.3432
50.3564
49.9726
48.2182
47.67
47.3684
48.136
47.2588
47.0669
46.6557
45.3125
45.148
43.9967
42.023
40.0493
40.0493
38.9529
38.432
38.9254
39.6382
39.8575
40.625
41.9956
42.2423
44.682
45.614
46.1623
47.0669
48.4101
50.5482
52.6042
52.1107
53.0976
54.3311
54.852
55.0439
54.6875
54.5504
53.6732
54.057
53.2895
49.8081
50.1096
48.0811
42.7083
41.7763
40.6524
37.8838
34.7039
33.7719
31.8805
30.6743
30.2632
29.4408
28.8103
30.3728
30.3454
32.3465
30.1535
30.8662
29.7697
30.8114
32.7303
33.7993
34.0735
32.7303
33.0592
33.3333
34.5943
34.1009
33.7719
37.8289
38.5417
40.0768
50.1096
50.795
52.9331
53.5088
54.4134
53.591
52.659
52.7686
51.8092
51.5351
50.3289
50.3838
50.8498
51.6996
52.7138
51.0143
50.2193
50.1645
47.8893
47.67
48.9309
50.1645
51.3432
51.9737
50.9868
49.2873
47.6974
48.4923
47.4232
47.67
47.7522
45.9978
45.7785
46.9298
44.8191
44.4353
44.1612
45.2303
42.9276
43.9967
43.7774
43.4759
45.2029
45.7237
44.6272
43.5855
44.7643
44.2434
43.7774
44.4627
43.8871
45.2029
45.5044
43.4485
43.8048
41.3377
49.6985
42.1601
41.3377
43.6404
45.2851
46.1349
47.0669
48.0811
45.4221
46.6557
46.8476
46.8202
47.6974
48.0263
48.3827
47.8618
46.9298
47.4781
47.2862
47.2039
47.0943
46.409
47.1765
48.1908
49.2599
50.7675
51.261
51.0417
50.5757
52.5219
51.9737
52.9057
52.9879
51.9737
52.2478
51.1513
50.8498
51.0143
49.8904
50.0822
50.1645
50.2741
50.7401
51.5351
50.7127
51.4254
51.8914
50.2467
51.864
53.7007
54.386
54.2763
53.3991
53.7007
54.2489
53.3717
52.7138
52.2204
51.5899
51.4803
49.8629
48.739
48.3827
47.6974
47.9167
47.2588
46.6557
46.4912
45.7785
44.545
43.5855
41.2007
41.3103
40.2412
40.2138
40.1316
40.5154
40.7346
41.8037
41.5844
41.7489
41.5022
41.6118
41.8311
41.8037
42.9276
43.7774
43.5033
44.0241
44.4079
45.2851
45.7785
44.6272
44.7094
45.7785
46.5461
46.875
46.2993
47.1217
46.9846
46.3268
46.4912
46.8202
46.6557
46.875
47.9715
47.807
47.341
46.2993
45.4221
45.614
46.0526
42.9002
43.0647
44.0515
41.4748
42.4068
42.5987
41.091
39.9945
38.2401
40.7072
40.5154
39.4737
39.1996
39.4189
39.3914
39.6107
39.8849
38.9529
39.0351
39.0077
40.1864
39.7752
40.6524
40.3509
41.3377
41.5296
41.2555
40.6524
41.3103
40.1042
41.7763
41.091
40.4879
40.5428
40.7621
40.2138
41.4474
41.8586
42.1875
42.5713
43.75
45.8607
45.7237
47.2039
48.6842
54.852
52.9331
54.523
59.5121
60.773
59.7862
62.3629
64.0899
62.4726
63.6239
62.3629
62.6645
62.5548
64.364
63.9803
64.364
64.5559
62.9386
62.7467
61.705
62.3904
61.9792
62.2533
61.8695
62.8015
63.4868
63.432
62.7467
61.9792
62.5822
61.8147
62.1436
61.8969
61.9518
62.7193
61.9518
61.8695
62.5274
63.5143
62.5
63.4046
63.3224
62.034
62.0066
62.5548
64.2818
63.761
63.5691
63.898
63.7884
63.1853
64.1173
64.0077
63.3498
63.8432
63.9529
63.6513
63.6239
63.5965
63.7061
64.1173
63.3772
63.0482
63.1031
63.0208
63.5691
63.3224
63.432
63.9803
63.3498
62.8015
63.0482
62.3904
62.1711
62.6096
62.9934
62.7467
63.9254
64.4189
64.0077
64.9123
64.7752
64.3914
64.8575
63.8706
64.0625
64.1447
64.2544
63.7884
63.898
62.7193
62.034
61.4857
62.5274
63.1031
62.4178
62.1436
61.8969
61.3487
61.5132
61.1294
60.9375
61.4583
60.2796
60.17
60.2248
58.3333
59.5395
59.6491
59.1009
60.6634
59.5943
61.1568
61.0746
62.6919
62.3081
63.898
63.9803
63.9254
63.7061
64.5833
63.2401
62.1162
62.3629
62.9386
64.1721
64.2544
64.83
64.1721
63.3224
63.7884
63.3498
62.966
62.7193
62.5
62.3629
62.9934
63.3772
62.7741
62.1162
62.5274
61.2116
61.102
60.4715
60.6634
59.7039
59.8136
58.114
56.5789
55.8114
51.4254
50.2467
49.7259
51.4803
50.8498
50.8224
50.1096
49.3695
50.0274
52.0285
52.9057
54.7149
54.852
55.0987
56.6338
55.4825
56.7434
57.3191
56.9353
58.443
58.7171
58.7719
59.7588
59.4846
60.5811
59.9232
60.3344
59.4298
59.1831
59.6491
59.7314
60.0603
59.841
59.8136
59.8684
61.3487
60.6634
60.9375
60.9923
60.9375
60.773
60.9375
61.1568
61.4035
61.7599
63.2675
62.8015
63.295
61.2939
59.9781
61.8147
60.3618
64.0625
64.5285
64.7204
64.3914
62.9386
63.7336
62.0888
58.7719
54.2763
52.3026
51.1787
49.5888
53.8377
54.7697
53.3991
53.1798
53.0154
54.386
51.1513
53.2346
54.8794
53.0702
51.1513
51.5899
56.25
58.909
60.9923
61.9518
63.2401
61.1842
59.2654
52.3575
48.1086
51.7544
45.6414
50.3289
55.2083
57.1272
62.5822
59.6765
58.4978
61.8695
56.2226
59.8136
64.0351
63.9254
65.0493
64.0351
64.4189
64.3366
65.1864
64.4737
65.3235
64.9397
64.7752
64.7478
64.9123
65.1864
64.3914
64.8575
64.4463
64.5559
64.9123
64.8026
65.4605
64.6656
64.83
64.8849
64.693
64.9945
65.1042
64.7204
65.0493
65.0493
64.83
64.4737
65.0493
64.227
64.9671
64.3366
64.4737
64.9671
64.5833
64.6107
64.6656
65.0493
65.2961
65.2138
65.159
65.2138
65.2412
65.0219
64.9945
64.4189
65.3509
65.2412
64.9671