277
267
260
266
254
272
263
254
247
263
264
266
259
275
273
245
264
276
269
262
270
275
273
255
272
251
252
284
262
248
262
256
265
248
263
238
276
280
282
247
238
244
267
254
244
255
260
260
294
286
259
254
259
268
242
257
252
265
245
257
253
256
264
245
262
246
240
254
261
262
244
247
263
273
267
266
274
274
273
274
285
286
287
293
273
276
270
262
285
271
271
262
260
245
270
267
253
265
247
260
253
257
262
278
268
273
271
267
270
265
263
287
270
303
275
288
271
258
294
291
294
288
281
284
304
286
273
277
255
267
284
288
256
285
239
232
230
208
230
211
221
199
255
263
288
275
283
276
261
281
288
245
252
210
238
233
250
243
233
194
185
207
193
190
193
164
173
267
293
298
280
297
304
288
312
517
516
528
514
503
501
510
499
336
310
330
326
319
314
319
312
318
169
203
190
193
202
213
193
188
246
240
246
258
277
277
263
267
349
316
338
325
331
330
310
337
263
291
286
274
291
282
295
298
209
222
201
217
219
206
203
209
271
258
247
240
249
227
230
198
226
411
408
392
388
368
393
365
391
307
345
348
373
381
381
395
414
228
245
247
222
250
246
231
239
358
351
339
356
352
332
366
362
583
572
602
616
601
615
577
602
401
397
418
414
411
401
372
379
373
149
153
140
155
155
166
160
151
197
194
181
188
208
200
205
218
214
218
230
224
248
263
307
283
263
238
256
254
243
202
201
237
231
217
238
231
224
234
188
204
168
260
258
291
277
274
298
309
310
177
183
183
177
161
156
156
152
104
113
111
97
97
87
73
93
441
461
443
452
466
461
464
483
255
240
248
227
234
220
225
227
139
109
106
103
96
104
105
112
136
477
490
453
456
456
494
495
471
218
225
213
221
213
227
219
242
193
221
208
202
212
195
194
176
242
254
277
257
240
246
251
251
297
315
303
296
303
283
305
287
265
272
260
271
290
308
307
287
300
243
241
272
242
216
194
160
179
450
461
460
437
461
466
485
468
150
146
150
152
148
160
150
142
109
116
129
140
124
134
135
131
410
397
383
393
412
450
430
449
639
221
230
218
235
233
239
238
220
189
183
188
185
164
169
143
158
449
438
431
462
461
437
442
431
301
304
324
325
298
311
302
291
332
367
341
358
341
340
326
343
379
375
353
354
363
350
330
323
302
313
280
288
275
270
249
241
254
301
267
263
253
246
238
211
195
202
187
177
135
129
107
92
72
76
57
44
52
53
54
57
65
66
77
90
92
94
100
90
92
81
75
79
69
73
75
79
82
77
116
120
124
122
127
128
151
125
175
192
169
162
170
172
144
157
150
172
170
169
190
173
190
194
175
192
166
174
192
213
205
222
142
154
162
181
173
175
178
204
174
130
123
124
121
117
106
109
108
97
108
83
85
77
75
62
66
84
77
69
68
63
78
69
78
206
208
200
225
213
202
202
185
223
236
228
242
239
255
269
257
281
265
317
304
333
392
410
443
466
461
414
404
372
386
338
332
351
275
291
283
300
293
324
324
363
221
228
222
244
223
236
221
243
151
129
145
145
157
157
170
159
122
125
140
139
151
159
151
146
135
139
155
143
138
137
145
162
155
209
222
221
252
239
272
279
263
428
443
390
411
441
446
410
389
388
389
360
345
331
329
298
306
316
325
350
353
392
396
406
434
443
447
485
479
517
543
572
570
596
472
511
536
535
527
538
477
500
390
385
363
327
340
290
273
271
210
182
173
154
127
140
118
119
114
119
98
101
119
119
106
116
104
123
133
116
145
164
164
176
184
183
182
179
207
205
193
189
207
276
275
279
268
271
257
256
258
297
300
330
315
335
336
368
383
375
367
371
382
374
396
392
411
401
406
406
414
411
405
411
397
434
405
406
401
403
402
410
400
402
410
409
401
398
395
389
359
344
375
384
357
319
237
224
205
177
175
149
151
151
175
163
166
170
163
163
142
146
114
135
153
152
237
242
250
251
240
248
237
253
292
249
271
305
297
320
314
328
348
353
305
320
334
360
382
391
424
402
405
416
410
432
421
444
467
437
440
440
459
505
497
490
478
465
447
424
451
451
418
386
383
383
390
386
382
340
322
299
290
278
267
304
285
281
273
276
257
261
276
309
302
327
319
324
317
314
298
311
316
317
350
344
364
385
286
310
365
352
367
383
385
398
256
245
266
271
261
252
293
308
140
146
155
152
149
141
132
153
141
79
75
82
67
57
54
61
66
72
64
74
75
71
74
72
75
117
102
114
114
110
123
104
112
259
255
266
259
245
245
239
251
272
237
237
235
219
225
208
212
116
104
89
105
99
99
88
78
101
49
48
45
55
52
51
56
63
63
75
106
99
92
105
118
120
252
242
247
251
221
223
253
233
332
318
350
327
331
359
409
398
380
427
425
432
450
435
434
474
450
483
517
515
500
456
465
423
410
388
377
336
313
269
249
198
144
241
236
212
160
191
205
198
199
293
251
263
260
244
245
235
219
211
232
206
212
214
204
196
204
212
186
184
234
227
234
246
259
286
295
294
279
290
306
289
317
331
324
380
428
447
459
463
472
478
410
423
392
367
379
373
368
364
342
342
332
351
344
325
318
294
312
307
311
302
319
317
314
276
271
287
319
272
263
282
291
291
268
273
253
256
264
260
254
235
260
272
251
257
247
255
247
232
249
240
254
241
223
241
260
263
262
273
301
302
323
325
301
331
352
351
370
407
405
358
347
370
365
366
371
366
372
381
373
369
358
342
335
343
344
292
250
204
178
165
273
263
241
242
232
216
208
206
261
261
273
265
259
294
322
338
337
335
331
336
305
312
325
290
310
360
386
373
388
406
414
444
447
414
403
429
410
411
412
454
425
395
383
358
344
339
330
282
271
254
262
238
198
228
216
178
162
127
141
144
142
160
167
189
187
183
162
180
184
199
188
226
256
260
270
266
273
293
271
273
280
276
297
326
283
265
245
242
215
197
183
157
149
144
168
168
181
188
184
186
196
190
202
204
200
218
221
228
217
223
225
244
255
258
192
207
225
235
231
258
255
254
269
213
226
226
228
236
237
258
222
177
179
177
184
177
200
211
201
164
145
131
114
122
109
89
95
105
103
107
90
85
79
75
61
114
105
114
85
103
104
102
100
143
133
136
140
165
139
146
145
150
131
123
146
144
156
150
157
156
122
93
114
105
108
114
120
111
94
109
99
104
106
107
114
117
73
80
92
74
80
79
80
79
73
73
61
62
72
73
68
57
72
91
74
80
77
77
65
77
76
76
80
83
86
80
73
76
72
79
79
86
81
84
75
79
95
90
102
108
103
107
130
124
112
128
118
134
139
137
135
134
148
143
142
150
151
158
149
166
178
170
161
167
144
154
165
185
184
181
175
202
186
182
198
198
204
192
180
197
205
201
207
203
179
182
159
144
140
165
162
163
176
174
155
159
151
159
188
186
211
221
156
166
176
176
183
180
172
194
213
331
300
301
318
286
303
334
324
401
386
392
407
421
404
415
421
331
341
337
339
331
332
303
316
262
260
220
210
176
152
148
144
145
140
151
144
167
186
154
155
166
151
149
133
120
111
125
123
128
107
106
118
105
119
122
136
144
153
159
165
166
181
179
168
151
164
188
182
195
197
208
228
225
274
273
281
311
292
289
311
301
272
287
305
276
245
223
204
178
174
224
209
199
174
172
164
153
152
139
113
106
104
101
99
95
101
47
39
52
57
51
57
69
88
186
174
216
205
206
214
189
178
448
425
401
349
347
283
286
217
236
205
172
196
205
188
258
262
268
355
341
368
391
380
365
350
341
243
234
232
184
198
176
175
178
114
120
126
117
120
129
125
126
137
125
117
126
124
116
121
115
190
202
198
204
227
258
265
261
297
261
266
313
282
305
317
331
350
189
206
194
196
228
265
261
257
216
234
234
223
199
221
217
221
236
236
246
225
230
258
264
217
296
286
245
206
184
136
139
118
194
166
169
135
123
113
110
105
99
161
148
133
105
92
77
71
82
93
96
100
85
97
73
71
65
46
43
48
51
52
50
67
64
61
56
59
62
58
62
60
67
47
48
39
46
44
47
47
45
56
87
90
81
95
83
80
77
76
174
173
149
138
151
154
139
138
189
204
211
218
244
251
229
223
273
275
265
266
264
272
268
298
297
288
290
322
336
352
341
317
288
315
313
309
312
346
321
328
317
226
195
199
180
184
167
178
169
98
82
82
88
87
88
95
99
108
108
101
101
115
116
125
136
255
249
260
249
260
229
269
254
342
330
336
335
314
291
276
278
212
218
244
227
255
278
285
316
293
218
222
233
214
221
224
217
205
102
110
114
108
108
110
133
119
99
103
95
93
92
101
114
96
135
148
122
123
123
136
131
140
112
120
109
107
113
100
80
75
73
65
60
60
48
40
44
46
45
84
93
87
95
98
99
120
120
122
127
152
162
183
172
200
207
191
221
205
216
201
214
215
202
229
230
216
236
212
208
204
172
85
90
98
106
82
87
92
99
100
98
116
119
127
133
143
140
133
312
287
302
296
255
291
304
300
277
299
277
250
249
239
247
262
291
289
289
303
305
316
319
319
344
383
391
363
347
346
349
319
313
149
155
140
140
140
155
171
180
148
130
135
123
90
86
86
94
138
150
152
175
184
172
185
165
164
180
194
173
194
191
184
192
196
203
208
190
194
192
200
225
276
238
271
297
305
278
301
289
311
317
301
307
272
285
286
312
275
177
162
156
159
162
170
168
209
245
257
281
253
265
290
276
304
225
234
220
209
206
197
184
186
237
222
227
204
209
216
193
214
330
350
364
392
366
386
405
387
389
304
310
269
240
218
211
203
174
273
221
213
195
195
180
203
187
200
206
180
180
186
171
169
173
109
121
109
108
120
121
138
133
94
89
93
100
111
104
114
117
100
127
124
120
111
126
141
135
134
172
174
160
181
173
190
202
203
171
193
203
234
249
251
262
302
178
202
208
203
207
221
204
201
135
145
138
122
121
133
137
145
107
108
100
112
108
108
108
115
117
99
101
102
111
127
143
158
159
148
142
143
114
120
124
136
134
183
167
191
187
196
184
213
202
210
226
221
213
215
187
167
145
120
123
128
122
125
138
149
147
108
104
106
127
106
105
108
140
121
146
123
116
136
135
148
140
138
276
280
280
318
343
378
362
390
542
506
462
490
462
452
450
443
303
293
253
230
193
189
208
185
207
191
189
201
198
200
173
160
105
105
87
77
77
70
69
70
76
43
53
44
49
58
50
59
54
50
52
51
37
34
30
27
28
62
52
52
42
47
43
49
55
148
158
196
174
171
189
191
176
222
219
232
256
268
256
260
263
267
304
313
283
287
271
272
278
286
288
317
345
347
370
366
394
457
334
347
359
402
447
448
453
472
351
339
352
347
355
340
299
277
206
181
140
128
109
93
81
81
62
68
63
59
67
63
59
64
66
63
74
74
80
94
111
120
111
119
140
139
155
174
178
178
190
220
250
237
246
274
258
287
270
246
244
249
237
222
229
217
182
182
163
143
125
115
104
104
103
109
204
189
197
203
205
165
152
136
139
111
117
104
111
96
94
90
61
63
58
62
58
55
47
50
46
57
50
56
74
71
82
96
95
96
97
92
100
99
123
106
99
106
103
103
111
114
112
106
106
147
164
156
153
172
172
172
159
187
188
167
158
142
142
126
113
147
126
143
147
143
150
138
146
197
198
204
205
208
238
253
277
258
272
285
286
297
292
327
347
269
259
274
301
307
329
333
299
327
210
219
217
211
212
206
205
221
195
188
172
163
155
128
148
133
166
173
160
170
177
198
199
225
283
257
305
305
300
288
301
282
237
230
241
259
255
279
291
269
286
243
241
262
259
281
284
309
324
241
252
263
248
280
279
297
287
250
273
279
256
285
281
270
251
283
279
272
283
282
303
299
281
286
297
291
273
277
289
314
314
348
349
377
371
386
395
416
430
435
511
507
487
497
470
444
434
438
410
367
395
401
394
362
342
310
235
217
214
199
203
191
201
170
169
170
155
139
137
137
124
123
292
267
265
245
235
222
228
222
254
328
314
332
365
340
359
393
424
282
307
329
358
387
422
396
427
378
361
405
411
472
523
528
539
618
584
615
599
599
601
608
603
596
595
538
513
504
490
478
453
448
444
424
437
388
406
363
354
352
362
358
348
396
398
421
441
453
483
428
459
429
455
474
449
435
423
463
480
497
510
513
530
507
506
501
484
442
426
384
370
340
319
320
319
307
268
287
291
271
229
249
224
216
207
208
216
224
199
223
203
205
206
203
186
196
185
245
225
229
234
227
215
228
222
250
250
193
166
157
135
115
119
76
86
89
110
108
111
111
141
142
153
163
165
183
197
196
244
234
258
274
297
300
313
293
318
309
317
335
352
388
374
377
382
396
344
348
363
372
370
368
390
397
360
341
360
342
360
356
357
381
341
357
349
366
358
352
364
350
326
316
323
320
323
355
342
334
368
393
387
365
353
323
267
274
263
197
196
200
224
225
236
195
219
210
219
207
193
185
207
197
198
217
219
254
252
252
292
267
287
374
379
390
358
329
329
309
282
250
300
277
201
194
179
165
141
134
143
116
125
140
120
142
138
132
135
134
122
121
124
130
92
103
171
185
157
190
179
173
189
204
212
207
207
215
221
209
211
216
156
175
155
172
167
178
171
202
193
129
156
136
138
131
141
121
133
121
120
115
117
105
112
122
125
118
126
129
122
122
136
141
138
165
155
152
158
172
154
160
151
156
161
142
139
142
140
144
131
114
117
125
121
124
124
117
117
117
123
129
115
121
97
117
97
112
82
80
74
78
79
79
77
70
70
80
76
68
80
64
78
66
85
73
67
72
65
71
73
70
78
77
93
90
82
83
78
71
112
113
117
113
108
117
113
117
121
117
115
111
108
116
116
110
116
106
109
98
101
122
105
101
105
78
79
78
90
85
92
90
98
92
91
100
95
91
98
103
95
124
111
110
109
119
100
98
109
100
92
91
97
106
105
117
117
122
124
121
137
128
132
105
130
139
115
115
118
142
140
143
152
177
151
139
145
145
155
147
158
178
125
132
139
143
137
144
160
156
110
112
113
118
117
131
146
137
161
244
236
214
245
251
242
228
233
300
265
282
252
244
239
237
250
288
292
288
304
318
316
348
362
284
301
304
348
370
370
375
404
363
355
373
362
342
353
353
298
301
312
307
297
281
266
244
224
213
218
222
205
185
199
193
159
167
137
136
140
133
134
146
140
128
83
86
90
96
90
108
105
109
143
129
149
132
140
164
182
173
252
272
285
305
351
376
419
441
471
381
387
395
374
351
332
313
329
297
287
295
298
295
313
331
347
435
416
414
421
407
401
377
388
435
435
399
381
324
287
286
254
174
142
129
106
100
75
90
75
68
74
74
74
77
68
73
76
73
63
73
110
119
128
140
150
158
299
309
326
363
376
383
396
428
439
446
455
428
426
407
360
349
332
320
320
250
251
234
206
164
225
195
184
155
163
151
138
131
116
145
140
128
139
119
106
107
97
120
117
111
113
106
96
97
88
122
125
127
133
134
120
147
128
126
109
111
118
109
134
131
136
120
129
119
134
131
123
120
128
107
131
118
117
122
120
109
125
129
128
128
121
136
145
140
149
145
265
253
242
214
186
195
176
154
275
261
245
236
201
221
218
217
270
279
239
257
269
274
285
281
268
290
285
319
321
331
333
358
280
287
282
316
310
302
306
316
303
224
202
202
194
198
175
156
135
124
103
98
108
101
92
98
95
136
146
139
150
152
170
186
178
213
215
184
199
222
218
231
204
207
198
197
181
191
202
215
213
238
195
204
202
205
205
233
230
225
194
175
170
164
167
153
167
159
143
133
153
164
148
156
163
170
156
159
156
162
161
175
181
181
158
182
168
186
206
224
201
235
198
206
220
248
256
242
249
262
259
294
305
324
327
323
321
316
303
343
323
305
298
312
272
292
302
299
275
292
255
276
279
275
302
221
243
275
240
236
259
271
292
238
264
265
319
314
345
344
389
354
347
341
345
322
328
307
329
292
294
280
282
270
268
241
203
211
183
172
137
131
130
128
129
150
97
102
110
97
101
110
94
100
82
68
70
71
58
74
69
68
91
78
91
91
99
105
117
146
157
204
217
262
264
270
286
297
298
333
376
417
446
464
485
485
479
431
363
349
329
304
297
269
242
186
170
142
147
123
133
107
98
119
106
100
83
88
80
79
74
74
68
65
59
64
61
67
58
50
80
92
89
86
89
84
80
86
86
89
93
82
76
80
93
90
80
75
78
88
76
73
93
79
100
99
103
105
87
86
67
86
216
226
225
213
218
229
222
243
240
252
242
236
255
282
274
304
314
268
291
302
304
312
326
311
313
171
177
177
178
166
175
168
154
123
114
116
120
124
131
122
142
119
125
128
138
123
146
157
188
146
147
137
142
141
139
156
147
148
161
143
158
168
151
163
164
145
229
207
224
215
217
217
234
239
288
303
303
296
313
357
357
367
304
270
298
272
246
271
260
257
219
223
188
189
173
170
184
188
205
232
224
233
266
282
279
243
255
196
196
210
178
161
147
144
152
136
159
150
143
135
101
96
88
102
91
96
91
98
92
100
96
151
139
137
140
123
139
126
125
103
110
117
104
101
103
91
102
147
89
104
140
146
161
185
205
215
191
204
196
191
173
166
154
139
124
134
137
127
150
140
139
162
248
254
254
251
261
247
258
274
277
255
287
296
315
330
328
338
315
298
316
313
310
293
270
253
265
209
174
154
125
96
64
61
52
42
33
34
30
25
29
24
31
49
44
42
42
46
40
41
43
108
98
97
84
83
88
71
86
140
140
146
111
95
104
103
93
115
116
114
118
127
126
137
132
140
176
181
193
185
224
220
243
262
153
183
177
171
185
185
200
211
115
112
121
113
109
104
93
90
175
165
164
132
119
107
112
94
214
226
197
207
222
232
224
231
236
248
243
245
257
263
240
239
259
201
218
222
232
240
244
291
287
198
194
187
196
189
190
180
172
118
105
107
101
95
89
77
73
65
63
56
56
50
65
51
58
140
121
118
129
110
111
106
102
105
164
183
193
211
212
221
224
237
233
229
257
281
277
284
302
303
193
192
219
227
228
248
205
192
105
109
113
119
144
149
152
145
145
138
124
122
110
97
76
71
189
168
151
135
98
112
113
91
82
185
194
179
168
181
207
185
195
167
202
203
202
221
215
219
209
166
193
207
209
221
223
228
248
166
137
138
144
123
135
119
134
95
96
84
78
86
77
69
71
69
104
109
108
117
111
122
103
118
250
264
263
292
305
315
315
307
347
320
327
316
314
336
369
334
248
288
270
270
289
300
306
282
274
241
237
235
222
244
232
222
260
277
266
249
260
250
231
239
212
195
211
208
204
194
181
187
196
159
181
204
226
229
211
214
214
179
162
178
183
197
169
186
205
132
145
129
141
115
116
127
111
214
208
170
181
157
171
166
175
188
159
174
172
174
166
171
169
178
141
132
131
120
132
135
137
132
57
60
51
39
37
28
33
30
19
20
18
14
23
39
36
38
46
55
63
56
54
63
58
53
148
154
171
170
198
208
220
236
227
298
289
271
281
246
240
218
191
334
324
322
278
260
274
262
286
247
260
267
263
255
268
293
282
280
302
284
272
228
185
167
192
170
144
154
109
88
91
88
86
55
68
90
98
140
150
190
159
149
46
45
49
50
55
54
60
54
51
52
55
62
62
61
61
51
66
58
58
55
55
43
47
45
67
55
46
30
19
12
18
19
209
220
221
225
238
249
240
225
215
306
295
282
294
270
270
252
263
320
314
302
295
283
311
305
222
196
160
150
145
159
147
144
161
101
110
127
143
155
170
141
141
146
116
102
91
87
92
104
91
91
92
114
101
111
105
118
132
131
64
78
84
74
82
75
80
69
36
46
34
44
44
45
33
31
31
31
28
30
36
35
40
32
34
35
29
36
27
24
28
33
49
42
48
38
34
33
31
36
36
29
24
23
14
13
25
18
20
93
85
73
71
74
73
64
53
160
156
170
145
162
162
181
176
76
74
83
73
79
69
56
66
38
43
45
41
38
51
42
44
35
42
49
48
52
49
44
49
38
73
69
72
71
72
80
81
65
180
166
175
155
163
155
151
138
178
190
186
181
196
186
171
169
154
149
168
146
147
148
154
163
97
115
105
122
122
121
115
114
101
99
101
103
97
109
96
104
111
85
85
93
78
90
83
91
86
90
84
79
63
64
58
55
54
101
96
101
88
92
112
82
96
136
138
135
132
133
138
134
150
140
137
144
156
161
172
152
185
182
161
180
183
184
194
200
194
190
120
125
162
159
163
178
187
175
97
123
121
142
142
137
125
130
111
82
56
49
30
38
27
28
129
151
123
122
124
91
76
78
205
156
176
170
150
165
158
128
129
169
158
165
151
160
141
173
168
179
186
182
175
163
181
194
208
213
208
203
217
235
258
273
281
314
313
338
325
362
380
350
353
283
260
271
256
254
237
235
217
182
167
170
163
165
178
183
183
175
146
158
153
146
155
151
168
171
143
149
158
145
144
160
155
163
79
94
85
88
94
85
93
88
63
61
50
49
40
30
40
46
89
77
80
78
90
80
88
69
136
135
139
134
149
143
139
143
180
155
180
188
211
202
214
218
219
190
196
201
217
231
211
217
204
147
147
129
144
142
140
139
144
126
114
136
123
115
100
107
103
183
175
146
145
135
107
91
94
70
106
86
85
57
62
63
57
64
82
76
81
88
77
72
86
72
81
82
82
80
76
73
83
82
70
81
81
67
65
65
81
72
73
83
89
94
88
95
87
83
91
87
84
94
96
94
100
110
93
100
105
108
96
108
121
110
119
118
118
109
123
128
130
128
130
109
112
104
97
109
130
118
115
94
94
113
104
101
100
107
122
80
80
78
72
72
72
80
66
71
64
75
84
76
67
70
80
73
104
93
96
81
100
100
94
100
142
141
125
106
110
101
82
68
55
64
68
66
71
67
68
68
35
39
39
32
42
40
38
33
49
54
61
59
58
64
68
65
62
95
97
100
101
115
123
109
112
134
122
137
122
130
137
134
126
120
112
111
94
89
99
87
90
89
93
103
112
101
110
107
98
90
94
89
75
71
75
65
48
76
72
71
83
81
74
77
69
63
102
101
86
86
86
90
81
80
93
100
87
106
105
102
111
107
108
101
106
114
102
95
99
101
100
106
92
119
125
109
111
112
102
113
129
118
115
139
138
131
127
134
136
137
149
156
155
152
176
173
170
166
179
199
182
194
196
211
205
204
234
238
246
220
266
226
242
266
265
269
306
301
278
166
181
178
173
157
177
159
173
100
109
104
96
110
101
92
92
93
79
64
69
67
60
63
68
58
123
132
122
127
112
115
106
107
165
163
153
166
162
160
174
179
150
165
175
202
203
204
223
232
169
179
196
193
190
197
194
209
121
118
104
103
104
91
99
82
77
69
59
61
58
57
49
47
50
100
107
86
75
83
80
90
72
174
170
166
166
173
171
172
183
197
198
204
215
250
271
284
324
358
374
377
387
325
328
338
328
321
305
305
285
306
295
326
364
424
457
434
436
437
437
442
465
466
463
471
451
441
450
437
408
404
390
414
390
350
356
360
332
366
335
347
310
305
287
308
320
326
299
311
302
305
308
293
293
290
309
300
298
302
323
324
316
331
358
311
302
324
358
360
338
345
335
223
221
251
208
238
213
221
216
173
174
169
154
152
121
126
116
203
171
189
183
154
150
144
141
315
320
296
334
341
328
313
329
323
356
356
378
328
311
330
352
322
351
356
346
343
394
388
346
340
320
303
335
353
332
330
347
353
336
321
313
303
294
298
300
279
300
318
305
284
257
269
297
296
275
288
269
274
269
277
274
275
288
283
324
349
371
375
412
434
386
350
382
392
345
352
347
326
346
395
369
412
400
385
376
355
340
309
299
313
323
313
337
320
308
333
351
307
327
315
294
271
278
275
310
287
283
283
257
249
224
229
280
282
269
275
277
267
262
232
237
218
171
165
159
157
145
135
111
126
142
168
170
186
205
205
242
244
233
185
191
198
214
236
226
239
230
216
213
212
226
253
292
264
248
237
251
240
197
185
198
144
143
142
140
138
154
173
161
139
152
166
165
172
175
177
185
95
98
99
96
102
115
96
99
70
73
73
72
78
63
48
55
48
80
82
89
78
85
89
61
68
119
129
117
128
133
121
133
138
168
155
177
175
169
196
211
207
195
174
185
219
210
219
245
228
176
160
182
162
193
174
171
180
121
122
130
138
131
143
138
159
151
152
156
132
128
147
146
132
136
205
205
225
227
252
253
271
295
244
238
245
257
251
302
321
328
200
190
183
209
230
212
240
231
182
187
198
199
206
196
196
190
201
300
286
276
270
260
292
262
239
538
562
551
573
536
500
504
515
369
357
348
351
339
325
292
287
229
217
215
206
236
239
219
240
152
132
144
146
143
147
144
129
124
111
125
114
111
98
106
93
101
140
150
124
141
140
141
153
151
174
183
195
187
181
184
182
195
162
162
173
152
134
157
157
149
134
114
137
128
134
114
113
97
116
118
121
113
125
130
131
128
208
221
210
225
228
222
253
233
244
358
350
339
310
330
350
322
308
146
142
129
141
154
111
105
120
81
71
102
111
89
106
99
100
185
187
188
197
197
197
193
185
215
186
191
195
175
184
175
189
98
126
136
135
124
126
130
128
119
163
150
164
159
147
125
135
129
131
129
136
129
146
145
152
160
159
159
155
173
170
182
163
155
201
181
160
162
151
141
146
160
142
151
136
145
153
176
171
160
166
158
164
167
174
191
177
161
161
157
167
172
148
175
148
160
150
124
138
141
153
130
111
142
152
175
172
162
151
152
165
148
138
175
156
167
160
181
177
171
173
151
123
142
131
134
120
114
140
129
164
146
153
149
170
157
171
182
170
146
171
161
170
153
159
151
115
112
109
96
69
66
76
81
432
438
429
395
410
409
391
413
280
305
288
281
265
281
277
238
118
118
99
119
96
87
86
91
108
215
194
211
235
240
234
252
251
176
196
156
163
192
190
191
185
118
96
101
84
103
104
103
101
276
263
266
257
256
252
235
241
189
188
189
191
163
181
174
200
182
116
124
137
121
137
141
120
133
121
114
111
103
110
98
87
103
156
152
151
141
153
153
145
138
158
152
180
163
155
156
154
156
174
165
166
182
184
188
204
168
164
146
159
148
144
152
146
162
167
151
142
132
135
146
150
159
152
140
124
110
119
127
129
130
139
158
156
163
170
177
165
179
177
213
221
221
227
209
225
222
195
143
142
138
122
142
123
131
132
151
146
158
149
144
139
136
131
141
173
164
159
166
159
163
165
163
137
153
146
158
139
145
175
145
145
136
135
139
136
135
123
142
142
131
120
143
132
125
150
137
123
131
136
132
133
144
132
130
119
117
136
114
121
140
131
122
125
126
124
132
129
121
133
121
135
133
134
127
135
140
130
135
127
119
129
121
122
119
124
128
124
108