231
222
243
224
241
231
224
222
240
216
211
224
224
230
226
232
214
205
219
210
224
227
235
233
231
250
219
226
247
221
222
223
233
233
211
221
235
231
219
251
238
244
233
237
241
242
240
236
254
240
256
247
239
254
235
253
245
254
240
260
249
250
255
268
267
252
250
249
239
259
253
238
252
232
222
230
253
231
250
235
248
220
239
249
250
248
260
234
231
244
225
246
254
253
253
240
218
230
221
237
253
237
238
236
240
243
248
229
245
221
234
231
239
218
234
222
224
222
231
231
229
217
223
210
228
230
244
239
249
239
255
232
247
236
226
263
246
247
230
252
255
213
245
232
242
239
234
230
242
215
231
232
219
208
205
200
186
212
202
207
226
227
233
214
231
225
231
211
205
233
243
226
218
236
222
218
230
227
241
223
234
208
220
209
208
211
216
192
208
203
193
213
212
239
236
229
230
249
229
246
230
232
223
234
246
208
227
214
250
208
238
220
218
234
210
223
212
216
206
208
234
215
196
186
194
204
194
191
192
190
218
199
206
200
222
188
217
228
239
220
236
235
240
228
231
220
220
219
229
228
221
225
215
225
236
239
249
245
237
258
248
269
245
241
255
243
264
279
276
261
270
302
287
314
294
283
300
268
299
328
294
328
319
324
299
292
296
290
276
294
279
290
303
307
298
276
253
258
275
265
255
240
268
251
215
207
214
206
228
224
234
215
196
201
196
210
213
194
203
210
253
260
268
268
277
261
237
245
298
276
269
259
263
266
283
276
266
266
241
258
263
258
244
213
254
241
247
241
261
236
247
266
245
247
230
219
235
211
235
208
248
231
222
221
215
227
219
238
229
248
244
264
280
246
265
260
271
211
229
232
249
238
249
257
243
239
238
231
258
248
262
224
240
244
222
226
239
227
198
205
221
217
137
137
130
137
140
127
139
150
131
123
113
118
124
124
117
127
194
189
217
180
201
182
193
190
270
290
306
282
297
280
279
297
280
281
273
293
302
328
338
351
359
224
211
238
238
234
252
232
240
239
235
223
226
201
228
208
209
218
215
208
200
225
212
224
192
250
264
291
283
275
290
282
280
323
311
311
318
327
308
343
324
316
329
320
321
321
324
314
311
295
307
267
272
260
246
243
262
263
222
223
194
201
195
181
200
206
233
245
237
240
220
216
238
232
349
325
314
313
319
287
309
298
190
233
238
245
226
229
205
215
166
173
187
178
174
175
172
169
181
266
269
257
249
252
299
298
298
331
345
349
333
331
311
321
311
230
215
230
236
277
250
249
238
210
178
192
192
215
203
205
208
264
272
280
273
293
292
310
300
352
312
347
313
303
312
301
331
320
217
219
213
238
227
212
204
197
153
157
132
126
127
146
162
150
266
316
301
279
300
288
265
261
260
270
296
291
297
284
301
332
251
236
225
227
223
217
191
196
174
168
181
160
187
166
176
193
181
325
270
276
265
261
270
277
295
237
246
235
249
272
257
275
248
245
220
227
216
214
213
182
192
180
208
171
175
206
186
186
197
261
272
262
245
289
280
283
306
314
224
235
242
227
231
234
248
246
264
259
283
272
266
300
328
311
331
335
332
340
351
343
331
331
310
287
264
266
236
252
248
245
233
232
231
224
205
230
219
237
220
270
254
248
233
267
265
267
267
241
257
243
237
257
253
259
256
209
256
234
231
248
238
266
267
301
267
283
281
276
278
271
279
285
302
304
306
292
296
307
293
282
278
278
260
248
249
238
222
239
231
233
216
243
262
253
233
254
267
281
315
323
310
312
298
273
246
260
240
226
256
236
232
242
213
233
237
218
227
219
210
212
299
286
284
255
273
301
296
300
268
239
263
257
286
280
291
300
293
251
261
241
244
230
239
195
228
219
220
233
198
222
231
231
214
291
330
337
302
303
308
275
297
237
263
255
244
250
217
218
199
170
190
157
156
138
150
152
151
304
312
346
323
305
323
342
347
353
248
258
261
267
267
264
264
247
146
149
137
120
117
108
105
101
259
253
266
260
253
237
256
257
256
254
265
302
320
316
341
326
175
179
173
148
164
184
168
158
148
176
165
174
168
158
171
177
173
308
299
291
328
299
304
271
277
180
198
200
195
177
198
215
202
161
184
174
166
171
171
174
160
274
257
264
236
240
274
270
243
332
343
316
344
348
355
345
335
342
159
200
206
192
218
205
193
225
169
177
165
164
124
132
142
130
236
226
231
220
251
261
248
245
313
317
318
304
304
317
317
305
202
200
204
202
209
191
171
189
238
239
230
231
246
263
256
276
284
316
298
276
304
295
266
271
304
180
199
200
211
191
199
204
219
214
179
172
191
179
197
185
206
318
328
322
320
318
333
320
333
286
270
279
255
230
253
248
210
218
219
211
208
197
219
206
208
196
261
244
234
243
227
227
252
273
208
201
204
230
226
268
252
229
226
238
232
247
234
234
221
208
320
320
316
292
306
320
280
277
308
312
315
303
297
298
303
297
312
312
270
252
274
288
286
282
313
259
257
245
258
253
262
249
208
210
213
207
227
210
232
248
221
227
234
243
238
229
237
244
270
265
241
260
248
258
273
261
265
151
169
139
137
144
147
141
161
137
225
230
208
229
218
232
246
253
342
368
342
348
350
370
384
402
238
212
230
237
206
216
194
211
243
239
240
226
203
230
208
208
234
249
252
255
260
229
224
228
237
234
232
219
187
172
171
198
182
220
223
280
248
260
253
243
219
244
241
233
267
267
250
252
278
246
257
248
253
255
245
227
236
246
257
282
268
270
231
213
237
251
242
250
242
293
290
291
286
264
232
234
240
271
240
214
244
236
219
228
253
260
252
253
242
248
236
240
251
255
256
236
272
250
235
234
231
254
249
224
216
227
223
212
213
243
235
219
218
216
310
324
276
294
275
282
297
278
288
252
247
233
227
234
255
231
250
220
206
224
212
201
217
230
239
275
265
281
267
272
265
279
258
239
247
232
230
237
251
230
241
251
249
249
286
293
315
295
282
294
206
186
189
177
202
182
185
202
336
348
341
315
323
316
317
314
271
299
272
283
291
294
308
303
272
259
277
265
259
274
273
245
282
307
273
285
287
275
268
286
285
285
311
291
274
286
290
292
289
278
279
277
289
274
285
263
270
265
281
276
241
237
277
241
253
265
237
245
248
252
243
239
225
245
234
224
233
243
249
235
215
245
236
223
227
225
230
214
234
230
222
224
230
232
226
217
218
225
223
219
229
244
227
235
229
231
232
238
239
229
235
223
235
239
240
233
231
235
248
246
222
236
225
238
242
233
249
248
248
264
255
264
257
259
253
231
230
249
251
243
242
237
264
245
255
233
249
331
292
315
341
289
312
277
293
328
305
293
285
297
269
260
240
302
282
272
274
252
234
233
220
241
214
200
194
177
152
138
126
133
92
95
68
66
48
27
33
35
39
40
42
44
47
46
40
35
65
54
62
70
57
67
55
58
70
80
84
84
70
68
82
66
79
80
100
108
103
87
102
92
89
89
93
87
94
102
91
98
100
95
111
87
85
89
73
89
90
91
102
102
95
93
87
87
94
88
92
89
100
83
86
81
94
100
79
94
82
76
92
85
98
93
99
97
105
106
111
96
109
91
109
94
100
126
121
117
127
122
126
117
99
122
124
109
121
119
110
98
107
105
130
109
107
122
94
89
94
95
103
107
102
113
84
88
96
87
107
103
106
122
96
88
92
92
90
89
85
92
90
97
110
108
121
129
117
102
116
121
131
109
113
91
94
106
92
136
131
127
133
132
114
108
104
111
96
111
104
109
120
106
107
94
102
111
103
101
120
107
101
105
100
114
112
123
116
133
129
140
139
136
128
146
160
140
153
136
152
139
160
159
151
163
179
183
167
169
170
173
173
142
166
160
167
174
175
165
154
159
161
173
162
168
174
149
177
160
171
163
179
169
176
173
187
178
173
193
188
214
231
199
214
210
219
238
252
227
263
248
249
236
254
264
301
261
287
279
291
293
302
319
311
327
349
371
388
391
422
441
467
506
534
562
594
613
649
745
800
768
824
864
950
1046
1114
1142
1183
1089
1202
1218
1260
1312
1369
1436
1429
1429
1211
1252
1294
1352
1340
1386
1367
1375
1239
1221
1308
1297
1332
1345
1323
1414
1387
1327
1362
1355
1377
1383
1329
1399
1330
1327
1321
1331
1376
1351
1316
1366
1400
1384
1436
1472
1467
1471
1452
1503
1471
1512
1533
1534
1536
1547
1561
1528
1542
1552
1553
1585
1559
1585
1491
1545
1555
1519
1522
1530
1546
1513
1517
1557
1511
1559
1518
1536
1573
1556
1514
1537
1523
1483
1530
1509
1509
1474
1488
1457
1480
1459
1465
1445
1470
1429
1406
1450
1448
1501
1518
1499
1507
1454
1500
1453
1545
1552
1487
1456
1457
1439
1411
1396
1373
1389
1330
1367
1423
1360
1398
1381
1394
1389
1414
1354
1362
1369
1342
1358
1359
1377
1332
1341
1336
1326
1376
1378
1381
1319
1306
1335
1325
1344
1354
1312
1287
1311
1274
1270
1265
1284
1259
1241
1256
1234
1174
1178
1164
1177
1182
1192
1221
1165
1145
1124
1127
1152
1179
1153
1156
1174
1123
1141
1110
1108
1109
1151
1124
1098
1082
1086
1118
1088
1044
1038
962
954
933
955
966
941
1018
1029
1075
1015
1035
1007
1037
984
949
933
923
885
902
891
893
917
897
896
907
913
910
922
880
931
873
914
915
935
901
918
902
930
887
908
910
929
924
967
961
924
924
927
907
917
913
910
875
908
876
874
876
859
913
922
954
903
891
872
857
906
910
894
868
893
885
915
942
942
912
955
935
946
890
888
928
939
963
962
939
959
933
973
916
984
992
983
984
975
984
985
993
1003
1001
950
1024
968
956
1000
967
1015
977
1040
964
981
964
970
947
967
977
991
995
990
1000
991
984
1000
1002
1012
1017
1006
1043
981
975
960
963
968
954
996
980
967
960
1005
986
1023
1036
1019
1001
999
1008
1006
984
1001
1004
981
1049
1045
1022
1018
1022
1059
1069
1061
1070
1032
1062
1056
1055
1055
1052
1055
1052
1077
1097
1058
1063
1046
1034
1052
1062
1101
1047
1093
1069
1064
1055
1076
1078
1097
1060
1087
1097
1072
1043
1088
1052
1038
1039
1003
1016
1045
1059
1043
1066
1011
1076
1031
1045
1072
1035
1047
1000
1074
1033
1047
1054
1024
1051
1089
1087
1097
1125
1084
1088
1091
1100
1122
1089
1139
1125
1118
1095
1048
1099
1090
1130
1105
1092
1101
1075
1101
1083
1101
1112
1119
1102
1102
1081
1083
1077
1095
1072
1102
1055
1077
1092
1077
1138
1072
1072
1111
1111
1159
1108
1120
1061
1097
1112
1110
1087
1118
1157
1151
1177
1111
1140
1109
1082
1080
1078
1084
1058
1072
1098
1069
1087
1094
1056
1063
1054
1033
1044
1053
1071
1115
1093
1049
1027
1108
1120
1108
1065
1077
1117
1053
1089
1095
1083
1082
1072
1148
1097
1060
1089
1094
1099
1074
1146
1132
1150
1108
1131
1094
1082
1074
1090
1038
1043
1045
994
1049
1015
1047
1040
1019
1054
1041
999
1032
1044
1006
1013
1023
1039
1015
1019
969
1013
1056
1030
1075
987
1004
1050
1049
1053
978
1020
1044
1025
1025
1040
1076
1051
1097
1083
1060
1069
1046
1062
1084
1053
1081
1069
1045
1052
1044
1062
1025
1068
1054
1075
1066
1037
1056
1058
1070
1033
1057
1058
1066
1060
1007
1014
985
988
1001
965
1009
1002
1025
978
1006
1044
968
1025
1001
1026
1043
1054
1034
1087
1065
1054
1044
1046
1044
1056
1023
1007
1072
1094
1043
1002
1007
973
1002
1012
1021
1049
1007
1048
993
1000
981
1018
968
955
969
962
996
984
989
1016
1023
1023
1008
975
988
977
966
967
972
965
972
1022
992
957
975
915
930
900
900
906
922
957
890
916
942
911
897
959
951
956
910
900
910
878
911
909
903
924
920
836
841
856
857
892
859
830
847
878
869
871
858
814
811
836
844
850
839
872
843
862
853
926
887
905
918
893
906
913
885
913
860
886
915
934
921
919
897
918
892
891
848
919
896
874
948
906
916
928
977
944
943
983
939
940
936
971
994
953
949
982
970
999
1017
1010
1014
1024
1012
1020
1021
1044
1020
995
1027
1043
1062
1032
1026
1012
1065
1073
1059
1045
1020
1039
1039
1001
1023
1049
1020
1058
1078
1047
1080
1038
1042
1068
1107
1121
1122
1124
1116
1138
1147
1131
1126
1156
1161
1096
1118
1121
1138
1137
1064
1097
1095
1116
1121
1091
1125
1131
1094
1137
1098
1145
1155
1104
1141
1163
1110
1161
1125
1106
1119
1115
1121
1088
1116
1094
1085
1135
1111
1103
1137
1078
1039
1054
1023
1029
1011
1005
976
993
985
998
952
950
997
958
976
942
950
984
983
950
932
939
965
931
962
925
926
938
952
969
988
955
953
928
943
922
899
836
892
857
878
870
899
877
943
948
891
899
898
890
914
901
895
888
885
915
918
929
914
902
894
935
910
929
932
881
933
901
896
898
866
895
853
833
874
839
898
855
845
894
872
844
836
881
902
917
920
883
874
897
889
871
859
827
843
911
886
900
953
929
898
877
847
894
917
932
939
939
896
888
863
838
870
875
904
876
912
867
873
879
884
843
844
872
827
858
878
861
842
841
876
869
863
830
804
855
796
812
818
813
822
856
842
806
818
858
856
837
827
783
812
815
764
749
784
733
741
724
746
735
737
695
676
708
707
720
728
708
719
710
698
677
649
718
670
656
664
671
684
666
672
655
739
750
736
739
718
696
655
645
709
681
693
615
550
520
488
473
453
429
393
360
367
365
359
363
350
318
316
335
333
324
315
331
319
319
331
316
325
334
342
341
356
360
366
371
348
382
378
378
398
358
372
381
403
392
397
353
350
343
355
407
394
405
372
400
428
337
349
351
389
385
389
381
394
322
293
321
333
336
336
343
361
305
320
323
332
352
329
354
353
375
331
323
318
303
327
315
345
358
337
345
360
372
371
352
372
355
328
351
321
337
349
365
345
343
344
327
350
357
345
365
340
349
364
353
346
356
357
350
344
376
365
353
368
365
343
338
358
346
332
328
345
321
330
318
310
321
334
321
326
339
303
324
336
322
337
331
328
306
306
312
309
316
303
336
330
314
304
294
305
323
316
303
300
325
311
321
338
316
316
310
336
319
324
342
313
334
334
354
311
321
334
326
320
325
331
318
339
343
332
342
331
306
319
313
313
306
326
284
297
286
307
297
316
304
313
317
295
307
297
331
308
303
316
310
333
333
325
317
326
309
316
322
294
303
327
330
318
334
315
314
328
333
323
317
325
310
306
319
322
326
332
353
332
330
352
343
331
329
329
330
323
349
330
349
394
388
381
384
379
361
373
363
360
364
353
365
344
369
359
338
343
357
349
363
370
376
372
367
348
371
349
352
359
379
359
350
361
380
383
363
347
351
381
369
372
366
357
373
372
356
337
372
359
359
363
372
381
387
379
369
338
365
371
379
406
385
384
388
373
413
379
391
356
373
383
370
379
380
390
391
387
426
418
445
432
417
425
422
437
421
461
464
476
482
477
488
483
497
495
484
489
476
473
507
472
492
501
522
517
520
537
501
543
503
497
537
501
506
510
502
519
484
478
507
499
482
481
468
467
452
463
478
497
480
487
476
491
493
488
492
493
501
476
477
479
490
494
462
480
475
473
468
492
462
469
476
483
476
483
456
467
489
490
496
465
473
474
467
467
470
457
480
466
490
474
488
464
480
461
483
482
451
493
484
476
496
478
487
473
467
478
470
479
465
471
462
495
461
459
443
455
443
477
459
451
456
462
474
451
453
454
470
472
455
485
511
484
468
458
466
501
475
473
476
497
481
457
463
479
466
448
450
478
445
471
480
437
469
482
467
458
473
471
502
484
476
473
476
460
477
451
468
483
480
483
479
468
464
455
469
450
473
462
472
481
486
439
448
449
486
504
487
471
486
484
475
462
492
497
495
476
469
476
495
489
491
499
516
519
517
517
492
510
542
531
518
503
495
478
513
483
488
502
486
517
514
505
498
500
491
491
475
492
475
501
509
504
516
510
482
489
503
523
535
488
523
484
514
529
563
545
553
577
571
577
581
559
532
554
522
574
556
531
580
542
556
573
582
580
600
584
544
594
601
603
615
565
592
559
576
590
602
614
619
609
605
640
686
687
670
658
694
657
685
702
652
657
625
647
662
646
632
644
622
629
670
678
700
685
688
688
700
710
679
694
633
641
637
643
649
646
667
652
689
642
691
715
718
711
744
745
726
711
729
745
740
757
712
741
751
745
772
759
766
781
743
780
793
760
770
783
805
802
812
844
833
822
770
800
789
788
815
802
778
827
824
817
830
807
798
833
841
857
829
860
877
844
918
922
857
874
850
887
865
857
866
855
874
895
870
914
889
853
878
896
864
890
878
882
863
848
834
831
883
904
929
908
948
929
956
941
960
1024
1016
1031
1020
1006
988
1007
1030
992
987
951
972
981
998
1010
1034
1053
1065
1065
1075
1113
1104
1099
1063
1147
1097
1078
1061
1143
1093
1129
1096
1146
1103
1089
1113
1126
1128
1192
1191
1176
1132
1151
1230
1180
1225
1167
1238
1224
1176
1170
1162
1205
1212
1187
1225
1170
1242
1248
1246
1298
1278
1304
1312
1290
1304
1348
1360
1287
1333
1329
1390
1419
1455
1451
1419
1485
1446
1447
1458
1457
1451
1471
1383
1394
1492
1486
1478
1467
1496
1449
1515
1508
1541
1501
1523
1499
1460
1527
1551
1564
1539
1596
1573
1594
1648
1589
1618
1584
1743
1594
1654
1687
1724
1674
1725
1666
1748
1823
1747
1732
1758
1727
1707
1751
1752
1737
1695
1830
1849
1783
1810
1800
1877
1900
1874
1938
1923
1971
1969
1950
1880
1967
1933
1989
2008
1935
1969
2034
1950
1944
1978
1997
2022
2039
2112
2050
2070
2074
2113
2084
2103
2107
2120
2192
2207
2167
2287
2255
2282
2279
2327
2367
2392
2381
2361
2430
2370
2356
2373
2405
2451
2423
2464
2420
2518
2497
2356
2525
2523
2494
2540
2504
2487
2514
2449
2381
2429
2452
2402
2407
2552
2561
2642
2605
2606
2526
2611
2604
2490
2549
2527
2447
2490
2490
2459
2564
2460
2429
2506
2494
2615
2516
2530
2485
2489
2385
2491
2518
2486
2405
2530
2548
2610
2570
2541
2505
2520
2475
2417
2495
2427
2517
2449
2504
2567
2528
2556
2615
2577
2580
2612
2665
2611
2614
2527
2576
2580
2546
2541
2564
2552
2486
2530
2582
2489
2564
2559
2537
2600
2592
2586
2645
2679
2601
2631
2637
2693
2589
2577
2580
2606
2565
2560
2642
2738
2603
2560
2699
2655
2665
2661
2665
2660
2716
2690
2604
2619
2558
2523
2521
2646
2666
2596
2613
2693
2619
2708
2706
2699
2729
2736
2688
2726
2640
2656
2602
2678
2641
2645
2701
2700
2596
2651
2561
2615
2517
2541
2513
2598
2557
2640
2644
2634
2695
2655
2646
2627
2570
2664
2544
2551
2618
2633
2698
2691
2608
2597
2582
2605
2561
2553
2574
2626
2610
2550
2580
2499
2539
2534
2450
2461
2567
2446
2489
2524
2531
2495
2505
2525
2473
2532
2527
2583
2527
2513
2563
2550
2514
2567
2564
2525
2586
2569
2575
2626
2615
2635
2581
2502
2518
2433
2475
2484
2442
2532
2485
2437
2401
2485
2447
2432
2440
2501
2434
2459
2505
2544
2535
2524
2516
2643
2537
2503
2525
2554
2527
2516
2462
2555
2493
2502
2512
2476
2534
2558
2514
2505
2478
2469
2521
2555
2520
2585
2610
2565
2550
2496
2483
2551
2542
2504
2534
2554
2506
2498
2523
2431
2498
2544
2569
2447
2472
2536
2488
2476
2511
2447
2460
2512
2427
2540
2509
2491
2633
2549
2496
2488
2490
2449
2469
2456
2433
2479
2480
2439
2508
2562
2523
2441
2446
2455
2447
2445
2495
2518
2477
2478
2390
2395
2448
2525
2567
2568
2550
2521
2458
2492
2523
2482
2513
2510
2452
2511
2519
2457
2510
2481
2408
2458
2454
2411
2507
2510
2498
2531
2509
2534
2439
2448
2452
2445
2463
2501
2469
2398
2458
2413
2364
2357
2301
2276
2335
2289
2304
2293
2331
2341
2281
2309
2332
2284
2270
2289
2347
2374
2259
2331
2285
2291
2326
2333
2352
2329
2367
2428
2473
2400
2351
2309
2365
2347
2331
2336
2343
2366
2353
2402
2411
2402
2368
2342
2288
2366
2316
2303
2320
2311
2293
2243
2304
2250
2244
2285
2374
2298
2270
2334
2291
2202
2226
2319
2248
2239
2255
2337
2311
2286
2264
2199
2173
2205
2238
2202
2213
2291
2281
2288
2265
2259
2266
2345
2252
2281
2241
2320
2348
2383
2327
2355
2318
2357
2334
2318
2366
2335
2438
2401
2449
2359
2421
2316
2358
2321
2405
2404
2424
2451
2380
2427
2411
2356
2353
2373
2356
2375
2401
2423
2333
2309
2402
2388
2357
2324
2318
2292
2390
2381
2402
2355
2398
2287
2370
2311
2355
2298
2404
2413
2391
2350
2301
2311
2317
2357
2376
2286
2326
2324
2341
2366
2302
2349
2261
2439
2382
2463
2448
2504
2384
2446
2432
2450
2369
2459
2496
2501
2520
2505
2584
2590
2515
2485
2469
2456
2482
2488
2538
2509
2467
2454
2467
2471
2542
2493
2542
2555
2446
2542
2634
2588
2596
2539
2633
2552
2615
2647
2601
2596
2497
2596
2564
2641
2566
2657
2656
2601
2613
2714
2747
2809
2751
2779
2708
2797
2793
2801
2872
2841
2778
2808
2756
2767
2831
2825
2795
2752
2800
2837
2767
2873
2851
2716
2743
2826
2816
2831
2806
2816
2846
2893
2897
2829
2876
2843
2878
2858
2882
2817
2915
2809
2796
2864
2790
2810
2835
2913
2887
2939
2844
2891
2787
2819
2777
2780
2769
2790
2840
2718
2810
2700
2696
2731
2710
2690
2717
2623
2692
2733
2736
2759
2799
2753
2824
2734
2792
2738
2729
2885
2813
2798
2743
2700
2715
2651
2727
2659
2683
2666
2716
2628
2599
2569
2596
2504
2513
2531
2602
2589
2550
2524
2426
2389
2420
2384
2406
2426
2291
2344
2368
2335
2374
2426
2363
2339
2338
2363
2289
2260
2254
2181
2238
2168
2168
2142
2141
2151
2099
2180
2125
2066
2139
2067
2079
2057
2078
2046
2097
2022
2101
2029
2044
2012
1990
2052
1997
1969
1988
1962
1913
1971
1870
1854
1903
1857
1879
1863
1906
1925
1929
1906
1863
1899
1849
1882
1891
1782
1908
1907
1924
1919
1858
1896
1860
1917
1908
1927
1836
1889
1904
1892
1904
1900
1891
1901
1844
1919
1855
1914
1908
1926
1941
1929
1931
1924
1933
1938
1953
1910
1972
1956
1895
1919
1902
1820
1848
1847
1934
1959
1908
1879
1842
1851
1817
1813
1819
1843
1841
1827
1813
1807
1776
1813
1678
1726
1689
1679
1725
1701
1716
1714
1659
1705
1656
1625
1648
1658
1686
1687
1730
1672
1613
1670
1647
1594
1662
1672
1669
1664
1646
1602
1615
1584
1605
1608
1639
1567
1639
1517
1572
1475
1481
1553
1550
1558
1506
1506
1494
1512
1519
1502
1517
1461
1493
1463
1473
1539
1494
1464
1437
1455
1463
1448
1467
1439
1491
1480
1499
1491
1543
1454
1419
1438
1427
1350
1340
1336
1358
1335
1353
1259
1319
1292
1324
1267
1336
1376
1425
1411
1383
1372
1406
1438
1433
1357
1360
1373
1370
1376
1405
1439
1431
1429
1388
1465
1458
1451
1455
1487
1521
1463
1423
1444
1443
1470
1422
1445
1464
1460
1452
1470
1428
1517
1445
1455
1491
1498
1501
1486
1545
1511
1539
1479
1488
1497
1461
1428
1425
1508
1489
1421
1475
1481
1425
1415
1446
1515
1518
1468
1506
1424
1374
1439
1431
1386
1392
1451
1465
1435
1491
1429
1437
1424
1387
1468
1479
1479
1471
1429
1410
1414
1394
1431
1404
1413
1406
1449
1440
1408
1434
1383
1382
1420
1421
1406
1465
1416
1445
1429
1461
1453
1379
1424
1399
1453
1396
1406
1369
1369
1417
1357
1452
1456
1453
1416
1415
1448
1407
1442
1427
1406
1445
1437
1405
1448
1432
1400
1467
1506
1513
1524
1538
1565
1548
1545
1537
1506
1553
1561
1582
1612
1593
1586
1554
1514
1555
1574
1571
1595
1576
1617
1600
1580
1601
1589
1562
1566
1609
1640
1666
1582
1616
1524
1554
1554
1583
1624
1624
1589
1603
1600
1554
1624
1591
1622
1552
1632
1678
1643
1683
1674
1662
1655
1654
1661
1688
1626
1649
1643
1598
1612
1636
1651
1608
1587
1598
1549
1559
1593
1567
1540
1615
1555
1520
1452
1473
1470
1473
1498
1503
1521
1474
1503
1448
1487
1444
1491
1531
1516
1497
1425
1367
1417
1416
1346
1372
1447
1400
1366
1390
1370
1380
1340
1338
1322
1286
1363
1339
1320
1328
1287
1335
1234
1282
1191
1204
1282
1264
1287
1272
1298
1293
1288
1266
1279
1251
1228
1257
1231
1261
1206
1217
1162
1183
1183
1182
1135
1147
1121
1219
1190
1203
1171
1225
1212
1273
1162
1206
1217
1214
1232
1213
1184
1161
1202
1247
1232
1266
1293
1309
1248
1269
1294
1285
1239
1280
1295
1244
1334
1351
1320
1339
1268
1306
1297
1291
1267
1314
1299
1327
1353
1380
1412
1366
1337
1367
1342
1359
1420
1382
1413
1398
1348
1299
1278
1342
1343
1377
1352
1307
1286
1336
1302
1315
1210
1265
1266
1258
1227
1276
1213
1230
1246
1212
1201
1210
1212
1210
1281
1249
1286
1258
1257
1193
1149
1144
1169
1191
1194
1212
1202
1191
1196
1179
1114
1126
1144
1107
1099
1190
1155
1103
1087
1063
1027
1029
1044
1057
1082
1085
1083
1121
1082
1062
1073
1037
1008
1038
1013
1069
1046
1056
1046
1021
1030
1022
1000
991
956
978
992
990
901
924
913
905
967
890
908
973
1002
1036
974
934
960
919
918
972
962
1001
995
975
918
976
918
923
896
882
910
877
899
910
919
901
867
906
912
884
993
974
1031
997
1006
1028
1042
981
1098
1089
1040
1078
1132
1043
1097
1117
1138
1138
1198
1150
1151
1195
1241
1220
1261
1248
1244
1201
1274
1266
1280
1301
1367
1391
1396
1378
1412
1405
1423
1484
1477
1512
1508
1492
1505
1546
1548
1590
1529
1548
1544
1588
1583
1582
1577
1664
1718
1702
1717
1702
1792
1769
1757
1773
1829
1770
1817
1767
1784
1758
1732
1705
1797
1798
1781
1733
1744
1710
1740
1678
1718
1734
1747
1741
1683
1708
1788
1704
1668
1623
1686
1664
1704
1700
1687
1650
1666
1628
1655
1663
1697
1682
1634
1663
1633
1591
1627
1603
1600
1523
1574
1571
1677
1609
1674
1724
1726
1703
1734
1716
1759
1798
1801
1769
1793
1751
1749
1747
1709
1688
1735
1695
1671
1745
1823
1814
1790
1842
1838
1760
1859
1872
1839
1734
1762
1802
1796
1699
1678
1717
1727
1649
1605
1663
1644
1625
1634
1763
1664
1657
1687
1698
1699
1682
1703
1670
1706
1736
1719
1671
1628
1636
1688
1732
1659
1664
1691
1678
1680
1701
1719
1731
1768
1782
1820
1755
1701
1661
1713
1631
1627
1728
1767
1746
1732
1689
1662
1687
1644
1627
1679
1686
1669
1695
1653
1715
1693
1693
1683
1645
1632
1645
1753
1719
1680
1677
1703
1705
1750
1704
1719
1729
1695
1716
1764
1709
1710
1697
1680
1660
1610
1646
1674
1635
1673
1696
1775
1773
1753
1712
1705
1768
1747
1674
1785
1727
1700
1678
1713
1708
1771
1740
1772
1733
1761
1705
1662
1711
1748
1674
1714
1722
1747
1811
1824
1809
1771
1796
1811
1763
1748
1736
1795
1792
1826
1810
1827
1805
1894
1898
1838
1861
1804
1808
1775
1866
1839
1872
1930
1911
1911
1982
1953
1941
1984
2020
1942
1950
1982
1938
2000
1989
2051
2022
2026
1975
2032
2028
1973
2080
2066
1994
2031
2068
2044
2120
2104
2053
2080
2080
2054
2123
2032
1996
2055
2057
2008
2046
2038
2011
2114
2158
2080
2053
2063
2054
1976
2007
1988
1956
1890
1939
1941
1997
2024
1951
1902
1911
1942
1908
1861
1829
1811
1824
1860
1865
1803
1806
1843
1860
1727
1822
1850
1719
1755
1759
1816
1726
1756
1747
1651
1689
1707
1799
1735
1756
1770
1804
1815
1771
1752
1715
1730
1747
1798
1779
1773
1782
1756
1761
1747
1773
1807
1751
1785
1764
1738
1793
1796
1732
1786
1784
1796
1825
1792
1806
1839
1869
1898
1861
1880
1879
1912
1891
1847
1857
1817
1777
1861
1903
1883
1860
1878
1824
1970
1939
1960
1970
2002
2043
2035
2045
2028
2042
2073
2098
2082
2114
2219
2159
2138
2134
2261
2239
2217
2259
2262
2312
2335
2310
2295
2230
2283
2285
2307
2261
2386
2373
2349
2360
2365
2377
2407
2449
2369
2445
2379
2403
2444
2423
2470
2405
2429
2505
2522
2544
2533
2601
2562
2553
2419
2524
2462
2544
2468
2496
2564
2646
2528
2613
2450
2536
2517
2468
2539
2564
2475
2424
2566
2517
2438
2454
2452
2467
2578
2583
2585
2571
2527
2467
2459
2474
2494
2541
2492
2545
2511
2473
2406
2507
2345
2400
2327
2394
2454
2410
2390
2409
2462
2342
2316
2313
2296
2389
2386
2381
2357
2395
2324
2299
2243
2314
2323
2336
2342
2419
2381
2408
2405
2352
2401
2460
2387
2319
2354
2418
2456
2418
2411
2439
2449
2444
2358
2436
2441
2536
2511
2523
2470
2438
2400
2539
2516
2533
2516
2556
2589
2558
2520
2536
2599
2544
2595
2650
2600
2593
2710
2630
2603
2589
2567
2593
2627
2580
2605
2592
2499
2482
2588
2471
2449
2480
2492
2436
2398
2402
2469
2404
2354
2336
2435
2467
2390
2469
2436
2403
2398
2391
2320
2335
2276
2336
2283
2320
2329
2360
2355
2321
2398
2347
2249
2301
2325
2307
2377
2339
2358
2351
2347
2343
2411
2350
2410
2391
2449
2504
2557
2562
2560
2530
2540
2639
2534
2541
2558
2625
2552
2504
2558
2537
2511
2485
2509
2613
2574
2619
2527
2625
2501
2444
2438
2392
2370
2345
2346
2452
2434
2513
2468
2388
2386
2346
2422
2441
2470
2548
2516
2534
2459
2457
2356
2383
2397
2483
2488
2465
2479
2382
2384
2368
2433
2390
2375
2363
2431
2456
2357
2388
2356
2340
2292
2272
2242
2324
2282
2235
2206
2205
2237
2250
2188
2147
2230
2211
2300
2246
2243
2240
2291
2206
2248
2150
2171
2123
2145
2137
2172
2139
2134
2162
2097
2089
2094
2135
2107
2095
2139
2066
2093
2103
2150
2179
2130
2130
2150
2181
2169
2099
2130
2127
2124
2103
2026
2074
2069
2161
2160
2120
2064
2093
2105
2114
2121
2100
2079
2032
2058
2085
2107
2072
1994
2025
2025
2016
2040
2042
2102
2035
2075
2009
2061
2033
2016
2094
2044
2002
2057
1959
1985
1936
1936
1918
2004
1969
1986
2045
2026
2007
2020
2108
2079
2032
2012
2033
2033
2003
2082
2073
2091
2070
2127
2079
1984
2137
2099
2082
2128
2106
2046
2159
2077
2062
2109
2131
2129
2153
2145
2137
2106
2121
2104
2019
2046
1977
2077
2051
2141
2081
2004
2063
2027
2024
2093
2029
2006
2019
1976
2056
2092
2125
2101
2107
2170
2166
2143
2131
1991
2095
2191
2133
2115
2150
2161
2104
2057
2078
2215
2083
2070
2078
2069
2032
2037
2068
2103
2083
2148
2066
2009
2028
2053
2086
2022
2107
2102
2159
2131
2130
2118
2116
2206
2211
2214
2114
2155
2220
2220
2236
2178
2180
2210
2186
2207
2170
2230
2207
2216
2213
2210
2225
2272
2273
2149
2205
2244
2204
2186
2176
2152
2123
2188
2142
2113
2148
2115
2108
2088
2126
2150
2144
2175
2193
2090
2156
2046
2161
2157
2121
2003
2068
2062
2085
2036
2134
2002
1985
1991
2070
2003
1985
1927
1813
1788
1857
1805
1735
1793
1773
1814
1757
1693
1747
1649
1594
1623
1570
1487
1582
1558
1492
1522
1495
1447
1498
1521
1447
1519
1487
1397
1394
1419
1335
1374
1336
1343
1378
1315
1363
1349
1316
1305
1339
1296
1325
1297
1288
1359
1359
1334
1288
1298
1334
1340
1407
1325
1415
1388
1366
1396
1360
1323
1340
1336
1301
1350
1358
1339
1362
1359
1309
1321
1302
1295
1417
1362
1364
1412
1440
1440
1372
1411
1397
1418
1361
1379
1374
1320
1332
1381
1490
1427
1384
1372
1388
1408
1432
1465
1400
1408
1399
1316
1399
1379
1365
1390
1424
1448
1431
1372
1448
1455
1466
1470
1477
1533
1562
1597
1599
1601
1642
1640
1634
1617
1647
1629
1695
1672
1700
1713
1726
1703
1729
1683
1729
1683
1716
1727
1743
1763
1761
1707
1772
1812
1757
1824
1774
1769
1784
1776
1779
1705
1767
1741
1834
1840
1789
1783
1834
1772
1788
1798
1725
1767
1768
1745
1729
1736
1720
1710
1655
1748
1697
1694
1677
1695
1684
1638
1664
1529
1558
1577
1541
1603
1531
1556
1555
1567
1483
1472
1517
1475
1491
1438
1410
1421
1418
1419
1393
1318
1343
1302
1208
1235
1263
1279
1313
1316
1255
1253
1193
1161
1135
1168
1186
1169
1135
1225
1151
1148
1127
1091
1085
1045
1067
1109
1125
1142
1071
1039
1046
1035
1003
1011
1001
1053
1068
1056
1063
1024
1051
1057
1099
1107
1123
1104
1108
1121
1078
1101
1079
1090
1033
1123
1109
1172
1161
1137
1144
1188
1133
1133
1153
1121
1206
1198
1200
1210
1228
1272
1177
1278
1299
1264
1292
1223
1255
1252
1261
1235
1236
1183
1245
1208
1250
1286
1304
1249
1308
1314
1308
1296
1333
1316
1313
1322
1269
1295
1263
1261
1262
1232
1198
1185
1199
1204
1272
1201
1198
1230
1227
1214
1217
1231
1176
1233
1215
1218
1221
1203
1204
1176
1197
1157
1191
1117
1187
1153
1196
1178
1236
1239
1267
1243
1215
1247
1239
1246
1198
1265
1245
1283
1273
1279
1291
1288
1260
1290
1287
1354
1275
1285
1366
1327
1336
1342
1378
1357
1432
1374
1464
1475
1435
1409
1419
1432
1453
1471
1470
1467
1505
1436
1478
1456
1477
1525
1437
1404
1412
1431
1500
1508
1456
1471
1491
1428
1509
1444
1494
1471
1436
1460
1540
1548
1566
1499
1553
1516
1505
1440
1424
1435
1514
1550
1498
1575
1539
1518
1534
1531
1550
1592
1552
1504
1556
1509
1491
1451
1535
1529
1566
1511
1491
1608
1559
1603
1510
1607
1539
1570
1614
1559
1533
1520
1571
1610
1589
1593
1605
1536
1528
1508
1532
1552
1552
1540
1566
1571
1529
1570
1558
1567
1591
1620
1621
1581
1559
1504
1547
1536
1606
1558
1565
1557
1510
1561
1616
1637
1633
1661
1644
1655
1582
1621
1581
1575
1583
1555
1588
1557
1577
1648
1609
1618
1631
1674
1751
1690
1675
1678
1741
1706
1716
1717
1655
1680
1710
1726
1749
1724
1691
1689
1796
1766
1783
1774
1793
1843
1738
1833
1778
1785
1878
1831
1849
1843
1796
1853
1870
1815
1904
1852
1880
1900
1841
1872
1868
1855
1895
1909
1878
1885
1876
1933
1825
1852
1814
1817
1834
1791
1778
1927
1856
1872
1904
1934
1827
1861
1764
1830
1831
1889
1845
1899
1933
1926
1861
1775
1773
1727
1770
1845
1828
1833
1876
1836
1786
1823
1783
1861
1838
1864
1851
1915
1837
1816
1902
1888
1908
1862
1873
1860
1886
1945
1935
1944
1923
1975
1921
1844
1880
1928
1881
1893
1873
1959
1890
1856
1869
1821
1870
1894
1927
1936
1872
1829
1844
1945
1873
1818
1801
1816
1859
1841
1889
1918
1846
1837
1874
1898
1851
1847
2004
1926
1920
1927
1831
1888
1877
1961
1916
1902
1938
1897
1877
1851
1933
1898
1904
1854
1931
1930
1966
1894
1909
1935
1935
1912
1815
1753
1885
1781
1856
1831
1782
1858
1863
1814
1774
1733
1731
1869
1829
1852
1882
1864
1917
1897
1850
1816
1833
1838
1849
1855
1791
1803
1867
1738
1763
1684
1749
1754
1833
1887
1836
1877
1895
1862
1883
1906
1920
1854
1862
1852
1881
1900
1867
1810
1783
1818
1714
1808
1852
1819
1880
1880
1828
1796
1803
1859
1851
1881
1866
1887
1869
1922
1896
1819
1833
1775
1867
1838
1889
1834
1898
1931
1874
1889
1885
1878
1834
1873
1959
1803
1863
1856
1802
1812
1848
1834
1840
1811
1950
1923
1912
1912
1954
1824
1862
1858
1899
1900
1802
1847
1871
1867
1914
1920
1861
1809
1866
1908
1856
1846
1937
1932
1903
1872
1848
1825
1898
1913
1938
1887
1907
1894
1923
1879
1853
1790
1914
1859
1861
1858
1913
1945
1959
1925
1888
1978
1956
1980
1954
1916
1983
1992
1919
1871
1915
1890
1907
1924
1831
1908
1898
1847
1867
1830
1849
1788
1830
1860
1872
1908
1927
1854
1848
1840
1839
1780
1841
1883
1959
1921
2024
1970
1924
1975
1856
1856
1925
1858
1876
1927
1895
1929
1860
1871
1805
1865
1864
1871
1928
1877
1870
1830
1825
1887
1895
1892
1830
1898
1961
1884
1938
1930
2012
1947
1910
1933
1943
1952
1966
1918
1913
1968
2019
1994
1983
1932
1969
1914
1899
1926
1957
1979
1925
1880
1929
1902
1894
1859
1839
1885
1940
1921
1925
1890
1889
1960
1909
1969
1945
1919
1937
1949
1861
1959
1922
1898
1932
1880
1877
1877
1990
2010
1951
1993
1887
1900
1847
1873
1983
1970
1946
1947
1874
1999
1937
1906
1911
1870
1855
1861
1882
1930
1889
1926
1934
1970
1910
1894
1943
1956
1914
1957
1902
1822
1911
1888
1908
1802
1902
2019
1902
1933
1969
1844
1925
1903
1992
2025
2010
1988
1991
1932
2010
2003
1953
1882
1928
1941
1997
1980
1943
1968
1950
1919
1952
1948
1987
1995
2088
1987
1951
1972
1949
1976
1947
1954
1908
1889
1954
1967
1964
1976
2001
2002
1891
1859
1924
1928
1849
1847
1865
1867
1897
1832
1800
1823
1796
1819
1780
1849
1831
1788
1776
1744
1748
1782
1735
1767
1763
1777
1829
1800
1780
1811
1808
1779
1811
1813
1824
1838
1890
1942
1866
1870
1821
1835
1901
1894
1883
1934
1886
1920
1956
2025
2016
2003
2046
1993
1977
2035
2009
2010
2058
2130
2144
2090
2066
2147
2062
2093
2137
2080
2095
2082
2176
2093
2128
2141
2147
2211
2171
2245
2157
2142
2251
2285
2276
2229
2217
2291
2221
2225
2244
2223
2238
2207
2187
2194
2174
2163
2131
2126
2188
2157
2192
2127
2161
2235
2224
2171
2178
2105
2205
2193
2206
2218
2207
2261
2190
2255
2280
2261
2293
2260
2264
2211
2161
2301
2231
2248
2158
2156
2172
2068
2124
2145
2108
2089
2170
2168
2131
2218
2159
2167
2155
2136
2062
2115
2154
2220
2109
2188
2141
2133
2074
2153
2163
2131
2172
2149
2136
2084
2018
2097
2032
2040
2039
2048
2039
1984
1997
1934
1913
1914
1939
1956
1868
1851
1827
1937
1868
1843
1842
1881
1808
1816
1791
1753
1772
1749
1702
1683
1706
1669
1639
1664
1582
1563
1561
1564
1590
1596
1587
1536
1511
1645
1504
1550
1544
1568
1593
1582
1543
1497
1510
1504
1552
1489
1505
1492
1474
1490
1453
1472
1442
1444
1449
1433
1348
1430
1387
1418
1381
1347
1364
1390
1322
1300
1279
1310
1341
1328
1315
1291
1239
1227
1158
1169
1100
1123
1120
1154
1109
1064
1104
1049
997
1025
1040
1019
1028
1033
1043
993
997
1057
951
993
964
947
953
944
969
1004
960
939
915
921
897
939
915
914
933
943
958
924
897
844
868
834
825
837
903
884
881
875
808
819
840
874
859
869
905
839
836
824
834
864
835
863
848
832
872
852
887
847
843
853
854
930
912
905
908
872
863
840
858
889
888
924
930
952
948
913
897
889
902
954
934
962
919
951
948
991
954
957
993
918
977
1007
1020
1018
1019
1009
1023
988
1002
943
996
1057
1088
1022
1030
1051
1017
1048
1042
1035
1072
1088
1098
1145
1142
1135
1162
1166
1105
1223
1171
1195
1108
1129
1151
1164
1207
1180
1151
1187
1206
1182
1172
1181
1188
1208
1241
1189
1194
1231
1111
1184
1179
1251
1265
1254
1205
1224
1253
1214
1240
1177
1285
1272
1241
1245
1232
1265
1210
1224
1204
1269
1247
1272
1250
1272
1287
1230
1245
1269
1267
1260
1270
1206
1243
1278
1314
1322
1314
1276
1258
1248
1283
1298
1300
1262
1280
1281
1302
1254
1227
1259
1297
1293
1338
1303
1317
1312
1314
1299
1310
1312
1361
1366
1411
1372
1353
1343
1267
1292
1318
1378
1313
1377
1382
1503
1456
1397
1394
1513
1469
1487
1531
1513
1537
1460
1479
1514
1486
1521
1524
1470
1489
1486
1413
1446
1438
1473
1520
1519
1528
1513
1551
1530
1547
1537
1538
1481
1466
1553
1532
1515
1543
1428
1501
1515
1452
1527
1464
1462
1446
1415
1465
1443
1450
1434
1374
1422
1389
1383
1301
1327
1322
1320
1257
1260
1268
1287
1239
1300
1330
1319
1319
1294
1323
1355
1332
1289
1245
1237
1234
1208
1189
1246
1277
1163
1214
1307
1253
1189
1201
1262
1213
1185
1184
1236
1228
1188
1192
1193
1228
1275
1207
1272
1296
1254
1328
1268
1270
1266
1283
1260
1307
1296
1292
1288
1287
1344
1313
1328
1331
1341
1327
1342
1307
1318
1368
1418
1408
1433
1471
1428
1363
1445
1476
1485
1488
1530
1495
1413
1485
1424
1453
1415
1355
1423
1386
1372
1365
1391
1439
1501
1516
1463
1504
1523
1511
1459
1433
1440
1390
1372
1340
1372
1398
1445
1444
1374
1390
1398
1359
1481
1499
1473
1421
1393
1373
1366
1321
1289
1309
1300
1335
1364
1375
1337
1314
1327
1396
1363
1396
1365
1372
1327
1379
1385
1369
1411
1442
1439
1380
1354
1366
1334
1335
1353
1356
1324
1363
1375
1413
1331
1401
1438
1367
1440
1434
1442
1499
1452
1411
1428
1395
1386
1433
1383
1370
1439
1354
1366
1413
1367
1488
1468
1479
1434
1464
1436
1487
1444
1488
1369
1352
1401
1399
1308
1360
1384
1389
1460
1379
1425
1322
1421
1412
1405
1431
1426
1372
1363
1374
1318
1265
1299
1260
1308
1311
1280
1300
1258
1301
1220
1277
1211
1246
1212
1241
1244
1170
1206
1233
1190
1211
1199
1094
1068
1082
1156
1142
1140
1123
1164
1166
1157
1214
1177
1228
1189
1208
1219
1228
1159
1160
1155
1122
1208
1180
1202
1185
1236
1248
1216
1194
1138
1204
1240
1267
1259
1287
1236
1269
1198
1164
1127
1154
1110
1114
1143
1132
1140
1126
1144
1123
1136
1082
1112
1093
1143
1122
1137
1122
1150
1166
1160
1114
1179
1095
1125
1165
1146
1205
1171
1198
1184
1182
1198
1156
1209
1137
1177
1194
1225
1197
1161
1137
1089
1152
1169
1170
1145
1149
1123
1172
1075
1086
1075
1098
1054
1087
1135
1104
1109
1059
1034
1084
1037
1016
1074
1036
1038
1075
1155
1113
1057
1097
1061
1103
1040
1057
1081
1082
1068
1061
1082
1043
1036
999
1035
1018
1043
1017
1103
1101
1126
1104
1081
1117
1056
1017
1056
1082
1053
1096
1098
1076
1076
1055
1085
1100
1080
1094
1064
1066
1072
1051
1127
1171
1153
1107
1137
1122
1123
1181
1201
1166
1199
1156
1188
1206
1237
1179
1218
1234
1291
1232
1280
1254
1246
1304
1236
1251
1248
1222
1264
1234
1201
1173
1160
1180
1196
1198
1225
1206
1191
1168
1151
1193
1197
1209
1192
1205
1179
1146
1161
1178
1076
1071
1028
1027
1033
964
984
998
976
1009
977
980
978
943
953
923
941
899
859
893
832
797
794
775
758
732
744
777
783
742
770
720
682
703
680
656
670
689
644
631
638
590
598
567
575
565
602
601
587
556
577
584
563
596
603
574
602
583
560
523
519
489
496
498
479
480
490
498
487
483
480
482
485
487
489
463
457
450
442
435
431
437
418
416
413
409
406
397
398
405
414
414
408
443
427
405
444
432
451
433
449
420
419
418
411
400
402
413
389
415
390
418
438
403
392
404
402
381
415
414
409
403
399
396
397
393
355
378
369
381
387
379
372
361
393
400
390
390
389
388
359
393
398
397
388
381
418
388
372
402
364
384
385
385
381
385
392
383
382
372
380
370
390
376
394
396
386
367
385
374
389
411
396
397
412
387
414
416
427
397
395
372
391
381
371
407
433
397
437
429
431
432
456
449
426
422
422
426
428
441
425
408
439
430
428
439
424
443
472
443
457
449
476
472
480
479
503
498
533
545
513
513
507
562
556
541
563
573
571
592
589
609
639
615
586
629
647
625
618
689
655
663
709
701
683
666
700
697
658
712
681
682
688
694
698
724
685
723
699
708
722
731
727
708
758
766
781
769
756
787
821
809
848
925
892
866
921
887
910
866
937
930
910
952
924
930
959
977
981
975
971
982
1002
994
1029
1052
1048
991
1038
1024
1057
1027
1145
1108
1119
1148
1104
1066
1043
1037
1018
1030
950
955
896
922
913
953
896
962
936
954
950
957
948
966
904
907
896
860
869
849
806
797
795
771
779
783
759
751
742
767
745
757
766
747
741
739
700
711
730
732
726
738
715
688
703
701
697
700
703
708
717
692
681
690
724
731
753
728
707
729
735
732
765
733
728
749
749
752
753
759
779
771
804
785
788
783
825
791
821
796
831
833
859
858
884
823
857
850
860
843
871
872
881
888
894
915
895
878
893
898
938
921
855
880
911
886
903
916
914
972
981
966
946
965
969
1013
963
949
931
935
915
895
889
857
850
864
856
842
871
829
835
827
841
827
795
814
826
839
796
835
795
730
762
773
773
760
739
721
713
756
743
711
713
707
685
698
697
701
747
688
708
736
732
721
700
695
730
688
748
732
745
720
744
750
751
775
776
757
764
785
786
748
764
779
768
767
765
761
776
749
757
762
771
806
814
802
820
797
817
791
813
821
830
854
860
845
853
880
867
856
850
892
903
882
889
914
929
935
938
926
958
963
969
983
970
952
981
956
942
955
992
1002
1003
993
1020
984
1006
1029
1037
1022
996
1035
1075
1066
1085
1119
1105
1036
1034
1047
1043
1018
1056
1034
1049
1017
1062
1073
1100
1096
1061
1067
1042
1071
1031
1009
1004
998
943
953
958
985
993
1002
972
991
1023
1021
1023
1042
1013
1049
1059
1089
1052
1089
1029
1069
1063
1071
1091
1138
1095
1100
1086
1085
1055
1064
1078
1084
1099
1063
1033
1051
1050
1045
1070
1039
1048
1071
1073
1082
1119
1100
1118
1101
1072
1107
1118
1101
1070
1128
1138
1106
1150
1137
1114
1175
1141
1161
1163
1177
1173
1250
1254
1236
1205
1239
1279
1287
1311
1260
1285
1236
1277
1240
1259
1267
1300
1349
1349
1302
1359
1320
1338
1349
1354
1401
1390
1397
1411
1408
1394
1376
1417
1395
1383
1454
1461
1445
1464
1421
1391
1430
1391
1412
1423
1429
1402
1413
1377
1324
1340
1357
1357
1390
1330
1321
1408
1397
1339
1299
1286
1239
1227
1178
1124
1096
1098
1136
1097
1110
1118
1081
1089
1120
1111
1135
1088
1108
1090
1075
1108
1123
1091
1111
1095
1042
1012
1044
1094
1064
1021
1008
1003
987
1037
1002
1067
1034
997
994
1030
1046
1078
1070
1061
1091
1074
1068
1112
1130
1117
1099
1099
1090
1107
1097
1148
1115
1139
1175
1207
1190
1133
1144
1152
1186
1244
1202
1241
1190
1202
1260
1220
1228
1244
1207
1214
1222
1220
1229
1285
1285
1258
1269
1214
1254
1254
1252
1252
1238
1215
1220
1244
1183
1187
1126
1157
1157
1177
1231
1201
1184
1137
1205
1169
1217
1200
1203
1169
1183
1175
1183
1201
1238
1189
1174
1150
1140
1193
1117
1122
1135
1119
1065
1081
1064
1069
1051
1060
1035
1091
1066
1079
1034
1077
1053
1040
1016
1024
1008
1013
1019
1028
950
991
1008
1003
985
993
999
1020
1015
994
1000
992
978
976
969
1017
1013
1027
1010
1026
1016
1042
988
1013
992
980
1002
962
989
1019
1094
1057
1055
1020
1022
1052
1091
1086
1060
1065
1099
1083
1116
1094
1088
1161
1085
1124
1105
1129
1120
1122
1148
1183
1167
1204
1127
1205
1195
1143
1180
1157
1222
1242
1226
1197
1190
1170
1162
1197
1204
1205
1221
1210
1170
1190
1230
1224
1213
1197
1210
1230
1250
1234
1310
1240
1307
1261
1265
1255
1265
1262
1279
1294
1237
1251
1217
1215
1229
1174
1210
1222
1193
1174
1199
1147
1119
1161
1135
1134
1145
1124
1090
1050
1043
1120
1076
1080
1057
982
958
1006
1009
1013
961
988
987
924
932
866
881
902
929
860
902
929
870
882
894
853
873
864
896
924
936
997
954
943
938
894
848
866
881
829
850
874
870
855
843
840
831
796
795
763
816
778
769
785
765
753
746
709
775
726
721
724
735
730
723
725
727
671
676
682
691
676
701
686
693
646
641
660
643
692
697
710
687
705
714
707
706
681
665
676
694
666
687
678
696
704
741
714
723
702
714
773
683
721
727
715
726
700
720
722
723
731
717
721
755
767
736
740
717
675
670
662
681
712
681
681
649
622
635
644
653
649
636
648
669
655
642
624
598
629
585
609
576
593
589
574
572
565
606
596
585
578
566
579
557
596
570
544
576
575
585
570
577
555
565
573
564
568
570
556
596
582
553
592
613
575
604
646
577
599
601
593
623
607
604
627
613
629
633
619
611
611
610
619
627
648
635
639
624
642
588
615
631
604
619
651
643
639
670
666
657
683
664
661
679
696
676
739
719
711
725
699
739
713
713
706
718
719
691
725
737
732
724
748
721
701
706
693
710
752
742
720
716
720
700
681
730
719
715
746
746
759
711
699
705
706
660
666
648
640
636
632
649
640
654
649
593
612
615
594
561
558
580
578
557
559
589
565
617
565
580
565
594
575
562
581
587
539
541
547
534
545
545
535
523
564
554
602
580
570
585
578
603
610
589
574
562
612
570
539
579
568
584
598
578
586
595
600
616
619
609
645
638
663
629
621
611
628
590
614
631
639
651
657
688
666
658
656
660
672
687
658
683
692
723
699
708
737
685
674
715
723
710
700
704
756
724
728
734
734
703
752
730
720
719
683
695
741
770
724
710
714
763
730
706
748
709
692
683
661
659
672
671
640
672
645
642
614
606
610
611
604
635
625
610
602
588
579
578
570
556
556
535
559
552
534
529
531
505
475
494
461
469
454
498
512
464
453
449
464
465
485
464
454
443
452
453
439
437
423
411
414
409
411
421
410
410
430
403
448
417
426
432
445
413
420
394
397
392
383
355
357
379
383
371
385
406
393
393
412
406
406
396
415
412
409
398
385
412
386
390
387
397
407
398
398
406
409
416
405
398
392
415
412
405
400
380
386
388
373
385
384
375
389
388
386
372
388
377
389
383
387
375
381
379
384
402
376
389
396
394
398
380
375
393
379
386
384
377
378
378
384
397
386
393
379
373
392
374
360
375
380
360
365
381
386
361
390
401
381
400
401
437
406
434
429
426
411
415
437
412
406
416
410
383
389
365
374
382
401
397
414
394
401
393
411
403
399
405
419
416
418
395
407
409
409
391
403
382
393
371
373
386
376
380
390
399
395
408
399
423
408
408
403
387
382
382
385
375
385
383
387
386
399
390
380
408
380
399
387
399
416
394
403
402
385
403
400
390
399
384
391
404
390
399
381
424
389
413
385
393
378
390
407
379
369
378
356
366
381
406
390
384
388
399
384
374
383
383
389
398
371
383
377
378
360
376
370
377
394
384
387
391
409
388
424
414
434
430
437
431
421
400
394
400
419
406
396
398
420
402
435
430
410
412
418
411
431
423
438
426
404
415
403
412
405
423
409
430
449
441
444
453
442
437
472
475
487
476
470
507
508
474
486
486
496
502
481
519
491
479
505
525
498
508
514
543
531
531
528
540
529
487
505
525
509
534
521
518
510
515
496
499
483
511
494
495
507
498
538
518
504
514
519
521
516
526
507
506
500
510
512
479
481
497
496
493
481
503
495
481
484
470
487
496
503
484
482
467
464
481
493
495
484
468
499
478
482
476
484
475
463
463
464
490
474
484
469
505
495
492
491
485
476
509
470
481
487
492
508
486
488
511
509
488
498
508
486
522
503
493
492
525
517
509
512
505
495
506
531
510
529
516
515
518
519
526
509
501
505
542
530
507
514
532
559
520
536
542
526
539
524
540
519
553
537
562
522
523
537
557
538
537
550
534
542
558
527
529
553
563
581
565
541
551
533
536
573
557
532
552
534
556
582
564
553
569
545
533
578
586
571
564
536
558
562
540
570
580
587
601
642
628
600
571
567
587
585
618
586
621
615
652
651
637
662
652
654
638
642
626
683
662
645
691
674
708
713
723
732
730
733
752
746
733
729
747
766
772
742
736
729
756
753
734
721
718
746
754
774
767
768
783
802
849
846
869
825
871
855
864
882
892
868
897
851
922
921
916
918
930
876
888
955
952
949
998
1006
1021
1058
1034
1057
1039
1041
1031
1022
996
1073
1042
1037
1050
1025
1047
1014
1082
1097
1080
1099
1080
1119
1078
1097
1076
1117
1095
1058
1021
1016
1018
1046
1038
1075
1033
1009
1029
978
909
900
912
906
878
880
828
829
810
836
794
770
765
764
738
790
813
781
756
795
726
731
716
706
718
717
682
664
656
675
676
686
659
696
699
688
692
667
686
677
676
681
701
684
716
700
687
711
700
740
733
748
731
721
713
753
732
768
754
739
745
723
750
753
781
758
764
779
777
783
789
754
787
788
782
779
773
783
824
811
788
832
784
786
809
843
837
774
798
768
780
781
815
749
752
758
731
757
739
762
783
758
748
714
703
759
743
794
785
778
745
736
756
754
718
679
656
677
692
694
681
660
696
689
683
691
639
656
678
656
693
647
611
567
588
585
587
586
572
566
556
597
602
592
572
555
571
528
586
582
581
599
629
605
617
599
599
590
578
580
606
604
607
619
622
632
662
680
700
665
700
676
675
655
686
718
717
719
707
742
713
692
761
733
757
782
753
740
741
764
763
796
816
795
789
787
788
768
769
764
773
749
806
802
794
731
784
794
809
764
816
841
829
787
789
759
778
775
773
738
727
715
703
725
722
744
769
756
745
776
723
691
759
731
739
714
724
752
674
690
676
681
656
675
685
667
678
647
667
632
638
656
642
638
638
597
574
571
546
536
534
532
539
543
552
537
549
519
543
557
514
507
521
501
517
498
494
514
511
503
496
545
521
501
496
509
490
524
543
556
565
552
562
576
551
572
567
556
587
574
599
566
578
583
553
551
593
551
563
576
612
631
591
600
601
615
610
643
659
613
628
652
654
663
661
655
640
644
662
668
655
656
668
693
708
701
729
745
759
717
751
784
721
717
760
776
751
730
749
789
788
767
748
747
803
785
794
821
821
836
858
840
812
809
788
788
777
767
760
745
777
744
761
749
781
758
724
759
739
729
727
735
659
698
676
624
652
591
605
616
603
574
544
528
506
535
540
512
509
485
499
501
520
505
497
474
460
462
466
449
448
460
468
481
479
488
493
494
508
486
491
499
520
499
497
481
501
492
478
478
473
478
477
490
467
513
495
517
509
529
554
516
567
536
565
541
515
524
518
486
519
521
545
552
560
583
555
624
606
623
617
642
637
685
682
699
647
641
676
700
736
712
770
750
783
777
862
868
845
889
914
956
1003
1016
1024
1034
1059
1006
1092
1109
1084
1077
1040
1065
1057
1085
1126
1128
1105
1059
1117
1051
983
1018
978
988
938
882
911
891
868
809
733
710
644
609
612
547
497
472
447
422
362
377
339
321
307
303
267
272
256
246
231
240
234
215
232
241
235
219
231
244
229
239
233
282
272
251
238
236
226
218
211
217
208
203
204
220
206
210
215
208
208
224
218
216
223
201
220
225
219
210
192
186
187
183
182
170
166
178
184
187
184
200
212
206
213
221
206
212
206
195
196
185
183
183
181
187
183
173
169
173
188
184
183
174
186
157
175
168
184
190
180
157
173
208
179
190
174
172
182
173
180
165
180
165
172
178
165
192
180
186
192
189
168
168
192
178
175
165
184
174
189
174
181
178
201
184
200
204
201
180
181
178
176
184
183
181
153
178
165
172
174
166
174
177
194
179
179
180
197
179
191
196
199
183
194
200
193
173
197
182
189
207
183
192
194
179
193
190
200
183
201
209
207
204
208
217
220
215
210
221
229
203
215
222
224
234
238
234
216
237
264
270
295
280
286
310
288
274
278
277
252
278
269
288
280
274
280
293
313
327
346
356
347
354
352
348
347
328
348
346
331
359
379
366
368
400
390
402
393
393
403
381
437
463
436
436
415
462
448
486
503
486
491
505
480
493
469
476
497
542
533
531
543
525
545
565
593
610
588
615
596
601
617
638
625
604
604
639
648
631
616
608
643
620
614
634
651
651
661
673
704
636
668
672
670
649
630
670
669
730
700
742
728
753
774
761
748
791
823
820
839
857
847
848
819
794
821
814
827
794
790
802
824
817
815
866
857
873
855
859
874
835
861
860
817
838
816
831
869
875
820
840
845
877
885
867
824
788
818
792
803
792
775
756
748
781
740
744
732
709
650
631
615
579
572
538
541
480
469
433
373
332
319
364
347
336
314
291
306
307
273
328
301
295
311
293
285
309
280
415
421
376
379
371
358
380
365
522
535
530
531
514
518
506
487
544
544
534
559
561
517
510
519
473
490
461
461
451
408
370
366
388
416
422
386
383
397
418
414
422
414
421
415
442
460
469
494
528
557
569
599
581
603
630
652
668
686
711
709
744
754
766
781
810
758
791
860
899
903
913
907
949
1025
965
1005
997
1096
1078
1092
1150
1153
1134
1221
1269
1350
1403
1406
1519
1502
1615
1685
1712
1743
1786
1844
1834
1910
1893
1954
1957
1950
1963
1991
1957
2005
2040
2107
2056
2071
2126
2132
2062
2133
2146
2072
2107
2112
2121
2151
2114
2162
2152
2131
2184
2192
2160
2177
2189
2208
2211
2196
2245
2181
2197
2238
2140
2182
2205
2220
2174
2199
2157
2239
2181
2145
2167
2159
2140
2107
2118
2173
2121
2126
2135
2168
2035
2063
2047
2041
2063
2035
2017
1994
2002
1987
1963
1951
1960
1992
1957
1962
1961
1950
1919
1867
1895
1863
1838
1876
1856
1802
1821
1824
1892
1874
1863
1832
1871
1793
1853
1861
1877
1861
1932
1837
1832
1788
1863
1789
1742
1792
1794
1754
1757
1783
1787
1813
1852
1798
1759
1724
1813
1797
1782
1769
1780
1701
1772
1719
1709
1684
1631
1647
1597
1626
1627
1684
1597
1646
1611
1629
1555
1515
1584
1656
1587
1557
1530
1556
1566
1553
1538
1520
1529
1453
1499
1515
1566
1501
1508
1473
1487
1506
1520
1497
1550
1546
1541
1507
1515
1570
1534
1495
1492
1509
1503
1532
1534
1520
1477
1500
1515
1488
1486
1513
1515
1521
1483
1494
1464
1422
1462
1484
1418
1427
1447
1436
1436
1434
1467
1460
1463
1407
1426
1429
1487
1424
1444
1483
1425
1444
1433
1396
1426
1396
1377
1377
1422
1383
1395
1426
1383
1397
1376
1379
1389
1387
1376
1391
1406
1382
1425
1373
1405
1381
1424
1383
1448
1373
1389
1355
1356
1344
1345
1345
1391
1383
1321
1366
1354
1333
1326
1338
1317
1321
1323
1339
1313
1271
1297
1248
1285
1302
1296
1286
1309
1319
1288
1353
1310
1347
1308
1321
1341
1413
1351
1342
1390
1419
1461
1384
1366
1458
1395
1455
1421
1414
1446
1396
1439
1378
1393
1392
1372
1413
1357
1400
1353
1378
1359
1398
1364
1411
1342
1339
1416
1350
1371
1368
1367
1371
1386
1358
1367
1298
1310
1349
1317
1332
1305
1317
1360
1315
1337
1360
1346
1356
1313
1325
1317
1360
1355
1340
1353
1352
1342
1316
1303
1281
1307
1317
1343
1378
1340
1332
1311
1317
1330
1296
1314
1323
1295
1308
1361
1311
1325
1328
1341
1349
1304
1343
1343
1307
1311
1278
1363
1370
1305
1341
1316
1382
1310
1299
1319
1294
1277
1340
1309
1344
1351
1346
1343
1388
1364
1366
1397
1391
1408
1344
1409
1387
1367
1376
1376
1327
1328
1381
1423
1360
1359
1362
1331
1389
1363
1320
1406
1418
1430
1389
1409
1405
1351
1392
1357
1353
1365
1367
1360
1305
1314
1308
1334
1383
1357
1300
1337
1347
1337
1307
1334
1362
1368
1338
1358
1334
1413
1420
1399
1383
1408
1386
1383
1378
1316
1371
1382
1349
1379
1366
1353
1401
1339
1338
1386
1350
1330
1367
1383
1363
1343
1368
1349
1367
1364
1359
1339
1378
1328
1344
1332
1346
1316
1351
1307
1322
1315
1328
1324
1313
1285
1299
1269
1334
1276
1304
1277
1334
1291
1265
1254
1272
1253
1285
1251
1251
1214
1212
1253
1255
1230
1237
1211
1253
1246
1239
1310
1261
1280
1247
1241
1263
1294
1309
1325
1268
1287
1331
1265
1253
1296
1271
1288
1254
1285
1228
1262
1263
1242
1242
1251
1252
1224
1242
1242
1261
1280
1304
1284
1299
1315
1320
1279
1299
1284
1259
1261
1239
1235
1236
1231
1216
1197
1186
1194
1146
1148
1190
1179
1133
1169
1129
1160
1152
1163
1118
1110
1138
1084
1054
1056
1088
1111
1089
1119
1172
1204
1192
1261
1267
1251
1267
1318
1260
1245
1291
1335
1354
1384
1360
1350
1357
1315
1337
1319
1324
1287
1308
1286
1357
1295
1327
1294
1312
1349
1283
1282
1259
1233
1246
1270
1204
1297
1232
1268
1258
1207
1238
1262
1267
1234
1220
1267
1246
1276
1226
1240
1190
1214
1228
1213
1187
1177
1171
1173
1164
1144
1184
1134
1128
1145
1172
1196
1187
1183
1185
1182
1180
1237
1204
1185
1199
1158
1251
1216
1205
1172
1186
1127
1090
1097
1118
1157
1139
1127
1148
1145
1140
1147
1161
1182
1206
1189
1183
1208
1248
1190
1157
1168
1201
1128
1177
1146
1137
1176
1175
1158
1180
1217
1196
1168
1122
1106
1143
1170
1090
1103
1157
1188
1153
1158
1119
1101
1141
1113
1117
1109
1083
1087
1073
1085
1055
1057
1066
1069
1078
1089
1089
1069
1078
1057
1052
1134
1095
1126
1136
1139
1092
1096
1110
1130
1100
1120
1116
1084
1058
1067
1037
1065
1005
1001
1039
1037
1020
1030
1069
1114
1055
1114
1108
1112
1112
1104
1098
1120
1083
1079
1169
1124
1108
1107
1119
1109
1126
1155
1144
1139
1183
1149
1132
1119
1107
1157
1112
1123
1121
1136
1123
1195
1133
1115
1134
1154
1167
1200
1156
1140
1130
1167
1112
1135
1149
1164
1139
1117
1096
1153
1139
1090
1101
1071
1073
1107
1104
1124
1135
1135
1116
1101
1111
1112
1062
1127
1145
1135
1073
1103
1080
1052
1089
1062
1016
1006
989
1008
994
980
964
945
934
953
893
911
928
897
947
910
919
861
892
866
844
834
836
762
843
828
792
763
789
757
712
690
636
588
605
587
612
603
640
669
644
599
618
628
640
662
624
641
645
643
643
639
607
609
597
571
562
610
594
628
520
550
559
561
570
515
533
528
510
485
465
484
484
532
533
529
526
547
600
660
646
645
658
694
739
749
809
868
887
891
898
914
913
888
872
902
872
852
887
860
883
864
918
937
890
897
1013
961
982
979
963
932
910
935
950
983
942
922
915
933
900
878
897
847
817
855
874
925
853
883
872
910
903
894
879
862
849
863
894
891
837
842
854
812
812
814
859
834
868
859
888
863
906
941
941
923
964
949
941
906
934
859
889
856
854
836
793
802
800
813
845
819
874
848
864
870
890
920
861
877
914
862
863
833
804
790
763
777
768
757
786
798
862
824
837
862
897
868
902
890
904
925
922
931
930
894
919
896
953
927
904
931
865
854
870
903
846
901
867
926
884
875
891
855
862
886
826
835
837
848
849
851
846
829
812
845
876
878
927
905
884
874
855
928
903
926
989
1000
992
988
976
979
984
941
928
932
933
911
914
959
963
955
952
942
952
949
922
927
925
928
925
937
923
919
934
881
897
860
885
907
914
928
932
966
954
999
970
974
984
985
945
961
977
923
902
911
898
888
893
836
850
846
803
876
883
865
882
866
916
891
853
859
864
849
837
828
871
872
900
843
896
921
907
884
885
881
896
930
907
914
917
934
893
881
910
911
843
845
858
892
901
915
903
886
904
905
936
954
965
982
969
978
985
949
959
999
991
958
986
927
907
889
891
869
874
874
906
911
933
947
949
923
991
999
986
948
1027
1006
1055
1019
973
952
911
921
930
904
886
934
938
953
994
997
955
1002
994
966
1019
989
992
1022
1012
1050
1002
984
986
1015
995
957
955
969
997
1031
1060
1105
1073
1090
1049
1062
1063
1000
987
1055
1012
970
974
938
963
992
1004
989
1009
963
1038
1051
1066
1067
1027
1085
1022
1126
1077
1067
1128
1081
1035
1014
1002
979
964
1051
996
1007
997
1029
1036
1088
1030
995
947
1061
1025
1066
1037
1031
1088
1125
1085
1086
1049
1099
1071
1032
1104
1112
1044
1079
1100
1042
1082
1040
1052
1036
1007
1042
1007
1044
977
1003
990
976
980
954
945
982
1010
1005
954
1045
1008
955
1020
993
1005
1002
1025
1083
1050
1023
1020
990
974
1008
983
1026
1029
1059
1031
1006
1029
1017
989
1003
974
1011
1009
1010
1041
1045
1002
1032
994
982
983
1017
970
942
972
981
965
999
1021
986
952
967
966
1002
983
947
943
930
922
901
902
903
928
882
881
873
833
858
862
919
855
829
866
832
840
828
778
792
788
802
796
776
760
776
774
751
762
739
776
782
790
852
803
781
792
773
775
800
776
739
800
752
803
771
798
760
784
785
812
825
826
808
820
802
851
834
856
843
839
814
811
847
842
872
860
887
916
926
910
926
892
893
892
906
927
936
901
861
868
883
858
867
838
817
824
839
845
822
841
833
831
838
848
878
881
850
856
866
869
848
837
843
837
842
850
872
848
839
838
854
859
829
845
879
858
847
822
853
826
816
830
796
783
795
809
811
785
756
785
790
791
827
787
830
813
797
831
806
800
815
810
796
777
828
828
829
795
837
802
811
799
814
825
840
854
799
811
847
838
841
841
837
820
802
797
826
762
782
771
771
773
803
790
803
804
814
829
847
816
858
859
832
823
810
811
859
858
847
852
872
882
810
860
879
860
897
863
869
907
885
886
884
937
888
841
840
838
857
840
825
863
838
835
842
863
813
853
883
894
893
854
826
851
877
842
865
853
836
777
814
755
836
820
807
840
848
826
828
804
840
847
823
867
820
871
861
865
798
820
865
818
841
844
837
816
846
873
865
894
866
904
921
877
898
867
895
867
882
849
800
794
823
797
841
809
822
857
834
787
825
852
848
873
875
860
840
844
824
842
803
826
865
869
837
818
829
857
868
858
887
863
869
865
886
878
907
937
882
892
889
869
856
863
847
876
880
903
901
943
943
880
907
915
957
909
906
975
965
940
974
972
1010
975
929
915
877
842
848
928
911
919
917
996
993
895
955
1000
957
976
953
959
985
944
963
975
949
919
885
879
883
919
885
914
897
913
935
899
965
979
966
976
1018
970
916
938
923
921
923
875
881
857
818
838
867
881
851
883
885
896
913
945
922
969
928
846
819
859
783
801
818
783
748
771
720
733
749
723
698
658
626
612
608
505
522
535
504
485
454
377
379
317
282
253
215
198
181
127
102
81
77
59
40
29
36
36
34
35
36
34
41
40
71
76
74
79
85
82
86
102
88
81
86
84
82
74
72
74
48
57
37
43
42
37
35
34
50
55
65
54
55
67
48
63
211
227
262
280
294
276
295
310
368
329
291
288
249
233
213
204
200
181
163
174
191
192
150
144
129
120
113
131
121
118
128
130
136
118
125
131
117
134
113
135
121
114
115
107
115
111
120
119
138
133
136
130
133
142
154
129
132
143
130
129
147
129
143
131
134
135
102
106
115
130
139
163
134
152
99
93
99
102
103
83
94
100
86
79
88
99
94
104
98
93
82
72
78
61
76
65
82
80
71
63
68
69
65
58
50
51
38
70
79
68
77
77
65
64
70
122
124
111
129
125
115
99
103
91
100
103
95
95
108
99
86
91
110
106
102
103
91
100
102
112
115
108
110
104
113
125
125
123
126
126
131
115
128
126
143
161
152
150
156
158
164
163
156
154
156
167
182
171
196
196
183
197
188
184
198
202
225
225
225
231
189
200
211
218
253
261
277
331
253
247
277
311
340
353
321
314
226
255
236
255
230
235
251
223
244
178
180
171
208
217
223
216
223
174
183
188
210
229
246
255
263
229
232
245
261
271
247
245
244
264
244
252
253
225
207
212
223
325
314
317
321
310
277
254
312
271
243
212
226
232
208
212
196
205
164
155
186
168
162
173
180
188
148
140
165
147
156
148
158
133
98
101
99
101
89
86
84
68
79
89
86
103
95
114
118
117
136
130
148
157
161
162
180
172
176
181
185
199
221
224
223
207
182
202
188
176
165
124
116
108
90
94
83
89
88
95
100
114
128
128
141
144
128
141
142
152
157
153
153
192
190
192
173
169
153
153
114
121
106
102
108
102
117
161
166
147
149
156
152
158
154
169
213
225
203
182
175
188
175
184
152
154
160
115
120
96
99
91
87
84
95
86
108
107
113
118
193
177
184
208
208
195
218
192
243
238
226
224
207
201
211
214
130
144
105
88
86
92
93
92
90
77
84
85
107
115
102
139
118
208
199
204
216
241
224
221
205
240
221
212
216
180
172
169
170
129
137
154
136
123
115
126
111
71
78
85
100
88
111
95
80
101
118
119
123
138
145
137
141
143
181
194
178
161
168
153
161
186
181
190
158
158
168
138
134
100
87
84
96
88
85
102
95
113
119
134
118
140
150
134
140
158
166
191
190
183
190
211
214
208
204
165
156
168
137
138
141
124
112
98
81
96
88
85
105
105
114
138
145
131
128
115
124
133
143
149
148
151
154
148
173
168
208
194
197
180
155
193
182
187
189
175
171
171
188
182
183
206
226
240
360
353
364
355
333
328
277
273
248
219
224
214
213
196
196
185
221
200
208
186
195
197
220
229
248
284
296
286
327
321
325
300
279
270
274
267
279
273
299
296
284
311
344
351
355
363
355
370
379
417
425
418
420
403
403
374
335
275
255
242
222
218
247
226
196
207
196
178
177
156
167
144
173
108
112
111
121
117
126
131
115
109
112
140
141
178
141
133
129
119
113
107
95
93
93
93
96
103
108
104
90
99
115
100
107
124
194
180
174
176
169
160
174
171
129
120
112
129
91
107
105
109
104
90
84
89
81
89
102
108
150
146
143
136
130
162
122
146
120
125
142
132
156
187
154
175
143
144
151
166
158
154
167
147
182
262
251
289
289
314
308
321
307
290
310
321
295
253
223
215
209
171
172
158
148
144
151
146
169
143
157
154
148
170
171
162
181
194
205
222
221
232
195
211
210
233
270
260
273
275
260
270
285
311
165
165
183
180
180
159
204
235
355
349
365
309
311
324
323
311
288
248
256
243
257
244
252
236
214
190
214
163
161
145
133
154
143
89
89
106
100
98
115
127
130
153
154
162
158
140
145
161
169
98
89
99
89
92
98
101
102
183
161
150
176
160
160
158
158
96
98
83
97
85
101
103
95
130
135
129
144
126
135
132
147
123
190
164
178
179
189
216
214
211
146
152
151
157
138
138
119
115
165
163
170
160
185
196
187
176
212
193
192
217
190
201
194
209
127
146
130
130
156
146
135
124
132
120
121
150
146
149
171
164
150
155
168
197
192
192
173
200
170
200
187
218
212
215
215
230
224
150
137
153
148
139
134
142
158
182
165
179
171
183
166
146
178
209
214
235
223
206
217
211
209
231
176
195
198
194
195
182
187
174
110
108
115
104
106
108
125
123
142
143
149
159
163
202
180
189
180
188
205
172
186
180
183
166
216
198
179
163
176
188
177
183
168
150
145
142
142
162
179
204
204
224
228
238
224
210
195
184
165
176
163
143
140
172
180
199
193
126
110
135
130
125
141
157
172
165
182
183
189
174
186
154
162
149
132
125
127
123
134
133
148
130
110
128
115
132
111
129
120
140
181
175
196
180
210
206
188
164
150
157
139
148
131
111
105
110
109
108
122
127
131
128
138
129
161
179
176
184
202
204
185
194
179
192
183
207
190
184
175
173
163
140
123
105
119
112
131
137
127
163
175
165
174
200
202
190
190
185
204
215
208
220
233
253
252
368
334
315
287
316
304
243
258
130
175
155
153
166
163
157
195
187
185
191
195
179
166
177
192
235
220
238
222
181
163
171
155
133
65
57
91
93
105
88
111
72
136
146
157
156
169
174
163
208
115
160
134
128
130
148
130
119
114
113
118
115
161
168
170
167
186
204
194
191
183
188
193
206
239
212
213
203
195
168
181
161
166
127
120
105
101
86
90
97
103
126
120
113
131
131
161
153
160
172
210
199
207
215
201
217
196
303
334
335
341
332
334
326
283
282
250
269
250
254
304
344
308
319
291
319
298
337
326
343
380
387
382
358
345
360
308
314
320
330
184
172
160
168
157
163
170
169
185
183
174
177
183
199
195
209
192
184
205
214
205
193
201
190
194
199
174
207
184
215
200
194
213
199
201
204
205
213
212
197
212
197
196
223
205
213
220
234
219
205
209