284
258
246
261
254
267
305
256
274
262
284
279
272
264
269
287
275
281
285
292
266
250
275
273
281
292
275
275
281
290
287
306
269
312
291
311
306
305
301
322
295
304
297
273
297
271
250
269
267
278
292
270
254
259
247
277
289
281
283
269
279
274
272
287
318
309
280
298
290
301
301
293
287
308
297
289
319
303
317
296
292
288
298
288
294
294
295
312
267
266
281
287
262
264
225
284
234
247
264
258
241
239
237
260
258
238
247
251
251
265
242
248
255
263
260
258
263
247
241
255
244
235
232
242
255
227
235
236
221
224
233
248
221
238
249
237
237
261
253
239
244
241
219
247
235
243
240
244
239
236
244
243
241
240
233
239
242
229
205
226
229
225
230
212
215
216
223
226
217
239
233
231
244
227
235
241
234
238
251
256
254
260
245
254
267
286
276
266
281
248
265
270
253
268
247
240
276
264
243
236
233
240
225
233
235
244
245
257
240
225
227
234
216
248
229
222
227
227
205
216
223
211
212
221
220
221
212
227
238
234
245
237
262
243
256
268
248
254
265
248
258
254
259
256
240
247
252
255
231
256
240
248
249
242
239
244
245
249
247
232
250
244
255
256
254
253
269
245
223
215
245
219
218
218
209
239
250
232
236
258
249
218
225
247
232
258
230
248
249
229
251
250
191
180
201
213
208
186
198
192
214
224
213
211
226
227
209
235
242
244
241
245
244
233
243
226
232
232
223
230
242
239
235
224
226
237
263
230
271
245
258
254
265
247
242
232
243
260
229
234
260
232
199
208
210
241
240
224
240
254
229
217
220
219
220
215
201
221
224
222
215
192
234
239
239
233
193
187
186
191
210
206
214
204
240
226
212
195
172
162
171
186
277
252
273
265
284
284
272
286
412
459
437
429
434
415
431
417
348
351
382
369
362
368
353
372
273
271
250
231
231
234
260
253
269
284
279
254
261
245
257
272
273
361
344
354
373
352
343
340
346
241
236
281
283
272
278
242
251
158
148
148
167
148
169
158
155
216
195
193
193
214
203
206
221
223
349
398
354
346
327
365
344
333
201
205
210
209
206
219
223
230
177
161
172
187
161
147
173
170
220
236
211
226
230
234
222
241
307
306
333
321
332
335
331
316
289
300
273
267
272
265
278
266
263
177
187
186
184
189
181
148
150
274
282
269
265
255
281
274
268
407
458
429
425
422
421
424
411
281
284
281
284
282
245
280
297
198
226
205
222
239
222
195
192
373
388
369
377
369
421
371
396
394
420
431
427
433
419
406
437
421
267
271
268
277
277
271
259
251
230
229
244
221
179
159
210
228
308
303
319
316
301
305
299
299
291
277
311
316
346
343
349
349
369
396
392
363
360
320
344
320
333
256
253
262
264
256
251
274
257
320
307
356
350
343
317
333
327
289
312
302
309
313
304
276
305
280
274
270
283
289
311
285
274
302
293
286
294
304
291
278
317
331
429
439
446
422
430
433
411
420
353
344
353
334
304
291
289
277
217
236
217
224
232
212
226
240
264
287
255
282
278
252
279
242
269
278
292
303
280
302
300
339
245
250
234
249
245
238
254
228
254
242
206
206
202
188
211
212
202
298
292
302
320
301
323
320
296
196
205
232
205
203
222
232
208
182
165
162
180
172
146
160
163
336
327
341
340
337
339
353
348
223
194
193
181
176
189
198
184
191
114
115
106
89
89
89
80
66
193
179
179
188
179
198
186
198
399
392
390
395
369
404
395
387
262
266
309
272
295
283
296
265
262
241
235
253
250
248
250
245
268
397
406
417
414
404
433
420
422
392
382
359
370
328
316
343
341
236
234
234
231
237
233
226
248
239
198
209
227
210
217
213
211
427
463
470
481
471
452
468
471
301
299
316
323
343
290
330
298
312
226
235
226
223
233
221
227
220
219
235
208
230
215
232
223
236
263
254
266
244
260
251
249
241
252
248
213
233
247
233
256
249
281
269
276
275
280
288
278
274
255
301
317
313
328
335
346
351
360
327
322
326
328
334
334
318
290
307
281
329
327
301
322
338
300
319
317
347
330
318
292
286
286
304
357
370
364
376
361
370
365
329
328
292
311
310
269
263
261
284
337
334
360
333
339
340
322
326
373
354
372
335
315
352
332
339
339
349
359
328
369
333
348
365
315
343
339
314
320
274
312
305
324
316
358
317
319
313
321
328
342
346
342
293
279
297
283
300
319
314
327
334
326
317
331
286
333
362
371
380
334
312
299
305
325
321
321
313
320
315
314
316
317
343
347
361
343
344
348
320
310
360
307
357
369
381
350
369
334
257
269
287
266
294
292
262
271
267
291
288
265
250
244
250
270
279
272
274
269
272
280
262
264
273
259
285
272
277
276
267
242
234
277
254
248
268
280
292
302
293
345
345
339
311
324
307
306
323
266
273
268
270
269
294
274
290
269
281
249
233
239
233
223
230
247
304
308
293
348
309
321
282
318
288
302
314
302
314
323
320
310
332
293
253
261
291
303
301
313
285
296
257
259
263
263
271
280
258
326
330
345
347
333
344
305
291
279
291
265
297
286
291
294
288
238
267
267
244
266
260
252
285
271
297
292
269
292
304
292
288
330
301
314
328
320
307
307
338
364
416
367
373
367
353
371
371
373
342
319
327
329
334
326
282
305
315
312
293
303
299
313
265
268
295
289
285
274
231
236
211
219
268
218
197
173
178
144
123
103
100
87
61
54
41
42
37
53
59
76
81
67
78
64
65
55
69
88
82
88
74
65
77
67
65
82
93
87
86
78
83
91
76
86
80
75
75
80
78
86
74
75
84
89
94
89
95
90
79
84
77
83
80
90
83
86
94
80
88
82
92
88
94
82
89
96
94
102
103
86
111
103
112
104
114
108
109
106
111
105
113
117
86
86
103
97
96
99
107
117
102
113
135
114
144
130
138
130
103
111
122
116
131
131
138
117
123
118
129
107
108
103
97
98
95
132
128
126
124
124
110
112
110
110
105
111
111
114
110
98
108
108
116
125
102
118
118
136
125
136
128
144
155
150
157
157
149
169
156
158
164
156
170
172
172
173
173
190
178
180
177
176
180
194
175
177
185
176
187
179
183
200
197
191
199
189
211
184
185
177
191
197
204
200
214
214
225
224
228
211
216
235
241
246
232
252
238
246
230
232
244
273
294
277
276
288
313
309
327
334
351
383
387
430
498
505
579
581
621
644
684
753
778
843
911
979
1113
1094
1178
1234
1160
1248
1254
1298
1332
1443
1462
1293
1317
1241
1251
1173
1193
1214
1254
1274
1151
1162
1149
1138
1089
1045
1020
1030
968
972
974
946
1036
958
934
992
956
966
923
947
918
943
973
923
911
872
902
827
845
786
811
829
829
803
794
799
835
824
830
850
869
878
884
897
899
835
836
864
871
868
844
861
859
837
816
806
798
789
776
824
779
767
811
792
828
816
806
838
811
818
755
765
739
774
798
778
771
810
844
850
882
866
837
837
863
873
830
798
765
794
737
805
805
832
771
841
839
789
782
796
774
787
821
779
766
711
726
720
688
723
706
662
741
709
689
678
715
713
762
771
805
814
787
797
849
796
785
856
807
825
827
810
848
805
815
842
875
860
891
877
919
925
903
926
916
871
888
893
877
886
907
892
832
881
854
848
873
895
881
896
882
868
902
864
907
861
865
850
859
870
859
778
800
792
782
809
801
796
774
840
829
806
803
816
821
811
780
814
730
740
752
732
736
751
724
744
709
705
755
717
746
737
701
758
741
682
693
687
674
695
617
656
619
642
665
668
672
666
670
639
655
655
670
659
661
663
631
647
619
619
615
584
600
576
623
575
639
598
621
630
600
627
647
660
655
644
660
656
595
612
602
622
652
667
641
675
633
643
621
629
643
637
664
678
708
710
655
648
626
692
695
690
687
677
688
693
669
715
661
661
710
701
689
697
686
706
694
647
674
683
626
654
656
597
644
616
636
637
626
609
608
611
630
626
650
646
642
673
692
703
646
641
679
695
765
744
714
721
720
711
712
704
717
732
747
770
682
757
748
731
702
723
723
720
693
746
762
758
772
755
792
774
829
876
898
906
906
874
862
859
893
838
884
841
885
860
870
878
886
903
866
904
888
904
928
976
940
952
970
984
953
927
896
937
927
932
958
1020
968
985
1047
1017
1002
1014
960
971
977
998
1014
959
958
939
988
972
961
974
991
974
947
958
991
1002
997
932
948
930
883
902
911
892
908
865
861
920
915
934
1002
1028
1023
1068
982
949
977
901
957
943
939
957
974
893
892
950
970
1047
1066
1042
1044
1012
1032
982
982
997
1011
1014
1019
1034
1088
1067
1048
1035
1014
1028
1012
1013
1053
1036
1098
1105
1080
1124
1158
1235
1205
1147
1190
1202
1110
1134
1111
1070
1087
1110
1095
1105
1088
1123
1189
1071
1135
1075
1127
1121
1143
1119
1090
1029
1071
1053
1093
1039
1061
1074
1073
1103
1063
1066
1063
1036
1068
1056
1101
1045
1029
1042
995
1041
1083
1157
1093
1140
1099
1063
1008
1024
1063
1058
1038
1022
1032
1007
1033
1036
1091
1108
1187
1136
1051
1030
1045
1037
952
990
1016
1011
1033
1013
1020
1036
1114
1114
1119
1112
1131
1068
1108
1043
1059
1037
1026
985
982
996
979
1030
1015
1013
1057
1038
1065
1095
1063
1046
1002
1057
1017
971
1000
992
935
925
906
851
853
897
862
904
897
899
895
850
898
905
925
911
910
891
876
905
873
901
853
858
883
823
891
910
891
867
880
851
918
886
892
872
867
861
865
850
872
868
816
869
906
878
908
923
907
918
938
917
954
928
958
955
941
895
908
920
867
896
956
926
939
953
932
912
873
836
802
829
801
784
780
749
826
792
765
735
728
712
686
681
732
738
706
751
729
745
723
714
665
707
739
719
717
731
704
720
735
712
717
682
707
725
694
732
695
709
738
691
766
789
767
785
763
811
845
840
867
857
868
832
857
841
886
902
884
926
881
913
907
918
938
940
969
946
936
1001
952
936
970
1006
950
943
951
942
984
1005
985
997
985
1028
1033
989
1049
1030
991
999
960
947
934
955
953
958
932
893
979
960
967
979
1003
999
1022
1068
1031
1047
986
1059
1089
1064
1082
1076
1056
1134
1107
1112
1141
1132
1199
1186
1200
1214
1232
1308
1250
1259
1262
1188
1222
1237
1152
1180
1217
1227
1238
1222
1256
1293
1276
1323
1355
1379
1426
1471
1399
1438
1425
1412
1396
1400
1440
1469
1526
1499
1544
1516
1571
1612
1632
1769
1761
1703
1737
1774
1836
1844
1888
1819
1900
1793
1746
1793
1864
1840
1834
1843
1859
1820
1839
1916
1867
1886
1932
1859
1900
1807
1912
1896
1885
1890
1919
1834
1865
1841
1858
1811
1778
1873
1834
1840
1849
1843
1844
1883
1795
1867
1844
1820
1830
1789
1784
1722
1663
1635
1667
1643
1629
1622
1663
1591
1634
1656
1614
1629
1604
1628
1634
1676
1671
1644
1598
1588
1618
1560
1579
1593
1610
1593
1621
1644
1615
1637
1666
1642
1664
1691
1686
1657
1667
1703
1658
1680
1670
1675
1736
1669
1672
1714
1736
1672
1742
1679
1655
1708
1696
1729
1644
1702
1701
1672
1716
1754
1796
1767
1788
1727
1836
1758
1773
1780
1756
1750
1768
1723
1725
1728
1704
1752
1755
1770
1779
1804
1809
1837
1810
1826
1794
1786
1751
1835
1773
1819
1784
1808
1813
1819
1768
1777
1813
1791
1797
1783
1891
1816
1790
1822
1835
1891
1854
1843
1880
1819
1827
1891
1890
1924
1889
1939
1886
1910
1908
1965
1942
1925
1891
1963
1954
1953
1972
1994
1996
1940
1921
1956
1943
2019
1979
2021
2011
1928
1971
1928
1947
1962
1979
1943
1947
1960
1976
1990
1990
1971
1953
1919
2034
1999
1973
1948
2004
1923
1942
1965
1926
1919
1953
1940
1931
1971
1948
1925
1948
1900
1954
1922
1962
1883
1919
1867
1883
1955
1916
1958
1927
1902
1952
1898
1897
1910
1967
1962
1954
1980
2033
1973
2009
2065
1964
2019
1947
1900
1945
1981
1951
2039
1967
2061
2015
1964
1968
1983
1931
1959
2033
2019
2071
2068
2077
2093
2097
2050
2027
2026
2069
1987
2052
2051
2122
2086
2111
2062
2081
2124
2085
2113
2095
2143
2071
2038
2033
2083
2114
2038
2087
1973
2020
1941
2010
2038
1999
2055
2121
2059
2099
2095
2048
2017
2088
2059
2032
2012
2047
2042
2086
2018
1996
1997
2042
2092
2041
2042
2072
2077
2086
2063
2080
2042
2094
2077
2037
2060
1994
2014
2033
2102
2152
2114
2117
2163
2148
2166
2148
2165
2150
2181
2112
2132
2140
2134
2159
2191
2066
2108
2125
2119
2062
2148
2098
2154
2100
2130
2167
2186
2206
2214
2218
2241
2210
2205
2191
2215
2198
2178
2224
2231
2256
2170
2199
2188
2169
2112
2225
2176
2251
2216
2234
2174
2174
2179
2264
2192
2170
2183
2124
2188
2157
2115
2228
2202
2177
2165
2184
2168
2159
2180
2170
2172
2152
2175
2146
2177
2199
2145
2166
2128
2076
2101
2103
2167
2120
2123
2173
2128
2173
2180
2205
2148
2102
2096
2080
2115
2134
2086
2100
2045
2063
2091
2049
2103
2047
2053
2058
2069
2093
2095
2104
2141
2128
2114
2074
2087
2093
2071
2051
2123
2079
2061
2051
2075
2069
2115
2125
2065
2144
2092
2099
2096
2062
2074
2138
2140
2144
2122
2112
2077
2144
2103
2124
2089
2092
2056
2085
2100
2092
2124
2108
2002
2065
2042
2057
2068
2082
2044
2093
2108
2098
2082
2080
2101
2105
2114
2105
2117
2098
2109
2061
2055
2069
2058
2075
2037
2030
1981
2058
2068
2081
2097
2029
2057
2063
2084
2019
2049
2064
2062
2031
2044
2042
2026
1982
2018
1925
2001
1963
1992
2087
2045
2029
2067
2034
2016
2035
1943
1957
1976
1996
1976
1989
1981
2007
1960
2011
1954
1937
1942
1952
1956
1912
1941
1950
1958
1890
1912
1836
1859
1890
1856
1848
1867
1829
1872
1865
1809
1823
1762
1794
1753
1792
1738
1723
1723
1707
1650
1638
1653
1633
1643
1612
1582
1576
1551
1525
1547
1502
1490
1465
1476
1486
1431
1394
1344
1300
1254
1165
1127
1075
1093
1120
1066
1108
1047
1068
997
955
947
936
944
921
867
879
842
758
728
649
573
519
500
481
425
394
368
388
368
352
312
304
301
280
281
260
238
255
222
227
212
219
231
218
209
220
237
238
232
268
243
255
253
259
265
268
277
291
275
258
265
254
249
274
242
255
269
269
252
246
244
237
264
243
258
247
220
233
225
237
227
241
244
235
244
234
243
247
245
238
272
248
252
271
280
301
289
307
314
308
331
288
288
290
327
275
303
306
305
274
264
289
267
286
301
323
347
344
353
356
390
368
363
376
377
375
361
388
410
423
424
429
442
439
428
389
430
413
451
458
451
427
448
422
412
424
422
413
422
454
480
444
438
440
430
419
426
424
429
434
402
426
417
417
419
385
407
416
388
404
372
388
374
356
351
335
320
321
319
316
263
276
264
235
233
250
227
220
228
244
222
239
244
239
237
238
232
238
249
250
247
227
244
230
251
234
258
254
247
261
281
279
293
282
309
353
362
370
381
377
403
426
438
426
427
432
431
430
460
451
457
468
503
514
538
527
523
512
526
569
586
594
556
576
584
545
538
532
522
535
548
533
509
524
536
533
518
506
476
494
500
504
490
459
500
506
515
477
449
440
419
453
486
470
466
455
463
464
445
417
447
436
455
441
432
409
425
382
412
414
422
409
426
419
423
405
394
400
430
403
410
390
433
421
429
442
407
410
386
397
405
413
393
386
407
411
395
419
381
382
380
376
382
388
402
382
385
352
366
361
343
346
354
350
338
377
363
358
359
359
374
358
344
346
329
365
344
344
334
336
357
354
371
347
352
355
334
346
356
358
336
335
350
339
359
353
335
351
325
332
338
370
351
345
351
342
338
340
333
349
334
324
324
325
326
336
332
346
349
359
340
349
335
344
331
344
355
349
354
350
374
324
337
339
346
359
345
342
342
375
363
343
324
331
315
341
349
355
354
332
350
347
367
358
372
356
344
361
370
356
364
360
361
371
376
365
356
386
359
395
383
364
360
370
353
365
362
364
349
365
324
356
345
332
330
332
334
337
342
314
324
310
301
300
302
289
317
306
303
363
333
344
349
347
366
341
342
372
347
327
356
350
327
343
339
322
333
332
346
359
350
356
357
340
343
364
350
377
382
359
342
327
373
328
352
314
323
344
350
331
346
356
365
360
363
340
358
389
376
362
377
376
397
373
359
355
347
373
364
370
392
362
378
373
348
370
372
361
370
378
381
368
378
356
366
360
366
381
378
409
390
379
389
406
377
364
369
372
387
386
388
381
389
378
388
383
379
327
359
357
369
375
381
379
349
342
362
371
375
376
404
379
394
383
378
376
372
369
390
384
388
353
376
397
413
387
394
412
379
404
380
377
376
378
387
383
372
386
397
382
402
387
390
423
380
406
397
417
421
418
406
398
373
387
380
389
398
350
381
368
367
386
398
393
376
399
390
404
365
380
350
369
366
353
362
357
354
361
351
351
342
359
350
340
334
320
349
374
360
363
367
341
337
337
339
346
338
323
331
336
332
310
322
337
330
330
327
335
299
310
323
321
335
315
293
303
300
278
284
286
284
260
284
286
263
254
268
261
262
272
252
262
233
242
251
244
252
261
258
237
233
238
231
229
234
227
240
231
238
253
239
230
233
255
232
235
227
208
201
208
208
197
201
215
189
194
216
226
211
226
235
222
235
235
239
239
248
240
250
232
240
233
243
220
221
230
221
230
220
247
234
235
241
254
242
240
254
233
235
247
244
234
250
236
232
238
237
225
228
211
230
242
238
226
212
224
228
224
220
231
231
225
222
222
212
221
232
217
215
219
218
229
239
254
246
230
250
230
250
258
262
232
229
237
236
241
231
243
246
223
217
236
232
221
224
223
205
193
186
186
175
211
191
194
184
182
182
166
161
146
153
152
149
139
145
172
169
175
171
168
157
157
179
191
197
194
182
184
163
178
174
193
175
188
206
196
191
176
181
158
160
158
155
149
145
145
145
134
137
138
141
137
146
140
136
142
148
150
150
142
140
142
151
139
151
151
146
151
169
161
177
176
172
175
159
172
190
191
167
169
169
179
185
184
182
198
188
187
185
170
181
178
186
190
188
209
216
191
193
200
189
205
200
211
216
220
216
223
202
185
198
215
223
218
217
208
206
208
216
214
232
237
244
226
224
223
219
227
230
239
224
228
224
219
250
249
242
254
258
258
288
280
252
275
279
272
267
285
251
265
285
272
256
299
276
271
287
281
284
316
281
309
298
290
316
312
316
305
311
332
281
297
302
325
315
347
342
323
296
302
323
344
335
335
321
347
327
318
303
324
331
321
344
342
339
335
320
325
319
338
337
325
344
344
335
335
323
348
334
338
299
306
321
317
304
286
266
271
285
296
295
309
325
332
322
306
304
301
328
284
308
293
307
303
308
303
283
312
337
330
299
309
300
309
293
295
299
310
304
314
299
323
317
345
304
337
326
329
300
315
304
344
332
352
335
332
344
322
320
298
303
355
327
322
354
318
348
344
336
337
355
346
345
360
331
346
344
345
357
357
356
345
367
385
376
379
391
370
359
382
374
404
387
390
361
374
380
380
370
393
385
369
404
413
421
402
397
432
420
422
428
412
410
411
399
361
368
365
374
368
367
347
344
327
330
335
359
345
332
356
367
340
389
389
376
377
340
355
330
342
355
343
353
321
333
325
335
335
371
358
369
371
391
357
371
368
326
323
317
305
288
310
308
299
335
329
325
335
338
322
328
311
327
336
345
326
319
323
333
327
339
325
313
331
334
327
323
333
312
334
319
325
360
359
353
349
348
375
364
352
363
367
384
377
367
375
361
395
377
381
401
410
382
352
368
390
379
374
362
393
373
377
367
387
400
399
376
383
407
416
393
389
385
388
383
389
396
387
402
372
390
378
391
384
347
377
395
395
383
369
368
414
396
384
372
396
359
392
391
369
393
376
376
353
394
420
421
392
365
371
357
359
351
353
373
362
355
371
339
356
339
338
365
297
320
321
318
361
370
347
343
365
341
361
359
372
385
353
390
367
379
377
398
375
371
381
405
395
366
397
380
400
411
456
431
420
452
436
422
421
421
429
421
433
420
458
446
450
435
449
448
467
507
498
482
473
515
485
529
527
508
556
550
555
526
533
545
580
569
542
546
596
558
572
582
574
550
511
542
561
515
510
540
548
502
528
479
473
468
517
518
518
530
496
534
551
530
490
506
489
511
469
470
418
460
446
458
447
493
466
471
471
475
486
511
524
536
532
525
549
520
534
510
489
474
511
517
471
494
509
520
547
527
480
520
510
524
539
530
515
508
504
493
476
459
486
460
498
487
522
535
516
533
515
562
576
581
568
587
540
544
561
557
538
546
538
554
564
598
590
599
594
617
554
575
579
611
616
631
630
645
603
613
608
636
644
649
619
634
591
640
620
637
642
680
633
581
593
562
593
613
597
579
631
670
646
621
591
597
590
580
613
645
670
660
681
638
670
677
664
638
644
641
595
630
627
649
578
547
586
575
567
588
538
539
518
475
463
464
487
463
424
450
442
481
473
465
446
497
468
486
454
452
441
450
453
433
467
444
471
508
477
511
478
505
480
499
489
506
501
468
490
508
483
484
489
518
519
535
545
567
546
561
571
580
580
559
573
560
533
550
590
558
548
539
547
576
590
612
614
588
593
596
635
655
622
628
629
612
557
597
589
604
588
602
626
613
585
599
613
640
636
618
591
589
596
581
584
578
550
584
560
556
585
534
560
541
569
586
566
607
587
544
564
558
520
532
528
514
514
519
532
583
563
589
595
563
592
543
559
578
553
516
486
458
481
484
459
452
478
467
488
459
502
444
478
487
456
467
489
513
498
468
485
490
463
491
440
461
474
474
468
464
495
498
492
519
513
506
527
517
518
514
533
541
530
531
474
495
522
513
510
508
515
526
525
531
543
560
524
561
540
561
518
501
498
513
504
440
484
481
500
506
525
517
497
474
486
490
495
521
509
478
431
433
433
406
413
380
403
366
380
392
392
399
380
342
358
385
380
386
365
384
382
380
380
332
304
291
278
274
274
265
279
283
269
274
262
250
266
266
252
230
229
194
198
195
188
193
164
164
170
163
168
183
179
181
186
176
197
172
175
174
172
163
179
177
189
176
174
181
183
180
172
188
194
178
190
186
176
171
179
192
197
187
194
191
203
197
200
202
191
220
205
200
219
205
214
215
210
206
215
216
215
225
213
207
240
227
248
222
241
219
223
230
231
235
213
216
233
218
238
231
217
228
227
233
254
233
228
221
228
243
231
219
242
215
232
252
218
233
228
246
237
209
213
225
219
231
200
234
222
196
211
203
202
225
239
229
227
217
236
230
229
232
228
211
217
200
221
209
185
202
214
220
227
251
243
241
247
242
247
239
251
237
211
215
221
239
241
246
255
231
239
258
251
234
252
240
244
267
231
228
239
230
228
239
229
249
212
246
222
223
230
245
227
231
230
246
234
231
221
246
230
229
234
244
244
218
238
227
214
221
230
221
227
235
215
231
236
229
227
223
214
213
201
217
207
211
224
237
202
241
220
211
196
183
196
188
190
194
187
193
191
181
188
190
182
166
168
161
164
170
180
198
181
190
190
170
168
162
169
175
156
166
164
173
160
167
147
164
166
155
167
168
172
181
153
164
153
153
161
160
158
164
151
149
158
144
166
172
157
169
149
157
147
160
156
155
156
153
151
151
150
140
148
136
140
141
131
135
138
137
141
133
127
144
138
139
124
125
123
134
123
131
137
128
121
132
127
126
130
130
119
117
125
126
106
129
122
115
128
126
135
121
135
137
137
121
128
130
138
137
137
129
135
127
136
130
139
140
139
135
138
127
133
137
125
138
137
137
137
143
136
151
140
145
134
140
140
144
156
148
146
149
134
149
135
140
141
143
142
154
153
149
149
150
154
159
159
156
166
157
162
158
156
154
170
159
157
169
157
164
151
143
150
154
162
155
159
170
154
153
168
159
154
159
141
146
148
142
153
152
154
157
159
158
179
161
169
174
172
162
154
174
162
164
161
156
151
149
153
173
169
154
155
161
181
177
164
153
169
170
167
181
161
160
178
154
168
161
166
171
155
168
160
166
176
162
179
171
171
181
174
160
180
177
168
170
175
173
171
176
170
171
166
173
167
152
168
167
179
164
171
163
153
159
171
152
161
161
178
164
158
170
180
177
172
170
175
177
190
175
192
186
181
212
189
180
200
208
192
195
204
199
192
196
197
185
226
195
202
191
198
213
204
207
189
191
195
185
189
196
197
193
194
200
198
194
198
180
189
213
219
232
216
218
222
214
208
213
200
222
200
216
230
219
233
217
225
213
215
220
231
235
246
255
225
236
225
220
234
234
241
230
229
224
224
251
230
232
233
232
246
250
269
284
270
268
290
300
299
275
284
312
310
294
301
306
308
301
310
291
335
344
346
315
340
349
338
339
309
309
327
318
299
328
330
351
307
327
327
328
308
315
336
333
338
337
334
306
300
298
275
262
276
285
275
288
269
256
268
232
238
245
228
241
254
237
248
241
238
203
211
220
197
211
223
205
190
160
167
155
156
154
175
168
190
164
157
163
180
171
164
171
157
167
175
165
166
168
158
159
141
140
142
142
144
136
135
139
136
132
148
128
132
135
144
138
135
153
129
148
141
137
139
141
138
134
146
137
127
131
120
129
129
125
136
134
113
121
107
115
116
114
115
111
112
114
112
104
110
105
102
100
105
105
101
98
111
105
99
119
115
110
110
113
118
122
116
124
111
114
108
95
102
114
109
107
114
109
110
113
120
109
118
113
129
120
122
124
121
123
107
114
109
118
108
98
105
115
117
117
112
113
107
106
100
108
111
99
104
122
125
138
117
121
126
120
122
125
119
125
135
123
136
121
110
126
116
135
125
151
136
131
129
133
126
126
136
134
131
149
151
139
142
147
148
148
135
131
141
144
148
151
137
152
143
151
150
152
156
143
148
147
152
149
155
154
154
131
131
144
136
150
145
139
160
160
142
152
143
141
160
162
157
154
164
161
145
151
168
152
160
163
165
170
155
169
160
166
172
160
164
160
168
177
166
177
171
173
179
180
168
174
187
167
166
172
179
182
188
183
193
187
200
184
189
201
197
196
197
195
188
196
201
193
207
206
197
209
203
196
205
225
210
204
214
232
231
241
239
231
231
248
247
224
230
211
213
218
197
220
228
229
225
251
237
261
274
280
266
278
283
268
254
253
238
263
240
250
269
260
260
254
259
260
267
259
255
264
264
273
300
273
275
250
271
279
288
271
270
283
284
268
295
292
301
274
268
275
283
272
268
286
304
284
273
276
280
264
282
293
276
274
269
304
324
292
313
297
317
306
320
311
301
307
310
295
309
316
296
305
280
312
305
300
304
297
297
291
290
300
293
296
279
285
287
291
270
298
279
287
262
271
270
262
271
263
283
262
265
294
312
297
296
284
257
291
290
269
284
299
262
271
288
286
302
287
274
274
292
280
273
260
270
270
247
258
262
258
254
261
264
245
251
247
236
225
250
249
242
230
230
236
253
250
241
253
246
238
229
231
230
239
226
237
231
232
237
227
225
233
230
235
223
225
219
233
232
244
224
237
230
213
221
219
228
221
223
217
219
216
208
198
227
211
204
213
215
215
214
207
189
193
194
206
198
184
188
198
194
184
190
191
188
172
178
184
197
198
180
205
186
204
212
185
208
203
211
202
194
196
184
183
182
184
202
198
195
195
200
196
181
190
183
189
198
194
201
181
212
197
208
192
188
208
191
190
197
212
202
197
197
210
197
201
197
176
195
190
195
205
205
198
192
206
200
186
199
192
177
191
189
203
195
190
191
195
206
210
196
199
207
175
210
205
207
209
207
208
219
240
225
249
224
224
219
229
242
249
226
218
246
234
225
241
226
223
230
217
210
223
214
220
218
218
210
219
229
241
229
224
218
218
216
211
223
227
229
208
221
223
210
221
225
232
229
217
212
217
234
228
218
200
201
199
187
195
184
195
177
182
184
194
201
172
170
172
186
187
169
178
167
181
170
186
168
178
171
177
182
182
178
181
177
185
190
163
204
196
182
184
177
179
183
190
174
174
166
188
174
183
190
176
165
180
186
190
171
175
185
175
175
178
182
200
198
194
180
178
183
183
179
217
215
207
197
201
203
204
209
213
225
221
224
206
209
224
218
186
194
201
195
200
208
210
215
218
203
206
217
216
196
229
192
203
188
197
193
175
183
192
195
198
200
176
196
184
184
191
193
193
176
192
183
193
189
173
198
186
200
166
191
196
174
178
173
183
183
172
197
200
193
189
191
193
192
183
178
196
182
189
203
220
201
200
214
211
203
203
183
189
191
187
196
178
184
193
210
207
207
199
201
198
206
194
174
199
197
194
211
187
204
217
200
193
206
192
199
202
204
195
204
189
191
172
166
189
177
183
192
186
183
181
178
171
170
161
178
170
168
157
169
179
180
194
208
189
204
205
188
194
207
220
219
199
211
218
232
229
221
218
218
224
228
271
259
244
264
248
256
246
238
262
269
278
288
287
300
309
321
323
325
318
310
342
333
351
338
328
339
349
354
337
354
347
366
347
366
348
350
331
326
350
346
352
324
332
324
320
333
329
338
305
316
323
313
319
301
293
282
295
286
297
279
266
272
292
283
272
275
261
288
277
317
268
299
269
275
261
242
272
262
228
259
239
253
237
259
239
247
246
276
226
214
210
200
194
215
220
210
218
182
193
208
196
196
214
223
183
181
221
218
218
219
232
233
222
240
223
218
214
218
206
230
218
230
237
220
232
229
237
209
232
247
221
215
215
213
219
213
235
218
220
225
217
235
218
235
236
251
239
257
230
231
217
219
229
219
228
215
226
198
221
207
210
217
222
229
232
219
235
229
244
229
221
214
224
214
214
225
218
229
232
209
235
240
239
213
224
217
202
203
216
194
187
195
184
182
192
173
175
217
211
217
217
222
213
194
212
213
221
222
202
204
207
198
196
200
193
198
197
201
207
207
218
207
218
214
214
217
218
221
244
232
240
245
243
239
258
247
235
235
242
235
229
223
239
256
248
242
247
252
262
235
253
249
243
250
249
240
252
271
260
267
251
270
255
267
272
255
247
260
233
285
265
253
254
251
252
236
239
237
245
242
248
227
221
233
227
230
230
232
225
214
214
207
208
204
194
199
202
199
191
212
213
198
213
214
195
201
196
208
204
194
192
189
200
189
197
194
192
193
191
176
193
178
179
188
192
188
170
170
183
167
170
175
166
174
171
173
174
170
168
179
173
202
185
203
188
194
177
178
185
165
173
172
153
172
173
170
185
189
184
182
192
183
196
176
170
174
165
175
172
170
165
148
149
175
159
154
157
161
160
168
155
151
156
127
141
141
139
140
136
139
136
135
121
129
126
122
127
124
129
131
133
138
126
139
128
127
140
137
136
137
147
135
129
137
140
146
141
144
154
144
156
143
144
134
156
156
157
154
167
181
166
165
163
187
173
199
187
219
220
216
218
211
230
247
232
237
234
218
223
236
242
219
235
238
236
236
245
248
256
261
244
242
246
245
229
222
218
232
190
216
215
193
190
205
183
182
196
186
188
181
185
177
162
164
149
140
161
153
156
159
153
146
145
148
156
151
147
162
143
153
149
155
160
161
146
139
161
150
142
143
154
164
156
165
158
161
161
154
161
158
159
145
160
167
158
157
173
178
169
171
161
163
181
169
176
172
163
182
176
171
163
165
177
174
160
173
174
184
174
185
170
174
168
183
175
175
177
171
180
169
169
178
175
177
176
171
165
180
186
172
187
178
165
166
180
189
186
182
188
173
160
178
190
169
180
181
182
186
174
184
192
181
193
187
180
177
181
175
190
172
192
213
191
205
187
202
200
199
219
211
203
204
194
217
226
209
194
190
184
181
192
198
212
213
215
216
204
206
216
212
195
195
187
198
205
196
200
196
196
208
193
214
216
230
217
240
220
231
220
247
252
259
262
242
258
252
278
269
255
250
252
255
240
234
278
249
247
282
267
259
263
262
295
292
278
277
282
258
269
262
291
275
258
288
290
295
282
283
280
288
279
297
286
291
306
305
359
347
346
355
340
341
348
347
355
362
376
384
354
355
394
366
382
407
377
400
385
389
376
387
370
411
407
421
408
419
431
424
432
434
429
403
423
458
444
447
457
472
484
509
488
538
549
540
534
516
547
571
522
541
554
539
516
540
544
560
568
554
574
584
599
608
606
608
595
591
585
592
629
590
600
630
611
654
667
645
649
618
651
661
674
662
695
701
718
719
760
750
751
759
772
795
776
822
795
838
855
797
821
812
848
839
870
886
914
869
903
926
943
975
967
944
994
984
989
1008
1013
965
984
978
1017
1016
1004
1028
1043
1071
1101
1145
1084
1108
1147
1149
1204
1201
1225
1180
1192
1188
1260
1206
1202
1269
1245
1180
1252
1260
1287
1218
1241
1245
1163
1177
1233
1171
1114
1119
1104
1085
1076
1060
1101
1062
1051
1009
1023
990
1001
981
991
968
918
889
951
882
880
872
870
844
815
825
811
799
826
831
801
788
774
775
754
736
719
689
703
711
692
667
683
693
707
671
671
697
656
643
640
648
604
613
619
577
605
549
596
561
529
521
522
513
528
506
524
507
536
538
526
519
526
535
485
497
532
513
535
507
462
491
477
463
466
456
453
502
473
488
478
471
482
482
486
491
527
484
479
529
509
509
493
471
509
529
515
521
518
537
514
514
498
510
511
513
521
503
500
505
494
485
505
494
498
501
500
515
513
522
503
497
468
516
495
484
503
511
512
522
530
524
508
525
530
583
572
542
547
533
521
535
531
559
533
558
547
573
557
553
550
611
599
604
625
583
644
642
662
677
675
694
680
705
679
681
690
661
703
713
699
704
710
769
742
774
786
809
762
767
784
789
784
813
787
808
807
835
839
856
858
878
854
904
879
907
924
920
949
976
967
975
962
973
988
1022
1027
994
997
984
1027
998
996
1009
1028
1067
1059
1036
1017
978
1024
993
978
996
965
1004
1012
975
986
940
960
947
943
945
944
899
839
893
840
845
874
795
790
815
800
733
762
791
721
704
734
752
746
765
730
750
742
729
699
726
683
697
676
654
663
619
645
666
650
613
621
626
623
632
618
605
631
585
600
576
566
562
548
520
525
540
544
548
566
560
542
552
578
550
570
542
560
551
555
573
592
584
597
591
562
564
593
626
602
611
616
585
606
602
610
601
582
607
609
596
624
602
627
630
614
594
606
598
619
625
614
621
645
605
614
588
624
617
598
631
650
650
649
680
673
649
646
663
664
668
671
691
659
672
683
639
636
611
610
620
646
618
637
684
690
646
684
684
708
680
721
701
728
684
729
694
694
705
692
653
690
714
729
729
686
684
683
684
678
709
708
700
714
739
707
749
789
805
731
799
817
836
783
792
837
837
862
811
798
808
790
768
782
761
782
822
761
787
807
803
808
804
818
849
869
851
863
853
880
852
850
872
873
826
843
872
859
866
864
866
849
818
858
854
859
887
900
877
831
855
856
821
777
796
764
764
770
779
725
725
715
760
693
672
635
590
606
564
627
588
568
575
549
547
528
485
470
417
511
466
482
472
480
489
502
507
575
558
574
592
595
604
577
556
646
627
646
653
589
562
475
419
416
374
385
363
378
428
416
440
428
441
476
465
446
466
474
468
493
485
494
512
529
499
494
486
494
485
516
511
528
520
475
520
491
474
478
503
548
583
591
598
664
660
664
696
693
730
768
801
850
834
866
858
878
918
951
962
945
885
916
925
927
971
987
991
979
978
927
903
929
940
965
972
939
956
956
987
989
1005
979
1058
1019
1085
1112
1138
1172
1234
1238
1254
1298
1348
1424
1401
1367
1404
1397
1435
1493
1475
1484
1444
1474
1483
1447
1431
1423
1429
1503
1442
1375
1369
1303
1318
1301
1248
1322
1328
1307
1266
1300
1280
1268
1279
1260
1237
1247
1297
1266
1299
1295
1326
1329
1282
1300
1293
1276
1248
1282
1246
1276
1288
1233
1246
1259
1277
1281
1295
1236
1235
1231
1237
1240
1228
1226
1239
1251
1253
1278
1287
1299
1284
1242
1243
1292
1216
1277
1309
1285
1282
1244
1284
1252
1289
1288
1267
1267
1277
1286
1262
1266
1253
1274
1296
1292
1299
1283
1278
1229
1221
1280
1291
1297
1302
1262
1289
1269
1309
1304
1312
1263
1305
1258
1185
1219
1206
1211
1204
1195
1174
1194
1146
1199
1183
1190
1162
1186
1154
1143
1123
1116
1075
1067
1050
1039
1021
1015
1024
1038
992
971
957
954
998
929
983
936
920
892
935
982
913
1001
971
932
933
886
880
863
873
844
831
859
852
861
844
800
753
797
745
759
755
730
741
730
675
677
692
716
674
730
726
749
714
703
767
733
711
726
718
733
771
761
742
760
738
742
743
799
788
739
694
714
694
756
756
778
732
742
700
728
688
702
689
712
714
678
686
712
695
686
695
727
708
677
677
635
639
674
650
636
610
676
618
648
647
638
668
667
621
643
640
668
650
661
648
646
669
667
686
653
660
670
682
683
672
670
697
697
734
733
730
730
737
745
722
736
707
693
711
760
735
685
719
729
713
738
723
724
740
689
688
734
704
711
720
698
716
743
721
680
661
683
671
667
668
699
678
708
683
695
693
664
673
693
666
678
668
676
659
651
619
663
667
637
642
654
651
629
640
624
638
667
653
644
656
663
652
648
672
697
687
678
654
672
668
647
655
639
644
626
683
665
648
667
651
669
644
644
614
664
647
626
685
674
673
702
662
723
672
677
692
731
673
681
716
697
682
714
686
694
747
728
725
764
737
787
786
829
782
792
826
848
833
814
820
815
814
804
825
818
834
816
855
812
823
831
813
846
833
873
932
909
917
925
963
894
905
948
944
961
1008
1006
998
995
1019
1049
1032
1069
1048
1051
1030
1047
1035
996
941
1003
962
949
970
927
949
973
964
956
981
990
987
1007
954
960
1016
991
1019
957
994
1025
985
1018
1042
1068
1029
1004
1043
1036
1032
1030
1021
1006
1007
1004
981
992
1003
992
993
1021
972
1025
968
948
938
949
933
942
904
943
946
936
933
956
962
915
932
928
954
928
953
975
951
967
935
944
949
888
900
898
939
946
933
921
912
943
932
947
971
951
965
914
951
959
910
903
894
868
877
911
919
916
888
928
888
874
905
902
906
906
898
893
898
918
910
876
876
859
892
847
892
886
888
882
864
849
878
887
912
882
857
864
864
862
895
882
860
874
924
868
893
864
879
905
900
895
852
875
887
900
900
904
901
915
880
882
904
868
882
920
859
875
890
878
900
875
887
892
930
938
924
929
937
957
932
916
900
918
951
947
932
885
917
926
913
988
906
883
923
941
907
932
925
950
913
911
931
913
918
930
906
882
919
899
913
905
906
940
948
926
959
952
950
956
992
956
953
929
956
920
962
980
949
943
956
962
965
958
957
952
970
934
975
954
945
968
974
936
991
1001
992
984
1037
957
991
1010
954
1013
997
983
976
1020
989
966
963
961
962
1001
952
977
973
962
944
948
985
982
998
1000
985
968
977
1027
1008
1016
1011
1025
996
1012
1025
999
990
946
1008
1029
1032
998
1000
1028
1017
1000
1040
1028
973
1009
965
987
955
924
978
988
962
991
996
936
988
980
948
945
957
963
1005
954
983
1005
995
973
968
947
989
922
974
953
981
927
934
941
948
913
933
960
913
949
975
961
943
949
942
938
935
989
988
1022
1014
981
1016
996
1012
1032
1007
1015
1033
1018
1020
1012
1055
1022
993
980
1012
1036
1024
981
981
971
971
1010
1004
990
967
974
966
990
984
968
993
958
974
955
959
972
977
923
963
940
955
902
947
953
920
951
952
936
947
938
939
962
987
960
1002
953
978
971
982
1039
987
964
989
969
1003
945
929
986
992
982
1017
1008
969
958
973
952
957
989
943
969
963
975
937
929
963
983
969
964
988
1038
1038
1020
1033
1101
1051
1046
1033
1014
1050
1022
1068
1062
1052
984
972
1042
1032
1031
1057
1016
1008
1040
1029
1027
984
1083
1035
1028
1014
1014
1060
1057
1034
1006
1017
977
1039
1012
1042
1014
1000
1025
1045
1019
1010
1023
1006
1022
1053
1000
1062
1041
1069
1035
1021
1031
1010
1011
1016
1004
1004
980
984
1001
979
1015
1037
985
970
989
1024
1000
972
999
995
992
990
991
1042
1011
1023
1051
1018
1033
997
1013
1017
962
995
960
981
999
1052
1000
1015
1035
1007
1038
1045
1051
1027
1089
1059
1078
1047
1035
1077
1125
1063
1126
1116
1115
1100
1087
1126
1099
1117
1136
1177
1143
1133
1160
1134
1111
1127
1115
1136
1118
1145
1150
1099
1145
1145
1142
1141
1135
1167
1111
1160
1118
1117
1097
1154
1124
1154
1124
1156
1088
1133
1105
1137
1079
1093
1071
1079
1050
1046
1064
1049
1061
1075
1072
1054
1037
1080
1035
1038
1065
1071
1071
1038
1069
1064
1097
1065
1074
1054
1100
1068
1068
1032
1049
1003
1040
1020
1030
1062
1074
1043
1046
1044
1048
1035
1055
1051
1062
1081
1121
1078
1075
1069
1034
1077
1086
1110
1076
1120
1123
1096
1107
1072
1088
1124
1116
1108
1120
1157
1147
1101
1145
1175
1141
1140
1144
1155
1188
1189
1180
1198
1186
1188
1171
1152
1129
1159
1174
1226
1190
1194
1220
1223
1159
1186
1220
1207
1222
1153
1189
1204
1212
1208
1210
1262
1237
1191
1193
1135
1139
1156
1167
1156
1160
1106
1146
1214
1161
1186
1174
1146
1173
1202
1206
1232
1214
1220
1190
1193
1188
1198
1224
1261
1244
1246
1264
1265
1250
1226
1267
1229
1245
1302
1233
1228
1284
1258
1254
1245
1242
1198
1218
1182
1253
1221
1134
1142
1146
1195
1184
1119
1127
1171
1194
1154
1163
1126
1158
1122
1218
1188
1164
1169
1193
1187
1201
1183
1229
1243
1220
1267
1298
1267
1263
1240
1272
1296
1275
1277
1306
1263
1221
1282
1252
1216
1252
1309
1293
1288
1349
1286
1281
1337
1323
1358
1321
1370
1361
1372
1411
1394
1342
1403
1439
1479
1467
1474
1450
1448
1455
1436
1408
1430
1443
1448
1475
1415
1453
1505
1456
1471
1469
1463
1471
1488
1478
1477
1455
1458
1444
1483
1488
1514
1439
1461
1498
1507
1520
1449
1475
1481
1495
1419
1377
1389
1376
1382
1441
1462
1441
1426
1379
1395
1434
1473
1445
1458
1433
1473
1493
1451
1480
1538
1451
1418
1424
1444
1451
1440
1429
1428
1488
1494
1474
1448
1443
1470
1410
1539
1465
1478
1474
1409
1422
1372
1431
1455
1378
1398
1442
1484
1488
1494
1449
1441
1419
1449
1382
1430
1366
1384
1318
1393
1358
1345
1318
1303
1306
1304
1348
1343
1360
1404
1360
1380
1350
1390
1353
1436
1431
1449
1463
1505
1480
1533
1587
1589
1633
1627
1611
1708
1667
1663
1716
1675
1771
1777
1796
1849
1819
1846
1839
1864
1880
1916
1886
1929
1884
1906
1901
1903
1867
1949
1915
1907
1974
1986
1937
2012
2016
2048
2063
2061
2019
2088
2076
2076
2082
2082
2065
2077
2052
1988
1998
1993
1990
2033
1989
2041
1958
1992
1997
2047
2023
2037
2070
1964
2020
1990
2016
2018
2008
2020
2021
1995
2038
1940
2020
1994
1997
1995
2009
2032
2039
2034
1997
2023
1955
1947
1925
1944
1938
1967
1966
1941
2002
2048
1976
1995
2008
1978
1989
1957
2049
2059
2032
1995
2001
1998
2011
2021
1991
2014
1969
2031
2002
2041
1976
1997
1979
2011
1988
2018
2017
2006
1971
1987
2004
1899
1930
1931
1936
1935
1922
1938
1895
1868
1943
1953
1919
1940
1928
1986
1937
1955
1979
1955
1951
2039
2015
2024
2054
1979
1984
1973
2021
1960
1980
1971
1993
2034
2037
2013
2036
2099
2060
2065
2046
2071
2005
2027
2013
2019
1994
1988
2007
1995
1975
2033
2069
1990
2032
2011
2072
2044
2055
2041
2059
2017
2066
2017
1991
2080
1983
2041
1976
1980
2015
1990
2016
1942
1999
1976
1994
1944
1922
1921
1994
2005
1948
1921
1971
1904
1949
1964
1941
1930
1933
1899
1883
1919
1951
1942
1947
1931
1952
1945
2039
2007
2018
1985
1980
1978
1931
1949
1905
1925
1839
1888
1894
1897
1918
1853
1918
1964
1955
1910
1896
1914
1905
1933
1971
1892
1946
1801
1886
1845
1857
1863
1819
1795
1836
1841
1788
1827
1875
1833
1861
1835
1895
1820
1859
1820
1848
1825
1812
1744
1780
1788
1788
1786
1779
1689
1715
1778
1701
1763
1758
1747
1769
1760
1740
1778
1797
1727
1693
1679
1638
1636
1602
1632
1600
1604
1643
1590
1583
1586
1541
1489
1554
1518
1572
1516
1513
1543
1507
1458
1452
1414
1392
1463
1461
1447
1454
1419
1428
1498
1444
1389
1440
1436
1478
1483
1485
1475
1415
1455
1449
1483
1414
1409
1422
1392
1351
1384
1362
1374
1365
1345
1401
1375
1341
1305
1373
1319
1364
1312
1326
1284
1280
1245
1302
1306
1264
1255
1279
1282
1269
1252
1235
1289
1294
1260
1230
1282
1266
1273
1210
1151
1169
1159
1153
1176
1138
1183
1185
1138
1163
1126
1160
1108
1055
1108
1119
1101
1102
1061
1078
1089
1074
1067
1076
986
1018
1003
999
1032
1012
989
972
949
953
964
1004
924
993
963
986
997
982
958
919
985
943
889
909
881
900
910
938
873
869
928
907
898
916
896
860
906
906
884
865
896
876
858
850
855
820
839
809
822
842
790
849
808
797
814
758
726
730
741
726
751
724
736
718
757
735
768
709
740
712
706
697
709
683
699
656
709
642
623
673
645
614
621
632
615
680
664
674
690
691
669
672
650
692
701
707
716
679
662
638
616
634
624
621
595
612
620
563
568
584
591
585
603
552
547
547
581
515
508
486
476
466
474
451
441
436
411
403
387
413
415
406
420
419
374
427
395
407
418
411
426
409
418
423
426
411
415
448
448
465
436
424
444
448
452
475
440
476
423
479
464
477
449
450
472
444
435
447
450
403
396
388
374
385
343
372
356
358
366
378
371
384
391
376
359
386
377
378
373
347
363
370
375
364
342
348
377
381
384
321
317
338
321
329
338
307
319
314
296
305
307
282
309
304
317
317
304
307
309
327
319
335
326
321
287
275
253
266
266
279
296
276
279
274
278
294
294
299
315
300
287
287
281
294
281
304
274
305
271
267
269
266
267
296
290
277
283
294
317
295
280
280
290
267
274
259
268
280
277
260
297
271
305
252
270
262
263
278
280
284
262
250
242
255
253
260
266
264
269
247
238
267
233
258
265
258
261
246
242
248
228
240
251
230
245
245
229
240
245
241
252
246
254
237
253
246
269
241
254
256
250
248
259
262
272
285
277
274
287
280
270
264
257
275
265
282
288
300
266
309
303
301
298
293
313
305
286
293
298
305
310
319
305
298
310
306
290
320
329
317
317
328
306
289
321
283
279
308
302
301
292
287
302
296
301
286
312
318
322
292
293
285
293
261
304
294
275
273
286
271
274
276
266
258
292
293
273
281
302
277
295
286
292
283
297
300
291
301
312
300
320
294
313
300
330
316
315
321
315
309
304
305
310
303
278
299
299
299
293
308
320
319
312
310
341
351
349
367
332
350
386
351
346
342
370
363
367
358
359
336
364
357
359
357
353
340
352
358
351
354
388
394
406
387
389
394
402
376
402
429
394
397
421
413
411
411
418
456
438
419
431
471
465
465
453
463
454
429
432
466
446
440
444
501
473
465
480
482
470
463
474
460
458
460
440
431
428
432
460
457
449
436
454
407
440
402
424
430
399
401
396
387
383
351
346
343
364
359
360
367
376
376
364
376
371
346
343
325
323
324
300
328
311
293
300
289
308
306
308
318
311
317
348
344
356
352
402
351
327
316
321
331
328
335
308
337
343
333
356
365
350
345
365
346
383
347
339
324
310
326
343
322
323
357
369
349
337
344
343
373
362
324
365
362
365
368
366
373
360
380
349
324
331
342
343
355
347
366
362
365
378
404
376
371
391
381
372
377
370
342
355
353
355
338
350
362
393
372
377
362
353
397
396
394
397
411
427
418
404
385
398
363
387
354
358
355
382
378
365
391
348
379
372
386
393
368
399
396
401
415
365
389
365
387
374
347
352
376
363
369
371
392
383
395
350
382
350
353
360
372
370
379
362
377
361
356
369
361
360
363
384
380
405
383
396
381
417
404
396
382
372
397
379
377
366
372
378
384
391
425
387
405
398
410
403
406
431
443
415
423
445
437
457
473
447
462
492
457
450
460
506
515
493
505
495
503
540
499
515
528
542
534
526
507
526
514
510
514
499
446
499
479
492
473
508
527
542
563
566
598
565
553
551
529
526
507
521
505
456
459
464
462
445
465
453
460
411
453
467
464
482
485
474
478
457
477
441
446
480
480
454
476
480
491
509
515
476
462
507
494
521
524
532
512
524
499
500
481
454
472
423
438
453
500
495
503
550
544
532
556
593
573
615
552
585
567
584
540
530
558
559
567
575
576
544
575
584
578
599
578
589
606
632
613
596
597
623
632
604
629
602
590
622
603
581
573
592
621
635
608
612
570
641
600
631
627
625
614
577
593
567
565
535
534
548
565
574
620
628
643
624
633
645
655
636
600
582
554
557
550
513
478
482
446
448
427
413
431
445
470
452
454
502
504
490
491
489
448
426
410
387
371
390
398
397
386
386
407
420
430
439
444
431
454
457
463
428
392
439
431
450
461
434
440
423
416
459
454
454
448
454
467
475
485
460
494
479
464
492
534
503
503
503
521
498
493
518
517
500
495
514
539
542
549
572
554
538
534
507
508
496
516
505
505
461
513
543
557
530
561
532
552
537
552
526
558
532
545
539
533
476
506
515
511
491
507
473
446
453
448
452
482
480
470
503
491
514
517
511
485
480
443
455
437
436
430
414
432
428
415
456
444
474
459
463
456
467
474
444
440
396
430
394
386
393
371
388
370
343
359
379
393
381
386
403
410
384
389
404
368
375
374
382
394
397
369
370
378
373
383
372
379
392
378
400
389
398
423
420
424
424
408
413
415
412
404
390
421
410
424
445
430
449
462
471
460
468
460
448
487
433
418
459
425
418
389
433
429
369
382
360
368
336
386
360
349
374
415
449
435
404
409
387
382
363
340
304
287
259
273
273
271
300
315
304
290
296
292
291
290
309
328
322
290
281
293
271
273
242
230
249
233
197
203
222
209
188
191
209
203
227
201
197
174
172
176
161
158
159
149
151
151
153
152
145
138
139
145
155
154
159
150
138
147
143
138
133
143
136
144
136
151
145
152
148
149
163
161
171
156
162
168
155
175
172
170
157
177
183
196
169
189
191
164
173
181
187
168
184
192
207
187
194
202
198
204
192
182
197
193
201
196
216
211
212
199
203
206
222
219
214
231
241
241
240
244
221
240
226
229
231
242
235
248
228
232
221
204
223
222
247
257
260
232
236
239
224
230
237
220
225
214
187
181
215
215
212
193
199
217
229
236
226
226
207
212
185
173
183
207
221
212
241
226
236
238
248
238
236
235
231
219
238
235
263
238
212
234
214
204
212
254
223
216
238
224
227
217
215
220
214
211
213
215
210
201
204
200
186
200
201
211
195
189
187
190
197
184
183
180
181
182
203
197
164
169
196
188
201
192
186
189
189
202
185
186
177
183
189
193
185
173
169
174
161
181
159
152
167
165
155
152
178
152
146
151
159
139
149
146
146
167
139
153
162
147
146
149
144
141
145
145
135
142
138
126
149
133
133
123
126
128
132
129
139
141
123
129
132
129
129
121
130
122
119
131
128
138
129
124
123
130
120
129
108
131
114
127
115
104
116
122
123
107
124
113
116
125
119
115
110
116
103
111
116
118
123
128
109
121
113
105
114
106
122
116
120
112
121
128
126
108
129
109
110
120
114
124
121
127
114
128
126
115
119
114
129
127
117
114
116
122
124
118
128
118
129
117
120
131
116
123
129
123
118
133
129
132
128
129
138
128
137
123
125
125
132
130
133
136
142
135
146
145
136
136
139
135
130
129
144
128
141
134
138
142
152
142
132
121
144
144
137
143
135
134
135
136
136
131
145
134
135
130
144
140
149
143
137
138
127
139
139
137
137
146
145
148
151
138
156
140
146
141
127
150
135
145
135
139
139
139
135
154
144
138
135
145
141
152
133
126
135
136
132
142
144
135
138
139
135
128
143
142
132
150
137
140
125
132
138
135
139
132
133
141
139
143
148
135
147
138
140
134
148
150
148
144
157
149
144
140
135
149
145
129
149
144
150
141
162
142
134
126
139
149
146
143
140
143
137
132
130
134
130
164
148
145
146
142
156
144
146
142
137
141
137
159
153
158
159
153
152
149
142
163
172
178
164
182
163
171
151
158
184
163
179
173
183
182
173
189
202
185
191
192
178
208
196
196
201
192
193
188
196
194
204
196
193
206
208
191
208
199
186
195
195
212
189
211
202
206
201
205
229
210
207
211
212
224
198
221
215
216
216
215
224
220
229
219
230
212
221
224
229
213
232
219
234
242
234
230
238
225
241
238
254
269
248
269
243
259
269
286
272
260
277
280
292
295
301
285
301
303
318
317
327
281
271
304
308
298
300
300
272
265
287
292
274
270
276
268
282
258
281
264
248
225
255
253
251
262
265
256
239
224
228
235
229
217
220
210
235
215
199
188
194
197
198
182
195
173
179
168
166
167
151
140
162
149
150
135
136
150
142
144
149
135
133
123
135
133
130
130
131
122
118
128
119
116
121
115
106
122
123
107
107
118
121
92
120
103
113
116
110
105
93
106
107
100
111
119
123
120
106
125
109
108
108
107
117
119
112
102
111
110
100
103
101
117
105
104
112
110
106
95
98
106
99
103
102
95
112
105
95
103
95
98
100
102
105
110
107
102
101
97
114
103
99
107
112
97
95
97
106
104
94
100
105
94
84
103
96
108
109
92
99
99
114
103
98
98
116
101
106
106
96
109
109
100
108
114
117
106
111
109
105
117
128
111
113
109
112
109
120
108
116
113
103
119
99
112
103
91
108
102
111
104
114
93
131
117
96
111
106
118
125
104
109
116
114
113
108
129
124
114
129
120
144
126
137
147
125
120
134
111
126
112
134
124
118
135
137
139
131
137
140
116
120
143
120
114
129
129
145
135
141
144
123
112
123
131
139
118
129
121
129
127
122
131
113
123
136
124
113
126
138
125
131
140
134
156
139
133
140
143
149
144
148
138
139
141
144
127
143
142
135
140
145
133
140
146
139
136
146
148
157
138
141
171
159
128
145
133
150
158
162
161
179
165
147
154
156
154
175
161
169
167
176
185
175
189
179
195
199
175
190
188
181
198
184
182
176
187
172
193
187
184
206
191
204
199
193
201
198
213
195
201
222
236
226
213
243
234
246
249
260
244
242
242
241
244
232
242
231
230
230
242
225
229
227
224
244
230
246
232
247
238
241
235
238
238
253
240
253
242
255
243
234
263
262
241
250
261
252
268
264
274
261
270
273
267
268
240
266
272
267
267
246
258
270
258
286
289
287
279
310
279
293
272
321
287
285
282
279
286
284
281
260
264
286
276
275
274
262
279
271
273
278
262
287
264
291
265
282
259
282
283
273
271
255
281
272
250
262
263
265
243
261
260
254
259
263
262
256
265
252
250
258
250
262
257
273
251
274
264
282
277
274
262
266
257
273
252
251
267
282
261
257
241
259
253
250
248
265
229
241
215
227
223
211
232
207
220
222
213
201
193
198
216
199
212
199
214
216
212
214
209
215
223
199
195
185
201
210
206
209
205
206
217
218
206
214
216
198
218
212
216
223
222
227
228
219
213
221
236
222
209
218
224
217
205
222
220
211
207
212
202
196
207
197
195
195
195
196
198
196
182
217
196
199
191
189
174
182
192
163
181
180
198
204
183
194
179
192
172
191
168
164
173
183
193
171
186
171
183
185
194
155
182
196
183
182
188
174
186
191
203
188
195
189
186
198
194
185
202
184
180
167
183
200
202
207
211
219
213
181
183
196
179
201
216
225
222
208
206
211
211
198
204
202
177
167
173
160
186
179
187
170
189
181
177
201
193
200
192
196
193
184
185
178
189
194
176
190
194
194
198
193
195
195
198
213
215
218
221
207
221
229
225
238
225
240
224
233
228
223
225
201
213
204
205
218
198
203
198
203
204
217
205
210
210
206
216
233
235
228
211
207
215
205
190
171
174
161
168
183
176
174
200
181
177
160
178
186
175
189
160
162
170
166
158
156
149
153
143
141
143
140
147
126
155
158
142
156
147
136
145
139
135
128
149
138
138
139
144
136
143
148
131
139
158
142
143
143
147
155
162
174
169
161
159
155
165
173
140
160
164
162
163
170
165
162
155
162
167
181
184
184
170
182
188
180
169
185
170
193
183
187
191
178
168
184
178
174
159
183
183
187
175
184
182
181
177
175
172
171
176
175
184
177
180
180
173
189
169
182
177
194
193
189
178
201
188
197
198
188
188
194
190
171
173
174
180
180
165
174
187
168
173
168
165
168
177
179
175
179
163
171
165
158
172
157
157
161
158
154
166
160
160
161
148
155
163
173
161
148
158
156
160
168
171
158
176
152
174
168
190
180
188
179
175
189
171
172
175
171
166
158
158
148
152
149
155
144
156
137
152
154
152
160
179
170
145
156
173
136
148
144
155
152
149
154
148
145
143
161
148
152
136
142
138
136
135
147
139
144
146
132
143
137
119
115
131
123
125
136
133
136
129
142
137
144
151
146
141
148
151
150
145
151
160
163
159
170
177
170
191
199
191
200
199
217
194
216
218
231
232
229
248
276
258
259
235
267
253
287
279
280
288
276
298
302
301
322
294
317
320
333
309
324
288
311
323
316
316
304
313
316
311
319
328
291
297
332
293
299
287
283
302
291
322
307
303
281
269
284
272
281
287
294
270
248
255
241
249
273
242
258
251
238
269
251
260
252
258
250
256
240
258
243
239
239
220
231
219
226
225
219
227
208
210
187
193
208
198
212
201
182
169
181
169
173
159
184
163
172
174
172
175
183
182
178
186
186
173
191
192
210
190
168
198
183
183
198
189
205
203
180
175
185
188
195
188
177
183
194
177
194
190
175
183
190
200
203
179
191
203
214
225
203
204
194
200
200
191
199
187
189
190
196
204
211
217
214
193
218
194
205
203
204
207
227
223
229
224
215
209
206
201
201
194
216
208
212
223
220
212
229
233
225
195
192
204
194
203
179
195
195
168
186
196
187
189
199
189
185
214
190
161
177
176
190
180
187
175
162
167
171
162
160
148
174
184
179
191
176
180
203
182
197
185
210
208
213
216
214
213
215
222
236
210
230
221
227
230
222
228
212
226
225
223
221
213
234
210
217
189
202
191
203
216
193
210
203
224
225
228
238
244
240
252
243
231
226
238
231
225
225
200
207
219
208
199
188
201
191
186
199
190
195
196
184
173
182
183
174
183
168
195
166
168
160
161
168
169
175
170
180
167
174
165
159
167
162
168
163
181
154
163
170
163
161
158
157
159
156
170
162
178
165
164
154
170
165
179
162
156
168
155
160
157
172
155
149
155
166
168
174
163
172
175
187
184
174
175
182
173
160
163
176
170
167
164
175
163
174
175
166
164
175
165
166
180
171
161
160
155
159
153
161
144
149
144
148
141
132
151
150
152
147
137
129
131
125
125
134
119
126
118
133
123
119
128
117
125
120
128
113
113
116
108
105
123
115
123
114
115
106
123
119
126
129
124
120
135
139
127
122
128
128
130
129
139
138
130
131
139
140
151
160
139
151
141
156
167
175
182
183
185
190
214
207
209
214
218
211
216
213
212
246
222
234
253
229
239
225
241
230
228
223
236
245
238
243
221
207
208
220
203
201
204
218
230
205
222
223
210
210
195
188
167
158
156
154
164
142
139
139
142
150
148
145
137
145
147
160
144
158
140
140
149
142
136
137
132
128
135
137
142
138
120
148
139
150
147
142
145
151
138
157
175
162
153
164
164
157
157
169
169
157
157
172
161
163
164
176
168
158
161
164
158
152
155
158
149
163
158
160
154
156
163
161
159
144
147
165
148
162
143
151
154
148
150
152
160
153
154
155
164
165
174
177
160
169
149
166
156
160
159
155
151
159
158
165
165
162
165
157
149
152
150
154
160
162
159
161
145
167
163
154
153
158
151
149
151
149
154
168
150
155
156
145
148
163
133
150
147
129
137
148
144
139
149
139
154
168
153
145
141
149
149
155
160
147
146
150
147
160
143
151
147
155
153
150
136
154
148
144
158
152
150
167
146
158
152
140
142
144
154
149
152
146
140
143
142
140
138
145
143
140
140
126
137
134
143
131
136
138
134
135
131
131
128
128
125
136
132
137
130
127
130
115
135
128
128
131
133
135
118
130
119
123
132
142
135
137
134
137
129
123
129
157
122
131
124
122
123
138
134
129
130
113
130
135
135
130
142
138
145
143
138
141
148
131
132
132
139
146
130
132
135
148
143
143
132
141
151
138
137
139
150
140
144
140
124
137
143
147
147
148
151
154
144
144
159
150
136
134
153
147
146
145
153
149
150
154
161
150
153
147
153
161
134
155
152
151
142
139
145
149
148
148
150
144
150
155
145
145
156
141
141
130
133
148
151
132
136
142
139
146
140
150
136
151
136
131
128
131
142
140
143
144
140
125
129
137
140
141
141
141
155
140
155
146
145
138
146
134
133
144
134
140
145
140
131
147
129
133
139
140
142
146
136
154
134
150
139
139
148
147
152
150
154
139
151
144
138
157
157
151
132
159
153
157
154
151
143
162
162
144
149
163
142
156
147
141
151
152
151
132
152
153
158
147
157
156
143
149
154
148
156
159
166
152
145
160
142
155
153
148
138
146
157
165
147
173
154
147
165
154
147
160
147
150
146
151
153
141
154
129
150
142
138
149
147
158
157
163
164
162
154
139
155
155
149
151
140
151
159
161
147
143
135
130
163
167
159
156
153
145
151
160
153
147
135
145
140
135
146
147
141
146
150
152
146
145
137
147
145
131
149
144
161
163
141
151
142
156
146
153
154
162
150
151
154
164
142
145
145
178
166
166
155
156
152
170
174
176
165
162
154
171
156
169
172
161
172
169
163
175
169
169
170
168
182
170
160
172
160
172
168
151
160
160
165
154
159
175
165
160
171
165
173
173
181
162
172
176
176
193
184
161
172
183
158
171
171
194
186
179
170
184
196
177
196
178
168
183
186
193
192
184
201
204
203
208
214
232
208
203
213
207
215
224
230
205
217
205
218
203
197
196
207
205
198
213
194
216
206
198
205
207
198
203
182
203
197
219
211
214
205
188
188
192
193
205
194
196
183
203
192
198
207
218
204
207
200
200
181
199
200
198
204
202
190
191
212
188
223
206
207
216
194
206
204
193
197
195
198
212
192
210
195
220
209
182
201
213
190
207
199
194
228
212
224
228
217
231
223
215
207
210
214
206
230
231
232
223
246
241
236
242
237
234
272
258
232
253
263
242
239
252
241
224
240
243
240
231
240
239
240
237
244
235
254
236
243
237
251
252
247
240
265
266
275
252
253
246
280
259
271
273
286
279
264
267
278
279
292
275
297
287
285
283
298
292
286
280
268
282
257
278
273
268
276
285
275
284
300
283
292
304
290
306
310
301
302
289
299
296
294
297
285
298
319
309
308
320
295
314
322
330
316
341
318
302
306
329
323
296
303
303
315
294
306
325
314
318
301
333
346
330
338
329
344
336
357
331
332
323
340
326
342
343
360
348
347
320
319
377
342
343
343
348
336
337
358
360
347
350
363
379
383
359
377
390
356
375
407
386
405
397
405
396
371
405
389
378
386
410
391
377
385
363
374
378
379
400
383
401
409
415
390
409
411
374
356
373
366
370
378
353
391
378
367
364
369
361
362
386
352
380
379
377
349
359
365
356
385
371
377
381
362
381
356
375
357
370
369
341
353
358
354
352
375
367
383
365
353
362
375
369
372
356
374
364
360
364
352
330
348
322
315
336
321
316
321
304
319
343
354
357
327
318
324
342
298
311
336
317
334
314
299
297
324
314
324
305
321
363
347
334
372
344
361
336
363
339
363
350
356
347
338
335
356
331
339
331
355
335
364
368
366
349
365
366
373
371
371
380
388
372
368
351
372
343
357
347
352
349
354
330
359
350
328
364
348
352
360
344
351
341
323
345
358
346
352
339
332
333
331
351
354
330
356
322
344
340
345
340
351
351
338
321
340
319
321
319
330
342
352
331
342
341
322
349
352
339
353
353
332
331
328
317
332
332
318
328
323
310
326
322
316
338
327
320
349
353
335
338
349
351
351
361
356
342
334
330
313
332
344
315
331
328
311
320
349
311
325
347
353
381
385
366
381
354
357
330
343
361
348
366
362
367
388
342
373
353
364
355
353
380
378
388
357
365
361
344
374
372
369
386
388
369
353
374
390
363
384
368
353
377
383
353
321
341
337
341
348
339
344
347
358
320
347
347
338
338
358
350
347
361
342
361
322
323
328
331
325
342
321
326
315
336
306
329
332
331
319
306
311
305
297
339
326
308
303
322
295
314
292
301
299
294
327
321
331
316
296
299
310
296
281
298
290
302
307
291
294
292
269
260
286
311
325
308
300
307
308
281
286
275
281
285
280
275
293
298
294
302
306
303
315
311
324
300
317
334
310
309
320
295
302
313
279
302
301
276
286
288
309
293
293
306
304
304
303
309
302
297
314
295
298
321
333
310
289
295
313
304
316
331
319
309
325
327
326
280
315
305
309
335
303
314
309
307
296
321
315
317
306
327
329
330
331
330
339
339
336
341
345
335
343
350
333
327
315
319
333
329
353
329
319
339
336
340
344
326
340
354
347
361
326
346
337
341
357
336
363
337
344
351
342
352
340
349
339
342
325
335
330
334
345
331
334
344
340
336
310
344
353
338
339
370
378
373
371
360
371
383
375
374
363
359
391
399
401
400
407
405
389
379
388
388
359
361
361
361
373
357
365
372
359
377
376
400
392
408
416
404
400
408
410
426
418
430
428
437
420
429
432
443
458
416
427
430
407
413
432
462
447
412
445
427
426
426
439
416
465
444
441
457
442
421
441
436
439
431
469
442
466
454
456
469
493
491
458
449
468
491
476
472
470
479
499
536
547
523
507
481
487
491
493
517
526
498
520
507
516
508
551
520
530
546
538
527
568
564
598
548
571
592
586
601
589
589
593
596
622
637
641
654
650
648
591
586
605
655
634
678
710
697
693
682
659
699
680
695
720
701
712
725
725
689
773
742
773
782
786
783
761
771
787
801
880
839
806
835
862
837
847
827
809
849
858
887
837
909
930
875
913
910
935
943
924
948
973
957
911
971
970
961
961
975
1003
933
950
958
955
927
971
902
951
936
940
945
934
945
919
949
879
903
931
912
927
923
891
890
839
887
832
747
758
771
778
741
759
741
795
730
707
665
664
648
640
593
605
587
582
551
545
543
536
511
530
528
501
536
534
505
532
511
593
555
520
486
502
505
508
497
509
530
545
547
524
512
545
580
550
566
585
525
542
547
497
503
477
517
481
504
497
477
498
491
498
479
491
480
489
480
500
478
500
465
469
458
441
454
407
418
432
416
441
454
467
482
509
493
481
487
475
447
450
428
462
441
413
431
406
418
367
384
382
378
378
395
413
405
402
399
415
405
403
430
442
462
462
456
464
442
460
425
450
465
448
448
424
473
472
501
500
485
514
481
482
478
461
474
446
486
449
489
472
447
494
466
423
455
440
399
437
439
409
413
448
481
525
516
491
483
501
471
502
464
468
454
470
444
447
407
424
438
424
410
411
436
434
417
419
430
454
454
461
461
456
455
436
448
457
451
462
468
456
463
448
454
441
415
441
446
417
415
392
401
402
409
434
404
394
426
443
435
444
468
447
467
476
461
475
457
520
534
528
512
490
464
485
448
465
425
476
462
453
454
474
434
440
437
437
460
430
436
415
420
434
455
434
426
451
467
450
461
451
480
483
455
481
473
467
496
476
476
492
477
479
484
484
486
466
477
465
487
508
478
483
482
493
508
532
498
495
479
506
483
531
489
525
486
516
493
474
483
512
504
482
479
469
483
486
492
487
485
471
476
469
489
512
504
470
507
514
501
505
520
532
521
549
523
551
554
518
515
529
549
518
565
548
539
528
548
537
534
538
514
515
518
541
544
508
516
541
530
513
504
529
540
536
511
494
542
533
500
536
539
544
538
520
508
543
555
560
535
518
539
516
543
549
542
568
591
584
577
564
552
578
555
538
561
605
591
569
563
594
596
589
624
603
606
594
632
618
568
642
623
621
618
633
632
590
610
602
622
648
641
640
658
651
679
679
672
685
671
663
668
686
638
662
636
665
651
637
681
670
661
677
707
715
653
674
671
665
649
685
643
691
719
706
725
733
718
676
680
703
727
669
667
677
674
687
668
671
646
676
666
645
644
668
660
712
687
739
700
718
757
702
718
700
718
692
675
718
724
682
714
726
695
683
733
731
760
721
713
710
717
683
760
750
699
714
727
721
756
726
724
725
707
729
738
723
705
699
731
733
732
715
727
687
719
747
730
713
738
706
724
736
757
765
722
743
713
723
676
710
695
723
709
712
691
695
748
752
711
683
693
683
674
648
645
620
619
602
635
603
594
605
610
603
616
613
548
564
549
533
531
511
571
518
535
531
480
459
480
446
488
450
437
430
467
478
491
449
502
503
475
475
489
520
552
547
588
621
587
597
599
606
613
647
564
611
577
535
461
481
403
400
385
472
450
477
514
474
501
509
484
495
482
530
561
519
564
555
567
548
615
675
689
713
707
704
704
704
727
737
695
723
680
719
695
643
673
682
725
765
718
765
769
829
769
779
836
832
873
843
877
898
879
893
973
966
951
966
969
1008
985
940
939
949
974
992
1018
1011
1010
964
954
967
1039
979
1000
1055
1079
1064
1080
1095
1074
1082
1082
1116
1095
1106
1135
1105
1102
1103
1101
1073
1086
1070
1113
1121
1129
1124
1153
1121
1129
1132
1096
1134
1173
1090
1094
1068
1104
1132
1111
1117
1140
1115
1099
1065
1066
1080
1097
1091
1076
1085
1076
1114
1076
1055
1069
1082
1038
1075
1097
1111
1107
1061
1070
1125
1069
1085
1095
1092
1067
1103
1070
1067
1057
1048
1050
1066
1018
1048
1009
1045
1063
1051
1032
1028
1085
1027
1060
1055
1042
1067
1092
1112
1117
1118
1097
1123
1115
1174
1149
1161
1175
1177
1177
1188
1167
1169
1185
1147
1206
1194
1164
1149
1168
1161
1198
1134
1130
1174
1187
1185
1190
1152
1180
1160
1148
1141
1123
1087
1055
1112
1116
1144
1119
1146
1122
1119
1170
1145
1140
1166
1225
1254
1244
1224
1218
1266
1187
1202
1268
1223
1215
1178
1159
1195
1207
1212
1197
1178
1175
1186
1195
1183
1178
1187
1218
1278
1230
1212
1254
1248
1236
1248
1262
1235
1222
1204
1187
1178
1205
1187
1189
1193
1168
1221
1187
1166
1165
1171
1185
1176
1182
1178
1214
1174
1213
1183
1188
1190
1181
1129
1128
1120
1103
1101
1084
1122
1117
1143
1141
1096
1138
1144
1161
1143
1136
1169
1131
1167
1180
1120
1130
1137
1118
1106
1140
1189
1135
1128
1121
1129
1142
1134
1142
1139
1168
1167
1191
1180
1201
1186
1154
1135
1166
1142
1149
1174
1138
1166
1157
1136
1166
1132
1159
1181
1169
1103
1176
1140
1153
1126
1114
1137
1178
1089
1097
1110
1084
1123
1118
1110
1157
1100
1132
1095
1111
1197
1135
1142
1120
1157
1162
1121
1124
1140
1125
1184
1140
1155
1153
1149
1117
1101
1155
1143
1143
1141
1135
1171
1176
1169
1156
1163
1198
1182
1226
1221
1225
1233
1214
1229
1237
1250
1227
1183
1209
1243
1276
1285
1261
1281
1296
1230
1203
1194
1223
1229
1228
1243
1220
1237
1221
1263
1277
1303
1235
1264
1264
1274
1229
1260
1248
1222
1237
1209
1272
1223
1256
1213
1163
1226
1236
1232
1260
1255
1252
1254
1220
1223
1291
1287
1335
1288
1370
1317
1336
1314
1269
1321
1288
1266
1267
1258
1264
1295
1255
1242
1250
1240
1261
1239
1186
1123
1195
1193
1229
1183
1188
1180
1150
1120
1127
1090
1122
1157
1142
1183
1104
1141
1152
1108
1096
1079
1036
1072
1068
1078
1097
1063
1063
1021
1070
1034
1029
1032
996
1041
1035
1020
1043
1012
976
1015
1008
968
970
956
1007
1032
987
1013
1051
1019
1024
1027
1023
1014
1025
1044
1059
1051
1059
1022
1023
1014
1025
970
976
970
954
951
988
992
961
1010
973
982
986
995
979
993
983
987
1062
997
1008
1027
1059
1049
1048
1055
1034
1007
972
985
1014
1020
1023
1016
1079
1007
1041
1013
1022
988
993
1013
996
1012
983
955
974
960
996
994
986
981
976
985
1006
1024
989
1042
1014
1008
976
951
1016
944
993
996
1019
982
1014
1010
971
1013
987
958
1005
966
970
976
1030
976
1001
990
982
975
967
934
919
940
966
972
962
964
979
1002
980
988
1042
1036
1079
1054
1027
1085
1085
1034
1019
1047
1038
1012
1023
1034
1011
989
1029
985
985
971
961
954
986
987
991
954
1039
970
956
1026
990
1023
1023
1074
1022
960
1035
1010
1050
989
977
993
1016
1012
1050
1044
1043
1014
1021
999
986
998
1065
1032
1001
1039
1062
1066
1035
1027
1041
1022
1043
1013
1003
1004
1027
1037
1017
1038
1037
1000
1028
1028
1051
1073
1062
1066
1016
1048
1060
1064
1036
1037
1005
1024
1020
1032
1048
1002
1063
1013
1015
989
998
981
1052
1009
980
1019
1047
1032
1016
1030
1001
1037
1027
970
1034
1033
1000
1029
1015
1035
1054
1039
1043
1046
1034
1095
1089
1073
1101
1045
1049
1046
1070
1030
1042
1073
1036
1050
1058
1067
1012
1021
1005
990
1012
1031
1027
963
1029
1022
995
989
980
947
953
938
920
898
950
951
926
996
957
972
944
969
1019
954
969
975
1033
1002
1017
1023
1050
1016
1065
1047
1059
1052
1026
1001
1014
1062
1025
1014
1030
1035
1018
991
1004
1036
1006
1017
1060
1066
1045
1041
1058
1049
1037
1000
1017
1032
984
1015
1023
1024
1004
982
985
990
984
976
956
967
982
964
987
1003
1000
971
960
945
1002
1005
990
985
1016
999
1001
974
959
945
976
955
1014
999
1018
1012
996
994
1051
1026
1055
1009
1046
1020
1071
1059
1082
1071
1068
1088
1059
1053
1049
1071
1049
1047
1047
1073
1051
1031
1026
1037
1016
1068
1096
1044
1093
1060
1031
1056
1079
1065
1019
1034
1036
1033
1049
1021
1042
1050
1091
1090
1012
1045
1043
1044
1031
1072
1073
1084
1033
1013
1039
1043
1033
1057
1051
1069
1059
1029
1030
1022
1055
984
1012
993
1009
994
1018
983
1014
1016
1016
1005
1006
1009
1009
967
956
938
1016
986
970
978
952
970
992
998
998
1001
1017
964
1002
1008
992
1011
1032
976
985
1040
1049
1027
1039
1004
1015
1002
1024
1025
1030
993
1010
1052
1016
999
996
1004
1034
1031
1036
1022
1026
1053
1078
1065
1050
1057
1037
1094
1127
1129
1109
1073
1052
1057
1059
1037
1075
1053
1065
1075
1054
1037
1085
1030
1046
1074
1041
1067
1117
1084
1102
1110
1116
1138
1136
1104
1160
1123
1119
1151
1177
1178
1173
1187
1199
1179
1192
1200
1176
1232
1243
1257
1266
1257
1264
1308
1360
1366
1381
1394
1439
1439
1458
1434
1448
1460
1454
1456
1504
1491
1466
1499
1444
1535
1451
1508
1452
1462
1429
1433
1387
1376
1421
1386
1399
1399
1335
1286
1328
1312
1328
1299
1296
1321
1255
1291
1308
1275
1237
1275
1258
1279
1261
1244
1260
1217
1245
1250
1221
1152
1221
1186
1166
1168
1183
1211
1138
1136
1157
1099
1108
1102
1139
1083
1083
1022
1066
1005
1028
1061
985
970
972
993
977
1010
959
950
966
952
885
888
854
845
845
852
819
838
802
837
811
840
801
834
798
829
756
734
721
696
780
751
725
738
705
674
652
612
698
704
702
649
609
611
604
615
604
599
596
537
502
463
444
417
449
391
339
274
255
259
250
226
202
146
136
132
116
130
129
134
130
106
103
93
71
73
65
65
64
63
46
50
43
37
46
39
45
50
37
35
31
31
28
31
35
27
34
19
16
17
21
17
21
35
29
33
32
39
37
38
49
59
65
71
71
76
84
92
89
91
71
57
69
53
47
55
39
43
43
45
46
38
38
35
37
32
68
69
65
58
77
63
88
75
304
309
368
319
319
319
299
288
303
297
289
296
279
252
230
219
217
213
180
201
187
163
147
133
115
113
122
122
107
113
119
133
127
116
124
121
112
122
115
122
121
126
112
127
132
134
123
110
138
143
129
99
112
121
134
107
117
116
118
118
101
103
113
103
97
110
92
110
101
122
114
120
120
119
86
84
90
86
84
91
102
97
78
83
86
74
82
77
82
82
64
70
62
65
66
65
60
71
72
70
68
66
60
49
48
46
102
97
93
103
89
98
101
90
93
100
103
92
99
97
116
108
104
103
107
112
113
95
107
110
97
105
102
122
121
125
114
116
138
122
123
134
127
141
132
135
125
132
140
145
142
129
142
151
151
164
171
157
157
165
174
159
171
186
194
199
190
182
184
189
192
203
186
179
188
187
209
221
237
260
178
175
222
264
264
286
300
334
281
274
289
282
285
306
309
322
213
223
218
221
224
229
228
224
299
224
249
246
252
238
254
262
285
245
231
254
268
239
231
255
274
248
269
281
265
259
276
264
246
305
303
307
325
300
295
306
288
311
294
288
297
276
274
282
268
222
227
236
245
227
228
221
226
205
195
192
208
186
172
188
182
171
123
110
125
109
105
100
94
103
120
123
130
133
138
135
136
155
174
201
191
215
215
237
202
224
213
216
193
202
206
189
200
176
139
120
116
101
87
82
87
89
122
122
120
151
147
152
146
126
148
176
177
190
194
186
189
191
203
197
208
212
235
227
225
220
249
225
240
221
257
232
190
177
158
111
130
112
116
117
120
106
117
146
166
148
155
157
164
180
167
185
171
179
179
182
192
197
205
190
143
139
143
128
132
119
125
140
150
151
159
167
177
175
191
212
352
333
338
302
286
297
268
266
230
237
253
220
205
194
191
211
116
126
127
122
114
128
149
152
148
229
252
269
268
260
276
274
267
275
285
258
253
248
249
246
238
156
127
113
112
131
126
120
114
112
119
117
120
113
109
129
135
296
292
301
304
281
295
301
301
278
267
265
225
247
250
260
240
224
170
160
176
151
171
143
141
136
139
121
150
132
134
157
154
181
257
224
231
237
201
212
215
258
257
269
270
292
270
266
284
270
288
302
267
260
259
260
287
281
226
216
247
236
266
260
283
300
302
430
404
384
393
415
390
402
380
377
387
387
382
386
330
323
296
292
257
251
259
245
253
246
248
127
146
140
127
146
131
155
160
209
200
209
215
200
191
210
184
200
187
206
182
196
205
222
217
205
253
248
235
210
222
243
236
225
189
162
186
179
189
186
167
187
289
304
308
325
294
322
357
348
418
442
404
413
382
376
351
303
250
257
268
242
254
245
233
232
235
210
219
211
219
193
199
168
206
165
174
177
166
174
171
155
148
177
172
202
213
215
234
231
231
279
294
288
312
304
314
290
291
252
256
255
250
253
269
247
244
213
207
211
200
210
223
252
263
319
311
314
295
313
301
318
331
310
334
334
309
310
288
283
273
291
259
253
233
252
262
251
245
255
168
173
166
175
170
194
177
188
238
212
223
222
229
207
213
214
220
239
247
260
284
269
283
256
250
233
214
238
211
219
209
214
197
159
151
166
163
167
160
165
175
242
262
259
241
232
235
231
247
277
256
272
251
234
246
239
252
239
251
243
237
232
211
229
214
134
148
133
148
122
147
163
141
141
193
180
172
176
181
199
178
159
133
125
124
123
133
116
119
114
96
73
113
100
86
82
74
77
113
130
126
118
129
124
141
132
169
169
177
177
170
191
189
188
162
140
174
135
134
160
154
161
161
136
172
171
171
164
130
126
149
139
126
121
122
105
133
131
141
131
136
130
139
146
149
146
116
157
159
162
141
153
136
119
125
120
143
140
142
138
154
127
145
145
144
129
139
139
148
131
144
150
175
179
188
214
229
229
248
248
244
223
203
200
167
156
142
134
141
153
138
132
123
130
128
125
141
140
138
152
140
161
146
153
182
165
171
160
174
178
163
177
193
175
178
197
188
174
157
172
163
213
236
256
239
218
199
196
191
103
125
98
88
109
107
112
104
124
116
151
152
186
186
181
195
169
172
182
182
181
176
212
195
232
248
232
252
234
236
241
222
230
221
222
212
190
189
192
195
189
129
135
146
157
152
171
171
196
212
215
192
184
190
188
176
178
157
158
147
161
166
150
163
166
236
217
239
250
213
202
217
238
183
181
154
163
162
143
158
141
152
181
168
168
176
187
190
191
175
163
150
155
147
139
147
146
169
194
202
165
185
180
163
160
155
105
92
89
93
80
85
82
99
97
104
121
129
127
122
126
126
139
150
155
167
179
177
188
163
145
128
133
119
104
90
90
93
93
97
106
102
101
121
144
152
150
191
194
199
224
224
236
235
243
223
238
243
267
232
260
239
228
192
164
133
117
128
102
83
74
108
107
115
124
122
133
143
148
137
168
199
198
192
168
175
182
176
190
202
185
200
190
192
182
174
160
173
182
174
167
177
180
191
250
265
280
275
281
260
278
300
315
294
292
287
274
311
308
321
360
377
385
377
356
355
367
388
378
299
305
311
271
285
288
269
303
288
291
285
279
281
264
276
279
314
340
320
311
280
301
338
335
292
292
323
336
321
329
344
331
292
307
285
317
318
312
310
308
337
338
338
323
325
328
337
349
327
358
355
328
362
351
365
365
360
283
264
242
269
269
229
227
230
183
169
152
147
152
143
165
168
92
114
104
118
132
126
134
127
132
126
117
133
128
127
118
101
88
96
90
66
84
76
99
109
127
149
158
144
149
157
176
151
184
182
188
168
161
148
160
140
159
130
121
149
143
163
136
155
168
211
224
211
251
238
217
227
213
167
171
144
157
148
145
132
135
111
102
101
111
104
105
94
84
84
118
101
88
102
112
103
125
123
167
167
166
153
164
159
166
189
186
201
232
204
209
235
256
259
264
267
270
280
277
254
292
307
297
296
276
268
264
305
330
368
378
352
365
358
349
308
297
258
262
203
192
192
202
198
200
206
199
210
200
204
201
191
205
192
204
186
192
176
175
185
187
182
209
208
201
207
215
219
224
241
238
253
271
247
262
228
261
255
255
193
184
191
187
198
173
200
215
238
272
274
263
269
280
281
264
273
284
278
308
329
288
234
226
257
201
172
175
154
157
150
165
157
118
126
118
125
118
139
144
140
120
130
146
150
136
147
155
146
139
173
182
161
159
167
155
154
165
162
160
145
176
153
151
151
149
207
224
205
216
198
207
189
209
221
212
206
215
210
190
215
200
153
158
166
168
174
173
183
165
154
156
155
139
139
135
137
171
160
147
149
135
143
157
144
142
145
168
163
185
179
147
154
154
143
122
124
122
109
113
122
120
117
90
114
104
91
101
87
94
81
120
111
116
125
126
127
122
120
164
177
170
183
168
149
157
156
168
180
158
155
166
162
159
197
185
126
137
123
127
128
131
122
103
151
140
136
154
153
165
162
174
156
173
155
139
158
136
131
142
209
203
202
205
176
177
178
193
194
146
138
159
130
136
142
143
143
132
146
128
117
119
151
132
131
154
163
160
162
157
167
182
157
198
200
195
196
216
228
206
196
229
232
239
239
224
220
216
207
184
193
182
194
203
199
226
200
219
180
199
199
228
224
236
255
220
199
208
209
215
220
224
212
241
294
292
279
263
232
259
261
276
251
236
230
220
239
242
239
240
233
272
253
254
252
256
252
255
278
272
246
261
292
275
266
239
240
245
234
247
238
241
252
235
253
270
258
250
263
245
247
264
260
258
253
248
236
252
259
239
262
251
264
262
257
241
249
258
252
245
237
233
227
202
217
226
224
195
192
208
204
212
189
203
203
198
160
144
162
165
150
169
149
152
119
135
117
114
123
120
118
111
102
102
98
111
97
98
93
93
92
91
102
101
89
102
92
93
91
79
91
93
102
106
108
103
114
106
113
122
103
102
112
104
108
106
113
115
102
120
84
103
103
105
99
108
101
95
116
102
113
125
130
131
136
160
145
156
153
180
183
170
187
196
197
181
176
210
187
189
205
201