252
234
241
240
261
252
258
236
249
233
242
242
237
237
260
244
264
237
234
240
226
238
251
242
259
255
262
229
253
249
245
261
249
243
259
231
267
251
284
273
258
271
257
267
262
262
257
241
271
270
261
266
262
254
263
248
266
254
256
248
261
249
247
271
248
273
254
265
245
270
262
287
273
290
280
267
261
284
268
273
277
253
278
270
239
260
250
267
257
231
255
249
250
252
262
258
248
236
251
235
242
239
234
211
225
226
229
250
238
225
243
242
254
228
241
228
245
235
218
219
207
212
218
237
224
216
212
204
211
221
235
207
238
211
208
240
207
209
221
229
240
253
227
247
246
240
231
231
251
245
236
245
230
242
242
232
242
285
265
226
246
248
259
274
266
261
274
249
261
251
257
250
241
237
241
243
239
243
231
234
244
233
221
277
279
288
302
281
290
266
264
280
245
257
260
231
235
263
254
266
168
202
195
187
181
218
216
217
224
230
230
217
202
185
214
214
252
237
245
241
231
247
236
252
290
307
290
275
276
261
281
262
297
307
291
299
302
295
342
347
349
276
274
268
277
262
277
293
282
208
186
169
167
189
184
186
201
147
149
133
158
145
151
164
160
186
175
167
193
173
171
179
178
386
377
394
407
376
393
364
382
386
530
515
522
519
531
525
489
489
338
333
343
325
336
320
305
320
163
171
186
174
172
141
156
162
155
151
164
148
173
168
147
155
219
222
210
220
198
214
199
205
299
307
325
334
332
311
318
352
307
335
343
341
341
367
361
354
359
279
272
278
278
291
237
275
289
214
214
221
199
221
207
210
216
212
221
216
218
199
216
186
209
244
242
266
271
264
276
282
286
306
395
409
422
428
411
411
425
420
235
205
204
211
226
233
241
229
124
105
123
128
114
113
134
119
206
214
204
184
191
180
208
198
312
320
313
319
301
321
312
316
396
385
364
386
365
356
365
352
400
214
206
212
219
225
222
237
226
183
169
196
207
197
181
196
164
220
230
205
223
218
206
232
233
304
304
300
291
320
298
326
314
353
367
355
395
385
377
383
397
317
314
324
326
356
312
305
313
334
314
298
276
253
255
298
262
242
256
242
244
249
235
249
240
231
288
289
311
304
327
305
293
303
341
311
345
327
344
331
359
333
163
157
167
180
173
176
187
177
207
112
108
104
115
114
105
101
106
173
168
165
165
152
166
161
160
376
390
411
394
383
398
393
382
368
408
404
385
371
389
402
368
209
220
217
221
241
232
234
221
195
211
206
218
184
201
191
198
208
222
238
236
251
217
228
248
218
282
299
302
286
301
285
291
302
329
292
297
338
318
336
337
328
260
244
251
245
252
251
255
244
255
236
210
217
213
194
223
204
221
232
238
222
216
216
228
222
241
400
396
372
385
382
389
404
413
445
431
442
443
449
472
487
465
223
222
217
239
220
207
202
199
107
102
99
88
105
93
115
117
236
202
214
196
211
202
200
200
418
409
410
432
421
433
404
414
438
474
453
462
437
444
429
424
440
224
224
227
247
243
231
224
217
125
133
141
111
135
149
141
151
190
181
187
191
171
181
183
199
288
266
265
243
278
268
280
264
271
282
302
279
278
270
301
309
323
285
273
286
286
297
284
279
279
298
291
300
308
336
345
355
353
284
258
278
266
281
270
267
282
319
302
298
271
316
309
331
330
276
270
287
267
298
277
297
285
291
334
320
312
306
297
309
317
348
300
309
304
298
279
286
275
273
313
334
305
303
277
303
283
294
252
275
289
281
286
293
307
285
279
280
285
294
301
294
283
278
264
286
282
306
335
315
324
325
354
275
260
256
251
246
257
251
275
315
312
306
295
306
286
286
294
255
248
273
257
259
263
269
260
275
272
283
303
270
271
258
241
291
288
288
313
308
319
303
318
300
251
248
252
244
276
266
286
272
286
311
301
293
313
314
343
312
282
272
257
281
269
264
241
256
272
283
267
250
259
268
268
262
288
299
287
307
285
294
282
296
307
268
286
272
258
271
281
287
288
292
321
274
308
310
319
315
308
255
245
232
249
248
248
262
276
312
321
288
290
314
324
316
306
278
260
268
279
264
258
243
265
255
275
260
254
247
280
268
273
255
292
263
291
289
279
307
299
292
320
297
311
319
292
292
301
288
263
286
294
268
280
290
279
279
330
305
306
306
316
294
309
297
319
309
307
294
300
279
288
266
323
328
267
247
244
219
230
188
187
270
272
240
236
200
187
164
161
167
170
148
107
89
78
59
49
43
45
59
48
44
62
75
73
104
88
77
67
92
85
75
68
99
103
90
90
76
77
67
73
84
89
96
93
93
89
93
91
96
102
97
105
100
116
108
113
99
100
101
100
94
99
109
102
95
93
94
111
92
90
98
94
92
95
88
97
93
107
87
104
98
105
91
85
99
98
93
100
124
114
107
99
110
103
105
105
119
105
99
117
120
128
120
129
120
140
126
125
129
134
152
156
177
186
162
170
155
178
179
179
200
179
167
164
153
147
154
156
155
168
188
181
175
167
163
167
158
175
164
164
174
180
179
172
156
172
159
183
164
158
139
151
166
139
133
158
128
135
122
130
131
125
117
116
106
104
120
123
132
127
117
105
112
116
109
118
127
140
139
146
142
134
137
155
153
164
156
173
145
139
151
148
145
150
131
142
128
122
116
127
131
142
130
135
107
99
108
97
93
102
97
103
97
101
93
98
88
86
94
95
117
133
125
120
138
136
149
144
144
181
197
209
231
210
219
222
235
277
260
242
280
291
280
297
291
315
338
327
342
361
388
370
389
388
421
453
431
456
461
528
553
524
560
589
654
675
716
744
836
803
874
921
974
1063
1078
1147
1103
1156
1090
1189
1216
1203
1211
1286
1297
1313
1273
1194
1180
1150
1144
1135
1101
1096
646
648
673
674
696
660
683
680
708
704
699
740
703
713
712
710
1099
1065
1026
1091
1052
1093
1168
1114
1175
1188
1227
1186
1244
1232
1237
1236
1279
1222
1245
1314
1382
1413
1423
1456
1455
1546
1581
1542
1493
1430
1398
1389
1426
1405
1386
1408
1432
1454
1496
1471
1470
1498
1439
1410
1330
1325
1348
1323
1373
1369
1368
1368
1398
1414
1467
1556
1485
1398
1450
1467
1466
1463
1508
1542
1493
1477
1427
1325
1254
1250
1155
1220
1217
1244
1202
1124
1144
1191
1206
1155
1199
1257
1264
1207
1224
1252
1233
1242
1196
1249
1208
1228
1205
1251
1263
1245
1257
1209
1256
1249
1282
1256
1286
1277
1330
1300
1342
1340
1308
1335
1366
1331
1342
1342
1345
1362
1349
1355
1352
1385
1371
1383
1427
1394
1395
1319
1374
1344
1319
1313
1331
1273
1294
1296
1372
1308
1310
1281
1237
1267
1235
1258
1278
1250
1212
1232
1289
1310
1240
1252
1237
1266
1223
1254
1242
1256
1253
1253
1249
1301
1316
1255
1202
1179
1189
1242
1235
1241
1273
1266
1279
1214
1291
1259
1281
1329
1328
1312
1298
1304
1289
1320
1337
1365
1407
1361
1430
1432
1443
1443
1409
1379
1440
1470
1507
1468
1400
1461
1471
1451
1448
1500
1461
1421
1446
1416
1367
1479
1412
1470
1421
1428
1415
1440
1404
1352
1389
1375
1410
1368
1426
1375
1369
1345
1296
1284
1316
1332
1311
1321
1360
1344
1318
1299
1297
1296
1284
1258
1281
1210
1242
1266
1207
1271
1211
1221
1262
1252
1260
1308
1293
1322
1343
1362
1380
1382
1350
1345
1351
1398
1371
1310
1314
1340
1327
1330
1358
1310
1312
1336
1323
1287
1346
1342
1344
1349
1393
1326
1330
1378
1375
1310
1331
1308
1323
1311
1283
1386
1269
1359
1268
1272
1334
1359
1383
1369
1411
1398
1415
1377
1426
1364
1348
1362
1383
1375
1310
1363
1397
1415
1399
1405
1403
1383
1423
1433
1443
1440
1428
1426
1437
1465
1406
1441
1401
1400
1448
1464
1450
1449
1490
1536
1525
1481
1514
1526
1606
1557
1599
1554
1620
1604
1627
1627
1664
1674
1662
1637
1652
1614
1579
1637
1618
1636
1629
1661
1655
1649
1670
1697
1590
1668
1698
1709
1689
1629
1708
1622
1693
1619
1585
1596
1593
1520
1575
1581
1604
1583
1599
1577
1576
1534
1621
1588
1581
1572
1552
1532
1535
1514
1496
1447
1465
1422
1442
1459
1504
1482
1486
1448
1493
1493
1539
1509
1581
1570
1535
1496
1523
1533
1561
1475
1509
1497
1513
1527
1484
1524
1488
1494
1530
1540
1530
1565
1553
1624
1669
1642
1637
1753
1702
1670
1676
1606
1655
1606
1620
1628
1606
1570
1639
1622
1596
1602
1588
1540
1589
1635
1602
1540
1593
1603
1559
1633
1578
1581
1600
1562
1587
1544
1608
1618
1628
1647
1676
1631
1618
1607
1566
1464
1516
1444
1398
1411
1352
1298
1293
1361
1367
1413
1450
1465
1486
1483
1462
1435
1507
1455
1567
1573
1640
1700
1616
1665
1677
1699
1677
1733
1656
1687
1668
1652
1590
1516
1478
1422
1392
1317
1286
1314
1285
1268
1274
1310
1320
1412
1469
1473
1464
1503
1563
1531
1548
1546
1613
1650
1726
1789
1774
1902
1887
1867
1795
1705
1648
1557
1472
1403
1356
1294
1229
1176
1181
1190
1318
1312
1344
1381
1460
1518
1609
1679
1665
1583
1522
1521
1486
1426
1414
1473
1482
1472
1541
1617
1574
1532
1570
1604
1612
1485
1444
1313
1284
1312
1244
1248
1275
1313
1359
1323
1456
1473
1492
1556
1472
1481
1497
1487
1477
1508
1433
1417
1315
1268
1286
1244
1203
1201
1255
1233
1268
1267
1359
1372
1378
1378
1383
1350
1311
1247
1261
1186
1227
1248
1233
1212
1232
1264
1200
1229
1248
1180
1198
1178
1205
1178
1161
1183
1168
1203
1220
1195
1240
1204
1224
1228
1203
1218
1219
1183
1129
1175
1146
1179
1184
1169
1190
1165
1226
1196
1206
1185
1258
1253
1261
1260
1284
1278
1293
1278
1252
1232
1246
1240
1244
1203
1233
1235
1245
1277
1308
1292
1292
1288
1313
1292
1352
1317
1320
1349
1298
1305
1194
1225
1234
1210
1179
1206
1203
1144
1140
1186
1136
1133
1189
1189
1197
1174
1189
1131
1074
1046
1025
1000
936
948
935
895
892
839
787
746
636
627
635
589
598
597
534
501
538
510
445
411
350
357
330
288
293
262
259
254
240
255
239
273
275
265
279
270
252
247
240
232
256
198
217
210
210
210
206
200
198
221
205
202
220
209
210
213
207
233
207
198
185
196
190
195
197
171
197
218
192
197
207
225
225
223
252
234
244
256
273
260
272
265
266
256
270
250
270
258
278
246
270
273
260
257
274
236
240
259
247
250
241
272
278
262
264
258
255
257
257
263
249
255
241
257
261
267
251
243
253
242
271
252
246
237
246
253
237
248
266
294
268
296
299
287
308
276
258
248
248
256
258
254
225
240
236
248
218
261
256
257
278
256
248
246
246
228
239
259
254
261
251
257
229
263
264
271
277
250
291
259
276
260
265
309
296
305
289
279
277
248
278
273
288
292
297
338
327
301
317
304
298
286
260
240
206
208
238
212
163
176
182
168
164
168
158
150
145
150
151
145
151
161
169
143
148
144
134
148
166
164
174
199
205
206
194
194
180
194
163
175
152
152
131
142
120
116
118
112
114
111
106
99
99
96
97
134
151
153
151
149
156
172
170
224
238
223
226
211
214
197
207
263
269
271
259
259
235
243
226
254
268
253
256
239
266
248
266
283
296
308
304
282
287
315
297
290
250
269
247
241
247
256
254
262
265
261
285
273
259
238
253
243
248
253
215
229
233
237
235
226
232
252
245
262
272
274
273
274
289
293
303
296
291
320
308
294
306
299
281
285
287
268
277
273
269
253
232
222
219
192
187
190
173
182
171
157
154
156
155
159
150
172
160
154
157
159
159
158
177
157
153
153
151
171
179
217
203
249
251
279
286
309
320
329
320
326
315
312
282
287
279
264
261
271
276
265
283
299
315
319
331
332
331
313
305
296
279
252
225
207
225
219
180
187
195
169
206
184
205
210
218
208
222
242
218
216
227
239
216
224
243
257
229
220
241
247
255
251
247
254
258
266
300
261
280
281
286
287
269
280
261
266
279
290
283
282
291
298
296
266
287
247
262
263
242
259
280
271
238
242
253
268
278
280
332
301
290
288
317
299
318
328
326
351
370
357
366
344
356
352
328
376
369
378
375
356
336
351
335
329
295
316
311
270
270
286
296
311
426
394
430
397
479
508
478
456
0
270
272
275
296
298
277
323
284
311
318
348
321
320
333
333
327
487
425
437
436
435
424
409
425
449
479
478
477
485
492
495
477
478
449
469
456
454
444
422
403
411
421
404
409
386
398
397
395
380
416
393
392
413
418
376
404
407
398
389
387
378
357
404
376
373
293
299
276
267
284
293
263
284
285
299
316
342
372
407
376
359
471
463
430
477
472
552
534
541
344
347
346
356
321
308
312
323
328
380
395
398
413
391
392
424
426
434
417
367
376
381
377
363
363
344
328
345
315
331
310
281
257
282
272
239
238
226
187
171
192
166
167
178
195
200
195
210
196
225
219
221
236
233
253
268
270
267
257
272
263
265
293
325
303
310
363
357
356
358
384
388
383
413
396
406
428
459
497
496
542
548
563
596
616
624
658
664
696
716
754
768
799
809
840
860
827
831
822
857
913
920
969
963
925
976
891
898
897
913
979
1039
940
991
1030
1081
1085
1095
1073
1120
1138
1095
1137
1155
1185
1150
1146
1170
1275
1220
1273
1211
1166
1223
1237
1249
1289
1266
1246
1374
1326
1330
1336
1347
1331
1286
1344
1295
1296
1236
1288
1200
1190
1155
1198
1140
1145
1143
1083
1148
1117
1129
1103
1055
1084
1026
1054
1058
1035
1026
1025
1037
1065
1050
1109
1100
1137
1153
1169
1087
1116
1082
1106
1088
1035
1096
1082
1060
1078
1041
1043
1050
983
979
988
1012
959
1051
1022
1043
1017
1039
1071
1133
1108
1045
1079
1054
1142
1106
1116
1116
1050
944
909
947
944
999
974
1021
1080
1053
1097
1096
1207
1224
1256
1234
1220
1227
1269
1276
1210
1229
1238
1158
1072
1061
1084
1068
1009
1044
1061
1049
1087
1149
1063
1098
1145
1186
1192
1183
1213
1169
1208
1203
1177
1156
1151
1131
1164
1155
1247
1250
1294
1319
1264
1222
1147
1039
968
892
880
883
903
873
928
1008
1064
1059
1096
1109
1197
1210
1307
1319
1302
1284
1248
1185
1251
1200
1201
1185
1117
1105
1031
988
970
946
991
918
866
892
907
982
965
1007
1015
1115
1150
1107
1121
1178
1185
1242
1223
1189
1222
1396
1406
1322
1306
1255
1264
1218
1145
1152
1199
1243
1223
1222
1212
1168
1158
1084
896
872
850
899
887
932
915
952
1059
1174
1133
1159
1197
1219
1315
1359
1297
1308
1306
1229
1175
1202
1133
1134
1218
1202
1225
1235
1194
1185
1201
1178
1058
1036
1017
969
976
958
946
889
898
865
857
870
876
923
919
927
875
884
860
820
829
828
837
881
896
908
878
845
860
803
829
830
779
810
785
793
758
771
775
788
788
750
736
769
762
763
753
762
753
761
679
670
645
653
681
700
715
718
783
810
782
786
815
821
831
830
880
866
851
836
814
835
823
788
816
822
806
818
780
838
829
790
774
831
760
758
766
756
804
759
691
718
701
698
677
671
687
670
717
707
700
652
654
650
660
675
624
694
688
670
674
629
657
664
657
556
581
586
572
548
542
542
528
574
595
608
590
616
579
607
593
574
577
609
589
576
592
596
663
617
648
640
651
626
645
645
611
649
697
690
716
690
725
699
670
686
568
566
583
593
605
614
634
624
657
627
617
629
642
612
632
643
613
620
657
627
642
667
671
641
652
642
651
662
657
671
659
680
563
814
813
785
827
856
842
819
806
631
639
648
645
635
642
629
651
682
691
713
668
692
672
673
688
688
720
731
740
730
746
715
744
770
737
721
710
728
747
720
702
682
693
668
716
713
706
683
690
661
607
600
582
592
564
584
601
555
585
625
609
605
619
637
624
683
673
702
666
693
667
696
637
640
630
610
627
669
631
601
597
628
594
612
600
604
621
624
630
643
631
614
604
631
634
653
620
618
622
655
653
664
642
647
680
716
703
752
794
776
761
792
789
749
764
908
905
887
891
901
867
885
848
741
682
666
692
714
725
731
751
704
732
716
721
756
741
757
690
669
702
676
695
729
738
730
717
706
761
749
744
766
744
753
750
718
630
612
624
588
601
602
572
630
640
627
611
619
602
622
606
600
628
611
637
671
703
694
713
754
743
795
775
790
782
745
767
822
853
998
1018
1054
1139
1110
1128
1197
1158
1039
951
946
904
866
837
843
881
1312
1277
1316
1304
1325
1362
1369
1432
856
875
927
879
875
897
943
957
748
775
771
737
820
808
808
811
750
784
752
753
722
730
732
723
714
623
685
634
643
647
651
671
683
669
666
681
716
769
759
688
721
769
775
731
714
736
805
774
790
826
812
799
802
818
847
865
847
897
919
939
940
920
918
888
877
860
680
694
703
708
677
680
681
646
649
647
665
711
668
730
680
686
590
577
565
588
602
563
582
602
617
609
585
570
565
570
556
536
582
539
585
593
571
545
538
545
1418
1427
1477
1418
1498
1436
1407
1421
1363
1417
1424
1394
1387
1439
1463
1491
1512
1539
1574
1564
1510
1516
1509
1434
1424
1521
1541
1452
1435
1416
1393
1362
1339
1463
1452
1486
1495
1514
1516
1494
1452
1502
1491
1475
1516
1456
1465
1417
1411
1391
1472
1393
1327
1367
1419
1374
1320
1368
1417
1406
1326
1381
1342
1303
1299
1338
1340
1319
1223
1255
1268
1287
1247
1194
1255
1235
1177
1210
1120
1131
1094
999
936
957
955
918
900
915
921
866
941
893
907
872
851
869
864
902
878
861
825
809
727
730
722
754
675
709
713
655
629
584
535
515
511
525
501
470
455
463
442
480
479
513
560
583
664
705
717
729
680
691
710
692
708
740
736
735
736
748
717
701
673
660
724
773
737
749
778
774
812
782
803
790
775
768
761
757
771
827
809
799
810
801
773
765
831
809
843
871
861
893
868
879
869
911
913
934
970
916
914
975
1002
1026
1039
1004
1074
1065
1049
1031
1011
1041
1032
990
1010
1021
972
961
969
956
932
933
1008
985
970
931
954
865
911
835
822
820
810
764
799
800
823
782
785
779
775
827
817
798
776
810
800
845
839
814
885
842
798
796
816
819
805
795
798
817
803
788
831
779
780
759
764
807
749
722
713
698
754
711
738
730
767
780
773
790
744
715
698
713
736
796
772
772
744
704
662
678
691
742
744
733
771
771
767
739
751
726
751
751
768
744
789
776
803
794
824
795
740
757
771
794
816
833
799
830
828
848
842
832
772
805
822
786
798
801
818
851
852
756
769
809
811
809
829
820
831
827
835
863
856
890
899
870
896
925
942
969
965
968
1050
1120
1125
1173
1207
1259
1285
1298
1388
1423
1429
1466
1505
1462
1454
1537
1538
1516
1498
1500
1495
1472
1427
1340
1317
1269
1236
1194
1212
1184
1178
1169
1167
1143
1223
1173
1248
1229
1218
1226
1150
1125
1089
1241
1218
1190
1241
1188
1178
1237
1180
1294
1335
1335
1420
1404
1422
1421
1412
1427
1403
1298
1302
1280
1221
1264
1271
1344
1435
1429
1414
1451
1519
1561
1536
1464
1436
1392
1277
1305
1224
1233
1207
1220
1193
1247
1237
1226
1217
1217
1214
1284
1282
1345
1267
1201
1208
1208
1162
1156
1193
1196
1153
1158
1191
1216
1263
1294
1370
1375
1367
1296
1306
1337
1302
1278
1272
1257
1289
1274
1261
1281
1324
1299
1295
1346
1359
1434
1443
1469
1474
1516
1436
1493
1452
1444
1452
1503
1545
1478
1507
1433
1494
1459
1457
1443
1545
1557
1430
1483
1477
1429
1468
1432
1421
1452
1445
1427
1464
1467
1423
1340
1338
1328
1338
1386
1397
1321
1298
1224
1325
1328
1213
1224
1244
1256
1250
1227
1262
1272
1233
1249
1246
1276
1280
1293
1323
1246
1275
1210
1248
1239
1206
1264
1277
1339
1303
1324
1314
1339
1331
1291
1317
1327
1250
1253
1231
1216
1166
1160
1198
1178
1142
1117
1195
1195
1196
1237
1172
1147
1227
1237
1211
1190
1213
1194
1089
1160
1102
1139
1161
1125
1072
1085
1046
1050
1008
1051
1094
1062
1048
1060
1119
1082
1070
1096
1056
977
1011
1004
1018
1039
958
987
991
1012
1009
994
1010
1001
1065
1033
1047
1080
1064
1074
1013
1066
1052
1008
1040
1023
1032
1050
1031
1059
1092
1080
1101
1084
1119
1127
1041
1104
1095
1103
1102
1116
1104
1107
1099
1100
1093
1040
1019
1001
993
1013
960
1007
1015
1022
1055
1101
1062
1066
1027
1015
965
975
950
950
916
948
966
900
933
933
905
954
940
951
957
965
915
931
892
930
940
921
887
817
844
782
785
781
743
774
756
748
792
819
864
839
823
813
842
841
831
834
805
803
792
793
747
802
786
811
839
800
809
848
816
837
821
856
854
865
884
919
903
970
957
943
908
909
941
920
948
954
938
939
969
1029
973
1003
1027
1040
1034
1072
1078
1093
1113
1047
1049
1013
991
1030
1021
959
941
965
965
981
959
931
935
984
934
917
915
917
934
961
937
963
928
902
899
904
910
886
912
912
914
922
924
923
985
975
1000
1004
949
973
996
1057
999
1018
1012
986
1036
1031
1029
1049
1009
1024
1054
1009
1047
1072
1094
1090
1040
1059
1068
1105
1090
1129
1085
1106
1074
1139
1082
1114
1160
1160
1158
1145
1165
1118
1163
1120
1143
1110
1115
1084
1084
1127
1154
1096
1138
1118
1101
1074
1122
1159
1072
1084
1062
1099
1080
1076
1069
1055
1063
1035
1081
1104
1077
1026
997
992
1038
966
999
1005
1011
1042
1057
1036
978
1046
1013
963
986
1027
1046
1016
1025
1035
1008
1030
1007
956
1040
1030
976
1037
1020
972
991
965
956
994
1052
1048
1059
1055
1063
1084
1042
1037
1062
1048
1043
1057
1018
980
1020
968
981
1024
1030
1016
1082
1051
1096
1045
1043
1014
983
988
994
965
963
973
973
977
995
1014
994
1017
965
1011
1024
975
1011
1002
1011
1009
968
952
917
922
935
969
995
985
1017
999
995
985
1009
1058
1005
1024
1039
1056
962
1025
1018
981
934
970
929
961
956
953
949
961
910
918
976
938
929
933
915
942
958
966
946
910
963
939
985
979
926
920
901
922
930
935
987
939
983
1021
978
1023
984
1033
1023
991
1019
977
967
960
970
939
988
939
976
964
992
914
925
948
984
955
1008
1003
999
1017
989
935
917
945
926
946
930
982
957
994
1005
974
1003
1001
1013
1000
1009
1013
1019
1042
1036
1045
1050
1022
1048
1005
999
1043
1051
1016
1066
1075
1095
1053
1053
1074
1081
1087
1109
1063
1083
1093
1056
1044
1007
1028
962
932
962
937
937
899
933
901
976
897
822
934
952
943
931
950
929
921
875
887
909
884
866
894
879
901
866
928
846
864
845
850
850
915
878
896
923
888
870
877
850
842
837
871
891
938
915
920
916
929
933
881
906
911
887
923
916
949
928
892
867
916
893
909
892
953
927
921
954
926
901
844
882
915
905
898
946
914
910
857
903
915
863
858
834
855
853
850
861
843
843
834
855
859
845
833
860
846
855
887
844
870
841
870
851
865
880
928
871
859
852
904
849
865
867
916
916
954
949
954
903
910
852
866
859
847
851
884
871
857
903
874
929
918
918
943
932
916
908
963
962
929
939
907
940
960
936
909
900
932
914
949
983
972
926
1020
1009
1041
1028
1029
1055
1086
1091
1037
1096
1046
1077
1031
1059
1059
1083
1056
1132
1119
1085
1065
1082
1102
1108
1095
1119
1095
1050
1040
1056
980
1006
994
973
921
895
928
960
997
1001
950
979
1035
1010
985
1037
1023
1004
988
929
928
960
1000
966
939
988
1042
986
983
967
1037
1032
1024
1038
1059
1035
1101
1092
1099
1105
1079
1080
1023
1084
1041
1018
1074
1052
1115
1142
1127
1158
1170
1242
1254
1258
1272
1253
1254
1205
1237
1193
1175
1163
1196
1144
1119
1130
1096
1082
1120
1111
1093
1091
1052
1127
1144
1140
1155
1086
1077
1107
1073
1011
1016
964
961
985
934
941
974
949
935
993
998
1075
1059
1055
1022
1103
1052
1018
1059
1072
1025
1044
1026
1036
1015
1005
1013
1016
1036
1005
1021
1100
1069
1134
1110
1129
1153
1101
1134
1104
1081
1045
1072
1036
1003
1026
997
1051
1029
1055
1075
1067
1141
1186
1267
1246
1187
1223
1171
1165
1122
1117
1107
1114
1019
1020
1080
1076
1057
1067
1068
1077
1103
1071
1104
1146
1202
1212
1193
1157
1143
1160
1164
1079
1087
1100
1129
1174
1135
1133
1131
1113
1175
1185
1226
1132
1176
1193
1132
1178
1177
1207
1194
1137
1230
1164
1205
1181
1196
1220
1164
1205
1210
1186
1193
1199
1201
1226
1230
1223
1256
1238
1197
1110
1126
1164
1102
1121
1093
1023
1093
1116
1101
1148
1113
1110
1137
1100
1172
1115
1159
1120
1126
1134
1132
1132
1167
1157
1149
1120
1149
1175
1145
1227
1170
1186
1284
1252
1235
1287
1296
1261
1221
1231
1217
1232
1269
1286
1234
1306
1259
1271
1336
1271
1328
1294
1327
1318
1337
1296
1331
1309
1318
1322
1317
1319
1313
1254
1344
1342
1339
1291
1363
1314
1318
1291
1375
1360
1345
1428
1375
1358
1341
1277
1268
1235
1214
1195
1206
1209
1192
1194
1166
1132
1131
1110
1135
1163
1187
1180
1194
1143
1207
1198
1229
1175
1122
1136
1163
1153
1159
1181
1150
1157
1164
1140
1176
1199
1219
1220
1269
1273
1297
1273
1247
1310
1337
1282
1292
1261
1253
1263
1232
1218
1311
1244
1233
1232
1291
1312
1280
1338
1302
1318
1378
1350
1381
1373
1396
1395
1360
1391
1374
1379
1387
1448
1474
1488
1433
1451
1464
1480
1429
1457
1428
1462
1465
1429
1472
1450
1411
1396
1329
1343
1337
1368
1327
1383
1381
1337
1340
1370
1378
1389
1377
1329
1348
1330
1360
1278
1324
1293
1276
1240
1226
1223
1248
1259
1252
1234
1298
1356
1287
1351
1336
1326
1304
1271
1232
1223
1242
1220
1245
1241
1234
1234
1251
1233
1251
1268
1262
1284
1280
1319
1342
1313
1301
1349
1322
1309
1274
1281
1309
1283
1238
1314
1256
1246
1234
1259
1362
1349
1402
1388
1417
1433
1440
1430
1428
1417
1431
1495
1472
1491
1455
1415
1438
1449
1374
1405
1407
1479
1418
1471
1448
1451
1474
1400
1447
1378
1420
1426
1416
1374
1345
1324
1229
1307
1293
1259
1242
1235
1251
1262
1324
1269
1284
1306
1307
1234
1239
1176
1217
1198
1174
1158
1116
1134
1179
1178
1133
1146
1193
1163
1147
1138
1220
1151
1177
1211
1193
1201
1230
1209
1247
1174
1173
1211
1248
1259
1290
1268
1297
1274
1287
1292
1352
1321
1358
1330
1370
1389
1445
1389
1396
1386
1327
1331
1359
1280
1250
1180
1251
1302
1330
1288
1327
1320
1273
1258
1288
1244
1222
1184
1241
1185
1137
1208
1158
1121
1084
1091
1112
1085
1118
1105
1119
1095
1120
1098
1073
1114
1084
1069
1065
1118
1053
1030
1051
1045
1032
1051
1107
1071
1017
998
1043
1041
1085
1062
1079
1094
1103
1052
1028
1010
1057
1022
1042
1084
1055
994
998
1001
979
993
1023
1027
986
986
1012
1016
1130
1121
1162
1087
1101
1100
1044
1004
1009
1067
1072
1013
1002
1013
999
1003
966
1057
1064
1113
1102
1146
1117
1123
1083
1051
1002
1076
1041
1088
1078
1041
1057
1072
1038
1014
1002
998
980
1028
1020
1031
1083
1056
1081
1044
1013
979
964
939
1011
975
984
972
995
948
983
1034
1007
996
1031
1008
1011
995
985
1010
992
995
993
997
983
985
958
940
942
967
1021
1012
993
1046
1000
1005
999
987
1005
998
989
949
1024
987
957
951
976
903
928
900
931
890
933
952
973
960
1019
984
988
975
979
969
1002
992
993
946
934
951
942
927
966
1026
985
1037
994
1070
1111
1127
1115
1140
1137
1155
1148
1137
1094
1109
1132
1117
1085
1088
1077
1086
1068
1058
1049
1012
1039
1026
1010
998
950
956
909
893
902
899
916
875
901
906
883
922
875
889
904
883
910
859
913
897
873
929
915
937
944
901
884
866
865
861
819
827
802
802
791
802
799
836
817
835
826
806
839
795
814
814
784
781
744
734
700
675
650
656
678
670
633
650
677
705
701
718
737
722
718
757
752
712
683
707
654
623
595
599
622
630
653
645
647
666
642
655
673
645
610
600
609
601
590
578
517
529
523
528
528
512
547
549
570
530
532
553
519
536
568
575
570
531
510
519
487
488
477
469
459
479
460
446
443
452
437
422
404
372
380
378
383
371
374
387
381
341
352
334
364
340
328
284
313
299
291
278
265
269
251
223
216
192
173
160
153
141
124
98
127
115
129
123
127
152
131
118
180
178
158
146
131
137
137
139
258
239
223
212
208
214
192
191
249
222
212
219
212
190
182
172
152
189
200
167
159
157
138
148
135
141
142
140
134
150
144
139
138
153
160
170
184
172
152
166
157
188
185
180
169
187
188
184
195
205
200
212
256
245
243
286
276
289
301
272
304
291
289
340
318
319
320
332
352
340
351
332
345
365
355
331
356
339
341
332
317
321
278
264
260
247
230
251
238
258
194
203
189
197
203
226
210
227
197
191
175
167
177
187
197
176
199
145
147
155
137
151
170
158
157
121
123
131
130
156
132
132
143
118
120
114
103
110
109
116
105
98
101
99
97
96
108
87
107
77
91
89
73
90
81
84
84
89
94
91
94
78
97
90
102
105
138
138
140
139
126
122
150
109
193
186
154
162
160
123
114
96
213
218
166
157
144
156
146
123
165
159
165
169
163
143
130
139
129
100
117
118
113
92
106
111
106
91
96
105
107
91
98
97
103
95
98
108
98
100
116
124
122
124
95
115
123
120
138
116
132
158
140
144
135
137
145
163
166
153
165
169
145
160
143
160
158
162
150
167
192
176
177
186
210
184
202
203
195
199
213
208
241
227
264
262
304
290
328
331
356
400
413
450
472
450
434
500
501
492
494
506
489
567
546
550
553
563
602
574
540
603
591
593
565
577
541
571
561
558
503
553
510
499
436
544
551
535
548
584
585
589
564
665
686
663
726
722
778
790
779
872
895
867
884
943
908
890
933
970
921
976
1011
981
996
982
947
1002
997
1046
995
1035
1062
1024
1037
977
975
984
972
1046
1022
1075
1002
1028
997
1022
1046
1024
1001
1081
1064
1034
1037
1034
1066
1050
1049
1073
1042
1057
1023
1004
1042
1001
985
1033
1046
1058
1117
1131
1142
1121
1094
1089
1138
1123
1103
1115
1081
1045
1103
1076
1073
1100
1082
1139
1163
1162
1219
1170
1237
1204
1230
1249
1192
1246
1297
1270
1252
1224
1307
1312
1277
1296
1350
1350
1310
1380
1330
1343
1355
1384
1367
1377
1372
1333
1303
1251
1334
1280
1281
1272
1307
1231
1354
1303
1340
1331
1317
1387
1431
1433
1455
1401
1418
1369
1366
1363
1323
1328
1327
1317
1295
1320
1323
1367
1362
1377
1381
1389
1390
1444
1476
1446
1474
1451
1452
1495
1447
1497
1389
1498
1426
1397
1446
1408
1473
1433
1394
1387
1395
1360
1389
1407
1408
1360
1372
1345
1334
1315
1309
1259
1260
1215
1235
1236
1308
1287
1272
1327
1300
1325
1347
1290
1310
1310
1267
1230
1190
1220
1212
1150
1158
1120
1153
1105
1094
1127
1204
1140
1239
1243
1214
1211
1195
1201
1222
1170
1196
1202
1187
1163
1152
1236
1174
1177
1176
1214
1230
1181
1135
1181
1252
1204
1199
1224
1321
1277
1280
1272
1316
1309
1302
1353
1345
1345
1228
1240
1235
1283
1252
1282
1262
1243
1187
1202
1260
1256
1271
1228
1311
1280
1257
1229
1210
1183
1179
1155
1148
1238
1205
1139
1126
1127
1184
1203
1174
1216
1177
1234
1222
1245
1223
1208
1185
1225
1114
1141
1198
1228
1214
1188
1137
1209
1204
1234
1276
1264
1222
1239
1262
1261
1239
1185
1199
1204
1147
1249
1174
1163
1149
1264
1256
1242
1200
1250
1180
1234
1272
1260
1348
1274
1184
1252
1205
1243
1241
1188
1191
1185
1147
1191
1148
1158
1145
1099
1102
1169
1185
1212
1195
1161
1157
1142
1133
1187
1174
1176
1141
1117
1062
1098
1134
1105
1130
1114
1141
1169
1226
1204
1217
1208
1155
1186
1229
1214
1148
1170
1195
1142
1172
1148
1154
1190
1221
1216
1219
1194
1213
1220
1217
1227
1214
1264
1215
1220
1204
1177
1120
1070
1084
1100
1014
1062
1003
1025
1019
1056
1032
1095
1065
1067
1037
1079
1115
1115
1086
1038
968
945
969
989
974
1007
1042
1045
1052
1026
1109
1123
1098
1062
1111
1109
1137
1136
1161
1074
1148
1132
1098
1065
1036
1044
1069
1120
1141
1201
1200
1241
1260
1285
1276
1314
1383
1412
1397
1375
1372
1305
1325
1265
1322
1288
1283
1283
1229
1242
1269
1280
1256
1220
1237
1177
1209
1202
1170
1168
1193
1090
1102
1054
1032
1029
996
1002
996
1002
1012
1022
1024
1029
995
1020
1030
1017
1002
1011
989
1015
1010
953
1017
994
971
914
895
942
917
962
997
1032
1039
1033
1016
1035
983
1072
1024
1017
1000
985
973
1002
965
971
957
988
980
1057
1058
1129
1138
1126
1197
1210
1176
1236
1217
1182
1121
1136
1123
1083
1091
1065
1059
1064
1083
1070
1073
1108
1128
1168
1140
1148
1160
1163
1185
1157
1143
1212
1141
1185
1129
1116
1165
1105
1141
1090
1113
1112
1093
1102
1087
1075
1140
1125
1090
1115
1092
1040
1054
980
1020
946
885
914
913
878
925
915
950
970
980
1025
1012
1029
1007
1017
968
1004
983
959
926
972
937
914
858
881
880
865
881
911
924
972
1022
1006
1021
1049
1091
1069
1073
1056
1069
1082
1024
1023
964
1014
944
960
984
1015
1036
1037
1076
1088
1179
1094
1180
1095
1172
1132
1183
1135
1184
1205
1231
1208
1195
1153
1145
1132
1169
1158
1152
1218
1213
1193
1165
1235
1205
1167
1131
1151
1155
1117
1115
1096
1110
1068
1048
1062
1044
1020
1050
1049
1058
1046
1058
1017
1089
1076
1058
1066
1045
989
999
989
949
954
945
938
915
883
933
904
887
936
938
998
1077
1082
1128
1113
1143
1103
1146
1160
1156
1178
1193
1159
1141
1179
1189
1184
1197
1258
1226
1298
1382
1374
1415
1532
1506
1505
1570
1532
1534
1639
1652
1684
1723
1779
1736
1817
1813
1933
1950
1903
1978
2042
2137
2069
2109
2182
2166
2092
2184
2178
2245
2234
2195
2212
2191
2178
2130
2168
2154
2154
2116
2184
2160
2160
2169
2165
2164
2161
2255
2279
2251
2236
2222
2253
2200
2185
2241
2238
2217
2217
2211
2144
2201
2230
2251
2197
2305
2276
2291
2317
2307
2364
2259
2292
2281
2299
2324
2264
2293
2265
2258
2253
2209
2228
2291
2346
2349
2414
2370
2393
2357
2324
2361
2303
2315
2348
2283
2239
2223
2210
2181
2081
2113
2138
2049
2149
2179
2274
2257
2275
2231
2196
2247
2189
2212
2247
2155
2168
2225
2192
2133
2148
2146
2230
2203
2249
2308
2301
2257
2289
2248
2272
2170
2223
2203
2261
2225
2215
2165
2162
2168
2141
2214
2177
2228
2240
2267
2222
2250
2282
2268
2265
2260
2290
2214
2248
2306
2309
2258
2245
2243
2262
2281
2414
2459
2547
2676
2627
2730
2793
2736
2711
2732
2700
2495
2529
2470
2440
2345
2407
2424
2406
2282
2247
2235
2155
2096
2104
2052
2044
2179
2160
2146
2158
2073
2104
2084
2047
2009
2042
2032
1929
1973
2010
1956
1981
2046
2100
2077
2126
2079
2114
2076
2113
2041
1902
1982
1887
1881
1911
1915
1833
1804
1832
1845
1779
1737
1720
1736
1700
1746
1587
1665
1661
1720
1681
1679
1620
1691
1790
1802
1747
1786
1746
1617
1621
1637
1501
1556
1506
1504
1482
1494
1499
1437
1458
1564
1562
1501
1520
1472
1541
1418
1403
1306
1249
1199
1218
1208
1185
1141
1128
1191
1196
1113
1074
1088
968
968
964
859
807
804
756
810
799
816
846
857
807
819
843
851
921
927
950
966
945
1003
1068
1059
1085
1135
1210
1193
1241
1250
1244
1215
1227
1203
1176
1165
1208
1178
1175
1154
1081
1145
1150
1147
1054
1114
1162
1196
1256
1325
1345
1491
1055
988
1047
988
1007
1049
1043
984
1005
993
1010
980
1038
1020
1026
1068
1107
1026
998
1026
1039
1018
1023
1037
987
1544
1517
1512
1471
1466
1481
1528
1466
1411
1406
1389
1414
1380
1451
1381
1377
1012
1022
955
944
945
963
887
885
1100
1176
1113
1112
1143
1095
1203
1203
1286
1318
1381
1302
1390
1324
1283
1194
1252
1024
985
984
946
986
988
958
991
1167
1184
1168
1123
1184
1167
1163
1152
1390
1320
1287
1255
1226
1157
1122
1107
1110
1080
1094
1042
1073
1086
1055
1056
1170
1172
1128
1167
1138
1210
1149
1124
1230
1189
1140
1045
1052
1073
1120
1162
1174
1028
1004
1026
1030
1030
1015
988
1044
1054
1003
974
916
978
987
983
967
926
929
953
949
910
885
894
842
725
770
811
730
740
710
746
773
746
753
734
764
779
725
727
693
704
702
726
712
763
762
827
819
819
848
810
853
841
810
831
843
810
960
972
1001
1042
997
1023
1077
1135
1159
1187
1195
1164
1184
1143
1149
1137
956
974
927
894
906
907
933
922
887
1256
1301
1288
1261
1239
1241
1252
1230
1375
1372
1363
1463
1416
1408
1325
1308
1361
1313
1324
1335
1359
1389
1379
1400
1507
1485
1421
1517
1508
1629
1599
1682
1740
1677
1583
1577
1487
1548
1485
1533
1581
1681
1653
1566
1492
1471
1340
1321
1331
1306
1324
1402
1447
1463
1571
1513
1595
1472
1530
1529
1564
1630
1639
1591
1588
1491
1539
1459
1485
1496
1512
1555
1624
1737
1787
1711
1740
1689
1685
1638
1626
1542
1507
1475
1478
1500
1519
1633
1621
1604
1533
1644
1681
1712
1666
1637
1639
1603
1550
1588
1540
1451
1462
1474
1492
1505
1586
1592
1537
1557
1445
1438
1390
1462
1461
1439
1546
1533
1615
1631
1491
1525
1474
1429
1493
1451
1511
1585
1546
1617
1605
1648
1600
1575
1571
1449
1317
1289
1211
1209
1229
1195
1196
1212
1234
1198
1176
1154
1098
1115
1143
1133
1146
1131
1191
1128
1135
1068
1118
1110
1141
1097
1117
1128
1135
1116
1154
1152
1120
1128
1108
1117
1136
1121
1164
1145
1163
1146
1200
1194
1209
1140
1094
1068
1091
1082
1089
1052
1089
1085
1071
1064
1088
1068
1108
1105
1178
1191
1149
1139
1162
1194
1144
1151
1215
1214
1178
1193
1191
1149
1164
1166
1156
1144
1113
1066
1097
1099
1111
1034
1047
1038
1025
1014
1033
974
992
991
969
1005
1000
994
993
999
1010
983
1010
944
1024
1014
977
1014
1001
1032
1000
1025
1035
1069
1017
1015
1016
1029
1011
1070
1080
1089
1020
1038
988
1026
1039
1073
1074
1064
1070
998
1057
1101
1067
1086
1045
1081
1080
1030
1029
1060
1071
966
1060
1060
1045
1055
1078
1057
1045
1053
1122
1084
1068
1026
1079
1025
1020
972
1034
1006
990
984
959
1006
1008
929
1012
999
1001
990
948
974
949
916
991
954
970
950
927
963
923
912
977
939
950
946
903
967
916
913
904
903
945
922
921
988
928
916
916
898
891
938
945
915
919
951
916
965
979
938
1012
936
956
978
1002
980
992
1001
1001
993
971
1028
1012
1008
1063
1011
1048
1101
1104
1111
1076
1083
1145
1153
1142
1152
1129
1123
1145
1149
1155
1166
1146
1134
1154
1196
1193
1224
1164
1192
1129
1201
1192
1230
1203
1205
1178
1169
1168
1216
1186
1176
1173
1168
1151
1149
1218
1205
1199
1218
1248
1210
1168
1183
1187
1197
1170
1155
1134
1162
1164
1137
1094
1106
1077
1101
1108
1059
1123
1100
1104
1100
1118
1124
1104
1125
1070
1075
1018
1050
1007
1053
1028
1030
1043
1055
1043
1066
1085
1048
1034
1039
1064
1093
1132
1135
1108
1107
1117
1131
1131
1113
1118
1117
1118
1097
1161
1151
1101
1158
1131
1134
1129
1148
1124
1118
1142
1090
1154
1160
1164
1163
1122
1159
1187
1213
1222
1344
1355
1378
1510
1599
1624
1605
1531
1612
1571
1507
1434
1320
1333
1322
1296
1313
1276
1406
1457
1513
1526
1575
1618
1658
1671
1694
1626
1592
1581
1624
1630
1557
1613
1527
1467
1496
1430
1409
1417
1535
1568
1610
1557
1563
1529
1560
1522
1529
1481
1393
1334
1248
1231
1244
1218
1345
1320
1391
1457
1545
1513
1473
1463
1365
1359
1317
1356
1374
1385
1476
1390
1334
1385
1393
1430
1492
1402
1374
1452
1401
1426
1309
1189
1173
1058
1048
1035
1079
1101
1122
1245
1275
1355
1362
1446
1378
1404
1439
1440
1522
1482
1462
1391
1411
1374
1432
1400
1397
1455
1527
1497
1504
1448
1409
1338
1303
1313
1211
1160
1156
1160
1198
1234
1249
1308
1346
1401
1356
1411
1442
1431
1354
1421
1426
1402
1382
1351
1316
1233
1274
1290
1324
1287
1343
1337
1288
1206
1141
1140
1242
1283
1319
1337
1345
1318
1250
1129
1183
1251
1238
1264
1245
1334
1377
1322
1421
1440
1390
1264
1230
1093
1084
963
964
968
957
946
946
968
985
951
1007
986
964
925
960
954
1036
1018
978
1011
1004
1002
965
988
925
982
964
978
950
994
918
967
936
936
954
941
943
992
932
966
1002
980
970
994
993
926
947
991
932
969
938
945
916
938
898
919
908
932
920
875
901
935
924
992
974
970
922
957
888
932
958
929
890
881
935
906
906
943
906
938
938
860
940
927
971
957
954
974
978
968
935
928
944
941
926
921
947
962
980
971
970
1015
1025
1047
1039
1000
1018
1041
998
1021
985
991
1011
992
993
955
955
971
977
1025
984
981
973
999
1026
1031
1016
1013
1027
1007
1011
1026
955
985
991
1015
1005
1031
1046
1046
1057
1045
1069
1030
1078
1087
1088
1119
1169
1113
1115
1104
1067
1062
1049
1018
1076
1084
1074
1028
1105
1080
1104
1141
1106
1091
1098
1069
1079
1062
1058
1056
1066
1040
1063
1036
1040
1103
1076
1106
1085
1053
1059
1035
1061
1054
1045
1036
1043
1012
1032
1037
985
1024
998
1000
1007
1004
1029
1030
1004
989
993
1028
1007
1000
987
997
1025
1043
1041
1061
1055
1089
1097
1122
1117
1109
1062
1035
1016
1083
1044
1009
994
1044
1052
1030
1002
1029
1016
1024
1020
1051
1073
1049
1135
1057
1101
1081
1050
1088
1126
1094
1064
1074
1063
1080
1092
1038
1103
1070
1069
1080
1076
1099
1084
1084
1095
1061
1104
1169
1071
1077
1081
1083
1015
1018
1073
1032
1029
1019
1006
994
995
999
963
1025
991
982
986
907
922
914
958
925
941
945
954
939
962
953
936
957
978
985
965
965
878
940
977
933
966
927
976
974
949
934
961
946
979
1025
1070
1048
1032
1068
1075
1031
1038
1104
1071
1069
1018
1084
1082
1080
1097
1087
1091
1084
1109
1112
1196
1177
1202
1183
1216
1191
1214
1204
1245
1189
1167
1185
1131
1161
1165
1171
1180
1213
1137
1189
1192
1252
1248
1278
1282
1335
1313
1266
1318
1267
1316
1366
1419
1451
1492
1452
1499
1540
1541
1562
1546
1494
1490
1516
1567
1553
1582
1567
1434
1433
1367
1434
1385
1410
1438
1497
1581
1518
1502
1444
1407
1356
1318
1330
1295
1270
1294
1235
1236
1181
1186
1183
1183
1207
1272
1312
1434
1390
1419
1387
1304
1309
1261
1204
1155
1189
1115
1100
1153
1177
1134
1136
1157
1109
1118
1096
1024
881
837
801
758
711
731
728
739
714
715
675
669
685
581
542
491
419
329
246
199
147
146
121
101
91
84
85
70
201
194
217
209
223
202
200
176
192
208
167
110
99
87
78
67
82
103
87
89
82
100
102
110
116
104
105
109
112
108
96
100
110
108
113
106
106
97
88
77
75
103
91
95
70
67
79
62
69
137
123
107
125
115
101
102
98
139
161
141
153
153
154
153
160
204
215
201
225
217
213
218
256
285
278
286
318
304
301
294
269
300
262
268
257
233
207
205
192
191
200
191
179
169
181
164
169
164
156
183
178
206
207
230
218
203
215
202
191
172
194
195
186
166
150
151
151
150
134
165
158
161
153
180
154
150
152
143
128
154
103
103
106
106
100
101
122
116
111
77
97
88
89
69
86
78
74
70
62
63
75
82
67
59
50
67
65
71
55
48
54
60
55
95
98
94
76
84
75
81
86
108
108
103
96
89
89
80
78
94
102
89
98
90
97
108
97
95
101
100
111
106
106
114
111
102
103
113
118
117
108
108
114
103
114
112
108
109
106
112
108
116
127
116
124
119
129
145
128
147
143
145
141
136
125
141
145
153
166
157
159
162
146
161
167
188
199
178
179
192
197
211
203
215
238
228
220
260
251
281
302
318
292
236
246
268
258
277
268
275
269
207
201
190
203
190
192
211
224
202
190
202
202
214
236
232
251
261
197
195
187
200
195
203
205
211
221
240
228
270
248
282
270
265
289
305
315
282
289
288
278
273
269
301
294
283
264
280
274
252
257
226
219
235
229
209
224
228
212
232
233
208
224
225
212
207
205
247
239
228
228
227
225
202
212
104
89
100
84
85
82
89
78
91
87
89
87
90
91
91
97
160
183
175
206
244
273
328
384
362
391
410
411
436
449
465
511
485
395
405
408
386
422
441
486
493
471
457
466
440
436
401
352
288
273
267
228
197
186
182
197
231
362
404
430
467
489
529
537
524
408
421
419
396
365
320
321
318
198
190
203
177
149
141
120
100
84
95
96
101
76
99
83
74
71
94
95
98
89
105
111
111
122
218
208
202
221
195
208
194
211
199
212
242
257
261
263
253
261
328
352
334
320
330
349
331
311
312
367
348
363
360
342
337
365
359
218
233
217
227
205
216
199
215
174
170
162
185
203
206
224
209
165
168
158
180
174
163
163
157
167
186
173
179
183
204
194
220
223
189
182
192
182
171
176
135
156
156
139
114
103
98
97
75
83
216
242
238
259
296
319
340
312
331
334
371
363
351
362
342
318
182
200
187
160
161
170
159
159
102
82
97
80
94
77
92
74
81
90
86
77
94
90
96
88
72
129
127
134
150
169
147
188
197
185
186
196
210
209
191
185
194
172
206
181
184
207
175
189
183
305
289
320
325
331
315
304
338
255
274
260
254
267
252
268
254
273
289
279
287
307
323
308
306
299
310
325
309
304
309
301
295
296
321
334
319
331
318
331
301
301
415
389
402
384
387
379
359
369
169
157
151
141
159
155
146
125
108
110
101
106
110
100
112
118
120
183
168
182
157
155
172
152
172
94
91
94
83
75
83
81
81
80
67
78
79
89
90
80
83
119
112
108
97
81
89
87
80
173
190
189
195
208
185
189
198
257
298
275
278
267
266
292
303
285
153
153
159
151
154
150
159
154
141
130
120
100
70
70
81
79
111
106
103
92
91
102
108
99
135
141
124
151
138
133
133
129
195
205
215
221
210
239
242
257
265
253
226
251
229
225
225
232
219
242
234
221
237
216
224
234
222
208
233
204
204
180
162
145
147
117
102
96
105
106
98
108
98
146
158
210
215
257
295
340
371
328
361
410
430
461
474
531
532
551
464
470
496
513
530
528
524
520
533
504
483
460
418
378
328
279
264
244
198
200
170
154
162
149
298
295
286
309
311
319
336
311
218
224
185
207
187
205
184
167
144
153
134
161
121
97
115
94
80
88
95
82
84
92
86
95
100
137
136
140
140
155
167
178
177
244
255
248
249
261
248
255
257
238
252
266
277
286
289
311
275
319
292
302
308
327
327
349
308
328
252
268
249
273
267
274
274
270
174
178
186
204
207
194
217
188
178
208
188
197
212
216
217
207
144
143
133
152
162
144
152
155
113
112
98
101
95
105
99
96
86
94
93
95
85
86
79
85
66
145
169
163
180
197
169
184
187
233
212
229
212
210
198
187
191
101
82
82
90
85
76
66
91
92
85
84
74
83
89
64
71
93
92
102
102
104
110
94
111
127
197
222
204
203
203
220
225
236
231
214
220
228
236
218
238
244
295
296
314
321
314
313
311
303
311
308
291
288
287
294
297
244
218
192
198
191
200
206
191
185
202
201
216
223
200
220
226
218
227
176
171
146
153
140
149
158
160
147
150
152
146
140
125
164
140
128
124
148
152
166
175
160
159
147
162
145
174
155
142
150
161
179
200
214
212
216
194
191
200
175
166
157
149
139
153
183
167
157
154
142
163
150
140
141
156
166
189
166
172
195
216
214
248
227
198
181
180
216
201
162
164
155
175
172
190
199
210
187
221
205
175
172
175
181
175
159
155
139
133
139
144
133
177
156
147
157
156
165
166
160
162
141
155
132
154
170
178
171
156
183
167
173
184
159
165
164
169
157
171
168
165
166
166
166
157
174
177
167
169
176
170
187
167
153
173
195
206
185
186
180
202
187
195
167
183
174
209
214
197
202
222
215
189
210
207
229
221
207
215
218
224
212
202
190
179
199
207
183
216
209
207
215
225
204
212
217
206
215
208
210
176
202
177
195
191
199
183
149
148
143
143
149
161
134
128
147
141
126
143
159
184
167
166
139
140
146
136
153
151
140
150
170
176
156
149
162
170
153
165
139
140
133
133
151
154
155
155
154
149
152
155
127
139
152
132
160
183
166
159
169
152
146
148
162
198
172
189
182
158
157
145
151
170
172
173
170
173
163
171
153
187
205
173
169
172
163
165
161
163
171
159
152
175
167
154
155
165
150
170
157
171
166
184
197
218
230
229
234
216
210
207
191
174
198
170
155
173
192
181
167
176
129
145
141
157
149
140
136
139
158
159
165
189
184
196
195
189
222
197
204
181
185
161
141
123
137
133
147
157
135
125
162
163
140
114
147
160
180
191
167
166
165
169
152
148
156
160
155
148
138
139
138
149
162
154
142
150
134
120
126
129
160
146
173
163
171
161
134
130
128
125
131
142
146
138
144
146
148
134
157
137
136
146
148
144
146
135
135
122
123
132
132
140
141
129
138
146
127
143
125
129
126
136
117
133
114
122
129
136
133
136
130
141
128
144
149
123