0.427973
0.438262
0.427973
0.409207
0.441114
0.41387
0.434447
0.416695
0.434447
0.395057
0.407689
0.412432
0.438262
0.412432
0.441114
0.407023
0.4158
0.413515
0.207197
0.219657
0.244176
0.275505
0.285774
0.285774
0.250293
0.226085
0.202409
0.269452
0.269452
0.2051
0.21609
0.344062
0.227536
0.344062
0.204423
0.187463
0.187715
0.185284
0.23523
0.20981
0.254062
0.256998
0.271677
0.279611
0.273428
0.284198
0.346314
0.278066
0.29436
0.278066
0.273185
0.346314
0.279611
0.29436
0.268512
0.273847
0.271542
0.331643
0.270241
0.260219
0.281382
0.255183
0.291135
0.232255
0.291135
0.289763
0.289763
0.265286
0.225901
0.281382
0.275917
0.231635
0.231635
0.220897
0.282358
0.282358
0.241788
0.257173
0.291524
0.291524
0.254753
0.219161
0.229745
0.235638
0.231472
0.235638
0.172262
0.173081
0.16282
0.174802
0.136761
0.129227
0.09335
0.0846762
0.0846762
0.078177
0.078177
0.0720533
0.0587347
0.100349
0.100349
0.0967976
0.108031
0.0904105
0.124258
0.124258
0.127742
0.122455
0.127742
0.0952594
0.101574
0.10637
0.101723
0.10637
0.0918612
0.103788
0.0916379
0.0920575
0.098072
0.101517
0.101517
0.0938961
0.0959328
0.103788
0.100339
0.0916951
0.0911796
0.0833584
0.0951424
0.0993532
0.0974461
0.114991
0.114991
0.119053
0.119053
0.105183
0.0893093
0.0979972
0.0979972
0.112949
0.112949
0.102812
0.102239
0.102812
0.0769716
0.0872689
0.0864273
0.0864273
0.0806285
0.0824205
0.0850757
0.0850757
0.0871711
0.0960287
0.0960287
0.0815558
0.0871711
0.108803
0.108803
0.0914303
0.105448
0.105448
0.108063
0.139792
0.139792
0.13042
0.15446
0.15446
0.158416
0.158416
0.13649
0.146384
0.11721
0.142525
0.103616
0.10433
0.10433
0.111968
0.111968
0.109149
0.093631
0.0967001
0.105192
0.105192
0.0937151
0.108734
0.108734
0.0959596
0.126217
0.126217
0.106421
0.0979293
0.0979293
0.0929437
0.0845025
0.0822597
0.11512
0.11512
0.0886995
0.102662
0.102662
0.106778
0.107213
0.107213
0.110673
0.110673
0.100607
0.094658
0.101635
0.0910716
0.114544
0.115722
0.129557
0.0944302
0.129557
0.122684
0.104856
0.122684
0.113297
0.113297
0.102362
0.123734
0.123734
0.124023
0.14025
0.176884
0.176884
0.13955
0.13955
0.135816
0.13775
0.13775
0.122287
0.121338
0.139142
0.139142
0.158854
0.158854
0.133568
0.133138
0.14693
0.14693
0.163456
0.163456
0.154253
0.154253
0.153752
0.169492
0.169492
0.17646
0.17646
0.179787
0.179787
0.159741
0.169665
0.179373
0.179373
0.192269
0.192269
0.191725
0.169801
0.169801
0.180205
0.192461
0.192461
0.18351
0.183519
0.183519
0.158901
0.181442
0.181442
0.178827
0.175462
0.177337
0.177976
0.184356
0.22114
0.22114
0.204088
0.204088
0.190749
0.190749
0.169033
0.170954
0.179598
0.18479
0.191475
0.224213
0.224213
0.196656
0.207012
0.185029
0.199771
0.205987
0.222824
0.222824
0.206742
0.206742
0.16437
0.16437
0.158006
0.189389
0.189389
0.150014
0.150014
0.144904
0.144904
0.154228
0.154228
0.154037
0.144445
0.11054
0.11054
0.119
0.138456
0.142087
0.142087
0.153613
0.153613
0.133715
0.128239
0.128239
0.114336
0.113093
0.118537
0.151067
0.167223
0.167223
0.142572
0.171663
0.171663
0.140351
0.169376
0.169376
0.159375
0.159375
0.156835
0.156835
0.152861
0.164243
0.164243
0.120573
0.129514
0.129514
0.109348
0.131575
0.131575
0.117284
0.101661
0.101661
0.0797063
0.0979745
0.0979745
0.11057
0.11057
0.090319
0.090319
0.0849332
0.0890644
0.0890644
0.0949723
0.102483
0.10808
0.108478
0.122233
0.122233
0.110016
0.0998685
0.104251
0.11063
0.11063
0.102581
0.11968
0.145699
0.145699
0.13524
0.13524
0.142355
0.142355
0.149164
0.149164
0.156754
0.156754
0.146658
0.149662
0.149662
0.137791
0.154141
0.158448
0.158448
0.141061
0.139118
0.135742
0.139118
0.137818
0.133636
0.133636
0.145401
0.145401
0.130611
0.136281
0.136281
0.149513
0.149513
0.138969
0.156799
0.156799
0.150718
0.150718
0.139484
0.154356
0.154356
0.164864
0.164864
0.156205
0.182561
0.182561
0.151491
0.151095
0.151095
0.140015
0.175569
0.175569
0.156996
0.158773
0.158773
0.154524
0.137517
0.142462
0.159752
0.159752
0.151957
0.150064
0.150064
0.143235
0.157302
0.157302
0.135919
0.133758
0.133298
0.124685
0.123906
0.121187
0.107805
0.107805
0.100064
0.100344
0.100344
0.0995094
0.12409
0.12409
0.102603
0.104761
0.150317
0.150317
0.116632
0.12054
0.12054
0.141375
0.156889
0.156889
0.124114
0.155401
0.155401
0.140521
0.140521
0.13699
0.151161
0.151161
0.146234
0.140808
0.137688
0.140808
0.143463
0.143463
0.134197
0.134197
0.141665
0.141665
0.135907
0.120332
0.120332
0.112232
0.103069
0.0948792
0.0892013
0.0838261
0.0783833
0.0629486
0.0456378
0.0479228
0.0482696
0.0482696
0.0464013
0.0612072
0.0612072
0.0519705
0.0570858
0.0584884
0.0584884
0.0508376
0.0585457
0.0585457
0.0761385
0.0794392
0.0794392
0.0797241
0.0797241
0.0788527
0.0788527
0.0809052
0.0813929
0.0813929
0.0764451
0.0674696
0.0784684
0.0784684
0.0649902
0.0704189
0.0739084
0.0647579
0.0710166
0.0800577
0.0800577
0.101913
0.0707718
0.101913
0.0806506
0.081083
0.081083
0.0840374
0.0840374
0.0758669
0.0734656
0.0734656
0.0669301
0.0745457
0.0964608
0.0964608
0.100365
0.100365
0.0883665
0.11023
0.118058
0.118058
0.089994
0.089994
0.098877
0.098877
0.114146
0.114146
0.102021
0.104784
0.104784
0.110828
0.137499
0.137499
0.140834
0.140834
0.130752
0.13907
0.168533
0.168533
0.162762
0.162762
0.174045
0.174045
0.138456
0.16461
0.16461
0.226194
0.226194
0.196122
0.187689
0.207107
0.207107
0.205678
0.205678
0.183496
0.183496
0.140443
0.143427
0.146322
0.146322
0.144342
0.174027
0.174027
0.195887
0.195887
0.187178
0.187872
0.187872
0.178768
0.15713
0.15713
0.150749
0.142868
0.143286
0.143286
0.136176
0.150832
0.150832
0.126695
0.126695
0.126082
0.139499
0.149107
0.149107
0.0998094
0.0998094
0.0962089
0.107148
0.113889
0.113889
0.103334
0.110119
0.13883
0.13883
0.140463
0.140463
0.123987
0.118753
0.111951
0.114028
0.114028
0.105135
0.110056
0.113192
0.113192
0.111381
0.122359
0.152461
0.152461
0.150511
0.138964
0.138964
0.141657
0.141657
0.150344
0.158434
0.168649
0.170189
0.170189
0.164523
0.181185
0.212752
0.212752
0.196341
0.196341
0.195092
0.195092
0.185665
0.178794
0.178794
0.21466
0.21466
0.199694
0.185072
0.175388
0.183658
0.185746
0.185746
0.180799
0.180799
0.175614
0.192768
0.192768
0.173298
0.157896
0.177292
0.177959
0.177959
0.190228
0.190228
0.201271
0.201271
0.191203
0.188154
0.188154
0.183977
0.211579
0.211579
0.177561
0.166487
0.167136
0.167604
0.181615
0.181615
0.187405
0.187405
0.184666
0.179405
0.179005
0.21053
0.21053
0.213498
0.213498
0.22667
0.208363
0.22667
0.200513
0.224795
0.224795
0.214578
0.215372
0.225752
0.225752
0.199274
0.196125
0.192949
0.192949
0.188054
0.192732
0.224229
0.224229
0.21304
0.21304
0.211773
0.206972
0.206972
0.183386
0.172832
0.172832
0.166948
0.177592
0.208608
0.208608
0.17375
0.17375
0.173321
0.16179
0.16179
0.159461
0.159461
0.147807
0.147807
0.147518
0.144365
0.135683
0.153404
0.153404
0.152908
0.155055
0.164831
0.164831
0.161004
0.151668
0.152668
0.152668
0.154968
0.154968
0.153119
0.153119
0.165279
0.165279
0.166887
0.166887
0.143213
0.177119
0.177119
0.141634
0.154909
0.154909
0.147
0.135426
0.156725
0.162295
0.162295
0.130278
0.119923
0.126335
0.126335
0.111038
0.111038
0.103749
0.0834667
0.0766774
0.076144
0.0893139
0.131276
0.131276
0.0985113
0.0985113
0.0970942
0.0970942
0.0969664
0.112263
0.112263
0.140068
0.137447
0.140068
0.128323
0.184474
0.184474
0.186697
0.186697
0.205202
0.205202
0.202873
0.198397
0.220398
0.226465
0.226465
0.196017
0.206607
0.206607
0.192859
0.188005
0.154617
0.118036
0.0902777
0.0873731
0.0639145
0.0664538
0.0734054
0.0747352
0.0923101
0.103016
0.103016
0.102931
0.102931
0.102379
0.108967
0.116125
0.104289
0.116125
0.0942262
0.104289
0.0829988
0.0873097
0.0738973
0.0845607
0.0957011
0.0967933
0.116694
0.116694
0.122756
0.122756
0.111017
0.115816
0.149327
0.170311
0.170311
0.163582
0.143175
0.149866
0.149866
0.139922
0.154631
0.190891
0.190891
0.171936
0.163303
0.163224
0.163303
0.167509
0.167509
0.159183
0.159183
0.160675
0.160675
0.145142
0.140445
0.14204
0.17187
0.17386
0.17386
0.149681
0.149681
0.155102
0.155102
0.153657
0.169204
0.169204
0.151865
0.151865
0.130337
0.0995478
0.12967
0.160999
0.160999
0.132904
0.116697
0.138329
0.138329
0.136461
0.124045
0.104204
0.0943318
0.0713324
0.0830876
0.0830876
0.0727879
0.0924185
0.126364
0.126364
0.133447
0.134845
0.134845
0.128464
0.128464
0.147257
0.15975
0.15975
0.150373
0.146405
0.147817
0.167237
0.189561
0.189561
0.176972
0.18319
0.212753
0.212753
0.212966
0.239223
0.239223
0.263165
0.263165
0.219285
0.217083
0.229754
0.229754
0.220177
0.220177
0.186043
0.187032
0.199683
0.206062
0.206062
0.174961
0.174961
0.134821
0.11197
0.067556
0.0761525
0.0976375
0.0976375
0.0960958
0.0960958
0.0959662
0.0894536
0.0819626
0.0976254
0.0976254
0.0751437
0.0840441
0.0874945
0.0896308
0.0896308
0.087542
0.109054
0.109054
0.110503
0.110752
0.110752
0.0880936
0.0745143
0.0994294
0.0994294
0.0895565
0.0895565
0.0859799
0.0859799
0.0957466
0.0957466
0.0677586
0.0744548
0.0744548
0.106958
0.106958
0.0936278
0.124086
0.144353
0.144353
0.133742
0.107465
0.135224
0.165284
0.165284
0.157443
0.157443
0.119503
0.151242
0.152901
0.152901
0.145964
0.145964
0.15383
0.163412
0.163412
0.153794
0.173755
0.173755
0.146432
0.121972
0.137525
0.137525
0.133658
0.149244
0.149244
0.125881
0.125404
0.125404
0.112536
0.0938867
0.0993891
0.0993891
0.078826
0.064447
0.067987
0.0823625
0.0823625
0.0796765
0.0855374
0.0977756
0.113016
0.113016
0.104041
0.103287
0.109737
0.134008
0.134008
0.11807
0.130846
0.134185
0.134185
0.125748
0.124478
0.145212
0.145212
0.119652
0.115297
0.109146
0.106843
0.103068
0.103068
0.0996634
0.0996634
0.101228
0.111546
0.111546
0.112078
0.112078
0.101646
0.0974374
0.0812317
0.107671
0.107671
0.0947401
0.0838091
0.0980108
0.118123
0.121097
0.13444
0.139868
0.155379
0.155379
0.146893
0.130203
0.130203
0.15241
0.161038
0.161038
0.150249
0.121918
0.171288
0.171288
0.168487
0.136199
0.156017
0.156017
0.12597
0.159734
0.159734
0.151397
0.165464
0.165464
0.138132
0.163201
0.164863
0.164863
0.134319
0.14246
0.144691
0.144691
0.111313
0.14219
0.14219
0.14018
0.149072
0.149072
0.101137
0.101137
0.094249
0.0812643
0.0592108
0.0592108
0.0532004
0.0694514
0.0694514
0.0693248
0.0780484
0.0780484
0.0844615
0.0844615
0.0828537
0.11859
0.140547
0.144751
0.144751
0.136894
0.0986445
0.122226
0.122226
0.106834
0.106834
0.104923
0.084848
0.090935
0.090935
0.0891691
0.0798261
0.0798261
0.0673439
0.0684056
0.0787604
0.0787604
0.0792263
0.0792263
0.0757073
0.0950418
0.0974008
0.0974008
0.105997
0.120879
0.120879
0.0976637
0.0950771
0.110294
0.144723
0.145257
0.145257
0.15182
0.15182
0.152598
0.168835
0.168835
0.168265
0.168265
0.159216
0.14226
0.153831
0.153831
0.14102
0.171389
0.171389
0.146011
0.149898
0.181323
0.181323
0.172211
0.142844
0.178713
0.178713
0.163257
0.189893
0.189893
0.195159
0.201566
0.202557
0.208906
0.220277
0.220927
0.209277
0.236285
0.236285
0.222329
0.224271
0.2136
0.201988
0.222822
0.222822
0.248715
0.248715
0.194359
0.207464
0.223014
0.238769
0.238769
0.205721
0.205721
0.197577
0.185985
0.214756
0.214756
0.219982
0.219982
0.190998
0.20166
0.20166
0.169729
0.141868
0.160359
0.160359
0.153337
0.15334
0.15334
0.170506
0.170506
0.16645
0.181454
0.181454
0.166376
0.180796
0.180796
0.165334
0.151797
0.149597
0.14318
0.124402
0.120714
0.129694
0.129694
0.127562
0.127562
0.118167
0.135672
0.135672
0.134159
0.152683
0.152683
0.171222
0.171222
0.198921
0.198921
0.180851
0.180851
0.158023
0.158023
0.109118
0.166413
0.166413
0.151703
0.151703
0.187637
0.187637
0.159053
0.152812
0.152812
0.167665
0.174684
0.234791
0.263591
0.265098
0.265098
0.234791
0.163217
0.17448
0.189423
0.189423
0.155473
0.186715
0.177964
0.186715
0.190244
0.193122
0.193122
0.146765
0.145975
0.145975
0.156525
0.156525
0.167141
0.167141
0.174307
0.174307
0.164969
0.151299
0.161981
0.161981
0.163284
0.163284
0.154753
0.140737
0.140737
0.120391
0.120391
0.116944
0.149448
0.149448
0.141426
0.0683578
0.0735823
0.0934307
0.0968517
0.0968517
0.0877887
0.103731
0.103731
0.0845911
0.0914259
0.0914259
0.0909513
0.08901
0.0850403
0.0850403
0.0785791
0.0785791
0.0975359
0.0975359
0.0648449
0.06518
0.0732082
0.0732082
0.0866603
0.0866603
0.0520665
0.0520665
0.0701142
0.0767865
0.0767865
0.0625321
0.0496061
0.0515362
0.102731
0.102731
0.0862224
0.075353
0.0721515
0.0648
0.0879074
0.0879074
0.06474
0.0502048
0.0599988
0.0599988
0.0568071
0.0673054
0.0673054
0.0858887
0.0759959
0.0743064
0.0743064
0.0931302
0.0931302
0.101071
0.101071
0.0888855
0.141073
0.168634
0.168634
0.140355
0.148375
0.148375
0.126792
0.0992772
0.0992772
0.111599
0.111599
0.111316
0.123258
0.123258
0.109833
0.106901
0.106901
0.0923073
0.0991914
0.11329
0.11329
0.121816
0.121816
0.116524
0.165242
0.165242
0.154323
0.122542
0.122542
0.102209
0.13282
0.13282
0.131952
0.116481
0.120662
0.120662
0.173232
0.173232
0.143723
0.143723
0.130073
0.152222
0.152222
0.153569
0.153569
0.133603
0.160571
0.179793
0.224627
0.224627
0.204847
0.19898
0.19898
0.204286
0.204286
0.170407
0.153451
0.166257
0.166257
0.156181
0.171964
0.171964
0.169914
0.169914
0.134698
0.148472
0.148472
0.128788
0.125837
0.127567
0.133515
0.133515
0.102934
0.108318
0.108318
0.103392
0.103392
0.105989
0.10626
0.129957
0.132297
0.132297
0.130116
0.0951005
0.094538
0.131523
0.131523
0.120572
0.133869
0.133869
0.163385
0.163385
0.159594
0.178635
0.178635
0.14966
0.178068
0.178068
0.171638
0.185448
0.185448
0.152662
0.139889
0.16908
0.16908
0.142308
0.162541
0.162541
0.142093
0.152331
0.152331
0.140491
0.169038
0.169038
0.156394
0.110236
0.111929
0.15082
0.153321
0.153321
0.171934
0.188605
0.188605
0.198714
0.198714
0.1921
0.197881
0.206998
0.206998
0.203647
0.203239
0.203239
0.23827
0.23827
0.208988
0.208988
0.249531
0.249531
0.204185
0.223521
0.223521
0.192737
0.196336
0.196336
0.217449
0.217449
0.194629
0.184249
0.206797
0.206797
0.210802
0.205753
0.224122
0.23421
0.23421
0.232306
0.232306
0.228567
0.221379
0.228273
0.228273
0.22274
0.22274
0.220537
0.220537
0.223037
0.223037
0.212114
0.215697
0.215697
0.212715
0.214836
0.244929
0.244929
0.184554
0.180623
0.16711
0.164951
0.154115
0.173484
0.173484
0.1533
0.1533
0.163154
0.163154
0.128122
0.0838548
0.0846791
0.0846791
0.0921928
0.0921928
0.0865937
0.0825996
0.0735857
0.0825996
0.0808921
0.0773248
0.0773248
0.0721002
0.0664824
0.0642869
0.0721002
0.0630912
0.0630912
0.0752299
0.0666316
0.0752299
0.0824301
0.078867
0.0824301
0.0822091
0.0860188
0.0860188
0.081933
0.085069
0.085069
0.0711198
0.0616093
0.0854709
0.0854709
0.0887561
0.0887561
0.0743719
0.0776897
0.0683059
0.081681
0.0802822
0.081681
0.0897802
0.0849586
0.0897802
0.0764032
0.0753472
0.090982
0.090982
0.0840378
0.0754083
0.0840378
0.0662422
0.0772281
0.0649147
0.087164
0.087164
0.0621428
0.0621428
0.0601661
0.0637367
0.069199
0.069199
0.0604595
0.0600046
0.070475
0.0711814
0.0711814
0.0575989
0.0530189
0.0762873
0.0762873
0.0688658
0.0787844
0.0787844
0.0681771
0.0643185
0.0651544
0.106958
0.106958
0.0831288
0.0831288
0.0707185
0.0894118
0.0894118
0.0742479
0.0742479
0.083275
0.0632678
0.083275
0.0756041
0.0756041
0.0719091
0.0641701
0.0773281
0.0981449
0.0981449
0.0635953
0.063116
0.0572885
0.0670696
0.0707378
0.0707378
0.0694556
0.0728386
0.0895514
0.0895514
0.082871
0.082871
0.0532325
0.060215
0.0650778
0.0859345
0.0908235
0.0922218
0.110624
0.110624
0.0905738
0.0716808
0.0765508
0.0840613
0.0923491
0.0862537
0.0765508
0.0923491
0.0756415
0.078358
0.0584824
0.0724875
0.0724875
0.0873666
0.0884195
0.10551
0.130437
0.137777
0.137777
0.122702
0.0926286
0.0926286
0.12009
0.12009
0.0938102
0.0934403
0.0934403
0.084259
0.0960892
0.135656
0.155507
0.155507
0.155819
0.143225
0.155819
0.152182
0.157445
0.173684
0.180449
0.195441
0.205724
0.224756
0.237264
0.237264
0.240202
0.224756
0.211862
0.266837
0.266837
0.21508
0.240202
0.272065
0.24278
0.314943
0.264676
0.23391
0.314943
0.24278