98.36
98.2607
98.243
98.2634
98.2736
98.2902
98.2715
98.3454
98.3488
98.3634
98.2622
98.1562
98.0446
98.0047
98.0537
98.1043
98.0673
98.0264
97.99
97.957
97.9075
97.8634
97.7697
97.7499
97.7133
97.6997
97.6366
97.6939
97.7872
97.9128
97.97
98.0264
98.0911
98.1195
98.0506
98.1018
98.0832
98.1203
98.1202
98.2469
98.3694
98.41
98.3955
98.4326
98.4066
98.3067
98.1811
98.1895
98.1634
98.1829
98.2043
98.2505
98.2367
98.2775
98.2335
98.2124
98.212
98.1383
98.1976
98.1912
98.182
98.2156
98.2425
98.2703
98.4301
98.4196
98.482
98.5246
98.5132
98.4782
98.4971
98.554
98.6355
98.673
98.6974
98.6737
98.5962
98.6197
98.6459
98.6868
98.6869
98.6609
98.6429
98.6402
98.6363
98.6305
98.6212
98.6255
98.6506
98.662
98.6511
98.6113
98.5804
98.5875
98.5548
98.5412
98.5488
98.5269
98.5251
98.5293
98.5085
98.5155
98.6262
98.6612
98.6919
98.7548
98.7867
98.8389
98.8477
98.8745
98.8872
98.8999
98.8988
98.8796
98.8279
98.7148
98.7042
98.7323
98.733
98.7041
98.637
98.5282
98.4424
98.4786
98.6097
98.6369
98.6516
98.7014
98.7837
98.8104
98.7987
98.8047
98.8065
98.8011
98.7756
98.7695
98.7782
98.805
98.824
98.8114
98.7955
98.7749
98.7526
98.7273
98.7198
98.7153
98.7238
98.6847
98.6401
98.5773
98.5695
98.5503
98.566
98.6068
98.6174
98.6586
98.7002
98.7259
98.7215
98.7652
98.801
98.8299
98.8667
98.9083
98.9358
98.9306
98.9402
98.9266
98.9221
98.9253
98.8965
98.9055
98.9336
98.94
98.9422
98.9059
98.8812
98.8332
98.7777
98.7138
98.6448
98.5847
98.6011
98.6728
98.7298
98.7341
98.7013
98.6864
98.6681
98.745
98.877
98.9778
99.0306
99.0512
99.0841
99.0902
99.1147
99.1228
99.1118
99.1205
99.1424
99.152
99.149
99.1464
99.1513
99.1343
99.1036
99.0867
99.0619
99.0469
99.0378
99.0235
99.0366
99.0491
99.068
99.0866
99.0947
99.1258
99.1298
99.1407
99.1181
99.1364
99.1409
99.1497
99.1496
99.1331
99.1536
99.1731
99.1607
99.1385
99.1116
99.1109
99.0898
99.0874
99.0647
99.0459
99.0352
99.0224
99.0039
98.9879
98.9578
98.9229
98.8927
98.9136
98.939
98.9307
98.8928
98.9437
98.9511
98.9434
98.9089
98.8776
98.7935
98.757
98.7432
98.6977
98.6768
98.6686
98.6489
98.6448
98.6413
98.619
98.6034
98.6114
98.5986
98.5936
98.6112
98.6126
98.6351
98.6488
98.6636
98.749
98.7205
98.7114
98.6691
98.6426
98.6375
98.606
98.5948
98.5171
98.4458
98.3663
98.3403
98.3941
98.4098
98.4421
98.4735
98.4875
98.552
98.6537
98.6885
98.7325
98.8098
98.8495
98.8658
98.8921
98.8761
98.8367
98.8482
98.8582
98.8429
98.8227
98.7949
98.7689
98.8185
98.8289
98.8114
98.8342
98.899
98.8722
98.8332
98.8128
98.8309
98.7991
98.7578
98.7266
98.6936
98.6477
98.6147
98.6391
98.6729
98.618
98.5944
98.5348
98.4586
98.5097
98.6677
98.7978
98.8491
98.8796
98.9167
98.9666
98.9421
98.9449
98.9819
98.9647
98.953
99.006
99.0634
99.0979
99.123
99.1094
99.0863
99.107
99.1089
99.0897
99.0966
99.1013
99.1147
99.1382
99.103
99.0689
99.0572
99.0455
99.0147
98.9815
98.9148
98.8589
98.8325
98.8614
98.8613
98.9169
98.9244
98.9158
98.8856
98.8862
98.881
98.8868
98.8993
98.9379
98.9741
99.0287
99.0484
99.0332
99.0167
99.0365
99.0405
98.9995
99.0105
99.0106
99.0747
99.0689
99.0554
99.0482
99.0411
99.0508
99.0701
99.0809
99.1127
99.1452
99.1959
99.2279
99.3085
99.4601
99.4786
99.4876
99.4963
99.5113
99.5021
99.4762
99.4598
99.4635
99.4432
99.4419
99.442
99.4419
99.4448
99.4326
99.4066
99.3772
99.3448
99.2998
99.2383
99.171
99.1211
99.0949
99.1223
99.1077
99.1226
99.2574
99.3315
99.2758
99.2094
99.1597
99.0896
99.0322
98.8909
98.8394
98.9233
98.9489
98.9275
98.9163
98.9388
99.0213
99.0135
98.9526
98.8848
98.8428
98.8518
98.826
98.8321
98.8385
98.8452
98.8159
98.8004
98.817
98.824
98.7846
98.7025
98.6351
98.6127
98.5682
98.5956
98.7696
98.789
98.7787
98.8356
98.9037
98.9126
98.9446
99.0125
99.0066
99.0475
99.1174
99.1428
99.1652
99.1875
99.1922
99.1775
99.1613
99.1471
99.1196
99.1071
99.0925
99.0858
99.0886
99.0869
99.0614
99.0108
98.9514
98.9772
99.0565
99.1307
99.1179
99.0819
99.0632
99.0492
99.0432
99.0446
98.9746
99.1013
99.1427
99.1692
99.1695
99.151
99.1258
99.0716
99.0576
99.0454
99.0742
99.0497
99.0629
99.1028
99.1291
99.1181
99.1144
99.1669
99.1362
99.0905
99.0704
99.0711
99.0826
99.0934
99.0877
99.0792
99.0743
99.0606
99.0477
99.0242
99.0037
98.9775
98.9596
98.9409
98.9305
98.9364
98.9598
99.0008
99.0541
99.0852
99.1084
99.1262
99.1509
99.1712
99.1799
99.1452
98.999
99.0011
98.9824
98.9873
98.9523
98.894
98.8966
98.9048
98.9508
98.9848
99.0149
99.0455
99.0791
99.0593
99.0465
99.0105
98.9953
98.9889
98.9831
98.9661
98.989
98.9566
98.8933
98.8911
98.8772
98.8773
98.8797
98.8648
98.8167
98.8156
98.7821
98.7616
98.8628
98.8879
99.0173
99.0506
99.0724
99.0629
99.0615
98.9631
98.9306
98.8968
98.8643
98.839
98.7987
98.7396
98.6973
98.6656
98.6342
98.6299
98.6393
98.7835
98.8823
98.9578
98.9994
99.0597
99.0926
99.0859
98.9675
99.0631
99.1142
99.0977
99.0909
99.0726
99.0502
99.0412
99.0227
98.9807
98.973
98.9353
98.9005
98.8404
98.7804
98.7281
98.6893
98.672
98.6688
98.6063
98.5565
98.5193
98.5992
98.6198
98.6992
98.7186
98.7746
98.8206
98.8548
98.8887
98.9049
98.8879
98.8489
98.7823
98.7227
98.6728
98.6393
98.5904
98.5668
98.5509
98.5486
98.6407
98.6681
98.7222
98.8013
98.7692
98.7487
98.7639
98.6445
98.6206
98.6144
98.6135
98.5971
98.5731
98.5592
98.5453
98.5332
98.5312
98.6124
98.6131
98.6029
98.6572
98.7315
98.8287
98.9024
98.929
98.9341
98.9122
98.831
98.8115
98.7961
98.8058
98.8762
98.8237
98.8428
98.8675
98.8871
98.8799
98.8883
98.916
98.9183
98.9015
98.8697
98.8477
98.8318
98.7804
98.7583
98.7632
98.7852
98.8133
98.7115
98.7927
98.8435
98.8693
98.8631
98.888
98.9115
98.9503
98.987
99.0174
99.041
99.0746
99.1161
99.126
99.1353
99.1331
99.134
99.1293
99.1299
99.1238
99.1168
99.1086
99.1034
99.1005
99.1155
99.1594
99.1599
99.1695
99.1771
99.1957
99.2079
99.2133
99.2342
99.249
99.2694
99.2768
99.2709
99.3418
99.3575
99.364
99.3673
99.3676
99.3636
99.3595
99.352
99.3539
99.3497
99.3443
99.3375
99.3327
99.3261
99.3177
99.3145
99.265
99.1555
99.1639
99.1594
99.1525
99.139
99.1319
99.1209
99.1186
99.112
99.1116
99.1172
99.1008
99.0882
99.0854
99.0648
99.0512
99.0515
99.063
99.0704
99.0604
99.0537
99.0545
99.1001
99.1037
99.0856
99.0877
99.0853
99.0861
99.0978
99.0788
99.0818
99.0921
99.083
99.0777
99.0736
99.0801
99.0829
99.0754
99.0643
99.0614
99.0574
99.0508
99.0515
99.0575
99.0608
99.0514
99.0654
99.0889
99.095
99.1072
99.1132
99.1301
99.1426
99.1453
99.1293
99.1049
99.0879
99.0778
99.0702
99.0743
99.0721
99.0744
99.0805
99.0798