98.4752
98.3772
98.4205
98.3634
98.3608
98.3886
98.4337
98.4785
98.5562
98.6586
98.6258
98.7036
98.6813
98.7518
98.7049
98.7541
98.6313
98.6542
98.5248
98.5332
98.4774
98.4565
98.4131
98.5285
98.5887
98.5739
98.6474
98.6226
98.6215
98.5449
98.5958
98.58
98.426
98.5118
98.6394
98.6701
98.7389
98.6268
98.645
98.6713
98.5747
98.4698
98.4364
98.4477
98.3658
98.2654
98.2232
98.2397
98.3166
98.5088
98.6411
98.7455
98.7946
98.7376
98.6914
98.7273
98.7082
98.6778
98.6866
98.7095
98.7495
98.7169
98.7252
98.7305
98.7318
98.6567
98.5465
98.3933
98.43
98.3482
98.1687
98.3026
98.4445
98.525
98.5405
98.4413
98.4986
98.5495
98.4214
98.5109
98.475
98.5042
98.3993
98.3354
98.2376
98.2093
98.2425
98.1697
98.1644
98.1786
98.1455
98.1571
98.0844
98.1961
98.4197
98.5435
98.4435
98.5354
98.5513
98.6708
98.5055
98.5141
98.5377
98.7034
98.7471
98.9316
98.9539
98.9029
98.7779
98.6916
98.6284
98.704
98.6386
98.6077
98.6258
98.5164
98.422
98.4181
98.3816
98.366
98.398
98.333
98.3026
98.3841
98.2213
98.2532
98.1955
98.3831
98.369
98.3684
98.2842
98.4948
98.6069
98.6352
98.649
98.7085
98.7401
98.6538
98.7771
98.7774
98.7751
98.7721
98.782
98.7915
98.8216
98.8257
98.846
98.8319
98.7384
98.7454
98.62
98.4835
98.479
98.4386
98.4736
98.4777
98.4595
98.3689
98.3086
98.3004
98.3063
98.1324
98.0354
98.2031
98.3354
98.3879
98.3422
98.3313
98.3101
98.3437
98.2952
98.3504
98.4699
98.5323
98.6262
98.7052
98.7853
98.8117
98.8377
98.84
98.7833
98.7066
98.5425
98.571
98.6596
98.7369
98.9022
98.942
98.8798
98.8381
98.8879
98.8309
98.7655
98.6792
98.6774
98.6818
98.511
98.4706
98.4483
98.4873
98.4556
98.3206
98.2804
98.3097
98.3101
98.3369
98.3448
98.395
98.4856
98.3918
98.408
98.4116
98.4454
98.4718
98.4704
98.5237
98.5606
98.6047
98.6054
98.6299
98.6681
98.676
98.6589
98.6391
98.5873
98.5629
98.5077
98.5299
98.5416
98.5102
98.5058
98.5136
98.5468
98.5685
98.4743
98.4241
98.4511
98.5009
98.4731
98.3688
98.4124
98.5194
98.6872
98.7238
98.6594
98.6406
98.5964
98.5654
98.5443
98.5496
98.5775
98.5686
98.4284
98.429
98.4823
98.4248
98.3755
98.4746
98.4798
98.4317
98.3429
98.304
98.4227
98.4711
98.4087
98.4261
98.3917
98.4976
98.6706
98.6345
98.6976
98.7108
98.5793
98.633
98.6755
98.623
98.7595
98.8139
98.8185
98.7483
98.8153
98.8513
98.8845
98.8668
98.8189
98.7882
98.7315
98.6866
98.7137
98.6799
98.6892
98.7202
98.7066
98.693
98.6737
98.6058
98.6272
98.6532
98.627
98.7053
98.6857
98.5992
98.5144
98.6333
98.6733
98.6152
98.5419
98.5599
98.5138
98.4982
98.5874
98.6257
98.5625
98.5189
98.4585
98.5017
98.4963
98.5034
98.4625
98.3204
98.1658
98.0202
98.1482
98.1556
98.2047
98.2644
98.341
98.3174
98.4869
98.5233
98.5111
98.3832
98.4486
98.4307
98.4142
98.4072
98.4197
98.4541
98.4758
98.4842
98.4867
98.4989
98.5066
98.5051
98.5164
98.5135
98.4646
98.4778
98.5266
98.5751
98.5909
98.6196
98.6082
98.6718
98.5582
98.4803
98.4453
98.4007
98.3105
98.3052
98.0584
98.1127
98.1659
98.1346
98.0742
98.055
98.0763
98.1384
98.2381
98.3039
98.337
98.4953
98.5125
98.3714
98.5702
98.5021
98.4403
98.5603
98.4716
98.454
98.2484
98
98.0511
98.2773
98.3642
98.5699
98.611
98.7433
98.636
98.6807
98.5813
98.6153
98.6131
98.5832
98.4581
98.4148
98.294
98.351
98.4411
98.5049
98.549
98.5321
98.5734
98.5885
98.5466
98.4138
98.42
98.5191
98.5346
98.6165
98.5494
98.546
98.5096
98.4325
98.4031
98.3726
98.4066
98.5008
98.7587
98.9094
98.8376
98.8514
98.7609
98.7698
98.7388
98.6182
98.7826
98.9697
98.8752
98.7086
98.6522
98.6175
98.5392
98.5745
98.6699
98.6259
98.6877
98.7008
98.6742
98.694
98.637
98.5764
98.5995
98.6974
98.7579
98.79
98.7802
98.8969
98.8505
98.7899
98.7361
98.7923
98.7231
98.5819
98.5356
98.451
98.3588
98.2594
98.2815
98.4384
98.4969
98.4868
98.3207
98.3031
98.4425
98.6166
98.739
98.7594
98.778
98.793
98.776
98.7563
98.7764
98.8
98.8206
98.7508
98.813
98.7416
98.7558
98.7005
98.684
98.7123
98.6909
98.6571
98.6541
98.6599
98.6888
98.7046
98.7224
98.7281
98.7346
98.7446
98.732
98.7553
98.7823
98.7625
98.7409
98.72
98.6929
98.6389
98.5683
98.4742
98.3995
98.3335
98.2866
98.2488
98.2132
98.2463
98.2328
98.2224
98.2032
98.2136
98.1961
98.2034
98.1449
98.2586
98.2432
98.1433
98.243
98.1849
98.1598
98.1203
98.017
98.1511
98.0846
98.0755
98.0601
98.0533
98.0686
98.086
98.0814
98.0732
98.0326
97.9962
97.9388
97.9405
97.9308
97.9554
97.9518
97.9823
98.059
98.1967
98.2652
98.3212
98.346
98.4858
98.4119
98.3603
98.489
98.5999
98.7028
98.7352
98.7773
98.7404
98.4049
98.3633
98.4215
98.5332
98.9711
98.848
98.3724
98.4415
98.4972
98.5776
98.9196
98.8829
98.893
98.7311
98.7478
98.7152
98.6133
98.6119
98.7104
98.8265
99.0457
98.6896
98.8234
99.2036
98.7495
98.7496
98.6724
98.5466
98.5061
98.397
98.2903
98.2481
98.4522
98.3935
98.4995
98.3094
98.3347
98.372
98.4996
98.4917
98.4004
98.6229
98.591
98.531
98.4874
98.3891
98.351
98.3979
98.4003
98.443
98.4458
98.4785
98.4546
98.4406
98.6353
98.6059
98.6407
99.0282
99.0585
98.9946
98.9028
98.8957
98.8091
98.7981
98.9142
98.9558
98.9248
98.8813
98.9123
98.9163
98.9739
98.8913
98.826
98.2921
98.3526
98.3771
98.3728
98.2666
98.4297
98.5513
98.5419
98.5889
98.6874
98.7065
98.7702
98.7555
98.6485
98.547
98.4698
98.4975
98.4445
98.3958
98.3818
98.3773
98.3582
98.1649
98.1689
98.2404
98.3142
98.4223
99.0351
99.267
99.272
99.2621
99.301
99.3542
99.3284
99.3197
99.3978
99.4661
99.456
99.4979
99.2453
98.7049
98.7794
98.8667
98.9451
98.8863
98.7586
98.8011
98.6756
98.6792
98.6603
99.1306
99.1878
99.1964
99.2524
99.3459
99.2512
99.1637
98.9607
98.9841
98.9924
98.869
99.0196
99.0488
98.9781
98.9586
98.9929
99.006
98.9944
98.9061
98.9909
98.9849
99.1224
99.0909
98.9421
98.9456
98.9294
99.0057
98.8872
99.0361
98.9379
98.9372
98.8361
98.7208
98.8715
98.7668
98.6556
98.6743
98.7366
98.7565
98.7561
98.7038
98.7267
98.7472
98.7834
98.7843
98.7771
98.7569
98.7554
98.7915
98.9672
99.0914
99.1868
99.253
99.2636
99.2237
99.1701
99.1791
99.1587
99.1739
99.2194
99.2258
99.2929
99.3159
99.366
99.4209
99.4667
99.518
99.5263
99.5403
99.3455
99.2239
99.2286
99.2182
99.1816
99.1677
99.1629
99.1013
98.9908
98.9305
98.9172
98.8555
98.841
98.8347
98.8413
98.8772
98.8695
98.8936
98.8801
98.8794
98.8715
98.8551
98.8384
98.8205
98.8177
98.7809
98.7974
98.748
98.7126
98.6698
98.6279
98.6394
98.6399
98.6469
98.6613
98.708
98.6731
98.6505
98.7008
98.7147
98.6087
98.583
98.619
98.6591
98.6852
98.6893
98.704
98.73
98.7708
98.8293
98.8311
98.7715
98.7205
98.6962
98.6489
98.6911
98.6434
98.5368
98.5501
98.5433
98.511
98.5057
98.4517
98.3903
98.4371
98.4805
98.4745
98.4026
98.2918
98.2557
98.2633
98.3665
98.3897
98.4028
98.2993
98.2834
98.4595
98.5877
98.6556
98.5652
98.5571
98.5232
98.6877
98.6479
98.7473
98.8243
98.7834
98.7987
98.7434
98.8505
98.8191
98.9055
98.8322
98.9545
98.9192
98.8876
98.7523
98.8158
98.7677
98.6377
98.7203
98.6648
98.6325
98.5836
98.5696
98.5541
98.5845
98.5997
98.6227
98.7081
98.7398
98.7485
98.7193
98.7093
98.6853
98.688
98.6511
98.6277
98.6345
98.6418
98.5948
98.5609
98.5614
98.5445
98.563
98.6888
98.7625
98.7531
98.7541
98.7697
98.8306
98.8996
98.9218
98.9155
98.8937
98.8783
98.8634
98.841
98.8172
98.8136
98.8969
98.9305
98.9256
98.8833
98.8285
98.7777
98.7189
98.7405
98.7953
98.75
98.7601
98.7494
98.7635
98.7518
98.6959
98.627
98.5985
98.6093
98.5174
98.4248
98.4056
98.4344
98.4301
98.4209
98.3955
98.373
98.3716
98.3624
98.3516
98.333
98.3164
98.3479
98.3581
98.3235
98.2011
98.1709
98.1698
98.221
98.2847
98.3567
98.3911
98.5179
98.5647
98.575
98.5681
98.5616
98.684
98.7013
98.6942
98.6074
98.5479
98.5715
98.5894
98.6279
98.6277
98.6057
98.542
98.5545
98.5068
98.3594
98.2442
98.085
98.1021
98.1347
98.2335
98.2088
98.123
98.0964
98.0559
98.0286
98.0284
98.111
98.2146
98.3502
98.3553
98.2285
98.1598
98.2264
98.1719
98.1034
97.9715
97.8394
97.8437
97.8775
97.8816
97.8358
97.7748
97.6913
97.7988
97.8363
97.9163
98.0001
98.0162
98.0462
98.0778
98.1504
98.2715
98.3789
98.3104
98.3212
98.3348
98.3058
98.3131
98.4014
98.4542
98.5366
98.6311
98.6518
98.6384
98.5825
98.5049
98.252
98.2407
98.3142
98.4322
98.5047
98.4399
98.4437
98.506
98.5223
98.4114
98.3604
98.3572
98.3492
98.3334
98.3092
98.2677
98.2414
98.1536
98.2339
98.2125
98.2328
98.3018
98.4489
98.4415
98.4553
98.4597
98.5105
98.4959
98.501
98.4486
98.3182
98.2271
98.3037
98.334
98.3538
98.3786
98.4799
98.5657
98.5071
98.4929
98.5464
98.6185
98.574
98.5681
98.5539
98.5017
98.425
98.3337
98.5119
98.4514
98.2875
98.3939
98.3379
98.3476
98.4133
98.3381
98.2519
98.3999
98.4792
98.3544
98.4635
98.5082
98.47
98.4756
98.3723
98.3792
98.4591
98.4641
98.4908
98.5691
98.6183
98.7442
98.6856
98.5617
98.6959
98.6985
98.7583
98.7096
98.6574
98.482
98.5259
98.578
98.5719
98.3424
98.4338
98.3454
98.363
98.2504
98.224
98.2121
98.1714
98.3284
98.2778
98.2373
98.2232
98.1783
98.1981
98.163
98.1367
98.1674
98.0643
98.1174
98.1519
98.0794
98.0336
98.103
98.052
98.2292
98.1335
98.115
98.2842
98.1299
98.2401
98.3969
98.2553
98.2585
98.3974
98.3045
98.4576
98.5708
98.6609
98.6671
98.6668
98.6427
98.6858
98.6911
98.6779
98.6652
98.6649
98.6588
98.6383
98.651
98.6589
98.7073
98.7072
98.7035
98.6333
98.5284
98.4085
98.3139
98.2309
98.2155
98.144
98.0124
97.8124
97.6675
97.5673
97.4919
97.4908
97.4727
97.7205
97.7831
97.8236
97.8397
97.9385
98.0546
98.2361
98.1559
98.245
98.2497
98.1941
98.224
98.1482
98.3142
98.3139
98.3204
98.1904
98.2464
98.2983
98.4567
98.4122
98.5914
98.5043
98.5504
98.4603
98.483
98.3633
98.3419
98.2619
98.2579
98.4218
98.5065
98.3807
98.4881
98.448
98.4052
98.3486
98.4833
98.4467
98.4164
98.3837
98.3356
98.279
98.2503
98.3233
98.2688
98.2632
98.3941
98.4977
98.3437
98.3658
98.3083
98.2243
98.3326
98.2889
98.2286
98.2743
98.415
98.5663
98.5767
98.6273
98.6428
98.5916
98.5437
98.5731
98.4079
98.3488
98.2412
98.511
98.5598
98.5443
98.5268
98.4991
98.3776
98.4127
98.4065
98.3092
98.3022
98.2334
98.3543
98.3997
98.36
98.3851
98.38
98.3838
98.4738
98.4782
98.4879
98.4767
98.3644
98.1781
98.1361
98.2699
98.2752
98.2204
98.3985
98.4241
98.3407
98.3167
98.3764
98.4337
98.4452
98.3678
98.2446
98.0545
97.9346
97.957
98.1018
98.1113
98.1073
98.1295
98.1783
98.2986
98.3499
98.3473
98.3093
98.2531
98.2271
98.1519
98.035
97.9536
97.8435
97.8267
97.8503
97.8693
97.9255
97.8244
97.9057
97.818
97.8958
97.8674
97.8512
97.9001
97.993
98.0231
98.0716
98.1661
98.2289
98.216
98.0605
98.1951
98.3518
98.4447
98.3751
98.0689
98.142
98.1861
98.1854
98.1934
98.2566
98.232
98.3154
98.5132
98.3291
98.3773
98.1413
98.0864
98.1196
98.2287
98.2396
98.1888
98.1586
98.1782
98.2016
98.2632
98.2112
98.1503
98.0292
97.9634
97.9954
98.0331
98.1031
98.0316
97.9972
97.8977
97.8675
97.8321
98.0249
97.9798
98.0513
98.2512
98.3154
98.2125
98.3206
98.4062
98.3516
98.3743
98.4096
98.2634
98.357
98.3424
98.3413
98.3098
98.2689
98.1892
98.1132
98.1497
98.1085
98.0799
98.04
98.1361
98.104
98.1669
98.1397
98.3514
98.2822
98.3874
98.392
98.2909
98.4927
98.5935
98.585
98.5755
98.5657
98.4885
98.4529
98.4227
98.3655
98.2856
98.2665
98.2894
98.3197
98.3321
98.4393
98.5092
98.4886
98.435
98.4669
98.4762
98.4711
98.4607
98.501
98.4982
98.3995
98.4239
98.4631
98.5489
98.5792
98.6001
98.6315
98.6287
98.6526
98.6421
98.6207
98.606
98.5609
98.5434
98.5765
98.6494
98.6678
98.6864
98.6939
98.716
98.7195
98.7262
98.7323
98.7413
98.7815
98.7824
98.7772
98.7772
98.7612
98.763
98.7642
98.7881
98.773
98.8053
98.8152
98.8061
98.7951
98.7899
98.7148
98.8453
98.8282
98.8212
98.8102
98.8086
98.8023
98.791
98.8129
98.8282
98.814
98.7991
98.7791
98.7893
98.7842
98.7737
98.7863
98.8026
98.8379
98.843
98.8595
98.8996
98.9131
98.9131
98.9107
98.9481
98.9854
99.0414
99.0693
99.0593
99.0813
99.0992
99.1316
99.1097
99.1681
99.2459
99.2132
99.2251
99.2953
99.2649
99.3656
99.4257
99.4244
99.4904
99.4805
99.4551
99.4738
99.3903
99.3249
99.2535
99.2652
99.2728
99.2026
99.1502
99.1441
99.1
99.1194
99.0427
98.9812
98.815
98.7923
98.7808
98.9278
98.9233
98.8724
98.8022
98.8094
98.8997
98.772
98.9381
99.123
99.0828
98.3094
98.2899
98.4323
98.6209
98.8522
99.2528
98.7402
99.0518
99.1924
99.0946
99.0697
99.1351
99.0944
99.1507
99.1265
99.0698
99.0728
99.1485
99.2513
99.2147
99.168
99.1902
99.1485
99.1663
99.1281
99.0938
99.1089
99.0525
99.0259
99.028
98.9538
98.9754
98.8857
98.969
98.9557
98.8882
98.9617
99.057
98.932
98.861
98.7654
98.888
98.8004
98.8186
98.8807
98.7693
98.8611
98.8582
98.9249
98.8564
98.7454
98.7805
98.8275
98.9398
98.9941
98.9379
98.8767
98.8754
98.8601
98.8248
98.7886
98.866
98.7979
98.7549
98.8904
98.8318
98.8789
98.7053
98.4356
98.8871
98.791
98.7532
98.6175
98.6911
98.7692
98.878
98.8924
98.8613
98.8069
98.7152
98.6498
98.7446
98.8214
98.8446
98.9509
98.9219
98.8775
98.8238
98.794
98.7787
98.7131
98.7722
98.8219
98.8775
98.8764
98.8622
98.8573
98.8655
98.9061
98.9791
99.0505
99.0461
99.0454
99.0497
99.0512
99.0759
99.1019
99.126
99.1502
99.1735
99.178
99.2287
99.222
99.2761
99.2988
99.3419
99.3877
99.4007
99.4121
99.4036
99.4065
99.3952
99.3743
99.3757
99.3878
99.3834
99.365
99.329
99.3337
99.3352
99.3277
99.3299
99.3529
99.39
99.3072
99.3441
99.306
99.2342
98.9063
98.6694
98.8767
99.0909
99.0197
98.5703
98.5485
98.5701
98.5428
98.5708
98.5385
98.3245
98.4127
98.5277
98.5643
98.5955
98.5341
98.612
98.6687
98.7153
98.6996
98.6777
98.6581
98.5843
98.6402
98.7228
98.6159
98.709
98.7071
98.732
98.8229
98.8504
98.8046
98.7551
98.6777
98.5542
98.5143
98.4532
98.319
98.255
98.3681
98.4638
98.3708
98.4134
98.2994
98.3289
98.423
98.4135
98.4228
98.3547
98.5155
98.507
98.5611
98.5007
98.4501
98.3604
98.3862
98.3321
98.3739
98.4318
98.4873
98.4784
98.4584
98.4496
98.5776
98.8827
98.5194
98.78
99.0819
99.0679
98.9397
98.9066
98.8658
98.7841
98.7814
98.8704
98.9438
98.9142
98.8621
98.8802
98.8669
98.8901
98.959
98.856
98.7887
98.3209
98.327
98.3846
98.3587
98.2957
98.3639
98.4793
98.5294
98.5928
98.623
98.6472
98.7289
98.7565
98.7486
98.6074
98.5204
98.4608
98.4936
98.5427
98.4121
98.3808
98.3946
98.3668
98.2914
98.0949
98.1631
98.2152
98.2995
98.3995
98.5136
99.2749
99.3068
99.2775
99.2893
99.3219
99.3696
99.3117
99.3217
99.3967
99.4654
99.4387
99.4901
99.1626
98.7381
98.7744
98.8414
98.8928
98.9282
98.799
98.7867
98.7603
98.6249
98.6864
98.671
98.8326
99.2006
99.1776
99.2248
99.2961
99.2962
99.2086
99.0484
98.977
99.0017
98.9329
98.9691
98.9959
99.0444
99.0153
98.9876
99.0061
98.94
99.0294
98.9747
98.9421
99.0365
98.976
99.0975
99.1136
98.9294
98.9479
98.9092
99.0084
98.9503
98.97
98.9695
98.9146
98.9114
98.7455
98.7892
98.831
98.7522
98.5987
98.6545
98.7263
98.7613
98.7804
98.7026
98.7526
98.7051
98.7903
98.7917
98.8002
98.7875
98.7641
98.7632
98.874
99.0457
99.142
99.2164
99.2966
99.2523
99.2201
99.1566
99.1817
99.1667
99.196
99.2199
99.2489
99.2927
99.3386
99.3722
99.4278
99.4586
99.5028
99.5267
99.411
99.235
99.2079
99.2138
99.1776
99.1689
99.1605
99.118
99.0047
98.9403
98.9257
98.8668
98.8505
98.8326
98.8448
98.8788
98.8703
98.9046
98.8835
98.8857
98.873
98.8634
98.8565
98.8486
98.8549
98.8263
98.8174
98.7695
98.6886
98.6621
98.604
98.614
98.628
98.6021
98.6191
98.6393
98.6407
98.6182
98.5978
98.6123
98.6814
98.662
98.6027
98.5901
98.61
98.6004
98.6404
98.6777
98.6773
98.6753
98.6939
98.7379
98.7747
98.825
98.8124
98.7637
98.7057
98.6705
98.6574
98.672
98.6159
98.5319
98.5564
98.5418
98.5545
98.5412
98.4631
98.3943
98.4561
98.4811
98.4714
98.3792
98.302
98.21
98.2212
98.3943
98.4286
98.3551
98.3081
98.4128
98.4219
98.5264
98.6645
98.6175
98.6704
98.5896
98.6909
98.6425
98.8008
98.7674
98.6572
98.7581
98.7297
98.8281
98.7698
98.856
98.8455
98.7957
98.9457
98.933
98.9173
98.9232
98.9056
98.8857
98.7782
98.9152
98.8801
98.8831
98.8993
98.9074
98.903
98.9072
98.9079
98.8689
98.8285
98.7834
98.7437
98.6902
98.6614
98.6084
98.5592
98.5124
98.443
98.4632
98.4287
98.4752
98.503
98.4944
98.5911
98.6584
98.6711
98.6779
98.6823
98.7871
98.7152
98.6511
98.6559
98.5534
98.4891
98.4271
98.3778
98.2862
98.2038
98.1639
98.1515
98.1552
98.1633
98.1288
98.2725
98.1402
98.2844
98.1746
98.3861
98.324
98.353
98.4708
98.3701
98.4983
98.4696
98.3758
98.4303
98.4163
98.3911
98.4412
98.3542
98.3466
98.4313
98.3599
98.3774
98.3608
98.3833
98.3689
98.4449
98.3227
98.3116
98.3757
98.2965
98.3069
98.2763
98.2138
98.1121
98.2298
98.2563
98.2481
98.1844
98.2173
98.1772
98.1592
98.1634
98.2734
98.2134
98.2277
98.2494
98.2546
98.2831
98.2654
98.288
98.3667
98.4212
98.4644
98.3907
98.4103
98.3885
98.4644
98.2899
98.254
98.4194
98.4892
98.503
98.5806
98.6278
98.6589
98.6653
98.6687
98.6782
98.5209
98.4425
98.4284
98.4629
98.435
98.4746
98.4888
98.5165
98.563
98.5701
98.3399
98.3383
98.5225
98.441
98.3742
98.319
98.304
98.3464
98.339
98.1908
98.0971
98.2052
98.1048
98.1795
98.179
98.2714
98.0609
98.2193
98.6281
98.73
98.8905
98.8505
98.9079
98.8287
98.938
98.9061
98.728
98.7819
98.8212
99.0525
98.8188
98.9136
99.1218
98.889
99.044
99.2876
99.2566
99.2578
99.256
99.2606
99.197
98.9749
98.8739
98.9016
98.888
98.875
98.8378
98.7768
98.7326
98.6663
98.6378
98.5782
98.5896
98.5182
98.432
98.3428
98.2633
98.2165
98.2842
98.2754
98.249
98.2385
98.2791
98.3418
98.4046
98.4572
98.4635
98.5737
98.6326
98.6348
98.6004
98.7147
98.6103
98.662
98.6021
98.5188
98.6857
98.6975
98.6368
98.5696
98.6046
98.5816
98.5661
98.5436
98.5295
98.5148
98.6017
98.356
98.3406
98.2911
98.3737
98.2566
98.2848
98.3509
98.2852
98.2798
98.3572
98.4559
98.5249
98.5693
98.5889
98.5996
98.6269
98.6494
98.6549
98.6574
98.6313
98.5808
98.527
98.5091
98.483
98.4636
98.4252
98.4639
98.5501
98.5563
98.6087
98.6986
98.6878
98.6834
98.6731
98.6658
98.6173
98.6039
98.5382
98.4418
98.47
98.5839
98.6435
98.6632
98.6996
98.7341
98.6847
98.6721
98.6428
98.6624
98.5845
98.5399
98.4937
98.3814
98.3436
98.3536
98.2798
98.2281
98.177
98.1434
98.2397
98.3
98.3015
98.2174
98.3775
98.5084
98.5537
98.6309
98.7092
98.7504
98.6742
98.6325
98.588
98.6085
98.6318
98.6356
98.6339
98.5959
98.6028
98.6183
98.6438
98.6928
98.6827
98.7031
98.7253
98.7445
98.7392
98.7151
98.7124
98.6322
98.5051
98.4297
98.4216
98.3973
98.2847
98.1196
98.271
98.3584
98.394
98.4621
98.4302
98.3966
98.4491
98.5115
98.3999
98.4813
98.4642
98.4476
98.2828
98.3171
98.2002
98.1542
98.1175
98.0679
98.0799
98.1037
98.0699
98.0975
98.0609
98.3675
98.42
98.5854
98.4706
98.5141
98.5197
98.6374
98.4734
98.5119
98.5152
98.7372
98.7751
98.9128
98.9453
98.9052
98.7911
98.716
98.6282
98.6329
98.6851
98.5953
98.5713
98.5942
98.5171
98.4229
98.3526
98.3428
98.3399
98.3207
98.3339
98.2198
98.3134
98.2425
98.2347
98.1178
98.2168
98.2863
98.2667
98.3479
98.3289
98.3334
98.4391
98.4544
98.6126
98.6374
98.6381
98.6505
98.6339
98.651
98.6672
98.6977
98.7376
98.774
98.7973
98.7961
98.7619
98.6889
98.6227
98.5576
98.4376
98.4992
98.4308
98.388
98.3915
98.4127
98.3998
98.3949
98.4497
98.5218
98.6016
98.6152
98.6545
98.652
98.6071
98.5894
98.5483
98.5129
98.4828
98.4531
98.47
98.553
98.5951
98.5953
98.6154
98.6701
98.8135
98.7251
98.7694
98.7585
98.7472
98.7735
98.7482
98.7409
98.7194
98.6943
98.6926
98.7295
98.6981
98.6831
98.6641
98.6093
98.6025
98.6193
98.6134
98.6127
98.5806
98.5871
98.5644
98.4196
98.4627
98.4354
98.3928
98.3215
98.2901
98.3014
98.3427
98.471
98.383
98.3187
98.3058
98.2152
98.0819
98.1162
98.161
98.1936
98.238
98.3718
98.4082
98.4145
98.3502
98.3733
98.3697
98.5063
98.4846
98.4726
98.4965
98.4177
98.4335
98.4798
98.4897
98.5968
98.6507
98.5566
98.4833
98.4228
98.4671
98.3783
98.2217
98.3005
98.2169
98.3264
98.4182
98.3418
98.2196
98.2075
98.1463
98.1866
98.1817
98.0882
97.9881
97.9721
97.9105
98.0437
98.1726
98.1663
98.1625
98.1927
98.2504
98.4621
98.5332
98.4432
98.5504
98.5604
98.6289
98.5881
98.6194
98.6506
98.6052
98.5172
98.4904
98.5267
98.6165
98.5792
98.4485
98.3939
98.3683
98.3137
98.2887
98.3566
98.436
98.5377
98.6996
98.7619
98.917
98.8503
98.756
98.6206
98.4662
98.3619
98.2183
98.3471
98.3852
98.3461
98.4196
98.6827
98.6387
98.6361
98.6873
98.6102
98.8015
98.8037
98.801
98.7732
98.745
98.7544
98.7344
98.7617
98.7446
98.7514
98.8154
98.8188
98.8251
98.8534
98.8854
98.9501
98.9594
98.9957
99.0201
99.0251
99.0166
99.0214
99.0423
99.0635
99.0629
99.0577
99.0576
99.0464
99.0496
99.047
99.0553
99.0527
99.063
99.0844
99.0994
99.11
99.1017
99.0874
99.0695
99.0317
98.9951
98.9483
98.8756
98.8207
98.7573
98.7473
98.755
98.7821
98.4499
98.3095
98.4426
98.3341
98.4125
98.4733
98.532
98.5804
98.6704
98.9303
98.8941
98.8608
98.9055
98.8914
98.8478
98.7252
98.7419
98.4195
98.4348
98.4149
98.2854
98.3029
98.4531
98.3789
98.4366
98.501
98.53
98.5822
98.66
98.6689
98.8079
98.8763
98.7636
98.3439
98.5359
98.5907
98.5872
98.4848
98.5435
98.5523
98.5805
98.4262
98.301
98.4377
98.2
98.2545
98.3064
98.2808
98.2637
98.2429
98.3685
98.3198
98.3039
98.4266
98.5301
98.3789
98.445
98.4836
98.5445
98.5134
98.6681
98.704
98.7687
98.5043
98.6359
98.3296
98.2379
98.2276
98.4708
98.3553
98.4222
98.4933
98.5162
98.549
98.5709
98.4991
98.5503
98.5769
98.6434
98.5329
98.4299
98.4765
98.3884
98.3622
98.4022
98.2531
98.1788
98.6909
98.8439
98.6975
98.7064
98.5375
98.2708
98.3161
98.5487
98.2829
98.726
98.7858
98.6875
98.7205
98.5962
98.685
98.65
98.7354
98.6412
98.5922
98.5052
98.593
98.7347
98.6482
98.677
98.6751
98.8217
98.9219
98.9761
98.9574
99.0045
99.1549
99.2853
99.3131
99.3223
99.3119
99.2838
99.2821
99.2851
99.3079
99.3134
99.3185
99.3288
99.354
99.3703
99.366
99.3708
99.3708
99.389
99.4086
99.4221
99.4333
99.45
99.4748
99.5086
99.4984
99.4969
99.51
99.5212
99.5196
99.5254
99.5187
99.5099
99.4974
99.5039
99.5274
99.5166
99.5697
99.6112
99.6238
99.6295
99.628
99.5895
99.5902
99.5411
99.4236
99.2005
99.1335
99.2044
99.1829
99.1382
99.1886
99.144
99.1884
99.1531
99.1644
99.1293
99.0962
99.0445
99.0489
98.9801
98.9351
98.8718
98.8527
98.7285
98.7804
98.7566
98.7343
98.8052
98.8445
98.7111
98.6925
98.7193
98.5461
98.5357
98.4948
98.5295
98.6016
98.658
98.6123
98.5229
98.5166
98.4936
98.4469
98.4451
98.22
98.323
98.2487
98.3116
98.3404
98.2077
98.3867
98.6076
98.6382
98.5333
98.468
98.3682
98.2595
98.3607
98.2683
98.374
98.2816
98.3026
98.218
98.4174
98.4806
98.4512
98.379
98.3739
98.313
98.2908
98.2473
98.3311
98.4448
98.3546
98.4394
98.4044
98.4922
98.4573
98.4973
98.4698
98.551
98.6041
98.613
98.6608
98.7134
98.6492
98.6081
98.6385
98.709
98.8297
98.7599
98.6088
98.4812
98.327
98.2037
98.2122
98.2389
98.2516
98.5123
98.537
98.5293
98.2862
98.2751
98.3536
98.2923
98.2954
98.2769
98.3224
98.607
98.6294
98.6538
98.6747
98.7343
98.5915
98.5815
98.6895
99.1604
98.5602
98.5601
98.5552
98.5552
98.5498
98.5186
98.5757
98.4903
98.4856
98.5129
98.4508
98.5381
98.5038
98.4664
98.4376
98.5934
98.5418
98.4442
98.4097
98.2333
98.2627
98.3228
98.2681
98.1705
98.0735
98.2566
98.3191
98.3137
98.3579
98.2896
98.2124
98.3052
98.3607
98.355
98.2743
98.304
98.4352
98.3843
98.3825
98.3823
98.5471
98.5578
98.489
98.3298
98.3458
98.4066
98.4133
98.3291
98.265
98.3538
98.4455
98.4722
98.4998
98.503
98.5214
98.5412
98.4224
98.4106
98.4568
98.5439
98.5382
98.6554
98.7469
98.8122
98.8737
99.1459
99.1356
99.1344
99.1321
99.1484
99.1479
99.1395
99.1597
99.1591
99.1293
99.0894
98.9814
98.8775
98.8462
98.7803
98.7328
98.6613
98.6168
98.5757
98.5164
98.49
98.4776
98.4602
98.4282
98.4353
98.425
98.4334
98.4633
98.487
98.4831
98.4186
98.3585
98.3618
98.3004
98.2153
98.2108
98.0423
97.9999
97.881
97.7289
97.8083
97.6474
97.6169
97.7194
97.6807
97.5892
97.609
97.6882
97.6927
97.7524
97.8435
97.8611
97.9844
98.0908
98.0884
98.0522
97.8598
97.9273
97.9954
97.9755
98.0768
98.2125
98.2651
98.3667
98.2323
98.2762
98.3567
98.3519
98.3258
98.3275
98.2693
98.1761
98.159
98.1453
98.0784
98.1911
98.2113
98.2488
98.1964
98.1361
98.2465
98.5298
98.1619
98.4142
98.3556
98.2143
98.444
98.4158
98.4508
98.4682
98.4308
98.4571
98.3295
98.3722
98.4261
98.3664
98.2625
98.3303
98.3564
98.3705
98.4352
98.5654
98.6081
98.668
98.7955
98.7712
98.7299
98.6652
98.6078
98.5567
98.5423
98.5571
98.5262
98.4065
98.2747
98.3892
98.3888
98.3511
98.3632
98.4545
98.356
98.2661
98.4083
98.337
98.3601
98.3378
98.2939
98.2931
98.3386
98.5169
98.4003
98.3057
98.331
98.3536
98.3926
98.3385
98.3649
98.2987
98.3449
98.3633
98.343
98.3234
98.3426
98.3361
98.3457
98.3229
98.351
98.3872
98.3692
98.3366
98.3705
98.4145
98.3796
98.3538
98.3963
98.4028
98.4179
98.4019
98.3689
98.3616
98.3736
98.3843
98.4114
98.401
98.3959
98.4099
98.4301
98.3738
98.3488
98.2784
98.2455
98.2117
98.1905
98.1134
98.1109
98.1152
98.1045
98.0525
98.1188
98.0142
98.0778
98.0133
98.0438
98.1109
98.0339
97.9452
97.8541
97.7984
97.7189
97.7453
97.9124
98.0148
98.3179
98.2251
98.2955
98.4232
98.4373
98.3581
98.4739
98.5239
98.4599
98.4344
98.2898
98.3016
98.2658
98.2064
98.2743
98.3228
98.3522
98.5409
98.5616
98.5528
98.4627
98.3966
98.3426
98.4912
98.5434
98.565
98.5607
98.6192
98.6192
98.579
98.4802
98.4759
98.3851
98.2996
98.2525
98.2557
98.2055
98.1902
98.2717
98.3651
98.5213
98.5617
98.5281
98.4661
98.3814
98.6228
98.5621
98.7538
98.803
98.7858
98.7075
98.6407
98.4744
98.4436
98.4785
98.5282
98.5
98.4663
98.4576
98.4257
98.3751
98.3577
98.2654
98.321
98.3398
98.3562
98.2578
98.2668
98.2588
98.2362
98.3445
98.3263
98.324
98.3907
98.527
98.5518
98.5454
98.5071
98.5305
98.4998
98.6191
98.6041
98.5861
98.584
98.5653
98.5626
98.565
98.5755
98.5622
98.5557
98.5703
98.6201
98.6053
98.6269
98.5882
98.6496
98.5906
98.5276
98.4159
98.3319
98.3879
98.2587
98.2756
98.1147
98.2319
98.2385
98.2462
98.267
98.3494
98.3682
98.4146
98.4688
98.4452
98.442
98.4298
98.4354
98.497
98.5691
98.4696
98.4722
98.5057
98.5546
98.5077
98.4368
98.5259
98.5587
98.5807
98.5616
98.5667
98.5911
98.3247
98.4005
98.4208
98.3811
98.3584
98.3803
98.3356
98.3865
98.6051
98.6149
98.6102
98.6032
98.5625
98.6299
98.6287
98.7053
98.6043
98.6113
98.5411
98.5407
98.4948
98.4664
98.4995
98.5603
98.5795
98.6563
98.7116
98.691
98.6903
98.6773
98.6513
98.5838
98.5241
98.5613
98.6688
98.6678
98.7321
98.7395
98.6683
98.5847
98.6352
98.6479
98.5526
98.4645
98.4332
98.4179
98.4058
98.3384
98.2146
98.19
98.2493
98.297
98.4847
98.5683
98.7376
98.7934
98.7224
98.6388
98.6657
98.6688
98.6292
98.636
98.6699
98.7087
98.6889
98.71
98.723
98.7211
98.6449
98.5168
98.3665
98.3813
98.3057
98.2103
98.3617
98.5097
98.546
98.4853
98.4434
98.4896
98.5215
98.4246
98.4891
98.449
98.4939
98.3809
98.3012
98.2017
98.1225
98.0957
98.1349
98.0916
98.2338
98.2302