0.103873
0.103873
0.104129
0.103998
0.104127
0.10412
0.104126
0.10425
0.104126
0.104148
0.104103
0.104125
0.104149
0.103977
0.104
0.104004
0.103869
0.103878
0.103891
0.103733
0.103624
0.103771
0.103605
0.103628
0.103624
0.103522
0.103601
0.103501
0.103501
0.103623
0.103624
0.103627
0.103621
0.10363
0.103757
0.103637
0.103742
0.103637
0.103727
0.103749
0.103752
0.103749
0.10379
0.103857
0.103876
0.103854
0.103997
0.104023
0.103978
0.103897
0.103854
0.103875
0.103876
0.103772
0.103851
0.103752
0.103749
0.103623
0.103756
0.103642
0.10373
0.103626
0.103751
0.103625
0.103749
0.103624
0.103626
0.103501
0.103749
0.103623
0.103753
0.103622
0.103649
0.103602
0.103652
0.10362
0.103606
0.103752
0.103756
0.103741
0.103876
0.103749
0.103873
0.103754
0.103751
0.10375
0.103746
0.103876
0.103774
0.103728
0.103748
0.103753
0.103647
0.103728
0.103747
0.103879
0.103761
0.10386
0.10388
0.10387
0.10388
0.10375
0.10388
0.10374
0.10388
0.10374
0.10364
0.10374
0.10376
0.10374
0.10376
0.10362
0.10379
0.10371
0.10375
0.10367
0.10371
0.10374
0.10377
0.10373
0.10375
0.10376
0.10366
0.10371
0.10364
0.10377
0.10376
0.10375
0.10375
0.1037
0.10376
0.10387
0.10373
0.10377
0.10377
0.10377
0.10384
0.10389
0.10386
0.10387
0.10386
0.10379
0.10385
0.10375
0.10375
0.10375
0.10375
0.10377
0.10375
0.10386
0.10375
0.10375
0.10375
0.10377
0.10389
0.10371
0.10375
0.10375
0.10377
0.10373
0.10388
0.10375
0.10377
0.10385
0.10375
0.10376
0.10389
0.10373
0.1039
0.10385
0.10375
0.1039
0.10373
0.10387
0.10375
0.10388
0.10381
0.1038
0.10378
0.10383
0.10387
0.10366
0.10385
0.10367
0.10385
0.10363
0.10387
0.10376
0.10362
0.10362
0.10375
0.10353
0.10374
0.10348
0.10375
0.10375
0.10363
0.10375
0.10375
0.10375
0.10387
0.10375
0.10388
0.10387
0.10388
0.10401
0.10399
0.10388
0.10402
0.10386
0.10399
0.10388
0.104
0.10392
0.10383
0.10387
0.10375
0.10388
0.10377
0.10373
0.10362
0.10362
0.10363
0.10365
0.1036
0.10363
0.10362
0.10375
0.10363
0.10375
0.10362
0.10376
0.10376
0.10362
0.10374
0.10375
0.10375
0.10387
0.10384
0.10367
0.10376
0.10373
0.10377
0.10373
0.10375
0.10387
0.10382
0.10381
0.10378
0.10372
0.10363
0.10375
0.10364
0.10361
0.10365
0.10381
0.10368
0.10361
0.10377
0.10361
0.10374
0.10377
0.10374
0.10374
0.10375
0.10388
0.10388
0.10387
0.10387
0.10388
0.10388
0.10387
0.10375
0.10387
0.10388
0.10377
0.10373
0.10375
0.1039
0.10372
0.10375
0.10363
0.10375
0.10388
0.10377
0.10387
0.10373
0.10388
0.10388
0.10387
0.10375
0.10377
0.10373
0.10362
0.10363
0.10375
0.10363
0.10375
0.10362
0.10375
0.10377
0.10375
0.1036
0.10376
0.10362
0.10376
0.10374
0.10375
0.10375
0.10362
0.10376
0.10374
0.10376
0.10362
0.10375
0.10362
0.10376
0.10375
0.10376
0.10361
0.10375
0.10375
0.10389
0.10361
0.10375
0.10375
0.10377
0.10361
0.10375
0.10362
0.10375
0.10375
0.10363
0.10375
0.10362
0.10375
0.10375
0.10388
0.10365
0.10372
0.10377
0.10361
0.10375
0.10375
0.10362
0.10375
0.10365
0.10373
0.10362
0.10376
0.10375
0.10374
0.10375
0.10375
0.10376
0.10375
0.10375
0.10375
0.10375
0.10362
0.10375
0.10362
0.10363
0.10362
0.10376
0.10375
0.10374
0.10375
0.10388
0.104
0.104
0.104
0.104
0.10413
0.104
0.10387
0.104
0.10388
0.10387
0.10375
0.10375
0.10375
0.10366
0.10374
0.10373
0.10375
0.10362
0.10376
0.10374
0.10375
0.10363
0.10374
0.10376
0.10375
0.10362
0.10376
0.10362
0.10363
0.10374
0.10363
0.10375
0.10363
0.10375
0.10362
0.10376
0.10362
0.10375
0.10362
0.10375
0.10375
0.10363
0.10376
0.10361
0.10375
0.10375
0.10377
0.10373
0.10377
0.10377
0.10371
0.1039
0.10375
0.10374
0.10363
0.1039
0.1036
0.10374
0.10374
0.10375
0.10375
0.10379
0.10383
0.10363
0.10375
0.1038
0.1037
0.10377
0.10373
0.10375
0.10388
0.10375
0.10375
0.10375
0.10387
0.10376
0.10374
0.10388
0.10387
0.10388
0.10375
0.10388
0.10387
0.10388
0.10387
0.10389
0.10386
0.10375
0.10388
0.10375
0.10387
0.10377
0.10373
0.10375
0.10377
0.10373
0.10363
0.10375
0.10375
0.10364
0.10375
0.10361
0.10375
0.10363
0.10374
0.10365
0.10373
0.10375
0.10362
0.10375
0.10363
0.10375
0.10362
0.10382
0.10359
0.10372
0.10369
0.1037
0.10376
0.10376
0.10378
0.10361
0.1036
0.10375
0.10361
0.10375
0.10362
0.10375
0.10364
0.10361
0.10374
0.10363
0.10375
0.10362
0.10376
0.10374
0.10376
0.10375
0.10375
0.10375
0.10375
0.10375
0.10375
0.10375
0.10375
0.10362
0.10375
0.10375
0.10375
0.10375
0.10375
0.10375
0.10375
0.10375
0.10363
0.10375
0.10364
0.10374
0.10375
0.10374
0.10388
0.10375
0.10375
0.10387
0.10376
0.10387
0.10375
0.10375
0.10375
0.10375
0.10375
0.10362
0.10375
0.10378
0.10377
0.10372
0.10387
0.10374
0.10376
0.10384
0.10378
0.10383
0.10367
0.10377
0.10373
0.10375
0.10375
0.10374
0.1039
0.10373
0.10388
0.10387
0.10376
0.10387
0.10375
0.10387
0.10375
0.104
0.1039
0.10385
0.10388
0.10388
0.10387
0.10375
0.10375
0.10375
0.10363
0.10374
0.10363
0.10377
0.10372
0.10376
0.10375
0.10375
0.10375
0.10377
0.1036
0.10378
0.10364
0.10373
0.10361
0.10375
0.10374
0.10376
0.10363
0.10378
0.10371
0.10375
0.10378
0.10377
0.10379
0.10366
0.1039
0.10397
0.10388
0.104
0.10402
0.10386
0.10387
0.10388
0.104
0.10387
0.10388
0.10387
0.10375
0.10387
0.10376
0.10375
0.10377
0.10373
0.10362
0.10376
0.10364
0.10373
0.10364
0.10361
0.10362
0.10375
0.10365
0.10361
0.10374
0.10363
0.10375
0.10362
0.10375
0.10376
0.10362
0.10375
0.10375
0.10362
0.10376
0.10362
0.10362
0.10378
0.1036
0.10375
0.10363
0.10375
0.10362
0.10363
0.10362
0.10363
0.10376
0.10361
0.10363
0.10376
0.10361
0.10363
0.10375
0.10363
0.10362
0.10375
0.10375
0.10375
0.10375
0.10375
0.10377
0.10373
0.10375
0.10363
0.10374
0.10375
0.10388
0.10375
0.10377
0.10388
0.10385
0.10375
0.10388
0.10374
0.10388
0.10375
0.10376
0.10386
0.10363
0.10387
0.10375
0.10375
0.10376
0.10362
0.10376
0.10387
0.10375
0.10377
0.10375
0.10373
0.10375
0.10375
0.10375
0.10375
0.10375
0.10375
0.10377
0.10373
0.10375
0.10375
0.10375
0.10377
0.10385
0.10388
0.10387
0.10388
0.104
0.1039
0.10385
0.104
0.10388
0.10387
0.10391
0.10371
0.10401
0.10387
0.10375
0.10388
0.104
0.10377
0.10385
0.10387
0.10375
0.10363
0.10375
0.10363
0.10374
0.10363
0.10363
0.10362
0.1035
0.10363
0.10362
0.10363
0.10362
0.10366
0.1037
0.10369
0.1037
0.10363
0.10362
0.10363
0.10375
0.10362
0.10375
0.10376
0.10362
0.10375
0.10375
0.10362
0.10375
0.10363
0.10375
0.10375
0.10362
0.10376
0.10362
0.10375
0.10375
0.10363
0.10375
0.10374
0.10375
0.10375
0.10376
0.10376
0.10361
0.10375
0.10365
0.10373
0.10362
0.10375
0.10366
0.1037
0.10364
0.10376
0.10366
0.10371
0.10373
0.10365
0.10374
0.10373
0.10365
0.10375
0.10362
0.10375
0.10363
0.10375
0.10375
0.10375
0.10372
0.10365
0.10384
0.10368
0.10363
0.10362
0.10373
0.10363
0.10375
0.10363
0.10362
0.10375
0.10362
0.10377
0.10361
0.10375
0.10364
0.10375
0.10361
0.10367
0.1036
0.10375
0.10361
0.10362
0.10376
0.10361
0.10376
0.10362
0.10375
0.10365
0.10364
0.1037
0.10366
0.10373
0.10362
0.10375
0.10362
0.10376
0.10362
0.10377
0.10375
0.10361
0.10375
0.10362
0.10365
0.1036
0.10375
0.10375
0.10375
0.10365
0.10373
0.10375
0.10387
0.104
0.104
0.10412
0.10413
0.10413
0.10425
0.10426
0.10424
0.10425
0.10425
0.10425
0.10425
0.10425
0.104
0.10412
0.10413
0.104
0.104
0.1039
0.10397
0.10388
0.1039
0.10398
0.10387
0.10375
0.10388
0.10387
0.10375
0.1039
0.1036
0.10375
0.10363
0.1035
0.10362
0.10363
0.10349
0.10353
0.10335
0.10354
0.10359
0.1035
0.10364
0.10374
0.10362
0.10375
0.10375
0.10375
0.10375
0.10375
0.10375
0.10375
0.10362
0.10375
0.10363
0.10365
0.1036
0.10363
0.10362
0.10367
0.10371
0.10364
0.1036
0.10363
0.10375
0.10375
0.10377
0.10373
0.10375
0.10375
0.10363
0.10374
0.10378
0.10367
0.10357
0.10374
0.10362
0.10378
0.10361
0.10374
0.10375
0.10375
0.10377
0.10373
0.10375
0.10364
0.10374
0.10374
0.10363
0.10379
0.10361
0.10372
0.10377
0.10373
0.10375
0.10377
0.10383
0.10368
0.10372
0.10376
0.10374
0.10375
0.10375
0.10376
0.10364
0.10373
0.10375
0.10375
0.10363
0.10375
0.10375
0.10362
0.10375
0.10375
0.10363
0.10375
0.10357
0.1038
0.1036
0.1038
0.1036
0.1038
0.1036
0.1037
0.1037
0.1037
0.1036
0.1038
0.1036
0.1038
0.1036
0.1037
0.1037
0.1037
0.1038
0.1037
0.1036
0.1038
0.1037
0.1038
0.1038
0.1036
0.1037
0.1038
0.1036
0.1037
0.1038
0.1036
0.1038
0.1036
0.1037
0.1038
0.1036
0.1038
0.1037
0.1036
0.1037
0.1036
0.1036
0.1036
0.1038
0.1037
0.1037
0.1036
0.1037
0.1038
0.1036
0.1036
0.1038
0.1038
0.1036
0.1037
0.1039
0.1037
0.1039
0.1038
0.1038
0.1038
0.1037
0.1038
0.1038
0.1037
0.1037
0.1038
0.1038
0.1037
0.1036
0.1038
0.1036
0.1037
0.1037
0.1037
0.1036
0.1038
0.1037
0.1038
0.1037
0.1038
0.1037
0.1038
0.1037
0.1039
0.1038
0.1037
0.1038
0.1037
0.1038
0.1037
0.1036
0.1038
0.1037
0.1037
0.1037
0.1036
0.1038
0.1037
0.1037
0.1037
0.1036
0.1038
0.1036
0.1036
0.1037
0.1037
0.1036
0.1038
0.1036
0.1038
0.1036
0.1037
0.1037
0.1037
0.1036
0.1038
0.1036
0.1038
0.1037
0.1036
0.1038
0.1036
0.1038
0.1036
0.1037
0.1038
0.1036
0.1037
0.1037
0.1037
0.1038
0.1036
0.1038
0.1037
0.1038
0.1037
0.1038
0.1036
0.1037
0.1038
0.1038
0.1037
0.1038
0.1036
0.1037
0.1038
0.1037
0.1038
0.1037
0.1036
0.1038
0.1036
0.1038
0.1037
0.1037
0.1037
0.1036
0.1038
0.1039
0.1034
0.1038
0.1037
0.1038
0.1036
0.1038
0.1037
0.1038
0.1038
0.1037
0.1036
0.1037
0.1038
0.1036
0.1038
0.1036
0.1038
0.1036
0.1037
0.1036
0.1038
0.1038
0.1037
0.1036
0.1038
0.1037
0.1036
0.1038
0.1037
0.1037
0.1037
0.1038
0.1036
0.1037
0.1037
0.1037
0.1036
0.1038
0.1036
0.1038
0.1036
0.1036
0.1038
0.1036
0.1037
0.1037
0.1037
0.1038
0.1036
0.1037
0.1038
0.1036
0.1038
0.1037
0.1037
0.1037
0.1038
0.1037
0.1036
0.1036
0.1038
0.1036
0.1036
0.1038
0.1036
0.1038
0.1036
0.1038
0.1037
0.1036
0.1038
0.1037
0.1036
0.1038
0.1036
0.1038