0.103208
0.103409
0.103824
0.103556
0.103742
0.103653
0.103767
0.103607
0.103585
0.104015
0.103381
0.10374
0.103651
0.103612
0.103736
0.103621
0.104527
0.102904
0.103701
0.10375
0.103655
0.103735
0.103641
0.10373
0.103697
0.103728
0.103682
0.103621
0.103859
0.103559
0.103732
0.103599
0.103846
0.103568
0.103754
0.103747
0.104193
0.103292
0.1038
0.103735
0.103712
0.103605
0.103768
0.10375
0.103812
0.103673
0.103749
0.103777
0.103763
0.103627
0.103722
0.103836
0.103741
0.103736
0.103561
0.103751
0.103731
0.10363
0.103854
0.103804
0.103728
0.103663
0.103713
0.103734
0.103737
0.103659
0.103752
0.10374
0.103617
0.104598
0.102947
0.103615
0.103756
0.103718
0.103753
0.103752
0.103738
0.103819
0.103596
0.103761
0.103584
0.103748
0.103621
0.103794
0.103993
0.104486
0.102724
0.103948
0.103603
0.103713
0.104466
0.102915
0.103626
0.10375
0.103739
0.103752
0.103627
0.10373
0.10376
0.1038
0.1038
0.10377
0.10375
0.10372
0.10369
0.10381
0.10373
0.1036
0.10374
0.10376
0.10368
0.10365
0.10376
0.10384
0.10368
0.10375
0.10373
0.10375
0.10374
0.10387
0.10377
0.10663
0.10091
0.10357
0.1045
0.103
0.1038
0.10376
0.10369
0.10363
0.10479
0.10337
0.10384
0.1028
0.10376
0.10362
0.10367
0.10373
0.1037
0.10374
0.10377
0.1036
0.10376
0.10377
0.10361
0.10381
0.10359
0.10372
0.10376
0.10362
0.10362
0.10372
0.10372
0.10378
0.10354
0.10361
0.10376
0.10359
0.10365
0.10363
0.10375
0.10378
0.10358
0.10376
0.10377
0.10371
0.10362
0.10376
0.10363
0.10403
0.10339
0.10373
0.10364
0.1036
0.10364
0.10361
0.10375
0.10362
0.10381
0.10357
0.10363
0.10373
0.10363
0.10374
0.10362
0.10448
0.10605
0.10171
0.10267
0.10376
0.10363
0.10379
0.10363
0.10368
0.10367
0.10359
0.10359
0.10386
0.1036
0.10359
0.10373
0.10362
0.10361
0.10379
0.10359
0.10364
0.10375
0.10363
0.1036
0.10373
0.10367
0.10377
0.10384
0.10362
0.10413
0.10328
0.10375
0.10359
0.10379
0.1036
0.10376
0.10376
0.10357
0.10378
0.10501
0.10352
0.10273
0.10378
0.10374
0.10367
0.10373
0.10367
0.10362
0.10376
0.10374
0.10376
0.10366
0.10364
0.10362
0.10378
0.10359
0.10362
0.10377
0.10361
0.10371
0.10362
0.10375
0.10363
0.10375
0.10364
0.10375
0.10362
0.10362
0.10432
0.10431
0.10263
0.10363
0.10378
0.10373
0.1036
0.10374
0.1036
0.10358
0.10374
0.10374
0.1036
0.10363
0.10375
0.10387
0.10349
0.10364
0.10362
0.10375
0.10379
0.10353
0.10366
0.10356
0.10372
0.10363
0.10361
0.10375
0.10462
0.10279
0.10362
0.10377
0.10359
0.10375
0.10365
0.10372
0.10362
0.10608
0.1013
0.10365
0.1036
0.10376
0.10362
0.10373
0.10364
0.10375
0.10474
0.10264
0.10365
0.10378
0.10358
0.10374
0.1036
0.10377
0.10375
0.10439
0.1039
0.10259
0.10377
0.10645
0.10097
0.10356
0.10368
0.10516
0.10218
0.1037
0.10351
0.10376
0.10363
0.10361
0.10363
0.10378
0.10378
0.1036
0.10359
0.10398
0.10346
0.10379
0.10373
0.10358
0.10364
0.10372
0.10363
0.10372
0.10364
0.10375
0.10364
0.1036
0.10363
0.10371
0.1036
0.10377
0.10355
0.10374
0.10363
0.10376
0.10362
0.10374
0.10371
0.10365
0.10372
0.10357
0.10382
0.10359
0.10356
0.10365
0.10397
0.10341
0.10472
0.10254
0.10362
0.10362
0.10378
0.10361
0.10372
0.10362
0.10378
0.1036
0.10381
0.10359
0.10373
0.10365
0.10366
0.10391
0.10342
0.10377
0.10359
0.1038
0.10355
0.10376
0.10371
0.10373
0.10372
0.10363
0.10378
0.10359
0.10377
0.10373
0.10359
0.10374
0.10364
0.10375
0.10365
0.10379
0.10372
0.10362
0.10375
0.10359
0.10366
0.10362
0.10363
0.10359
0.1038
0.10369
0.10354
0.10376
0.10379
0.10361
0.10369
0.10374
0.10434
0.10304
0.1038
0.10361
0.10371
0.10367
0.10375
0.10359
0.10376
0.10363
0.10383
0.10353
0.10369
0.10369
0.10365
0.10376
0.10375
0.10379
0.10375
0.10371
0.10362
0.10361
0.10381
0.10357
0.10373
0.10361
0.10378
0.10383
0.10361
0.1037
0.10361
0.10364
0.10376
0.10361
0.10374
0.10362
0.10379
0.10359
0.10361
0.10375
0.10363
0.1039
0.10357
0.10361
0.10355
0.10368
0.10374
0.1036
0.10374
0.10359
0.10378
0.10366
0.1037
0.10364
0.10395
0.10344
0.1036
0.10374
0.10525
0.10212
0.10413
0.10671
0.1002
0.10362
0.10377
0.10359
0.10378
0.10365
0.10369
0.10366
0.10364
0.10372
0.10362
0.10372
0.10376
0.10375
0.10365
0.10374
0.10363
0.10381
0.10376
0.10345
0.10361
0.10361
0.10361
0.10376
0.10363
0.10361
0.10375
0.10375
0.10394
0.10383
0.10344
0.10363
0.10359
0.10372
0.1036
0.10379
0.10392
0.10373
0.10341
0.10355
0.10376
0.1046
0.10357
0.10296
0.10362
0.10374
0.10364
0.10375
0.1038
0.10359
0.10373
0.10373
0.10375
0.10374
0.10376
0.10396
0.10353
0.10366
0.10364
0.10371
0.1039
0.10351
0.10478
0.10256
0.10363
0.10373
0.10378
0.10361
0.10381
0.10359
0.10378
0.10359
0.10362
0.10373
0.10374
0.10363
0.10385
0.10387
0.10348
0.10386
0.1035
0.1036
0.10377
0.1037
0.10363
0.10374
0.10366
0.10382
0.10347
0.1037
0.10361
0.10377
0.10366
0.10362
0.10358
0.10374
0.10362
0.1037
0.10369
0.10365
0.10365
0.10364
0.10369
0.10368
0.10374
0.10369
0.10364
0.10379
0.10363
0.10374
0.10359
0.10365
0.1037
0.10364
0.10375
0.10366
0.10376
0.10361
0.10363
0.10369
0.10356
0.10373
0.10363
0.10453
0.10372
0.10293
0.10363
0.1037
0.10375
0.10364
0.10373
0.1036
0.10375
0.10364
0.10376
0.10376
0.10381
0.10357
0.10371
0.10374
0.10367
0.10375
0.10374
0.10381
0.10357
0.10379
0.10368
0.10374
0.10368
0.10373
0.10365
0.10412
0.10323
0.10375
0.10373
0.10366
0.10374
0.1041
0.10326
0.10377
0.10376
0.10373
0.10372
0.10381
0.10362
0.10377
0.10371
0.10379
0.10357
0.10377
0.10363
0.10372
0.10375
0.10361
0.10382
0.10393
0.10344
0.10359
0.10373
0.10362
0.10375
0.10365
0.10375
0.10393
0.10357
0.10349
0.10375
0.10374
0.10374
0.10366
0.10372
0.10366
0.10381
0.10355
0.10379
0.10356
0.10375
0.10383
0.10361
0.10373
0.10364
0.10358
0.10379
0.10368
0.10365
0.10363
0.10375
0.10391
0.10351
0.10373
0.104
0.10342
0.10359
0.10371
0.10365
0.1036
0.10375
0.10365
0.10385
0.10356
0.10356
0.10375
0.10363
0.10363
0.10375
0.10381
0.10371
0.10365
0.10372
0.10374
0.10362
0.10374
0.10363
0.10365
0.10377
0.10367
0.10375
0.10375
0.10355
0.10376
0.10363
0.10372
0.10366
0.10379
0.1037
0.10389
0.1035
0.10371
0.10363
0.10375
0.1039
0.10371
0.10375
0.10353
0.10374
0.10362
0.10387
0.10361
0.10392
0.10389
0.10337
0.10364
0.1038
0.10357
0.10371
0.10362
0.10362
0.10376
0.10375
0.10361
0.10379
0.10361
0.10383
0.10358
0.10376
0.10376
0.1036
0.10358
0.10376
0.10363
0.10385
0.10393
0.10336
0.10373
0.10379
0.10373
0.10377
0.1036
0.10376
0.10371
0.10376
0.10361
0.10376
0.10375
0.10365
0.1039
0.10371
0.10388
0.1035
0.10366
0.10377
0.10392
0.10339
0.10362
0.10363
0.10373
0.10365
0.10441
0.10637
0.10081
0.1032
0.1036
0.10374
0.10365
0.10378
0.10356
0.10376
0.10375
0.10362
0.10378
0.10375
0.10364
0.10362
0.10374
0.10358
0.10382
0.1036
0.10364
0.1037
0.10362
0.10365
0.10374
0.10364
0.1036
0.10363
0.10376
0.10379
0.10379
0.10354
0.10361
0.10375
0.10362
0.10378
0.1036
0.10413
0.10345
0.10364
0.10355
0.10363
0.10363
0.10384
0.10355
0.10361
0.10365
0.10369
0.10365
0.1038
0.1037
0.10366
0.1037
0.10364
0.10367
0.10374
0.10366
0.10354
0.10375
0.10363
0.10374
0.10413
0.10328
0.10391
0.10352
0.10375
0.10357
0.10374
0.10374
0.10365
0.10374
0.10363
0.10372
0.10373
0.10364
0.10365
0.10363
0.1036
0.10375
0.10363
0.10362
0.10375
0.10364
0.1036
0.10366
0.10369
0.10378
0.10354
0.10359
0.10402
0.10347
0.10455
0.10278
0.10363
0.10397
0.10351
0.10359
0.10375
0.10374
0.10375
0.10378
0.10559
0.10166
0.10362
0.10377
0.10365
0.10368
0.10375
0.10363
0.10363
0.10362
0.10374
0.10611
0.10136
0.10353
0.10375
0.10362
0.10376
0.10378
0.10373
0.1036
0.10375
0.10483
0.10243
0.10376
0.10363
0.10376
0.10361
0.10379
0.1036
0.10374
0.10376
0.10371
0.1037
0.10371
0.10363
0.10363
0.10358
0.10384
0.10368
0.10355
0.10369
0.10369
0.10374
0.1036
0.10375
0.10364
0.10361
0.10366
0.1037
0.10361
0.10369
0.10365
0.10375
0.10355
0.1037
0.10375
0.10357
0.1036
0.10404
0.10332
0.10375
0.10372
0.10373
0.10375
0.10359
0.1038
0.10372
0.10375
0.10374
0.10374
0.10372
0.10375
0.10375
0.10387
0.10367
0.10383
0.10376
0.10365
0.10452
0.10302
0.10357
0.10371
0.1038
0.1038
0.1038
0.1037
0.1036
0.1037
0.1038
0.1038
0.1043
0.1033
0.1037
0.1039
0.1035
0.1037
0.1038
0.1037
0.1037
0.1036
0.1038
0.1037
0.1036
0.1052
0.1022
0.1037
0.1037
0.1037
0.1037
0.1038
0.1046
0.103
0.1036
0.1038
0.1037
0.104
0.1035
0.1037
0.1037
0.1065
0.1009
0.1038
0.1037
0.1037
0.1039
0.1037
0.1039
0.1037
0.1038
0.1039
0.1038
0.1037
0.1037
0.1039
0.1038
0.1038
0.1038
0.1037
0.1037
0.1036
0.1037
0.1039
0.1038
0.1037
0.1038
0.1037
0.1038
0.1037
0.104
0.1037
0.1038
0.1037
0.1037
0.1039
0.1037
0.1038
0.1039
0.1038
0.1037
0.1039
0.1037
0.1037
0.1038
0.1038
0.1037
0.1037
0.1039
0.1038
0.1038
0.1037
0.1038
0.1038
0.1037
0.105
0.103
0.1033
0.1037