0.103755
0.1036
0.103553
0.103575
0.103637
0.103595
0.103501
0.103703
0.103584
0.103602
0.103761
0.103645
0.10384
0.103774
0.103977
0.104132
0.10366
0.104197
0.103871
0.105427
0.102728
0.103986
0.103971
0.104033
0.104123
0.103984
0.103976
0.104045
0.104013
0.103974
0.104349
0.103997
0.1039
0.104126
0.103883
0.106559
0.101487
0.103838
0.104024
0.103902
0.103986
0.103911
0.104619
0.103648
0.104916
0.102397
0.103879
0.103835
0.103894
0.103874
0.103906
0.103846
0.103888
0.103872
0.103862
0.103858
0.103873
0.103935
0.103818
0.104031
0.103784
0.104188
0.104406
0.103218
0.103908
0.103867
0.103898
0.103905
0.103853
0.103697
0.10389
0.103733
0.104405
0.103141
0.103739
0.103852
0.103863
0.103916
0.103832
0.103883
0.103867
0.103883
0.103858
0.104024
0.104163
0.103641
0.104485
0.103075
0.103771
0.103903
0.10376
0.103776
0.10365
0.104891
0.104146
0.102128
0.103797
0.1037
0.10373
0.10382
0.10368
0.10377
0.10377
0.10371
0.10387
0.10379
0.10371
0.10376
0.1038
0.10374
0.10387
0.10377
0.10371
0.10392
0.10391
0.10331
0.10359
0.10374
0.10376
0.10363
0.10375
0.10365
0.10372
0.10362
0.10376
0.10362
0.10375
0.10387
0.10349
0.10379
0.10372
0.10378
0.10372
0.10367
0.10375
0.10362
0.10423
0.10313
0.10363
0.10712
0.10025
0.10376
0.10373
0.10388
0.10374
0.10375
0.10375
0.10379
0.10382
0.10383
0.10383
0.10386
0.10373
0.1039
0.1039
0.1038
0.1038
0.10387
0.10389
0.10385
0.10388
0.10386
0.1039
0.10398
0.10381
0.10371
0.10386
0.10427
0.10341
0.10357
0.10376
0.10393
0.10348
0.10361
0.10375
0.10375
0.10378
0.10368
0.1038
0.10372
0.10364
0.10382
0.1037
0.10373
0.10376
0.10387
0.10375
0.10372
0.10389
0.10523
0.10252
0.10375
0.10395
0.10382
0.10378
0.10381
0.10394
0.10371
0.10374
0.10395
0.10589
0.10141
0.104
0.10362
0.10418
0.10321
0.10375
0.10373
0.10435
0.10315
0.10367
0.10376
0.10371
0.10386
0.10375
0.10385
0.10378
0.10376
0.10579
0.10197
0.10385
0.10402
0.10406
0.1038
0.104
0.104
0.1039
0.10397
0.10394
0.10382
0.10399
0.10388
0.10387
0.10388
0.10374
0.10389
0.10374
0.10388
0.10375
0.10375
0.10375
0.10375
0.10375
0.10363
0.10375
0.10362
0.10377
0.10373
0.10362
0.10377
0.10373
0.10375
0.10378
0.10372
0.10375
0.10377
0.10375
0.10385
0.10378
0.10387
0.10385
0.10388
0.1039
0.10385
0.10395
0.10371
0.10385
0.10375
0.10377
0.10373
0.10388
0.1039
0.10352
0.1037
0.10375
0.10365
0.10383
0.10358
0.10375
0.1036
0.10372
0.10365
0.10362
0.10374
0.10377
0.10364
0.10371
0.10374
0.10378
0.1036
0.10386
0.10372
0.10372
0.10372
0.104
0.10354
0.10374
0.10372
0.10379
0.10369
0.10375
0.10374
0.10384
0.10369
0.10377
0.10372
0.10373
0.10378
0.10539
0.10202
0.1036
0.10376
0.10361
0.10376
0.10362
0.10377
0.10362
0.1037
0.10365
0.10385
0.10369
0.10356
0.10377
0.1036
0.10375
0.10374
0.10405
0.10394
0.10303
0.10375
0.10375
0.10376
0.10388
0.10379
0.10359
0.10378
0.10372
0.10386
0.10375
0.10375
0.10382
0.1038
0.10378
0.10373
0.10374
0.10375
0.10375
0.10375
0.10386
0.10358
0.10387
0.10372
0.10373
0.10386
0.10383
0.10376
0.10376
0.10368
0.10374
0.10374
0.10375
0.10374
0.10375
0.104
0.10456
0.10287
0.10379
0.10366
0.10365
0.10373
0.10374
0.10398
0.10357
0.10377
0.1037
0.10391
0.10373
0.10372
0.1038
0.10378
0.10386
0.10373
0.10386
0.10374
0.10377
0.10465
0.10284
0.10388
0.10373
0.10405
0.10353
0.10369
0.10376
0.10374
0.10375
0.10385
0.10381
0.10368
0.10391
0.10389
0.10374
0.10393
0.1037
0.10375
0.10388
0.10375
0.1037
0.10388
0.10394
0.10417
0.10318
0.10386
0.10374
0.10377
0.10371
0.10397
0.10365
0.10377
0.10375
0.1039
0.10362
0.10367
0.10371
0.10372
0.10372
0.10369
0.10362
0.10487
0.1025
0.10373
0.10394
0.10371
0.1046
0.10279
0.10542
0.10206
0.1038
0.10371
0.10372
0.10375
0.10374
0.10376
0.10362
0.10405
0.10357
0.10353
0.10367
0.10375
0.10371
0.10373
0.10375
0.10374
0.10376
0.10376
0.10399
0.10386
0.10371
0.1037
0.1039
0.10376
0.10389
0.1038
0.10388
0.10386
0.10392
0.1044
0.10324
0.10385
0.10378
0.10376
0.10369
0.10379
0.10371
0.10361
0.10379
0.10362
0.10373
0.10374
0.10363
0.10374
0.10363
0.10363
0.10374
0.10375
0.10375
0.10378
0.10372
0.10389
0.10387
0.10387
0.10375
0.10388
0.10387
0.10377
0.10373
0.10375
0.10375
0.10375
0.10375
0.10365
0.10372
0.10376
0.10362
0.10375
0.10388
0.10388
0.10387
0.10387
0.104
0.10388
0.10375
0.10375
0.10362
0.10375
0.10363
0.10376
0.10361
0.10363
0.10362
0.10363
0.10362
0.10363
0.10362
0.10363
0.10363
0.10362
0.10362
0.10375
0.10363
0.10375
0.10375
0.10375
0.10387
0.10388
0.104
0.104
0.10403
0.10409
0.10413
0.104
0.10413
0.10414
0.10398
0.104
0.10401
0.10386
0.104
0.10388
0.10388
0.10374
0.10389
0.10374
0.10375
0.10375
0.10362
0.10378
0.1036
0.10362
0.10378
0.1036
0.10375
0.10376
0.10374
0.10375
0.10388
0.10375
0.10375
0.10375
0.10375
0.10375
0.10388
0.10374
0.10376
0.10374
0.10376
0.10387
0.10375
0.10387
0.10376
0.10388
0.10374
0.10387
0.10379
0.10387
0.10388
0.10373
0.10376
0.10397
0.10372
0.10373
0.10378
0.10365
0.10378
0.10387
0.10384
0.10365
0.10376
0.10375
0.10382
0.10373
0.10369
0.10377
0.10374
0.10378
0.10371
0.10374
0.10384
0.10377
0.10357
0.10375
0.10371
0.10385
0.10355
0.10372
0.10362
0.10375
0.10368
0.1037
0.10374
0.10374
0.10384
0.10377
0.10385
0.10372
0.10377
0.10373
0.10376
0.10371
0.10399
0.10352
0.10369
0.10367
0.10377
0.10375
0.10373
0.10376
0.10373
0.10363
0.10379
0.10375
0.10365
0.1037
0.10374
0.1038
0.10371
0.10373
0.10386
0.10369
0.10388
0.10379
0.1038
0.10387
0.10429
0.10363
0.10383
0.10404
0.10397
0.10399
0.104
0.104
0.10387
0.104
0.10388
0.10377
0.10385
0.10378
0.10385
0.10375
0.10387
0.10374
0.10388
0.10355
0.10375
0.1039
0.10376
0.10356
0.10377
0.10377
0.1036
0.10379
0.1036
0.10371
0.10363
0.10374
0.10362
0.10374
0.10384
0.10375
0.10373
0.10373
0.10392
0.10368
0.10387
0.10375
0.10362
0.10377
0.10362
0.10376
0.10365
0.10361
0.10374
0.10361
0.10361
0.10379
0.10375
0.10373
0.10376
0.10372
0.10386
0.10367
0.10381
0.1038
0.10376
0.10373
0.10375
0.10375
0.10383
0.1038
0.10368
0.10362
0.10371
0.10377
0.10369
0.10367
0.10378
0.10359
0.10378
0.10361
0.10362
0.10376
0.10375
0.10361
0.10373
0.10362
0.10383
0.10361
0.10375
0.10375
0.10365
0.10357
0.10375
0.10373
0.10362
0.10374
0.10367
0.10361
0.10373
0.10371
0.10361
0.10365
0.10356
0.10365
0.10358
0.10374
0.10363
0.10372
0.10383
0.1036
0.10418
0.10317
0.10363
0.10935
0.09814
0.10365
0.10376
0.10375
0.10384
0.10365
0.10376
0.1038
0.10366
0.10364
0.10374
0.10385
0.10372
0.1037
0.10379
0.10362
0.10374
0.10394
0.1036
0.1037
0.10372
0.1038
0.10371
0.1038
0.10376
0.10375
0.10358
0.10373
0.10376
0.10374
0.10361
0.10385
0.1037
0.10372
0.10385
0.10354
0.10376
0.1038
0.10371
0.10374
0.10375
0.10372
0.10385
0.10365
0.10375
0.10375
0.10374
0.10391
0.10361
0.10366
0.10372
0.10373
0.10384
0.10381
0.10383
0.10367
0.10405
0.10355
0.10372
0.10362
0.10371
0.10375
0.10358
0.10377
0.10373
0.10377
0.10362
0.10379
0.10373
0.10374
0.10373
0.1037
0.1037
0.1036
0.10375
0.10375
0.10365
0.10373
0.10362
0.10375
0.10365
0.1036
0.10374
0.10362
0.10376
0.10375
0.10362
0.10375
0.10375
0.10363
0.10363
0.10376
0.10361
0.10375
0.10376
0.10374
0.10375
0.10362
0.10376
0.10374
0.10367
0.10358
0.10377
0.10363
0.10375
0.10374
0.10363
0.10373
0.10379
0.10371
0.10375
0.10377
0.10373
0.10375
0.10375
0.10376
0.10362
0.10377
0.10373
0.10375
0.10375
0.10362
0.10376
0.10375
0.10374
0.10376
0.10387
0.10377
0.10385
0.10376
0.10387
0.10389
0.10378
0.10383
0.10375
0.10388
0.10387
0.10389
0.10386
0.10377
0.10387
0.10386
0.10375
0.10388
0.10375
0.10387
0.10376
0.10387
0.10375
0.1039
0.10385
0.10387
0.10388
0.10388
0.10386
0.10401
0.10387
0.10389
0.10399
0.10387
0.104
0.10388
0.104
0.104
0.104
0.104
0.10413
0.10412
0.10413
0.10414
0.10423
0.10413
0.10412
0.10413
0.10412
0.10413
0.104
0.10404
0.10408
0.104
0.10403
0.10385
0.10389
0.10373
0.10377
0.10373
0.10363
0.10362
0.10375
0.10375
0.10377
0.10373
0.10375
0.10375
0.10388
0.10398
0.10399
0.104
0.10391
0.10401
0.10399
0.10403
0.104
0.104
0.104
0.104
0.104
0.1039
0.104
0.1038
0.1038
0.1037
0.1036
0.1038
0.1036
0.1038
0.1037
0.1036
0.1038
0.1037
0.1038
0.1038
0.1037
0.1039
0.1037
0.1038
0.1038
0.1038
0.1038
0.1037
0.1037
0.1038
0.1037
0.1037
0.1037
0.1038
0.1036
0.1037
0.1038
0.1037
0.1037
0.1036
0.1037
0.1037
0.1037
0.1038
0.1036
0.1037
0.1038
0.1037
0.1037
0.1038
0.1038
0.1037
0.1038
0.1037
0.1038
0.104
0.1035
0.1038
0.1037
0.1037
0.1038
0.1038
0.1037
0.1038
0.1038
0.1038
0.1037
0.1038
0.1037
0.1039
0.1035
0.1037
0.1038
0.104
0.1036
0.1035
0.1038
0.1037
0.1036
0.1038
0.1037
0.1038
0.1038
0.1038
0.1037
0.1038
0.1039
0.1039
0.1036
0.1038
0.1038
0.1037
0.1037
0.1037
0.1049
0.1027
0.1037
0.1039
0.1038
0.1037
0.1038
0.1037
0.1039
0.1037
0.1039
0.104
0.1037
0.1037
0.1038
0.1039
0.1038
0.1037
0.1038
0.1037
0.1037
0.1037
0.1037
0.1058
0.1018
0.1037
0.1037
0.1038
0.1038
0.1037
0.1039
0.1038
0.1037
0.1038
0.1038
0.1038
0.1039
0.1038
0.1039
0.1038
0.1039
0.104
0.104
0.1041
0.1042
0.1042
0.1042
0.1043
0.1042
0.1042
0.1041
0.1043
0.1042
0.1041
0.1047
0.1036
0.1041
0.1039
0.1041
0.1042
0.1037
0.1052
0.1027
0.1039
0.1037
0.1038
0.1037
0.1036
0.1037
0.1036
0.1036
0.1037
0.1036
0.1037
0.1036
0.1038
0.1035
0.1036
0.1035
0.1036
0.1038
0.1036
0.1037
0.1037
0.1037
0.1038
0.1036
0.1037
0.1039
0.1038
0.1037
0.1036
0.1038
0.1037
0.1038
0.1036
0.1038
0.1036
0.1036
0.1038
0.1036
0.1037
0.1037
0.1037
0.1036
0.1037
0.1037
0.1035
0.1038
0.1036
0.1037
0.1038
0.1037
0.1038
0.1037
0.1038
0.1037
0.1038
0.1037
0.1038
0.1037
0.1039
0.1038
0.1038
0.1039
0.1039
0.1039
0.1039
0.1038
0.1038
0.1038
0.1038
0.1039
0.1038
0.1038
0.1039
0.1037
0.1038
0.1039
0.1037
0.1038
0.1037
0.1037
0.1038
0.1037
0.1038
0.1037
0.1039
0.1038
0.1037
0.1037
0.1037
0.1037
0.1038
0.1036
0.1038
0.1037
0.1038
0.1037
0.1038
0.1036
0.1037
0.1038
0.1037
0.1038
0.1036
0.1038
0.1037
0.1038
0.1036
0.1038
0.1037
0.1036
0.1038
0.1036
0.1036
0.1038
0.1037
0.1036
0.1038
0.1036
0.1038
0.1037
0.1036
0.1037
0.1036
0.1037
0.1038
0.1037
0.1038
0.1037
0.1038
0.1037
0.1038
0.1036
0.1038
0.1037
0.1036
0.1038
0.1037
0.1037
0.1037
0.1038
0.1036
0.1039
0.1037
0.1038
0.1036
0.1037
0.1037
0.1037
0.1038
0.1036
0.1037
0.1037
0.1036
0.1038
0.1036
0.1037
0.1038
0.1036
0.1037
0.1037
0.1036
0.1036
0.1038
0.1036
0.1037
0.1038
0.1036
0.1038
0.1037
0.1036
0.1038
0.1037
0.1037
0.1037
0.1037
0.1037
0.1037
0.1038
0.1038
0.1037
0.1037
0.1038
0.1039
0.1037
0.1038
0.1036
0.1038
0.1037
0.1036
0.1036
0.1038
0.1036
0.1038
0.1037
0.1038
0.1037
0.1038
0.1037
0.1037
0.1037
0.1036
0.1038
0.1037
0.1038
0.1036
0.1038
0.1036
0.1037
0.1037
0.1037
0.1038
0.1037
0.1038
0.1037
0.1039
0.1037
0.1038
0.1037
0.1038
0.1037
0.1039
0.1038
0.1037
0.1038
0.1036
0.1037
0.1038
0.1037
0.1038
0.1036
0.1038
0.1037
0.1036
0.1038
0.1036
0.1038
0.1037
0.1036
0.1038
0.1037
0.1038
0.1037
0.1038
0.1036
0.1038
0.1037
0.1036
0.1038
0.1037
0.1038
0.1039
0.1037
0.1036
0.1038
0.1036
0.1036
0.1038
0.1036
0.1036
0.1038
0.1036
0.1038
0.1037
0.1037
0.1037
0.1036
0.1038
0.1036
0.1037
0.1037
0.1037
0.1036
0.1038
0.1037
0.1038
0.1039
0.1037
0.1038
0.1037
0.1038
0.1037
0.1038
0.1036
0.1037
0.1037
0.1037
0.1037
0.1037
0.1036
0.1038
0.1036
0.1037
0.1037
0.1037
0.1038
0.1036
0.1037
0.1037
0.1037
0.1038
0.1037
0.1037
0.1037
0.1038
0.1037
0.1037
0.1038
0.1037
0.1037
0.1037
0.1038
0.1037
0.1038
0.1036
0.1038
0.1036
0.1037
0.1038
0.1036
0.1037
0.1037
0.1037
0.1038
0.1037
0.1036
0.1038
0.1037
0.1038
0.1037
0.1037
0.1037
0.1036
0.1038
0.1036
0.1038
0.1036
0.1037
0.1038
0.1038
0.1037
0.1036
0.1039
0.1036
0.1038
0.1037
0.1038
0.1036
0.1037
0.1037
0.1037
0.1036
0.1037
0.1036
0.1037
0.1037
0.1036
0.1037
0.1038
0.1036
0.1038
0.1037
0.1036
0.1038
0.1037
0.1038
0.1036
0.1039
0.1038
0.1037
0.1039
0.1038
0.104
0.1039
0.104
0.104
0.104
0.1042
0.1041
0.1041
0.1042
0.1042
0.1041
0.1041
0.1041
0.1042
0.1041
0.1041
0.1041
0.1043
0.1041
0.1042
0.1041
0.104
0.104
0.104
0.1038
0.1039
0.1039
0.104
0.1037
0.1039
0.1038
0.1038
0.1038
0.1039
0.1037
0.1038
0.1037
0.1038
0.1037
0.1036
0.1038
0.1036
0.1038
0.1036
0.1036
0.1036
0.1035
0.1037
0.1036
0.1036
0.1037
0.1036
0.1036
0.1035
0.1036
0.1038
0.1036
0.1037
0.1037
0.1037
0.1038
0.1037
0.1036
0.1038
0.1038
0.1037
0.1038
0.1037
0.1037
0.1037
0.1037
0.1036
0.1038
0.1036
0.1038
0.1037
0.1038
0.1036
0.1038
0.1037
0.1038
0.1037
0.1038
0.1037
0.1038
0.1037
0.1038
0.1036
0.1037
0.1038
0.1037
0.1038
0.1037
0.1037
0.1037
0.1037
0.1038
0.1039