0.103863
0.103741
0.103777
0.103722
0.103726
0.103824
0.103776
0.103762
0.10373
0.104435
0.10314
0.103643
0.103739
0.103762
0.103727
0.103735
0.10374
0.103736
0.103742
0.103747
0.103734
0.103761
0.103721
0.103771
0.103711
0.103736
0.103743
0.103614
0.103763
0.103717
0.103741
0.103735
0.103751
0.10374
0.103744
0.103736
0.103748
0.103608
0.103734
0.103714
0.103519
0.103764
0.103621
0.103734
0.10372
0.103617
0.103756
0.103599
0.103765
0.103715
0.103764
0.103747
0.10384
0.103781
0.103574
0.103761
0.103841
0.10374
0.103744
0.103739
0.10374
0.103744
0.103859
0.103618
0.103742
0.103864
0.103761
0.103718
0.103745
0.103865
0.103763
0.103733
0.103851
0.103882
0.103869
0.10372
0.103884
0.103849
0.103894
0.103732
0.103844
0.10374
0.103763
0.103841
0.103868
0.10428
0.103372
0.103781
0.103869
0.103741
0.103666
0.103869
0.104275
0.103419
0.103649
0.103864
0.103735
0.10373
0.10375
0.10385
0.10374
0.10376
0.10372
0.10378
0.10375
0.10369
0.10376
0.10376
0.10373
0.10374
0.10374
0.10407
0.10353
0.1037
0.10364
0.10383
0.10365
0.10374
0.10376
0.10376
0.10383
0.10374
0.10374
0.10377
0.10392
0.10354
0.10373
0.10374
0.10374
0.10374
0.10362
0.10388
0.10388
0.10359
0.10373
0.10375
0.10362
0.10373
0.10375
0.10374
0.10374
0.10378
0.10369
0.10363
0.10376
0.10381
0.10357
0.10375
0.10377
0.10373
0.10366
0.10377
0.10381
0.10365
0.1038
0.10401
0.10343
0.10387
0.10386
0.10408
0.10335
0.10364
0.10374
0.10391
0.10372
0.10378
0.1038
0.10374
0.10375
0.10374
0.10373
0.10378
0.10371
0.10361
0.10396
0.10356
0.10373
0.10367
0.10372
0.10375
0.10356
0.10372
0.10362
0.10377
0.10378
0.10368
0.10375
0.10373
0.10375
0.10375
0.10373
0.10378
0.1037
0.10372
0.10374
0.10389
0.10372
0.10376
0.10372
0.10378
0.10385
0.10374
0.10384
0.10381
0.10372
0.10384
0.10372
0.10395
0.10345
0.10372
0.10359
0.10374
0.10364
0.10347
0.10349
0.10353
0.10335
0.10346
0.10351
0.1036
0.10363
0.1036
0.10363
0.10374
0.10362
0.10375
0.10373
0.10372
0.10364
0.10373
0.10367
0.10368
0.10375
0.10362
0.10374
0.10375
0.10373
0.10397
0.10368
0.1038
0.10421
0.10343
0.10393
0.10386
0.104
0.10414
0.10385
0.10389
0.10412
0.10398
0.10446
0.10382
0.10382
0.10399
0.104
0.10398
0.10401
0.10397
0.10388
0.10385
0.10399
0.10389
0.10384
0.10387
0.10386
0.10376
0.10384
0.10377
0.10359
0.10387
0.10374
0.10374
0.10374
0.10379
0.10356
0.10374
0.10366
0.10372
0.10372
0.10374
0.10375
0.10374
0.10376
0.10372
0.10374
0.10374
0.10387
0.10373
0.10375
0.10388
0.10372
0.10374
0.10374
0.10374
0.10387
0.10376
0.10372
0.10361
0.10377
0.10372
0.10374
0.10361
0.10376
0.10372
0.10361
0.10362
0.10388
0.10403
0.10344
0.10361
0.10387
0.10365
0.10384
0.10383
0.10377
0.10398
0.10375
0.10399
0.10399
0.10399
0.10399
0.10412
0.10424
0.10411
0.10424
0.10424
0.10426
0.10409
0.10413
0.10411
0.10399
0.10399
0.10401
0.10385
0.10386
0.10388
0.10373
0.10361
0.10364
0.10359
0.10362
0.10362
0.10349
0.10361
0.10349
0.10351
0.10335
0.10351
0.10347
0.10361
0.10352
0.10359
0.10361
0.10363
0.10373
0.10374
0.10362
0.10374
0.10374
0.10374
0.10374
0.10374
0.10374
0.10376
0.10382
0.10366
0.10372
0.10375
0.10363
0.10377
0.10357
0.10374
0.10374
0.10374
0.10375
0.10375
0.10371
0.10376
0.10386
0.10369
0.10368
0.10374
0.10373
0.10373
0.10374
0.10374
0.10375
0.10374
0.10374
0.10373
0.10378
0.10372
0.10377
0.10372
0.1036
0.10374
0.10374
0.10363
0.10372
0.10374
0.10362
0.10374
0.10361
0.10362
0.10376
0.10371
0.10374
0.10364
0.10372
0.10377
0.10371
0.1038
0.10371
0.10372
0.1038
0.10368
0.1037
0.10376
0.10364
0.1037
0.10375
0.10365
0.1037
0.10365
0.10362
0.10361
0.10374
0.10377
0.1036
0.10373
0.10362
0.10376
0.10378
0.10378
0.10363
0.10362
0.10374
0.10374
0.10376
0.10372
0.10374
0.10375
0.10373
0.10387
0.10389
0.10372
0.10395
0.10378
0.10387
0.10388
0.104
0.10359
0.10376
0.10374
0.10359
0.10374
0.10383
0.10365
0.10377
0.10365
0.10368
0.10374
0.10376
0.10372
0.10374
0.10374
0.10374
0.10379
0.10369
0.10375
0.10386
0.10387
0.10386
0.10374
0.10387
0.10387
0.10398
0.10387
0.10401
0.10396
0.10388
0.10398
0.10387
0.10401
0.10385
0.10386
0.10399
0.10401
0.10395
0.10398
0.10391
0.10387
0.10399
0.10387
0.10386
0.10388
0.10398
0.10383
0.10378
0.1038
0.10366
0.10362
0.10361
0.10349
0.10349
0.10349
0.10362
0.10349
0.10349
0.10349
0.10362
0.10348
0.10362
0.10362
0.10361
0.10376
0.1036
0.10375
0.1036
0.10362
0.10374
0.10362
0.10374
0.10361
0.10374
0.10374
0.10362
0.10376
0.10374
0.10372
0.10374
0.10362
0.10374
0.10374
0.10376
0.10372
0.10376
0.10372
0.10374
0.10374
0.10374
0.10374
0.10374
0.10361
0.10375
0.10374
0.10376
0.10372
0.10374
0.10376
0.10392
0.10367
0.10374
0.10374
0.10374
0.10374
0.10374
0.10374
0.10376
0.10374
0.10369
0.10366
0.10373
0.10373
0.10362
0.10374
0.10364
0.10374
0.10382
0.10366
0.10366
0.10367
0.10385
0.10351
0.10374
0.10374
0.10362
0.10374
0.10376
0.10372
0.10364
0.10371
0.10387
0.10361
0.10374
0.10376
0.10372
0.10362
0.10374
0.10374
0.10376
0.10372
0.10375
0.10373
0.10374
0.10389
0.10372
0.10374
0.10387
0.10386
0.10374
0.10389
0.10384
0.10387
0.10388
0.10372
0.10389
0.10372
0.10387
0.10374
0.10376
0.10359
0.10374
0.10362
0.10381
0.10356
0.10362
0.1036
0.10361
0.10349
0.10361
0.10349
0.10349
0.1035
0.10349
0.10361
0.10349
0.10349
0.10362
0.10349
0.10363
0.10347
0.10364
0.1036
0.10361
0.10376
0.10372
0.1036
0.10375
0.10361
0.10376
0.10372
0.10375
0.10381
0.10379
0.10387
0.10387
0.104
0.10402
0.10409
0.104
0.10409
0.10399
0.10399
0.10402
0.10396
0.10404
0.10404
0.10403
0.10404
0.10393
0.10399
0.10411
0.10412
0.10405
0.10407
0.10385
0.10399
0.10386
0.104
0.10394
0.10394
0.10385
0.10385
0.10389
0.10375
0.10385
0.10376
0.10384
0.10375
0.10374
0.10373
0.10375
0.10374
0.10374
0.10376
0.10359
0.10379
0.10369
0.10362
0.10373
0.10375
0.10362
0.10386
0.10374
0.10361
0.10379
0.1037
0.10361
0.10376
0.10373
0.10363
0.10372
0.10374
0.10376
0.10372
0.10374
0.10374
0.10362
0.10376
0.10372
0.10374
0.10374
0.10376
0.10372
0.10364
0.10397
0.10387
0.10328
0.10364
0.10388
0.10349
0.10363
0.10367
0.1036
0.10406
0.10357
0.10384
0.10383
0.10391
0.10399
0.10402
0.10397
0.10397
0.10386
0.10399
0.10396
0.10376
0.104
0.10386
0.10397
0.10377
0.10386
0.10386
0.10387
0.10387
0.10374
0.10386
0.10387
0.10386
0.10387
0.10399
0.10387
0.10403
0.10397
0.10397
0.10401
0.10384
0.10403
0.10401
0.10393
0.10399
0.10414
0.10409
0.10399
0.10412
0.10399
0.10409
0.104
0.10388
0.104
0.10386
0.10392
0.10389
0.1038
0.10383
0.10364
0.10361
0.10374
0.10361
0.10362
0.10364
0.10347
0.10348
0.1035
0.10349
0.10349
0.10362
0.10349
0.10361
0.10362
0.10361
0.10375
0.10361
0.10362
0.10363
0.10372
0.10374
0.10374
0.10374
0.10374
0.10374
0.10389
0.10359
0.10375
0.10375
0.10375
0.10376
0.1037
0.10384
0.10364
0.10387
0.10373
0.10374
0.10374
0.10391
0.1037
0.10374
0.10374
0.10397
0.10365
0.10373
0.10385
0.10384
0.10378
0.10351
0.10374
0.10408
0.10386
0.10314
0.10374
0.10362
0.10375
0.1036
0.10364
0.10371
0.10375
0.10373
0.10365
0.10371
0.10391
0.10345
0.10375
0.10378
0.10368
0.10362
0.10374
0.10377
0.10372
0.10383
0.1037
0.10381
0.10374
0.10376
0.10372
0.10387
0.10374
0.10386
0.10387
0.10387
0.10386
0.10386
0.10387
0.10389
0.10385
0.10397
0.10375
0.10398
0.10376
0.10388
0.10372
0.10374
0.10391
0.1037
0.10374
0.10374
0.10361
0.10388
0.10362
0.10373
0.10376
0.10372
0.10389
0.10371
0.10362
0.10374
0.10374
0.10374
0.10364
0.10372
0.10364
0.10359
0.10351
0.1036
0.10348
0.10349
0.10349
0.10364
0.10347
0.10391
0.10346
0.10375
0.10359
0.10374
0.10361
0.10376
0.10362
0.10374
0.10365
0.10375
0.10357
0.1036
0.10361
0.10376
0.1036
0.10364
0.10371
0.10362
0.10376
0.10363
0.10371
0.10423
0.10325
0.10364
0.10384
0.10374
0.10389
0.10372
0.10374
0.10374
0.10362
0.10374
0.10374
0.10373
0.10362
0.10374
0.10374
0.10362
0.10374
0.10362
0.10428
0.10316
0.10355
0.1036
0.10376
0.10369
0.10351
0.10374
0.10362
0.10365
0.10364
0.1037
0.10366
0.10368
0.10361
0.1038
0.10404
0.10338
0.10363
0.10401
0.10352
0.1037
0.10377
0.10368
0.1038
0.1037
0.1038
0.1037
0.1037
0.1038
0.1037
0.1036
0.1038
0.1038
0.1035
0.1036
0.1038
0.1037
0.1037
0.1038
0.1036
0.1037
0.1038
0.1037
0.1036
0.1038
0.1036
0.1038
0.1036
0.1036
0.1037
0.1036
0.1036
0.1038
0.1037
0.1036
0.1038
0.1037
0.1038
0.1037
0.1038
0.1037
0.1039
0.1037
0.1037
0.1038
0.1037
0.1037
0.1038
0.1037
0.1038
0.1036
0.1037
0.1038
0.1036
0.1037
0.1038
0.1037
0.1036
0.1038
0.1037
0.1037
0.1036
0.1038
0.1036
0.1038
0.1037
0.1037
0.1036
0.1038
0.1037
0.1036
0.1038
0.1037
0.1038
0.1037
0.1036
0.1038
0.1037
0.1036
0.1038
0.1037
0.1039
0.1037
0.1037
0.1038
0.1037
0.1039
0.1043
0.1033
0.1041
0.1035
0.1037
0.1042
0.1033
0.1038
0.1039
0.1036
0.1037
0.104
0.1035
0.1037
0.1036
0.1037
0.1036
0.1037
0.1038
0.1038
0.1038
0.1038
0.1039
0.1037
0.1037
0.1039
0.1038
0.1037
0.1037
0.1038
0.1037
0.1038
0.1036
0.1037
0.1038
0.1036
0.1037
0.1038
0.1037
0.1036
0.1038
0.1036
0.1037
0.1037
0.1037
0.1037
0.1037
0.1038
0.1037
0.1036
0.1038
0.1037
0.1034
0.1036
0.1035
0.1037
0.1037
0.1037
0.1038
0.1035
0.1037
0.1037
0.1038
0.1037
0.1036
0.1037
0.1038
0.1037
0.1036
0.1038
0.1036
0.1037
0.1036
0.1038
0.1038
0.1035
0.1038
0.1037
0.1036
0.1038
0.1036
0.1036
0.1038
0.1036
0.1036
0.1037
0.1036
0.1038
0.1036
0.1037
0.1037
0.1037
0.1036
0.1038
0.1037
0.1037
0.1037
0.1037
0.1037
0.1037
0.1037
0.104
0.1041
0.1034
0.1039
0.1037
0.1037
0.1039
0.1036
0.1037
0.1038
0.1038
0.1038
0.1037
0.1036
0.1038
0.1036
0.1037
0.1037
0.1037
0.1036
0.1037
0.1038
0.1036
0.1037
0.1036
0.1038
0.1036
0.1037
0.1038
0.1036
0.1038
0.1037
0.1037
0.1038
0.1037
0.1037
0.1038
0.1037
0.1037
0.1037
0.1036
0.1037
0.1036
0.1038
0.1037
0.1038
0.1036
0.1037
0.1038
0.1036
0.1037
0.1038
0.1037
0.104
0.1032
0.1038
0.1036
0.1038
0.1035
0.1036
0.1035
0.1036
0.1037
0.1037
0.1035
0.1035
0.1037
0.1035
0.1038
0.1035
0.1036
0.1037
0.1038
0.1036
0.1037
0.1037
0.1037
0.1036
0.1037
0.1038
0.1037
0.1037
0.1037
0.1036
0.1038
0.1036
0.104
0.1034
0.1042
0.1033
0.104
0.1034
0.1037
0.1036
0.1038
0.1037
0.1038
0.1038
0.1037
0.1037
0.1037
0.1036
0.1038
0.1037
0.1038
0.1037
0.1036
0.1037
0.1038
0.1036
0.1037
0.1038
0.1036
0.1036
0.1037
0.1037
0.1037
0.1038
0.1037
0.1037
0.1039
0.1037
0.1038
0.1037
0.1037
0.1037
0.1038
0.1036
0.1037
0.1037
0.1037
0.1038
0.1037
0.1038
0.1036
0.1037
0.1036
0.1038
0.1037
0.1037
0.1037
0.1036
0.1036
0.1038
0.1035
0.1038
0.1038
0.1036
0.1037
0.1037
0.1036
0.1037
0.1038
0.1036
0.1037
0.1037
0.1036
0.1038
0.1037
0.1036
0.1038
0.1037
0.1038
0.1037
0.1037
0.1038
0.1036
0.1037
0.1037
0.1038
0.1038
0.1037
0.1036
0.1037
0.1038
0.1037
0.1038
0.1037
0.1036
0.1038
0.1038
0.1038
0.1038
0.1038
0.1037
0.1037
0.1038
0.1036
0.1037
0.1038
0.1036
0.1037
0.1038
0.1037
0.1037
0.1038
0.1037
0.1038
0.1038
0.1038
0.1037
0.1038
0.1038
0.1038
0.1037
0.1037
0.1037
0.1037
0.1037
0.1038
0.1037
0.1036
0.1038
0.1037
0.1038
0.1036
0.1037
0.1038
0.1037
0.1037
0.1037
0.1037
0.1036
0.1036
0.1038
0.1037
0.1036
0.1038
0.1036
0.1037
0.1036
0.1038
0.1036
0.1036
0.1036
0.1038
0.1037
0.1037
0.1038
0.1038
0.1037
0.1037
0.1039
0.1038
0.1037
0.1038
0.1038
0.1037
0.1037
0.1038
0.1038
0.1037
0.1037
0.1037
0.1038
0.1037
0.1038
0.1037
0.1037
0.1037
0.1037
0.1037
0.1037
0.1037
0.1037
0.1038
0.1037
0.1038
0.1037
0.1037
0.1038
0.1037
0.1039
0.1037
0.1038
0.1037
0.1037
0.1038
0.1037
0.1036
0.1038
0.1037
0.1038
0.1037
0.1036
0.1038
0.1036
0.1036
0.1039
0.1036
0.1037
0.1036
0.1038
0.1037
0.1036
0.1038
0.1037
0.1036
0.1039
0.1037
0.1037
0.1038
0.1036
0.1037
0.1037
0.1037
0.1038
0.1037
0.1037
0.1037
0.1037
0.1038
0.1038
0.1037
0.1038
0.1039
0.1037
0.1038
0.1037
0.1037
0.1036
0.1038
0.1036
0.1037
0.1038
0.1037
0.1038
0.1037
0.1036
0.1037
0.1038
0.1037
0.104
0.1036
0.1035
0.1036
0.1043
0.103
0.1036
0.1037
0.1035
0.1043
0.1029
0.1037
0.1036
0.1036
0.1037
0.1035
0.1039
0.1033
0.1044
0.1031
0.1035
0.1038
0.1037
0.1038
0.1036
0.1037
0.1037
0.1038
0.1037
0.1036
0.1038
0.1037
0.1038
0.1037
0.1037
0.1038
0.1036
0.1039
0.1036
0.1038
0.1037
0.1036
0.1037
0.1038
0.1037
0.1036
0.1038
0.1037
0.1037
0.1039
0.1036
0.1042
0.1033
0.1039
0.1036
0.1038
0.1036
0.1041
0.1034
0.1038
0.1038
0.1041
0.1033
0.1036
0.1038
0.1037
0.1037
0.1038
0.1038
0.1038
0.1037
0.1036
0.1037
0.1038
0.1036
0.1038
0.1037
0.1037
0.1037
0.1036
0.1037
0.1038
0.1037
0.1037
0.1039
0.1038
0.1038
0.1039
0.1039
0.104
0.1038
0.104
0.104
0.104
0.104
0.104
0.104
0.104
0.104
0.1041
0.1039
0.104
0.104
0.1039
0.1039
0.104
0.1038
0.1039
0.1039
0.1037
0.1038
0.1039
0.1037
0.1036
0.1037
0.1037
0.1036
0.1038
0.1037
0.1034
0.1035
0.1036
0.1035
0.1035
0.1036
0.1036
0.1036
0.1035
0.1036
0.1035
0.1036
0.1038
0.1036
0.1036
0.1037
0.1038
0.1037
0.1037
0.1037
0.1037
0.1038
0.1038
0.1038
0.1037
0.1037
0.1038
0.1038
0.1038
0.1038
0.1038
0.1037
0.1038
0.1037
0.1038
0.1037
0.1037
0.1038
0.1037
0.1036
0.1037
0.1037
0.1036
0.1036
0.1036
0.1037
0.1036
0.1037
0.1036
0.1038
0.1036
0.1037
0.1038
0.1036
0.1037
0.1036
0.1038
0.1036
0.1037
0.1038
0.1036
0.1037
0.1038
0.1037
0.1037
0.1037
0.1037
0.1036
0.1038
0.1036
0.1036
0.1037
0.1037
0.1036
0.1036
0.1036
0.1036
0.1038
0.1036
0.1037
0.1036
0.1037
0.1039
0.1034
0.1036
0.1036
0.1037
0.1036
0.1037
0.1036
0.1037
0.1036
0.104
0.1034
0.1038
0.1037
0.1037
0.1038
0.1037
0.104
0.1035
0.1039
0.1037
0.1038
0.1038
0.1039
0.1037
0.1038
0.1038
0.1038
0.1038
0.1039
0.1039
0.1039
0.1038
0.1039
0.1039
0.1038
0.104
0.1038
0.1038
0.1037
0.1038
0.1037
0.1038
0.1037
0.1038
0.1037
0.1037
0.1036
0.1038
0.1038
0.1038
0.1036
0.1038
0.1039
0.1034
0.1037
0.1037
0.1039
0.1036
0.1035
0.1037
0.1036
0.1036
0.1038
0.1037
0.1037
0.1036
0.1038
0.1037
0.1037
0.1038
0.1036
0.1037
0.1038
0.1037
0.1038
0.1037
0.1036
0.1038
0.1037
0.1036
0.1038
0.1037
0.1036
0.1038
0.1037
0.1036
0.1037
0.1037
0.1037
0.1038
0.1037
0.1036
0.104
0.1035
0.1037
0.1037
0.1037
0.1038
0.1037
0.1037
0.1037
0.1037
0.1037
0.1037
0.1038
0.1037
0.1038
0.1036
0.1037
0.1038
0.1037
0.1037
0.1037
0.1037
0.1036
0.1038
0.1036
0.1037
0.1036
0.1038
0.1036
0.1036
0.1036
0.1038
0.1036
0.1036
0.1038
0.1037
0.1036
0.1037
0.1038
0.1037
0.1036
0.1038
0.1037
0.1037
0.1038
0.1036
0.1037
0.1037
0.104
0.1035
0.1036
0.1037
0.1036
0.1039
0.1036
0.1037
0.1038
0.1036
0.1037
0.1038
0.1037
0.1037
0.1038
0.1037
0.1036
0.1038
0.1036
0.1037
0.1037
0.1037
0.1036
0.1037
0.1038
0.1037
0.1037
0.1037
0.1037
0.1037
0.1037
0.1036
0.1037
0.1037
0.1037
0.1037
0.1036
0.1038
0.1038
0.1037
0.1037
0.1036
0.1038
0.1037
0.1037
0.1037
0.1038
0.1037
0.1036
0.1037
0.1037
0.1037
0.1038
0.1037
0.1037
0.1036
0.1036
0.1038
0.1036
0.1037
0.1036
0.1037
0.1037
0.1037
0.1036
0.1038
0.1036
0.1037
0.1036
0.1037
0.1037
0.1036
0.1038
0.1037
0.1036
0.1038
0.1037
0.1037
0.1037
0.1037
0.1036
0.1038
0.1036
0.1036
0.1037
0.1036
0.1038
0.1037
0.1037
0.1037
0.1037
0.1037
0.1037
0.1037
0.1038
0.1036
0.1037
0.1036
0.1036
0.1038
0.1036
0.1036
0.1037
0.1038
0.1037
0.1038
0.1037
0.1038
0.1037
0.1036
0.1037
0.1038
0.1037
0.1037
0.1037
0.1037
0.1037
0.1039
0.1034
0.1036
0.1038
0.1036
0.1037
0.1037
0.1038
0.1036
0.1038
0.1037
0.1036
0.1038
0.1036
0.1037
0.1037
0.1036
0.1038
0.1037
0.1036
0.1037
0.1037
0.1036
0.1037
0.1035
0.1038
0.1036
0.1036
0.1038
0.1036
0.1038
0.1035
0.1037
0.1037
0.1037
0.1038
0.1033
0.1038
0.1036
0.1037
0.1036
0.1037
0.1036
0.1037
0.1036
0.1038
0.1037
0.1037
0.1037
0.1036
0.1037
0.1036
0.1038
0.1037
0.1036
0.1038
0.1036
0.1037
0.1038
0.1037
0.1036
0.1038
0.1036
0.1037
0.1036
0.1038
0.1036
0.1038
0.1037
0.1037
0.1038
0.1037
0.1037
0.1038
0.1036
0.1037
0.1038
0.1037
0.1038
0.1036
0.1037
0.1038
0.1036
0.1037
0.1037
0.1038
0.1038
0.1036
0.1037
0.1037
0.1039
0.1038
0.1037
0.1037
0.1038
0.1037
0.1038
0.1037
0.1037
0.1037
0.1037
0.1036
0.1037
0.1037
0.1036
0.1037
0.1038
0.1036
0.1036
0.1038
0.1035
0.1038
0.1036
0.1036
0.1038
0.1036
0.1037
0.1036
0.1038
0.1037
0.1037
0.1038
0.1037
0.1038
0.1037
0.1037
0.1038
0.1036
0.1038
0.1037
0.1037
0.1038
0.1036
0.1037
0.1038
0.1037
0.1036
0.1037
0.1038
0.1037
0.1038
0.1037
0.1038
0.1036
0.1037
0.1038
0.1037
0.1036
0.1037
0.1038
0.1037
0.1038
0.1037
0.1038
0.1037
0.1036
0.1038
0.1037
0.1037
0.1038
0.1037
0.1037
0.1037
0.1036
0.1037
0.1036
0.1036
0.1037
0.1036
0.1035
0.1036
0.1035
0.1035
0.1035
0.1035
0.1036
0.1035
0.1036
0.1035
0.1036
0.1036
0.1037
0.1035
0.1036
0.1038
0.1035
0.1037
0.1036
0.1037
0.1038
0.1037
0.1039
0.1038
0.1039
0.1039
0.104
0.104
0.104
0.1041
0.1042
0.1042
0.1042
0.1042
0.1041
0.1043
0.1041
0.104
0.104
0.104
0.1038
0.1039
0.1039
0.1037
0.1038
0.1037
0.1037
0.1038
0.1037
0.1038
0.1037
0.1039
0.1036
0.1037
0.1038
0.1036
0.1037
0.1038
0.1036
0.1037
0.1038
0.1036
0.1037
0.1037
0.1038
0.1037
0.1038
0.1038
0.104
0.1038
0.1037
0.1035
0.1038
0.1036
0.1038
0.1036
0.1038
0.1037
0.1036
0.1038
0.1037
0.1036
0.1038
0.1036
0.1036
0.1036
0.1038
0.1036
0.1036
0.1037
0.1038
0.1036
0.1037
0.1036
0.1038
0.1037
0.1036
0.1038
0.1037
0.1036
0.1038
0.1036
0.1037
0.1038
0.1037
0.1037
0.1037
0.1037
0.1037
0.1038
0.1036
0.1038
0.1037
0.1037
0.1037
0.1037
0.1037
0.1038
0.1037
0.1037
0.1037
0.1037
0.1036
0.1038
0.1036
0.1037
0.1036
0.1038
0.1036
0.1037
0.1038
0.1036
0.1037
0.1036
0.1038
0.1037
0.1036
0.1038
0.1037
0.1036
0.1038
0.1036
0.1036
0.1037
0.1039
0.1036
0.1043
0.1029
0.1036
0.1038
0.1036
0.1035
0.1037
0.1037
0.1038
0.1036
0.1037
0.1036
0.1038
0.1037
0.1038
0.1038
0.1039
0.1038
0.1038
0.1037
0.1037
0.1038
0.1036
0.1037
0.1036
0.1038
0.1038
0.1035
0.1038
0.1037
0.1036
0.1036
0.1038
0.1036
0.1037
0.1038
0.1037
0.1038
0.1037
0.1037
0.1037
0.1039
0.1035
0.1038
0.1036
0.1037
0.1038
0.1036
0.1037
0.1038
0.1037
0.1038
0.1036
0.1037
0.1037
0.1038
0.1037
0.1037
0.1037
0.1037
0.1036
0.1038
0.1036
0.1037
0.1038
0.1037
0.1038
0.1037
0.1038
0.1037
0.1037
0.1038
0.1036
0.1037
0.1038
0.1037
0.1038
0.1037
0.1037
0.1038
0.1036
0.1037
0.1036
0.1036
0.1037
0.1036
0.1036
0.1037
0.1036
0.1038
0.1036
0.1036
0.1038
0.1036
0.1037
0.1038
0.1037
0.1038
0.1038
0.1037
0.1038
0.1037
0.1036
0.1038
0.1037
0.1036
0.1039
0.1037
0.1039
0.1035
0.1037
0.1038
0.1037
0.1036
0.1038
0.1037
0.1038
0.1037
0.1037
0.1036
0.1038
0.1039
0.1038
0.1038
0.1037
0.1038
0.1038
0.1037
0.1038
0.1037
0.1036
0.1038
0.1036
0.1037
0.1036
0.1037
0.1037
0.1038
0.1036
0.1037
0.1038
0.1037
0.1039
0.1037
0.1035
0.1036
0.1037
0.1037
0.1036
0.1037
0.1038
0.1037
0.1037
0.1038
0.1037
0.1037
0.1038
0.1037
0.1038
0.1037
0.1036
0.1039
0.1037
0.1038
0.1037
0.1037
0.1038
0.1037
0.1039
0.1037
0.1038
0.1037
0.1036
0.1038
0.1037
0.1038
0.1037
0.1037
0.1037
0.1037
0.1038
0.1037
0.1037
0.1038
0.1036
0.1037
0.1036
0.1036
0.1037
0.1037
0.1036
0.1038
0.1036
0.1036
0.1037
0.1038
0.1036
0.1038
0.1036
0.1037
0.1036
0.1037
0.1037
0.1037
0.1037
0.1038
0.1036
0.1037
0.1038
0.1036
0.1037
0.1036
0.1038
0.1037
0.1038
0.1037
0.1036
0.1038
0.1037
0.1037
0.1038
0.1037
0.1038
0.1037
0.1038
0.1037
0.1037
0.1039
0.1036
0.1038
0.1038
0.1037
0.1037
0.1037
0.1037
0.1039
0.1036
0.1038
0.1037
0.1039
0.1037
0.1037
0.1037
0.1037
0.1039
0.1035
0.1037
0.1038
0.1036
0.1037
0.1038
0.1037
0.1037
0.1038
0.1037
0.1037
0.1038
0.1037
0.1036
0.1038
0.1037
0.1036
0.1038
0.1037
0.1037
0.1037
0.1038
0.1037
0.1037
0.1036
0.1036
0.1038
0.1036
0.1037
0.1036
0.1037
0.1037
0.1037
0.1035
0.1037
0.1036
0.1037
0.1036
0.1037
0.1037
0.1036
0.1037
0.1038
0.1037
0.1039
0.1038
0.104
0.1035
0.1039
0.1039
0.104
0.1039
0.1039
0.104
0.1041
0.1041
0.1041
0.1034
0.1038
0.1038
0.1038
0.1037
0.1039
0.1037
0.1038
0.1038
0.1038
0.1037
0.1037
0.1038
0.1037
0.1038
0.1036
0.1037
0.1038
0.1038
0.1035
0.1037
0.1037
0.1037
0.1036
0.1038
0.1037
0.1037
0.1039
0.1037
0.1036
0.1037
0.1037
0.1036
0.1039
0.1036
0.1036
0.1038
0.1036
0.1037
0.1036
0.1038
0.1037
0.1037
0.1037
0.1036
0.1037
0.1038
0.1037
0.1037
0.1038
0.1038
0.1037
0.1036
0.1037
0.1038
0.1036
0.1037
0.1039
0.1037
0.1038
0.1037
0.1037
0.1038
0.1038
0.1037
0.1038
0.1038
0.1036
0.1036
0.1037
0.1037
0.1036
0.1037
0.1036
0.1037
0.1038
0.1036
0.1039
0.1036
0.1039
0.1037
0.1038
0.1037
0.1036
0.1037
0.1038
0.1036
0.1038
0.1036
0.1037
0.1036
0.1038
0.1038
0.1037
0.1036
0.1036
0.1037
0.1038
0.1038
0.1036
0.1038
0.1037
0.1038
0.1038
0.1038
0.1039
0.1039
0.1038
0.1038
0.104
0.104
0.1041
0.104
0.1041
0.104
0.1041
0.1041
0.1039
0.1041
0.1039
0.104
0.1039
0.1038
0.1039
0.1039
0.1038
0.1036
0.1038
0.1037
0.1036
0.1039
0.1034
0.1035
0.1038
0.1036
0.1036
0.1034
0.1034
0.1034
0.1034
0.1033
0.1033
0.1035
0.1035
0.1036
0.1038
0.1034
0.1037
0.1037
0.1035
0.1038
0.1036
0.1037
0.1038
0.1037
0.1037
0.1038
0.1036
0.1037
0.1038
0.104
0.1035
0.1037
0.1037
0.1038
0.1037
0.1038
0.1037
0.1036
0.1037
0.104
0.1034
0.1039
0.1037
0.1038
0.1037
0.1036
0.1037
0.1038
0.1037
0.1038
0.1039
0.1038
0.1037
0.1035
0.1038
0.1037
0.1038
0.1038
0.1038
0.1037
0.1038
0.1038
0.1037
0.1038
0.1037
0.1039
0.1037
0.1038
0.1037
0.1039
0.1036
0.1037
0.1038
0.1036
0.1037
0.1038
0.1037
0.1038
0.1037
0.1037
0.1038
0.1037
0.1036
0.1038
0.1036
0.1036
0.1036
0.1038
0.1036
0.1037
0.1036
0.1038
0.1038
0.1035
0.1038
0.1037
0.1037
0.1037
0.1038
0.1036
0.1037
0.1039
0.1035
0.104
0.1036
0.1037
0.1041
0.1033
0.1037
0.1036
0.1036
0.1039
0.104
0.1033
0.1036
0.1037
0.1037
0.1037
0.1038
0.1036
0.1037
0.1036
0.1037
0.1037
0.1036
0.1038
0.1037
0.1037
0.1036
0.1038
0.1037
0.1036
0.1038
0.1038
0.1035
0.1038
0.1037
0.1037
0.1038
0.1037
0.1038
0.1036
0.1037
0.1038
0.1038
0.1036
0.1038
0.1036
0.1037
0.1037
0.1037
0.1038
0.1036
0.1037
0.1038
0.1037
0.1037
0.1036
0.1038
0.1037
0.1038
0.1037
0.1036
0.1038
0.1037
0.1038
0.1036
0.1037
0.1037
0.1038
0.1037
0.1038
0.1037
0.1038
0.1037
0.1037
0.1036
0.1038
0.1036
0.1037
0.1037
0.1036
0.1036
0.1037
0.1038
0.1036
0.1037
0.1038
0.1037
0.1038
0.1037
0.1037
0.1038
0.1037
0.1038
0.1037
0.1037
0.1038
0.1037
0.1038
0.1037
0.1037
0.1036
0.1038
0.1037
0.1038
0.1037
0.1036
0.1038
0.1037
0.1036
0.1039
0.1036
0.1037
0.1038
0.1036
0.1037
0.1038
0.1037
0.1039
0.1037
0.1038
0.1036
0.1037
0.1038
0.1036
0.1037
0.1036
0.1038
0.1037
0.1037
0.1037
0.1037
0.1036
0.1038
0.1036
0.1037
0.1036
0.1038
0.1037
0.1036
0.1038
0.1037
0.1037
0.1038
0.1036
0.1037
0.1038
0.104
0.1035
0.1038
0.1036
0.1038
0.1036
0.1037
0.1038
0.1037
0.1038
0.1037
0.1037
0.1038
0.1037
0.1038
0.1037
0.1038
0.1038
0.1039
0.1037
0.1038
0.1037
0.1036
0.1038
0.1036
0.1036
0.1037
0.1036
0.1037
0.1034
0.1037
0.1035
0.1034
0.1034
0.1035
0.1034
0.1033
0.1033
0.1033
0.1034
0.1034
0.1034
0.1034
0.1035
0.1035
0.1036
0.1036
0.1037
0.1036
0.1038
0.1035
0.1038
0.1037
0.1039
0.1038
0.1039
0.1041
0.104
0.104
0.1041
0.1043
0.1041
0.1041
0.1041
0.1041
0.1041
0.104
0.104
0.104
0.1039
0.1038
0.1038
0.1037
0.1038
0.1037
0.1038
0.1037
0.1037
0.1038
0.1037
0.1037
0.1038
0.1036
0.1038
0.1037
0.1037
0.1036
0.1038
0.1036
0.1038
0.1036
0.1037
0.1036
0.1036
0.1036
0.1038
0.1037
0.1035
0.1037
0.1037
0.1037
0.1037
0.1037
0.1037
0.1036
0.1038
0.1036
0.1037
0.1036
0.1038
0.1036
0.1037
0.1037
0.1037
0.1036
0.1037
0.1036
0.1038
0.1036
0.1038
0.1037
0.1037
0.1036
0.1038
0.1036
0.1037
0.1037
0.1038
0.1036
0.1036
0.1038
0.1036
0.1037
0.1037
0.1037
0.1036
0.1036
0.1038
0.1036
0.1037
0.1038
0.1036
0.1037
0.1037
0.1037
0.1037
0.1038
0.1037
0.1038
0.1037
0.1037
0.1037
0.1038
0.1036
0.1038
0.1037
0.1036
0.1038
0.1037
0.1036
0.1038
0.1036
0.1037
0.1036
0.1038
0.1036
0.1037
0.1036
0.1038
0.1036
0.1037
0.1037
0.1036
0.1037
0.1037
0.1037
0.1037
0.1037
0.1037
0.1038
0.1038
0.1037
0.1037
0.1038
0.1037
0.1037
0.1037
0.1037
0.1038
0.1037
0.1038
0.1037
0.1037
0.1036
0.1041
0.1034
0.1039
0.1037
0.104
0.1034
0.1037
0.1036
0.1038
0.1037
0.1036
0.1038
0.1036
0.1036
0.1038
0.1037
0.1037
0.1038
0.1037
0.1037
0.1038
0.1037
0.1036
0.1038
0.1037
0.1037
0.1037
0.1036
0.1037
0.1038
0.1037
0.1037
0.1038
0.1036
0.1038
0.1036
0.1037
0.1037
0.1038
0.1036
0.1038
0.1038
0.1036
0.1037
0.1039
0.1034
0.104
0.1035
0.1037
0.1037
0.1037
0.1036
0.104
0.1035
0.1038
0.1038
0.1036
0.1037
0.1038
0.1036
0.1037
0.1035
0.1036
0.1038
0.1036
0.1037
0.1036
0.1038
0.1037
0.1038
0.1036
0.1039
0.1037
0.1037
0.1039
0.1038
0.1036
0.1037
0.1037
0.1037
0.1037
0.1037
0.1036
0.1038
0.1037
0.1037
0.1037
0.1036
0.1037
0.1038
0.1039
0.1033
0.104
0.1035
0.1036
0.1038
0.1041
0.1032
0.1038
0.1037
0.1036
0.104
0.1036
0.1038
0.1036
0.1037
0.1038
0.1037
0.1037
0.1038
0.1037
0.1036
0.1039
0.1036
0.1036
0.1036
0.1038
0.1037
0.1038
0.1037
0.1036
0.1038
0.1037
0.1036
0.1037
0.1038
0.1036
0.1038
0.1038
0.1036
0.1038
0.1037
0.1037
0.1037
0.1037
0.1037
0.1037
0.1038
0.1037
0.1037
0.1037
0.1038
0.1037
0.1037
0.1038
0.1039
0.1036
0.1037
0.1036
0.1038
0.1039
0.1033
0.1037
0.1037
0.1037
0.1036
0.1036
0.1038
0.1036
0.1037
0.1036
0.1039
0.1035
0.1036
0.1038
0.1036
0.1037
0.1037
0.1038
0.1037
0.1038
0.1038
0.1038
0.1038
0.1038
0.1036
0.1037
0.1038
0.1037
0.1038
0.1037
0.1038
0.1037
0.1037
0.1037
0.1037
0.1037
0.1038
0.1036
0.1039
0.1037
0.1037
0.1038
0.1037
0.1037
0.1039
0.1036
0.1039
0.1036
0.1038
0.1037
0.1037
0.1038
0.1037
0.1044
0.1031
0.1037
0.1036
0.1038
0.1037
0.1038
0.1036
0.1037
0.1036
0.1038
0.1037
0.1036
0.1038
0.1037
0.1038
0.1037
0.1037
0.1038
0.1036
0.1037
0.1038
0.1037
0.1037
0.1038
0.1037
0.1038
0.1037
0.1037
0.1037
0.1043
0.1032
0.1036
0.1037
0.1036
0.1038
0.1036
0.1037
0.1036
0.1037
0.1037
0.1036
0.1036
0.1038
0.1036
0.1035
0.1036
0.1035
0.1035
0.1034
0.1034
0.1035
0.1034
0.1035
0.1033
0.1034
0.1032
0.1034
0.1034
0.1033
0.1034
0.1035
0.1033
0.1035
0.1035
0.1036
0.1037
0.1037
0.1038
0.104
0.1038
0.1041
0.1041
0.1041
0.1043
0.1042
0.1041
0.1043
0.104
0.104
0.1041
0.104
0.104
0.1039
0.1041
0.1039
0.104
0.104
0.1039
0.1038
0.1039
0.1039
0.1038
0.1038
0.1037
0.1038
0.1037
0.1038
0.1037
0.1037
0.1036
0.1039
0.1036
0.1038
0.1037
0.1038
0.1035
0.1038
0.1037
0.1036
0.1037
0.1036
0.1037
0.1036
0.1038
0.1036
0.1037
0.1036
0.1038
0.1036
0.1037
0.1037
0.1037
0.1037
0.1037
0.1037
0.1037
0.1038
0.1036
0.1037
0.1038
0.1037
0.1036
0.1038
0.1037
0.1038
0.1036
0.1037
0.1038
0.1036
0.1037
0.1037
0.1037
0.1037
0.1037
0.1038
0.1038
0.1049
0.1024
0.1037
0.1037
0.1037
0.1036
0.1037
0.1038
0.1037
0.1038
0.1037
0.1036
0.1037
0.1038
0.1036
0.1037
0.1037
0.1037
0.1036
0.1037
0.1037
0.1037
0.1036
0.1038
0.1037
0.1038
0.1036
0.1037
0.1037
0.1038
0.1036
0.1036
0.1038
0.1036
0.1036
0.1036
0.1038
0.1036
0.1037
0.1037
0.1038
0.1037
0.1038
0.1037
0.1037
0.1038
0.1036
0.1038
0.1036
0.1037
0.1037
0.1038
0.1036
0.1037
0.1038
0.1037
0.1038
0.1037
0.1037
0.1038
0.1037
0.1038
0.1037
0.1039
0.1037
0.1036
0.1038
0.1041
0.1033
0.1038
0.1037
0.1038
0.1037
0.1037
0.1038
0.1038
0.1035
0.1038
0.1036
0.104
0.1035
0.1037
0.1038
0.1037
0.1036
0.1038
0.1037
0.1038
0.1037
0.1038
0.1037
0.1037
0.1037
0.1038
0.1037
0.1036
0.1038
0.1037
0.1038
0.1037
0.1037
0.1037
0.1037
0.1037
0.1037
0.1037
0.1037
0.1037
0.1036
0.1037
0.1036
0.1038
0.1036
0.1037
0.1036
0.1038
0.1037
0.1037
0.1038
0.1037
0.1038
0.1037
0.1038
0.1037
0.1038
0.1036
0.1037
0.1036
0.1037
0.1037
0.1036
0.1037
0.1036
0.1038
0.1037
0.1036
0.1038
0.1036
0.1036
0.1036
0.1038
0.1036
0.1036
0.1037
0.1038
0.1036
0.1037
0.1036
0.1038
0.1036
0.1037
0.1037
0.1037
0.1036
0.1037
0.1038
0.1036
0.1038
0.1036
0.1036
0.1037
0.1036
0.1037
0.1036
0.1037
0.1035
0.1037
0.1036
0.1038
0.1036
0.1038
0.1036
0.1036
0.1057
0.1016
0.1038
0.1036
0.1037
0.1036
0.1038
0.1037
0.1038
0.1037
0.1036
0.1038
0.1037
0.1036
0.1038
0.1036
0.1037
0.1037
0.1037
0.1036
0.1037
0.1036
0.1038
0.1036
0.1036
0.1036
0.1038
0.1036
0.1037
0.1036
0.1037
0.1037
0.1036
0.1038
0.1036
0.1037
0.1036
0.1036
0.1038
0.1036
0.1038
0.1035
0.1038
0.1037
0.1036
0.1038
0.1038
0.1036
0.1037
0.1036
0.1036
0.1037
0.1038
0.1036
0.1039
0.1037
0.1038
0.1037
0.1037
0.1038
0.1036
0.1038
0.1037
0.1038
0.1038
0.1036
0.1039
0.1036
0.1038
0.1037
0.1038
0.1038
0.1037
0.1039
0.1037
0.1037
0.1037
0.1037
0.1038
0.1036
0.1039
0.1034
0.1037
0.1036
0.1038
0.1034
0.1037
0.1036
0.1037
0.1037
0.1037
0.1038
0.1036
0.1037
0.1037
0.1036
0.1037
0.1036
0.1038
0.1037
0.1036
0.1038
0.1037
0.1038
0.1037
0.1038
0.1037
0.1036
0.1037
0.1036
0.1039
0.1035
0.1037
0.1037
0.1036
0.1039
0.1034
0.1038
0.1036
0.1038
0.1037
0.1036
0.1037
0.1037
0.1038
0.1036
0.1037
0.1037
0.1037
0.1036
0.1038
0.1036
0.1037
0.1038
0.1037
0.1036
0.1037
0.1037
0.1037
0.1037
0.1038
0.1037
0.1038
0.1037
0.1037
0.1037
0.1037
0.1037
0.1038
0.1036
0.1037
0.1037
0.1036
0.1037
0.1036
0.1038
0.1037
0.1036
0.1038
0.1037
0.1037
0.1037
0.1037
0.1036
0.1038
0.1037
0.1038
0.104
0.1033
0.1037
0.1038
0.1038
0.1037
0.1037
0.1037
0.1038
0.1037
0.1038
0.1037
0.1036
0.1037
0.1037
0.1037
0.1037
0.1035
0.1038
0.1036
0.1036
0.1036
0.1038
0.1036
0.1036
0.1037
0.1037
0.1075
0.1
0.1035
0.1037
0.1037
0.1037
0.1037
0.1037
0.1037
0.1038
0.1037
0.1038
0.1038
0.1038
0.1037
0.1038
0.1037
0.1038
0.1037
0.1037
0.1038
0.1037
0.1037
0.1036
0.1038
0.1037
0.1037
0.1037
0.1037
0.1037
0.1037
0.1037
0.1038
0.1037
0.1037
0.1038
0.1037
0.1038
0.1037
0.1036
0.1036
0.1038
0.1036
0.1038
0.1036
0.1037
0.1036
0.1037
0.1037
0.1037
0.1036
0.1038
0.1036
0.1037
0.1038
0.1036
0.1037
0.1039
0.1037
0.1038
0.1037
0.1038
0.1037
0.1037
0.1038
0.1037
0.1038
0.1037
0.1037
0.1038
0.1037
0.1036
0.1038
0.1036
0.1036
0.1037
0.1037
0.1036
0.1038
0.1035
0.1038
0.1037
0.1036
0.1038
0.1037
0.1036
0.1038
0.1037
0.1038
0.1038
0.1037
0.1039
0.1038
0.1037
0.1037
0.1038
0.1048
0.1027
0.1037
0.1036
0.1037
0.1037
0.1037
0.1037
0.1045
0.1028
0.1037
0.1037
0.1037
0.1036
0.1036
0.1036
0.1038
0.1037
0.1037
0.1038
0.1036
0.1037
0.1036
0.1038
0.1037
0.1038
0.1037
0.1037
0.1038
0.1037
0.1038
0.1037
0.1037
0.1039
0.1038
0.1037
0.1037
0.1038
0.1036
0.1037
0.1036
0.1038
0.1037
0.1036
0.1037
0.1036
0.1036
0.1036
0.1037
0.1037
0.1036
0.1036
0.1036
0.1035
0.1036
0.1036
0.1036
0.1037
0.1036
0.1037
0.1036
0.1038
0.1036
0.1037
0.1038
0.1037
0.1039
0.1039
0.1038
0.104
0.1039
0.1038
0.1039
0.1039
0.1038
0.1039
0.1037
0.1038
0.1037
0.1038
0.1038
0.1038
0.1036
0.1037
0.1036
0.1036
0.1037
0.1036
0.1036
0.1036
0.1036
0.1037
0.1035
0.1037
0.1037
0.1036
0.1038
0.1037
0.1037
0.1038
0.1036
0.1038
0.1037
0.1036
0.1038
0.1037
0.1037
0.1038
0.1037
0.1037
0.1038
0.1037
0.1038
0.1037
0.1037
0.1038
0.1037
0.1038
0.1036
0.1038
0.1035
0.1037
0.1037
0.1036
0.1037
0.1038
0.1036
0.1037
0.1037
0.1037
0.1036
0.1038
0.1036
0.1037
0.1036
0.1038
0.1037
0.1036
0.1038
0.1036
0.1037
0.1036
0.1038
0.1036
0.1038
0.1035
0.1038
0.1036
0.1037
0.1038
0.1036
0.1037
0.1038
0.1037
0.1039
0.1037
0.1038
0.1037
0.1036
0.1038
0.1037
0.1036
0.1038
0.1037
0.1036
0.1038
0.1037
0.1036
0.1038
0.1037
0.1038
0.1035
0.1038
0.1037
0.1038
0.1037
0.1038
0.1037
0.1037
0.1038
0.1036
0.1038
0.1037
0.1036
0.1037
0.1036
0.1038
0.1036
0.1037
0.1037
0.1037
0.1036
0.1036
0.1038
0.1036
0.1036
0.1038
0.1037
0.1037
0.1036
0.1038
0.1037
0.1036
0.1038
0.1036
0.1039
0.1036
0.1036
0.1037
0.1036
0.1038
0.1036
0.1036
0.1038
0.1036
0.1036
0.1036
0.1036
0.1038
0.1036
0.1036
0.1038
0.1037
0.1036
0.1037
0.1038
0.1037
0.1036
0.1038
0.1037
0.1037
0.1038
0.1037
0.1038
0.1038
0.1038
0.1039
0.1037
0.1038
0.1038
0.1037
0.1038
0.1037
0.1038
0.1036
0.1036
0.1036
0.1037
0.1037
0.1036
0.1036
0.1037
0.1036
0.1038
0.1036
0.1037
0.1037
0.1037
0.1037
0.1036
0.1038
0.1037
0.1038
0.1036
0.1037
0.1038
0.1038
0.1038
0.1036
0.1037
0.1038
0.1038
0.1038
0.1037
0.1039
0.1037
0.1038
0.1036
0.1037
0.1036
0.1036
0.1038
0.1036
0.1038
0.1035
0.1037
0.1036
0.1035
0.1036
0.1036
0.1036
0.1035
0.1037
0.1037
0.1038
0.1036
0.1037
0.1036
0.1037
0.1036
0.1038
0.1037
0.1038
0.1037
0.1037
0.1038
0.1036
0.1037
0.1036
0.1038
0.1037
0.1037
0.1037
0.1037
0.1037
0.1037
0.1037
0.1038
0.1036
0.1037
0.1038
0.1037
0.1036
0.1038
0.1037
0.1036
0.1036
0.1038
0.1037
0.1036
0.1037
0.1037
0.1037
0.1036
0.1038
0.1037
0.1038
0.1037
0.1037
0.1038
0.1037
0.1038
0.1037
0.1037
0.1038
0.1037
0.1037
0.1037
0.1037
0.1036
0.1038
0.1036
0.1037
0.1038
0.1036
0.1037
0.1038
0.1037
0.1038
0.1037
0.1036
0.1037
0.1038
0.1037
0.1036
0.1037
0.1037
0.1036
0.1037
0.1037
0.1037
0.1038
0.1036
0.1037
0.1037
0.1037
0.1037
0.1038
0.1037
0.1036
0.1038
0.1037
0.1037
0.1037
0.1037
0.1037
0.1037
0.1037
0.1037
0.1036
0.1038
0.1037
0.1036
0.1038
0.1037
0.1036
0.1038
0.1037
0.1036
0.1038
0.1036
0.1037
0.1038
0.1037
0.1037
0.1038
0.1037
0.1038
0.1036
0.1037
0.1036
0.1036
0.1037
0.1037
0.1037
0.1037
0.1037
0.1038
0.1037
0.1036
0.1037
0.1038
0.1036
0.1037
0.1038
0.1039
0.1035
0.1037
0.1036
0.1037
0.1038
0.1037
0.1036
0.1036
0.1038
0.1036
0.1037
0.1036
0.1037
0.1036
0.1035
0.1036
0.1035
0.1035
0.1035
0.1034
0.1034
0.1034
0.1033
0.1034
0.1035
0.1034
0.1035
0.1034
0.1037
0.1034
0.1038
0.1036
0.1036
0.1036
0.1038
0.1037
0.1038
0.1037
0.1037
0.1037
0.1038
0.1038
0.1038
0.1039
0.1039
0.104
0.1039
0.1041
0.1039
0.1039
0.1041
0.104
0.104
0.104
0.1044
0.1036
0.1038
0.104
0.1038
0.1037
0.1038
0.1038
0.1038
0.1039
0.1038
0.1039
0.1037
0.1037
0.1038
0.1037
0.1038
0.1037
0.1037
0.1036
0.1038
0.1036
0.1037
0.1036
0.1038
0.1037
0.1039
0.1037
0.1038
0.1037
0.1037
0.1038
0.1036
0.1038
0.1037
0.1037
0.1038
0.1037
0.1036
0.1038
0.1037
0.1036
0.1038
0.1036
0.1037
0.1038
0.1036
0.1038
0.1037
0.1041
0.1032
0.1038
0.1037
0.1036
0.1036
0.1039
0.1035
0.1037
0.1036
0.1036
0.1035
0.1037
0.1037
0.1038
0.1034
0.1035
0.1036
0.1035
0.1036
0.1034
0.1034
0.1033
0.1035
0.1034
0.1035
0.1035
0.1035
0.1036
0.1035
0.1036
0.1035
0.1036
0.1036
0.1036
0.1038
0.1036
0.1036
0.1037
0.1036
0.1038
0.1037
0.1038
0.1037
0.1039
0.1038
0.104
0.1038
0.104
0.1038
0.104
0.104
0.104
0.1039
0.104
0.1039
0.1039
0.104
0.1039
0.104
0.1041
0.104
0.104
0.1039
0.104
0.104
0.1039
0.1039
0.1038
0.1039
0.1039
0.1037
0.1039
0.1037
0.1037
0.1038
0.1036
0.1038
0.1037
0.1036
0.1038
0.1037
0.1036
0.1037
0.1038
0.1037
0.1036
0.1038
0.1037
0.1036
0.1038
0.1036
0.1037
0.1038
0.1036
0.1037
0.1038
0.1036
0.1037
0.1036
0.1038
0.1037
0.1036
0.1038
0.1036
0.1037
0.1038
0.1037
0.1036
0.1038
0.1037
0.1036
0.1036
0.1036
0.1038
0.1036
0.1037
0.1037
0.1037
0.1036
0.1038
0.1036
0.1037
0.1036
0.1036
0.1038
0.1037
0.1037
0.1037
0.1037
0.1036
0.1038
0.1037
0.1036
0.1038
0.1037
0.104
0.1035
0.1036
0.1037
0.1038
0.1036
0.1038
0.1037
0.1036
0.1039
0.1035
0.1038
0.1034
0.1037
0.1037
0.1036
0.1035
0.1036
0.1035
0.1035
0.1034
0.1034
0.1035
0.1035
0.1036
0.1035
0.1036
0.1036
0.1038
0.1036
0.1037
0.1036
0.1038
0.1036
0.1039
0.1036
0.1037
0.1036
0.1036
0.1038
0.1036
0.1038
0.1038
0.1039
0.1038
0.1039
0.1039
0.104
0.1039
0.104
0.104
0.1039
0.1037
0.1039
0.1037
0.1038
0.1038
0.1038
0.104
0.1036
0.1036
0.1039
0.1038
0.104
0.1038
0.1037
0.1038
0.1037
0.1038
0.1038
0.1038
0.1036
0.1037
0.1037
0.1037
0.1037
0.1037
0.1037
0.1036
0.1037
0.1037
0.1037
0.1037
0.1037
0.1038
0.1036
0.1036
0.1037
0.1038
0.1036
0.1038
0.1037
0.1036
0.1037
0.1037
0.1036
0.1037
0.1038
0.1037
0.1037
0.1038
0.1037
0.1038
0.1037
0.1036
0.1036
0.1036
0.1038
0.1037
0.1038
0.1036
0.1037
0.1038
0.1037
0.1038
0.1038
0.1037
0.1038
0.1037
0.1038
0.1037
0.1037
0.1038
0.1038
0.1038
0.1037
0.1039
0.1035
0.1037
0.1038
0.1037
0.1036
0.1038
0.1037
0.1036
0.1038
0.1037
0.1037
0.1038
0.1037
0.1036
0.1038
0.1039
0.1034
0.1037
0.1037
0.1036
0.1037
0.1038
0.1037
0.1036
0.1038
0.1036
0.1038
0.1037
0.1037
0.1037
0.1038
0.1035
0.1037
0.1038
0.1036
0.1037
0.1038
0.1036
0.1036
0.1037
0.1038
0.1036
0.1036
0.1038
0.1036
0.1035
0.1036
0.1036
0.1035
0.1035
0.1035
0.1035
0.1034
0.1036
0.1034
0.1034
0.1035
0.1035
0.1035
0.1035
0.1036
0.1035
0.1036
0.1036
0.1036
0.1036
0.1036
0.1038
0.1038
0.104
0.1035
0.1043
0.1036
0.1039
0.1041
0.104
0.104
0.1041
0.1054
0.1029
0.104
0.1041
0.104
0.1041
0.1041
0.1039
0.1039
0.1038
0.1038
0.1037
0.1037
0.1037
0.1036
0.1036
0.1036
0.1036
0.1038
0.1036
0.1037
0.1036
0.1038
0.1037
0.1038
0.1036
0.1037
0.1038
0.1037
0.1039
0.1037
0.1039
0.1037
0.1039
0.1038
0.1038
0.1037
0.1038
0.1037
0.1036
0.1038
0.1037
0.1037
0.1037
0.1037
0.1038
0.1036
0.1037
0.1036
0.1038
0.1036
0.1037
0.1038
0.1036
0.1037
0.1036
0.1036
0.1037
0.1037
0.1036
0.1036
0.1038
0.1037
0.1036
0.1038
0.1037
0.1036
0.1038
0.1037
0.1036
0.1038
0.1036
0.1036
0.1037
0.1038
0.1036
0.1037
0.1038
0.1037
0.1036
0.1038
0.1036
0.1037
0.1038
0.1036
0.1037
0.1038
0.1036
0.1037
0.1036
0.1038
0.1036
0.1037
0.1036
0.1038
0.1038
0.1037
0.1036
0.1037
0.1038
0.1037
0.1036
0.1037
0.1038
0.1038
0.1037
0.1036
0.1037
0.1038
0.1036
0.1037
0.1038
0.1036
0.1037
0.1038
0.1036
0.1037
0.1036
0.1038
0.1036
0.1037
0.1038
0.1036
0.1037
0.1038
0.1037
0.1036
0.1038
0.1036
0.1036
0.1037
0.1036
0.1038
0.1036
0.1038
0.1037
0.1036
0.1038
0.1037
0.1037
0.1039
0.1035
0.1038
0.1037
0.1037
0.1035
0.1038
0.1039
0.1038
0.1035
0.1037
0.1037
0.1038
0.1036
0.1038
0.1037
0.1037
0.1038
0.1037
0.1037
0.1038
0.1037
0.1038
0.1037
0.1038
0.1037