364
367
345
363
356
368
348
348
362
368
350
362
366
369
367
361
347
365
361
352
357
349
349
351
366
362
362
367
359
366
382
351
358
368
359
352
337
387
366
367
362
374
363
357
364
347
374
369
361
359
345
360
360
368
350
346
378
369
363
379
361
375
369
388
384
384
392
382
375
377
379
372
395
389
377
372
384
382
371
380
399
379
388
388
386
367
380
391
391
376
386
384
399
391
375
382
393
397
395
381
416
403
384
391
382
396
401
394
406
378
371
365
390
395
412
380
382
384
372
406
416
388
419
445
438
456
454
484
492
491
463
413
410
432
474
533
536
553
557
533
522
533
499
525
526
549
541
534
515
521
513
512
474
471
478
492
498
474
478
478
474
467
453
464
463
469
452
474
432
453
441
481
470
466
469
472
496
492
488
460
464
486
492
470
470
444
442
450
478
453
474
435
439
434
472
451
448
456
443
472
461
448
440
468
472
459
461
461
464
477
472
470
488
511
484
517
491
485
481
472
501
499
498
506
495
493
493
515
483
500
493
495
526
523
514
513
538
521
533
506
509
528
531
517
538
514
505
515
515
544
534
500
539
552
529
561
583
568
582
594
573
579
597
572
523
501
460
473
363
313
349
233
246
243
238
257
271
334
330
358
354
386
392
387
377
391
377
408
378
364
368
373
370
421
389
406
383
399
388
392
392
409
394
389
387
401
397
413
399
413
415
432
445
440
420
414
458
406
388
454
472
471
459
430
490
492
478
529
510
553
548
529
532
537
541
559
599
578
579
591
574
588
598
602
599
627
677
667
689
672
692
689
690
715
708
670
636
683
714
698
704
659
754
743
764
744
789
770
756
750
794
805
764
766
785
797
828
913
855
894
867
853
792
792
727
680
613
731
751
735
731
760
737
757
793
755
757
749
752
749
760
763
789
785
766
819
851
890
849
1043
993
1032
1122
1095
1144
1216
1298
1265
1409
862
1336
715
932
755
686
1154
1048
999
883
740
968
765
529
490
685
825
922
812
803
661
394
375
314
271
263
263
197
165
169
189
260
324
369
431
489
513
548
552
558
545
624
623
751
821
904
997
994
1154
1177
1203
1181
1065
949
932
910
939
890
955
856
867
858
736
801
898
836
829
809
870
897
965
995
978
976
986
1002
994
960
988
1026
1052
1125
1078
1102
1088
1095
1035
1052
1041
1023
1048
1067
1094
1077
1095
1074
1119
1146
1171
1188
1202
1209
1238
1213
1191
1189
1208
1218
1179
1229
1251
1259
1267
1231
1307
1248
1282
1301
1279
1286
1343
1294
1345
1305
1315
1374
1321
1332
1307
1211
1229
1259
1262
1252
1262
1236
1222
1203
1179
1220
1254
1250
1274
1226
1251
1229
1242
1243
1247
1256
1207
1188
1204
1198
1186
1198
1185
1229
1261
1247
1228
1254
1214
1259
1260
1281
1310
1315
1387
1339
1368
1374
1344
1402
1389
1358
1403
1343
1362
1333
1329
1335
1374
1323
1228
1185
1092
1269
1323
1337
1340
1339
1377
1307
1375
1428
1337
1368
1305
1040
1061
1143
1021
1211
1256
1213
1225
1203
1223
1255
1251
1226
1242
1269
1256
1262
1247
1278
1306
1278
1280
1260
1189
1118
1227
1083
1085
1124
1088
1092
1063
1071
1044
1047
1016
1045
1022
1030
1060
1067
1079
1063
1128
1151
1108
1127
1134
1118
1125
1097
1145
1152
1107
1135
1145
1101
1051
1068
1053
1114
1090
1040
992
954
951
993
1020
1000
987
995
1031
1009
1024
1073
1023
1047
1028
1061
1007
1044
905
922
843
896
955
948
1061
1241
1148
1267
1294
1281
1332
1147
1125
767
869
934
1043
1111
1023
985
991
991
916
857
888
821
854
852
852
873
866
803
814
824
964
1052
1081
1151
1148
1238
1187
1175
1219
1247
1239
1234
1249
1339
1301
1254
1314
1236
1207
1208
1206
1142
1178
1180
1209
1272
1209
1224
1169
1095
1142
1058
1130
1073
1094
1093
1012
1068
1075
1158
1187
1194
1170
1037
814
842
792
688
813
773
719
836
1043
902
1158
1049
1092
1109
1058
982
1162
1117
1199
1481
1150
1145
1507
1316
1184
1689
1614
1734
1768
1799
1769
1776
1687
1732
1871
1798
1818
1836
1778
1826
1856
1809
1816
1863
1904
1827
1845
1776
1813
1771
1745
1727
1758
1743
1799
1749
1699
1616
1675
1544
1666
1729
1616
1771
1788
1736
1766
1800
1817
1771
1691
1712
1609
1760
1778
1751
1684
1782
1690
1709
1716
1759
1723
1749
1700
1811
1765
1762
1787
1809
1782
1805
1920
1855
1822
1977
1968
1995
2045
2059
2106
2110
2100
2162
2172
2148
2226
2306
2298
2276
2377
2354
2270
2346
2323
2385
2414
2440
2400
2474
2552
2498
2541
2569
2542
2613
2620
2626
2634
2640
2633
2650
2488
2501
2390
2450
2377
2372
2366
2324
2324
2178
2063
1916
1767
1720
1719
1281
1454
1222
1193
1395
1019
1157
1356
1022
1325
1250
1005
1339
1223
945
1295
1198
815
1017
924
894
1033
867
885
999
841
893
969
798
954
978
805
1005
865
811
794
846
912
925
978
1077
1144
1336
1336
966
799
750
751
826
980
987
1130
1074
1232
1237
1129
1124
1073
812
687
673
597
550
536
539
478
567
539
565
619
626
657
633
684
669
646
635
652
640
628
606
617
591
533
527
514
490
446
489
454
442
432
377
399
377
377
365
352
320
315
298
301
299
276
286
284
281
265
261
275
253
255
261
285
319
319
332
340
338
347
348
340
326
311
297
312
308
330
297
293
283
289
269
221
239
203
208
227
209
236
217
223
239
224
254
235
229
254
263
265
259
257
280
274
274
287
322
318
301
300
310
304
320
352
332
345
340
405
420
452
449
514
486
512
517
513
515
504
501
483
485
468
480
471
484
443
460
469
504
520
560
513
536
566
578
570
519
564
564
535
544
546
540
557
562
553
518
520
535
501
525
497
517
507
471
449
456
459
504
519
499
569
630
594
617
582
600
661
615
631
760
754
809
794
840
839
877
805
826
783
737
684
569
607
637
608
628
630
603
579
607
599
565
610
588
612
565
556
509
512
523
480
524
480
470
494
485
474
493
495
488
505
492
491
497
502
489
500
468
485
465
470
447
453
462
461
436
459
449
435
456
444
465
433
462
433
424
421
424
432
427
412
412
438
448
414
469
444
440
462
473
447
518
540
508
590
583
565
591
608
630
661
646
663
692
755
683
797
771
836
971
828
941
930
834
997
942
848
1019
997
935
1089
1097
924
1217
1227
1224
1495
1697
1731
1802
1370
1358
1699
1888
2077
2141
2177
2196
2081
1994
1974
1996
2092
2063
2138
2121
2122
2172
2172
2168
2208
2186
2222
2183
2212
2278
2225
2281
2221
2270
2235
2268
2293
2309
2308
2192
2054
1764
1823
1600
1292
1541
1421
1240
1629
1830
1777
2212
2567
2066
2888
2704
2245
2756
2692
3096
3380
3336
3623
3377
3393
3350
3187
3276
3142
3004
2931
2983
3099
2921
2986
2841
2775
2915
2874
3039
3051
3135
2986
3096
3150
3098
3093
3042
3172
2959
3117
3120
3381
3315
3178
3172
3168
2996
3040
3023
2866
2506
2333
2579
1854
2207
2317
2281
1992
2412
2376
1925
2294
1874
2089
2060
1905
1707
1904
1646
2002
2174
2059
2162
2050
2155
2017
1980
1940
1825
1668
1736
1756
1783
1747
1692
1747
1676
1723
1790
1492
1536
1696
1599
1494
1608
1447
1422
1648
1339
1301
1592
1062
1325
1494
1078
1393
1425
1197
1604
1397
1163
1389
1265
1073
1364
1374
1153
1348
1251
1199
1159
1169
1175
1258
1025
1014
1065
904
924
1017
963
1048
1093
1000
1149
1132
1120
1207
1347
1201
1343
1208
1285
1291
1217
1347
1268
1259
1335
1327
1339
1423
1371
1374
1343
1373
1337
1282
1318
1289
1336
1312
1298
1307
1293
1313
1274
1273
1311
1338
1434
1375
1378
1253
1246
1179
1106
1055
967
1068
1012
1062
1076
1153
1084
1085
1182
1073
1103
1191
1165
1185
1184
1232
1301
1415
1362
1418
1480
1485
1384
1290
1297
1300
1265
1249
1241
1287
1238
1258
1243
1269
1243
1251
1205
1189
1209
1176
1194
1220
1204
1198
1208
1206
1222
1201
1177
1210
1193
1192
1209
1124
1143
1205
1166
1200
1192
1211
1203
1232
1260
1255
1305
1241
1302
1271
1335
1289
1291
1248
1295
1381
1283
1335
1402
1344
1366
1318
1237
1258
1285
1290
1333
1283
1325
1293
1307
1286
1309
1301
1210
1173
1149
1121
1163
1176
1197
1209
1178
1188
1174
1197
1199
1194
1206
1226
1204
1223
1249
1214
1231
1240
1215
1222
1204
1136
1199
1234
1208
1187
1212
1242
1247
1227
1242
1261
1286
1297
1301
1354
1322
1346
1348
1283
1335
1362
1326
1341
1365
1436
1502
1528
1583
1616
1606
1644
1645
1703
1738
1803
1764
1782
1770
1723
1704
1723
1635
1754
1684
1651
1723
1628
1676
1721
1680
1735
1772
1688
1670
1710
1775
1707
1726
1724
1678
1703
1705
1692
1657
1713
1688
1789
1786
1845
1822
1873
1838
1877
1885
1943
1880
1883
1890
1940
1814
1835
1844
1835
1836
1871
1825
1827
1787
1802
1768
1795
1752
1754
1780
1745
1753
1756
1729
1707
1742
1713
1761
1751
1727
1760
1768
1735
1706
1673
1684
1661
1657
1632
1620
1617
1576
1627
1628
1634
1527
1465
1435
1487
1485
1526
1563
1544
1558
1535
1493
1547
1523
1519
1555
1553
1579
1565
1614
1603
1498
1584
1406
1289
1321
1185
1152
1215
1099
1139
1190
1075
1146
1220
1217
1285
1316
1318
1256
1281
1274
1211
1218
1201
1072
1061
1023
1042
983
979
976
1033
1029
1116
1318
1239
1250
1334
1253
1325
1328
1249
1292
1352
1302
1291
1318
1320
1351
1320
1306
1287
1318
1322
1280
1237
1258
1193
1210
1190
1184
1171
1174
1123
1074
1112
1053
1083
1043
1019
1062
1041
1016
1016
1037
972
1027
1007
988
838
867
839
989
951
966
970
898
917
931
873
855
857
845
793
805
778
778
734
762
705
708
697
661
685
693
660
661
665
598
615
621
610
591
628
620
649
636
633
597
550
553
543
549
533
551
505
494
507
481
469
450
455
479
500
462
480
472
448
459
453
463
467
456
453
499
521
489
541
533
514
592
603
643
726
731
741
780
806
863
846
894
929
913
886
917
883
924
952
980
1004
1023
1034
1056
1088
1089
1100
1086
1059
1102
1107
1116
1200
1195
1222
1208
1234
1254
1243
1267
1235
1209
1310
1240
1252
1229
1236
1232
1244
1218
1201
1255
1204
1240
1238
1218
1199
1161
1138
1145
1151
1139
1120
1154
1161
1157
1110
1126
1141
1120
1173
1154
1120
1188
1153
1141
1131
1136
1152
1123
1139
1095
1058
1043
1070
1080
1057
1059
995
1041
1018
1020
1006
1016
955
971
913
923
930
940
938
889
917
914
883
866
867
871
842
878
862
843
847
833
826
797
753
797
760
777
722
718
763
748
734
757
730
755
738
781
868
862
913
898
873
877
883
843
823
787
713
687
695
677
645
632
652
528
625
676
602
669
677
678
660
671
629
601
653
636
619
593
627
567
577
590
557
610
593
579
599
601
586
568
582
546
556
539
541
577
566
567
571
558
566
567
563
579
560
560
546
555
588
547
531
538
538
539
516
517
539
548
556
567
579
591
620
614
627
610
634
611
606
560
568
528
513
508
517
516
511
502
488
506
506
495
518
491
519
495
530
506
510
536
534
521
427
449
414
598
575
581
794
1024
1272
1279
1268
1292
1294
1282
1584
1785
1688
1655
2205
2674
3255
4825
4855
4106
4250
2318
951
351
277
528
1712
3286
3487
1480
1464
1744
920
1214
1275
3165
3409
5447
6482
6361
6282
6382
6305
6248
6298
6227
6238
6304
6319
6309
6260
6299
6370
6363
6270
6225
6393
6457
6332
6321
6306
6312
6418
6308
6290
6296
6286
6318
6334
6194
6325
6289
6342
6347
6303
6343
6301
6344
6282
6266
6238
6396
6263
6148
6318
6353
6373
6348
6262
6301
6217
6287
6354
6249
6188
6323
6389
6087
6231
6249
6290
6269
6294
6183
6251
6197
6228
6313
6177
6109
6263
6237
6201
6250
6155
6319
6305
6253
6418
6389
6404
6351
6353
6388
6427
6380
6369
6353
6425
6307
6373
6387
6389