902
953
948
897
919
905
921
893
897
897
897
907
929
927
887
918
898
906
909
945
955
947
949
923
917
930
957
928
899
934
933
915
933
927
943
931
928
934
910
921
942
930
956
927
913
942
929
926
961
920
931
909
921
958
944
920
936
937
908
931
925
957
948
934
947
945
963
949
954
979
910
931
951
918
916
906
933
905
957
920
954
907
920
950
938
916
955
928
922
942
933
954
956
966
947
952
938
955
943
953
949
946
969
952
929
913
942
906
910
895
887
884
828
885
859
872
864
812
849
882
829
844
837
862
867
862
843
860
875
868
876
883
863
856
881
874
855
914
891
895
876
895
874
880
854
815
721
700
660
654
677
704
624
606
607
636
621
643
609
616
615
619
610
629
625
607
637
612
650
677
674
708
726
678
689
719
837
891
868
993
1004
1052
1153
1195
1252
1237
1284
1384
1324
1339
1406
1397
1499
1495
1487
1485
1552
1535
1594
1583
1600
1557
1584
1522
1590
1596
1594
1729
1811
1895
1899
1916
1924
1889
1898
1867
1823
1885
1766
1768
1711
1722
1750
1742
1739
1758
1773
1768
1744
1731
1742
1757
1776
1759
1623
1531
1416
1384
1422
1374
1634
1704
1823
1820
1882
1881
1874
1938
1935
1941
1933
1926
1972
1969
2047
2008
2044
2066
2075
2030
2126
2089
2110
2108
2130
2085
2135
2107
2128
2086
2056
2083
2116
2212
2144
2241
2267
2183
2221
2228
2209
2212
2192
2256
2247
2222
2271
2320
2313
2178
2079
2004
1795
1756
1550
1495
1823
1877
2114
2225
2239
2265
2259
2295
2288
2275
2288
2337
2353
2251
2282
2330
2338
2214
2379
2362
2304
2359
2343
2404
2405
2416
2326
2356
2345
2374
2279
2360
2420
2506
2521
2512
2468
2529
2493
2495
2543
2475
2556
2546
2486
2558
2586
2559
2588
2585
2589
2519
2526
2520
2486
2476
2473
2462
2475
2400
2393
2411
2381
2415
2431
2452
2475
2542
2473
2525
2548
2513
2520
2529
2474
2440
2392
2295
2373
2408
2365
2411
2371
2294
2238
2054
2052
1787
1701
1679
1453
1446
1408
1439
1410
1471
1456
1407
1430
1434
1397
1521
1596
1581
1674
1705
1666
1693
1879
1898
1857
1866
1879
1854
1890
1926
1904
1941
1926
1898
1798
1766
1735
1655
1623
1667
1592
1608
1498
1491
1539
1495
1573
1602
1593
1596
1662
1625
1646
1639
1539
1549
1535
1448
1448
1369
1350
1368
1318
1373
1416
1407
1510
1505
1433
1476
1463
1413
1468
1457
1489
1511
1540
1582
1585
1732
1896
2080
2060
2134
2197
2165
2120
2142
2094
2118
2047
2004
2027
1945
1962
1930
1894
2012
2046
2036
2069
2137
2096
2104
2120
2142
2198
2253
2237
2176
2070
1908
1779
1829
1804
1795
1808
1740
1739
1746
1819
1924
1901
1895
1876
1921
1902
1900
1902
1890
1770
1657
1636
1798
1870
1888
1897
1913
1903
1838
1766
1767
1636
1519
1596
1511
1432
1466
1428
1458
1507
1469
1524
1545
1487
1524
1504
1354
1369
1324
1307
1286
1287
1273
1300
1256
1259
1260
1216
1246
1224
1173
1157
1201
1171
1158
1114
1066
1101
1101
1126
1106
1160
1229
1310
1305
1360
1464
1454
1501
1503
1526
1622
1623
1623
1622
1701
1748
1735
1794
1825
1776
1833
1737
1826
1840
1897
1955
2028
2015
2084
2103
2154
2146
2111
2090
2203
2055
1952
2035
2003
2095
2022
2161
2109
1907
2022
1954
1926
1892
1875
1918
1967
1992
2054
1991
2005
2055
1985
2042
1981
2029
2005
2032
2031
2067
2027
2034
2071
1984
2053
2045
2020
2064
2023
2017
2054
2035
1996
2018
1990
1993
1970
1934
1989
1940
1946
1845
1869
1794
1862
1838
1844
1851
1803
1802
1745
1743
1684
1728
1665
1683
1671
1631
1624
1592
1485
1473
1514
1463
1465
1399
1368
1408
1503
1544
1643
1633
1668
1675
1690
1764
1890
1881
1948
2032
1890
1909
1767
1698
1616
1594
1605
1611
1607
1667
1752
1812
1848
1794
1864
1923
1905
1913
1940
1923
1949
1980
1993
1982
2010
2012
2041
1977
1977
1985
1976
1951
1822
1971
1959
1861
1913
1826
1759
1859
1824
1837
1859
1827
1844
1881
1885
1848
1790
1712
1608
1495
1383
1328
1332
1309
1344
1381
1389
1465
1502
1546
1563
1545
1597
1555
1567
1573
1604
1627
1566
1637
1583
1607
1561
1492
1499
1420
1454
1390
1428
1422
1353
1347
1351
1304
1278
1220
1168
1148
1089
1077
997
970
968
915
864
780
716
638
570
584
522
478
465
439
436
419
414
354
359
367
395
421
413
431
446
438
458
427
434
468
448
451
454
452
458
443
423
416
422
381
333
336
336
327
331
317
320
307
341
315
316
303
316
285
304
294
301
285
303
294
297
287
287
315
292
298
304
292
292
284
276
259
272
264
263
271
290
256
268
308
294
313
335
427
487
544
598
607
575
568
550
572
530
523
531
577
550
532
620
622
606
686
680
687
783
855
846
979
982
1000
1234
1219
1186
1474
1362
1505
1780
1798
1892
2011
2017
2023
2115
1991
1948
1954
1725
1777
1730
1662
1591
1886
1910
2278
2256
2239
2240
2082
2092
2022
2814
2880
2602
3018
3015
2946
3337
3383
3547
3428
3647
3632
3491
3671
3740
3496
3563
3687
3546
3206
2985
3046
3400
3636
3852
3840
3826
3682
3757
3653
3675
3872
4024
4170
4178
4146
4066
3993
3954
3931
3861
3899
3770
3912
3834
3980
3858
3970
3872
3685
3750
2996
2926
3009
2571
2560
2507
1855
2066
1768
1609
1590
1294
1100
1170
1252
1363
1442
1606
1691
1785
1748
1880
1827
1729
1935
1892
1819
1895
1783
1768
1798
1735
1688
1654
1596
1368
1168
1050
929
1063
1052
1270
1051
1044
1534
1276
1290
1271
1423
1505
1461
1434
1319
1393
1597
1660
1715
1879
1862
1835
1779
1768
1789
1634
1699
1761
1627
1671
1705
1686
1696
1625
1620
1678
1673
1799
1766
1881
1939
1970
1942
1939
1939
1811
1874
1838
1703
1578
1617
1649
1524
1453
1504
1357
1389
1396
1384
1378
1346
1311
1240
1222
1265
1244
1272
1343
1262
1297
1285
1289
1298
1335
1338
1300
1294
1244
1284
1226
1253
1146
1085
1066
1084
1177
1306
1396
1350
1327
1307
1283
1248
1239
1217
1098
1077
1062
1057
1069
1127
1032
1052
997
854
782
778
779
793
828
922
995
1240
1460
1629
1896
2085
2169
2181
2196
2133
2134
2133
2110
2086
2122
2158
2155
2095
2126
1952
2096
1992
2061
2066
1989
2082
2096
2031
1878
2055
2103
2131
2062
1892
1675
1520
1478
1470
1528
1816
2029
2303
2291
2369
2371
2353
2348
2359
2388
2407
2385
2455
1907
1915
1886
2212
2187
2144
2211
2161
2141
2231
2179
2166
2233
2207
2214
2172
2218
2247
2246
2259
2238
1846
1837
1678
2066
2250
2345
2284
2318
2258
2219
2195
2252
2318
2266
2281
2249
2068
2030
2132
2068
2112
2223
2194
2230
2222
2144
2061
2029
2082
2029
2007
1984
2031
1966
2009
2011
2010
2002
1924
1986
1987
1904
1947
1852
1893
1874
1850
1797
1745
1778
1745
1652
1695
1629
1646
1644
1654
1656
1642
1553
1534
1560
1563
1490
1536
1556
1572
1529
1519
1508
1563
1464
1493
1514
1494
1480
1436
1438
1460
1396
1403
1403
1392
1361
1401
1373
1392
1420
1425
1418
1419
1401
1343
1424
1356
1397
1335
1334
1329
1309
1353
1356
1453
1367
1354
1385
1444
1484
1426
1442
1470
1550
1525
1540
1520
1580
1559
1483
1468
1399
1386
1383
1424
1364
1316
1288
1279
1250
1283
1237
1269
1244
1232
1222
1148
1123
1100
1036
1043
1004
995
986
948
997
993
924
746
747
600
610
602
701
854
1006
1131
1288
1354
1374
1343
1370
1399
1469
1496
1480
1425
1489
1468
1534
1512
1539
1653
1578
1653
1571
1583
1532
1632
1706
1740
1754
1798
1779
1853
1842
1856
1872
1926
1953
2024
2027
2031
1843
1987
1861
1770
1752
1595
1832
1674
1803
1865
1830
1987
2019
2062
1975
1982
1926
1926
1888
1890
1849
1941
1951
1949
1924
1851
1881
1820
1851
1709
1679
1587
1404
1344
1282
1338
1376
1407
1335
1398
1421
1409
1482
1481
1477
1524
1454
1426
1384
1373
1222
1189
1104
1125
1109
1061
1094
1054
1011
1023
956
961
988
978
942
971
946
965
996
960
1043
1081
1141
1281
1310
1215
1209
1162
1158
1106
1096
1038
1066
1043
1023
985
971
1007
958
986
1034
1097
1168
1143
1189
1119
1139
1050
1109
1016
1030
1036
1046
1052
1088
1058
1041
1047
1034
874
885
902
855
924
988
964
986
961
1009
1024
1059
1084
1064
1077
1162
1161
1131
1281
1278
1302
1296
1288
1295
1249
1220
1205
1164
1183
1165
1145
1052
1070
1137
1169
1194
1178
1180
1199
1253
1175
1241
1286
1332
1328
1470
1420
1389
1521
1560
1545
1629
1611
1679
1700
1695
1685
1742
1736
1657
1660
1636
1711
1691
1665
1621
1578
1542
1502
1466
1489
1414
1382
1240
1159
1222
1196
998
991
949
924
852
921
880
958
975
985
1166
1129
1185
1045
1074
1118
1193
1162
1143
1115
1073
1046
1073
1039
1033
1047
1047
1073
1034
1010
995
985
1054
1009
950
1003
989
931
1014
994
945
988
973
957
976
991
916
941
949
985
1039
1044
1093
1054
1086
1105
1098
1098
1120
1084
1057
1070
1040
1060
1024
983
975
857
812
842
886
834
831
752
742
703
688
662
640
615
567
560
570
539
498
528
495
533
500
490
484
454
497
483
492
502
446
462
436
420
395
374
339
320
288
260
282
269
294
310
327
341
327
332
335
335
345
349
331
320
298
286
277
265
263
249
258
266
247
255
246
260
240
239
242
231
243
244
257
276
258
246
233
236
233
225
232
233
253
241
231
206
203
214
204
170
192
166
183
197
184
188
198
206
197
226
243
229
219
236
233
238
241
254
239
223
239
239
235
185
204
154
148
126
103
111
109
107
103
114
139
125
100
123
134
130
132
133
139
140
149
139
154
144
147
143
153
131
144
162
159
157
167
173
158
163
163
195
211
240
278
286
294
397
393
399
435
434
472
493
513
512
492
499
521
554
543
571
578
577
594
485
488
536
565
614
641
521
554
587
680
692
693
727
714
722
737
735
746
689
662
682
704
750
741
820
864
841
871
908
888
931
960
933
1075
1059
1050
1051
1079
1123
1108
1070
1094
1143
1136
1138
1200
1186
1228
1303
1248
1296
1308
1299
1346
1364
1405
1392
1465
1473
1510
1484
1531
1517
1542
1585
1569
1583
1572
1588
1543
1509
1516
1587
1556
1563
1566
1548
1565
1581
1580
1631
1580
1578
1600
1571
1609
1610
1586
1599
1607
1650
1694
1659
1714
1664
1695
1674
1637
1651
1804
1722
1724
1747
1789
1772
1738
1795
1795
1831
1793
1792
1724
1725
1623
1660
1591
1603
1646
1649
1639
1686
1627
1634
1654
1721
1655
1681
1708
1656
1732
1756
1727
1731
1697
1718
1717
1707
1740
1696
1734
1745
1747
1715
1792
1838
1818
1867
1878
1909
1922
1968
1956
1966
1954
1891
1860
1933
1915
1956
1895
1856
1882
1935
1912
1928
1938
1951
1963
1963
1919
1919
1886
1811
1763
1762
1725
1730
1738
1763
1691
1640
1691
1630
1575
1606
1529
1565
1496
1484
1515
1417
1426
1439
1501
1446
1429
1434
1384
1375
1344
1269
1151
1119
1041
1049
955
996
1021
1024
1063
1070
1220
1186
1246
1288
1332
1307
1371
1382
1357
1366
1370
1273
1220
1223
1103
1061
1024
930
929
872
826
760
734
698
681
661
606
581
548
539
499
458
459
416
418
414
408
420
372
365
347
365
370
344
319
312
306
337
337
331
331
340
338
326
314
326
351
364
367
388
406
387
409
376
381
388
385
411
401
406
421
441
457
493
544
540
551
523
528
553
605
652
696
769
842
814
901
923
966
1057
1058
1091
1153
1180
1170
1139
1141
1139
1119
1102
1070
1039
1026
1048
1018
1077
1112
1075
1073
1021
975
951
865
840
866
786
778
722
730
687
677
690
685
703
685
671
686
621
607
610
599
562
589
558
590
545
554
568
543
568
554
580
536
502
544
507
536
555
578
608
640
655
741
801
821
845
818
834
865
857
867
858
943
929
925
1018
1005
1046
1027
1101
1110
1167
1131
1195
1203
1212
1207
1244
1187
1195
1202
1114
1076
1065
1032
853
801
775
910
893
916
1006
1010
1038
1020
1103
1146
1152
1209
1202
1329
1345
1330
1396
1367
1401
1505
1566
1625
1641
1735
1872
1978
2009
2071
2004
1998
2029
1977
2046
2035
2003
2048
1993
1951
1907
1936
1896
1877
1925
1818
1800
1720
1676
1623
1661
1632
1639
1645
1675
1664
1655
1595
1562
1565
1528
1525
1495
1487
1479
1601
1623
1719
1704
1729
1688
1716
1727
1767
1752
1770
1785
1836
1767
1828
1927
1948
1960
1919
2051
1983
2018
2054
1911
1980
1883
1938
1988
1901
1930
1916
1871
1879
1976
1981
1955
2034
2052
2045
2131
2080
2065
2048
2106
2071
2114
2097
2038
2031
2079
2062
2079
2010
2038
2071
2094
2044
2053
2088
2081
2073
2149
2155
2117
2166
2156
2139
2084
2038
1985
2017
2042
2018
1934
1907
1988
1937
1947
1893
1942
1895
1924
1966
1940
1966
1940
1922
1982
1921
2032
1983
2006
1929
2007
1974
2032
2025
2049
1953
1970
1928
1985
2019
1990
1976
2018
1919
1916
1784
1703
1420
1208
1138
1185
1195
1156
1089
1051
1037
1102
1159
1172
1238
1244
1188
1197
1204
1224
1199
1182
1227
1211
1222
1150
1177
1119
1063
1135
1110
1183
1240
1277
1295
1296
1323
1321
1364
1336
1348
1365
1306
1300
1230
1260
1362
1377
1503
1569
1642
1563
1593
1574
1590
1621
1564
1622
1656
1703
1761
1855
1871
1870
2001
1918
1999
2103
2111
2119
2029
2199
1987
2159
2170
2124
2235
2268
2270
2257
2221
2139
2123
2186
2180
2132
2148
2034
2005
1968
1930
1880
1861
1895
1917
1869
1921
1886
1846
1839
1803
1826
1824
1855
1837
1827
1847
1754
1716
1645
1666
1636
1655
1645
1566
1650
1610
1672
1699
1779
1797
1730
1792
1793
1751
1816
1771
1718
1662
1640
1665
1599
1656
1649
1658
1634
1684
1643
1658
1653
1685
1624
1645
1664
1640
1680
1647
1628
1652
1677
1700
1733
1692
1735
1718
1735
1741
1700
1663
1674
1596
1624
1613
1576
1552
1502
1457
1509
1460
1440
1485
1481
1446
1420
1423
1448
1461
1465
1427
1425
1420
1384
1365
1354
1257
1217
1180
1145
1131
1025
1072
1047
1054
1006
1002
960
955
900
852
878
823
796
798
795
815
821
751
812
781
771
744
715
686
659
633
652
574
572
561
602
576
569
569
567
548
555
579
569
560
547
570
568
568
569
584
554
583
600
577
573
610
635
633
677
639
661
666
625
592
598
586
587
568
555
563
591
601
625
648
594
606
591
567
501
497
494
456
429
407
458
429
435
418
432
421
386
407
415
412
433
432
417
418
404
439
400
390
422
407
381
398
403
428
415
421
443
462
448
486
523
546
568
563
536
571
571
575
554
526
526
561
596
621
583
560
515
531
480
502
547
568
614
683
756
720
775
722
721
670
639
592
602
554
568
523
548
505
569
622
690
730
764
827
870
855
917
944
992
1059
1099
1120
1174
1266
1359
1332
1414
1393
1436
1504
1607
1630
1643
1669
1611
1656
1655
1692
1662
1723
1698
1683
1695
1648
1635
1588
1618
1687
1638
1674
1694
1671
1711
1647
1613
1630
1546
1544
1567
1534
1573
1597
1645
1680
1666
1647
1641
1628
1635
1654
1691
1630
1662
1658
1690
1672
1656
1636
1628
1603
1610
1584
1600
1576
1589
1592
1601
1584
1521
1479
1442
1331
1259
1211
1128
1125
1115
1038
1076
1001
1020
851
779
728
758
659
697
677
808
1058
1043
1212
1267
1232
1250
1295
1416
1330
1321
1119
1178
1036
933
977
985
787
905
1181
1344
1490
1772
1728
1329
1402
1219
1448
2039
2839
1769
866
406
3756
2229
3049
3033
2579
3807
3864
3860
3880
3894
3825
3816
3847
3868
3896
3895
3837
3820
3932
3882
3888
3844
3813
3790
3865
3867
3774
3784
3794
3813
3859
3796
3808
3825
3860
3801
3876
3794
3874
3792
3858
3790
3802
3892
3816
3743
3830
3971
3876
3732
3835
3810
3851
3734
3737
3930
3755
3841
3884
3710
3916
3859