83.5008
90.6636
100.067
96.1455
89.8089
85.0135
91.8705
97.0657
91.1896
88.4544
87.2889
95.2035
94.2432
90.877
89.7768
89.6546
99.5312
100.677
86.7671
86.0106
87.3739
97.4416
96.4146
97.3203
91.1542
87.4758
99.5445
96.1284
91.6747
91.9632
94.8916
90.4752
90.6019
91.1903
91.5123
91.0586
90.3798
89.4985
90.2818
90.763
91.8315
92.0874
91.4936
91.3086
92.0185
91.2808
89.2831
87.5856
87.9585
92.9664
91.1568
89.3985
88.8738
88.4522
88.2868
88.5845
86.7447
86.5678
86.2304
94.8333
92.9831
88.3857
84.8179
83.3951
96.4199
91.4507
83.6832
79.1741
84.2468
95.6922
92.1334
86.2062
83.3426
95.5784
92.7137
89.3227
88.2603
87.1418
96.3203
92.6496
87.9224
85.5245
87.2076
91.5102
88.0662
84.5949
83.5884
91.336
96.3204
91.2194
86.5288
84.9743
94.8643
94.0894
88.7063
83.6479
85.818
94.2317
91.9915
89.6237
85.2743
88.1419
94.6334
90.1308
85.6246
84.3938
94.0402
91.756
85.3439
83.4576
80.0339
89.702
89.7203
84.1312
82.0357
84.6929
95.0628
100.007
102.018
96.1175
96.1079
98.226
89.5408
83.7146
84.8514
91.8139
89.608
84.5913
86.3703
82.4737
89.6793
87.4212
85.1529
83.3126
85.4439
91.3138
90.0315
88.9123
85.8554
89.6218
91.8249
87.9927
84.8233
85.1169
88.4152
86.3479
82.1861
79.5289
81.8656
83.744
90.4746
92.6388
93.7125
98.3728
97.6919
97.4438
93.322
107.402
124.053
109.764
94.8489
95.8133
100.085
102.36
101.967
102.721
105.816
101.911
97.2095
91.8374
94.6418
100.183
96.5551
92.2973
91.2857
95.34
97.5382
93.936
88.7119
90.9615
95.8607
93.8679
91.0854
90.4907
93.0044
98.1403
94.0482
92.6133
87.6482
93.5646
96.2493
92.4051
91.5146
86.736
95.37
93.4819
91.1212
87.6255
89.6585
96.044
93.7071
91.3675
86.8821
92.5274
95.3565
91.9298
89.1809
86.9778
93.9542
92.3624
90.7238
87.5577
88.8388
97.6153
94.0615
90.6193
88.5417
89.4119
96.029
92.5717
89.1669
86.7752
95.555
93.56
91.036
86.5702
86.9267
95.0244
92.6131
89.3509
87.1612
93.4016
97.3243
90.9612
87.746
86.9742
95.5088
95.6061
90.5215
86.9184
87.0067
95.0697
92.5872
89.6336
86.0985
90.7278
95.4303
92.2551
88.559
87.3609
95.0504
97.6823
92.0138
88.3298
89.1617
95.3345
93.639
89.98
86.1856
89.4226
95.8297
93.8502
91.6067
88.157
91.8687
95.662
92.2807
89.8225
87.562
93.4598
93.9681
90.7613
89.1727
93.9994
92.6095
89.4753
87.9688
88.2055
89.0963
95.3623
93.669
90.8627
89.4355
88.0163
92.6808
95.2565
90.9289
89.9809
89.9966
95.3366
93.4583
86.1724
90.4222
88.7656
92.9643
92.8317
89.8385
89.8448
88.4835
90.2204
92.0206
94.6388
92.0677
90.4253
93.1726
95.2313
93.8605
91.316
90.355
94.586
91.8755
91.9024
87.3881
92.2026
93.1365
89.9161
91.4647
89.7575
90.1048
90.9807
88.4417
89.6414
90.5585
90.1114
90.9093
90.2108
87.2294
91.9506
90.357
89.6112
92.0557
91.0825
88.8638
92.5705
91.7329
90.799
88.4006
89.862
89.0176
88.4416
90.1511
91.435
88.5042
87.658
90.6935
88.8024
89.4565
91.7609
90.1368
89.8755
90.2479
88.1218
90.0131
91.8344
85.8965
85.1447
89.9021
89.5756
91.3098
89.0574
90.3717
91.6919
90.4853
91.8812
91.5807
91.2803
90.2472
88.9255
89.2687
90.2355
94.2403
85.053
91.7937
90.8343
90.3548
89.9285
90.288
89.724
89.5943
90.0215
88.636
88.2192
88.5909
89.4489
89.8427
90.2836
92.4182
92.4927
91.4046
91.0702
87.0466
89.8418
89.3026
89.1871
88.7395
88.9599
89.5952
89.5739
88.9712
88.7864
88.2315
87.3569
86.8351
86.8976
87.8419
89.6528
88.4088
88.4315
89.1805
89.1572
88.4424
87.7479
88.1457
88.8693
89.0315
89.5202
90.5139
89.6007
87.0253
84.3703
85.2129
87.6777
88.6455
88.9684
89.9736
89.4513
88.7915
88.6054
89.6406
89.891
89.6418
89.5435
88.8411
88.7421
87.0015
86.8793
88.3845
88.8343
87.8876
88.0705
88.7838
88.072
88.5023
88.37
88.8022
89.219
88.4289
87.748
87.5984
88.2181
87.9267
87.4973
86.5622
86.5956
87.4597
88.1662
87.6245
86.9384
86.6449
87.1854
87.6678
88.0065
88.659
88.9342
88.6947
87.5304
87.4749
87.4708
87.9005
88.2166
88.26
88.7891
89.0608
89.1784
89.3953
89.2241
89.3015
89.631
89.3246
89.013
88.53
88.3694
88.373
88.7724
89.1083
88.5584
88.3918
88.3912
88.4499
88.887
88.6681