88.6523
88.0595
87.1878
86.013
86.329
84.425
83.1477
83.1346
82.1673
82.1483
81.9066
81.223
81.6652
82.2224
83.3667
85.4368
86.2615
86.81
86.4573
93.2744
88.4088
86.7317
85.7135
85.6045
85.9072
85.4932
76.3134
82.9892
84.9478
87.8139
89.3907
90.0133
90.963
91.881
93.6023
92.0663
93.3056
93.9195
94.5094
93.4478
92.9428
92.3611
92.2706
92.4635
92.8708
92.5258
93.1384
95.5966
97.7022
99.569
100.447
100.392
100.164
98.5193
94.9563
90.4683
87.2835
84.5473
84.4146
83.0622
83.0174
88.6558
87.1619
91.6266
94.5602
97.2603
97.8563
98.1708
98.1279
95.7339
92.5367
90.4192
89.1786
89.1282
91.2232
93.3512
93.6595
93.3449
94.1301
95.3513
94.9735
94.4066
93.0505
92.5292
92.3907
92.6526
93.1306
93.2259
94.1354
96.1696
99.3182
101.96
104.48
105.937
106.656
99.7212
93.1913
86.0704
81.7675
82.8156
83.586
89.563
88.1039
89.9276
93.4504
94.5158
93.1495
92.3489
90.1864
89.7096
89.5984
88.9094
89.9356
92.9471
97.7909
99.6097
99.1815
100.133
99.8344
99.5906
99.737
99.3196
97.2349
93.3413
89.0454
87.4335
88.6258
90.5783
91.5623
92.2837
92.6879
92.247
92.8824
94.6827
98.7303
101.266
109.319
117.594
117.852
112.94
103.754
95.7858
87.5046
83.0193
73.2408
71.0829
71.5486
75.8979
77.9431
79.077
81.3256
84.6794
84.102
87.8414
89.202
90.2956
90.3349
90.2177
89.6011
88.5473
88.1257
88.3452
89.4867
90.9904
94.4742
98.4562
102.854
105.144
102.564
102.36
105.692
110.441
112.93
110.105
106.798
103.683
111.217
107.896
115.678
119.411
125.183
132.15
137.403
141.315
142.548
143.151
143.015
143.62
144.364
144.114
142.078
141.143
139.585
137.627
135.938
133.869
131.18
128.549
126.112
124.007
120.927
117.553
114.127
110.68
107.323
104.085
100.842
97.3489
94.2056
94.7926
91.8756
96.2623
95.7162
92.2607
95.2778
93.38
92.3448
91.6599
91.0343
90.8267
91.2219
91.2263
90.4536
91.1395
92.4669
94.0104
92.3513
95.2167
92.6959
88.7369
91.8885
90.888
89.9708
89.2734
89.0135
88.6869
88.9414
88.6396
88.4662
87.9105
87.8392
87.6084
87.2973
87.1493
87.5669
89.461
88.4951
92.0058
91.7924
89.2051
91.5115
91.0885
88.0938
91.0318
90.2476
90.446
87.7118
91.4857
91.2123
88.6201
92.001
90.2407
85.9814
90.6401
89.6353
88.5272
83.7729
89.5326
88.0221
87.2945
86.7909
85.388
80.4366
87.2749
85.2324
83.5784
82.6496
82.5325
81.727
81.1929
81.8978
82.7966
82.9107
83.5582
83.9383
84.927
85.7572
85.1606
85.513
84.5927
84.3804
85.2861
84.7505
83.3484
82.446
84.8938
86.5593
85.9601
83.6071
82.4008
82.206
81.9067
82.5151
83.1919
84.7373
84.8097
87.3702
80.865
81.7809
85.4316
89.8272
89.825
87.8269
86.2793
86.9424
88.7647
88.8625
86.4821
87.5326
89.3064
90.589
90.0077
86.2776
82.485
84.3945
86.5327
89.5161
92.4166
92.0515
91.7819
89.8162
89.1321
90.6877
93.4459
92.872
91.7352
90.1839
89.2047
88.7082
90.9935
91.866
92.8141
92.1805
89.2997
88.2727
89.184
90.3934
91.3965
91.3393
89.9479
88.1856
87.274
86.4631
87.3148
86.6376
85.5067
84.3598
83.2828
84.7002
86.6394
88.1678
89.8427
91.8696
93.9716
94.9149
94.6829
92.8078
90.8122
91.1024
89.103
88.5374
89.904
91.5974
92.1956
93.722
94.1124
93.073
91.3228
89.774
90.4528
91.0121
91.3779
90.604
90.5897
88.7164
86.4407
84.7626
85.3812
85.7738
85.4044
85.9031
86.6308
87.8094
87.9092
86.4351
85.1282
83.9903
84.8445
85.1198
84.0355
83.3783
82.9281
82.8494
83.1569
84.7776
85.9681
86.8549
88.2625
89.1074
91.2992
91.599
94.1707
93.7192
92.7543
89.5005
89.7385
90.8435
87.1299
91.3085
88.9984
82.4162
87.9179
83.8135
83.2762
84.392
84.7079
83.7516
85.2241
86.8322
89.3592
91.2594
91.3865
91.019
87.2834
85.603
85.2063
87.2582
87.8927
85.896
80.8785
80.5574
81.4194
82.8124
82.6746
81.9111
80.6847
80.6087
80.5256
80.5274
79.0054
80.1231
81.7291
84.7458
87.448
89.77
90.3189
87.7835
85.6274
84.7815
84.22
85.4364
82.4751
84.608
85.3826
86.6642
83.3618
88.4862
89.7733
92.1571
90.5047
90.1296
91.0397
90.9357
90.4674
88.1982
86.2094
84.6596
84.1645
83.5402
83.3732
83.7695
83.7338
83.0349
82.5159
83.2883
83.7686
84.1981
83.8409
82.6372
82.7083
84.2296
84.4257
84.1016
83.6377
84.5307
85.2441
87.7714
90.8275
92.4231
89.7727
87.9496
85.889
86.0475
86.0484
86.854
90.9429
93.8275
91.4886
88.886
87.2529
85.3454
85.5067
83.4701
83.994
84.3849
84.1053
84.4451
86.6099
87.0643
86.3228
85.734
85.0174
81.713
79.2764
80.8403
82.0586
86.825
89.95
87.9081
82.2157
82.5786
87.1643
88.6923
87.2617
85.625
85.7478
85.5564
85.8418
87.1963
87.6092
88.6452
89.0018
87.0232
88.0545
91.6774
89.943
86.4463
84.143
82.4216
80.5786
81.2632
80.2361
83.5778
87.5693
89.3895
89.2444
90.8155
89.7293
90.3724
92.5925
93.3155
91.6752
94.8631
92.446
88.4959
87.9125
90.6231
90.0587
90.7718
90.5933
89.7028
90.1013
92.0895
92.6819
92.8964
93.2012
92.8531
91.8131
91.8155
93.1978
93.5254
87.6308
78.0283
78.1029
86.4426
86.2543
93.8658
92.7803
94.5382
95.3686
87.8346
82.4469
77.4704
81.5362
86.5008
81.8018
83.8676
84.5024
84.9978
86.3387
84.22
89.8537
89.4021
91.7904
90.6172
87.3061
84.3623
80.6885
80.5546
82.55
86.4219
85.2668
86.9781
86.2483
85.1958
81.9142
80.4348
83.7886
81.8895
86.2843
83.9521
85.5065
85.0527
83.0116
85.3285
84.9196
85.6125
85.4501
79.7582
78.4541
79.462
83.0678
80.325
80.0279
83.3016
85.6664
81.7197
81.3718
85.1429
89.7916
95.4667
98.6948
96.6884
93.97
91.417
89.872
89.5974
89.6318
91.2972
93.0781
96.3637
94.6261
89.9414
87.6677
88.1471
90.3716
92.1666
93.3283
93.2746
91.6295
91.1942
89.946
89.8311
88.0404
89.5698
85.2238
86.1735
86.6607
87.3495
88.5655
88.7905
87.4946
86.8889
87.0009
87.2504
85.6768
84.7038
85.7223
86.7129
88.9145
90.0138
89.3441
90.3145
90.2543
89.0872
87.4347
88.8399
86.7227
88.5835
92.5371
93.7275
91.9442
93.0527
91.9523
90.0742
89.2203
85.5988
86.8265
87.1095
88.5365
88.467
88.3815
91.1696
90.4264
89.5335
87.594
87.8079
87.7356
86.0972
83.9793
82.9127
82.3691
82.4765
84.5672
85.3922
84.8052
84.0683
86.0561
89.1086
90.1988
90.9299
91.5476
91.2042
88.808
89.79
87.5733
90.6666
90.1295
88.5122
86.5088
85.902
85.3881
84.6652
82.447
81.8705
81.6814
82.254
83.2022
84.5145
87.9738
89.1509
89.5925
90.1109
91.6556
93.2633
91.1215
89.1487
87.1425
86.0836
83.4367
78.6152
73.7554
74.1545
75.8329
78.1749
80.3609
82.4568
81.763
76.675
72.4766
72.0851
77.1119
86.249
90.0714
92.8716
91.7144
96.1741
106.989
112.573
112.437
108.339
106.77
103.167
97.6593
93.2669
95.2285
91.4937
90.9628
91.018
89.8006
87.7519
89.3944
91.3762
91.5117
94.3713
97.1681
98.0886
100.759
98.3069
90.1787
88.9792
89.0425
90.0558
87.5312
83.4858
89.6215
92.4587
84.8299
79.0114
86.3953
87.3
86.3777
83.1625
81.1616
86.3113
88.7981
89.416
88.7992
102.42
97.1921
83.9375
87.6852
89.6493
91.3089
89.9542
91.2972
94.2205
86.022
81.1212
85.6857
94.0971
91.4295
95.8255
98.3412
96.5912
95.7705
91.7568
89.015
86.702
86.0728
87.4331
91.1106
93.5052
93.1484
96.2259
95.9534
94.0156
94.8999
92.7883
94.4683
96.5581
97.7429
93.0207
89.8874
85.8343
90.4487
93.5951
96.5688
97.1531
99.0776
102.39
96.6777
93.9844
88.4706
83.7764
83.8357
87.0646
89.42
90.1863
90.2144
88.1884
91.7764
89.8006
90.378
90.7711
90.5611
90.0987
88.9482
86.2664
87.593
87.3979
85.6864
88.3273
85.1481
87.9507
86.9499
86.1008
84.4838
82.8166
82.8808
80.5339
78.9277
78.1421
77.7496
77.9778
78.0767
80.7415
82.7568
82.621
81.9066
82.5195
83.0514
80.2967
78.4042
77.6131
79.8943
83.1082
86.0819
87.8809
85.4961
76.2144
81.3054
84.8248
90.1697
93.0472
94.7669
90.3133
91.7624
89.835
90.1154
90.9393
95.0739
95.1529
97.8378
92.7972
95.9
94.8633
94.1613
92.2945
91.3719
92.0027
91.28
90.2102
88.6514
87.2402
86.1854
85.4486
85.7886
86.311
85.6982
86.223
86.283
85.0137
83.9937
81.7343
78.9849
77.186
75.4323
73.0105
74.9353
78.446
78.4633
77.8954
77.6329
79.573
82.9369
75.5409
83.7409
83.4996
83.4258
88.6814
85.8574
86.3248
87.8823
89.9216
95.0706
100.003
109.759
108.548
106.839
103.528
93.8371
92.3837
93.0018
91.4324
84.8312
80.8247
80.1438
84.55
81.7304
96.0464
92.8556
97.9195
101.182
102.741
102.536
99.9642
99.5429
100.258
100.408
99.2084
105.11
105.234
112.324
107.305
103.546
110.174
104.938
109.359
98.5941
104.324
98.7282
100.955
103.034
102.219
101.286
99.244
96.1992
94.2033
94.031
92.0656
89.9212
87.775
90.3034
90.9536
89.2534
86.5842
86.0673
86.8295
87.7188
89.2195
88.9833
89.3495
93.2952
94.6437
92.921
92.4444
93.3933
95.639
94.6638
94.2084
93.8487
94.3042
94.3591
94.9861
95.1737
95.1225
96.666
96.1044
94.9679
93.5972
91.0365
92.7857
91.7329
93.912
93.6244
91.2651
90.3498
89.0002
85.9225
87.0981
88.8457
89.2324
91.205
95.1671
100.377
98.0492
94.9837
91.2214
88.3851
87.3627
87.3399
86.8302
87.442
88.5618
88.9637
89.1807
90.2274
92.2336
96.2457
96.0395
94.9968
92.1799
87.7733
85.8714
87.3247
87.7159
86.028
86.6867
85.9251
87.374
91.8476
92.7472
93.841
100.174
93.8203
92.1867
94.4004
95.7434
95.0264
95.7032
95.5356
96.5833
97.1352
101.216
99.0425
94.5092
89.2917
87.9675
89.3869
92.535
95.6137
98.3046
98.8784
100.092
102.62
102.383
100.151
97.8725
89.7862
100.912
97.4876
94.4094
91.3486
91.6892
92.2467
91.7327
95.1022
96.4441
99.4222
102.138
105.194
108.108
111.901
114.757
115.543
113.577
112.581
110.323
111.487
110.159
109.529
109.778
107.908
107.802
107.333
106.475
105.541
104.928
103.677
103.824
103.78
103.159
102.95
102.845
102.77
102.639
101.663
100.884
103.664
101.655
103.705
97.4376
96.5964
89.4873
91.5923
90.6755
91.3732
92.5592
91.229
90.2913
89.2044
89.5042
88.7211
90.7539
92.0183
94.1508
94.573
92.4431
94.852
94.4834
96.4252
96.3316
98.1646
102.481
102.55
105.126
109.271
102.7
102.356
93.5131
94.332
92.8746
91.3215
92.6857
92.5657
86.9861
85.6594
89.747
91.9685
93.7786
83.5602
84.425
82.0967
89.7762
102.895
115.889
110.17
96.8798
93.3991
85.8819
84.8092
88.5813
89.4193
87.5929
93.5219
88.6318
89.9705
94.7384
96.274
93.6683
99.2286
97.6995
92.352
94.5472
95.3748
93.3384
92.7351
92.669
90.7902
88.3255
86.5793
91.1484
91.5155
89.8017
90.9518
90.152
90.9662
95.1701
96.7264
101.601
103.516
97.2951
91.382
85.8909
84.6366
86.6754
93.0333
91.6225
87.0215
86.7813
86.3719
90.4985
94.1479
92.1398
85.5688
85.5639
87.3447
91.6933
98.2256
103.846
105.184
101.517
97.9255
93.7083
92.4171
91.5318
92.5261
94.8091
96.0068
96.2574
95.4569
96.6447
96.7705
99.1027
99.4123
98.8776
101.826
102.09
99.4517
98.7548
98.3458
95.4379
93.2792
92.3097
86.0211
90.9055
96.5909
100.36
105.941
114.357
124.911
128.208
127.088
126.266
128.799
130.427
126.791
122.012
117.433
111.523
99.2953
91.0406
88.2251
84.7491
86.3029
90.1855
92.7293
93.9293
93.0811
92.0802
93.0979
93.7803
92.1802
90.6188
91.1279
86.6611
88.4003
100.55
104.029
106.909
99.4719
99.2819
102.71
97.7175
91.1334
88.2694
86.7797
90.3473
93.749
97.7251
103.132
99.9256
92.4327
95.3886
103.158
102.339
94.412
92.9453
95.8891
93.0308
94.9839
97.5065
99.5991
97.4351
97.6949
98.5338
94.5143
98.3065
101.339
101.626
99.0736
93.6291
93.829
95.069
93.4388
93.0851
94.1795
96.8207
95.917
92.5072
92.3089
95.9561
102.261
101.538
99.5699
92.3172
86.5376
84.6763
89.7883
90.7814
89.3969
91.3498
94.6149
95.9365
98.1455
94.6966
93.6749
89.4777
92.279
81.3385
88.0054
88.5383
88.0925
91.5842
93.7779
91.0925
92.4021
97.8517
101.075
102.929
93.7136
87.4609
90.414
88.0729
90.3043
85.7264
78.6053
75.9006
80.0857
82.5295
87.3279
87.36
91.6399
103.449
99.1014
93.5156
85.388
87.5073
92.2343
98.4734
108.791
99.2065
94.7127
89.0334
95.1606
94.257
94.1845
94.0059
92.9657
94.2487
91.8889
90.0806
88.0247
91.5758
92.2845
94.0613
94.7169
93.8536
93.6254
92.4302
90.9004
89.9287
87.7754
87.1058
87.3713
89.2066
88.9591
87.0812
87.8307
85.6837
81.7753
74.5225
74.6673
74.8521
80.8773
86.4039
84.9553
85.859
91.3498
90.8134
89.7737
92.0776
96.4204
96.4429
96.6805
96.5609
90.8164
86.6906
93.4655
101.148
95.1009
89.9658
87.3947
87.9875
86.6103
90.3088
91.0465
91.9936
95.3878
95.6968
86.7579
79.156
78.8839
80.6217
85.705
88.541
86.541
92.3848
98.6607
100.743
99.9288
100.299
99.0058
98.2709
97.49
97.0151
98.2434
101.465
101.111
100.076
100.045
100.264
98.8038
100.881
99.0126
100.504
101.808
99.4561
95.8305
96.1449
92.4557
95.7772
99.6329
97.0172
94.5056
93.3611
94.2284
92.941
92.501
93.4174
94.2403
93.8361
95.0475
94.9675
93.721
93.8393
91.928
92.473
91.016
89.2135
90.5506
91.919
92.0334
92.9638
94.0428
94.8133
95.7441
95.2808
96.5182
96.4854
90.9868
92.0458
89.5621
88.2433
87.1855
88.5521
91.8177
93.2106
92.8805
92.1556
92.5032
92.2128
90.7705
90.3725
89.9393
86.9041
86.1944
85.8088
84.3439
84.3221
84.1625
84.9768
86.0361
88.7834
90.2574
88.8147
87.5036
88.9441
88.4004
88.9037
91.0291
93.6536
95.4987
95.2442
94.1891
93.8829
94.0121
93.1855
92.5232
89.8723
89.3145
89.2319
87.2355
86.525
85.7675
85.1217
85.299
84.4164
83.2116
84.6222
88.145
93.9669
98.215
100.456
101.7
102.425
99.5786
101.241
100.49
97.2562
93.834
92.6638
91.2456
90.1384
87.7671
88.4659
89.5682
85.3267
79.8414
73.9064
73.4551
74.7034
74.9082
75.6601
77.602
80.2715
82.3457
93.059
88.5764
86.9818