92.4523
92.5155
92.4885
92.8699
93.555
93.5744
93.1176
92.3063
92.6899
93.8906
94.8899
95.2416
94.801
93.3251
92.2655
92.1906
93.5995
95.4895
95.8035
95.4259
95.2573
96.2606
96.7039
98.6008
99.6552
99.7197
100.605
101.97
102.852
102.912
103.522
104.617
107.447
103.814
92.7367
92.3189
96.3804
98.2727
96.5444
93.4126
91.7087
90.8545
91.4274
91.2656
89.6184
85.1404
84.2005
86.3856
88.9715
90.3448
92.9819
96.267
98.0109
96.5329
93.8093
89.2031
86.3459
87.5161
89.1177
92.0747
95.9628
95.5671
93.3179
91.5294
91.5087
91.1858
91.3867
89.8275
89.9419
89.8126
87.8138
87.1426
87.5703
89.7562
90.084
89.2981
89.2436
90.2917
91.318
92.7628
93.6532
93.7397
94.5373
93.9543
92.8243
90.2829
85.4396
87.0435
89.1534
89.389
88.7404
88.5273
88.7284
88.8451
88.5664
88.5445
88.6468
89.4286
90.9705
92.0411
93.842
94.6057
96.6819
97.4706
97.6671
96.8741
95.5001
93.9235
93.7982
92.1706
91.006
90.197
90.023
89.8264
89.4334
89.6591
89.9953
90.5351
90.5964
91.6098
91.4665
91.9999
93.6974
95.3206
96.6098
97.5127
98.4625
100.229
99.2269
97.1097
96.0062
94.207
90.4438
85.235
81.7048
81.4967
82.0786
87.5329
87.1926
88.6647
89.1385
88.7564
88.5228
90.4902
95.4994
97.5353
101.649
105.519
111.702
108.421
100.449
96.7089
95.9231
95.9145
96.3378
94.2457
93.5109
90.8166
91.1176
93.3655
93.7274
91.2628
92.5715
92.2279
93.9393
94.5013
93.3322
90.2135
86.7392
86.6879
85.7497
86.3027
85.5616
87.2997
86.2356
84.3089
82.8128
82.6808
83.1532
82.6638
83.4387
85.6729
83.3846
86.0658
84.1471
87.711
85.5387
84.9971
85.7777
83.2006
83.0454
84.8336
86.482
85.0627
86.0822
89.4812
90.5542
89.9629
89.7785
85.7415
83.5621
81.9468
82.6522
84.0083
89.7881
92.6293
91.259
88.6732
87.0532
89.3248
91.0026
90.7605
89.5973
88.267
89.7451
88.7623
88.9007
87.9327
88.6914
88.0854
85.9817
85.609
86.0416
85.7792
84.8195
85.7762
88.072
88.463
87.0613
85.302
86.9253
90.0241
92.5296
91.9429
88.5354
83.8876
82.8671
85.3255
89.4496
91.2295
93.0138
91.1568
89.6156
87.0082
87.9342
89.1665
90.6523
90.9189
89.4732
92.2796
94.6484
96.5876
99.9911
96.9139
91.568
89.2512
89.5462
90.2651
90.3813
94.0489
93.4919
90.9684
91.3453
90.9536
90.7845
90.5289
90.5086
91.2367
89.9305
92.5109
96.802
96.468
96.6418
95.3503
93.0547
88.319
86.2414
82.7196
82.0195
84.1281
86.5514
87.5916
89.2966
89.8683
90.8253
92.6253
90.8114
91.8426
94.3861
93.7717
92.7763
89.6463
90.5227
96.1366
94.4763
92.5775
88.8267
87.3295
86.2318
88.4745
89.8584
91.6379
91.8866
88.6836
88.2254
90.0584
88.408
86.1051
85.2475
86.5668
86.1661
82.9543
82.5301
84.2621
89.26
89.3412
88.4244
87.9154
88.8629
89.9612
92.6379
88.9573
94.9396
94.4171
86.4367
96.4606
86.7539
90.45
94.4199
92.5988
92.3131
88.0635
88.0684
94.701
93.0847
91.9907
94.7142
97.6699
97.751
96.4527
97.221
98.8652
96.2709
95.2778
92.8467
91.3707
94.4517
94.2166
95.403
94.0406
92.5341
88.9203
87.417
85.2415
86.6699
86.2799
87.3871
87.4554
88.4423
86.3892
85.8507
87.5397
91.521
94.473
92.1509
84.2425
89.7722
90.3018
90.8586
91.8409
94.0015
88.6796
95.4133
90.1633
91.0152
91.903
91.2408
90.1557
84.4404
95.7004
92.3751
90.9196
90.1223
90.5338
91.044
90.9794
87.9797
86.7348
84.9352
86.3658
84.2197
84.0438
83.3987
83.1882
82.8037
83.5519
82.8964
81.4797
82.3824
83.897
86.6241
89.2773
90.9809
90.9563
90.6187
91.7373
92.874
90.4119
90.8703
89.2878
88.716
88.258
87.145
86.7914
86.2469
86.2106
85.9762
85.6052
83.9272
83.8894
85.7911
87.6516
88.8066
90.7597
92.1267
92.5587
92.6187
93.3931
95.651
97.8248
101.209
101.789
103.249
106.398
107.375
107.06
106.771
111.312
112.802
115.601
118.586
119.223
120.243
121.763
123.341
125.011
126.768
127.712
128.757
127.592
125.878
125.394
123.744
121.389
117.392
114.177
112.053
107.911
104.248
99.5006
96.3899
95.9853
95.5938
95.4515
97.3775
97.9815
95.0777
94.5614
96.7328
96.2096
98.2
100.406
102.215
101.364
100.415
100.468
100.503
100.067
99.2076
98.5942
95.4838
96.2399
93.0295
94.6317
92.7924
90.4123
95.3243
93.7478
91.614
91.1369
90.7988
89.6162
90.8367
93.9846
94.1844
92.8252
91.0679
92.7455
93.0803
93.1116
92.2095
90.9974
90.8054
91.3586
92.2035
92.464
93.7668
94.1157
93.9769
94.4479
95.2013
94.9142
93.863
93.3882
92.8741
92.4951
92.6059
92.9935
93.6087
94.0782
93.6161
93.8988
94.7815
95.6527
95.7557
96.3322
96.8886
96.0525
93.976
92.4117
91.3291
90.9384
89.8235
88.2709
88.0008
90.4081
90.5268
90.6922
91.2839
91.4375
91.2951
93.1196
92.4475
89.0032
87.8305
90.8674
92.6923
93.3581
94.1868
93.9379
93.512
94.0295
93.0088
94.4323
97.7136
101.592
102.996
100.22
97.2753
97.5993
96.8172
97.7333
96.9158
94.5837
92.1247
92.5899
93.936
94.7005
95.5545
96.4886
96.1001
97.5005
99.5753
101.838
103.676
102.562
103.71
103.952
96.8087
99.6806
99.5185
96.935
94.4601
96.6358
98.5851
103.482
106.228
106.809
105.097
103.437
101.303
99.8032
99.6587
100.03
100.36
102.788
103.462
103.767
93.114
85.9049
87.2659
90.6338
92.1216
88.3274
88.9159
84.5993
79.7399
83.1848
90.0496
92.6056
94.8221
95.0373
98.0426
99.6657
101.759
106.032
110.852
111.835
104.83
99.1359
103.722
107.418
106.462
104.047
100.934
104.067
108.103
108.934
107.068
106.328
104.796
105.592
103.341
104.524
101.61
99.6183
96.1877
97.222
95.7392
88.2235
85.457
85.6912
86.7533
89.6824
91.996
92.815
93.2933
94.1984
94.9847
96.7758
100.926
104.139
104.491
105.683
106.438
106.149
103.372
102.874
105.283
107.007
107.211
107.385
102.067
101.851
100.235
96.1871
96.3788
95.6863
100.684
102.965
99.017
97.1566
96.0997
94.1399
90.9973
92.2111
90.2692
90.9555
92.4641
93.9089
93.1875
92.3442
93.0634
94.8076
95.0102
94.337
94.5541
94.9862
96.596
96.6398
95.8478
97.4688
99.8712
102
104.621
105.384
103.55
101.238
102.665
105.225
106.099
106.492
102.879
99.4435
101.335
100.49
98.6353
97.3248
93.7372
92.2706
92.3628
91.1216
96.7709
95.3693
96.8993
99.3379
97.5118
95.922
95.2883
95.373
93.7337
93.5087
94.2791
94.6029
94.3681
94.2731
95.3725
96.7991
97.2702
95.8649
93.1486
92.9119
93.3844
94.4479
93.8672
91.8812
90.3318
89.5848
90.8587
89.6495
92.2392
94.7483
92.8374
93.4118
92.6763
96.9886
96.5202
98.5386
101.092
99.0987
98.344
97.2194
98.2967
98.419
98.2195
100.047
103.105
108.939
111.807
107.909
106.393
102.729
98.9986
96.0746
92.5211
89.2379
91.2769
89.4129
89.8233
92.6936
90.3085
92.4331
92.7181
91.5867
92.5995
94.171
97.3209
98.1335
97.6499
96.9262
97.1534
97.2696
97.1952
97.7092
97.2378
97.0973
95.6166
94.2329
92.9489
92.9831
93.9989
94.3127
95.0354
95.0255
93.6218
92.3906
92.4683
94.7708
95.7343
96.6618
97.5029
97.1011
97.1761
97.0632
96.2744
95.6935
96.4816
96.7033
96.9404
98.291
97.3389
95.9921
96.2217
94.5424
93.0402
92.8073
92.9181
93.9546
94.0886
95.0481
91.8401
93.5879
89.26
91.9991
91.6026
91.4374
91.908
91.4608
88.7285
91.9852
91.8156
92.3418
92.1447
90.8672
90.9977
91.164
90.8171
89.697
88.431
86.642
86.2741
87.8799
88.6869
89.07
90.1225
90.1102
89.8452
89.7798
89.7068
90.4335
90.9958
91.7973
91.3305
91.6766
92.5286
92.0888
90.6537
90.2904
90.9674
91.8515
91.8221
92.7304
94.7901
96.3383
97.9101
98.5251
98.8964
99.3153
99.5837
99.3454
99.32
96.8645
99.0748
98.7184
96.549
97.4164
95.1509
93.291
91.7512
90.697
90.6244
90.4002
90.7491
92.1105
93.8496
94.9975
95.9647
96.8742
98.2101
99.4338
99.5995
99.1382
99.3503
97.9175
97.5941
95.6479
93.5392
90.6386
88.5016
86.8034
89.0253
90.9967
90.9428
89.4373
88.9754
89.9854
91.8303
93.6203
94.813
96.4025
99.5732
102.541
106.571
103.381
95.6663
92.7385
90.5881
89.9786
88.1327
85.596
83.788
79.2304
77.0736
78.3343
78.8243
87.3648
87.709
90.6405
89.1393
88.393
87.5893
86.2441
86.4553
86.1228
87.5616
88.7589
90.2504
90.4312
91.4937
93.9723
95.7466
97.202
94.4181
90.8543
88.8177
88.1928
87.5838
86.4645
86.6462
85.1228
85.8509
87.3001
86.0297
87.7594
86.8721
83.8829
86.8429
91.4805
92.7776
95.5991
92.2612
89.7977
88.1485
84.5783
84.5999
85.0409
83.8465
86.3985
89.6623
87.58
86.5952
83.6635
83.6118
88.9793
88.6844
89.4842
90.8049
89.2279
87.1336
86.755
86.3054
85.8421
85.2325
84.739
85.2423
86.7872
86.5288
85.4517
85.0588
85.7037
86.0008
86.6033
86.1717
87.3758
88.8667
88.9421
89.0651
89.3083
89.3532
89.3722
90.4148
93.0761
98.2573
103.923
102.224
99.4112
96.2976
97.246
95.8964
95.1272
92.1325
91.1554
90.7019
90.7932
86.8632
87.2798
90.0741
91.4545
87.9551
84.7124
81.0033
78.0452
80.2002
83.5889
85.7089
85.3322
82.1772
82.8926
79.789
80.3057
80.9149
81.6519
84.2057
88.2854
91.535
93.0268
93.8954
94.2852
96.0111
96.8738
96.7764
97.4703
97.7964
94.6532
93.4632
91.097
89.3614
92.6011
93.4328
95.5142
96.7524
97.0407
96.7425
94.2954
95.1789
95.4659
95.4667
93.1827
92.242
88.7741
85.9233
84.7262
82.852
83.379
84.5952
84.9822
84.7185
85.7592
84.8555
86.9635
93.0322
95.256
95.9918
95.2568
97.8089
98.4535
97.2618
95.2571
93.1797
94.3282
96.8894
93.0121
89.6194
90.1656
87.6597
88.8561
90.5744
88.1743
88.319
90.6764
93.2385
92.5352
90.5461
87.2044
82.7841
79.1753
81.5542
81.967
84.2684
81.2664
86.6419
86.6037
90.4994
88.6984
93.1686
94.7654
96.2865
92.1851
92.6001
93.448
90.9074
91.89
91.046
87.5655
91.7485
94.04
93.316
92.7361
91.2037
87.96
87.3675
89.596
93.27
89.0143
90.3445
92.4028
89.787
89.4247
85.3371
81.1405
82.2425
83.8863
82.9607
84.0348
87.415
90.7458
91.6486
92.5397
89.1684
89.3746
88.2079
91.0793
89.7725
89.3331
91.0614
94.2641
99.2138
98.8188
95.5318
92.5688
93.832
93.3775
90.9081
90.8835
94.4216
95.7889
96.3716
96.7178
97.654
97.7021
96.4161
93.8321
91.8475
90.7831
90.0588
87.4095
86.5981
86.0218
87.4371
86.2907
88.05
87.6978
87.7842
87.4262
87.822
88.583
87.0794
88.6345
87.8343
90.7978
90.5984
90.9442
91.4238
93.0324
92.9053
95.2727
94.9922
95.2952
95.7481
95.6777
92.6561
91.8345
87.6841
88.2109
86.3873
85.7744
87.3699
88.8287
90.2792
91.4352
91.8095
93.4169
95.3485
96.5337
93.781
89.3366
84.6181
83.4803
85.6249
87.1154
89.0841
90.4107
91.6852
92.6746
92.4404
91.6776
95.3564
95.2454
96.0172
97.2525
97.6285
98.2584
97.13
94.957
92.7378
93.7792
90.5346
91.0123
86.4177
86.8388
84.1346
82.3522
81.6353
80.1441
80.2284
81.7179
83.0264
82.7186
83.5375
84.4039
85.8234
86.2337
84.9313
84.7635
84.0167
83.2827
82.6691
85.5222
86.8818
87.8268
88.1688
88.6899
88.1487
87.0489
85.7008
85.1586
84.3408
83.169
83.0414
83.3134
84.949
87.1604
87.9193
87.1419
86.7826
86.2591
85.9333
84.4829
81.6511
80.5042
80.2176
81.0244
81.9643
83.4982
86.2062
88.668
90.7933
90.0408
90.6081
90.9998
90.8859
90.4899
90.4179
90.448
89.2798
88.8458
86.9085
89.339
88.4457
88.5457
89.8345
90.1325
90.4828
91.7425
90.4202
90.6628
90.4004
89.3854
87.9545
85.69
78.8328
80.379
84.0504
87.5732
90.9858
94.7263
97.1643
98.8892
97.6419
97.7993
100.945
104.022
105.442
105.84
105.844
104.269
102.674
100.133
96.7186
96.0034
97.5859
96.5687
94.7249
95.694
95.8002
95.4144
96.9144
100.01
98.9565
98.6663
101.46
102.028
101.396
99.2853
102.263
107.122
100.389
98.7475
98.0081
96.1377
95.1171
96.7217
97.8256
102.764
106.037
106.998
104.942
103.342
100.396
99.555
99.8193
100.435
101.003
103.667
104.095
100.133
85.52
85.8147
89.6955
92.6301
88.0053
90.0363
86.9089
81.53
80.7295
89.1412
92.629
95.0309
95.5775
98.8558
100.362
103.552
107.378
111.702
106.235
98.7031
102.855
107.265
107.428
105.082
101.092
102.37
107.036
108.279
106.517
106.21
103.854
105.304
102.306
103.475
100.529
97.9191
95.6644
96.8971
91.9139
84.4967
85.881
86.0863
89.0956
91.6051
92.6518
93.5664
94.442
95.5288
99.0093
103.324
104.204
105.948
106.856
106.583
103.622
103.545
106.242
107.088
108.817
103.988
102.145
100.931
96.6787
95.514
95.4254
101.35
101.737
98.2405
96.62
95.2566
91.8882
92.1843
91.1726
90.7204
93.1339
93.7821
92.3675
90.5743
92.9186
94.6804
94.4297
93.8402
95.6475
95.1619
95.0339
96.6929
97.8833
102.135
103.727
102.775
101.955
101.446
103.372
106.005
106.665
104.277
100.08
100.075
100.143
97.3826
96.0678
93.2468
91.6764
92.0333
95.2827
94.3742
97.3023
97.9695
96.0455
94.884
94.8893
91.6914
93.3788
94.1469
94.7371
93.6924
95.1204
96.5889
97.6518
94.9078
92.6465
93.3459
93.9677
93.2554
91.082
89.4222
90.6262
89.4207
91.0454
94.1962
92.0397
93.1582
93.0219
96.5526
95.9783
99.608
102.085
96.6827
98.2022
98.4448
97.9995
99.4152
100.405
104.219
111.525
114.539
112.196
111.391
108.044
105.722
103.465
101.222
99.0778
95.7393
93.0052
90.3203
90.0948
89.8486
91.9604
93.4898
92.4538
91.2437
89.4837
90.4841
92.9414
95.4687
97.0819
98.4331
98.7281
97.2934
96.9096
96.3464
94.6522
93.4678
92.6164
92.3408
92.3581
92.4293
92.6237
92.4828
92.7887
92.7689
92.6317
92.629
92.7204
92.9387
93.1512
93.3579
93.3501
93.6797
93.8751
93.9369
94.1042
94.2657
94.0536
94.2788
94.4753
94.0982
93.7999
93.6154
93.1625
93.371
93.7476
93.7366
93.6447
94.0234
94.4613
95.0537
94.7374
94.4509
93.832
93.2651
94.0894
93.0756
93.3097
91.8587
90.7896
87.8068
85.7433
84.1939
80.9664
77.2302
79.0479
79.4325
83.0119
84.4745
85.8928
85.0563
84.6564
87.9062
92.4543
98.0489
104.156
107.405
106.602
103.089
99.9168
97.5295
95.9621
94.9309
93.7218
92.5697
91.8126
91.3389
90.9951
91.2821
91.9024
91.7437
93.0121
94.1261
94.56
95.384
95.0186
94.1824
94.6678
95.0371
96.154
95.5934
91.8564
89.2515
88.4636
88.3443
89.6834
92.4915
90.1264
87.95
83.6483
83.0435
83.9908
83.3021
82.8
81.8065
86.5732
91.1296
91.8465
93.0511
98.5246
103.687
106.823
110.696
108.161
109.585
97.4604
95.9146
99.2192
99.5709
101.758
101.223
98.7699
101.03
97.2645
102.542
99.9686
100.797
98.858
98.8817
95.4159
90.5692
89.7491
98.4689
98.7359
95.4337
92.3383
89.3615
87.7721
88.9161
93.7599
94.5884
88.7177
85.2043
91.5985
104.057
106.109
99.4336
96.0591
95.7347
95.5262
96.2531
95.9195
95.6435
93.7415
91.333
89.2322
92.0477
94.3812
97.3432
93.1775
96.3498
98.1874
96.5372
95.5031
97.552
101.317
99.2756
97.1935
100.667
103.902
107.192
102.626
97.6907
97.5453
100.631
99.7531
98.7388
98.8825
101.083
101.041
101.132
98.2002
96.5629
94.5208
90.9229
96.4601
97.8325
95.5608
93.9451
92.8248
95.9487
98.1471
96.0936
98.2955
97.165
96.0654
96.6458
95.8953
94.691
93.5814
94.6191
95.5416
94.8352
90.4454
89.9901
91.2038
91.1554
88.6782
83.1705
78.5761
78.246
82.1276
90.1463
94.3318
94.5448
94.4906
89.5999
94.2343
88.6974
90.3015
91.3189
89.3108
88.1258
87.1558
88.1476
88.5521
90.137
95.6366
99.701
103.397
102.202
97.2008
94.4057
94.0125
96.9929
101.144
98.0639
96.745
96.0228
92.1792
90.9299
90.5325
92.2535
93.9821
91.208
91.5112
90.8404
89.6987
87.7641
87.503
91.999
94.7631
95.7275
96.6931
95.6497
93.111
91.766
94.8956
98.9768
98.0119
95.239
93.4512
90.8795
88.6827
86.7873
87.8297
88.3697
90.1543
91.9019
93.4297
94.5653
95.4521
95.6724
96.5495
97.5692
98.1121
98.1969
102.416
102.768
104.529
105.131
106.04
107.188
100.302
102.544
100.992
97.3936
95.9855
95.5933
94.8857
95.774
96.5914
96.5822
96.4068
95.3816
95.5722
96.6714
97.8789
95.7731
98.8524
97.4594
96.8398
96.0509
98.1009
93.8555
96.8311
93.1923
97.6908
93.1759
97.1287
96.166
93.0016
98.2446
96.7491
94.4543
98.0486
96.3726
92.1227
95.1046
94.4096
94.584
93.4162
92.4971
92.3158
92.3545
91.1833
90.8449
91.6699
93.3629
93.7162
94.7519
92.1365
92.2573
91.383
88.7664
86.4585
85.9197
85.3546
84.0292
82.9526
81.9104
81.6183
80.1084
79.5533
78.8081
79.1232
79.7212
81.1925
83.3434
85.4201
86.1921
88.5809
90.3371
91.9393
91.7272
90.4588
89.2944
87.3622
83.9978
81.5158
83.4265
85.1667
87.9103
87.4282
86.2264
86.7438
89.8318
87.0974
86.3291
85.0861
85.3925
84.1063
82.6264
81.9008
81.4692
82.477
83.5571
83.0853
82.7924
82.0552
81.103
81.2366
82.5668
84.5526
86.5343
88.5309
89.2851
88.2596
86.7765
84.763
85.7504
87.3278
88.3442
90.5191
89.0097
88.2564
90.5337
92.9746
94.3174
94.0643
88.1894
85.1288
82.4491
86.5862
86.4855
88.0606
88.1402
88.6866
83.7996
82.52
85.1626
83.8557
83.7802
87.0953
82.1306
84.2828
81.9389
82.813
86.4482
84.8874
86.6275
87.9388
87.9179
86.8333
88.042
89.1876
90.137
88.9646
86.1126
81.5662
80.9095
83.0585
88.1699
93.8006
93.85
91.7203
88.848
88.4144
93.6274
93.0645
90.4473
85.3504
85.2202
84.7104
84.8072
84.4896
84.7021
84.9586
86.0379
87.0618
88.9001
92.6792
93.8246
92.1665
92.7007
93.2454
95.7574
93.9979
92.2843
90.594
89.7608
90.6935
92.119
94.2796
98.6457
97.3478
95.323
92.8577
90.6178
89.8971
88.7192
88.6081
88.7027
88.46
87.6897
87.4063
87.2334
87.0147
87.1237
86.818
85.8338
84.9698
83.9745
84.3833
84.732
83.7556
83.0304
84.2603
85.1331
83.1102
82.0631
81.634
81.3575
82.0994
83.3099
85.0655
85.4647
86.0459
86.0085
87.0026
86.8852
85.6595
85.409
84.28
83.3707
84.8482
86.2331
86.1981
87.7901
87.6449
85.8737
86.908
88.5037
89.0626
88.9417
88.4666
87.6105
85.2723
83.9177
82.7199
81.7283
81.3599
81.13
81.4677
83.1639
84.5328
86.5912
88.2145
87.8914
86.9421
87.5704
86.5253
86.3978
87.97
84.865
90.7797
90.4117
89.3227
86.4518
84.918
84.4436
85.6604
85.4054
86.9455
83.8455
87.412
84.5013
85.3092
87.441
83.2094
84.1659
87.3921
83.2808
82.7383
85.9794
84.2859
88.1978
86.0883
86.5618
86.9167
85.9506
87.8687
83.9688
84.5583
86.3519
82.4889
84.8697
84.2042
83.1788
82.0084
82.6649
83.5933
85.2645
88.0932
90.9348
91.7846
94.112
95.454
97.2388
96.2817
93.232
92.1815
90.6303
87.5568
86.0671
85.4629
84.3956
83.6634
84.0214
84.9234
87.2766
90.4626
94.1868
98.585
100.935
102.44
103.946
106.803
106.418
101.426
99.068
98.4926
97.0713
95.3493
93.4437
90.914
90.8323
94.272
97.0784
98.7318
100.472
99.8227
97.0085
91.9636
85.3263
81.871
76.2689
72.1462
81.7572
86.6281
91.9058
96.9973
100.951
94.0103
82.8086
80.916
82.9722
91.0981
98.4054
101.627
102.959
107.942
102.175
90.5716
83.6561
75.5896
74.5675
82.8611
90.3982
98.0552
104.24
106.63
98.6328
89.694
81.1976
79.3681
82.7636
88.6477
92.0147
93.3423
94.9581
97.827
98.3487
99.8993
98.4894
95.5132
88.7929
88.378
90.3552
95.3678
97.9072
96.6575
95.0371
92.0628
90.5216
89.3859
93.5636
92.8938
94.2613
94.6891
96.5043
96.8235
96.4505
97.9416
101.085
101.134
101.233
97.4989
97.7167
96.2562
97.9631
97.1297
95.9012
94.0797
90.3506
87.5292
88.8535
88.635
87.2432
87.4081
90.3225
96.4275
95.3625
94.1892
93.0603
92.5956
93.3522
94.1475
91.8673
90.4142
90.4518
93.6585
86.373
73.5988
71.8836
77.1432
85.1775
85.9656
85.5573
85.4028
89.6446
96.0193
101.728
103.19
100.446
97.5064
93.2918
92.0847
86.3611
82.0295
84.7683
88.6509
89.1731
86.7033
88.4563
90.4064
87.1452
84.9913
90.7238
95.6143
100.522
98.372
94.5586
89.825
89.7615
89.0694
88.159
85.057
89.7148
91.7665
92.2911
90.6345
93.2434
90.7587
88.6728
86.6133
87.3482
86.44
81.5187
78.7471
76.2838
77.1574
81.2041
86.7927
90.7769
93.031
95.069
96.3904
99.5976
103.149
106.483
103.879
99.9108
96.092
95.5919
92.2211
88.8054
87.1993
87.8611
87.0688
88.6992
90.0122
90.7113
91.5565
93.1254
93.9333
93.9409
94.737
95.8687
96.8078
97.1254
97.7073
97.9241
98.2721
97.8997
97.2832
98.2946
95.5101
93.9648
92.3511
92.2377
92.1057
92.0338
91.3287
90.2714
89.8121
88.3994
87.6574
87.9152
88.1507
88.0877
88.4464
88.6562
88.6561
88.4219
88.3599
88.3333
88.2331
88.3145
88.3076
88.3476
88.3755
88.3124
88.3573
88.3739
88.4455
88.301
88.3143
88.3921
88.3609
88.347
88.5399
89.1132
89.4573
89.9332
90.4619
89.7426
89.1876
89.849
89.5702
89.1428
87.3487
86.7427
87.1259
87.8849
89.348
89.3104
88.4556
90.3356
89.7188
88.9792
88.7013
88.4668
88.4449
88.4143
88.4151
88.34
88.3846
88.3632
88.3881
88.3738
88.3999
88.3776
88.3859
88.3743
88.3847
88.4056
88.3142
88.3972
88.4022
88.3622
88.3739
88.3839
88.0847
86.7152
85.7451
84.7927
84.3294
85.051
86.4242
86.6339
87.0884
89.0982
90.3493
89.9306
89.4657
88.5068
88.1662
87.5702
87.2207
86.9957
87.1335
86.6052
86.1334
86.4959
87.1654
87.807
88.7937
89.1872
90.0017
90.7805
92.4279
92.5141
92.559
91.7616
94.9844
96.0593
97.123
99.283
100.957
103.414
104.464
104.269
105.878
106.307
109.636
110.892
111.437
111.183
110.346
108.569
106.447
101.394
97.36
97.7554
99.3842
102.478
102.423
97.6837
94.186
94.3602
91.1947
94.8
93.9329
90.3539
84.6655
82.974
85.0247
88.852
90.9127
94.5623
94.3367
94.6088
93.4027
91.1807
89.2174
87.9646
89.6468
90.5981
93.6423
94.7362
93.2025
93.7019
93.7042
92.0018
91.9215
90.5881
90.1778
88.6514
87.275
86.5786
88.6355
89.8534
88.9138
88.4667
89.742
90.5242
92.8475
94.2027
93.1186
94.5179
94.8741
93.3284
90.3023
86.9952
87.9252
88.5913
89.0529
88.5357
88.4149
88.9971
89.581
88.7404
88.4959
89.0251
90.8235
92.1717
94.0037
95.5245
91.971
91.4619
92.5747
92.4535
90.1361
90.374
90.0467
89.9261
91.5492
92.5622
91.4712
90.899
90.9851
90.7653
89.2657
88.8496
90.687
91.1741
93.2224
94.8512
97.1769
97.3269
97.156
96.5165
96.6875
96.2251
95.6103
93.0201
91.1288
90.3585
89.0499
90.4676
90.6133
88.0955
85.8596
87.7839
91.8622
91.4233
89.5849
88.8682
91.9114
94.7839
94.1715
94.429
94.1003
92.8917
92.7574
93.4781
93.6732
93.6342
92.817
92.1981
93.8152
99.4454
103.164
102.643
103.22
105.258
105.722
106.973
106.326
105.262
102.262
96.122
90.1593
90.99
88.8041
89.3606
89.4517
89.7187
92.4974
94.4389
94.577
92.0679
87.2231
84.3588
84.5201
88.9319
90.9631
92.1597
91.7392
91.7231
91.2982
91.3784
91.3112
92.3959
92.5961
92.0315
93.0301
93.9597
92.7959
92.5029
91.3978
88.4448
84.5633
84.4953
87.6469
88.8013
90.2101
89.9904
89.2905
87.8933
90.056
91.2966
90.4642
90.7076
90.9389
90.1742
90.2511
95.3683
92.8865
94.8755
96.7722
99.4793
100.429
97.9788
96.9567
96.7515
95.4456
94.0147
94.5609
94.1845
87.1141
83.8892
80.9332
84.9819
88.7236
94.1931
93.8093
97.297
85.0581
88.6291
93.1812
97.8532
102.065
95.0461
92.0029
90.6609
88.0607
86.2748
86.2945
85.2716
85.2053
87.0065
88.0193
88.3131
88.8076
87.8852
89.4175
91.5816
93.6432
94.6087
94.2046
91.0601
90.0859
90.0185
89.9249
87.3467
86.6312
87.9725
90.4216
90.7238
93.6448
95.4927
97.8867
98.6239
98.6704
97.854
98.005
99.2087
101.869
103.897
104.952
106.982
107.367
108.44
107.604
106.697
104.67
102.232
104.188
102.087
103.755
101.941
104.708
102.208
99.594
100.388
96.9664
98.4591
92.4857
96.1458
93.3318
90.9546
90.6241
91.6268
90.5598
91.7894
92.9181
94.1268
94.3606
95.7353
96.9776
96.9906
95.557
95.1371
96.0545
97.4223
96.3967
96.6886
97.8578
99.34
97.1594
96.1984
89.1174
87.5424
84.6895
81.4432
81.409
82.8123
84.9079
86.8697
90.1695
93.041
96.1626
97.4479
98.1558
96.2767
97.7776
99.9297
101.242
98.7265
97.5024
98.0517
98.3779
100.242
100.18
99.6068
99.1238
97.1749
81.9711
85.5361
86.9208
88.4926
91.2285
94.1897
93.6816
92.2079
93.7101
92.0198
91.2295
91.7645
90.9588
92.8698
88.3451
89.9021
91.8731
92.4909
93.0565