88.578
89.883
91.055
91.7133
100.544
90.1139
96.0584
95.3737
95.1606
95.2675
104.106
93.1135
94.5504
93.5236
89.4912
88.0127
92.4807
94.7219
90.7173
94.1687
98.8258
102.88
98.7417
93.1851
93.5517
93.7632
95.6376
98.8597
95.3613
92.8715
93.3406
98.0201
98.1598
95.4644
94.3625
97.7589
92.016
89.3275
89.6909
87.8644
93.1814
91.2529
90.0627
86.9506
84.0758
87.4738
88.1815
89.4231
93.5437
93.4716
93.228
93.9823
96.0952
100.825
98.7586
96.2116
93.1599
89.0583
97.9047
93.1058
91.8944
90.0343
86.0438
88.0379
89.225
90.639
93.3128
92.3378
88.4221
92.723
93.3276
87.9106
99.6729
95.0926
93.1387
91.4404
93.0172
94.491
94.6247
94.7874
97.5815
98.4976
99.8697
102.69
110.91
101.999
106.855
100.483
97.8485
97.0217
95.4874
94.2531
92.4201
90.3467
88.8706
88.6364
91.3853
90.7455
94.3626
92.4264
89.5388
88.5465
83.8789
86.3625
87.6388
87.3057
85.7424
80.8061
81.8526
87.2076
85.1336
86.0093
88.543
88.9842
88.3034
89.095
90.3927
91.7883
91.6713
92.538
91.2319
90.3054
88.4111
88.4953
88.2863
88.0196
88.0033
88.4045
88.7436
87.3872
85.2362
85.0124
86.5501
86.967
88.2983
89.6986
91.0832
91.3085
91.8349
96.0896
97.9339
100.215
105.147
108.325
111.608
117.472
116.409
113.044
106.682
98.8483
96.5212
95.246
97.1714
101.364
96.895
87.6182
88.602
91.0807
95.9463
100.309
97.6333
86.6753
78.3519
74.4563
84.2939
86.8921
83.2737
79.2552
76.9565
82.3761
84.1273
83.822
83.0832
81.7958
82.0506
82.8005
82.6535
83.1793
86.1108
88.4806
88.1359
85.1975
84.2859
84.1808
83.7688
83.2621
84.2299
88.3178
92.2262
95.217
93.4404
92.786
89.78
82.9186
81.0603
82.9706
85.529
88.4804
91.1231
93.8031
91.6777
90.6082
90.4357
88.0789
90.0108
92.0891
92.8242
89.5878
90.4854
84.6811
85.8572
85.3938
84.7462
84.6701
86.8059
87.8875
87.5489
84.3825
84.5998
87.0362
87.6606
86.0286
85.4958
84.2284
81.8884
81.4521
82.2421
84.671
86.4053
89.7996
84.9278
85.6195
86.8643
90.7181
94.8242
98.454
100.817
101.065
97.4041
92.3653
91.2222
94.7008
90.0335
89.7073
87.3956
89.8631
87.4247
78.6474
81.4273
81.799
84.55
86.1396
83.8729
79.2199
74.9438
82.0795
81.9578
84.3701
86.0309
90.4166
91.9645
93.2819
91.7163
91.447
94.0383
94.3598
93.1355
92.9012
90.9902
91.1398
89.0661
85.1182
84.6401
84.9589
84.8029
84.6044
84.2634
84.3015
84.324
83.9288
83.3361
84.0898
84.5875
85.6344
86.2997
85.2089
83.5895
81.5854
79.3553
80.1951
79.2769
78.1384
78.9398
81.8951
83.7411
83.5905
82.2368
83.7382
85.9644
87.8852
92.3588
92.4656
92.4811
94.8506
99.5157
95.1736
93.1892
89.8738
81.4254
79.8162
83.3001
86.5098
86.4459
81.3826
66.8105
66.3619
77.4693
83.9829
84.3877
87.9077
94.3587
100.006
98.0867
94.0489
92.038
89.1349
83.1972
83.0524
81.5954
78.4886
77.7744
76.6629
77.9094
80.505
78.8257
82.0727
91.1914
89.0838
84.9408
87.5894
89.8736
92.812
92.2762
90.7092
91.109
97.1458
96.4019
97.1439
93.4592
103.368
85.2645
91.9597
84.6718
82.5906
85.4322
87.6241
87.7509
86.0116
86.4606
87.9613
89.1797
89.4703
89.2719
89.1363
89.6959
90.6108
91.1076
91.3341
92.6353
92.1233
90.7546
90.2296
89.0086
86.4932
86.1792
90.0302
85.7949
84.1767
84.4053
86.5422
88.0951
88.855
89.4723
91.1411
92.2846
93.2172
91.5047
89.2871
86.6211
85.2123
86.2107
88.7064
90.9694
92.2173
92.3066
91.7919
92.2779
92.7061
93.561
93.8161
93.1265
92.066
91.5759
90.4254
91.4457
93.2712
94.678
91.575
94.2711
92.4971
91.1699
91.4679
90.2826
89.72
89.7982
90.6849
91.1233
89.3609
87.937
87.6147
87.0048
86.4959
86.4346
86.4088
86.7833
86.0409
83.8255
82.1124
81.8823
82.5179
82.5052
83.3159
83.5312
84.5462
84.8413
83.4412
82.1433
84.9899
87.3807
88.2955
88.6599
87.6144
88.0909
89.024
89.5847
89.2568
89.4378
90.0782
91.5442
89.014
84.8465
87.6437
84.3021
83.7786
85.6571
87.1711
88.6253
89.4085
90.5586
98.1375
94.557
90.3628
86.2042
82.4539
81.3056
79.9324
80.9549
81.7883
82.1679
81.3713
82.0477
82.7857
83.1768
83.3983
84.2657
86.4892
86.7654
87.8174
92.596
97.1578
100
101.997
101.712
98.4291
100.309
97.9379
98.9192
96.5666
91.9303
88.7398
83.9165
81.4039
80.4183
80.4851
82.2012
84.2159
85.463
85.4688
84.5301
85.0248
83.4522
86.0525
87.9626
87.5476
80.9375
79.0302
76.3551
76.9877
79.5849
84.3625
86.7208
88.7461
87.7662
86.0125
87.5596
88.7427
86.4906
87.7237
91.3716
90.2816
89.6287
89.8303
89.656
89.814
89.3772
87.8924
87.7288
86.5086
86.3816
86.1195
85.2008
84.2538
83.2078
82.6397
83.3052
84.6622
85.2655
84.534
84.0316
83.3444
81.7992
78.7045
77.0073
75.635
74.7214
77.2863
79.9762
82.5022
83.6229
85.7992
87.4855
89.2312
88.7088
89.0128
89.3909
78.1298
87.9395
85.8903
83.8439
84.0787
95.7276
96.7151
96.6531
99.3938
101.175
103.112
100.287
105.219
108.996
111.422
112.407
115.61
117.217
117.705
116.359
118.873
121.425
124.16
126.715
129.59
131.969
131.555
131.09
130.733
131.005
130.956
131.206
130.333
132.139
132.433
130.117
126.972
128.915
130.427
130.694
127.436
126.502
122.173
118.312
116.193
114.202
113.716
113.057
108.811
105.535
101.155
99.2669
95.9035
95.9615
96.495
98.189
97.3822
95.7254
97.4211
99.7827
98.8061
95.8799
94.1866
91.7933
88.8154
87.6056
91.6798
91.7755
89.7529
86.098
84.0839
85.8257
85.4807
84.2845
85.8802
88.6952
88.3103
87.397
86.9373
89.9524
99.904
102.24
97.8645
94.7515
98.4402
94.7262
91.0824
84.9625
79.9115
75.5692
69.236
70.5725
87.5378
87.1691
88.2651
88.3056
87.5678
80.7786
77.9349
87.7978
95.2928
97.0652
102.196
108.547
112.495
100.443
97.37
97.6869
98.8047
102.125
102.643
98.8176
95.9165
94.1143
93.1608
85.5192
94.2456
88.6767
85.0697
80.9549
78.6559
81.5799
87.4908
90.8081
98.5342
92.2797
91.8074
83.574
90.6041
84.6938
91.3395
83.2732
85.2035
89.9326
81.0568
88.4405
85.4038
93.4662
90.5736
92.6958
101.358
105.226
103.084
98.3985
96.6661
94.5173
94.6843
100.214
106.303
110.365
104.874
108.094
121.007
121.844
122.518
119.453
120.904
118.039
114.194
113.421
113.098
112.226
112.278
115.546
106.574
108.041
113.061
116.396
112.561
108.691
108.404
107.533
109.129
112.409
117.007
118.506
116.439
114.321
120.941
124.382
121.385
117.827
114.673
109.665
103.924
97.992
96.2012
98.8376
93.852
90.9615
93.6383
93.8441
89.0572
87.795
89.5827
92.6116
94.0643
99.7474
97.7682
95.9591
96.503
93.9318
88.5982
88.0339
98.1123
97.1763
96.4304
97.5065
98.5079
96.4753
97.7924
97.818
99.2623
96.5687
98.2653
95.8952
93.364
93.944
91.7401
84.3523
83.6485
89.7471
93.3449
94.6666
86.7491
82.8619
86.1277
84.4715
93.5599
102.024
104.82
96.2327
90.6345
91.9724
95.0936
94.7099
92.2107
88.084
89.2851
81.2821
89.3407
93.7606
95.478
96.8344
100.151
103.844
103.153
102.063
98.5231
91.7381
87.7481
92.0766
88.0782
93.9104
87.1114
74.7657
84.4045
91.5692
92.7865
88.6132
86.7964
91.2327
96.5443
98.9012
104.235
101.804
98.5351
102.289
106.918
108.087
112.338
99.0661
101.459
107.413
108.423
108.63
111.093
109.483
110.265
105.992
102.823
100.707
99.6573
100.144
102.416
100.429
98.2826
100.061
104.346
103.657
101.527
101.054
94.2285
91.2294
87.7091
85.9347
83.3195
82.5685
82.6527
81.7054
84.2409
87.6726
90.777
88.9176
90.2443
90.1687
91.7512
91.9014
94.8164
98.3236
102.362
104.028
107.058
107.985
106.936
106.089
104.115
101.478
99.3291
97.0121
95.1997
96.1772
95.7255
94.2282
93.6756
94.7938
92.7061
95.115
93.6272
89.8594
93.4991
95.123
95.6321
95.499
95.8483
95.3122
92.2589
93.5725
93.0888
91.946
91.2789
91.9531
92.1291
92.5542
93.0429
92.9877
93.3577
92.1128
91.225
90.196
91.8372
90.6655
90.0786
89.6074
89.5291
89.1324
88.7228
88.2067
88.3692
88.8418
89.6413
91.2572
91.1855
90.529
91.2127
90.2784