36.0271
35.9615
35.9584
35.9377
35.9805
35.9845
36.0117
36.0247
36.0901
36.0679
35.9744
35.9566
35.9289
35.9338
35.9919
36.0168
36.0929
36.1274
36.0983
36.0596
36.1111
36.0828
36.0878
36.0814
36.2611
36.281
36.2242
36.224
36.2052
36.2142
36.197
36.1775
36.1929
36.4831
36.4599
36.45
36.466
36.4666
36.5017
36.5363
36.5042
36.6556
36.659
36.657
36.6568
36.6729
36.6833
36.6591
36.6531
37.0891
37.0986
37.0623
37.075
37.0754
37.0646
37.0567
37.0433
37.1605
37.1727
37.16
37.1361
37.1044
37.0869
37.051
37.0504
36.8459
36.8576
36.7971
36.7595
36.7353
36.7205
36.6746
36.6733
36.6438
36.4862
36.4578
36.4375
36.4157
36.4318
36.4435
36.4886
36.523
36.7129
36.8108
36.8434
36.9307
36.975
37.0516
37.0909
37.0994
36.7432
36.763
36.7841
36.7702
36.8127
36.8003
36.7734
36.7698
36.7898
36.7335
36.6969
36.6327
36.6232
36.5504
36.4999
36.4917
36.7654
36.718
36.7004
36.6769
36.6519
36.6842
36.6816
36.7059
37.613
37.6177
37.5965
37.5969
37.6061
37.5778
37.5121
37.4451
37.3929
40.2394
40.3198
40.3605
40.4737
40.5622
40.6237
40.6718
40.7471
40.0457
40.1094
40.1505
40.1662
40.2185
40.2529
40.2382
40.1994
37.3946
37.3428
37.1672
37.0067
36.8756
36.6744
36.4478
36.2094
34.4549
34.2119
34.0331
33.8355
33.6345
33.3923
33.2026
32.9995
32.8893
32.6347
32.3925
32.1834
32.0084
31.8673
31.7006
31.5287
31.8414
31.672
31.5008
31.3311
31.1391
30.9842
30.7956
30.6114
30.3897
30.7396
30.5169
30.3038
30.0861
29.8821
29.6773
29.4761
29.3291
29.3312
29.1694
29.0364
28.8958
28.7684
28.6754
28.602
28.521
29.4145
29.4244
29.4417
29.5011
29.5748
29.6744
29.7968
29.9193
30.754
30.9278
31.1054
31.2614
31.4654
31.6681
31.8958
32.1561
31.9615
32.2644
32.5846
32.9312
33.2872
33.6553
34.037
34.3909
34.7571
33.1488
33.539
33.9056
34.2823
34.6836
35.1616
35.5944
35.9885
35.0043
35.4124
35.7725
36.1365
36.4532
36.7337
36.9393
37.1069
37.1255
37.2346
37.3053
37.3489
37.3542
37.313
37.2514
37.1534
37.9743
37.8351
37.6524
37.479
37.3047
37.1169
36.953
36.8497
38.1869
38.0639
37.8869
37.6889
37.4888
37.3026
37.1127
36.9541
37.9476
37.8736
37.8483
37.7172
37.6776
37.731
37.8125
37.8375
37.8799
40.6743
40.6693
40.6531
40.5134
40.3542
40.1529
39.828
39.5134
35.7371
35.953
36.4216
36.7937
36.9792
36.9895
36.7009
36.0739
34.4282
34.2796
34.2819
34.234
34.2117
34.1021
33.9753
33.8506
33.1958
33.0796
32.926
32.751
32.5763
32.3312
32.2836
32.3923
32.6478
33.8003
35.0681
35.6239
35.7383
35.7612
35.7996
35.8345
36.2001
35.6881
34.9683
33.3405
31.4718
30.1727
29.7167
29.7145
29.6211
29.815
29.7277
29.8819
30.6854
31.7157
32.3849
32.8013
33.0552
33.6075
33.444
32.9859
32.48
32.5883
32.742
32.7583
32.5893
32.9866
32.4692
32.3548
32.5589
32.8474
33.1174
33.3261
33.4271
35.8209
35.8903
35.9808
36.0915
36.122
36.1862
36.2054
36.2306
33.4407
33.5196
33.5761
33.6604
33.7435
33.891
34.0744
34.119
35.5121
31.3823
31.6539
32.0093
32.34
32.6024
32.747
32.5781
32.2104
31.4682
31.5165
31.6353
31.7388
31.8729
32.0232
32.1398
32.2958
32.5029
32.6006
32.7726
32.9059
30.4738
26.6364
25.036
25.2018
30.9006
31.3269
31.7484
32.2943
32.9162
33.4653
33.7328
33.7058
41.58
41.519
41.6969
42.1114
42.6775
43.3543
43.9869
44.2225
37.1964
37.2148
37.2021
37.1823
37.1414
37.1457
37.088
37.1221
37.1183
33.4804
33.3809
33.2853
33.1665
33.0988
33.0565
33.0633
33.1074
32.0493
32.0072
31.9921
31.9826
31.9605
32.0145
32.0355
32.0992
32.1255
32.1712
32.191
32.2285
32.2849
32.3326
32.4329
30.8231
29.18
27.6137
27.3997
26.8292
26.0144
25.3364
24.7197
24.1563
34.1485
33.8949
33.7968
33.9624
34.2768
34.6178
35.0185
35.3959
42.6277
42.978
43.3827
43.7483
44.2164
44.9965
45.7772
46.4005
46.4444
40.6037
40.6015
40.614
40.5954
40.6227
40.6447
40.5491
40.3593
33.9971
33.9155
33.8351
33.7901
33.7297
33.6956
33.6879
33.6413
31.8203
31.801
31.774
31.78
31.7851
31.7901
31.8535
31.9404
32.1279
32.1795
32.2495
32.2927
31.6038
29.6655
27.7638
26.9683
28.7518
27.6784
26.9161
26.435
26.2258
26.7789
28.4727
31.2775
44.0924
45.165
45.2776
45.3357
45.3997
45.4199
45.4384
45.4095
45.4115
36.3783
36.2719
36.182
36.142
36.0775
36.1801
36.4085
36.6383
33.6379
33.845
34.0458
34.1872
34.3281
34.439
34.4907
34.102
33.0637
29.5014
28.071
27.5761
27.482
27.3381
27.2296
27.2014
39.2347
39.4253
39.7902
40.088
42.9915
44.9737
44.8511
44.7623
41.978
41.8073
41.5688
41.2989
40.9572
40.7707
41.3234
41.5776
41.3933
34.7716
34.4011
34.3764
34.6413
34.8758
34.8967
34.8276
34.81
36.1865
36.1211
36.114
35.9582
35.8004
35.542
34.3022
33.102
32.4298
32.237
32.0487
31.8678
31.7477
31.5902
31.5287
31.3765
29.8065
29.6636
29.6552
30.2476
31.1537
32.065
32.4661
32.421
32.6619
32.4003
32.0867
31.767
31.5432
31.4535
31.3841
31.2081
30.3556
30.0311
29.823
29.7502
29.9019
30.1419
30.1892
30.0801
30.0219
29.9173
29.868
29.7908
29.7484
29.7681
29.8049
29.8455
29.9383
29.6145
29.8171
29.996
30.2071
30.3753
30.566
30.7639
30.9183
30.8071
30.9553
31.1255
31.3538
31.6066
31.8832
32.1581
32.4201
32.5965
32.8904
33.1986
33.493
33.7896
34.0648
34.313
34.5495
34.7631
34.9865
35.2227
35.4344
35.6979
35.9095
36.1538
36.3947
36.603
36.7372
36.8168
36.6655
36.4187
35.9778
35.4762
34.5967
33.5918
33.5521
32.7038
32.0009
31.3072
30.7048
30.2764
29.9412
29.6021
31.0886
30.9496
30.9245
30.8003
30.4254
29.879
29.452
29.325
31.0823
31.1781
31.1574
31.1077
31.1884
31.2699
31.3623
31.4515
30.6697
30.8246
31.0263
31.2572
31.4849
31.7095
31.9198
32.1037
31.4958
31.6972
31.9327
32.1661
32.3947
32.6289
32.6365
32.6841
32.7101
32.5048
32.399
32.3888
32.5185
32.7675
33.0198
33.152
33.2084
35.5975
35.5144
35.2936
35.1454
35.088
35.0384
34.8944
34.7315
37.1898
37.124
37.1575
37.2343
37.2617
37.2659
37.2057
37.1681
38.7997
38.6082
38.4592
38.3874
38.3411
38.3322
38.3717
38.3663
35.627
35.7264
35.7967
35.8608
35.9476
36.0441
36.1775
36.2883
32.6977
32.8498
33.0403
33.2463
33.3368
33.5127
33.7189
33.8822
34.0572
31.9136
32.1358
32.392
32.6576
32.9293
33.1806
33.4423
33.6699
33.6242
33.8674
34.0656
34.2617
34.4895
34.7457
34.9257
35.1725
35.9112
36.1528
36.3524
36.6468
36.9424
37.2402
37.4804
37.7024
39.2723
38.9181
38.0106
37.0143
36.2399
35.2422
34.0963
33.2083
34.8756
34.7948
34.946
35.3118
35.7238
36.049
36.4136
36.775
37.1324
37.6107
37.8663
37.9552
37.9877
37.9714
38.0233
38.1402
38.2687
39.9714
40.1964
40.3999
40.6022
40.7097
40.7659
40.7721
40.9607
41.8169
42.0894
42.2761
42.4237
42.4684
42.451
42.3508
42.19
40.2414
39.9751
39.7849
39.7659
39.7945
39.7997
39.6297
39.1918
39.5682
39.022
38.733
38.689
38.8486
39.0094
38.9528
38.6769
40.3537
40.1049
39.8875
39.7839
39.785
39.861
39.924
39.8908
39.8145
38.6601
38.7737
38.8464
38.9756
39.2864
39.6981
40.0577
40.2771
38.4502
38.5849
38.6353
38.8207
39.1239
39.3842
39.6035
39.824
39.5394
39.6876
39.8072
39.919
39.971
40.0553
40.1458
40.2039
39.745
39.79
39.789
39.8533
40.0078
40.1711
40.212
40.267
40.9188
40.9094
40.9604
40.907
40.6513
40.4242
40.2606
40.1074
40.1039
40.0224
39.8796
39.7587
39.6305
39.5812
39.4448
39.2797
39.0361
38.9343
38.7998
38.6618
38.254
37.8137
37.4788
37.1471
36.8503
35.5216
35.1426
34.7799
34.7915
35.1293
35.8202
36.4614
37.226
38.0082
38.4356
38.857
39.2704
39.5142
39.5104
39.5153
39.5028
40.5603
40.3586
40.1464
40.0185
39.8965
39.5468
38.9692
38.4095
47.3769
47.4696
47.6356
47.7195
47.7556
47.8385
47.8761
47.9128
49.1597
49.098
48.9322
48.7034
48.4721
48.2433
47.9949
47.6666
47.2798
43.9061
43.5642
43.1633
42.7553
42.3858
41.9924
41.6138
41.278
38.1997
37.9031
37.6669
37.4515
37.3024
37.135
36.9711
36.7949
33.8175
33.6189
33.5626
33.5442
33.4214
33.1974
33.1081
33.2962
30.7155
31.1359
31.4934
31.8534
32.2471
32.6067
32.9568
33.2978
32.94
33.1804
33.4361
33.6391
33.8935
34.1574
34.3853
34.5674
34.7211
35.352
35.4716
35.5375
35.5664
35.5585
35.5016
35.4175
35.1993
38.0435
37.9164
37.827
37.8854
37.9047
37.9781
38.3105
38.2699
41.633
41.2248
40.8782
40.6209
40.404
40.2454
40.0389
39.8402
41.8084
41.5682
41.3539
41.2544
41.3082
41.3939
41.4528
41.4929
41.3844
41.432
41.3306
41.1933
41.0935
40.9614
40.87
40.8063
38.9617
38.8598
38.7363
38.6036
38.5829
38.5574
38.5129
38.5817
38.6986
36.3027
36.6392
37.0391
37.3802
37.7161
38.064
38.451
38.971
38.6454
39.1605
39.6751
40.0439
40.149
39.9237
39.5535
38.8906
36.2668
35.0501
34.3343
33.9691
33.9494
34.1226
34.3149
34.3707
33.4918
33.6929
33.8373
33.9956
34.2747
34.6256
35.0072
35.3172
35.4705
35.4829
35.4818
35.5156
35.6566
35.7543
35.8816
35.9164
36.0258
36.5006
36.6564
36.7261
36.7772
36.8042
36.8658
36.9557
37.0557
37.2461
37.3632
37.4688
37.2875
36.8072
36.345
35.9082
35.5207
34.8473
34.2843
33.6779
33.2392
32.8755
32.6866
32.5687
32.6174
33.9595
34.0081
34.0858
34.1226
34.2309
34.4466
34.8831
35.1552
36.4916
36.7739
36.9972
37.201
37.3178
37.2824
37.2978
37.1171
36.8403
36.2638
35.6971
35.0568
34.4676
33.8826
33.3804
33.2042
33.3084
32.8504
33.0635
33.2645
33.4617
33.3058
32.9508
32.7544
32.6524
31.9557
32.0651
32.3488
32.6251
32.8182
32.8853
32.8341
32.6551
31.7026
31.0656
30.4744
30.0394
29.8173
29.8262
29.9107
29.9839
29.2691
29.3423
29.4228
29.4802
29.4885
29.6237
30.2081
31.001
31.5251
32.0703
32.5221
32.836
33.0668
33.1983
33.1656
33.0311
32.2838
31.8216
31.4381
31.4094
31.5517
31.7916
31.7557
31.7025
31.723
32.5544
32.7232
33.0912
33.6177
34.2302
34.8621
35.496
36.0708
36.603
37.2642
37.9918
38.3835
38.4679
38.674
38.7943
38.9243
37.8637
37.0136
36.4673
35.9403
35.3608
34.8984
34.9818
35.2428
35.7015
36.0123
36.3528
36.2639
35.9171
35.6735
35.4037
34.9923
35.0555
34.6155
34.2511
34.1957
34.3331
34.4789
34.5981
34.7477
34.7945
34.5522
34.0442
33.5284
33.2426
33.0142
32.9052
32.7738
32.5789
35.4725
35.4523
35.5448
35.7506
36.0979
36.3694
36.6107
36.8624
42.4629
42.6036
42.6364
42.621
42.5429
42.4178
42.1893
41.9727
43.8596
43.649
43.3915
43.1233
42.8714
42.7024
42.4501
42.4551
45.0948
45.3878
45.5522
45.3456
45.0274
44.7684
44.4891
44.0428
45.195
44.9015
44.9826
44.9883
45.0331
45.049
45.1135
45.1875
45.25
46.312
46.3396
46.3442
46.3218
46.1516
45.8616
45.5085
45.7219
46.5017
46.8382
46.9634
47.102
47.5373
47.8456
47.8856
47.8196
50.5269
50.2861
49.9483
49.6172
49.3569
49.1631
49.0545
49.0909
46.8279
46.8974
46.9556
47.0243
47.0818
47.151
47.1691
47.2479
43.4027
43.3006
43.099
42.8841
42.6761
42.4594
42.3043
42.212
42.6497
42.5867
42.6363
42.8056
43.0321
43.3781
43.7388
44.1183
44.2455
44.2426
44.2018
44.1055
44.1895
44.2526
44.3552
44.5836
44.8322
38.6138
38.8719
39.0062
39.0704
39.0584
38.9433
38.8307
38.7441
37.5106
37.5065
37.5616
37.6135
37.592
37.4544
37.2358
36.9796
38.7674
38.6222
38.4984
38.3813
38.3214
38.2278
38.1335
38.1053
38.3437
38.5774
39.1756
39.9333
40.565
41.1479
41.8416
42.1546
40.0226
39.2587
38.7615
38.2566
38.0106
38.0216
38.0498
38.0649
38.0867
35.1829
35.1993
35.174
35.205
35.2475
35.2537
35.2656
35.2189
36.7491
36.7831
36.9685
37.2802
37.5016
37.7483
37.9674
38.1321
41.4621
41.5525
41.5528
41.5234
41.42
41.3355
41.2662
41.1815
40.7878
40.4499
40.1763
39.8278
39.5794
39.2596
38.7616
38.0997
35.279
34.5016
33.9926
33.3818
32.8161
32.6579
32.4929
32.716
32.8442
31.2457
30.9382
31.0925
31.2394
31.3621
31.4787
31.5188
31.4738
31.6911
31.7108
31.7803
31.8782
31.8901
31.9764
31.9142
31.5623
32.3245
31.9648
31.6665
31.3568
31.0721
30.9969
30.9363
30.8276
31.1409
31.1483
31.3943
31.6558
32.136
32.5956
32.8709
32.9513
32.492
32.5588
32.6454
33.0039
33.716
34.4364
34.9915
35.4986
35.0517
35.3677
35.4715
35.4537
35.4639
35.3834
35.2684
35.2591
35.4098
35.1666
34.9942
34.8766
34.8079
34.6965
34.5952
34.4758
34.3345
35.9341
35.7372
35.4827
35.3566
35.4118
35.4473
35.437
35.426
36.4853
36.662
36.8488
37.0377
37.3606
37.7279
38.2215
38.7969
37.674
38.2879
38.9432
39.5951
40.0467
39.8782
39.7048
38.9484
35.7925
35.0782
34.9452
34.974
35.0744
35.1317
35.2077
34.936
34.1024
33.6838
33.3928
33.1414
32.9475
32.8781
32.8326
32.7298
32.7369
37.91
38.0518
38.2238
38.2025
38.2401
38.4254
38.652
38.8658
42.4611
42.5949
42.7224
42.7772
42.7271
42.6882
42.7587
42.5673
43.6905
43.4787
43.2891
43.0882
42.8925
42.7726
42.6318
42.4381
43.6272
43.3426
43.0302
42.8697
42.8687
42.8736
42.9201
42.9247
44.3005
44.3016
44.3028
44.3447
44.4075
44.4804
44.5194
44.5052
44.5356
46.529
46.5449
46.6574
46.7462
46.8693
46.9873
47.1542
47.3316
48.9138
49.0129
49.0189
48.9076
48.5465
48.1688
48.0929
47.9459
48.6763
48.7851
48.7546
48.6132
48.3652
48.1094
47.9155
47.6914
46.7607
46.6855
46.6626
46.6384
46.683
46.7464
46.7753
46.7897
43.2438
43.3093
43.3052
43.2542
43.2224
43.1562
43.061
43.1739
42.5582
42.4531
42.4059
42.3884
42.3634
42.3268
42.3299
42.2885
42.3158
41.7866
41.9914
42.0362
42.2702
42.7778
43.2975
43.9574
44.3222
42.4554
42.6918
42.8583
42.9339
42.9265
42.61
42.0239
41.275
36.6149
36.0182
35.957
36.137
36.29
36.3957
36.5863
36.6743
38.5737
38.5408
38.5164
38.6818
38.8566
39.0722
39.32
39.6138
43.1524
43.3881
43.5505
43.7432
43.9142
44.0209
44.1336
44.2605
44.3799
44.0624
44.3247
44.2783
43.7239
43.1379
42.4105
41.7983
41.2982
40.4731
40.0585
39.6479
39.2416
38.7877
38.357
38.0721
38.1955
36.6156
36.9005
37.1148
37.41
37.6563
37.857
38.0087
38.1436
39.8067
39.9319
40.0494
40.1828
40.2613
40.2868
40.2452
40.2437
40.8108
40.607
39.9211
39.0904
38.4461
38.0004
37.6041
37.3628
33.6646
33.7523
33.848
33.7482
33.4651
33.2395
33.164
33.3162
33.5312
30.7223
30.9169
31.0559
31.2433
31.4364
31.6301
31.8736
32.1546
32.0973
32.3473
32.429
32.5201
32.6283
32.8608
33.1314
33.2231
37.336
37.2498
37.2222
37.273
37.2299
37.1461
37.0541
36.9499
37.5824
37.7391
38.0219
38.1948
38.4995
38.8158
39.2817
39.9241
38.8587
39.3392
39.6056
39.5639
39.5878
39.4403
39.0219
38.4348
36.4994
36.0221
35.6974
35.3907
34.9198
34.6017
34.458
34.373
34.4074
39.1479
39.3316
39.6006
39.9099
40.2407
40.5668
40.9854
41.2509
44.9148
44.9535
45.0992
45.2738
45.2246
45.2327
45.0768
44.9015
44.9205
44.6759
44.5356
44.4273
44.2705
44.1123
44.1043
44.1324
42.4011
42.414
42.4581
42.4623
42.4126
42.4317
42.4418
42.4285
44.1935
44.297
44.4003
44.4679
44.127
43.6333
43.0696
42.5675
41.074
44.4933
44.4485
44.4196
44.4378
44.4205
44.4036
44.3746
44.307
44.6646
45.0778
45.3893
45.5228
45.4765
45.4253
45.3846
45.346
44.9458
44.875
44.8291
44.7967
44.7867
44.8553
44.8943
44.9498
42.7294
42.7502
42.7843
42.7823
42.7616
42.7461
42.7055
42.6565
43.0407
42.6825
42.4248
42.4255
42.4673
42.6328
42.8483
43.223
42.1806
42.4406
42.7126
42.995
43.3736
43.7635
43.9987
44.1082
45.5634
42.6622
42.4003
42.1482
41.793
41.4914
41.2244
40.9206
40.6989
42.1349
42.0715
42.1114
42.1528
42.2557
42.4007
42.5806
42.7536
43.1623
43.3717
43.5579
43.7267
43.8746
44.0386
44.1633
44.3245
40.6706
40.5643
40.5191
40.5082
40.592
40.8199
41.3018
41.8879
40.5091
39.9712
39.3623
38.8173
38.1688
37.4552
36.73
36.0269
36.1265
35.6988
35.3592
35.1535
35.0912
35.2001
35.518
35.9044
36.3117
38.8831
39.313
39.6955
39.9006
40.0431
40.2062
40.4078
40.5527
41.9799
41.8762
41.8535
41.7404
41.5004
41.2466
40.9616
40.4928
35.4641
33.6019
32.4514
32.4138
32.5717
32.8372
33.0521
33.2361
30.6468
30.8996
31.133
31.3476
31.5506
31.7608
31.9284
32.0819
33.4833
33.6181
33.7881
33.9743
34.1427
34.3309
34.5469
34.7394
38.1254
38.3781
38.6481
38.9315
39.1714
39.33
39.4471
39.533
39.5872
38.6343
38.4881
38.3956
38.3963
38.5206
38.7099
38.942
39.1053
35.7516
35.6717
35.5908
35.4771
35.5039
35.7137
36.3493
36.9661
35.6561
35.7711
35.7286
35.7571
35.3627
34.3206
33.2085
32.3918
33.5584
32.9312
32.1916
31.5135
30.8771
30.4095
30.0705
29.7383
37.7402
37.7565
37.8881
38.1998
38.587
39.0358
39.4916
40.0887
40.5892
42.5687
42.8662
43.0743
43.1533
43.0991
43.0079
42.976
42.8556
41.3802
41.2484
41.1038
40.9572
40.8315
40.7178
40.6813
40.6586
43.2177
43.1816
43.1442
43.0695
43.0166
43.1124
43.3811
43.5758
44.8849
45.0425
45.1819
45.3143
45.3893
45.4588
45.5219
45.5173
44.1325
44.2175
44.2683
44.3617
44.515
44.6671
44.728
44.6695
41.954
41.7174
41.3775
41.0018
40.7339
40.6694
40.7746
40.9581
41.1604
37.6138
37.809
38.0381
38.2467
38.4801
38.6917
38.8622
39.0719
35.3653
35.5869
35.843
36.0375
36.183
36.3864
36.5892
36.7165
34.8127
34.9574
35.0507
35.1257
35.2104
35.2665
35.3899
35.6146
34.9924
35.4899
36.0584
36.5424
36.9807
37.1918
37.0161
36.5279
36.5191
36.8762
37.1932
37.5777
37.8557
38.0134
38.0425
38.1612
37.4995
37.5357
37.6797
37.7229
37.4942
37.4875
37.5308
37.628
37.8803
37.773
37.6284
37.4418
37.2936
37.0906
36.9985
36.8736
36.8389
37.1906
37.0404
36.7963
36.563
36.3244
36.2193
37.6232
38.0751
38.3865
37.8411
37.129
36.3059
35.7322
35.5606
35.3903
35.3363
35.2824
35.3086
35.2453
35.2331
35.1832
35.0766
34.9672
34.9012
33.5965
33.4311
33.2607
33.1056
32.8711
32.7396
32.5162
32.181
32.0735
31.6525
31.5003
31.3089
31.1285
30.9052
30.7133
30.5522
30.3775
32.6222
32.5377
32.7114
32.537
32.4281
32.1249
31.7928
31.6984
32.1629
32.0009
31.87
31.7857
31.7622
31.7533
31.8164
31.8918
33.5556
33.6766
34.0926
34.4893
34.5452
34.3014
34.1139
33.8742
33.5266
33.5154
33.5269
33.5764
33.6631
33.8028
33.9148
33.9462
32.5673
32.5862
32.6482
32.8551
33.122
33.0854
33.116
33.0914
32.9667
33.2976
33.3838
33.5749
33.7593
33.964
34.2885
34.6264
34.8089
35.0849
35.1118
35.1179
35.1637
35.1896
35.2748
35.4069
35.5946
34.0501
34.2641
34.4634
34.658
34.8243
34.9994
35.1076
35.257
35.3039
35.4235
35.5617
35.7061
35.7093
35.6306
35.4272
35.2402
35.2245
35.4619
35.6263
35.75
35.3431
35.1086
35.2917
35.8563
36.8022
38.8004
39.9701
40.4053
40.3405
39.0928
38.0757
38.1421
38.3846
39.5045
39.7742
39.9559
39.9998
40.0091
40.1001
40.1641
40.1416
38.3802
38.3863
38.3467
38.3394
38.253
38.2336
38.2869
38.3809
37.1682
37.3261
37.4517
37.5797
37.7435
37.6169
36.9196
36.1372
36.1039
35.9148
35.9324
35.9947
36.2104
36.3845
36.4679
35.3889
36.2583
33.3541
32.7619
32.8492
33.0636
33.591
34.0369
34.4805
34.8239
44.0989
44.4637
45.0446
46.2739
47.948
49.1705
49.3638
49.0764
51.041
50.7531
50.6654
50.5618
50.6137
50.6324
50.6342
50.621
38.7631
38.6724
38.5894
38.5205
38.5168
38.5796
38.6645
38.716
36.9932
37.0591
37.0095
36.9218
36.8255
36.8614
36.7308
36.6109
39.4995
39.5226
39.4498
39.4048
39.3308
39.2821
39.2331
39.1194
38.2866
38.1507
38.0647
38.0542
37.9866
37.9551
37.9069
37.8462
37.7763
37.3405
37.3276
37.3738
37.4182
37.3375
37.3346
37.4019
37.4762
36.3858
36.5129
36.6054
36.6876
36.729
36.8551
36.9463
37.0689
37.1068
37.1724
37.2371
37.3508
37.4818
37.6243
37.8006
38.0005
37.0013
37.239
37.3788
37.4689
37.6109
37.729
37.7933
37.9545
38.4088
38.583
38.8084
38.9219
39.0237
39.1304
39.1473
39.1552
39.0645
39.1551
39.2357
39.3062
39.33
39.3514
39.2972
39.255
39.1316
38.1296
38.1457
38.1475
38.1446
38.1732
38.1144
38.0872
38.0831
37.6731
37.6619
37.6449
37.5623
37.4993
37.4215
37.3266
37.2561
37.5291
37.4304
37.2503
37.0933
36.9009
36.6472
36.4092
36.1059
36.8861
36.5943
36.2422
35.8693
35.4786
35.1095
34.7482
34.412
34.4993
34.1562
33.8571
33.5424
33.2459
32.8727
32.5601
32.2034
32.1547
32.0033
31.6369
31.1589
30.6332
30.2321
29.8874
29.6149
29.3798
30.0631
29.9117
29.7778
29.6178
29.522
29.4408
29.406
29.4154
32.6282
32.6787
32.7313
32.7966
32.8526
32.8974
32.9568
33.0088
32.9224
32.9532
32.9686
32.9834
32.9937
33.0601
33.1213
33.2435
31.6651
31.8301
32.0286
32.2193
32.4203
32.6259
32.8872
33.1225
32.1151
32.3976
32.6693
32.995
33.33
33.6389
33.9687
34.3216
34.6461
34.116
34.4202
34.7427
35.0997
35.454
35.8124
36.1651
36.5641
36.6028
36.9861
37.412
37.8611
38.3066
38.7859
39.2262
39.6605
39.6357
39.9817
40.2256
40.4765
40.6447
40.6984
40.7338
40.7627
40.6768
40.6595
40.6273
40.6129
40.5191
40.4149
40.2834
40.1666
40.1756
40.0526
39.8825
39.6931
39.467
39.3009
39.1939
39.1053
40.3616
40.3183
40.2703
40.3062
40.2783
40.2575
40.2525
40.2303
40.2559
42.2795
42.2407
42.1799
42.1543
42.103
42.0567
41.9727
41.8882
41.6029
41.4901
41.3645
41.2887
41.1923
41.1086
41.1046
41.0239
39.1179
39.1431
39.1326
39.1157
39.2111
39.1575
39.1751
39.1415
39.3842
39.4119
39.4407
39.4627
39.4885
39.5045
39.4791
39.4227
39.9722
39.9186
39.8948
39.8977
39.9261
39.9471
39.9466
39.9491
39.897
39.8169
39.7932
39.8433
39.872
39.8492
39.8634
39.8235
39.8687
39.8839
39.9272
39.9105
39.9358
39.9299
39.9357
39.9283
39.9035
39.9471
39.9283
39.9881
39.9514
39.937
39.9482
39.9426
39.954
39.7775
39.7603
39.7831
39.785
39.7694
39.8027
39.8215
39.8191
39.8641
39.8683
39.9073
39.8814
39.9163
39.9112
39.8788
39.8955
40.0709
40.0547
40.0696
40.0279
40.0045
40.0041
39.96
39.8759
39.8376
39.4376
39.3165
39.2762
39.124
39.0419
38.9608
38.8729
38.7671
38.683
38.5743
38.5441
38.5009
38.4432
38.4267
38.4105
38.3463
38.1368
38.101
38.0865
38.0611
38.0776
38.0635
38.0461
38.0512
37.8442
37.8431
37.8159
37.8071
37.8029
37.8051
37.8144
37.815
37.7389
37.7731
37.7235
37.7249
37.7407
37.699
37.7382
37.7378
37.8588
37.8969
37.8663
37.8858
37.8649
37.8656
37.8111
37.84
37.8192
37.9688
37.9522
37.9505
37.9511
37.999
37.9644
37.9398
37.9821
37.8149
37.8158
37.7831
37.7413
37.7668
37.7435
37.7219
37.7234
37.6643
37.6315
37.6616
37.6327
37.6424
37.598
37.6101
37.5708
37.7563
37.7528
37.7489
37.7516
37.7329
37.7599
37.7277
37.729
37.5728
37.5618
37.5582
37.5936
37.5977
37.5598
37.5628
37.5979
37.5844
37.6401
37.6988
37.6753
37.6844
37.672
37.6435
37.6654
37.6363
37.6768
37.662
37.67