45.3357
46.6009
43.5736
43.1916
46.1606
47.385
47.1342
50.9021
51.7012
52.1737
50.7033
49.6857
45.9956
46.5769
48.8346
51.8279
52.3047
51.4754
44.5325
44.3624
48.8357
43.7354
42.1142
45.4836
43.238
44.952
43.7707
42.7995
42.5752
40.8885
43.896
46.4597
51.2789
48.1013
43.3876
39.9857
38.3645
42.1997
38.4423
40.8524
39.9798
44.965
45.6908
43.3529
41.5313
40.5152
40.712
35.1547
39.4778
41.1566
37.3604
36.9242
33.2307
32.5124
35.5354
32.4695
36.5535
38.7404
31.6525
35.8799
39.873
50.4345
54.2262
56.5669
59.6197
59.6717
59.5729
63.3127
58.4186
58.5852
55.6211
57.977
57.3139
55.4269
55.6632
53.648
50.3714
49.9139
49.4273
50.9711
56.4166
56.3616
60.9224
61.8861
60.2769
60.8013
58.6726
59.7933
57.1833
52.4297
56.5323
61.85
63.1995
62.666
60.6005
62.8797
64.4768
60.4954
61.7785
63.9989
62.5265
61.7722
58.2132
55.0799
53.7697
49.0331
51.6095
51.5814
52.7381
47.8134
50.6188
49.4016
51.1478
45.7029
47.1899
48.8572
52.0282
50.7781
50.7024
46.3088
48.7239
46.9246
49.3128
44.4764
49.4208
48.1845
43.021
36.5137
40.2784
41.176
43.9621
48.0853
50.0227
47.9541
47.1697
46.4637
50.6362
46.469
43.0639
41.107
40.0306
41.472
45.5645
43.6423
45.0726
45.9625
43.5273
41.9175
43.0712
46.2176
45.7763
43.3189
41.7243
39.5372
41.6138
43.2182
40.7632
42.3733
45.2316
47.8258
46.6478
46.4121
50.508
49.651
49.0098
48.9278
44.312
48.8797
49.6565
46.212
44.5216
45.3057
50.6203
48.8091
45.7874
43.514
44.7015
41.9084
42.2354
40.9255
41.3112
41.6755
39.6102
38.091
36.0785
40.1123
41.3356
42.2803
41.662
47.0644
41.1447
37.8919
33.6174
36.2821
31.8079
35.361
42.9433
44.1333
49.834
50.6154
60.1661
62.144
61.9491
61.9604
63.5235
63.196
61.7279
62.1154
60.9994
54.4049
56.5126
51.047
45.818
46.889
48.172
50.0691
49.7928
53.8732
48.4562
48.6441
48.3623
51.0724
51.3207
54.3446
54.3427
53.7673
56.2811
58.6052
58.3629
55.6528
53.3919
54.7865
55.1813
54.6842
53.4845
50.0823
44.751
44.9156
44.1457
41.0378
38.3582
38.08
35.1366
35.0732
31.385
28.6494
26.287
26.3053
27.2
28.5191
26.002
24.626
29.4415
30.0067
35.0459
35.3102
35.1886
37.6364
33.5368
34.8251
35.3222
38.9532
38.6923
36.1404
36.2152
35.8981
39.7453
40.1377
41.8984
48.4615
48.7382
42.9232
46.9829
43.6248
43.7708
42.1527
42.0169
39.8563
40.5316
42.2728
41.9537
44.8166
49.2836
39.7474
37.992
36.6438
36.5146
37.8114
38.2846
42.6309
43.3596
41.4891
43.1427
41.9195
40.3497
42.6216
44.7063
47.2105
52.2422
46.8423
49.9092
41.4316
49.6436
46.9205
48.0401
46.8232
44.1004
45.6381
47.1128
45.7466
47.8814
46.8899
45.3026
48.8437
48.7898
46.0542
46.7301
46.192
49.1002
50.2993
52.1868
50.3821
53.8072
51.3169
46.459
49.3266
48.5745
54.1034
54.6695
55.4298
57.5169
51.3655
48.463
48.4911
46.4356
48.375
50.9992
48.9073
52.0833
45.9103
44.7596
48.2696
44.3029
40.8219
43.9734
34.6461
35.8663
35.4617
36.0958
35.2768
33.8625
33.7485
35.7793
35.1891
41.1843
42.3858
39.4138
44.6247
43.3872
44.1364
46.9123
49.8619
45.2532
43.4182
43.6441
42.0109
45.8805
39.8724
42.7621
46.3978
46.6074
48.5118
48.3144
47.6358
46.8315
44.3091
49.0738
43.8099
44.1141
44.2412
41.7146
42.3667
47.1236
50.1995
47.7944
48.2858
50.3056
52.713
46.9995
47.2962
47.888
48.2575
50.7407
48.8807
44.3275
41.824
41.4656
44.1064
45.1736
46.6806
49.5107
45.8125
41.5802
45.2032
48.2018
42.5532
45.8285
44.1276
45.6616
46.3748
47.1169
43.2324
48.9329
46.4711
50.6993
47.1347
48.0832
45.7358
44.783
42.0918
39.2036
39.9808
36.0996
37.9195
37.6479
38.4914
38.9831
37.0581
38.6288
34.3882
37.3289
37.1839
36.0052
36.7516
36.7687
33.1305
36.3061
37.7056
39.5941
37.8595
36.0564
37.4432
41.8225
40.8424
45.6109
43.7599
41.2229
40.889
47.4335
51.1064
55.0778
59.4815
60.24
68.1997
70.0127
73.9047
71.5544
73.479
74.8889
75.2065
69.9793
69.0795
69.3179
65.2673
67.3145
64.2566
61.0928
58.4874
56.2267
57.5789
61.6116
55.559
58.5338
62.3038
63.3594
62.373
61.1254
59.3393
57.9304
59.4733
58.3653
57.0628
60.6143
63.6154
59.9969
60.5058
61.5584
58.988
63.222
58.2592
55.8996
56.2544
58.128
62.1348
59.2677
61.0921
66.6008
70.6349
71.4167
69.8964
71.2559
68.3857
67.7225
68.5058
66.5792
66.0792
65.4475
59.9703
58.7602
60.1662
59.6761
60.9851
61.0213
60.6398
63.5791
63.4404
64.1816
62.5837
60.1005
58.9678
60.22
53.2331
53.4993
53.3872
55.7707
52.7148
55.874
58.5618
62.4258
62.8508
63.6202
63.4669
66.5781
61.3906
60.7385
63.6397
61.0004
63.4186
66.6456
58.572
60.8066
65.1139
62.7569
66.2513
69.784
67.3802
63.8126
64.2398
58.2534
56.2337
58.3771
56.4866
55.3003
52.201
53.1084
54.3253
58.2037
59.4495
51.4683
50.8038
53.8693
55.2443
47.2559
52.246
56.5569
54.4733
52.6655
52.7256
56.655
56.5999
60.131
60.6072
57.6457
53.8777
53.7505
54.0407
55.057
50.9965
53.3732
52.854
49.1337
48.5765
49.0222
48.9024
46.7947
48.7517
57.8435
62.735
61.2564
62.4737
62.2447
64.7371
58.2762
56.3788
57.974
56.3681
60.467
61.9701
66.8622
64.1656
64.0471
57.4383
54.488
53.7326
55.0875
52.8855
56.873
60.7828
60.8044
62.8226
61.7035
63.6764
67.696
65.6572
61.6109
64.406
68.4797
68.4835
65.3218
61.7263
65.267
66.0399
68.1471
66.8509
62.5678
67.621
71.5182
62.7113
62.1292
62.8118
65.1786
61.0853
62.4128
61.5873
59.0476
61.0169
60.2917
55.3291
59.3253
61.6175
60.3921
58.7244
58.9189
51.9729
48.6609
43.1345
40.0449
35.4231
37.6399
42.1618
40.9427
41.5092
40.0149
34.3335
35.2125
32.9303
32.3005
29.6671
37.0109
34.4511
33.0448
37.3162
39.0759
39.4763
40.3345
41.045
41.9612
42.316
45.028
47.6171
46.0283
43.4829
45.8886
46.644
46.8232
43.7291
45.2791
42.1735
44.2574
41.2325
39.9569
39.1947
40.6163
40.189
42.7827
44.1085
43.7674
45.8378
42.3677
44.5006
35.8004
36.6759
33.5981
36.3531
36.4791
35.6013
33.933
34.0394
32.088
34.8977
36.8652
33.4949
34.4538
36.7098
40.4062
36.819
38.8763
35.3375
37.3849
41.0575
37.8487
42.678
43.5183
46.2499
48.2932
49.2816
43.2922
37.8269
44.434
45.3616
44.8164
37.4864
32.7456
29.898
27.8275
30.2109
35.4246
34.8434
33.9541
44.9058
43.3279
45.3206
46.0198
47.2922
47.453
49.6945
52.427
51.9926
52.3825
46.628
46.3378
48.2079
55.9049
57.7367
51.8518
51.8679
50.5076
47.6784
47.6755
49.0201
45.4749
48.1897
43.2234
42.3622
47.2388
46.265
46.0711
47.0841
49.95
45.26
50.4394
45.7216
46.3141
46.6387
44.9962
42.4791
39.1041
35.5296
25.7409
24.4307
20.4173
22.0511
23.0182
25.2654
26.7021
27.3288
24.6801
25.4613
25.0737
25.492
25.5969
29.4387
28.8295
25.9898
27.8543
28.5145
26.4481
29.5103
28.5617
31.2015
31.3101
34.9245
37.123
38.8391
41.2426
41.9992
35.3451
34.6043
37.9446
36.1001
38.3686
41.3721
36.9833
34.2394
37.004
35.936
39.7955
40.5295
42.7349
40.9219
37.3416
40.3968
39.7854
39.667
38.5579
41.7576
43.033
45.9613
47.5621
46.1989
45.42
46.4746
49.5985
43.7283
43.0553
45.1304
43.4923
47.3763
48.0761
50.4078
41.9953
38.5439
36.1659
36.2937
41.2623
37.244
38.7735
42.7571
43.9241
40.0627
42.5112
43.9101
43.8589
42.3764
43.2128
46.4107
45.6651
45.9442
48.8245
50.5814
49.4367
51.5427
53.3302
53.119
54.7815
52.7475
50.4349
49.7717
49.9753
47.664
49.7503
52.0732
58.184
53.7609
57.9176
50.0085
46.6982
53.0944
46.7577
48.6929
49.6931
44.9941
45.4419
52.3138
57.5895
53.0689
55.1442
52.2371
51.9853
53.3293
50.9847
47.8362
47.9372
47.716
48.5393
43.7021
46.358
48.93
51.1489
53.2666
55.318
52.8537
49.1634
42.2371
39.1526
34.9556
32.796
33.2327
30.7171
31.2711
33.9694
36.9521
37.4702
39.1501
40.9605
42.5032
38.382
41.7139
37.5553
37.8347
35.8534
35.0045
33.63
36.3672
33.6228
33.4135
30.1796
31.6049
30.8707
34.7179
31.4174
27.9725
27.893
28.8979
29.0416
32.4546
35.1756
47.6609
56.9994
63.3825
66.9037
66.2164
65.6375
65.2542
67.4778
64.1574
62.6518
62.7343
62.0177
58.6507
55.2591
55.7211
54.2041
47.7684
47.1906
42.2168
43.6742
39.3502
44.7973
43.9245
40.7967
50.7865
52.1855
45.7383
47.1306
48.0143
50.1084
48.6852
45.936
46.312
46.2186
50.1756
52.6248
49.9801
50.7695
48.1399
49.5404
53.7436
53.9974
54.1908
59.7705
58.3321
52.8251
49.0509
52.2362
46.3837
44.2148
46.0075
48.4302
48.5873
45.4332
40.3725
37.8148
35.3313
39.0074
41.3112
41.8156
48.5656
46.6864
52.227
49.8992
48.92
46.8519
50.4748
49.5255
45.3813
45.2263
46.1827
48.2548
51.0628
53.553
50.8568
47.8672
49.3436
45.3432
45.3278
40.9355
43.7961
40.8075
42.8418
44.2136
46.8401
48.636
45.4521
43.3839
48.7934
42.0534
46.3728
44.1653
43.0542
41.3989
40.4939
34.6122
32.0671
26.8883
24.9306
21.8447
23.0772
23.4347
25.424
25.9822
27.7703
28.3045
26.1328
28.1061
25.7252
21.142
22.6982
22.9254
26.0387
27.8384
29.8004
34.521
34.8791
36.2416
36.5178
37.614
42.7609
48.4434
49.8895
46.2504
45.8024
47.7128
45.5734
48.0614
50.3605
50.0893
51.6967
47.1284
47.5575
52.5716
51.64
51.8591
54.2533
57.7689
58.256
58.4652
58.5568
63.0623
62.7425
63.0855
57.4489
58.274
56.7111
55.2399
51.3755
55.1921
59.3648
60.6286
58.0454
55.4782
55.4768
55.4882
60.129
63.1675
62.7448
61.2946
46.8407
52.1363
57.978
58.3646
50.0699
47.8303
47.5143
54.0335
45.3004
38.9711
42.0954
46.2971
50.4303
50.5205
52.9194
56.4014
54.1443
55.2111
45.9947
52.2012
52.3691
50.0698
50.0679
43.6719
42.3949
41.7158
43.8462
43.249
46.8928
45.4769
47.8841
44.7413
42.9123
46.769
48.2779
49.2677
50.0182
50.0312
47.9327
49.3586
55.1893
57.457
55.6498
52.269
63.1569
52.7326
44.7654
48.7266
49.434
49.8364
44.2491
43.5142
41.1776
38.3421
34.608
35.1277
36.7406
36.4204
34.8612
38.8302
34.9106
35.4371
31.3721
29.3787
28.6637
27.1114
25.239
25.1763
24.7881
23.2598
26.8407
22.9441
24.176
25.5329
21.4909
22.1563
24.1174
23.7065
23.7825
24.051
25.2888
23.3777
27.5952
24.9545
24.2098
20.2702
24.4954
26.4816
30.8882
35.6143
38.5157
38.2447
39.4321
43.1043
41.8759
44.6054
41.0444
46.6777
43.3196
42.6814
43.8626
41.253
40.6659
41.182
40.951
45.2369
44.2652
46.0111
48.6234
48.3225
46.84
47.3261
45.0126
47.9021
54.3483
53.1377
47.9133
45.8754
44.384
43.7535
45.8398
41.9117
45.568
38.7628
38.7155
37.4761
35.3539
34.74
33.8661
38.2779
39.9489
43.8134
44.7661
46.0687
45.9556
47.2803
44.9984
47.9661
50.2757
48.695
53.5241
53.255
50.1854
51.5741
46.2773
48.7652
44.3543
46.6107
41.3929
40.2055
44.3053
45.1457
41.0883
41.7874
35.9034
36.7427
33.8805
33.171
37.5433
38.8512
36.6464
33.1177
35.1707
37.3656
37.8802
38.0602
44.3053
42.3785
37.9761
42.4046
46.3267
51.9193
45.327
39.8563
52.8172
46.0466
46.5119
42.7359
42.449
46.0011
43.0601
49.3676
47.0124
49.6402
52.5464
51.5026
54.5139
55.4473
56.8041
54.7747
54.5283
52.1968
53.4239
57.7151
53.3343
55.2833
56.0764
49.4761
47.2047
43.899
38.1164
40.6153
39.2042
38.6485
39.6253
39.8852
40.8448
43.4309
41.6926
40.3722
40.697
39.8831
42.7846
43.1759
45.015
46.5153
50.7818
52.232
53.4626
54.4858
52.3378
53.1116
55.1123
54.9986
50.2032
51.4248
53.4959
52.5871
50.449
48.2806
46.3637
42.5264
42.4818
42.1805
40.2559
40.383
40.3078
43.3756
42.8707
45.1099
48.9948
49.0656
51.8432
49.1219
52.0062
51.3885
53.3097
53.2952
52.5048
50.5131
49.7842
48.062
47.4355
47.529
49.122
51.6908
53.0141
50.7909
45.7682
50.9189
50.1701
46.1861
44.7529
46.1627
50.6755
46.6828
46.0962
44.8676
44.8791
46.3668
46.8845
50.3134
48.6563
48.595
48.0936
50.2299
51.729
51.9796
50.3433
50.8271
54.0627
49.9784
51.4572
50.6724
51.0633
50.5822
51.2454
51.4756
49.1975
49.5007
48.822
46.592
46.3092
46.8121
44.8495
43.4027
44.2159
44.375
44.1216
46.0247
42.0728
45.2849
47.4591
47.1984
51.0707
48.1593
44.8434
44.7808
47.0551
47.3046
47.7961
45.987
47.3527
47.7525
45.2036
43.2118
41.5421
41.3828
38.1758
41.6087
39.5203
42.7806
40.6926
40.9496
42.3362
42.5932
40.4658
41.6409
40.8254
40.4798
40.2258
41.4892
38.9305
39.738
38.9948
37.6526
37.8514
39.2428
42.6369
39.8379
44.1399
49.0298
50.9702
51.8236
51.7721
53.076
56.1365
52.6883
51.3063
53.3828
53.2354
56.6485
52.5605
50.6429
53.1764
51.2073
51.7415
51.7416
45.779
42.493
39.8046
42.1887
41.7742
44.5257
43.9736
44.1749
43.4135
44.3262
49.2951
50.2671
51.4329
51.5307
49.1187
49.4532
49.7031
50.6334
54.7285
55.841
54.5232
55.7506
55.456
60.3576
55.5553
56.0145
56.9784
53.6653
49.9115
47.9582
40.4536
44.4589
45.6274
43.1503
45.6381
44.747
41.801
50.3107
45.5485
41.3717
42.1973
40.0596
31.2975
35.4111
37.9797
40.849
44.0161
42.3724
40.1909
45.0412
46.0994
46.4235
46.4107
47.5698
46.7686
46.0097
39.9405
42.8138
39.849
38.676
40.8331
36.1088
36.8152
40.4186
46.0762
48.4239
47.1395
48.6547
48.5173
44.8028
46.1227
49.3539
42.4327
44.1688
40.4739
42.2011
41.9664
46.7609
45.2851
48.9576
48.2801
52.5642
47.2586
40.1382
44.0772
39.983
45.5918
42.1971
42.0284
40.3108
42.1642
40.5962
41.6977
46.8582
45.1105
42.4879
37.6443
39.8842
44.4297
47.7737
46.4358
37.2508
43.4162
43.1838
48.3474
44.0679
42.9431
43.1419
47.1538
47.0333
42.108
39.4008
44.1486
41.483
45.8344
46.7957
42.5775
44.4442
44.5489
44.752
49.7749
47.058
49.9451
53.8052
55.3646
55.0138
51.1578
47.3685
43.0223
36.7968
37.5308
38.7958
39.6468
46.6075
42.2379
42.0285
39.6701
37.7703
35.0901
33.5763
37.5093
36.4554
37.8625
34.9142
33.1662
36.4106
38.179
35.1491
32.2323
31.1849
28.9875
25.9389
26.6401
24.256
22.8708
27.2686
26.0949
25.3363
28.7715
28.1931
27.8188
32.4459
32.675
34.141
32.7092
35.3663
37.7648
37.1744
38.7912
43.1767
48.1318
51.3324
55.2787
57.8431
61.2734
60.4568
58.5473
54.1977
50.7656
53.6029
55.2431
58.552
57.1139
55.1702
53.0042
54.2031
49.7763
51.2079
51.8791
48.4061
54.1662
51.9884
50.9391
51.8811
50.6714
47.3255
46.9637
49.0011
47.2683
47.8988
46.8871
46.441
46.8871
46.4081
45.088
47.4884
49.5281
44.0819
44.1862
40.2029
42.7405
46.4019
50.066
50.7689
45.1476
46.1166
46.9006
43.9035
43.353
43.0752
42.0983
50.1603
49.5215
51.936
48.4613
46.4481
43.1921
47.2019
42.7423
42.6696
42.1788
40.6925
42.9676
44.8579
44.9348
50.9546
43.3411
46.5954
53.2118
54.369
46.8432
48.8792
43.1244
46.1555
43.6125
48.6085
45.3763
42.1534
40.167
36.7922
34.0535
35.9037
34.1009
35.2194
34.1658
35.1488
33.699
36.1628
39.3309
39.8808
43.671
39.1285
39.4322
43.4672
49.4602
55.0912
55.6117
50.7449
51.5748
58.4148
50.1926
55.0516
56.9164
55.1578
58.5678
67.7795
54.5716
51.7631
57.2294
58.986
55.5264
55.3522
54.8489
54.2053
56.2326
53.4091
60.8008
59.8301
57.8857
56.3823
57.7041
56.7809
53.9643
53.4141
54.1396
51.409
49.4311
47.8191
48.271
45.4882
42.8089
46.453
46.6431
44.1896
40.8024
44.259
41.6251
40.333
35.4954
32.6264
33.8594
27.7415
26.8596
28.1884
28.6193
31.2146
28.9623
28.2825
29.9218
27.1831
32.3721
36.1349
36.2101
38.5719
40.6275
44.7456
43.0739
44.3495
47.0234
49.4474
45.3466
47.4228
45.7075
49.5651
51.3311
47.59
48.4409
50.0839
52.1208
54.0477
54.8269
51.5163
54.0098
54.4262
50.7296
51.2835
49.8939
45.7366
47.1805
45.7661
50.8436
47.6595
45.3474
39.072
40.2712
41.6433
42.1028
38.8754
42.2944
46.4134
46.2668
42.6115
43.3445
43.026
42.285
45.684
50.4371
49.0502
48.9979
52.725
52.3397
53.4404
49.6401
45.372
45.0588
49.0275
50.4345
53.4863
52.7172
42.8609
44.8522
47.186
45.1705
44.8562
43.3949
43.4806
45.4077
45
44.7213
42.8809
45.1619
41.4618
45.5346
46.9469
50.335
47.213
40.2716
42.662
37.3573
39.4814
38.3274
38.5054
41.3833
43.5867
45.1361
41.2937
43.897
39.7964
41.3613
39.8744
40.174
43.0697
39.3897
43.4234
39.0288
35.3719
34.2952
33.1837
34.1935
32.5979
33.7748
36.3176
31.0275
31.4134
33.9373
38.5644
47.4965
51.088
50.0401
55.2769
59.1502
59.0254
59.7456
61.6521
63.5336
59.7375
60.4441
53.0362
55.5893
60.4136
56.8202
52.6747
54.1264
50.9872
51.1908
50.7524
51.6184
54.9662
56.5409
57.9138
61.351
61.9846
60.2943
59.8544
57.0584
57.5829