77.9389
77.7851
77.7192
78.0708
78.3784
78.4004
78.2465
78.2465
78.2905
77.5654
77.3237
76.9941
76.5107
75.8954
74.7308
73.6761
72.7972
72.0501
72.0281
71.9622
71.8963
72.4236
72.9949
73.9398
74.555
75.6976
77.3676
78.4223
79.3452
79.5869
79.3672
79.7627
79.0595
78.0708
76.4447
75.1923
74.6649
73.786
73.0169
72.4896
72.16
71.8743
71.6546
71.5008
71.3689
71.6985
72.2479
73.2147
74.0277
74.7528
75.5219
76.0712
76.1591
76.0492
76.4887
76.5985
75.7196
75.8295
75.6098
74.8407
74.0716
73.808
73.6322
73.3026
74.3793
75.7196
75.1044
74.621
74.9286
75.3681
76.0932
75.8515
76.2909
76.269
76.4008
76.1811
76.9941
76.3349
76.4887
75.7416
75.7855
75.5878
75.6976
77.038
76.8403
76.4667
75.8515
75.9833
76.269
76.4447
76.7084
77.6972
76.3788
76.4667
76.6205
76.269
76.2909
76.0932
76.0053
75.6757
75.39
76.3568
76.7084
77.038
75.2142
74.9725
74.9286
75.39
75.1263
74.7967
74.1815
74.7967
73.786
74.1376
75.434
75.7855
76.1811
76.8842
77.1699
76.3349
76.0932
76.3568
76.4887
77.3237
78.3564
78.1367
78.5102
78.9497
78.7519
79.2353
78.4663
79.9604
82.2017
81.8941
82.6632
82.6412
82.9488
83.3663
81.6963
78.1367
74.9945
74.4012
74.7967
75.3241
77.5654
75.8734
75.7636
76.6864
78.4663
80.9053
83.4322
85.278
86.091
86.3546
86.6623
86.926
87.4313
85.278
85.3219
85.256
85.6515
86.069
86.1789
86.7502
87.7609
87.673
88.2883
88.3103
87.8049
85.3659
84.8824
84.3771
83.8277
82.1578
81.125
80.9273
80.29
78.9717
77.6972
76.203
74.5111
74.9945
75.8954
76.6645
76.4228
75.3461
74.9506
75.9394
77.6533
81.0591
83.1905
84.9044
84.7506
85.9811
86.5524
86.5085
86.4865
87.5851
87.673
85.9591
84.3771
82.1358
80.9053
79.7187
80.4658
81.6304
83.0367
85.1022
85.0143
84.5968
84.421
84.1354
82.8829
82.2457
84.4869
85.7394
86.6183
86.926
85.8493
84.1573
82.9708
82.8389
83.9156
84.6407
84.2232
84.7726
84.8385
86.926
88.0686
88.3103
87.717
86.6842
86.2668
87.1237
86.2008
87.3654
87.2555
86.882
84.9703
82.7071
80.7075
79.9824
80.6416
81.0591
82.3995
84.3551
85.6515
85.0143
84.0255
82.5753
83.5201
85.1022
86.1129
85.7614
87.4533
88.6838
89.3869
90.0681
89.7605
89.6067
89.7605
88.1564
86.8381
86.1129
88.3103
88.1784
87.8708
88.6838
88.0905
86.4865
85.8053
84.2672
82.4434
79.6748
78.686
78.4882
77.6093
76.7963
76.0272
74.5331
74.1815
74.3133
74.9725
74.9066
74.9725
76.5766
77.6313
78.5322
78.8618
79.3452
79.0815
78.7959
78.686
78.3344
78.686
78.3125
78.1586
78.0048
78.0048
77.6313
78.1147
77.873
77.829
77.9169
77.6972
78.1147
78.4223
79.0815
79.2134
79.477
79.5649
79.7187
80.0923
80.7075
81.5865
81.7842
82.1358
81.8501
81.6963
80.9932
80.2681
79.7407
78.3784
77.7412
77.3237
76.0932
75.1263
74.1595
73.6761
74.9066
76.225
77.9829
78.7519
79.6748
79.6528
80.3779
79.8945
78.2465
76.8842
75.8075
74.6869
74.4012
74.0277
73.4784
73.0609
72.116
72.116
71.8523
71.9402
71.8304
71.6985
71.6766
72.0062
71.8743
72.094
72.094
72.138
72.1819
72.4017
72.6214
73.1707
73.5223
73.1268
73.4564
73.6541
74.0497
73.5882
74.0277
74.0716
74.1815
74.4012
74.7967
75.2142
75.2582
75.8075
75.8954
74.7967
74.4452
74.8407
74.8187
74.9066
74.9506
75.4999
75.2802
75.3681
75.3681
74.8627
74.7528
74.1156
73.8958
73.4344
72.9949
72.9949
73.0609
72.929
72.5994
72.5115
72.7972
72.6873
72.6214
72.4236
72.5115
72.138
71.9183
72.0281
71.6546
71.1712
71.3909
71.7644
72.2479
72.8631
72.929
73.4124
73.3685
73.5882
73.1488
73.0609
73.2367
72.8411
72.929
72.6653
71.9622
71.9622
71.6326
71.3689
71.7864
71.9183
72.7752
73.3245
73.742
73.5882
74.0936
74.3353
74.5331
74.7308
75.412
76.225
76.8183
77.4555
78.2465
79.8506
80.5318
80.7954
80.4439
78.9497
78.708
78.8838
78.9936
78.4223
78.0488
78.5322
78.4004
78.2685
78.7519
78.9717
78.9057
78.9277
78.1806
77.829
77.1039
76.0712
76.1371
76.1151
76.5326
76.3788
75.8954
76.0932
75.9394
75.1923
75.8295
75.9174
75.5878
75.6317
75.0385
74.7748
74.6869
74.3573
74.4452
74.3133
75.7855
76.4887
77.5873
78.0708
78.7299
79.0595
78.8178
78.3125
77.1918
76.0053
75.5438
75.6098
76.6205
76.4447
77.038
76.6864
76.269
75.412
75.2802
74.4232
74.2474
73.6981
72.8411
73.2586
72.7093
72.7972
72.7313
72.4676
71.8523
71.0833
71.0393
71.2591
70.8416
70.8416
70.5999
70.3801
70.512
70.2922
70.0945
70.2922
70.2483
70.4461
70.6658
70.8196
70.7317
71.325
71.3909
72.0062
71.7205
70.9295
70.5999
70.512
70.8196
70.9295
71.4129
71.4568
71.7644
72.4017
73.0389
73.5882
74.9506
75.5878
76.1151
76.4887
77.1918
77.4775
77.082
76.0932
74.9506
74.2035
73.0609
72.094
73.3465
73.6102
73.7201
74.4891
74.8627
75.9174
77.1259
76.9941
76.4447
76.3568
76.0272
76.2909
75.9833
76.6425
76.5107
76.5985
76.0712
75.1263
74.9066
74.0936
73.764
74.0716
74.0716
74.1376
73.6761
72.5994
72.0501
71.9622
72.0501
72.0062
72.0281
71.8304
71.5667
71.6106
72.3577
72.8411
73.3905
72.8411
74.2474
73.8958
74.7089
73.8299
73.3905
73.0169
73.0169
73.8519
73.5662
74.7089
74.0057
73.5223
73.2806
72.6653
72.4896
72.7093
72.4017
71.5008
71.8523
72.5775
72.5335
72.4676
72.3577
72.138
72.3797
71.4568
71.281
71.2371
71.1272
71.7425
72.0062
72.7313
72.8851
73.5443
73.8739
74.7967
75.7636
76.3129
77.4555
77.2138
76.3129
74.5331
72.973
71.6985
71.4788
72.116
71.8304
72.8851
75.8075
76.9062
77.1039
76.7963
76.5107
76.247
76.1591
75.9833
75.5658
75.8954
75.9613
75.7636
75.5658
75.9174
75.7416
75.6317
75.8295
76.0712
76.203
77.6093
77.6313
77.3896
76.4447
76.0053
76.5766
76.7084
76.6425
76.7084
76.8183
76.9501
76.7963
76.9281
76.8403
77.2358
77.4995
77.4335
77.5654
76.7743
75.2802
75.3241
75.9394
76.8842
77.1699
76.8403
77.038
77.016
77.082
77.082
76.9062
76.6205
76.6864
76.5546
76.7743
77.4116
76.8622
76.4228
76.7084
77.082
76.9941
77.038
76.9281
76.8403
76.8183
76.8622
76.9062
76.5546
76.7304
76.9062
76.7084
76.9281
76.9281
76.8183
76.9721
76.9062
76.8842
76.9501
76.9501
76.5985
76.6205
76.8842
76.9281
76.5985
77.1259
77.1699
77.1479
77.3676
77.8071
77.6313
78.2465
78.6201
79.1914
79.3013
79.1255
78.9277
79.543
79.3891
79.7407
79.2134
78.9936
78.0708
77.7851
77.9169
77.7851
77.9389
77.6972
77.4995
77.5214
77.3017
77.6533
78.0488
78.2026
78.9936
79.6528
79.7627
79.8286
79.3672
78.2905
77.6972
76.1151
74.7967
73.4784
72.4456
72.0281
72.0721
71.4788
71.8523
71.6766
72.0281
72.138
72.7313
73.0609
73.1707
73.2586
72.9949
72.8192
72.7093
72.138
72.116
71.7425
71.8304
71.8523
71.8963
71.7644
72.0062
72.6214
72.2918
72.2039
71.6546
71.9183
72.116
72.3577
71.8963
71.4788
71.7864
71.7864
71.8963
71.9183
72.094
71.6106
71.7425
71.8304
72.16
72.8631
72.8631
72.9071
73.4784
73.2586
73.0828
73.3245
73.5003
72.9949
72.6214
72.5775
72.1819
72.116
71.6985
71.4788
71.5887
71.0613
70.9734
71.0393
70.7976
70.6878
70.7317
71.4129
71.8084
72.2698
72.3138
72.0721
72.2039
72.4676
72.7752
72.929
72.4676
72.3358
72.0281
72.16
72.4896
71.9842
72.3577
72.7752
72.8851
72.7093
72.6214
72.7532
72.5335
72.4456
72.2479
72.138
71.9183
71.303
70.9954
70.9295
71.281
71.4348
71.6326
71.6106
72.0062
72.7313
72.9949
72.7093
73.3905
73.9178
73.9618
73.2367
72.6434
71.7864
71.8304
71.8084
72.0062
72.16
71.8743
71.6985
72.4236
72.4896
72.7093
73.3465
72.973
72.8192
72.2918
72.5994
72.3797
71.6985
71.6106
71.4348
71.7644
71.5887
71.9183
71.7864
71.6985
71.6326
71.6326
71.7425
71.6985
71.7205
71.4129
71.1492
71.1931
71.1712
71.4568
71.9402
72.5555
73.1268
73.4784
73.8739
73.7201
74.2694
74.3133
75.0165
74.6869
74.9286
75.412
76.1811
76.1591
76.0712
76.5766
77.7192
78.686
78.9277
79.2793
80.2241
81.147
81.6524
82.0918
82.1138
82.8609
83.0147
82.1138
82.2457
82.2896
81.147
80.6636
80.0923
79.6748
80.2461
80.2461
81.2349
82.4214
84.3551
84.9703
84.8824
83.4981
83.8936
83.0367
83.4762
82.8389
82.2896
82.3995
82.9049
82.9927
82.751
83.1685
84.0694
85.1461
85.6735
85.5197
85.0802
84.6407
83.9596
84.1573
82.9049
81.7842
82.3555
82.751
83.3883
83.7398
84.5748
83.8058
83.1246
82.1578
81.3008
81.4986
80.0483
79.2134
78.7959
78.9717
79.6089
80.5977
81.7183
83.5641
83.3004
83.4762
83.4102
83.1246
83.3883
83.4322
83.8497
83.1905
83.1246
82.2017
82.3116
82.5972
82.6192
82.6632
82.4654
81.6524
79.6748
78.1806
76.4008
76.1371
75.8734
75.5878
76.1591
76.3568
77.4775
77.6752
78.9497
79.1474
78.7299
78.1367
77.9389
78.3344
77.7412
78.0708
78.0927
77.6093
77.2797
77.082
77.4995
77.6093
77.3896
77.8071
77.4555
77.6972
78.2246
78.686
79.2134
79.8945
80.334
80.5098
80.356
80.0923
80.0483
80.0264
79.9165
80.1143
79.9824
79.9385
79.3672
79.5869
78.7739
78.7299
78.2246
77.4775
77.3456
76.4447
75.4559
74.8407
74.3353
74.2694
74.1156
74.1376
74.5331
74.6429
75.0604
75.39
75.2582
76.1591
76.4228
76.9062
77.1918
77.4555
77.5873
77.7192
78.3564
78.708
78.8618
80.2681
80.9492
81.147
81.8282
82.0479
81.8282
82.8829
83.3663
83.7618
84.2672
83.3883
83.8497
84.3331
84.1354
84.6407
84.7726
85.1022
85.6955
86.2448
87.5851
86.6403
86.926
86.7502
86.1569
86.4645
85.2999
85.8493
85.0363
85.5416
85.5197
84.8824
85.0143
85.1681
84.9044
84.9703
85.1901
85.6295