72.0211
72.0211
72.3579
72.2737
72.5684
72.6947
73.1789
73.0737
72.8842
73.1368
73.1368
72.6105
72.6526
72.7158
73.4947
74.2947
74.8842
75.5158
76.5053
75.5579
75.9579
76.5474
77.5368
77.2842
76.7368
75.9368
76.0632
75.6842
76.1053
75.2842
75.0947
75.7684
76.0842
76.6316
76.7789
76.2947
76.9895
77.3684
77.7474
77.8316
77.7684
78
77.1579
78.1053
78.6316
77.2
76.5895
77.8737
78.4
79.0316
78.9895
79.4737
75.4316
75.8947
75.4316
75.4105
75.1579
75.4105
75.3053
74.2105
74.0632
74.1053
74.5053
74.8211
75.0737
74.7789
73.9579
77.5579
76.2105
74.8
74.1263
74.3789
74.0842
74.8211
75.7474
76.0632
76.3158
75.6632
76
76.4
76.5053
77.5789
78.4
79.3684
78.2737
78.4842
78.2105
76.9474
76.2947
74.2526
73.8526
73.3474
73.3684
72.6316
72.0842
72.2105
71.7684
71.1579
70.8632
70.8211
71.0947
71.1789
72.0632
72.9053
73.5368
74.2947
74.7579
74.6105
74.8
75.1368
74.6316
74.7368
74.2526
73.9789
74.3579
74.2947
74.0421
74.3579
74.0632
74.0842
74
73.4526
73.4947
73.4947
73.3263
73.3474
72.9684
73.7684
73.1368
72.8421
72.5684
72.6737
72.8421
72.8
73.3053
73.2211
73.3053
73.7263
73.8737
74.4632
74.2526
74.3789
74.4632
74.4842
74.6526
75.1579
75.3684
75.3684
75.1579
76.0632
75.3474
74.9053
74.9895
74.7789
74.5474
74.6316
74.7789
74.2947
74.1053
74.2105
73.7895
73.5368
73.3474
73.3684
73.6
73.8105
73.8105
73.6421
73.0737
72.9684
72.6105
72.4842
72.3789
72.5474
72.5895
72.3158
72.6105
72.7158
72.4421
72.1263
71.3684
71.0737
70.8421
70.8421
70.3789
70.2526
70.3789
70.5053
70.4842
70.7158
70.6526
70.8211
70.9474
71.3684
70.8842
70.4
70.7368
70.7789
71.2
72.0632
72.8632
73.5158
74.4211
75.5368
76.1053
76.3789
75.4737
72.5895
72.3579
72.4211
72.9263
73.2211
72.8632
72.6316
71.9789
71.8737
71.3684
71.7895
72.2526
72.8632
73.7053
74.1684
75.0316
75.6632
75.8737
75.9368
76.1895
76.7368
77.4737
77.7684
78.9053
78.6105
78.8211
78.6947
78.4842
78.3789
78.5684
77.8105
78.1474
78.1263
78.6526
79.0526
79.4526
79.0526
79.5158
79.3263
78.6526
78.9684
78.3368
78.2526
78.3579
78.5895
78.2737
77.9158
77.0526
76.5895
75.9579
75.4737
75.5158
76.1474
76.3789
78.5684
79.4105
81.9368
82.2316
84.4421
83.7263
82.6737
82.1053
81.5368
83.0737
81.6211
83.5368
81.3895
81.0737
81.6211
83.7053
86.0421
86.5895
86.7579
87.6421
85.9579
87.3684
87.8105
88.1053
88.5474
89.2
88.7368
87.8316
87.2842
86.9263
86.9684
86.7158
86.1895
85.0947
84.6947
84.8211
86.0211
84.1895
83.6211
83.7053
81.6632
81.7684
83.0947
82.9263
81.3684
80.5474
79.4737
80.4211
79.8737
79.2421
77.6421
77.4316
76.2105
75.7263
75.7263
75.7263
76.1895
76.4211
77.3053
77.4316
77.5579
78.6105
78.8421
79.0105
79.7684
78.6105
78.6947
78.4842
78.2316
78.6737
78.9263
77.9158
77.9158
77.8105
77.2421
76.6526
76.0632
75.8947
76
74.9684
75.3053
75.4105
75.0737
75.3474
74.5684
74.9474
74.6526
74.6737
74.2105
74.4632
74.1684
73.7895
74.2737
74.1263
73.9368
74.9684
75.2211
75.2421
75.1158
75.0105
75.5579
75.9158
75.8526
77.3053
76.5684
78.8842
78.8421
79.7263
79.7263
79.3053
80.4842
79.8316
78.8421
78.8842
80.1474
79.7053
80
79.3474
78.5895
77.2632
77.6
77.2632
78.0421
78.6737
78.9053
79.6421
79.3895
79.0947
79.9158
79.8316
78.9684
78.6105
79.3684
77.5368
76.3579
76.3368
77.0526
77.4105
78.2316
78.0632
78.9263
78.8
78.7579
78.8
79.1579
78.5895
78.6316
78
77.8737
78.0632
78.3789
78.5474
79.2
79.3684
79.2
77.9579
77.7895
77.6
77.6421
77.5368
77.9368
78.1684
78.3158
78.8632
78.5474
77.8316
77.9368
78
78.1053
76.3579
76.6526
76.5684
77.2421
76.7158
76.8632
76.7579
76.9053
77.2421
78.5263
79.3263
79.5789
79.4526
78.9684
79.1789
78.2316
78.6526
77.9368
76.7579
75.7684
74.8632
74.9474
75.4526
75.7895
75.6632
75.5158
75.3053
75.1789
75.2842
75.4316
73.7053
72.1895
71.6421
71.3895
71.6
72.5053
72.9684
73.8947
74.9263
76.5895
77.6421
79.5789
80.1053
80.5895
79.9579
80.1684
80.0211
80.6526
81.5158
83.3474
80.0211
85.8947
81.7895
88.7368
88.5895
84.2526
84.8211
84.5263
80.7579
78.6737
78.1474
76.5053
76.0842
75.4316
76.3368
78.6316
80.9684
82.4632
82.8632
82.1053
79.4526
76.4211
77.4316
82.7158
80.9474
83.0737
82.8
86.6947
88.4842
88.5263
88.7579
86.8
83.3053
79.0105
80.3368
82.7158
84.1053
84.0632
80.5895
76.6316
75.3684
73.6421
73.8105
73.2842
73.5579
73.8947
74.6316
74.0421
75.6632
76.5684
77.3053
78.6316
79.9158
80.7789
80.3158
80.2947
80.3368
80.3158
78.9684
78.7158
78.5053
77.9368
77.7263
76.9895
76.8421
77.8316
78.3579
76.6737
76.0632
75.4526
76.1895
76.4
76.9684
76.3368
75.8316
75.1579
74.2316
74.5053
75.3474
75.3474
75.7053
75.9789
77.0316
76.9684
78.0211
77.6842
77.6
77.6421
76.4632
76.2316
76.2737
76.8632
77.3474
77.4947
77.7263
77.9579
79.2632
79.9368
79.3895
78.8842
79.4526
78.2105
78.2105
79.2421
78.9684
79.6
80.3789
80.8421
81.1579
80.9684
81.4316
81.9579
81.9579
83.0105
84.8421
86.2947
87.1789
87.3684
87.2632
86.6316
87.2
87.7263
89.7474
89.2211
88.3789
91.1579
89.9158
86.4632
85.2
85.7684
85.8105
86.0842
82.2947
80.8211
79.5789
78.6316
78.9263
79.7895
79.8737
79.3263
80.2316
79.4316
78.7368
79.3895
78.0632
78.0211
78.9263
79.8526
82.1474
85.5158
85.8316
86.4842
90.7158
91.9158
92.6947
93.0947
91.6211
90.4421
89.2
87.1579
84.3158
83.4947
83.3053
81.9158
80.1053
80.0211
77.8316
75.4526
74.4632
73.8737
73.7474
73.3474
73.1579
72.2526
72.6105
72.6316
72.9474
72.9684
73.5368
73.9368
73.5158
73.6211
73.4947
73.9579
73.8526
74.1053
73.9368
73.8105
73.6842
73.5368
73.0105
73.6632
72.9474
72.8211
73.4947
74.2105
75.4526
76.6526
78.0421
78.6105
78.1895
78.8421
78.2737
77.3474
76.2526
75.6
75.3895
76.8632
77.9789
78.7579
80.7789
82.3789
84.2316
85.3263
86.5474
86.0842
86.0842
86.2105
86.6316
86.2526
86.4632
86.7368
86.6737
86.1684
85.9579
86.4632
87.2
87.9368
87.6211
88.8842
88.4
88.8
89.2842
89.5368
90
90.1263
89.9368
89.6211
89.8737
90.0632
89.3474
88.8842
89.5368
88.3158
85.3895
81.5579
80.0842
79.9368
80.0842
80.5684
81.3053
82.2105
83.5368
84.8421
85.6842
85.6
86.9053
88.7158
89.3895
90.9263
92.1263
91.8316
91.4737
90.7158
91.2421
91.4526
91.0105
90.4842
90.6105
90.1263
89.6421
88.6526
87.5368
85.2
84.5263
84.6526
84.1474
84.4632
84.9474
83.4737
83.6632
83.1368
82.6526
83.0737
83.6
84.5053
85.1579
84.6737
84.2105
84.1474
83.1158
83.9579
84.4421
83.2421
83.1158
82.2737
81.8737
82
82.2947
82.0211
82
81.5579
81.6
80.7368
79.0105
77.1579
76.8632
76.1053
75.8737
75.1158
76.0632
76.2737
76.2316
77.2211
77.6
79.1368
79.7684
79.7053
80.3368
79.6421
79.4526
79.4737
79.3684
79.0947
78.9053
78.7579
78.2737
77.6211
77.0737
76.6105
75.6842
75.1789
75.6842
76.3368
76.4632
76.6105
76.1263
75.8316
75.2632
75.8526
75.9579
76.4632
76.3368
76.6316
76.5053
76.5684
76.1684
75.9579
76.0842
77.0947
78
78.6526
78.5474
78.2947
77.6
78.1263
78.4421
79.3684
78.7579
78.4
79.6211
80.8
82.7368
84.8632
87.5579
90.0211
91.8316
89.8737
88.0421
86.2947
85.6211
84.2737
82.5474
81.6421
81.4737
81.5158
81.0737
80.5263
79.4105
78.5263
78.0421
77.3895
77.0737
76.7789
77.1368
77.3684
77.3263
77.5579
78.1474
77.9579
79.5368
77.4947
76.8
75.8947
76.4632
76.6526
77.5158
77.8105
79.2211
79.7474
81.7895
83.7263
84.1684
83.7053
84.0421
81.7053
81.7684
79.9368
80.3789
79.8105
79.3895
78.7789
78.9684
80.8842
84.5053
85.7053
87.0526
86.9474
86.1053
83.2632
79.9579
78.4421
77.9579
77.8526
77.7895
76.5895
76.1895
77.0105
76.5263
76.8
77.4947
77.8947
78.0211
77.9789
78.1474
78.9053
79.0316
78.5474
79.0526
79.1158
79.6
79.3263
80.5474
80.6737
80.9263
81.3895
81.5789
80.8842
80.8
80.5684
80.1263
79.5789
79.3053
79.8947
78.5895
78.6737
78.8
78.6316
78.2105
78.6526
78.0211
76.9684
76.5053
76.5053
76.5053
76.8
76.2737
75.9789
76.5263
77.2842
77.6
78.0211
78.8632
78
77.6
77.2842
77.3053
77.4105
77.4316
77.3053
77.5579
77.2842
76.3158
77.3684
77.6421
78.7579
77.6421
77.2
76.0842
75.8526
75.2211
75.0737
74.7579
75.0316
76.4211
77.2842
76.7158
75.7053
74.7158
75.1158
75.6
76.0211
75.9368
76.6947
77.0316
76.9684
77.7263
78.4211
78.2105
77.6842
78.0421
78.4421
78.7789
78.6947
79.4526
79.1158
78.0211
76.5053
75.4737
75.6632
75.3053
75.0105
74.9474
74.6316
74.6316
74.6947
74.6526
74.9684
75.3474
75.8316
76.5684
77.5368
78.0211
78.7158
79.4737
80.3368
81.0737
80.9053
80.4211
79.1368
79.2
79.4737
79.1579
79.2
79.1158
80.1684
80.0421
80.5895
81.0526
81.8316
81.6
82.0632
81.6211
82.1053
82.4
82.0211
81.4947
80.0632
79.1158
78.4632
76.8842
76.0632
74.6947
73.6421
73.5579
73.7895
75.1789
75.1579
76
77.7053
77.9158
79.0105
80.4842
82.6105
84.5474
85.2421
85.0526
83.7474
83.2211
82.5895
81.4737
81.1789
80.1895
79.2632
78.2737
79.0526
79.2
79.7895
80.4211
80.5053
80.1684
80.3789
79.5579
77.6842
76.8632
76.7789
75.5158
74.9474
75.6211
76.5895
76.6737
76.7368
77.3684
77.0526
77.0316
77.4526
77.6
77.2211
76.4842
76.4211
76.4632
76.7579
76.4421
75.7474
75.7474
75.7263
76.0421
76.7158
76.6316
76.1684
76.0421
75.0737
74.8211
74.7579
74.4
74.4
74.8211
75.4316
75.9158
75.4947
76.2737
76.4842
75.9579
76.6105
76.4842
76.9263
77.9789
77.4526
76.9263
76.7158
76.3789
75.8947
76.2105
77.6
78.2737
79.7895
82.0421
83.2632
85.2842
86.3158
86.5684
87.0316
86.6947
87.1368
86.3789
86.1263
84.8632
82.6526
82.4632
83.8737
82.2737
82.0211
81.3474
80.1053
80.4
80.7368
81.7895
82.0632
82.0632
81.0947
79.6211
79.7474
79.0105
77.3263
75.6
74.5474
73.8947
74.2526
73.4947
73.1368
72.7579
72.8842
73.3895
73.7053
74.3158
75.4316
76.5053
76.1263
76.2737
76.5053
77.1579
77.2632
76.9474
77.8737
79.3474
81.5368
82.7158
81.1579
78.4
75.6211
72.9474
71.6211
71.0316
71.7053
72.0211
72.5895
73.4316
74.6947
74.9895
73.4316
71.5789
71.0316
71.1789
71.2842
71.4316
71.4947
70.9474
71.1579
71.4105
71.5789
71.8105
72.1263
71.7474
71.8105
72.1684
71.9158
72.2737
72.2105
72.3368
72.3368
72.5053
72.8421
73.2632
73.4105
74.1053
75.9368
75.8526
75.9579
74.6526
74.1895
73.5579
74.3579
74.7158
75.0105
75.4526
76.2105
76.9053
77.1368
76.8211
76.7368
76.0421
76.5474
77.5579
77.5789
77.4737
76.3368
76.4
75.0526
74.0421
72.2526
72.0211
71.9158
71.8316
71.4947
71.8526
72.5895
73.0316
73.5789
74.0632
74.4842
74.9474
74.2737
73.8947
74.1053
73.7053
72.5474
72.0842
71.6842
71.2632
70.8
70.0211
69.8526
69.7895
70.0211
69.9368
70.3579
70.6526
70.8211
71.1579
71.6211
71.9579
72.8842
72.3158
72.8421
73.2842
73.3474
73.4737
73.1579
72.2526
72.3368
72.4211
72.5895
72.3789
71.8105
71.6
71.2632
70.8421
70.5895
70.4421
70.4211
70.7368
70.8
70.6105
70.7579
70.9263
70.8421
70.9684
71.4737
71.5158
71.5158
71.6211
72.0211
72.2316
72.1895
72.1895
72.5474
72.3158
72.5474
72.2737
72.3789
72.0421
72.1895
72.1895
72.4421
72.6947
72.8211
72.8211
72.6947
72.4842
72.9263
72.8842
73.0947
73.4947
73.6
73.7684
74.0842
74.2737
74.4421
74.3368
74.0211
73.8105
73.1158
72.4632
71.7053
71.7474
71.4947
71.9158
71.9158
71.8316
71.7053
71.2842
71.4316
71.6
72.0211
72.0842
71.9368
71.9579
71.6632
71.5579
71.4947
71.6
71.7263
71.9579
72.2105
71.9789
71.9789
71.4737
71.2632
71.3474
71.3263
71.4526
71.4526
71.4947
71.9368
72.0842
72.4
72.2105
71.9789
72
72.1474
71.6421
71.9368
71.4526
71.4316
71.6842
71.6842
71.5579
71.4316
71.5789
71.4526
71.4947
71.6
71.5158
71.4526
71.3263
71.1368
71.2632
71.5789
71.4737
71.6
71.9368
72.1263
72
71.8526
71.8947
71.6632
71.8737
71.5789
71.6632
72.0211
71.3684
71.3263
70.9895
70.7789
70.5474
70.7158
70.9263
70.8211
70.9895
71.4316
71.3895
71.7053
71.7053
71.7053
71.7263
72.0632
72.3789
72.6105
73.3053
73.8737
74.0842
73.9579
74.2737
74.1474
74.3368
74.2316
73.0947
73.0316
73.0105
73.5789
74.3158
74.2947
74.1895
73.6421
72.8632
71.7263
70.7368
70.8
71.4105
71.9789
72.9263
73.4526
72.5474
72.9053
72.2526
72.3789
71.8526
70.8842
70.3789
70.2526
70.3368
70.4211
71.0316
71.7895
72.1263
72.6526
72.9263
73.2842
72.9474
72.9263
73.0105
72.4211
72.2105
72
71.8316
71.5368
71.2421
71.1158
70.9684
70.9474
70.4421
70.6947
70.5263
70.5895
71.2632
70.6316
69.9158
69.8737
69.9579
69.8947
69.8105
69.8316
70
70.2316
70.2526
70.3368
70.4632
70.5474
71.0105
71.5789
72.2737
73.3474
73.8316
74.1053
74.8842
75.2211
75.1368
75.6421
74.9684
74.6947
74.6316
73.1368
71.9579
71.1368
71.0526
71.2
71.5789
71.9368
72.8
73.7263
74.2526
74.3579
74.9474
75.0947
74.4
73.6211
73.7895
73.3684
73.0526
73.2421
73.5789
73.4316
72.9684
73.2
72.6316
72.9053
72.9053
73.0105
73.6
74.4632
74.9053
75.4737
76.5474
77.8526
78.1263
77.4316
76.6526
75.9579
74.9895
74.0632
73.2
72.5474
71.9158
71.9158
72.0842
72.3789
72.3789
72.8632
73.1368
73.7053
73.6632
74.9263
76.4421
75.9368
74.8
74.3368
75.2632
74.7158
74.7158
73.4526
72.8
71.3684
70.8421
70.7579
70.5053
70.3579
70.1684
70.3579
70.6526
71.1368
71.4105
71.7684
72.6316
73.8316
73.8947
73.1368
73.3474
73.3895
73.3053
72.8421
72.8842
73.3895
73.3895
73.1789
73.4737
73.5579
74.5263
74.9895
75.2421
76.0211
76.6105
75.8526
76.5474
76.4421
76.2316
76.4632
75.9158
74.5474
74.2526
73.4947
73.6632
73.6632
73.8526
73.5158
73.2
73.0526
72.5895
72.7368
72.5263
72.0842
71.7263
72.0632
71.7263
71.9579
71.9789
71.7895
71.5579
71.6211
71.5368
72.9474
75.0737
77.5368
79.2421
79.8947
77.8737
74.1895
72.3579
72.5263
72.2105
71.9158
72.6526
73.4947
74.7579
75.5158
76.0421
76.7158
74.4632
75.1579
76.0421
75.4947
77.7895
76.5684
75.9368
75.5158
74.8632
75.1789
75.7895
76.2316
75.9158
75.1158
74.4632
74.9474
74.4421
73.2632
73.0526
73.1579
72.7789
73.7053
73.0105
72.6947
71.8105
71.2
70.7368
70.7368
70.7158
70.8211
71.2421
71.1789
71.0737
71.0947
71.1579
71.0737
71.1368
71.0947
71.1158
71.5158
71.6
71.9789
72.3158
72.6105
72.9684
73.5579
73.5579
73.1789
72.9684
72.8632
72.2947
72.1895
71.7684
71.9158
71.6842
71.7895
71.7684
71.6211
71.2632
71.2421
71.2211
71.3474
71.2421
71.2211
71.0316
71.2421
70.7579
70.4421
70.4211
70.6737
70.6947
70.9053
71.2211
70.7789
70.8421
71.0737
71.0947
70.8632
70.3158
70.3158
70.4211
70.4842
70.3579
70.9053
71.2211
71.7474
72.1684
72.3579
72.6316
72.8421
73.3474
74.2526
74.4632
75.1579
76.0632
75.5368
75.3053
75.9789
75.8105
76.3158
73.4316
73.3263
73.4526
73.8316
74.0842
73.5789
76.8211
76.6316
76.2105
76.0421
75.8947
74.8632
74.4211
73.4105
72.9684
72.3579
72.6526
72.6316
72.6947
72.6947
72.8421
73.3895
73.7684
73.3684
73.7474
73.8737
73.6842
73.8737
74.1684
74.5263
74.6947
74.1895
74.4
74.4632
75.0526
74.6316
74.9474
75.5368
75.5368
75.7895
75.9368
76.3368
75.7474
75.3895
74.8632
73.9158
73.6842
73.7895
73.7474
74.0211
74.4632
74.3579
74.5895
74.0211
73.1368
72.5474
72.9684
73.3053
73.8526
73.8526
73.2842
72.9053
71.8526
70.8632
70.9474
71.3684
71.3895
71.3684
71.6421
71.3474
71.5158
71.8105
71.9579
72
72.2105
72.5895
72.6316
72.6105
72.3789
72.5474
72.6737
72.5895
72.5684
72.8421
73.9789
74.1263
75.0316
75.7684
76.3789
75.7474
75.9368
76.5684
77.0737
77.4105
76.8211
76.9474
76.1474
76.0211
75.6
75.9158
75.2632
75.4316
76.0632
76.5474
76.5684
76.7368
76.2105
76.6737
76.9684
77.7895
77.7263
77.7684
77.9158
77.2842
77.9579
79.0947
77.8737
76.6737
77.8737
78.5053
79.4316
79.6421
79.1789
79.6632
79.6211
75.5158
75.0947
75.2211
74.8211
75.0526
75.2421
75.0947
74.7158
73.8316
73.7474
74.0842
73.9789
74.2105
74.6105
74.4421
74.5263
74.2526
78.0421
76.9263
76.2316
75.4526
74.3789
74.5263
73.9579
74.4421
74.9053
75.7895
76.0842
76.0632
76.0842
75.5579
75.8105
76.3158
77.2
77.9368
78.3579
78.4421
78.4632
77.6632
77.7053