75.7053
75.7684
75.6842
75.9158
76.7158
77.3474
76.1474
76.3579
75.9789
75.1789
75.5158
76.4421
75.9158
75.0526
73.9789
75.3684
73.8526
74.5053
73.7895
73.7474
73.8105
73.9789
74.6526
74.4421
74.1474
74.5684
75.6632
75.7895
75.7474
75.6632
75.7263
75.1158
74.4
74.4
74.3158
74.3579
74.3579
74.1684
74.1895
74.5684
74.9263
75.5158
75.5789
75.9789
76.8842
77.2842
77.7895
77.3474
76.5263
76.5263
76.1263
74.4421
73.9789
73.8947
73.7684
73.7263
73.8105
74.0632
73.6211
73.1579
73.1579
72.9474
72.7368
73.5579
73.6211
73.9158
74
75.0316
75.5368
76.0842
76.6737
75.9158
74.9684
74.4
74.3579
74.9053
75.2842
75.6632
75.4105
75.3263
75.5158
75.7474
74.6316
75.1789
76.1053
76.6737
76.9053
76.2737
76.3158
76.8
76.3368
75.0947
73.2211
72.6737
72.9474
73.3684
73.4316
74.3368
74.6737
75.3895
74.3368
75.2421
75.0316
76.6316
75.8105
75.4737
75.2421
75.0105
75.4737
75.5789
76.0211
75.9368
76.0842
76.1684
75.2
75.6632
75.6211
75.3263
75.4316
75.8105
75.8947
76.1474
76.0632
76.6105
75.8526
76.2316
76.2526
76.1684
76.2737
76.2737
76.1684
76.2316
75.3895
75.3474
75.3684
74.7789
74.2316
74.0421
74.2737
73.5579
73.5158
73.2421
73.5789
73.4737
73.2842
73.2421
73.5368
73.1579
73.3474
73.6421
73.6421
74.6316
75.3053
76.4211
77.4737
77.3474
77.6842
77.0737
75.4947
73.5789
72.8632
73.3263
74.2105
75.3895
77.7263
82
83.2632
83.5368
82.8211
80.8842
79.4947
77.8316
77.0737
76.6947
75.5368
75.0526
75.3895
75.6
75.7474
75.3684
75.9579
75.6632
76.0211
75.6421
76.1263
76.8421
77.0947
76.9053
77.1158
77.7474
77.8526
77.0316
77.3474
76.9474
77.8316
78.0842
78.3368
78.6105
77.8947
77.2211
77.0316
76.9895
77.1158
77.1579
77.7263
77.8316
77.4737
77.5368
78.1053
77.2
77.5579
77.6842
77.8947
78.4
78.5053
77.8316
78
78.1684
78.2737
77.7053
77.2421
76.8842
77.1158
77.1158
77.0105
77.1368
77.3263
77.1368
76.8842
76.7368
76.4632
76.5895
76.4211
76.6526
76.2526
76.8421
76.6526
76.5895
77.3474
78.2316
77.5789
77.9789
77.8105
77.9789
78.6526
78.5053
78.9263
79.2842
79.4737
79.6
78.9053
77.7053
77.0737
76.6316
76.2737
76.5474
76.6737
76.4421
75.7263
76.4842
76.4
77.3053
77.5368
77.4526
77.7263
78.2947
78.4
77.8526
77.4737
75.5789
74.8
74
74.2737
74.6105
74.0632
74.7368
74.9895
75.1789
74.6526
75.1789
75.2421
75.3053
75.8316
75.5158
75.1789
75.4737
76.5895
75.8526
74.9053
74.0842
73.4737
73.6
73.7684
74.0632
74
74.1474
74.2105
74.2737
75.9368
74.9263
75.1579
75.6842
76.9053
75.7895
76.2737
76.0842
76.5895
75.9579
75.3263
75.6632
75.7684
75.6211
75.4105
75.9789
75.6632
74.8
74.5263
73.3263
73.0316
73.5368
73.6
73.2842
74.1263
73.8526
73.7263
73.4316
73.3895
73.3053
73.4947
73.6421
74.1263
74.1895
74
73.8947
74.0632
74.3579
74.9053
74.6737
74.9474
75.0526
75.1789
75.7895
75.5368
75.9368
76.3158
76.5895
76.5684
76.8842
77.3474
77.3263
77.8526
77.6842
77.6421
77.8105
77.7474
77.1368
76.7368
76.0842
76.6105
77.0105
76.4211
76.5474
76.6947
75.8105
76.1474
76.2105
77.0737
77.5158
78.3368
80.3368
81.6421
82.3368
81.5158
79.7895
79.2
78.7579
78.0842
78.1053
78.2737
77.5368
77.3895
77.1158
77.2
75.6
74.1053
73.5789
73.0316
73.2211
73.5158
74.0421
73.8316
74.1474
75.4316
74.9895
74.7579
75.3263
74.8211
75.2
75.1789
76.0842
76.1895
76.7158
76.1053
75.6
75.2421
75.1579
75.6
75.8316
75.5579
75.8947
75.8947
76.1474
76.9474
77.3263
77.4526
76.4632
75.8737
74.9053
74.2316
73.5789
74.1684
74.6737
74.0632
74.3368
74.6947
75.3684
75.6842
75.8526
76.6105
77.6421
77.3263
76.7368
76.7579
76.8632
76.5474
76.7789
76.9474
76.5895
75.1579
74.2737
74.6737
74.5053
74.1474
73.2842
73.4947
73.1789
73.3684
73.5789
73.7263
74.1895
74.9474
75.6842
76.3579
76.0632
76.7789
77.5579
78.1474
77.3053
78.0421
77.0105
76.6316
76.0842
76.6105
75.8316
76.5684
75.7895
75.6211
75.2
75.1579
75.3053
74.9053
75.6842
75.7263
74.7368
74.5684
74.2105
73.7684
73.9158
74.1053
74.1053
74.2526
74.4842
74.4
75.0947
74.7368
75.1789
75.1158
74.8211
74.9684
74.2947
73.8105
73.4947
73.7263
72.9263
72.4632
74.3579
75.1789
76.8632
79.3053
81.6421
83.4947
84.9474
84.5053
85.2632
79.6
85.3474
84.3789
83.3684
82.7368
81.9368
81.6
81.4105
81.5368
81.6842
81.6632
81.2
80.7368
79.7474
79.6
79.2
78.7158
77.8526
76.4632
76.8211
75.6
74.9684
74.8421
74.6947
75.7263
76.6316
76.5684
77.8526
79.0526
80.8842
82.2316
83.3474
85.8105
79.7263
80.9895
80.1263
80.7579
79.4526
78.7158
79.6632
87.0316
86
87.7895
87.3474
87.3053
85.1368
83.2842
80.2105
78.4632
77.9368
78.5895
77.0947
77.9789
78.6947
79.1158
80.4211
81.8526
82.2105
84.4632
85.0105
85.1158
83.6842
83.3474
83.8316
84.5895
84.5895
85.2211
84.8421
84.2737
84.7789
84.9895
84.0211
84.8211
84.5053
83.3474
84.0211
84.7789
84.2737
83.3053
83.2421
84.1895
84.4421
84.4842
83.0737
82.6105
83.0316
84.1684
83.6842
83.1579
82.9895
83.1579
84.2947
84.3368
82.9474
82.0632
82.5684
81.9368
82.1263
82.3579
82.7579
83.2211
83.3895
83.0737
81.7684
80.4
80.7579
80.2105
79.8316
79.5789
78.2737
79.0316
80.0842
81.7053
80.8421
79.4947
79.5579
78.7789
78.9895
78.7579
79.1368
79.8105
81.4947
81.6632
80.2526
80.6316
80.3368
80.3368
81.1368
80.2737
81.9579
83.0947
83.0737
82.0421
80.3579
80.7579
80.6526
79.7263
78.0421
77.4526
77.1368
78.5263
78.5474
78.1053
76.8842
77.8526
77.8105
79.4526
80.1053
82.1053
83.3263
82.8
80.4632
78.6316
76.8421
73.7895
73.7895
74.4211
75.4737
75.4526
75.9158
76.1895
76.8632
77.6421
79.6211
80.4632
78.8
80.2526
78.9474
77.1789
76.5684
76.8
77.5789
76.8421
76.8
77.1789
76.9474
77.4105
76.9474
77.5789
77.0316
76.6737
75.6
76.4421
75.0526
77.0316
76.7789
77.6421
76.5053
76.8211
76.0211
75.3053
75.0737
75.1158
74.6526
74.7368
74.4842
74.9684
76.0842
75.9579
73.6211
74.7789
74.2105
74.3789
75.5789
76.8211
76.6737
77.3053
78.8842
80.3579
78.4632
78.4421
79.3895
79.0526
79.7053
79.7263
79.7474
80.2737
81.4105
81.8316
81.8105
81.1789
79.2
78.5053
75.7263
75.7474
75.3263
75.6632
76.7158
77.6
77.6842
77.4737
77.4316
78.6105
79.4737
79.6632
80.2316
80.1263
79.9158
78.3368
77.4737
77.4526
77.7895
77.3263
77.8526
78.5474
78.4211
77.7895
77.2
77.1579
76.0842
76.2526
76
76.4421
76.0842
74.9474
75.0737
73.8105
74.5053
73.8526
74.3368
74.2526
74.7158
74.6526
74.6316
74.4632
74.0842
73.0526
72.9684
72.8
72.6316
72.5053
72.9263
72.7789
71.5368
71.7684
72.9895
73.2421
73.9158
75.1789
74.8421
73.9789
74.0842
75.0947
74.9474
75.2842
75.3684
74.7579
74.3368
74.5263
74.2526
74.4421
74.1263
73.6211
73.7895
73.7263
73.6632
74.0842
74.2947
74.4421
74.5895
74.4842
74.8
75.0526
75.0947
75.1158
75.5158
75.8947
76.0211
76.2105
77.2632
78.4632
79.0526
79.6
79.0105
79.0105
79.3895
79.7684
80.6105
79.7474
78.2947
78.6526
78.4
79.2211
78.7368
78.2105
77.4947
77.8105
77.7053
77.9158
78.1895
77.1368
76.0421
75.3895
75.2842
74.3368
74.6737
73.9789
73.7895
72.9053
73.6632
73.7053
72.7368
73.9158
74.3789
74.5053
75.6632
77.0737
78.4842
79.7053
81.0947
79.9368
78.8632
78.0421
76.7368
75.2
74.2526
73.6
74.1053
74.5684
73.7895
73.6421
73.0316
73.0947
73.1368
73.3684
73.7895
74.1474
74.5895
73.4316
73.8947
74.3158
74.2105
74.2105
74.0211
74.4421
74.2316
74.6105
74.8632
75.0316
75.0947
75.0316
74.5895
74.8211
74.2526
74.7579
74.7368
75.5579
75.6632
76.0632
76.9684
76.4
76.6316
77.0316
77.5158
78.1263
78.6526
78.6737
78.5684
78.6526
77.8947
77.8737
79.2632
79.0526
79.6211
79.5368
80.2316
81.6421
82.2526
82.9474
78.3158
78.2526
78.8632
79.6421
79.9789
80.9053
81.2
81.3474
81.8105
82.2947
83.1158
83.6632
83.8526
85.0105
85.6
85.7263
86.0632
85.2842
84.8632
90.7579
90.1895
84.5053
89.7684
89.1579
88.8421
88.6526
89.7474
90.5895
84.8
84.6105
90.8632
89.8947
84.0632
82.4
81.8947
82.3579
82.6105
82.8421
83.0316
82.9895
83.6421
83.0105
83.7895
82.5474
83.0105
88.3789
88.7368
82.4842
83.6211
83.5368
83.5789
83.6421
83.5789
83.7053
83.4105
83.9789
83.6
89.5158
89.4105
82.2737
88.6947
87.6211
86.7579
85.6421
85.4105
84.3368
84.5895
84.3579
83.7474
83.2632
82.8211
82.2105
82.0842
82.8632
84.2316
83.3684
83.1789
83.3053
83.2842
82.0632
81.6632
80.3579
80.3158
80.3789
80.7579
80.1895
78.8842
77.9368
76.8211
76.5474
75.1368
75.1789
75.2421
76.0211
76.0632
75.8316
76.6316
77.1368
77.3684
78.3368
80.1474
80.3158
80.5474
80.7368
79.2
79.2
79.4105
78.7789
78.0842
78.7789
79.7053
79.2842
49.4737
50
50.0632
50.2737
51.2421
52.4632
52.3789
51.8737
48.0211
47.6
46.7789
46.0842
44.9895
45.1158
45.6421
46.2526
47.1579
47.7684
47.4105
47.3263
48.4421
49.6
49.5158
49.3684
47.8526
47.0316
48.1895
49.2
49.5789
49.5579
49.7263
50.6737
50.0211
50.4842
51.6211
51.4316
51.3684
51.0316
49.4105
47.4737
44.4842
44
43.4105
44.0421
44.5053
45.0316
45.4105
45.2211
45.8947
46.8842
47.4105
49.0526
49.4105
49.2211
50.0842
51.0947
51.8316
50.3789
48.8421
47.8526
47.7053
47.7895
47.6211
47.0316
46.8421
46.8632
47.2
47.2421
47.4526
47.8316
47.0526
47.4947
48.1263
48.1895
48
48.4842
49.2
49.5789
49.4105
50.1053
49.7895
50.0421
51.6211
52.3579
51.8316
51.9158
51.5579
51.3263
51.1789
51.0316
50.5263
50.3158
50.1474
49.8526
50
49.1158
48.9895
48.3158
47.6211
47.5579
47.3895
47.0737
47.1789
48.1263
47.9158
48.2737
48.5263
48.8
48.8211
49.3263
50.5684
51.6
52.4632
53.3263
54
55.2421
54.6947
53.9789
53.7474
52.8211
51.6421
49.4526
48
46.4421
44.6947
43.5158
42.9895
42.7368
42.8842
42.5895
42.3579
42.2316
41.9579
45.9579
42.1895
43.3053
43.4526
43.1789
42.8211
43.4105
43.5579
43.8737
43.0105
43.8737
43.1789
43.5368
42.5263
42.6316
43.6421
43.6
43.7263
44.2316
48.2526
43.2211
47.4737
42.4211
42.7158
42.7158
41.8316
42.5263
42.5895
43.7263
43.5368
44.6316
44.8
45.0105
44.5474
44.7789
44.4632
44.5263
43.4526
43.6421
43.6421
44.1053
44.5474
44.1263
44.5474
44.9263
43.9789
43.2421
42.9474
42.2737
42.4421
42.5053
42.8211
43.6421
43.9579
44.1053
44.9263
45.7263
45.7684
46.2105
45.6842
45.2
45.0316
45.7263
46.8
47.2211
47.5789
47.6
47.0316
44.5053
43.8105
43.3684
42.6947
42.7579
43.1158
44
44.8211
44.1474
43.9579
44.4211
45.0105
44.5263
42.9684
43.4947
44.4632
45.0947
44.5684
44.4842
44.3368
43.9579
47.8105
48.1474
44.6737
45.3263
46.5053
46.3158
49.4316
43.8737
44.2316
45.0316
45.1158
46.9895
46.7789
47.8105
47.0947
46.6947
46.9474
46.6105
46.7579
47.2
48.0632
48.1053
47.2211
46.3158
44.5263
44.0211
43.4947
43.9579
42.7158
43.2211
43.1789
42.9053
43.1158
43.2842
43.2842
43.7474
42.8842
43.1368
44.0211
44.3789
45.0526
44.5895
45.4737
48.8211
45.6842
45.7474
46.2316
46.2316
46.4632
47.0526
47.2632
47.1789
49.1579
49.5789
50.2947
50.0842
50.8632
50.9895
50.8421
50.4211
49.2421
49.4105
48.8211
48.9474
48
47.6211
48.7579
48.4211
46.8842
45.3474
46.0421
45.5789
47.6
49.2211
48.7368
50.4
50.2947
49.6421
49.7053
49.8947
50.0632
50.4211
50.3158
49.9789
50.2316
49.9789
50.5263
51.1579
50.8842
51.1368
50.9474
51.0316
52.2316
52.5053
51.0526
50.7789
51.1579
51.0316
49.6421
49.1158
47.9789
46.8421
47.3895
46.8632
46.0421
45.0105
45.9158
44.2316
42.3579
43.2842
43.5789
44.4
44.8211
45.0737
45.8105
45.6421
45.7895
45.2211
44.9474
44.6526
44.7368
41.4947
41.4737
44.4842
44.7368
44.4632
44.2737
44.0632
43.6211
44
44.3158
44.2737
44.1895
43.9579
43.9789
44.0632
44.2526
44.2316
44.3368
44.5474
44.5684
44.8211
44.5895
44.0632
44
43.9158
44.3158
44.6105
44.9895
45.2211
45.0947
45.3895
45.1368
49.3053
45.2421
44.7789
44.4
44.3158
43.5368
43.5368
43.6
47.3263
43.2211
42.9895
42.5684
42.8211
42.0632
42.0211
41.8526
41.6632
41.2842
40.9053
41.5368
41.1368
41.1789
41.3684
41.0947
41.0737
40.9895
41.1579
41.6
41.8737
41.6421
41.5579
41.3684
41.6632
41.5158
41.0316
41.3684
41.1158
41.3053
41.4526
41.7474
41.8105
42.0211
42.1684
42.0421
42.4632
42.9474
42.8632
43.0947
42.6105
42.6737
43.7053
42.6105
42.8421
43.4737
42.3579
43.6842
44.8842
44.1263
44.4
46.3368
45.7684
46.0842
47.2
49.0526
50.4421
50.5895
50.6316
51.8105
51.2211
51.0947
50.5474
50.2526
49.1368
49.3895
48.9895
47.8737
48.1684
47.6421
47.6842
47.7895
47.4526
47.4737
46.8
46.8421
47.3263
46.8
47.2
48.4211
48.4421
48.3158
49.0737
49.2842
49.1158
49.8526
50.0421
49.0316
49.0947
49.7895
49.2211
48.3158
47.6842
46.6737
47.2842
46.4842
47.6632
48.2947
48.3789
47.3684
47.5789
47.1368
47.5789
47.4947
48.0842
48.5684
48.4842
47.3263
46.3368
45.7053
45.7263
46.7368
47.4737
49.2421
48.8
48.3368
46.9474
46.3579
46.5895
47.0947
49.1579
50.1684
48.8632
46.9895
47.2211
47.8737
48.3789
50
51.6421
50.8211
49.0526
49.4316
49.7895
49.3263
49.7895
49.5158
48.4632
46.8421
46.0842
46.7158
46.9684
47.6842
48.3368
50.6105
50.2105
48.9053
50
48.6737
49.6211
49.5368
49.4737
49.3053
47.8105
49.6211
49.4947
51.3263
50.7368
50.1474
48.4211
48.2737
47.9158
48.6316
49.2632
49.3684
49.9158
52.2526
53.6842
51.8526
48.2526
48.2947
48.6737
49.2842
51.0947
52.4842
53.2842
54.1895
54.5684
53.8526
52.1053
51.6
50.0421
49.2842
47.7895
46.8632
46.6316
46.5474
46.8
46.4211
46.7579
46.4
45.7263
46.4421
46.7579
46.9053
47.3474
47.1368
47.7895
48.8421
49.3474
50.6316
50.4632
51.3474
51.7053
52.5053
52.5474
52.2947
52.4632
52.5684
52.4842
53.2211
52.1474
51.9789
51.4526
51.2421
51.5789
51.3895
50.7579
50.3368
50.8632
50.2526
50.8632
50.2737
50.4842
50.0421
50.6526
50.4842
50.7789
51.8947
51.9368
52.3579
54.6526
54.5263
55.1368
54.5053
53.0526
52.8
52.4842
52.9895
53.4947
53.7684
53.6632
53.9368
54.1053
53.5579
54.2105
53.8526
54.5053
53.9579
53.3263
54.1053
53.7895
53.9789
53.0526
53.1789
54.0842
53.8105
53.4105
53.0526
52.7789
53.7263
53.9158
53.4526
52.6947
51.9789
53.1158
53.2842
52.8842
52.7789
52.0842
52.2526
53.6421
53.3684
53.4316
51.8316
50.8
51.4737
51.0737
50.2526
50.6316
51.9579
51.6
52.9263
52.4
51.5158
50.2737
49.5579
49.5158
48.9263
49.3263
48.3789
48.1053
48.5053
49.1368
51.2421
50.2737
49.2421
48.5684
48.7789
48.3368
47.7263
48.6316
49.0105
50
51.1368
50.9263
49.6
50.4211
50.0421
49.8947
50.4211
50.1895
51.0947
53.1158
53.1789
52.6737
51.2421
49.8105
50.9895
50.1895
48.5263
48.0421
47.0737
47.0316
48.5474
48.9053
48
46.2737
47.0105
47.4947
47.8737
49.0105
50.2105
51.8737
53.1789
52.3158
51.0947
49.4737
48.0842
45.3053
42.5895
43.6
44.5684
44.9684
45.0316
45.4316
46.4211
47.2
46.8
48.6105
49.7684
50.0632
49.9789
48.9263
48.6316
46.3158
46.4
46.1474
47.4316
46.2316
46.8211
46.8
46.4842
46.2526
46.0842
46.2947
46.6947
45.7053
45.7895
44.9263
45.1158
45.1368
45.8947
45.8316
46.5684
46.2105
45.7895
45.7263
44.5895
43.8316
43.8105
44
43.8105
44.0421
43.6
44.3579
44.9684
46.0211
42.8842
44.0211
43.6211
43.3895
44.3789
45.5789
46.4842
45.8526
46.5053
48.4842
49.5789
48.1263
48.5053
47.9789
47.8947
49.0737
48.6105
48.9053
49.0526
50.3789
51.6421
51.4316
50.6526
49.7895
48.6316
46.2947
44.8
45.0947
44.1263
45.6842
46.5053
47.9158
48
47.3684
47.7684
48.2526
48.9474
50.1263
50.1263
49.6421
49.4737
48.5684
47.1158
47.5368
47.9579
48.7158
47.9158
47.6842
47.1368
46.6526
46.8211
45.6842
44.9474
45.3053
45.8316
45.2842
44.3158
44.2526
43.1579
43.6421
43.3895
43.5579
43.6842
44.2737
44.5684
43.6842
43.9368
43.1789
42.4211
42.2526
42.2947
41.6
42.2316
41.8737
42.1895
41.2211
41.2211
41.8526
42.4632
43.0947
43.8947
43.9579
44.4
43.7684
43.1579
43.2632
44.0842
44.8
45.1158
44.2105
44.5684
44.3579
43.3263
43.7474
43.3684
43.8526
43.4316
43.3474
43.3474
43.4526
43.1789
43.2211
43.7053
44.1895
44.0842
44.0842
44.1263
44.4211
44.6105
44.6316
44.9474
45.2211
46.0632
45.6421
46.1053
47.0947
47.9789
48.9053
48.6316
48.7158
48.7158
49.5789
49.4947
49.9368
48.8842
48.4421
48.9895
48.6947
49.0316
48.2947
47.7474
47.1789
46.9263
47.5579
47.5789
48.3368
47.1158
46.7158
45.6
45.3053
44.9263
44.4211
44.4842
44.6526
44.3579
43.4737
43.4737
43.7474
42.6947
43.7684
43.3053
42.4842
42.7789
42.8632
42.8
43.5368
44.4
44.4632
44.8421
45.7053
46.5053
46.3789
46.1895
47.3263
47.9579
48.4842
48.6316
49.3895
49.6632
49.4947
50.1053
49.9158
51.1158
51.0316
51.1158
51.0316
49.6632
47.7263
46.8211
45.8737
45.3895
44.4842
43.8947
43.6632
43.1789
43.1579
42.9474
42.7158
42.8421
43.0947
43.2421
43.5579
44.0842
43.4526
44.4632
43.3895
44.0421
43.4316
43.7053
44.1263
43.3474
43.7684
43.9789
44.1474
44.9053
44.2316
44.3368
44.9684
49.3053
45.3474
46.0211
45.1158
45.5158
45.2421
45.0316
44.9263
45.6421
44.9474
44.9474
46.3579
45.8316
45.4316
46.2737
46.8
45.8526
46.5474
46.7368
46.8211
46.2947
46.3579
46.8211
47.1158
46.3789
46.5474
45.7474
46.0211
46.9684
45.9368
45.2421
45.1579
45.3263
45.8737
45.6
45.5579
46.2526
44.6947
45.0737
44.4
44.7158
45.1368
45.0947
45.2211
43.7895
42.9474
54.4842
54.9474
54.1263
53.3263
53.3895
53.2632
53.1789
53.4105
53.8526
54.0421
54.4842
54.4211
54.8421
55.2211
56.8421
56.3789
56.1895
55.5789
55.7474
55.3684
54.8211
53.9158
53.5368
53.5158
53.9158
54.2316
54.4842
54.3158
54.7158
54.6947
55.5158
55.8737
56.1895
55.7895
55.5368
55.6
55.7684
55.8737
56.2105
56.2105
56.1895
55.1368
54.3789
54.2105
54.2526
53.6211
53.9789
53.9368
53.7684
54.2105
53.7263
52.9895
52.0211
52.3158
51.8526
51.8105
51.5789
51.6421
52.0211
52.1474
52.0842
52.5053
53.1579
53.3474
54.1684
55.2842
56.4632
57.7474
59.1579
60.4632
61.7474
62.6947
63.0737
62.9474
64.2737
65.0105
65.2632
65.4105
63.7895
60.6947
59.6842
59.2
57.8947
57.8105
57.0105
55.1158
54.0211
52.4632
52.4842
52.5053
51.8737
52.4421
51.6842
51.5789
51.9789
52.5474
53.1579
53.3474
53.4105
53.5368
54.6737
55.7895
55.2
55.7895
55.4947
55.3263
54.8842
55.2211
55.6842
56.2947
55.8526
55.4526
55.3684
55.0947
54.6947
55.3263
55.4105
54.9684
54.8
54.6737
54.2737
53.9789
53.7474
54.1684
53.8105
53.9368
54.2737
54.3789
54.2316
53.9368
54.1684
54.0632
54.3158
54.2737
53.9789
54.3158
54.9053
55.2842
54.9053
54.8211
54.6316
55.1158
54.8632
55.1158
54.7368
54.7368
54.6737
54.6105
54.5474
54.5474
55.3895
55.2421
55.2842
55.9368
55.5368
55.7474
56.4842
56.6105
57.3053
57.7474
57.5368
56.4842
56.5474
56.9474
57.4526
56.6947
55.7053
55.6421
55.3684
55.0526
55.1368
54.6105
53.8526
54.3789
53.6
53.6632
53.8526
53.4316
53.5579
53.4947
53.1789
53.2421
52.9053
52.6737
52.3158
51.8526
52.0842
52.4211
53.1368
53.3053
53.2632
53.6
54.4211
54.7368
55.2632
56.1895
57.4737
56.0421
55.2632
54.4842
54.1053
54.4842
54.8211
54.7789
55.6421
55.5579
55.2632
56.1053
55.6211
54.6947
55.6421
56.4632
56.9263
56.9053
56.4842
56.5053
57.2211
55.7263
54.3789
52.6105
52.2737
52.6737
52.8632
53.9368
54.2947
54.3368
55.3053
54.2316
55.2632
55.2
56.5474
55.0316
55.0105
54.9053
55.1158
55.2632
55.4947
55.4947
55.4737
56
56.0842
55.4526
55.3263
54.9895
55.3263
54.4
54.7368
55.4105
55.0526
55.5789
55.6
56.3789
55.5368
55.9579
55.8105
56.8211
56.3789
55.5789
56.6105
56.5053
56.0211
54.9474
54.4421
55.0947
54.4
54.2737
53.8737
53.8526
53.3474
53.1579
53.4526
53.5789
53.7684
53.4947
53.8316
53.9368
53.7895
53.4316
53.6
53.0316
53.2
52.9053
52.9263
53.2211
53.3474
53.6211
53.5368
53.4737
53.9158
54.3368
54.5895
54.5895
54.4842
54.8842
56.2316
56.5263
57.6421
58.1474
59.1368
59.3895
60.4421
59.9789
59.3474
59.1579
58.0211
58.0842
57.2842
56.7368
56.2526
56.1474
56.0632
55.8105
55.7053
56.0421
55.2421
55.4316
54.9053
54.8421
54.3789
54.6526
54.3368
54.2947
54.1895
54.5684
54.1263
53.8316
53.7053
54.1053
53.7263
53.4316
53.4316
53.8947
54
53.8947
53.6632
53.2632
53.2842
53.6211
53.2
52.2737
52.9895
52.5684
52.4632
52.1684
52.2316
52.4842
51.6
51.2632
51.5368
51.4316
51.6632
51.7895
51.7053
51.4947
51.7053
51.7263
52.0421
52.2947
52.7789
53.4105
53.6842
53.9579
53.9579
53.5158
53.5368
53.5789
53.8737
54.4842
53.2
52.9474
52.5053
51.6421
51.3474
51.8737
52.4632
52.6947
53.2842
53.4105
54.0211
53.8316
53.5368
53.6842
53.7684
53.3053
52.8211
53.1579
53.5579
53.4105
52.5263
52.3368
52.5895
52.3158
52.6737
53.4526
53.1368
53.3895
54.1684
54.0421
54.0842
54.0842
53.8105
52.7158
51.8737
51.4947
52.0632
51.6842
51.2421
51.2421
51.6211
52.4632
51.8105
52.2316
52.4842
52.5474
52.8632
53.9789
54
53.9158
53.9789
52.2526
52.3158
51.9158
51.9158
51.7053
52.1474
51.7263
52.9895
52.9895
53.0947
54.0632
54.4
55.6421
56.6105
57.4737
58.9263
60.6526
60.6737
59.6211
57.8737
56.6526
55.9789
55.1579
53.9789
53.6
52.9684
52.3158
52.4632
52.5263
52.6105
53.4316
53.0737
53.4737
53.2632
53.2632
53.7684
53.6421
54.0632
54.1053
53.7053
53.4947
52.8632
52.8421
52.4
52.2526
52.2737
52.1263
52.3158
52.0842
52.4842
52.2316
52.1684
52.2526
52.0421
52.4211
52.6316
52.6316
52.8211
53.2632
52.9895
54.5263
55.2842
54.3579
54.4632
54.1053
54.6947
54.9053
55.3895
54.9684
55.1158
55.6
55.4105
55.8947
56.7789
57.3895
57.4947
58.1684
57.8947
57.6421
58.1053
57.3895
57.4947
57.4316
58.1053
57.6842
57.6632
58.2316
59.5579
58.2737
58.1053
57.8105
57.3053
58.2316
57.0737
54.8
52.9684
52.5053
52.1684
53.9789
53.4947
53.2421
55.1158
54.2947
55.0947
55.6421
56.5053
56.0211
56.9474
56.6526
56.1263
55.9579
55.9158
57.0737
57.4105
58.4421
60.0842
59.4526
58.9474
58.5895
57.8316
58.4
57.3684
56.8421
56.3368
56.1895
57.7895
58.1684
55.0526
53.7474
53.8947
54.9895
55.0947
54.0632
53.2
52.2947
53.0316
51.8105
52.7579
51.4105
51.6211
51.9789
52.7789
52.8842
53.8526
53.6632
53.9579
53.3263
53.5789
54.1263
53.8526
53.5368
54.4632
55.1158
55.9789
56.4632
55.5368
56.0211
54.4211
53.8316
55.0737
54.3579
54.6105
54.7579
54.5263
53.4105
53.4947
53.8947
53.9789
54.9263
54.8632
54.9895
54.6316
53.8105
52.8842
52.1474
52.4
51.4947
72.0632
72.3368
72.1474
72.3579
72.5053
72.3368
72.6316
72.6105
72.8842
72.8842
72.8842
73.1158
73.1368
73.2632
73.4316
73.3895
73.7895
73.7053
73.7684
73.5579
73.6421
73.0316
72.8421
72.4211
72.2947
72.4
72.1474
71.6211
71.5158
50.4
50.6526
50.5474
50.2526
50.4842
50.6737
51.1158
71.6421
71.5789
51.1368
71.3053
71.9579
52.0211
52.8632
54.4
54.8211
57.9158
57.9789
58.1263
60.9263
61.0526
61.5158
61.0737
62.4842
61.8105
62.3368
63.0316
62.7368
63.0105
63.0737
62.8842
63.1579
63.0526
63.4316
63.7474
64.0211
62.6316
63.5368
63.6211
63.9368
63.2632
63.0947
62.6526
62.5684
63.8316
63.8737
63.2
62.0632
61.6421
61.7895
62.9895
62.5895
63.4737
63.8105
64.8421
64.2947
63.3684
62.8211
63.0105
62.4632
62.5684
61.8316
63.3263
63.3053
63.4105
63.3263
63.0105
63.2632
63.5158
63.5789
64.0211
63.7684
63.0947
62.6526
62.4842
61.8316
61.8105
62.7579
65.2842
64.6526
62.9474
62.7789
63.4105
63.6
63.2
63.1158
62.6947
62.1895
61.1368
59.3263
58.7158
58.6526
61.0947
61.1368
60.7789
60.5895
60.6105
59.8947
60.1474
60.5474
60.6105
61.4526
61.7895
61.6
61.6842
60.9053
61.0105
59.9789
59.8526
58.2316
58.1895
59.2632
58.8421
58.8211
58.9053
59.5789
60.2947
60.8
60.6105
62.0211
62.7789
62.9684
62.6737
62.6316
62.6737
62.0632
61.1368
61.1579
60.9895
60.6526
61.0316
59.3895
59.7895
59.5579
59.6842
59.2421
60.0632
59.4316
60.0211
60.7789
61.8105
62.3368
62.4632
64.1684
64.8632
64.8632
63.7895
63.2632
62.0842
62.6526
63.7895
64.4842
63.2421
64.0632
62.9263
62.4
62.5474
60.9895
60.8632
60.2947
61.5368
60.0211
59.7474
60.6737
61.9368
61.7053
61.4526
61.3684
61.8316
62.5684
62.8421
63.7684
63.3895
62.8632
62.3368
60.8842
59.7263
59.8947
59.8947
59.8947
59.6421
58.5474
57.4947
57.5579
56.9895
56.5263
56.5263
55.6421
55.3684
54.9263
54.8
54.9474
54.5263
54.4421
54.7368
54.5474
54.4
54.4842
54.6316
55.0105
55.3895
55.7474
56.3789
56.9263
57.1579
58.3158
59.0316
60.2737
60.9053
62
63.1789
63.1579
62.7579
62.8211
62.6316
63.4737
62.1053
61.5579
60.7368
60.3579
60.9263
60.8842
61.3895
61.7053
62.4632
63.0316
63.2842
64.4421
64.9895
64.9053
64.9474
65.2842
65.1368
64.3158
63.2
63.5789
63.2211
63.8947
63.5789
64.6737
64.3368
62.8
62.7158
61.2
61.8526
61.8316
62.6526
61.3895
60.4
60.9263
60.9263
62.2737
62.9053
62.6947
63.4737
64.8211
66.4211
66.4632
66.4421
65.6211
65.2842
64.5684
63.0947
63.4526
63.9579
64.6526
65.4316
64.7579
65.0737
65.0105
64.5053
64
63.3474
62.8
63.3474
63.0737
62.8
62.5895
61.5579
59.8316
59.6
60.1895
60.8211
60.6105
59.3053
60.1895
61.6211
61.6421
61.5158
60.6947
60.7368
60.2316
60.3158
59.9368
60
60.8211
61.3895
60.7789
60.7158
60.5895
59.3263
59.5158
59.6842
60.3368
62.1684
61.8526
61.0947
60.4632
60.3368
60.0842
59.0316
59.2421
60.1895
60.2947
61.0316
60.7789
60.4
60.5263
60.1474
58.8421
58.3789
59.0526
59.9368
60.7368
60.0421
60.2737
59.7263
58.9895
58.8421
58.2737
59.0526
59.5579
60.1684
61.0316
61.3263
61.7684
62.5263
62.3579
63.1158
63.3053
63.4526
62.4842
62.9684
63.4737
63.4526
63.0526
63.1158
64
64.5684
65.3684
66.1895
66.6947
66.4842
66.8211
66.6737
66.5474
65.8316
66.4211
65.7053
65.0316
64.7579
64.4211
64.4211
64
63.8526
62.6105
62.2105
61.5368
59.9789
59.9789
61.8526
61.3263
60.8
59.6842
59.2
58.6947
57.7263
58.8421
59.4316
59.8737
60.9053
61.7474
62.1684
62.8211
63.4105
64.9895
64.7158
63.5158
61.3263
61.7474
61.1789
61.2421
61.1158
61.5789
62.1895
63.2632
63.8105
62.9684
62.2737
61.1789
59.3895
59.6
60.5474
59.5158
59.1368
58.4211
57.0947
56.9895
57.7474
58.2105
59.6
59.7263
61.6842
62.4
61.7263
61.2211
61.4526
61.0947
60.9895
62.0632
61.8737
61.2842
58.4421
57.4526
57.3474
58.6947
58.4842
57.3263
56.2737
55.7895
55.2211
55.0947
56.1263
57.3263
57.4316
58.0211
58.2526
58.9474
59.1158
58.9474
59.0526
58.6947
58.4632
58.1895
57.7895
57.4947
57.4737
57.3474
57.0105
56.5684
56.7579
58.0421
57.7053
58.1895
58.6316
60.2316
61.1158
61.5158
62.4421
62.6947
62.4632
62.5684
62.7368
61.7684
61.7474
61.4526
61.4947
61.1368
61.5579
62.1263
62.0421
61.7895
62.4842
62.7158
63.0526
63.0105
62.9474
62.6316
61.8737
60.4211
59.5368
59.2632
58.8632
58.1684
57.6632
56.7789
57.6
57.4105
58.6737
58.8211
58.2947
57.0316
55.8526
55.1579
54.4842
53.7053
53.0316
51.8105
51.2632
51.0947
50.1684
50.0421
50.0421
49.7263
49.7474
49.9368
50.0211
50.5684
51.2211
52.2105
52.4
53.0947
54.6316
54.7368
54.5684
54.3789
53.9158
54.4
55.0526
54.8211
54.6947
55.3053
54.7368
53.9789
54.2947
53.7263
53.6842
54.1053
53.6211
53.2632
52
53.2211
53.8105
53.0105
52.8842
53.1368
53.1789
53.0737
52.9895
52.8
52.9474
52.8842
53.3684
53.8737
54.2526
54.0421
54.0211
53.2842
53.5158
53.6842
53.7053
53.3263
53.8105
53.1368
53.7053
53.8526
54.5684
54.4842
55.3053
54.9684
56.0211
55.9368
56.7368
55.3474
55.3895
55.5368
54.9684
53.3895
52.4211
52.3789
52.6947
52.4421
52.8421
52.6947
53.0316
52.1684
52.0632
52.1263
51.8316
52.1053
52.7789
52.8211
53.1789
53.8526
54.4632
55.8526
55.0526
54.4632
53.3684
53.1789
53.7684
54.1895
54.5474
54.6316
54.5263
55.2
54.2947
54.4421
54.4632
55.0316
55.7053
56.5053
56.4211
55.8737
55.3263
54.2737
55.9158