9.58031
9.6682
13.7552
16.1064
15.9965
20.0396
18.6552
15.535
15.1835
15.3373
12.4368
15.1395
15.3593
16.8095
13.1619
15.6669
17.3149
21.3579
20.3911
17.8642
16.37
12.9202
15.2714
14.0848
13.931
18.9848
17.3149
20.7866
23.5113
23.0499
23.1597
23.0499
11.9974
11.2722
12.4149
13.5575
15.535
14.9198
19.1826
22.0171
23.4893
22.3687
23.5113
17.9521
13.7992
15.5131
13.4696
14.722
15.0516
15.0297
14.4364
15.9525
17.5346
18.2377
17.2929
13.3817
13.2498
10.9646
11.8216
11.6018
13.8651
13.8431
17.5126
18.9189
19.3144
21.3579
17.8862
13.6454
14.5682
23.0719
21.8853
18.04
28.9387
15.9525
17.183
20.3691
20.0396
15.4032
21.7974
26.7414
35.2011
40.0571
35.3549
33.4652
37.2665
40.0791
41.3975
42.3204
46.4294
43.1114
39.7935
35.6625
34.5638
31.7073
33.7508
29.0705
37.3984
40.9141
40.3428
44.1002
36.5634
32.4105
30.4768
27.2028
29.6638
28.7849
32.3006
33.1575
33.5091
28.2795
25.6867
23.0938
24.1925
23.4234
19.5561
16.3481
19.9517
23.7091
21.8853
16.4799
13.6673
20.6109
17.0073
11.5579
11.6897
15.9525
18.9629
21.0064
21.5337
30.0154
33.1575
34.0365
37.9697
37.9917
28.6311
26.8512
28.675
25.3131
20.1934
19.1387
18.5014
22.0831
22.171
20.5449
25.1593
34.0804
35.1132
33.4652
34.0365
35.4208
31.4217
29.4001
22.4346
27.2468
29.1145
29.0925
36.4755
38.1015
39.8374
34.5638
27.9279
25.9943
16.1064
20.2153
21.7535
22.4786
23.3136
28.2356
37.5082
38.9365
37.5742
36.1679
29.0046
24.6979
16.2602
22.8301
19.2265
17.0292
20.9624
17.0073
18.8969
26.3239
34.1463
36.7172
40.8701
42.628
39.7715
42.1006
44.8253
46.8468
50.011
47.7258
43.441
41.1997
41.002
45.9899
50.9998
55.5043
58.4267
57.1962
54.5814
50.4065
48.9343
48.4729
43.5289
44.4298
38.9145
37.1567
41.3535
39.8154
37.5742
36.6073
29.1145
20.6548
22.105
24.2804
20.3032
35.6405
39.9033
52.2742
59.042
55.8559
70.2703
62.8653
70.9734
70.512
70.1165
70.8635
68.4025
70.1384
67.238
71.0393
70.0945
71.2151
72.2259
72.0721
72.0281
71.5447
71.0174
70.7097
70.6218
70.9295
71.0393
70.9954
70.9295
71.1053
71.5667
71.7205
71.8743
71.9402
71.9402
72.7752
72.16
71.9402
71.6546
71.5227
71.1272
71.6766
71.8743
72.094
72.8851
73.1488
73.1048
73.5223
73.8299
70.0945
62.5137
62.3599
66.5788
64.1617
73.1488
73.1927
73.4344
73.3905
73.8299
73.4124
73.4564
73.4124
72.9071
72.7972
72.3577
71.9183
72.0721
71.6985
72.0281
71.6326
71.6106
71.8084
71.8084
71.9183
72.0721
71.7644
72.0501
72.0501
71.9183
72.6873
72.6214
72.8411
73.2147
73.0609
73.2806
73.0169
73.3026
73.2586
73.4344
73.1268
72.7313
72.2698
72.2698
71.7644
72.0721
73.1048
73.5662
73.2367
73.6761
73.6541
74.4891
74.4672
75.1263
75.5658
76.6864
78.1806
79.3013
80.2241
80.3779
80.7075
81.2129
81.1909
81.3448
80.5318
79.6089
78.8178
79.7847
80.0703
81.0591
81.0152
81.0152
81.147
81.0371
81.6963
81.5425
80.8394
81.3667
81.8501
80.6636
79.3452
79.0376
78.9936
77.829
77.2138
77.7851
77.4555
78.5322
79.2573
79.8945
79.4551
78.7519
77.2358
77.06
76.1371
76.4008
76.1151
76.9721
78.0268
79.0156
80.4878
79.8945
78.3784
76.5107
75.8295
76.269
76.3788
77.4116
77.4775
77.9609
77.9609
79.2134
79.0156
77.1039
76.1591
76.0932
76.1151
76.4228
76.7304
78.0488
78.664
82.0918
81.4107
79.6309
78.1367
76.4887
76.2909
75.9394
76.9281
77.2138
78.6201
80.6196
81.5205
81.5865
80.29
80.0264
79.8066
79.8286
80.4219
80.4439
76.4887
79.0815
75.0165
80.4439
80.1362
78.3125
77.9169
77.6533
77.6313
78.3784
80.8174
77.7412
77.9609
82.8609
80.4219
78.4443
77.2797
76.9941
76.7524
77.016
78.0268
78.9497
79.6309
80.6416
81.3667
82.2457
82.4214
80.9932
78.5981
76.4667
76.8842
76.9501
76.7743
76.3349
76.5546
76.4887
76.5985
76.7084
76.7743
76.7743
76.5546
76.3788
76.7963
76.7743
77.2358
77.1259
77.4335
77.829
77.9389
78.2246
78.2905
78.2246
78.2905
78.1586
78.3564
78.9936
79.2353
78.9277
78.9936
78.9717
79.3452
78.708
79.0815
79.4111
79.2353
79.3452
79.4551
79.8726
79.2573
79.1035
79.4551
80.7295
82.0699
81.2788
81.7623
82.004
81.8501
81.0152
80.5537
79.3013
81.8282
82.751
79.4331
82.6632
81.4986
82.0699
81.3448
80.3999
80.334
79.7407
77.829
78.7739
79.2573
80.4219
80.9932
82.3995
78.6201
81.3228
78.3784
78.2026
78.1586
77.5434
78.7959
79.5649
76.7743
70.8196
76.3349
82.4654
82.1797
81.1031
79.7407
79.9604
80.2022
81.3667
83.0587
83.9376
81.6524
80.2461
80.5318
79.2573
78.708
79.3013
79.543
80.4878
81.4546
81.3228
79.5649
78.686
78.2685
77.4116
76.8842
76.9281
78.0268
80.3779
82.0259
80.8174
79.8066
79.1255
78.9936
78.8398
79.0376
79.1914
80.4878
81.2129
81.96
80.334
79.6748
79.2793
78.3344
77.6093
76.7524
78.0048
78.0927
80.0703
81.8721
80.7075
78.7959
77.9389
76.5766
76.0932
75.5658
75.8734
77.5873
79.2793
81.125
81.7842
79.1694
78.3125
77.1699
76.2909
76.4447
76.9941
78.8618
80.0483
81.7623
80.9273
80.0483
77.5434
77.873
76.6205
77.2138
78.4004
80.29
81.6524
82.751
80.6636
78.2026
78.2465
77.4995
76.4008
77.082
77.7851
78.8178
81.0811
82.5753
80.5977
78.4004
77.2577
76.7963
76.1371
76.269
77.7412
79.4111
81.169
81.147
79.7407
78.9717
77.3237
76.5546
76.0053
77.1699
77.9609
79.1914
81.6963
83.3223
80.7295
78.0927
77.6533
76.8842
76.4008
77.5654
77.851
79.477
81.5425
83.2564
83.0806
80.8174
77.9609
76.9941
76.0272
75.9394
76.4447
77.7192
79.1914
80.8174
81.0811
79.3891
77.1479
77.3456
76.4667
76.0272
76.6425
77.5654
77.9609
79.8945
81.8941
84.421
83.5641
81.2788
80.1802
79.6528
79.6528
80.1362
80.9053
81.5865
82.3116
82.8389
82.6632
82.3775
81.8941
79.4111
77.4775
76.5546
75.39
75.6317
75.6098
76.0053
75.6757
75.4779
74.9286
74.8187
74.8846
74.7748
74.3793
74.4452
73.808
74.3573
73.9618
74.1595
74.3133
74.6869
74.2254
74.5111
74.7308
75.6317
76.203
76.4447
76.3568
75.9613
76.0712
75.5658
75.4999
76.0492
75.4999
75.4559
75.412
75.9613
75.3461
73.8739
73.9618
74.6429
74.4672
73.8519
73.4784
75.0824
74.8187
74.2694
74.2254
74.7308
74.555
73.2806
72.9949
72.4017
71.3909
72.1819
73.2367
74.1595
76.0492
76.9062
77.4555
77.082
76.4008
75.4999
74.7528
72.973
73.2147
72.7752
72.9071
73.1048
73.9398
74.0936
75.9394
76.5326
77.4555
78.5542
79.0376
77.5654
75.39
74.0716
73.6761
72.5775
72.9949
73.2367
74.2254
75.8734
76.5107
77.1479
77.1918
75.9833
75.2582
74.5331
73.8519
73.6761
73.4564
74.7089
76.0712
76.9062
77.5214
77.6752
74.2035
73.0389
73.1707
73.2147
74.4012
76.7524
77.7412
77.6972
77.6533
75.412
75.6976
73.6541
73.6761
75.1483
76.3349
77.6313
78.5542
78.5102
76.0272
75.1483
74.4232
74.7089
75.0385
75.8515
77.3896
78.4882
78.686
76.8622
74.9286
73.7201
73.1488
73.3245
73.2586
74.5111
76.0272
77.4116
77.082
75.2362
73.9178
73.6541
72.8851
73.6322
73.9178
75.1263
76.3349
78.3125
78.3344
75.3681
74.8846
73.4344
73.9837
74.599
75.4559
76.7743
78.4443
78.5981
77.4555
73.808
73.7201
73.3245
73.9837
74.3573
74.9725
76.6864
78.5761
78.9497
78.5761
76.7963
75.1923
74.7089
74.6429
75.4779
76.5985
77.6093
78.0268
78.9936
78.1147
75.9613
74.6869
73.2586
73.3026
73.2586
73.3245
74.7748
76.6205
77.9609
78.2685
76.5546
74.7308
74.4452
74.0277
74.0277
75.0824
76.7963
78.7739
75.5878
69.5232
79.521
76.5326
75.39
74.577
74.4891
75.0165
76.3568
77.6533
78.9936
77.4116
67.0182
69.5012
76.2909
75.3241
74.2254
73.2586
73.742
74.2254
74.9286
75.7416
76.7963
78.0708
76.6205
75.0604
74.4672
74.0716
72.973
73.5882
74.1376
74.9725
76.1591
78.0708
79.1694
78.8838
76.8842
75.6757
75.2802
73.9398
73.5882
73.764
74.2254
74.8187
75.8295
76.5326
76.9721
77.3896
74.8846
73.4344
73.1707
73.0169
72.4896
72.8411
73.2806
73.2147
72.5115
72.4676
71.4568
71.5447
71.6326
71.6106
71.3909
71.4788
72.0281
72.2918
71.6985
71.9402
72.6653
72.4236
73.0389
72.7752
73.4124
73.1707
73.3465
74.0277
74.0716
74.9066
75.1923
74.8187
74.577
73.808
74.599
74.4012
75.4779
75.9174
76.8622
77.851
78.5102
79.8506
78.8178
75.4999
75.0824
73.6102
73.6322
73.742
74.3133
75.0604
76.7304
78.4223
79.5869
78.6201
76.5107
74.555
73.5223
74.1156
74.4012
75.434
76.8403
77.4775
79.3672
79.3013
76.9721
76.203
75.1483
74.0497
74.0277
74.0936
74.599
76.0932
78.4882
80.1143
79.1694
77.829
74.577
74.0057
73.2806
73.8299
74.4232
75.8515
77.5654
79.4551
81.125
79.1914
75.8295
73.6541
72.7972
72.4236
73.1707
73.5003
74.7528
76.5326
77.1918
79.3672
78.2465
75.4999
73.5003
72.2039
72.2918
71.9842
72.2479
72.094
72.9949
73.6322
74.2914
74.9725
76.203
76.4887
76.8183
75.2362
73.4784
72.6434
72.16
72.0062
72.1819
72.2479
72.3358
72.5555
72.5335
72.9071
73.0169
73.5223
74.2694
75.39
76.8403
77.6752
78.9717
79.1914
77.9829
75.8734
73.5882
72.2039
71.4348
71.4568
71.281
71.303
71.3689
71.0613
71.9622
72.0062
72.3577
72.4456
72.9949
72.973
72.8411
73.0609
72.5555
72.3358
71.7205
71.2591
71.2371
71.3689
71.1931
71.4568
71.325
71.6985
71.8304
72.3358
72.5775
72.973
73.4344
73.764
72.951
72.5775
71.9622
72.116
72.2259
72.2918
73.2806
74.1156
73.8299
74.7089
73.8519
73.9398
73.8958
73.6981
74.0497
73.7201
74.1376
73.764
74.7308
74.4672
74.5111
74.6429
74.6429
74.8627
74.7308
74.5111
73.9178
73.5443
74.0716
73.9837