74.1815
73.2147
73.3465
72.929
72.2039
72.0062
72.4456
72.3797
72.2698
72.138
72.0281
71.6106
71.2151
71.4348
71.5008
71.4568
71.6985
71.7425
71.7425
71.7425
71.6326
71.3909
71.7205
71.8084
71.5447
71.5667
71.7205
71.7864
71.9622
72.1819
72.2039
72.3358
72.0721
72.3577
72.7752
72.2479
72.3358
72.2479
72.116
72.4896
72.138
71.5008
71.9402
71.9622
71.9402
71.6546
71.7644
71.8963
72.138
72.094
72.2039
72.4236
72.4676
72.7532
72.3797
72.5335
72.6434
72.3138
72.2479
72.7972
72.4896
72.3577
71.9842
72.2479
71.9842
72.5115
72.5335
72.6214
72.4456
72.4017
72.6434
72.4456
72.951
72.8851
73.3465
73.1927
73.5443
73.9837
74.3133
74.7308
75.0824
76.1591
76.4008
76.7524
77.2138
77.4555
77.5873
77.3456
76.7743
76.6205
76.4008
73.8299
74.7748
76.1591
76.9721
77.895
78.0048
78.5542
78.3564
76.8183
76.7304
76.3568
77.06
77.4775
77.9829
78.6201
79.0815
77.7192
77.4995
76.1151
76.5546
76.5766
76.6205
76.4008
75.6976
76.4228
75.9394
75.9833
75.5438
74.6869
73.9178
73.2367
73.2806
73.3245
73.1488
73.5003
73.1488
73.6761
72.9949
73.3245
73.1268
73.5443
73.6981
74.0057
73.6981
72.973
73.5882
73.5223
73.5662
73.2147
73.4124
73.3685
73.1268
73.6102
74.0497
73.2367
73.1268
73.5003
73.9178
73.9837
73.9837
74.2694
74.3793
73.8519
73.5443
73.9178
73.742
74.5111
74.7528
73.9398
73.2367
73.1707
74.1595
74.0277
74.1376
75.1044
75.2582
74.9286
74.4232
73.8299
73.764
74.2254
74.1815
74.5331
73.6102
74.0057
73.3685
73.1048
72.7972
72.7972
72.16
72.0501
71.7864
72.16
72.5115
72.4896
72.5994
72.6214
73.0828
73.3026
73.0609
73.3465
73.3026
73.5003
73.7201
73.7201
73.786
74.1815
74.2035
73.8739
72.6214
72.0062
73.786
73.0169
72.7532
72.951
73.3685
72.8851
72.6214
71.9622
72.8411
73.6541
71.7425
72.094
72.3577
72.5775
73.808
73.9837
73.0828
72.8631
73.2367
73.786
73.6981
73.1048
72.8631
72.5555
72.1819
72.4896
72.138
72.4236
72.2479
71.9842
72.4236
72.7972
72.5775
72.0501
72.0721
72.116
72.3138
72.7313
73.2586
73.786
73.4564
73.3905
72.929
72.7532
72.6214
72.6214
72.4236
73.2367
73.3685
73.0609
73.4784
73.6322
73.5223
74.0716
73.6322
73.9178
73.5662
74.3353
73.742
73.0389
72.6873
73.1048
73.2806
73.0389
73.0609
73.5662
74.7748
74.0057
74.7748
75.5219
75.412
75.8734
75.5219
76.0932
76.0492
76.269
76.1591
75.7855
75.5878
74.1156
73.6761
73.2806
73.1707
73.9618
74.2474
74.2694
74.7308
74.0936
73.9178
74.1376
74.3793
75.0165
75.39
75.7855
74.8846
74.621
73.9398
73.0169
72.7972
73.3026
73.6981
74.2914
74.7308
75.3461
75.7416
75.5438
75.9833
75.9833
76.4667
77.1039
76.0932
76.5985
75.9174
76.1591
75.4559
74.577
74.599
76.0053
77.082
76.7304
76.5107
76.269
75.1263
75.6098
74.1595
75.0824
74.8407
75.2142
75.6098
75.7636
76.225
75.3241
75.7636
75.4559
75.1703
74.3793
74.0497
74.599
74.3793
74.7308
74.9066
74.7308
74.4891
73.9398
73.3685
73.764
74.1595
74.4232
73.8299
74.1595
74.4232
73.8958
74.7748
75.2582
75.5878
75.9174
75.9833
75.2582
75.2802
75.39
74.6429
73.9618
73.3905
73.2367
73.0389
73.4784
72.929
73.0609
73.2367
72.6653
72.3358
73.3465
73.5443
74.0277
74.621
73.9398
73.6322
73.764
73.6541
74.3793
73.7201
73.808
74.3573
74.1815
74.2474
74.599
75.3241
75.4559
74.4891
74.4012
74.0936
74.8627
75.0604
75.4559
74.7308
74.577
74.0497
74.1376
74.4232
73.9178
73.6322
73.4784
73.3245
73.4124
73.742
74.1595
73.9618
74.621
74.3353
75.3681
74.8627
74.8407
74.4891
74.7089
74.5331
74.4232
74.1595
73.5223
72.6214
72.4236
72.2479
72.2039
72.16
72.2698
72.1819
72.3577
72.0721
72.0281
72.4017
72.5775
72.3358
72.1819
72.973
72.9949
73.9398
73.8739
73.1707
73.9178
74.555
74.6869
75.434
75.1263
75.412
75.7636
75.8734
76.225
76.8842
76.0272
75.412
74.8407
74.2914
74.3133
73.9398
73.1927
72.973
72.9071
73.0169
73.2147
73.1488
73.5003
73.0169
72.7093
72.5115
72.929
73.0169
72.6653
73.0828
73.4564
72.9949
73.1048
73.3026
73.4784
73.3465
73.6761
73.786
74.9286
74.8187
74.621
74.7528
74.9945
74.621
73.9178
73.4344
73.4344
72.973
72.8851
72.7752
73.2806
73.0609
73.3026
73.5443
73.8519
73.7201
73.808
73.5003
74.577
73.6541
73.5662
74.0936
74.1156
73.742
74.0716
74.3353
74.4232
73.4344
73.4784
73.6102
73.4564
73.3026
73.5662
73.5443
74.3133
74.7967
75.5658
75.434
75.1703
73.6541
72.6653
72.5775
72.3797
72.6434
72.9949
73.6761
73.7201
73.9398
73.5223
73.1048
73.6322
73.8739
74.621
74.621
74.1815
74.2694
73.7201
73.5882
73.3245
73.1488
72.951
73.2147
72.9949
73.1048
73.1707
73.5223
74.2254
73.9398
73.2806
73.4564
73.8739
74.0497
73.6102
73.8958
72.8631
72.2479
72.4676
72.8192
72.973
72.5335
72.3358
72.1819
72.1819
72.0501
71.8963
71.6985
71.7644
71.6326
72.0281
72.3577
72.094
72.0281
72.1819
72.2479
73.3465
73.786
74.1376
74.7967
75.5658
75.1483
73.0389
72.2918
72.6873
72.6873
72.6653
72.8631
72.6873
72.0721
72.8411
72.7752
72.9071
73.0828
73.3245
72.7313
72.8631
72.929
73.3245
73.3685
73.4564
73.4344
73.4564
73.0828
72.8192
73.1488
72.929
72.2918
71.8963
72.094
72.0501
71.5667
72.0501
72.6653
72.7532
72.7972
73.0169
72.9949
73.2806
73.4344
73.1268
73.0609
73.1927
72.8631
72.973
72.9949
73.0828
73.1927
73.8519
73.3905
74.0057
74.5331
76.9062
75.0385
74.3353
73.786
73.9618
73.1268
72.929
73.0169
72.7532
72.7752
72.4017
72.7093
73.0828
73.2806
72.973
73.764
73.2806
73.5882
73.3685
73.3245
73.3465
73.8739
73.9178
73.786
73.8519
74.2914
74.4012
74.3353
74.0716
74.2035
74.1156
74.3793
74.1815
74.3353
74.3573
74.2694
74.2474
74.4012
74.5331
75.2582
73.2586
74.577
74.2914
74.8846
75.2582
75.6757
75.412
74.8627
74.7967
74.5331
75.0385
75.4779
76.5546
76.1151
77.038
74.9945
74.2254
74.1815
73.8519
73.786
73.8958
74.4232
74.4452
74.7528
75.6317
76.0712
76.4887
75.1263
74.9945
75.3461
74.3793
75.0385
75.5219
75.4559
74.1815
75.5219
75.0385
74.9066
75.412
75.7855
75.9613
76.2909
75.9394
74.9725
76.2909
75.9833
75.7855
75.1923
75.4559
75.5878
75.4559
76.0053
76.1151
76.8183
75.1703
76.8842
76.4228
76.1811
76.0712
75.7416
76.1591
76.5766
76.0053
76.269
76.4447
75.9833
76.0272
76.9062
77.06
77.082
77.1479
77.5214
77.9169
77.6093
77.1699
76.5546
76.8403
77.1039
77.038
76.3568
76.5107
76.5766
77.1479
77.4116
78.2685
79.1255
77.6093
80.7515
80.4658
80.1582
79.1474
78.5102
78.8178
79.3891
79.1255
79.1255
79.6089
79.1474
78.9057
77.873
78.8618
79.2793
79.1694
79.2353
78.2026
78.3344
77.7192
77.3237
77.7412
77.9389
78.3564
78.8618
79.6748
80.3779
81.169
80.1143
80.5757
80.0923
80.6416
81.4107
80.9053
80.3779
79.6089
79.9165
81.3228
82.5753
82.1138
80.4878
79.6968
79.8286
79.7187
78.8618
79.2353
79.3672
79.2353
79.4111
80.5318
80.312
80.0483
80.2681
80.6416
81.7183
81.5425
80.7515
80.7954
80.5537
80.8833
79.6748
80.0264
79.3891
79.521
79.3232
79.1255
78.9277
79.2353
79.477
80.1582
80.4439
81.7623
81.982
81.8721
80.7295
80.5318
79.9385
80.5537
80.0483
80.1362
80.3999
80.3779
79.9604
79.9604
81.147
80.9492
80.6856
81.3667
80.356
78.9057
78.2026
78.0268
77.6093
78.3125
78.8178
78.1586
78.2905
78.8178
78.3344
78.7739
79.2573
79.4551
79.2793
78.7299
78.7299
79.2573
79.5869
79.7407
80.312
79.9604
80.356
80.8394
80.4878
80.2022
80.5977
80.5977
80.9053
80.0044
80.1582
80.2241
79.1914
79.477
79.1255
79.6968
80.0703
80.334
80.4878
80.1362
80.4658
79.8066
79.2353
79.3452
79.3452
80.0923
80.2681
80.3779
80.4439
80.3779
79.8945
79.6748
80.312
80.29
78.8398
80.4219
80.5537
80.2681
78.9717
78.0268
78.4223
78.7739
77.2797
77.3017
77.3676
78.1147
78.4882
78.7519
78.2026
79.4551
79.2573
79.6968
80.9492
81.8501
82.4434
82.4874
83.4762
83.8058
83.8058
83.6519
82.795
81.7403
81.3008
80.6636
80.1802
80.3779
80.3999
80.4658
80.9492
80.7954
80.8613
80.5537
80.9712
80.8613
80.4878
80.356
80.1802
79.6309
79.1694
80.3779
79.8506
79.499
80.0483
80.5757
80.7075
79.5649
79.7407
78.6421
79.4111
77.829
78.0268
77.7412
78.2905
77.9169
77.8071
77.2797
76.3129
75.5878
75.7636
75.8954
76.3568
77.2577
77.895
77.3017
76.9281
77.3017
78.0268
77.3456
78.2465
78.3125
78.0268
77.895
77.8071
78.0708
77.6093
77.6972
78.2246
78.7299
78.9497
79.6309
79.3013
80.3779
79.9824
80.334
79.8945
79.7847
79.4111
80.0703
80.1143
79.6309
79.5869
79.9165
79.7627
79.3452
79.3891
78.8178
79.1914
78.6421
78.3564
78.5102
78.6201
78.2246
78.3125
77.3896
77.4116
77.1259
77.6972
77.6093
78.0488
78.0268
78.5542
77.9609
78.5322
78.3344
77.5434
77.9389
77.895
77.4775
77.9169
77.7631
77.873
77.6972
78.1147
77.7631
78.2246
77.6972
78.2685
77.6093
77.9609
78.0048
77.829
77.9389
77.5873
78.2685
77.9609
78.0048
78.3125
77.895
77.9169
77.7851
77.4775
77.7631
78.0048
77.6093
77.6313
77.06
77.1479
77.7192
78.686
78.4663
78.2246
78.3564
78.2246
77.4335
77.2797
77.7412
77.6752