0.0500021
0.0500019
0.0500088
0.0500023
0.0500009
0.0500019
0.0500011
0.0500019
0.0500011
0.0500019
0.0500031
0.0500033
0.0500021
0.0500019
0.0500009
0.0500021
0.0500009
0.0500023
0.0500009
0.05
0.0500071
0.0499961
0.0500009
0.0500021
0.0500009
0.0500019
0.0500021
0.0499802
0.0500023
0.0500009
0.0500019
0.0500011
0.0500019
0.0500021
0.0500011
0.0500026
0.0500011
0.0500019
0.0500011
0.0500031
0.0500009
0.0500021
0.0500009
0.05
0.0500019
0.0500009
0.0500011
0.0500009
0.0500021
0.0500062
0.0499969
0.0499961
0.0500019
0.0500011
0.0500009
0.0500023
0.0500009
0.0500019
0.0500021
0.0500009
0.0499954
0.0500009
0.0500021
0.0500009
0.0500019
0.0500011
0.0500019
0.0500021
0.0500374
0.0500019
0.0500009
0.0500023
0.0500019
0.0500019
0.0500011
0.0500009
0.0500383
0.0500011
0.0500009
0.0500019
0.0500011
0.0500009
0.0500019
0.0500042
0.0499666
0.0500839
0.0499179
0.0500023
0.0500009
0.0500019
0.0500021
0.0500009
0.0500045
0.0500009
0.0500021
0.0500009
0.0500021
0.0500021
0.0500009
0.0500019
0.0500011
0.0500112
0.0500009
0.0500021
0.0500021
0.0500019
0.0500011
0.0500019
0.0500019
0.0500126
0.0500009
0.0500011
0.0500019
0.0500011
0.0500019
0.0500019
0.0500023
0.0500879
0.0499451
0.0500019
0.0500019
0.0500011
0.0500019
0.0500014
0.0500019
0.0499196
0.0500021
0.0500009
0.0500021
0.0500009
0.0500019
0.0500021
0.0500009
0.0499146
0.0500021
0.0500009
0.0500021
0.0500009
0.0500021
0.0500009
0.0500031
0.0501409
0.0500009
0.0500009
0.0500021
0.0500021
0.0500009
0.0500021
0.0500009
0.050035
0.0498667
0.0500019
0.0500009
0.0500021
0.0500021
0.0500011
0.0500019
0.0500009
0.0498867
0.0500011
0.0500019
0.0500011
0.0500021
0.0500019
0.0500011
0.0500019
0.0502849
0.0500019
0.0500019
0.0500023
0.0500009
0.0500009
0.0500021
0.0500019
0.0506713
0.0500023
0.0500009
0.0500019
0.0500011
0.0500019
0.0500011
0.0500069
0.0493922
0.0500023
0.0500009
0.0500019
0.0500021
0.0500009
0.0500021
0.0500011
0.0500019
0.0497119
0.0500019
0.0500011
0.0500019
0.0500019
0.0500011
0.0500021
0.0500009
0.0501261
0.0500021
0.0500009
0.0500019
0.0500021
0.0500009
0.0500023
0.0500009
0.0502546
0.0500019
0.0500011
0.0500009
0.0500021
0.0500009
0.0500021
0.0500011
0.049859
0.0500009
0.0500019
0.0500021
0.0500009
0.0500019
0.0500011
0.0500021
0.049741
0.0500021
0.0500009
0.0500019
0.0500023
0.0500009
0.0500019
0.0500011
0.0501173
0.0500021
0.0500011
0.0500019
0.0500009
0.0500021
0.0500021
0.0500007
0.0500011
0.0508177
0.0500009
0.0500069
0.0499971
0.0500009
0.0500023
0.0501027
0.0499001
0.0495889
0.0500019
0.0500021
0.0500011
0.0500019
0.0500011
0.0500019
0.0500009
0.0495653
0.0500007
0.0500021
0.0500021
0.0500009
0.0500019
0.0500011
0.0500021
0.050343
0.0500021
0.0500009
0.0500021
0.0500011
0.0500019
0.0500011
0.0500019
0.0506918
0.0500009
0.050005
0.049998
0.0500009
0.0500021
0.0500741
0.0499289
0.0493379
0.0500019
0.0500019
0.0500011
0.0500021
0.0500009
0.0500021
0.0500009
0.0500019
0.0494771
0.0500021
0.0500019
0.0500011
0.0500019
0.0500011
0.0500019
0.0500009
0.0502877
0.0500009
0.0500009
0.0500021
0.0500019
0.0500009
0.0500023
0.0500009
0.0500879
0.0500011
0.0500019
0.0500009
0.0500021
0.0500429
0.0499599
0.0500011
0.049844
0.0500019
0.0500009
0.0500023
0.0500009
0.0500019
0.0500011
0.0500019
0.0499661
0.0500021
0.0500021
0.0500009
0.0500021
0.0500009
0.0500019
0.0500023
0.0499663
0.0501485
0.0500019
0.0500023
0.0500009
0.0500009
0.0500021
0.0500009
0.0500011
0.0497181
0.0500021
0.0500011
0.0500019
0.050009
0.049994
0.0500009
0.0500023
0.0498962
0.0500011
0.0500021
0.0500011
0.0500019
0.0500009
0.0500021
0.0500009
0.0509613
0.0500019
0.0500011
0.0500019
0.0500009
0.0500023
0.0500009
0.0500019
0.0492959
0.0500021
0.0500009
0.0500019
0.0500011
0.0500009
0.0500023
0.0500019
0.0497911
0.0500021
0.0500031
0.05
0.0500011
0.0500019
0.0500009
0.0500021
0.0500021
0.0510106
0.0500021
0.0500009
0.0500019
0.0500011
0.0500019
0.0500011
0.0500021
0.0492322
0.0500011
0.0500019
0.0500009
0.0500023
0.0500009
0.0500019
0.0500021
0.0498989
0.0500011
0.0500019
0.0500009
0.0500021
0.0500009
0.0500011
0.0500021
0.0501251
0.0500009
0.0500023
0.0500009
0.0500979
0.0499051
0.0500019
0.0500023
0.0501378
0.0500021
0.0500009
0.0500021
0.0500011
0.0500019
0.0500009
0.0500021
0.0499237
0.0500009
0.0500019
0.0500011
0.0500019
0.0500009
0.0500023
0.0500019
0.0500019
0.0499334
0.0500011
0.0500009
0.0500019
0.0500011
0.0500009
0.0500021
0.0500019
0.050606
0.0500019
0.0500021
0.0500638
0.049938
0.0500021
0.0500021
0.0500009
0.0492303
0.0500009
0.0500021
0.0500009
0.0500019
0.0500011
0.0500019
0.0500021
0.0499406
0.0500021
0.0500011
0.0500019
0.0500011
0.0500019
0.0500019
0.0500011
0.0511084
0.0500023
0.0500009
0.0500019
0.0500011
0.0500019
0.0500019
0.0500011
0.0520387
0.0470712
0.0500023
0.0500329
0.0499692
0.0500019
0.0500019
0.0500011
0.0500021
0.0499353
0.0500019
0.0500011
0.0500019
0.0500009
0.0500021
0.0500021
0.0500011
0.0507126
0.0500011
0.0500019
0.0500011
0.0500019
0.0500021
0.0500011
0.0500019
0.0497172
0.0500009
0.0500021
0.0500009
0.0500021
0.0500011
0.0500019
0.0500009
0.05007
0.0500011
0.0500019
0.0500009
0.0500021
0.0500019
0.0500009
0.0500023
0.0500929
0.0500021
0.0500011
0.0500019
0.0500011
0.0500019
0.0500019
0.0500011
0.0500021
0.0500581
0.0500021
0.0500009
0.0500021
0.0500021
0.0500019
0.0500009
0.0500023
0.0504231
0.0500019
0.0500023
0.0500009
0.0500009
0.0500021
0.0500009
0.0500019
0.0506067
0.0500028
0.0500002
0.0500019
0.0500019
0.0500011
0.0500021
0.0500009
0.0502992
0.0500011
0.0500019
0.0500011
0.0500019
0.0500019
0.0500011
0.0500021
0.0501199
0.0500021
0.0500009
0.0500019
0.0500023
0.0500019
0.0500011
0.0500019
0.0498066
0.0500023
0.0500019
0.05
0.0500021
0.0500019
0.0500019
0.0500011
0.050004
0.0510068
0.0500832
0.0499198
0.0500019
0.0500009
0.0500023
0.0500009
0.0500021
0.050894
0.0500021
0.0500021
0.0500009
0.0500019
0.0500011
0.0500019
0.0500009
0.0504661
0.0500009
0.0500019
0.0500023
0.0500009
0.0500028
0.0500011
0.0500021
0.0493839
0.0500021
0.0500031
0.049999
0.0500019
0.0500009
0.0500023
0.0500019
0.049036
0.0500462
0.0499568
0.0500019
0.0500014
0.0500019
0.0500011
0.0500019
0.0500009
0.0491691
0.0500021
0.0500009
0.0500021
0.0500009
0.0500019
0.0500021
0.0500009
0.0497553
0.0500021
0.0500019
0.0500009
0.0500021
0.0500021
0.0500009
0.0500011
0.0513029
0.0500009
0.0500009
0.0500021
0.0500019
0.0500009
0.0500011
0.0500019
0.0532529
0.0499909
0.0500019
0.0500014
0.0500019
0.0500009
0.0500021
0.0500009
0.051748
0.0500019
0.0500009
0.0500023
0.0500009
0.0500019
0.0500011
0.0500019
0.0507286
0.0500019
0.0500021
0.0500021
0.0500009
0.0500021
0.0500019
0.0500009
0.0500021
0.0491619
0.0500009
0.0500021
0.0500009
0.0500019
0.0500011
0.0500019
0.050004
0.0474126
0.0500019
0.0500011
0.0500019
0.0500009
0.0500023
0.0500007
0.0500023
0.0472987
0.0500009
0.0500023
0.0500009
0.0500019
0.0500011
0.0500019
0.0500009
0.048743
0.0500019
0.0500009
0.0500033
0.0500009
0.0500007
0.0500023
0.0500019
0.0495455
0.0500011
0.0500019
0.0500019
0.0500062
0.0499971
0.0500009
0.0500011
0.0497878
0.0499063
0.0500009
0.0500019
0.0500011
0.0500019
0.0500011
0.0500021
0.0500009
0.0504878
0.0500019
0.0500011
0.0500019
0.0500011
0.0500021
0.0500019
0.0500011
0.0513279
0.0500011
0.0500021
0.0500019
0.0500011
0.0500019
0.0500009
0.0500021
0.0500987
0.0500023
0.0500009
0.0500019
0.0500021
0.0500009
0.0500009
0.0500591
0.0503809
0.0500009
0.0500021
0.0500011
0.0500019
0.0500009
0.0500021
0.0500009
0.0495982
0.0500019
0.0500009
0.0500023
0.0500019
0.0500009
0.0500011
0.0500019
0.0500019
0.0490587
0.0500019
0.0500021
0.0500009
0.0500021
0.0500021
0.0500009
0.0500019
0.0494914
0.0500009
0.0500023
0.0500009
0.0500019
0.0500011
0.0500209
0.0499828
0.0497358
0.0500019
0.0500011
0.0500021
0.0500009
0.0500021
0.0500009
0.0500021
0.0500212
0.0500009
0.0500021
0.0500019
0.0500009
0.0500011
0.0500021
0.0500019
0.049952
0.0500019
0.0500021
0.0500009
0.0500021
0.0500011
0.0500019
0.0500009
0.0499392
0.0500009
0.0500019
0.0500023
0.0500009
0.0500019
0.0500011
0.0500019
0.0500009
0.0503922
0.0500009
0.0500019
0.0500011
0.0500019
0.0500011
0.0500019
0.0500021
0.0503027
0.0500019
0.0500019
0.0500011
0.0500009
0.0500019
0.0500023
0.0500009
0.0499024
0.0500021
0.0500011
0.0500019
0.0500009
0.0500021
0.0500019
0.0500009
0.0500011
0.0500021
0.0500019
0.0500011
0.0500019
0.0500011
0.0500979
0.0499048
0.0501516
0.0500009
0.0500021
0.0500009
0.0500019
0.0500011
0.0500019
0.0500021
0.0500011
0.0504296
0.0500023
0.0500009
0.0500011
0.0500019
0.0500019
0.0500011
0.0500019
0.0505781
0.0500021
0.0500009
0.0500011
0.0500019
0.0500009
0.0500021
0.0500009
0.0512192
0.0500019
0.0500014
0.0500007
0.0500021
0.0500588
0.0499442
0.0500019
0.0504489
0.0500023
0.0500009
0.0500019
0.0500011
0.0500019
0.0500019
0.0500011
0.0528605
0.0500011
0.0500019
0.0500011
0.0500021
0.0500019
0.0500011
0.0500019
0.0521007
0.0500019
0.0500019
0.0500011
0.0500021
0.0500021
0.0500009
0.0500009
0.0500021
0.0498168
0.0500009
0.0500023
0.0500007
0.0500193
0.049984
0.0500019
0.0500009
0.0501688
0.0500011
0.0500021
0.0500009
0.0500021
0.0500019
0.0500009
0.0500021
0.0488143
0.0500019
0.0500009
0.0500021
0.0500019
0.0500009
0.0500023
0.0500019
0.048532
0.0500009
0.0500019
0.0500011
0.0500009
0.0500021
0.0500009
0.0500019
0.049298
0.0500009
0.0500019
0.0500011
0.0500019
0.0500011
0.0500021
0.0500009
0.0500021
0.0500009
0.0500019
0.0500011
0.0500019
0.0500021
0.0500011
0.0500019
0.0500011
0.0511792
0.0500009
0.0500023
0.0500019
0.0500009
0.0500021
0.0500019
0.0500009
0.0483706
0.0500019
0.0500009
0.0500011
0.0500031
0.05
0.0500021
0.0500007
0.0474224
0.0500019
0.0500009
0.0500021
0.0500948
0.0499079
0.0500011
0.0500021
0.0484078
0.0500019
0.0500009
0.0500021
0.0500021
0.0500007
0.0500023
0.0500009
0.0494046
0.0500009
0.0500021
0.0500019
0.0500009
0.0500023
0.0500019
0.0500009
0.0500021
0.0498023
0.0500009
0.0500019
0.0500011
0.0500009
0.0500023
0.0500019
0.0500009
0.0500574
0.0500011
0.0500019
0.0500543
0.0499489
0.0500009
0.0500021
0.0500009
0.0504766
0.0500009
0.0500021
0.0500019
0.0500009
0.0500023
0.0500009
0.0500019
0.0515146
0.0500019
0.0500021
0.0500009
0.0500021
0.0500011
0.0500019
0.0500019
0.0499985
0.05
0.0500019
0.0500023
0.0500019
0.0500009
0.0500021
0.0500009
0.0489292
0.0500009
0.0500023
0.0500119
0.0499909
0.0500011
0.0500019
0.0500009
0.0500023
0.049578
0.0500021
0.0500019
0.0500009
0.0500023
0.0500009
0.0500019
0.0500011
0.050159
0.0500021
0.0500011
0.0500019
0.0500009
0.0500021
0.0500019
0.0500021
0.0516577
0.0500011
0.0500019
0.0500009
0.0500021
0.0500021
0.0500009
0.0500021
0.0519249
0.0500019
0.0500031
0.0500002
0.0500009
0.0500021
0.0500009
0.0500019
0.0494919
0.0500019
0.0500021
0.0500009
0.0500021
0.0500009
0.0500021
0.0500011
0.0500019
0.0496221
0.0500011
0.0500019
0.0500011
0.0500019
0.0500021
0.0500011
0.0500019
0.0496683
0.0500009
0.0500019
0.0500011
0.0500009
0.0500021
0.0500021
0.0500009
0.053447
0.049999
0.0500882
0.0499148
0.0500019
0.0500011
0.0500021
0.0500009
0.0520949
0.0500019
0.0500009
0.0500021
0.0500009
0.0500019
0.0500011
0.0500021
0.0502112
0.0500009
0.0500023
0.0500009
0.0500019
0.0500021
0.0500009
0.0500019
0.0500023
0.0500009
0.0500011
0.0500019
0.0500019
0.0500011
0.0500019
0.0500062
0.0499971
0.0500009
0.0500429
0.0499601
0.0500019
0.0500009
0.0500023
0.0500007
0.0500021
0.0498171
0.0500009
0.0500019
0.0500011
0.0500019
0.0500009
0.0500023
0.0500019
0.0479689
0.0500023
0.0500009
0.0500019
0.0500021
0.0500009
0.0500021
0.0500021
0.0494552
0.0500021
0.0500009
0.0500011
0.0500019
0.0500009
0.0500021
0.0500021
0.0500884
0.0500019
0.0500009
0.0500021
0.0500009
0.0500021
0.0500011
0.0500019
0.0500019
0.0505769
0.0500019
0.0500011
0.0500021
0.0500009
0.0500021
0.0500019
0.0500009
0.0507874
0.0500011
0.0500019
0.0500019
0.0500011
0.0500019
0.0500009
0.0500033
0.049876
0.0500009
0.0500011
0.0500028
0.05
0.0500021
0.0500021
0.0500009
0.0497832
0.0500011
0.0500019
0.0500019
0.0500014
0.0500007
0.0500021
0.0500021
0.0490732
0.0500019
0.0500011
0.0500019
0.0500011
0.0500021
0.0500019
0.0500011
0.0481555
0.0500021
0.0500011
0.0500019
0.0500011
0.0500019
0.0500009
0.0500021
0.0500021
0.0481517
0.0500009
0.0500019
0.0500023
0.050005
0.0499978
0.0500011
0.0500019
0.0501158
0.0499341
0.0500011
0.0500019
0.0500019
0.0500011
0.0500021
0.0500009
0.0541565
0.0500009
0.0500019
0.0500011
0.0500019
0.0500019
0.0500011
0.0500021
0.0520809
0.0500021
0.0500009
0.0500019
0.0500023
0.0500019
0.0500009
0.0500011
0.0500019
0.0500019
0.0500011
0.0500021
0.0500011
0.0500019
0.0500009
0.0500021
0.050025
0.0499778
0.0500011
0.0500021
0.0500019
0.0500011
0.0500019
0.0500009
0.0500023
0.0486865
0.0500019
0.0500011
0.0500019
0.0500021
0.0500011
0.0500019
0.0500011
0.0494311
0.0500009
0.0500019
0.0500021
0.0500009
0.0500021
0.0500011
0.0500019
0.0501139
0.050004
0.0499978
0.0500023
0.0500019
0.0500009
0.0500021
0.0500009
0.0517755
0.0500009
0.0500019
0.0500023
0.0500009
0.0500019
0.0500011
0.0500019
0.0500009
0.0500023
0.0500009
0.0500019
0.0500021
0.0500009
0.0500021
0.0500009
0.0500021
0.0500011
0.0500019
0.0500019
0.0500011
0.0500019
0.0500021
0.0500011
0.0500019
0.0500009
0.0500021
0.0500009
0.0500019
0.0500014
0.0500019
0.0500019
0.0500903
0.0484724
0.0500021
0.0500021
0.0500009
0.0500019
0.0500011
0.0500021
0.0500007
0.0495384
0.0500011
0.0500019
0.0500021
0.0500011
0.0500019
0.0500011
0.0500019
0.0489643
0.0500019
0.0500019
0.0500011
0.0500019
0.0500023
0.0500009
0.0500019
0.048315
0.0500011
0.0500009
0.0500021
0.0500011
0.0500019
0.0500009
0.050045
0.049958
0.0485146
0.0500019
0.0500011
0.0500019
0.0500009
0.0500023
0.0500009
0.0500019
0.0489123
0.0500023
0.0500019
0.0500009
0.0500021
0.0500009
0.0500019
0.0500011
0.0495126
0.0500021
0.0500019
0.0500009
0.0500023
0.0500019
0.0500009
0.0500011
0.0505946
0.0500009
0.0500021
0.0500019
0.0500009
0.0500011
0.0500021
0.0500007
0.0519946
0.0500019
0.0500011
0.0500019
0.0500009
0.0500021
0.0500009
0.0500021
0.0518587
0.0500019
0.0500019
0.0500011
0.0500021
0.0500009
0.0500021
0.0500009
0.0500019
0.0491209
0.0500007
0.0500023
0.0500009
0.0500028
0.0500011
0.0500009
0.0500023
0.0486176
0.0500019
0.0500011
0.0500021
0.0500019
0.0500011
0.0500009
0.0500019
0.0488734
0.0500011
0.0500021
0.0500009
0.0500021
0.0500009
0.0500019
0.0500011
0.0491943
0.0500021
0.0500009
0.0500019
0.0500011
0.0500021
0.0500009
0.0500021
0.0497866
0.0500009
0.0500021
0.0500021
0.0500009
0.0500021
0.0500009
0.0500011
0.0503173
0.0500019
0.0500011
0.0500021
0.0500009
0.0500021
0.0500629
0.0499399
0.0500021
0.0503709
0.0500019
0.0500011
0.0500019
0.0500009
0.0500023
0.0500009
0.0500019
0.0501778
0.0500009
0.0500021
0.0500009
0.0500019
0.0500011
0.0500021
0.0500009
0.0501382
0.0500011
0.0500019
0.0500021
0.0500011
0.0500009
0.0500019
0.0500011
0.0500841
0.0500011
0.0500019
0.0500019
0.0500011
0.0500152
0.0499878
0.0500011
0.050071
0.0500021
0.0500009
0.0500019
0.0500011
0.0500021
0.0500011
0.0500019
0.0500019
0.0500188
0.0500023
0.0500009
0.0500019
0.0500011
0.0500019
0.0500009
0.0500033
0.0499022
0.0500009
0.0500023
0.0500019
0.0500009
0.0500011
0.0500019
0.0500019
0.0497468
0.0500021
0.0500031
0.05
0.0500011
0.0500019
0.0500011
0.0500019
0.0492711
0.0500011
0.0500019
0.0500011
0.0500021
0.0500007
0.0500023
0.0500019
0.0494955
0.0500021
0.0500009
0.0500021
0.0500019
0.0500011
0.0500021
0.0500007
0.0496483
0.0500011
0.0500019
0.0500019
0.0500011
0.0500021
0.0500011
0.0500019
0.0500009
0.0504522
0.0500011
0.0500019
0.0500019
0.050081
0.049921
0.0500023
0.0500019
0.050251
0.0500019
0.0500011
0.0500021
0.0500007
0.0500023
0.0500019
0.0500009
0.0496743
0.0500011
0.0500019
0.0500009
0.0500021
0.0500009
0.0500021
0.0500021
0.0497153
0.0500009
0.0500021
0.0500009
0.0500011
0.0500019
0.0500019
0.0500011
0.05003
0.0500011
0.0500019
0.0500009
0.0500331
0.0499711
0.0500009
0.0500021
0.0500009
0.0499468
0.0500009
0.0500019
0.0500011
0.0500021
0.0500019
0.0500011
0.0500019
0.0498574
0.0500021
0.0500009
0.0500021
0.0500009
0.0500021
0.0500028
0.0500002
0.0498102
0.0500019
0.0500011
0.0500019
0.0500014
0.0500019
0.0500009
0.0500021
0.0500243
0.0500019
0.0500011
0.0500019
0.0500021
0.0500011
0.0500019
0.0500009
0.050122
0.0500011
0.0500019
0.0500009
0.0500021
0.0500019
0.0500009
0.0500023
0.0499103
0.0500019
0.0500009
0.0500021
0.0500009
0.0500019
0.0500023
0.0500019
0.0500009
0.0503311
0.0500009
0.0500021
0.0500019
0.0500009
0.0500011
0.0500021
0.050004
0.0499551
0.0500011
0.0500021
0.050091
0.049912
0.0500019
0.0500011
0.0500019
0.0497003
0.0500021
0.0500009
0.0500021
0.0500021
0.0500009
0.0500021
0.0500009
0.0501471
0.0500011
0.0500019
0.0500011
0.0500021
0.0500019
0.0500011
0.0500028
0.0507667
0.0500009
0.0500019
0.0500021
0.0500009
0.0500009
0.0500023
0.0500019
0.0503278
0.0500011
0.0500019
0.050045
0.0499582
0.0500019
0.0500011
0.0500019
0.0500009
0.050348
0.0500009
0.0500021
0.0500021
0.0500009
0.0500021
0.0500009
0.0500019
0.0494845
0.0500021
0.0500009
0.0500021
0.0500019
0.0500019
0.0500011
0.0500021
0.0494654
0.0500021
0.0500021
0.0500009
0.0500009
0.0500021
0.0500021
0.0500007
0.0501399
0.0500021
0.0500019
0.0500011
0.0500019
0.0500011
0.0500021
0.0500007
0.0506973
0.0500009
0.0500021
0.0500021
0.0500009
0.0500021
0.0500009
0.0500019
0.0500021
0.0499086
0.0500011
0.0500019
0.0500019
0.0500011
0.0500021
0.0500019
0.0500011
0.048979
0.0500021
0.0500011
0.0500009
0.0500019
0.0500021
0.0500009
0.0500021
0.0497644
0.0500011
0.0501049
0.0498991
0.0500011
0.0500019
0.0500009
0.0500023
0.0500796
0.0500019
0.0500023
0.0500009
0.0500019
0.0500011
0.0500019
0.0500009
0.0503216
0.0500007
0.0500023
0.0500019
0.0500009
0.0500021
0.0500021
0.0500009
0.050456
0.0500028
0.0500011
0.0500009
0.0500019
0.0500011
0.0500021
0.0500019
0.0500011
0.0508883
0.0500538
0.0499492
0.0500009
0.0500019
0.0500011
0.0500019
0.0500011
0.0511813
0.0500021
0.0500011
0.0500019
0.0500011
0.0500019
0.0500019
0.0500011
0.0492754
0.0500021
0.0500021
0.0500009
0.0500019
0.0500023
0.0500007
0.0500021
0.0492823
0.0500009
0.0500011
0.0500019
0.0500011
0.0500019
0.0500019
0.0500014
0.0495329
0.0500059
0.049998
0.0500011
0.0500021
0.0500007
0.0500023
0.0500009
0.0500019
0.0506942
0.0500009
0.0500019
0.0500011
0.0500019
0.0500011
0.0500019
0.0500009
0.0521095
0.0500021
0.0500009
0.0500019
0.0500023
0.0500009
0.0500019
0.0500011
0.0515113
0.0500009
0.0500021
0.0500009
0.0500021
0.0500021
0.0500009
0.0500021
0.0507853
0.0500021
0.0500009
0.0500019
0.0500011
0.0500021
0.0500011
0.0500019
0.0496421
0.0500009
0.0500019
0.0500011
0.0500019
0.0500009
0.0500021
0.0500021
0.0484996
0.0500021
0.0500009
0.0500023
0.0500019
0.0500009
0.0500021
0.0500021
0.0500007
0.0482571
0.0500021
0.0500009
0.0500021
0.0500011
0.0500019
0.0500021
0.0500009
0.0489969
0.049938
0.0500021
0.0500009
0.0500021
0.0500009
0.0500021
0.0500021
0.04989
0.0500019
0.0500009
0.0500021
0.0500009
0.0500021
0.0500021
0.0500009
0.051744
0.0500011
0.0500019
0.0500021
0.0500011
0.0500009
0.0500028
0.0500011
0.0512915
0.0500009
0.0500009
0.0500021
0.0500009
0.0500021
0.0500021
0.0500009
0.0484912
0.0499871
0.0500019
0.0500009
0.0500021
0.0500009
0.0500019
0.0500023
0.0500009
0.0484257
0.0500009
0.0500021
0.0500009
0.0500019
0.0500011
0.0500021
0.0500019
0.0491796
0.0500023
0.0500009
0.0500028
0.0500011
0.0500019
0.0500009
0.0500023
0.0498257
0.0500023
0.0500009
0.0500009
0.0500021
0.0500019
0.0500011
0.050004
0.0503051
0.0500019
0.0500009
0.0500021
0.0500009
0.0500019
0.0500023
0.0500009
0.0497749
0.0500009
0.0500021
0.0500011
0.0500019
0.0500019
0.0500011
0.0500021
0.0500011
0.0498579
0.0500011
0.0500021
0.0500019
0.0500021
0.0500009
0.0500023
0.0500019
0.0507772
0.0500031
0.0500002
0.0500019
0.0500019
0.050004
0.049999
0.05007
0.0499895
0.0500009
0.0500021
0.0500009
0.0500019
0.0500023
0.0500009
0.0500019
0.0500915
0.0500019
0.0500009
0.0500023
0.0500019
0.0500009
0.0500021
0.0500019
0.0505748
0.0500011
0.0500019
0.0500019
0.0500021
0.0500009
0.0500021
0.0500011
0.0485902
0.0500011
0.0500009
0.0500021
0.0500011
0.0500019
0.0500019
0.0500143
0.0499887
0.0500712
0.0500019
0.0500011
0.0500019
0.0500019
0.0500011
0.0500021
0.0500011
0.0520012
0.0500009
0.0500019
0.0500021
0.0500009
0.0500021
0.0500011
0.0500019
0.0499725
0.0500019
0.0500021
0.0500021
0.0500011
0.0500019
0.0500009
0.0500021
0.0503507
0.0500009
0.0500021
0.0500019
0.0500009
0.0500023
0.0500009
0.0500019
0.0499783
0.0500021
0.0500021
0.0500009
0.0500019
0.0500011
0.0500019
0.0500009
0.0500023
0.0486
0.0500009
0.0500019
0.0500011
0.0500021
0.0500009
0.0500021
0.0500009
0.0493865
0.0500011
0.0500019
0.0500019
0.0500023
0.0500009
0.0500021
0.0500009
0.0505326
0.0500021
0.05
0.0500021
0.0500021
0.0500009
0.0500541
0.0499489
0.0501041
0.0500007
0.0500021
0.0500021
0.0500009
0.0500019
0.0500011
0.0500021
0.0500088
0.0500019
0.0500009
0.0500021
0.0500021
0.0500009
0.0500021
0.0500009
0.0520923
0.0500023
0.0500009
0.0500019
0.0500011
0.0500019
0.0500019
0.0500011
0.0500009
0.051049
0.0500019
0.0500011
0.0500021
0.0500011
0.0500019
0.0500009
0.0500021
0.0469508
0.0500011
0.0500019
0.0500009
0.0500021
0.0500009
0.0500019
0.0500011
0.0507312
0.0500009
0.0500021
0.0500019
0.0500009
0.0500023
0.0500007
0.0500021
0.0493846
0.0500031
0.0500011
0.0500019
0.0500009
0.0500021
0.0500009
0.0500021
0.0501668
0.0500009
0.050005
0.0499992
0.0500009
0.0500021
0.0500929
0.0499098
0.0513685
0.0500023
0.0500019
0.0500009
0.0500021
0.0500009
0.0500019
0.0500011
0.0500021
0.0494163
0.0500019
0.0500023
0.0500009
0.0500019
0.0500011
0.0500019
0.0500009
0.0517986
0.0500009
0.0500011
0.0500019
0.0500021
0.0500011
0.0500019
0.0500009
0.0501535
0.0500021
0.0500019
0.05
0.0500021
0.0500319
0.0499709
0.0500011
0.0489163
0.0500019
0.0500011
0.0500021
0.0500007
0.0500023
0.0500009
0.0500019
0.0489657
0.0500019
0.0500019
0.0500011
0.0500021
0.0500011
0.0500019
0.0500009
0.0499806
0.0504947
0.0500019
0.0500021
0.0500011
0.0500009
0.0500009
0.0500042
0.0499997
0.0508697
0.0500021
0.050004
0.049999
0.0500009
0.0500019
0.0500011
0.0500019
0.0488579
0.0500009
0.0500021
0.0500009
0.0500021
0.0500011
0.0500019
0.0500009
0.0487618
0.0500021
0.0500009
0.0500019
0.0500014
0.0500019
0.0500011
0.0500019
0.0494998
0.0500021
0.0500009
0.0500009
0.0500021
0.0500019
0.0500009
0.0500033
0.0497155
0.050005
0.049998
0.050004
0.0499988
0.0500691
0.0499341
0.0500019
0.0500021
0.0498726
0.0500021
0.0500009
0.0500023
0.0500009
0.0500019
0.0500011
0.0500019
0.0499251
0.0500009
0.0500021
0.0500011
0.0500019
0.0500009
0.0500021
0.0500019
0.050308
0.0500019
0.0500021
0.0500009
0.0500021
0.0500011
0.0500009
0.0500028
0.0500908
0.0500009
0.0500019
0.0500011
0.0500081
0.0499949
0.0500021
0.0500019
0.049654
0.0500019
0.0500011
0.0500021
0.0500009
0.0500021
0.0500009
0.0500019
0.0498517
0.0500009
0.0500021
0.0500009
0.0500021
0.0500011
0.0500019
0.0500019
0.0500021
0.0499547
0.0500009
0.0500009
0.0500021
0.0500019
0.0500009
0.0500011
0.0500021
0.0505559
0.0500021
0.0500009
0.0500019
0.0501051
0.0498979
0.0500021
0.0500011
0.0507977
0.0500011
0.0500019
0.0500009
0.0500023
0.0500009
0.0500019
0.0500021
0.0491986
0.0500019
0.0500011
0.0500021
0.0500009
0.0500021
0.0500019
0.0500019
0.0500298
0.0500019
0.0500009
0.0500021
0.0500009
0.0500019
0.0500011
0.0500021
0.049895
0.0500023
0.0500019
0.0500009
0.050041
0.049962
0.0500019
0.0500011
0.0500021
0.0496175
0.0500021
0.0500009
0.0500021
0.0500011
0.0500019
0.0500019
0.0500011
0.0498796
0.0500009
0.0500019
0.0500014
0.0500019
0.0500021
0.0500009
0.0500019
0.0504055
0.0500009
0.0500019
0.0500011
0.0500019
0.050005
0.0499983
0.0500009
0.0513368
0.0500021
0.0500011
0.0500009
0.0500021
0.0500019
0.0500009
0.0500021
0.0506282
0.0500019
0.0500009
0.0500023
0.0500009
0.0500019
0.0500021
0.0500009
0.0500019
0.0507889
0.0500021
0.0500011
0.0500019
0.0500019
0.0500011
0.0500019
0.0500021
0.049711
0.0500021
0.0500009
0.0500021
0.0500011
0.0500028
0.05
0.0500021
0.0489287
0.0500009
0.0500009
0.0500722
0.049932
0.0500009
0.0500021
0.0500009
0.0489428
0.0500009
0.0500023
0.0500009
0.0500021
0.0500019
0.0500009
0.0500021
0.0497944
0.0500021
0.0500009
0.0500019
0.0500023
0.0500009
0.0500019
0.0500021
0.0498471
0.05
0.0500031
0.0500009
0.0500019
0.0500011
0.0500021
0.0500009
0.0500021
0.05003
0.0500011
0.05001
0.049994
0.0500011
0.0500019
0.0500009
0.0500021
0.0499308
0.0500019
0.0500011
0.0500021
0.0500019
0.0500011
0.0500019
0.0500009
0.0501494
0.0500009
0.0500021
0.0500019
0.0500009
0.0500023
0.0500019
0.0500009
0.0498893
0.0500019
0.0500011
0.0500019
0.0500011
0.0500009
0.0500021
0.0500038
0.0501063
0.0500009
0.0500019
0.050102
0.049901
0.0500019
0.0500011
0.0500021
0.0500009
0.0510292
0.0500011
0.0500019
0.0500019
0.0500011
0.0500021
0.0500009
0.0500021
0.050998
0.0500011
0.0500019
0.0500009
0.0500023
0.0500019
0.0500009
0.0500021
0.0492222
0.0500011
0.0500009
0.050004
0.049999
0.0500019
0.0500021
0.0500031
0.0496385
0.0500019
0.0500381
0.0499649
0.0500021
0.0500011
0.0500019
0.0500009
0.0499005
0.0500019
0.0500011
0.0500019
0.0500011
0.0500021
0.0500009
0.0500021
0.0497787
0.0500009
0.0500019
0.0500011
0.0500019
0.0500011
0.0500031
0.0500009
0.0500011
0.0503209
0.0500019
0.0500009
0.0500023
0.0500009
0.0500011
0.0500019
0.050005
0.0505965
0.0500019
0.0500009
0.0500021
0.0500009
0.0500019
0.0500011
0.0500021
0.0508487
0.0500011
0.0500019
0.0500009
0.0500021
0.0500009
0.0500021
0.0500021
0.0508385
0.0500019
0.0500009
0.0500023
0.0500019
0.0500009
0.0500021
0.0500009
0.0497456
0.0500021
0.0500009
0.0500009
0.0500021
0.0500009
0.0500031
0.05
0.0491083
0.0500019
0.0500562
0.049947
0.0500009
0.0500021
0.0500009
0.0500019
0.0500011
0.0489881
0.0500021
0.0500009
0.0500021
0.0500009
0.0500019
0.0500023
0.0500007
0.0494885
0.0500009
0.0500019
0.0500011
0.0500019
0.0500009
0.0500033
0.0500009
0.0504539
0.0500021
0.0500019
0.0500011
0.0500019
0.0500011
0.0500019
0.0500009
0.0509593
0.0500011
0.0500021
0.0500009
0.0500021
0.0500009
0.0500019
0.0500023
0.0491726
0.0500021
0.0500009
0.0500019
0.0500011
0.0500021
0.0500011
0.0500019
0.0500019
0.0490286
0.0500021
0.0500009
0.0500021
0.0500021
0.0500019
0.0500009
0.0500023
0.0496283
0.0500009
0.0500023
0.0500019
0.0500009
0.0500021
0.0500009
0.0500019
0.0498614
0.0500779
0.0499251
0.0500021
0.0500009
0.0500021
0.0500009
0.0500019
0.0500796
0.0500009
0.0500019
0.0500011
0.0500019
0.0500009
0.0500021
0.0500021
0.0500178
0.0500021
0.0500009
0.0500019
0.0500021
0.0500009
0.0500021
0.0500021
0.0500202
0.05
0.0500021
0.0500021
0.0500011
0.0500009
0.0500019
0.0500021
0.0500009
0.050195
0.049993
0.0500021
0.0500009
0.0500019
0.0500023
0.0500009
0.0500019
0.0498238
0.0500019
0.0500011
0.0500019
0.0500009
0.0500023
0.0500019
0.0500009
0.0498271
0.0500009
0.0500019
0.0500021
0.0500009
0.0500019
0.0500023
0.0500009
0.049988
0.0500021
0.0500009
0.0500021
0.0500021
0.0500009
0.0500019
0.0500011
0.0508988
0.0500951
0.0499079
0.0500011
0.0500019
0.0500021
0.0500011
0.0500019
0.0500009
0.0505905
0.0500011
0.0500019
0.0500009
0.0500021
0.0500019
0.0500011
0.0500021
0.0490398
0.0500009
0.0500019
0.0500021
0.0500009
0.0500021
0.0500021
0.05
0.0496714
0.0500009
0.0500021
0.0500019
0.0500019
0.0500011
0.0500009
0.0500021
0.0501039
0.0499783
0.0500009
0.0500021
0.0500009
0.0500019
0.0500023
0.0500007
0.0500119
0.0500011
0.0500019
0.0500009
0.0500021
0.0500019
0.0500009
0.0500023
0.0500681
0.0500009
0.0500021
0.0500021
0.0500007
0.0500023
0.0500019
0.0500009
0.0500011
0.0500309
0.0500009
0.0500021
0.0500009
0.0500019
0.0500011
0.0500019
0.0500011
0.0500576
0.0500009
0.0500019
0.0500021
0.0500009
0.0500019
0.0500011
0.0500021
0.0498674
0.0500023
0.0500009
0.0500019
0.0500021
0.0500009
0.0500019
0.0500011
0.0498879
0.0500009
0.0500019
0.0500021
0.0500021
0.0500007
0.0500014
0.0500019
0.0498998
0.0500011
0.0500019
0.0500009
0.0500021
0.0500062
0.0499966
0.0500023
0.049897
0.0499661
0.0500019
0.0500019
0.0500011
0.0500019
0.0500011
0.0500021
0.0500009
0.050024
0.0500011
0.0500021
0.0500019
0.0500011
0.0500019
0.0500009
0.0500021
0.0503078
0.0500009
0.0500021
0.0500019
0.0500009
0.0500023
0.0500009
0.0500019
0.0501051
0.0500011
0.0500028
0.0500009
0.0500011
0.0500021
0.0500019
0.050004
0.0498049
0.0500023
0.0500009
0.0500019
0.0500021
0.0500009
0.0500019
0.0500011
0.0500414
0.0500009
0.0500021
0.0500019
0.0500009
0.0500023
0.0500009
0.0500019
0.0500021
0.050256
0.0500009
0.0500021
0.0500019
0.0500021
0.0500011
0.0500019
0.0500019
0.0501678
0.0500021
0.0500021
0.0500009
0.0500021
0.0500019
0.0500009
0.0500443
0.049778
0.0500021
0.0500011
0.0500019
0.0500011
0.0500019
0.0500009
0.0500021
0.0497861
0.0500019
0.0500019
0.0500011
0.0500019
0.0500011
0.0500021
0.0500019
0.0498996
0.0500019
0.0500011
0.0500019
0.0500019
0.0500011
0.0500021
0.0500009
0.0499418
0.0500019
0.0500021
0.0500009
0.0500019
0.0500023
0.0500009
0.0500009
0.0500021
0.050185
0.0500011
0.0500019
0.0500011
0.0500019
0.0500009
0.0500023
0.0500009
0.0498161
0.0500021
0.0500009
0.0500021
0.0500009
0.0500019
0.0500011
0.0500021
0.0499322
0.0500021
0.0500019
0.0500009
0.0500023
0.0500019
0.0500009
0.0500021
0.0501471
0.0500019
0.0500009
0.0500023
0.0500009
0.0500019
0.0500021
0.0500512
0.0507529
0.0500021
0.0500021
0.0500009
0.0500019
0.0500011
0.0500019
0.0500011
0.0499203
0.0510938
0.0500009
0.0500021
0.0500009
0.0500019
0.0500011
0.0500021
0.0500019
0.0499699
0.0500021
0.0500021
0.0500007
0.0500023
0.0500009
0.0500019
0.0500011
0.0500109
0.0499969
0.0500021
0.0500009
0.0500021
0.0500009
0.0500021
0.0500011
0.0515347
0.0500023
0.0500009
0.0500019
0.0500011
0.0500019
0.0500011
0.0500019
0.0496616
0.0500009
0.0500021
0.0500009
0.0500019
0.0500011
0.0500019
0.0500009
0.048456
0.0500021
0.0500021
0.0500019
0.0500009
0.0500011
0.0500019
0.0500021
0.0500011
0.0493419
0.0500019
0.0500021
0.0500009
0.0500021
0.0500011
0.0500517
0.0499511
0.0500159
0.0500009
0.0500019
0.0500011
0.0500021
0.0500011
0.0500019
0.0500019
0.0500634
0.0500019
0.0500023
0.0500009
0.0500009
0.0500021
0.0500019
0.0500009
0.050236
0.0500021
0.0500009
0.0500019
0.0500011
0.0500021
0.0500021
0.0500009
0.0500047
0.0499971
0.0500009
0.0500019
0.0500021
0.0500009
0.0500031
0.0500002
0.0497603
0.0500011
0.0500021
0.0500009
0.0500021
0.0500009
0.0500019
0.0500021
0.0500009
0.0498605
0.0500009
0.0500021
0.0500009
0.0500019
0.0500011
0.0500021
0.0500019
0.049613
0.0500019
0.0500009
0.0500023
0.0500009
0.0500019
0.0500021
0.0500009
0.0500555
0.0500009
0.0500021
0.0500009
0.0500019
0.0500023
0.0500538
0.0499489
0.0500801
0.0500021
0.0500009
0.0500019
0.0500011
0.0500019
0.0500021
0.0500011
0.0501516
0.0500009
0.0500019
0.0500011
0.0500021
0.0500021
0.0500009
0.0500019
0.0504055
0.0500028
0.0500002
0.0500019
0.0500019
0.0500023
0.0500009
0.0500011
0.0500059
0.0501256
0.0500019
0.0500011
0.0500021
0.0500019
0.0500059
0.0499971
0.0500011
0.049916
0.0500009
0.0500021
0.0500009
0.0500019
0.0500021
0.0500009
0.0500021
0.0497751
0.0500019
0.0500011
0.0500019
0.0500009
0.0500021
0.0500021
0.0500009
0.0500476
0.0500021
0.0500009
0.0500021
0.0500021
0.0500009
0.0500019
0.0500011
0.0500598
0.0500009
0.0500009
0.0500021
0.0500021
0.0500009
0.050055
0.049948
0.0500019
0.050071
0.0500021
0.0500021
0.0500009
0.0500019
0.0500011
0.0500019
0.0500011
0.0499711
0.0500011
0.0500019
0.0500009
0.0500021
0.0500021
0.0500007
0.0500023
0.0497572
0.0500011
0.0500019
0.0500019
0.0500011
0.0500019
0.0500009
0.0500023
0.0494864
0.0500014
0.0500019
0.0500019
0.0500011
0.0500019
0.0500009
0.0500023
0.0495315
0.0500021
0.0500011
0.0500019
0.0500019
0.0500011
0.0500019
0.0500009
0.0498025
0.0500009
0.0500019
0.0500011
0.0500021
0.0500019
0.0500011
0.0500019
0.0500009
0.0502324
0.0500009
0.0500009
0.0500021
0.0500019
0.0500009
0.0500023
0.0500009
0.0503137
0.0500011
0.0500019
0.0500009
0.0500021
0.0500519
0.0499508
0.0500011
0.0501869
0.0500009
0.0500021
0.0500019
0.0500009
0.0500023
0.0500009
0.0500021
0.0497792
0.0500019
0.0500021
0.0500011
0.0500019
0.0500009
0.0500021
0.0500009
0.0499682
0.0500019
0.0500021
0.0500009
0.0500011
0.0500021
0.0500019
0.0500028
0.0500505
0.0500021
0.0500019
0.0500009
0.0500021
0.0500021
0.0500009
0.0500011
0.0500019
0.0499802
0.0500009
0.0500019
0.0500011
0.0500019
0.0500009
0.0500023
0.0500009
0.0499082
0.0500021
0.0500009
0.0500019
0.0500011
0.0500021
0.0500009
0.0500021
0.0498185
0.0500021
0.0500011
0.0500009
0.0500019
0.0500021
0.0500009
0.0500009
0.050195
0.0500009
0.0500021
0.0500021
0.0500009
0.0500488
0.0499542
0.0500019
0.0502722
0.0500019
0.0500021
0.0500011
0.0500019
0.0500011
0.0500019
0.0500009
0.0500023
0.0496631
0.0500009
0.0500019
0.0500011
0.0500021
0.0500019
0.0500011
0.0500019
0.0499196
0.0500009
0.0500009
0.0500021
0.0500019
0.0500009
0.0500023
0.0500009
0.0502341
0.0500009
0.0500019
0.0500011
0.0500059
0.0499969
0.0500021
0.0500021
0.0501225
0.0500019
0.0500009
0.0500021
0.0500009
0.0500021
0.0500009
0.0500021
0.0497761
0.0500009
0.0500019
0.0500011
0.0500019
0.0500009
0.0500023
0.0500019
0.049829
0.0500009
0.0500011
0.0500021
0.0500009
0.0500031
0.05
0.0500019
0.0500021
0.0498569
0.0500081
0.0499961
0.0500007
0.0500391
0.0499642
0.0500011
0.0500019
0.0503535
0.0500009
0.0500019
0.0500011
0.0500019
0.0500011
0.0500019
0.0500021
0.0501144
0.0500021
0.0500011
0.0500019
0.0500009
0.0500021
0.0500009
0.0500019
0.0501299
0.0500009
0.0500023
0.0500019
0.0500009
0.0500021
0.0500009
0.0500019
0.0503705
0.0500019
0.0500009
0.0500021
0.0500009
0.0500021
0.0500011
0.0500019
0.0500019
0.0501928
0.0500021
0.0500009
0.0500021
0.0500009
0.0500019
0.0500011
0.0500019
0.0505955
0.0500009
0.0500021
0.0500009
0.0500019
0.0500011
0.0500019
0.0500021
0.0504496
0.0500021
0.0500019
0.0500009
0.0500023
0.0500028
0.05
0.050005
0.0496783
0.0500011
0.0500019
0.0500009
0.0500271
0.0499761
0.0500019
0.0500021
0.0496902
0.0500019
0.0500011
0.0500019
0.0500009
0.0500021
0.0500009
0.0500021
0.0496452
0.0500011
0.0500021
0.0500007
0.0500023
0.0500009
0.0500019
0.0500021
0.0500021
0.0500152
0.0500011
0.0500019
0.0500019
0.0500023
0.0500009
0.0500007
0.0500023
0.051137
0.049998
0.0500019
0.0500009
0.0501003
0.0499029
0.0500021
0.0500009
0.0510223
0.0500009
0.0500021
0.0500009
0.0500021
0.0500011
0.0500019
0.0500019
0.0503225
0.0500019
0.0500009
0.0500021
0.0500009
0.0500019
0.0500023
0.0500009
0.0494182
0.0500021
0.0500009
0.0500019
0.0500011
0.0500021
0.0500011
0.0500019
0.0491087
0.0500019
0.0500023
0.0500009
0.0500159
0.0499871
0.0500019
0.0500011
0.0500019
0.0493486
0.0500023
0.0500009
0.0500019
0.0500011
0.0500019
0.0500019
0.0500014
0.049938
0.0500009
0.0500021
0.0500011
0.0500019
0.0500019
0.0500011
0.0500019
0.0513732
0.0500009
0.0500019
0.0500021
0.05
0.0500028
0.0500011
0.0500009
0.0512125
0.0500009
0.0500021
0.0500011
0.0500858
0.0499179
0.0500011
0.0500019
0.049547
0.0500019
0.0500011
0.0500019
0.0500009
0.0500021
0.0500021
0.0500009
0.0500021
0.0495093
0.0500021
0.0500007
0.0500023
0.0500019
0.0500009
0.0500021
0.0500021
0.0489609
0.0500019
0.0500009
0.0500023
0.0500009
0.0500019
0.0500011
0.0500019
0.0491071
0.0500019
0.0500011
0.0500028
0.0500009
0.0500011
0.0500021
0.0500011
0.049624
0.0500011
0.0500019
0.0500009
0.0500023
0.0500019
0.0500009
0.0500021
0.0496986
0.0500021
0.0500009
0.0500021
0.0500021
0.0500009
0.0500019
0.0500021
0.0497873
0.0500021
0.0500019
0.0500009
0.0500023
0.0500009
0.0500009
0.0500021
0.0500019
0.0501509
0.0500023
0.0500009
0.0500698
0.0499332
0.0500019
0.0500009
0.0500021
0.0503662
0.0500019
0.0500011
0.0500019
0.0500019
0.0500011
0.0500021
0.0500009
0.0498402
0.0500011
0.0500021
0.0500019
0.0500011
0.0500019
0.0500019
0.0500011
0.0497279
0.0500019
0.0500011
0.0500009
0.0500019
0.0500011
0.0500019
0.0500009
0.0498214
0.0500009
0.0500021
0.0500019
0.0500009
0.0500021
0.0500009
0.0500023
0.0500009
0.0500214
0.0500007
0.0500021
0.0500021
0.0500009
0.0500019
0.0500011
0.0500021
0.0500269
0.0500019
0.0500023
0.0500009
0.0500019
0.0500011
0.0500028
0.0500009
0.0499098
0.0500021
0.0500021
0.0500019
0.0500002
0.0500019
0.0500019
0.0500011
0.0498884
0.0500019
0.0500019
0.05005
0.049953
0.0500009
0.0500023
0.0500009
0.0499415
0.0500009
0.0500019
0.0500021
0.0500009
0.0500019
0.0500011
0.0500021
0.0501125
0.0500021
0.0500019
0.0500009
0.0500023
0.0500009
0.0500019
0.0500021
0.0500019
0.0502031
0.0500007
0.0500021
0.0500011
0.0500019
0.0500009
0.0500021
0.0500021
0.0500588
0.0500021
0.0500019
0.0500011
0.0500009
0.0500021
0.0500009
0.0500019
0.049866
0.0500021
0.0500021
0.0500009
0.0500019
0.0500011
0.0500019
0.0500011
0.0499017
0.0500021
0.0500009
0.0500019
0.0500011
0.0500021
0.0500019
0.0500021
0.0500972
0.0500019
0.0500009
0.0500021
0.0500021
0.05
0.0500021
0.0500019
0.0500801
0.049998
0.0500009
0.0500281
0.0499749
0.0500019
0.0500011
0.0500021
0.0500009
0.0506759
0.0500019
0.0500011
0.0500021
0.0500009
0.0500021
0.0500009
0.0500019
0.050317
0.0500009
0.0500021
0.0500009
0.0500021
0.0500021
0.0500009
0.0500019
0.0496237
0.0500009
0.0500021
0.0500021
0.0500009
0.0500011
0.0500019
0.050005
0.0501809
0.0500009
0.0500019
0.0500951
0.0499082
0.0500011
0.0500019
0.0500019
0.0518539
0.0500019
0.0500011
0.0500019
0.0500009
0.0500023
0.0500009
0.0500019
0.0500021
0.0501432
0.0500019
0.0500014
0.0500019
0.0500009
0.0500031
0.05
0.0500021
0.0492814
0.0500011
0.0500019
0.0500021
0.0500011
0.0500028
0.0500002
0.0500019
0.0486748
0.0500019
0.050005
0.0499983
0.0500009
0.0500021
0.0500009
0.0500019
0.0495195
0.0500011
0.0500021
0.0500009
0.0500021
0.0500009
0.0500021
0.0500021
0.0498042
0.0500019
0.0500011
0.0500019
0.0500009
0.0500023
0.0500019
0.0500009
0.0497282
0.0500009
0.0500009
0.0500023
0.0500009
0.0500019
0.0500011
0.050005
0.049998
0.0499234
0.049998
0.050066
0.049937
0.0500019
0.0500021
0.0500011
0.0500019
0.0502024
0.0500019
0.0500009
0.0500021
0.0500009
0.0500021
0.0500021
0.0500009
0.0502963
0.0500011
0.0500019
0.0500009
0.0500023
0.0500019
0.0500019
0.0500011
0.0498536
0.0500011
0.0500009
0.0500019
0.0500011
0.0500019
0.0500021
0.0500021
0.0499337
0.0500009
0.0500033
0.05
0.0500019
0.0500021
0.0500009
0.0500019
0.0500531
0.0500023
0.0500009
0.0500019
0.0500011
0.0500019
0.0500023
0.0500007
0.0500021
0.0498178
0.0500019
0.0500011
0.0500021
0.0500021
0.0500019
0.0500019
0.0500011
0.0500474
0.0500011
0.0500009
0.0500021
0.0500009
0.0500019
0.0500011
0.0500021
0.0502157
0.0500011
0.0500388
0.0499642
0.0500021
0.0500009
0.0500019
0.0500011
0.0503657
0.0500009
0.0500019
0.0500011
0.0500021
0.0500019
0.0500011
0.0500019
0.0496907
0.0500019
0.0500021
0.0500009
0.0500009
0.0500033
0.0500009
0.0500009
0.0500455
0.0496349
0.0500031
0.0500009
0.0500011
0.0500019
0.0500011
0.0500031
0.0499997
0.0499954
0.0500019
0.0500989
0.0499041
0.0500009
0.0500019
0.0500011
0.0500021
0.0500162
0.0500019
0.0500011
0.0500021
0.0500019
0.0500011
0.0500019
0.0500009
0.0502326
0.0500009
0.0500019
0.0500021
0.0500009
0.0500031
0.0500011
0.0500019
0.0498905
0.0500023
0.0500009
0.0500019
0.0500011
0.0500019
0.0500009
0.0500021
0.0498962
0.0500019
0.0500052
0.049998
0.0500009
0.0500021
0.0500009
0.0500019
0.0500011
0.0499473
0.0500009
0.0500019
0.0500021
0.0500009
0.0500023
0.0500009
0.0500019
0.0498581
0.0500021
0.0500019
0.0500009
0.0500021
0.0500021
0.0500009
0.0500021
0.0502224
0.0500011
0.0500009
0.0500019
0.050005
0.049998
0.0500009
0.0500023
0.0506601
0.049999
0.050066
0.049937
0.0500019
0.0500011
0.0500021
0.0500009
0.0508013
0.0500009
0.0500019
0.0500023
0.0500009
0.0500019
0.0500011
0.0500019
0.0504024
0.0500019
0.0500021
0.0500009
0.0500021
0.0500011
0.0500019
0.0500009
0.0500021
0.0503309
0.0500019
0.0500011
0.0500052
0.049998
0.0500009
0.0500019
0.050005
0.0489295
0.0500062
0.0499971
0.0500019
0.0500011
0.0500019
0.0500009
0.0500023
0.0496097
0.0500021
0.0500019
0.0500009
0.0500023
0.0500009
0.0500019
0.0500011
0.0507848
0.0500019
0.0500009
0.0500021
0.0500009
0.0500019
0.0500023
0.0500009
0.0515025
0.0500019
0.0500014
0.0500007
0.0500021
0.0500011
0.0500019
0.050004
0.0499952
0.0500019
0.0500333
0.0499699
0.0500009
0.0500021
0.0500009
0.0500019
0.0500011
0.0492437
0.0500019
0.0500011
0.0500021
0.0500009
0.0500021
0.0500009
0.0500019
0.0490758
0.0500021
0.0500019
0.0500009
0.0500021
0.0500021
0.0500009
0.0500021
0.0493226
0.0500007
0.0500021
0.0500011
0.0500009
0.0500021
0.0500009
0.0500019
0.0500071
0.0500009
0.050091
0.049912
0.0500019
0.0500009
0.0500023
0.0500009
0.0511355
0.0500021
0.0500009
0.0500019
0.0500011
0.0500019
0.0500009
0.0500023
0.0500009
0.0515671
0.0500019
0.0500009
0.0500021
0.0500019
0.0500009
0.0500023
0.0500009
0.0498374
0.0500021
0.0500009
0.0500019
0.0500011
0.0500019
0.0500011
0.0500021
0.048774
0.0500023
0.0500009
0.0500019
0.0500011
0.0500019
0.0500011
0.0500019
0.0491595
0.0500011
0.0500019
0.0500009
0.0500021
0.0500009
0.0500021
0.0500011
0.049988
0.0500019
0.0500011
0.0500021
0.0500019
0.0500011
0.0500019
0.0500019
0.0510368
0.0500011
0.0500028
0.0500002
0.0500019
0.0500009
0.0500033
0.0499997
0.0500021
0.0514112
0.0500541
0.0499489
0.0500009
0.0500021
0.0500009
0.0500021
0.0500021
0.0497985
0.0500019
0.0500009
0.0500021
0.0500009
0.0500019
0.0500011
0.0500021
0.0490241
0.0500011
0.0500021
0.0500009
0.0500021
0.0500019
0.0500019
0.0500011
0.048991
0.0500009
0.0500023
0.0500009
0.0500011
0.0500019
0.0500019
0.0500011
0.0496204
0.0500009
0.0500019
0.0500011
0.0500019
0.0500009
0.0500021
0.0500021
0.0500011
0.051038
0.0500009
0.0500023
0.0500009
0.0500021
0.0500019
0.0500009
0.0500023
0.0522392
0.0500023
0.0500009
0.0500019
0.0500011
0.0500019
0.0500021
0.0500021
0.050302
0.0500021
0.0500011
0.0500019
0.0500009
0.0500021
0.0500009
0.0500023
0.0489926
0.0500188
0.049984
0.0500023
0.0500009
0.0500019
0.0500021
0.0500009
0.0493681
0.0500011
0.0500019
0.0500009
0.0500021
0.0500009
0.0500021
0.0500021
0.0506458
0.0500019
0.0500011
0.0500019
0.0500009
0.0500033
0.0500009
0.0500019
0.0500011
0.0486984
0.0500011
0.0500019
0.0500009
0.0500011
0.0500019
0.0500021
0.0500021
0.0492008
0.050077
0.049926
0.0500011
0.0500019
0.0500019
0.0500011
0.0500019
0.04953
0.0500019
0.0500011
0.0500019
0.0500009
0.0500023
0.0500019
0.0500009
0.049458
0.0500009
0.0500023
0.0500009
0.0500019
0.0500021
0.0500009
0.0500019
0.0510452
0.0500011
0.0500019
0.0500009
0.0500023
0.0500009
0.0500019
0.0500011
0.0499797
0.0500019
0.0500009
0.0500011
0.0500019
0.0500021
0.0500011
0.0500019
0.0500009
0.0497622
0.0500009
0.0500021
0.0500009
0.0500021
0.0500021
0.0500009
0.0500019
0.048939
0.0500019
0.0500009
0.0500023
0.0500019
0.0500019
0.0500011
0.0500019
0.0494006
0.0500021
0.050004
0.049999
0.0500009
0.0500021
0.0500009
0.0500021
0.0503945
0.0500369
0.0499659
0.0500021
0.0500021
0.0500009
0.0500021
0.0500009
0.0510087
0.0500011
0.0500019
0.0500009
0.0500023
0.0500019
0.0500009
0.0500021
0.0500021
0.0503345
0.0500009
0.0500019
0.0500021
0.0500019
0.0500021
0.0500011
0.0500009
0.0516067
0.0500019
0.0500011
0.0500009
0.0500023
0.0500009
0.0500019
0.0500011
0.0497508
0.050091
0.0499117
0.0500021
0.0500009
0.0500021
0.0500011
0.0500019
0.0502362
0.0500019
0.0500009
0.0500021
0.0500019
0.0500009
0.0500023
0.0500009
0.0496936
0.0500011
0.0500019
0.0500021
0.0500011
0.0500019
0.0500011
0.0500031
0.0494821
0.0500019
0.0500009
0.0500011
0.0500021
0.0500019
0.0500011
0.0500009
0.0500019
0.0480447
0.0500019
0.0500019
0.0500011
0.0500019
0.0500011
0.0500021
0.0500009
0.0494587
0.0500009
0.0500021
0.0500021
0.0500009
0.0500019
0.0500011
0.0500019
0.0498052
0.0500019
0.0500021
0.0500011
0.0500019
0.0500019
0.0500011
0.0500019
0.0503123
0.0500011
0.0500009
0.0500019
0.0500023
0.0500007
0.0500009
0.0500023
0.051702
0.0500379
0.0499649
0.0500011
0.0500019
0.0500009
0.0500023
0.0500007
0.0500023
0.052002
0.0500019
0.0500021
0.0500011
0.0500019
0.0500009
0.0500021
0.0500009
0.0531228
0.0500021
0.0500011
0.0500019
0.0500019
0.0500021
0.0500011
0.0500019
0.050925
0.0500031
0.0500007
0.0500014
0.0500019
0.0500019
0.0500011
0.0500059
0.0430672
0.050086
0.049917
0.0500021
0.0500009
0.0500021
0.0500009
0.0500019
0.0501339
0.0500023
0.0500019
0.0500009
0.0500021
0.0500009
0.0500021
0.0500021
0.0501754
0.0500021
0.0500009
0.0500021
0.0500021
0.0500009
0.0500019
0.0500011
0.0500021
0.0493526
0.0500021
0.0500019
0.0500009
0.0500023
0.0500009
0.0500009
0.0500021
0.0496118
0.0500009
0.0500021
0.0500009
0.0500019
0.0500011
0.0500021
0.0500019
0.0499997
0.0500021
0.0500011
0.0500019
0.0500009
0.0500021
0.0500009
0.0500019
0.0498841
0.0500011
0.0500019
0.0500019
0.0500023
0.0500009
0.0500019
0.0500011
0.0497687
0.0500019
0.0500021
0.05
0.0500019
0.0500011
0.0500009
0.0500023
0.0500445
0.050025
0.0499783
0.0500009
0.0500019
0.0500011
0.0500019
0.0500021
0.0500009
0.0520074
0.0500009
0.0500019
0.0500014
0.0500019
0.0500009
0.0500021
0.0500019
0.0526536
0.0500021
0.0500011
0.0500019
0.0500019
0.0500023
0.0500007
0.0500009
0.0478315
0.0500021
0.0500009
0.0500011
0.0500019
0.0500009
0.0500021
0.0500021
0.0492742
0.050071
0.0499318
0.0500023
0.0500009
0.0500019
0.0500011
0.0500019
0.0498703
0.0500007
0.0500021
0.0500011
0.0500019
0.0500009
0.0500021
0.0500021
0.0500009
0.0510681
0.0500009
0.0500019
0.0500021
0.0500021
0.0500009
0.0500021
0.0500009
0.0532362
0.0500019
0.0500019
0.0500011
0.0500009
0.0500021
0.0500021
0.0500009
0.0512304
0.0500009
0.0500019
0.0500011
0.0500021
0.0500019
0.0500011
0.0500019
0.0487397
0.0500019
0.0500011
0.0500019
0.0500011
0.0500021
0.0500019
0.0500011
0.0481663
0.0500009
0.0500021
0.0500011
0.0500028
0.0500009
0.0500011
0.0500019
0.0487354
0.0500019
0.0500021
0.0500009
0.0500021
0.0500011
0.0500019
0.0500009
0.0500021
0.0493279
0.05
0.0500011
0.0500019
0.0500019
0.0500011
0.0500021
0.0500009
0.0501008
0.0500009
0.0500023
0.0500009
0.0500019
0.0500021
0.0500009
0.0500019
0.0519984
0.0500009
0.0500011
0.0500019
0.0500019
0.0500023
0.0500019
0.0500011
0.0515437
0.0500019
0.0500009
0.0500023
0.0500009
0.0500021
0.0500009
0.0500019
0.04951
0.0500448
0.0499573
0.0500019
0.0500019
0.0500011
0.0500021
0.0500009
0.0501356
0.0487342
0.0500021
0.0500011
0.0500019
0.0500019
0.0500011
0.0500021
0.0500007
0.0482872
0.0500009
0.0500021
0.0500019
0.0500009
0.0500023
0.0500019
0.0500019
0.0489488
0.0500011
0.0500009
0.0500021
0.0500021
0.0500007
0.0500023
0.0500019
0.050045
0.0500889
0.0499141
0.0500009
0.0500021
0.0500021
0.0500007
0.0500023
0.0521393
0.0500019
0.0500009
0.0500021
0.0500021
0.0500007
0.0500023
0.0500009
0.0540612
0.0500011
0.0500021
0.0500009
0.0500021
0.0500019
0.0500009
0.0500021
0.0500021
0.0516789
0.0500021
0.0500021
0.0500009
0.0500011
0.0500019
0.0500019
0.0500011
0.0500019
0.0500009
0.0500011
0.0500021
0.0500019
0.0500011
0.0500019
0.0500011
0.0500019
0.0500009
0.0500023
0.0500019
0.0500009
0.0500021
0.0500009
0.0500019
0.0489135
0.0500009
0.0500019
0.0500011
0.0500021
0.0500011
0.0500019
0.0500019
0.048171
0.0500021
0.0500009
0.0500021
0.0500021
0.0500009
0.0500019
0.0500011
0.048748
0.050024
0.0499787
0.0500011
0.0500021
0.0500011
0.0500019
0.0500009
0.0500021
0.049099
0.0500023
0.0500019
0.0500009
0.0500021
0.0500009
0.0500021
0.0500011
0.0486197
0.0500009
0.0500019
0.0500021
0.0500021
0.0500007
0.0500023
0.0500009
0.0489337
0.0500021
0.0500011
0.0500009
0.0500019
0.0500042
0.0499988
0.0500019
0.0496678
0.0500662
0.049937
0.0500019
0.0500011
0.0500019
0.0500011
0.0500021
0.0511003
0.0500023
0.0500019
0.0500009
0.0500021
0.0500009
0.0500021
0.0500009
0.0517812
0.0500009
0.0500021
0.0500021
0.0500019
0.0500011
0.0500019
0.0500009
0.0500021
0.0498247
0.0500019
0.0500011
0.0500019
0.0500019
0.0500011
0.0500009
0.0500021
0.0489738
0.0500011
0.0500019
0.0500009
0.0500021
0.0500009
0.0500019
0.0500014
0.048981
0.0500019
0.0500009
0.0500021
0.0500009
0.0500019
0.0500011
0.0500021
0.0497026
0.0500019
0.0500019
0.0500011
0.0500021
0.0500021
0.0500009
0.0500019
0.0515392
0.0500019
0.0500011
0.0500021
0.0500011
0.0500019
0.0500009
0.0500021
0.0496457
0.0537751
0.0500021
0.0500009
0.0500023
0.0500009
0.0500019
0.0500011
0.0500019
0.0525494
0.0500011
0.0500019
0.0500009
0.0500023
0.0500009
0.0500019
0.0500021
0.0500009
0.0500021
0.0500011
0.0500019
0.0500019
0.0500011
0.0500019
0.0500011
0.0500021
0.0500019
0.0500011
0.0500009
0.0500019
0.0500021
0.0500009
0.0500021
0.0500011
0.0500407
0.049962
0.0500021
0.0500009
0.0500019
0.0500011
0.0500021
0.0500021
0.0500009
0.0500019
0.0500011
0.0500021
0.0500007
0.0500023
0.0500009
0.0500019
0.0500021
0.0500009
0.0500021
0.0500021
0.0500019
0.0500009
0.0500011
0.0500019
0.0489275
0.0500019
0.0500011
0.0500021
0.0500019
0.0500042
0.0499988
0.0500011
0.0473673
0.0500817
0.049921
0.0500011
0.0500019
0.0500009
0.0500021
0.0500021
0.0480819
0.0500019
0.0500009
0.0500021
0.0500009
0.0500023
0.0500009
0.0500019
0.0488245
0.0500009
0.0500019
0.0500011
0.0500031
0.0500009
0.0500011
0.0500019
0.0503006
0.0500021
0.0500021
0.0500009
0.0500009
0.0500021
0.0500009
0.0500019
0.0500023
0.0515137
0.0500021
0.0500011
0.0500019
0.0500011
0.0500019
0.0500019
0.0500014
0.051687
0.0500009
0.0500019
0.0500011
0.0500021
0.0500011
0.0500019
0.0500019
0.0492389
0.0500021
0.0500009
0.0500019
0.0500023
0.0500009
0.0500019
0.0500021
0.0489216
0.0500009
0.0500021
0.0500021
0.0500009
0.0500021
0.0500019
0.0500009
0.049639
0.0500128
0.0499902
0.0500019
0.0500009
0.0500023
0.0500019
0.0500009
0.0500021
0.0506823
0.0500021
0.0500011
0.0500019
0.0500011
0.0500019
0.0500021
0.0500011
0.0508862
0.0500009
0.0500021
0.0500019
0.0500019
0.0500011
0.0500021
0.0500009
0.048564
0.0500011
0.0500009
0.0500028
0.0500011
0.0500031
0.05
0.0500009
0.0495405
0.0500529
0.0499499
0.0500011
0.0500019
0.0500023
0.0500009
0.0500019
0.0497859
0.0500021
0.0500009
0.0500019
0.0500011
0.0500021
0.0500019
0.0500011
0.0513704
0.0500011
0.0500021
0.0500009
0.0500031
0.0500009
0.0500009
0.0500021
0.0500021
0.0526125
0.0500019
0.0500011
0.0500021
0.0500011
0.0500019
0.0500009
0.0500021
0.0520809
0.050091
0.0499117
0.0500023
0.0500019
0.0500009
0.0500021
0.0500009
0.0500023
0.0500009
0.0500019
0.0500011
0.0500019
0.0500019
0.0500011
0.0500021
0.0500009
0.0500021
0.0500009
0.0500019
0.0500021
0.0500021
0.0500009
0.0500021
0.0500019
0.0500002
0.0500019
0.0500019
0.0500014
0.0500019
0.0500009
0.0500021
0.0500009
0.0500071
0.0499959
0.0500021
0.0500019
0.0500011
0.0500019
0.0500011
0.0500019
0.0500009
0.0500023
0.0500009
0.0500019
0.0500021
0.0500009
0.0500019
0.0500011
0.0478184
0.0500011
0.0500019
0.0500019
0.0500019
0.0500011
0.0500021
0.0500021
0.0476894
0.0500019
0.0500002
0.0500019
0.0500031
0.0500011
0.0500009
0.0500011
0.0482526
0.050015
0.049988
0.0500021
0.0500009
0.0500019
0.0500011
0.0500019
0.0491278
0.0500019
0.0500011
0.0500019
0.0500021
0.0500011
0.0500019
0.0500011
0.0500019
0.0497465
0.0500019
0.0500019
0.0500011
0.0500031
0.0500002
0.0500028
0.05
0.0509515
0.0500009
0.0500011
0.0500019
0.0500019
0.0500011
0.0500009
0.0500021
0.0513237
0.0500522
0.0499511
0.0500011
0.0500019
0.0500009
0.0500021
0.0500009
0.0497205
0.0500023
0.0500009
0.0500019
0.0500011
0.0500019
0.0500011
0.0500021
0.0489881
0.0500009
0.0500019
0.0500011
0.0500019
0.0500021
0.0500021
0.05
0.049077
0.0500014
0.0500007
0.0500021
0.0500021
0.0500009
0.0500019
0.0500011
0.0500009
0.0498946
0.0500879
0.0499151
0.0500019
0.0500011
0.0500019
0.0500009
0.0500023
0.0515649
0.0500011
0.0500019
0.0500011
0.0500021
0.0500009
0.0500021
0.0500009
0.0535672
0.0500023
0.0500009
0.0500019
0.0500021
0.0500009
0.0500019
0.0500011
0.051507
0.0500011
0.0500019
0.0500021
0.0500011
0.0500009
0.0500019
0.0500011
0.0498614
0.0500028
0.0500002
0.0500019
0.0500009
0.0500023
0.0500007
0.0500023
0.0500019
0.0498862
0.0500021
0.0500009
0.0500021
0.0500011
0.0500019
0.0500009
0.0500021
0.0506856
0.0500009
0.0500023
0.0500009
0.0500028
0.0500011
0.0500009
0.0500019
0.0495737
0.0500009
0.0500021
0.0500009
0.0500021
0.0500011
0.0500009
0.0500019
0.0486994
0.0500102
0.0499928
0.0500011
0.0500021
0.0500009
0.0500021
0.0500019
0.0493379
0.0500019
0.0500011
0.0500021
0.0500009
0.0500021
0.0500009
0.0500019
0.049834
0.0500011
0.0500019
0.0500021
0.0500011
0.0500019
0.0500019
0.0500011
0.0500009
0.0492904
0.05
0.0500019
0.0500011
0.0500021
0.0500009
0.0500021
0.0500019
0.0474687
0.0500469
0.0499561
0.0500019
0.0500009
0.0500021
0.0500009
0.0500021
0.0482028
0.0500011
0.0500019
0.0500011
0.0500019
0.0500009
0.0500023
0.0500019
0.0498254
0.0500019
0.0500011
0.0500021
0.0500019
0.0500021
0.0500009
0.0500011
0.052525
0.0500021
0.0500009
0.0500021
0.0500009
0.0500009
0.0500021
0.0500019
0.054981
0.0499978
0.0500789
0.0499241
0.0500009
0.0500023
0.0500007
0.0500021
0.0500021
0.0506527
0.0500019
0.0500011
0.0500019
0.0500011
0.0500021
0.0500019
0.0500011
0.04935
0.0500009
0.0500023
0.0500009
0.0500019
0.0500021
0.0500009
0.0500019
0.0487509
0.0500009
0.0500011
0.0500021
0.0500021
0.0500019
0.0500009
0.0500011
0.0500019
0.0500021
0.0500011
0.0500009
0.0500019
0.0500021
0.0500009
0.0500019
0.0503438
0.0500019
0.0500011
0.0500021
0.0500009
0.0500021
0.0500019
0.0500009
0.0500021
0.0505092
0.0500021
0.0500009
0.0500021
0.0500021
0.0500019
0.0500019
0.0500002
0.0500028
0.0500011
0.0500009
0.0500021
0.0500011
0.0500019
0.0500019
0.0500011
0.0483921
0.0500019
0.0500011
0.0500019
0.0500009
0.0500023
0.0500019
0.0500011
0.0479956
0.0500011
0.0500019
0.0500011
0.0500021
0.0500019
0.0500011
0.0500019
0.0490129
0.0500009
0.0500011
0.0500019
0.0500019
0.0500011
0.0500019
0.0500021
0.0507109
0.0500021
0.0500009
0.0500031
0.0500002
0.0500019
0.0500011
0.0500069
0.0499959
0.0517273
0.0500302
0.049973
0.0500011
0.0500019
0.0500019
0.0500011
0.0500021
0.0518053
0.0500021
0.0500009
0.0500021
0.0500019
0.0500009
0.0500021
0.0500009
0.051419
0.0500019
0.0500009
0.0500011
0.0500031
0.0500009
0.0500021
0.0500009
0.0500019
0.0500011
0.0500019
0.0500011
0.0500021
0.0500009
0.0500038
0.0499992
0.0500019
0.0500021
0.0500641
0.0499389
0.0500011
0.0500019
0.0500009
0.0500021
0.0500009
0.0495005
0.0500011
0.0500019
0.0500021
0.0500011
0.0500019
0.0500009
0.0500021
0.0472815
0.0500019
0.0500011
0.0500019
0.0500021
0.0500019
0.0500011
0.0500019
0.0479867
0.0500019
0.0500021
0.0500009
0.0500009
0.0500023
0.0500009
0.0500019
0.0492632
0.0500011
0.0501001
0.0499029
0.0500021
0.0500009
0.0500019
0.0500011
0.0487616
0.0500009
0.0500021
0.0500021
0.0500009
0.0500021
0.0500009
0.0500019
0.0495234
0.0500021
0.0500009
0.0500019
0.0500021
0.0500021
0.0500009
0.0500021
0.0500009
0.0505614
0.0500011
0.0500021
0.0500009
0.0500021
0.0500019
0.0500009
0.0500011
0.0516071
0.0500009
0.0500021
0.0500019
0.0500009
0.0500023
0.0500009
0.0500019
0.0506389
0.0500019
0.0500019
0.0500011
0.0500019
0.0500011
0.0500021
0.0500009
0.0493393
0.0500011
0.0500019
0.0500021
0.0500011
0.0500019
0.0500009
0.0500021
0.0489388
0.0500019
0.0500011
0.0500009
0.0500021
0.0500021
0.0500009
0.0500019
0.0491858
0.0500021
0.0500138
0.0499892
0.0500009
0.0500021
0.0500009
0.0500019
0.0500011
0.0500164
0.0500021
0.0500009
0.0500019
0.0500011
0.0500021
0.0500009
0.0500021
0.0506842
0.0500019
0.0500021
0.0500009
0.0500019
0.0500023
0.0500009
0.0500019
0.0488868
0.0500011
0.0500019
0.0500009
0.0500023
0.0500009
0.0500019
0.0500011
0.0492578
0.0500019
0.0500491
0.0499539
0.0500019
0.0500009
0.0500023
0.0500009
0.0497839
0.0500023
0.0500007
0.0500023
0.0500009
0.0500019
0.0500011
0.0500019
0.0500112
0.0501873
0.0500019
0.0500011
0.0500019
0.0500021
0.0500011
0.0500019
0.0500019
0.0514233
0.0500019
0.0500021
0.0500009
0.0500009
0.0500023
0.0500019
0.0500009
0.0493329
0.049999
0.050081
0.049922
0.0500009
0.0500021
0.0500009
0.0500021
0.0496213
0.0500009
0.0500023
0.0500009
0.0500019
0.0500011
0.0500019
0.0500009
0.0494351
0.0500021
0.0500009
0.0500021
0.0500011
0.0500028
0.0500009
0.0500021
0.0498352
0.0500009
0.0500021
0.0500009
0.0500019
0.0500021
0.0500009
0.0500021
0.0500011
0.0503757
0.0500009
0.0500021
0.0500009
0.0500019
0.0500011
0.0500019
0.0500021
0.0502739
0.0500019
0.0500009
0.0500023
0.0500009
0.0500019
0.0500011
0.0500019
0.0495245
0.0500009
0.0500019
0.0500011
0.0500019
0.0500021
0.0500011
0.0500019
0.0498242
0.0500033
0.0500009
0.0500009
0.0500011
0.0500019
0.0500011
0.0500019
0.0500348
0.0500011
0.0500019
0.0500011
0.0500019
0.0500009
0.0500023
0.0500019
0.050514
0.0500021
0.0500009
0.0500019
0.0500011
0.0500021
0.0500011
0.0500019
0.0500019
0.0508602
0.0500019
0.0500021
0.0500009
0.0500019
0.0500023
0.0500009
0.0500009
0.0485909
0.0500023
0.0500009
0.0500011
0.0500019
0.0500019
0.0500011
0.0500021
0.0498362
0.0500019
0.0500193
0.049984
0.0500009
0.0500019
0.0500021
0.0500009
0.0506265
0.0500011
0.0500021
0.0500009
0.0500021
0.0500009
0.0500019
0.0500021
0.0498157
0.0500019
0.0500011
0.0500021
0.0500007
0.0500023
0.0500019
0.0500019
0.049525
0.0500019
0.0500011
0.0500021
0.0500011
0.0500019
0.0500009
0.0500021
0.0500009
0.0502498
0.0500019
0.0500491
0.049953
0.0500019
0.0500021
0.0500011
0.0500019
0.0500085
0.0500021
0.0500009
0.0500021
0.0500011
0.0500019
0.0500019
0.0500011
0.0499854
0.0500009
0.0500019
0.0500011
0.0500019
0.0500021
0.0500009
0.0500021
0.0500655
0.0500009
0.0500021
0.0500021
0.0500009
0.0500009
0.0500021
0.0500009
0.0499616
0.0500066
0.0499961
0.050081
0.049922
0.0500019
0.0500011
0.0500021
0.0500009
0.049963
0.0500011
0.0500019
0.0500019
0.0500011
0.0500021
0.0500007
0.0500023
0.0500534
0.0500021
0.0500009
0.0500019
0.0500023
0.0500019
0.0500009
0.0500021
0.0499444
0.0500019
0.0500019
0.0500011
0.0500021
0.0500011
0.0500009
0.0500019
0.0500333
0.0500011
0.0500009
0.0500021
0.0500021
0.0500009
0.0500021
0.0500009
0.0500863
0.0500009
0.0500019
0.0500021
0.0500009
0.0500019
0.0500011
0.0500021
0.049952
0.0500021
0.0500009
0.0500019
0.0500021
0.0500009
0.0500023
0.0500019
0.0500019
0.0501089
0.0500021
0.0500011
0.0500009
0.0500021
0.0500019
0.0500009
0.0500021
0.0499389
0.0500009
0.0500023
0.0500019
0.0500009
0.0500021
0.0500009
0.0500021
0.0497801
0.0500021
0.0500009
0.0500019
0.0500023
0.0500009
0.0500021
0.0500009
0.0511751
0.0500009
0.0500023
0.0500019
0.0500009
0.0500021
0.0500019
0.0500009
0.0495484
0.0500019
0.0500009
0.0500021
0.0500009
0.0500009
0.0500023
0.0500019
0.0495994
0.0500019
0.0500011
0.050025
0.0499783
0.0500019
0.0500009
0.0500021
0.0500009
0.0512989
0.0500019
0.0500011
0.0500021
0.0500009
0.0500021
0.0500009
0.0500019
0.048686
0.0500021
0.0500021
0.0500009
0.0500019
0.0500021
0.0500009
0.0500021
0.0497518
0.0500009
0.0500021
0.0500019
0.05
0.0500021
0.0500021
0.0500009
0.0505643
0.0500021
0.0500019
0.050056
0.0499473
0.0500009
0.0500019
0.0500011
0.0497117
0.0500011
0.0500019
0.0500019
0.0500011
0.0500019
0.0500011
0.0500021
0.0500019
0.049758
0.0500021
0.0500009
0.0500021
0.0500011
0.0500019
0.0500019
0.0500011
0.0499692
0.0500009
0.0500028
0.0500011
0.0500009
0.0500023
0.0500009
0.0500019
0.0503755
0.0500071
0.0499959
0.0500858
0.0499172
0.0500021
0.0500009
0.0500021
0.050354
0.0500007
0.0500023
0.0500009
0.0500019
0.0500011
0.0500019
0.0500009
0.0501392
0.0500019
0.0500009
0.0500023
0.0500019
0.0500009
0.0500021
0.0500009
0.0495563
0.0500009
0.0500021
0.0500019
0.0500009
0.0500011
0.0500021
0.0500019
0.0500011
0.0496604
0.0500009
0.0500021
0.0500009
0.0500019
0.0500011
0.0500021
0.0500019
0.050019
0.0500019
0.0500009
0.0500023
0.0500009
0.0500019
0.0500011
0.0500019
0.0502217
0.0500009
0.0500019
0.0500011
0.0500019
0.0500011
0.0500019
0.0500021
0.0502632
0.0500021
0.0500021
0.0500009
0.0500019
0.0500011
0.0500009
0.0500019
0.0495291
0.0500009
0.0500023
0.0500028
0.05
0.0500011
0.0500019
0.0500009
0.0500021
0.0500367
0.0500009
0.0500021
0.0500009
0.0500019
0.0500011
0.0500019
0.0500021
0.050148
0.0500019
0.0500011
0.0500021
0.0500009
0.0500021
0.0500019
0.0500019
0.0498896
0.0500023
0.0500009
0.0500019
0.050005
0.049998
0.0500009
0.0500021
0.0499346
0.0500023
0.0500007
0.0500231
0.0499802
0.0500019
0.0500019
0.0500011
0.0500093
0.0500011
0.0500019
0.0500009
0.0500021
0.0500009
0.0500019
0.0500023
0.0499938
0.0500019
0.0500011
0.0500019
0.0500009
0.0500021
0.0500009
0.0500031
0.0500021
0.0499814
0.0500009
0.0500021
0.0500009
0.0500009
0.0500021
0.0500019
0.0500009
0.05001
0.0500019
0.0500009
0.0500569
0.0499461
0.0500021
0.0500011
0.0500019
0.0500002
0.0500019
0.0500011
0.0500019
0.0500009
0.0500021
0.0500021
0.0500009
0.0499926
0.0500011
0.0500021
0.0500007
0.0500023
0.0500009
0.0500019
0.0500021
0.0499954