66.3952
56.2403
51.928
62.2415
56.0488
57.5472
57.5374
57.1504
53.7602
39.9015
49.5844
50.2884
51.8942
53.4799
42.8648
50.1828
49.5789
59.4121
53.4637
53.069
58.0546
60.0308
62.7768
63.7781
56.7809
50.7464
52.8659
50.1693
49.0296
52.2905
51.3548
59.6506
57.4671
53.2339
49.5396
47.0966
42.4338
53.4437
51.9562
58.8559
53.8742
55.9626
58.4302
62.6006
62.0557
64.5375
64.5457
62.3095
55.781
57.6711
44.4805
37.2824
39.8474
42.529
43.9581
37.8248
36.405
38.1367
38.7056
43.7353
39.372
42.7402
49.857
44.9611
49.0219
49.7546
54.9128
59.9351
58.9203
56.9251
52.6969
52.1567
52.94
52.0313
49.9048
51.7778
50.7749
41.8966
42.8503
38.4235
42.9258
40.6127
45.1664
54.4708
63.133
55.6393
63.3436
59.2142
56.1859
52.6745
60.8961
59.849
61.5171
63.2625
60.6279
62.1906
59.3443
56.2241
59.5853
69.6208
65.0193
68.1672
56.3194
61.6023
56.3357
51.9637
49.1044
49.7586
49.0064
49.6975
53.1726
51.8974
53.9359
54.124
49.2353
52.0335
58.1561
58.9915
56.5675
52.2597
53.4048
46.3857
50.6082
48.6574
56.3177
54.9388
52.042
47.4441
41.0751
45.6045
45.0492
54.6024
33.1798
29.522
32.4537
30.3442
29.1228
24.0062
60.8561
24.2362
28.4733
30.1367
29.5139
25.8882
23.3867
26.6021
29.0826
29.7287
31.7183
28.2336
31.2985
31.3292
28.7447
33.7404
37.1223
39.2453
35.7645
39.1187
44.5154
41.201
45.529
41.0275
48.2804
48.6205
49.99
47.1877
51.1366
47.7183
46.9421
49.8578
52.5748
55.7792
55.1268
51.7997
51.7008
56.9777
55.4854
51.1757
55.0888
56.9521
56.5455
53.5324
54.9036
55.9838
55.068
55.5644
54.7923
49.2825
50.2935
42.7355
43.1729
56.2991
56.8916
59.4085
54.8284
58.3472
56.7473
51.7826
48.4494
47.7234
43.842
48.4654
53.7696
55.9717
56.395
58.6479
64.1006
68.7828
69.2643
70.0057
66.8245
65.4694
67.6587
64.9468
65.5148
64.9246
62.313
66.1555
68.4782
67.9858
68.3624
67.8129
67.4447
68.4299
70.2728
68.855
62.9514
59.776
59.7525
57.2819
55.7103
55.3449
53.2217
54.8336
58.2212
57.3083
56.6033
53.5285
53.1256
54.937
52.1655
47.5871
47.8692
46.5571
44.4899
46.1573
48.084
50.6665
50.9599
50.6506
55.5406
55.1037
63.8168
58.6325
56.3682
62.926
62.3694
57.0585
58.2727
62.0269
65.329
59.1953
56.6351
51.8768
57.4553
58.5562
61.7409
58.6244
49.7912
48.0439
48.2572
48.9814
54.4405
54.4036
51.7952
49.4307
39.5256
40.4492
45.1618
35.1417
33.7055
43.6388
47.1375
47.8699
50.6513
46.6149
53.2703
44.1356
47.9044
54.4393
55.1456
57.5948
55.4565
47.4159
44.4298
48.1884
49.8452
52.7483
63.1957
52.0832
56.592
60.8444
65.3344
56.9085
52.8104
50.0545
55.2187
61.1075
64.1361
58.6959
56.2022
49.6307
52.6804
51.5847
52.1087
51.6905
52.4045
49.4927
44.9242
44.6438
43.1394
43.8138
37.6961
38.032
37.413
38.4447
36.6589
39.7634
33.6873
27.4459
24.1167
37.5995
22.2064
18.4631
16.7738
19.137
19.448
19.9174
19.6769
19.8604
17.908
22.4537
24.3008
23.4856
24.473
24.0248
27.5594
33.9526
39.3637
43.789
50.0349
52.804
48.9051
46.0606
60.5463
44.6298
45.9937
50.2757
52.9524
54.9942
59.8347
57.5545
58.1084
62.1363
65.2597
71.204
68.6805
66.9493
63.7207
63.3302
69.587
66.7762
66.6815
61.344
63.1968
58.7834
57.1791
50.8145
50.4574
56.1067
55.2276
59.1799
62.1505
63.3854
66.0212
59.0292
52.8657
60.188
54.4935
64.828
59.4892
62.778
56.6719
55.3995
55.7803
60.0734
61.716
63.9002
58.9675
59.6649
60.9184
60.3749
54.5567
51.885
53.6127
55.7978
54.5928
53.5914
54.2489
62.0424
64.3144
57.1779
51.7334
50.9674
50.7558
55.2462
67.1708
61.0059
62.8563
59.9829
55.039
47.3617
51.9711
51.0528
54.252
55.1592
49.6864
46.4434
45.8196
53.9354
44.1581
52.3902
54.8833
43.4746
45.7716
50.6746
47.1295
46.9281
56.8989
62.0418
64.0621
63.4986
52.9664
54.2381
54.7786
54.4306
59.233
50.2455
56.3731
63.3585
55.7417
52.0291
49.8737
53.0504
58.9855
59.0367
57.4957
56.3156
55.5398
52.5111
52.6978
53.9087
51.6927
48.6993
41.3376
40.8731
41.5058
40.5168
42.7249
36.3362
34.9175
31.9394
35.4517
33.3683
29.499
31.995
29.0386
39.7921
23.8969
30.8656
27.4289
22.484
22.8605
22.8801
24.9313
23.1655
26.0328
27.458
28.5053
30.5595
28.3954
28.4197
28.2136
35.5045
34.9931
33.72
31.0909
29.5667
29.9505
29.4678
32.0829
33.7669
35.4465
33.7224
34.2005
33.5911
30.9781
29.1805
33.0065
36.7263
36.2633
31.2945
29.9777
21.8823
32.5686
23.0505
33.4102
53.6464
27.0915
51.5158
47.957
38.1948
64.4901
26.2958
60.7649
50.9731
45.8363
39.1845
40.023
40.9596
35.539
33.2145
34.1319
33.2682
33.1027
30.9722
29.1246
29.2996
29.2777
31.9692
29.0611
31.1021
37.2237
35.8272
34.2932
33.2482
34.2782
39.0441
36.2328
38.9988
37.4757
41.8746
45.4849
49.1317
42.6111
44.3528
46.1078
44.7996
44.6035
42.5224
48.0051
44.4164
43.4317
43.7438
42.4911
40.6187
42.8633
45.8681
49.7379
53.547
53.3
46.4095
45.9829
50.2571
48.2468
51.5918
47.2323
39.9857
45.8015
36.2952
37.0607
47.4906
50.7424
45.7621
46.5275
52.5594
41.2243
47.449
52.176
47.5557
46.6991
44.557
49.3055
50.7852
46.1298
35.7541
35.7156
45.618
46.3228
47.6222
44.3386
46.9252
52.0941
48.6233
45.5157
30.4073
34.4913
40.038
39.9953
46.5616
44.5355
39.7966
41.9409
47.0017
45.4086
46.178
40.6498
40.7629
44.0932
47.8187
54.1899
57.5442
65.2668
64.4679
60.2179
59.3111
56.975
50.8444
44.2048
41.5686
49.884
52.4657
53.1153
54.9335
55.7292
50.3887
37.3269
40.5837
36.4785
39.7341
39.8257
41.0079
46.8699
44.5496
47.9283
47.5824
45.4306
48.2686
52.5186
55.0267
51.9731
51.3741
54.3231
57.4539
71.5443
50.1665
55.0566
54.1539
54.7094
64.034
65.6022
65.1349
65.9175
70.7076
74.7103
65.8288
57.0127
54.2083
55.5892
47.4003
52.0483
47.6037
43.2555
46.1212
54.4516
42.1302
44.8569
45.1899
51.1892
50.7072
51.747
60.9652
67.6026
69.3888
67.0796
57.6011
52.7336
62.092
57.1445
50.4744
58.4589
57.0016
55.2946
52.243
56.0238
51.6879
51.8027
57.1636
46.8841
44.0944
53.9704
56.6588
55.1708
51.8552
51.098
59.7718
54.3968
54.7696
55.3322
51.849
52.0075
47.2755
56.0031
49.6514
47.6978
48.4457
49.9285
49.5674
48.1307
54.2247
49.0615
54.5326
52.7029
54.2735
52.7053
51.6796
44.9809
34.2402
29.1367
30.8061
36.6688
40.3895
39.8192
33.9714
28.7983
32.4889
31.7114
30.9383
33.3063
24.7347
22.755
26.4416
30.6301
35.1359
36.127
32.9319
32.8757
27.7529
67.63
46.9476
43.0003
37.0314
27.351
22.8579
24.8564
21.5536
22.4428
24.0722
23.7119
23.0083
22.4966
41.6363
37.6753
32.3925
35.8871
34.3734
39.9883
41.6905
45.2965
50.5059
52.7761
57.3376
64.5579
60.7571
53.1938
50.6059
49.8793
53.6757
55.67
54.2447
55.5199
55.0988
55.0172
55.4699
55.2823
54.249
52.3364
50.6571
49.9758
47.819
47.6665
46.6467
45.5748
46.5066
49.9983
44.8578
41.0284
40.3941
41.5558
41.2796
45.8399
47.0068
48.7954
46.7372
48.5031
43.6561
46.0827
44.555
46.4438
50.4473
51.1487
51.8982
51.333
49.853
48.8597
49.8512
47.6825
44.7088
39.9009
43.6656
42.0708
41.1797
30.0296
23.3192
30.0052
32.4446
37.4769
36.2841
44.7972
44.765
50.2536
37.8105
37.9292
30.3345
30.7934
27.849
31.1221
27.7717
28.6306
35.5432
22.5647
17.9068
18.4982
46.1779
15.8568
16.9356
59.7145
17.789
16.288
20.0407
18.0671
15.8614
18.3825
16.6948
24.2521
32.0093
40.888
47.9801
48.7245
53.0017
49.6968
40.8083
35.694
32.0139
26.1634
24.9583
45.8869
31.8673
53.8006
54.9213
58.5471
58.2291
57.7512
53.7645
47.2285
40.4501
40.4312
41.3736
44.9347
47.3313
43.8033
40.9229
38.5657
41.7533
40.1981
32.3481
36.026
34.047
39.344
36.7796
40.0859
41.6274
35.3396
34.0237
33.3832
39.7852
38.3642
38.5188
31.4282
35.4836
33.9972
41.8842
43.2062
41.8988
40.4921
37.6581
73.591
37.7235
66.4004
51.2176
49.3218
47.4519
48.4109
53.1565
55.3985
57.1907
56.0306
56.2473
56.9462
60.7363
61.5913
58.2442
55.6934
54.0658
54.7189
53.8984
56.5149
53.5865
55.0986
53.0108
51.7995
53.8041
49.7156
47.1097
46.2165
50.4134
53.9844
49.032
42.7145
39.2367
43.0228
39.3164
43.661
42.7791
46.5491
47.8682
46.6517
49.6512
46.5854
52.5102
51.049
49.0182
51.0544
49.0393
49.4146
51.5977
54.8196
53.563
58.7175
58.3444
51.5242
51.5689
52.4956
53.874
51.7524
56.6919
56.3076
61.0867
57.9691
57.2444
53.7747
54.2681
50.6237
45.4246
46.1012
42.8004
46.6337
47.3036
50.9177
51.2239
53.1045
57.9213
52.4834
46.666
46.1409
46.7908
44.1169
39.2899
42.343
45.9993
35.5758
40.818
42.2305
54.0295
50.6358
43.9081
48.3393
57.3114
54.2921
48.3471
44.687
43.896
46.7811
49.8919
48.8448
54.24
45.0365
43.6658
45.6949
46.3968
45.0844
44.7531
46.0177
45.7104
49.4549
54.118
62.8711
63.5438
60.9731
53.2248
49.1213
44.3248
43.8478
36.8813
45.2061
40.0113
35.1304
37.9821
47.3848
51.4461
48.7715
50.9656
53.867
58.457
52.7741
54.9911
50.0799
51.9041
44.772
45.6707
38.7825
46.4164
49.4485
51.4169
47.4154
45.4622
45.4608
41.3056
43.9243
43.4808
42.1524
47.3286
40.8467
51.7473
44.8313
42.8312
50.8844
44.7016
35.2417
49.7037
46.357
45.8612
49.0246
49.2787
47.2794
48.5845
44.6191
40.6985
43.098
49.719
47.6714
45.5487
56.2834
36.1605
42.4924
43.0005
60.8964
48.6693
51.0918
51.2843
69.3608
51.6672
50.9523
41.2261
45.9897
38.5528
40.6424
58.948
46.4862
44.7947
53.5407
46.4563
55.0447
51.7054
53.4989
54.8094
42.7223
41.1693
47.2685
49.0639
52.4676
50.376
49.9265
51.4502
49.3666
53.0953
54.6903
55.452
64.1733
50.5789
51.9512
64.4565
52.2235
52.1001
54.0598
44.2967
48.199
48.1441
47.0991
48.2687
48.7767
45.5832
40.8382
37.2121
34.329
33.5655
26.7414
24.9619
21.7409
20.4341
22.7485
25.8313
30.2717
29.6138
28.1909
35.7628
38.5501
32.3873
27.8724
34.2981
40.318
41.4391
43.3935
47.3242
50.9926
54.2588
54.4623
54.9775
53.9296
49.8792
51.2301
50.5255
52.1995
56.2452
55.7768
53.0003
51.0214
48.7382
68.1961
42.7468
65.3755
39.3549
43.8979
45.8978
53.8882
48.2605
49.1479
54.5844
48.7587
51.487
50.9547
53.9194
57.2235
55.183
57.1022
60.363
60.4684
57
50.9814
52.6935
50.1204
54.8065
57.5945
56.2801
57.58
51.2044
49.4736
54.547
57.8133
58.1018
54.2889
53.3224
52.7345
51.4032
50.3332
53.6399
55.7301
51.4421
49.9882
58.2196
53.0067
54.7973
53.1422
51.5892
53.4355
53.6501
53.1466
52.4733
61.2123
50.9489
55.9336
56.3093
59.5151
56.4786
59.4536
56.4179
58.1264
53.9615
49.8834
50.5081
62.8965
61.5143
58.6627
62.2086
65.9399
55.0285
49.2742
44.1626
42.4371
46.0755
45.8291
47.92
52.2286
56.1167
57.0172
52.4502
49.2681
51.3331
55.437
62.2841
60.9439
62.0237
54.5535
58.4221
53.3104
48.8796
44.0201
48.3368
49.948
50.4993
49.5529
52.438
55.6948
53.3608
52.8354
53.5725
51.2105
43.9214
42.3822
43.9484
43.6406
40.0163
39.6444
38.9385
34.1353
37.5685
41.6505
44.2562
43.7088
46.1186
45.5342
47.1802
44.965
52.3192
49.7667
48.504
44.8662
45.8359
45.0178
45.4167
42.6355
38.6191
36.93
39.3653
39.5073
40.7139
32.2245
58.1194
33.3914
52.875
47.3299
37.818
42.1995
50.0459
55.8863
58.0679
57.1575
55.0102
50.0495
48.4095
55.1936
59.5013
50.2061
45.7667
44.3821
45.3038
45.0618
47.7337
48.9503
53.8437
50.427
48.0297
50.3825
51.9819
58.739
57.0422
52.8373
51.8346
51.3676
50.845
59.3087
57.2308
54.9023
52.72
50.9797
53.2931
55.2421
56.1804
59.1152
51.112
51.8181
49.4117
54.7241
53.0311
45.383
52.3934
50.5336
46.6561
44.6247
40.6898
45.2076
46.3359
53.6161
55.3955
48.9371
47.7401
46.0848
49.8917
48.3076
51.4308
54.4957
53.9047
55.0934
54.0905
57.3424
54.6219
56.8991
45.9161
49.3359
45.529
49.0444
46.4772
45.4934
46.3141
46.8556
49.3893
55.3075
57.0105
58.1913
61.4871
64.6861
61.2405
61.7442
65.0365
63.3175
58.7341
58.8883
60.4969
59.3642
60.6235
60.3469
60.9663
57.9679
52.1604
51.4629
52.3648
51.8706
50.2491
52.1034
55.0524
59.3219
59.7862
46.9272
45.333
50.8279
54.0194
49.6895
45.4042
44.2881
43.5429
44.2778
42.5166
40.4163
39.3309
36.0093
35.1848
33.4228
32.2011
29.6255
30.5218
31.1068
35.6724
41.5771
41.498
37.2112
32.1881
35.1866
37.4217
41.1007
43.6173
30.43
28.8587
29.2368
30.5323
33.5777
35.9168
38.7488
39.4324
40.7582
41.3443
42.0542
39.7103
38.4902
41.8421
42.7471
41.1231
39.8616
33.3454
32.513
30.3386
30.7389
30.336
24.8067
26.8703
30.731
37.2949
35.0115
36.9101
35.3772
40.4728
34.9176
61.0784
37.3281
44.0276
60.9967
49.9963
48.848
63.9442
51.6655
48.6941
58.9071
49.8017
47.4829
55.6706
51.2573
52.0294
41.912
45.6455
42.5
44.509
44.6941
48.7913
46.9624
46.8165
46.9127
47.515
47.0125
52.5987
55.4991
54.0572
46.0405
51.6131
51.1372
56.0331
50.9364
50.7468
57.4556
44.9227
46.3144
49.6011
70.0703
57.4357
51.0371
39.2208
43.9239
51.3439
46.1026
43.4994
47.9
47.3834
47.9787
50.7124
50.3389
48.1802
59.5929
52.03
53.3087
38.3034
36.9873
47.5223
46.008
48.6085
61.0155
55.3541
50.1566
43.8722
48.5641
54.3191
51.9948
54.2597
59.0508
60.3885
55.5991
54.8664
56.3024
55.8884
48.5582
47.5129
38.8436
42.2786
47.0581
52.2323
56.5075
57.6268
54.1745
45.3876
51.6441
47.3621
39.5836
49.0309
49.4113
52.7793
47.8044
37.9148
37.6231
41.0317
55.0695
50.1915
59.2107
57.9822
50.0455
45.4081
50.2534
43.5281
50.7613
52.3015
62.986
54.6591
59.3562
48.1318
51.3382
69.8383
46.5369
42.6932
40.9906
40.6199
45.656
42.3714
45.2379
48.348
49.5861
47.9359
47.6595
44.2178
41.6999
50.4
47.279
46.049
48.1879
47.4026
45.6921
40.5647
40.6607
41.2342
40.049
43.6051
50.0578
53.4803
42.5497
36.9424
35.6046
38.2608
39.4416
40.7436
39.0268
35.4965
30.753
32.4575
29.1895
27.182
27.8526
29.1524
27.9518
26.0705
24.8586
24.5056
24.4535
25.1067
27.4201
27.3074
29.2643
28.0787
31.5543
31.6232
32.0221
36.0638
31.621
30.7067
33.7884
34.0592
31.253
31.2236
27.8536
35.7351
59.9373
38.6955
38.3009
43.1741
52.9675
45.9089
59.6148
54.5644
50.3551
57.9982
44.3661
47.4951
48.2717
56.1373
54.7536
57.4869
55.9576
53.4775
59.2339
61.5947
60.8357
51.7906
48.2418
47.8297
44.627
49.9946
55.3537
56.7854
51.8406
46.3815
46.0563
49.8417
47.8402
42.053
41.6439
39.1353
35.8967
33.8472
35.4587
43.8409
49.7003
47.0131
46.3112
44.1476
43.49
42.006
48.2289
52.919
48.6832
49.1573
45.9565
47.6129
47.0401
47.7141
42.1888
31.5418
38.7879
48.9429
46.91
46.5805
44.0823
46.1339
50.1451
47.7063
43.5983
31.4729
34.6222
37.3992
43.3701
38.0798
53.897
40.46
41.4562
44.9563
47.384
48.859
46.5492
42.9369
42.4377
43.9067
45.549
52.4457
54.9005
61.9918
65.9729
61.8229
59.355
58.5165
57.0223
49.4744
45.503
42.3221
49.2826
56.1255
53.9095
51.5165
56.1367
58.0906
41.354
37.5409
38.43
39.5143
37.7495
38.4374
41.9184
46.2331
44.6741
49.2872
53.3044
47.211
47.1059
53.7225
53.9682
54.9233
49.9817
51.8723
54.458
56.6522
51.8637
75.7346
53.4178
54.6591
53.4704
57.0814
66.9382
67.0917
67.6708
66.9431
65.4469
73.8472
73.6943
59.6189
61.1805
61.4335
52.2966
46.3827
51.9593
45.3951
44.551
46.944
54.6033
42.7134
45.2873
41.7209
49.9092
50.108
54.6587
55.6371
61.8237
66.8039
64.3743
63.3194
56.6059
60.3014
54.418
54.7844
52.6168
54.6929
58.7465
55.5456
53.9558
59.4253
52.5877
50.7197
55.1069
54.6271
45.1889
46.7796
52.4843
56.8042
54.1766
48.8734
58.203
49.9772
63.5751
55.1315
49.1065
52.5676
50.9485
52.9923
49.0206
54.5185
48.198
48.0097
49.1857
50.4843
50.4984
46.8292
51.0244
50.4295
54.4094
52.2859
53.4635
53.2661
50.8045
49.4564
40.4837
33.8381
31.4798
33.8436
38.9625
39.9885
33.5244
32.6024
32.2171
34.4696
30.0469
34.2506
30.9848
23.7686
26.299
26.5175
31.6548
37.7102
33.0581
37.8377
22.4444
70.8327
47.9282
44.8658
45.2081
27.65
24.0989
26.6596
25.0717
21.6275
24.9495
23.3579
23.5838
27.404
41.161
38.262
31.1095
35.8514
37.0997
39.0251
38.9518
42.5994
46.9117
48.886
54.5941
60.8651
62.3938
52.7652
48.1427
46.9148
49.9547
53.0548
55.8983
54.8974
55.7968
59.7556
57.4236
59.6526
58.0331
53.8559
58.5271
58.9603
55.055
51.06
47.0558
47.3178
47.9397
49.3194
47.5342
49.2954
46.8531
51.7369
45.2852
44.4742
41.3458
45.9772
42.4447
47.2176
46.0983
48.8295
48.6737
49.3668
43.6815
44.9743
42.7772
47.1247
49.8574
54.141
53.6435
51.9319
52.5476
50.4492
50.6462
49.4833
43.7204
41.5092
41.0145
39.6441
38.1269
39.8409
35.3601
33.5933
32.4602
35.4743
31.9097
37.3762
29.0358
39.7661
35.8634
37.5191
39.045
39.9675
41.5703
39.3638
34.6115
30.1791
27.4327
47.6135
24.3024
20.2533
15.9467
14.5537
15.1298
16.9397
16.8436
18.7366
19.6968
19.2675
18.8608
16.277
17.7738
16.5945
19.5419
17.1038
16.9802
17.9435
20.936
25.6512
26.1642
23.8009
26.1943
29.1203
27.7216
27.2342
27.2117
30.3589
38.5623
42.6027
41.0561
42.3297
45.474
41.9831
44.0239
48.626
52.5398
51.6797
53.4409
48.9951
42.4536
42.7808
49.8654
42.0267
52.0725
49.6465
55.1695
53.6089
60.265
64.8102
49.7814
64.4058
54.2467
65.8229
54.561
61.3854
68.5925
55.6316
71.4294
49.0033
46.9223
53.8025
54.5522
51.4206
61.5154
49.2287
52.7151
58.9845
47.2687
48.4139
47.9116
46.6886
45.879
51.9386
46.5722
48.684
53.5524
55.9562
53.3485
52.4801
51.9023
45.2835
44.0885
41.9321
40.5576
47.4162
48.0201
48.8459
47.6254
49.165
45.766
48.1523
54.8216
54.2534
52.6276
50.1453
47.5869
47.7907
43.2273
44.6566
46.1141
48.7983
51.9552
48.721
47.4694
48.3602
51.2238
55.6743
52.7535
51.9774
46.1542
44.662
38.5206
37.0224
38.5764
42.2658
43.3185
43.903
49.4328
56.1688
55.4714
48.6953
43.4075
43.1464
43.6238
39.2843
40.6069
37.923
38.2685
44.5089
45.7861
42.4032
50.9834
52.2415
51.514
54.5172
60.7465
55.57
61.8488
49.8257
54.5954
44.4615
44.9736
42.5943
42.8512
49.0121
44.385
44.4416
44.1635
44.8342
43.1358
41.9136
43.3366
48.7601
48.6671
41.7554
38.0146
53.3613
44.0861
52.4519
47.2944
54.3905
43.6964
35.1754
32.3825
30.7336
43.3143
35.7197
34.1322
35.5696
37.2636
39.5013
42.011
42.3069
39.3718
30.5651
37.0218
33.1756
28.6183
28.0739
24.3309
26.8834
31.0614
36.0018
44.0146
50.7823
50.9399
51.387
48.6778
44.4109
46.8639
47.9202
48.9867
50.0772
47.8483
39.4644
37.9196
39.1527
37.9435
43.5628
43.0479
47.1782
55.2141
57.4479
54.5742
59.3056
56.3339
61.0842
61.4329
59.0767
63.2344
63.3598
70.8339
54.9555
55.6685
48.731
57.0217
61.5941
57.9554
58.2925
61.0038
52.8931
56.5509
53.6008
40.6304
45.1633
46.9795
50.3534
45.8
44.9203
45.014
45.8073
52.2281
50.4869
49.6811
50.8887
60.1244
58.1093
59.2071
64.4256
56.6431
50.6144
50.6852
51.6184
47.2609
45.6017
47.8018
48.4056
49.3169
48.514
53.1085
54.9912
52.3752
46.4508
45.5695
46.4999
50.9279
44.1553
47.2297
51.4934
54.9481
64.4265
51.6293
59.8488
69.5134
60.2617
63.4998
66.4466
69.9765
66.1475
65.1937
65.7015
68.8106
69.122
66.7312
61.8418
57.8062
60.3306
58.3612
53.0736
48.3798
43.5879
41.0459
35.2675
35.261
33.3442
36.3799
37.6358
36.5283
38.519
38.2902
38.2336
42.2189
43.6238
39.3315
44.5961
45.4151
51.2276
42.0291
47.9577
48.0657
52.7463
52.8665
57.9397
58.4652
60.624
56.1454
47.7795
45.6645
49.7385
52.1307
46.847
48.91
51.9149
46.22
39.5758
45.5796
35.2197
47.5701
36.7526
46.1037
59.671
61.3203
60.2548
65.7594
61.8433
62.299
59.945
58.1384
62.6552
59.4194
61.9699
58.5353
60.5732
64.04
56.1064
58.1249
70.2601
62.674
65.9471
58.7438
60.3643
56.787
50.3791
49.2988
51.2844
47.8888
51.1691
52.5088
53.3437
54.005
52.2642
55.2594
48.6872
50.7056
58.9224
58.0897
59.4813
53.6108
52.9522
52.2009
47.1911
52.0914
48.0828
55.3196
57.4254
53.4004
50.412
43.8631
46.4534
45.8168
48.7272
36.4058
29.0249
40.2436
30.4729
27.701
26.1383
25.5056
27.4494
29.381
32.6588
28.7446
24.9668
25.1623
23.5766
18.9487
18.4937
22.8661
18.7615
21.805
51.7707
23.2213
22.6171
28.447
31.7246
30.8426
30.8335
30.4703
29.5591
29.3466
28.9579
30.9354
29.1574
24.1358
21.4429
21.3139
18.8216
23.1175
17.9908
19.6046
22.6685
26.6184
27.2901
30.3065
33.4811
40.6882
45.0358
33.8455
32.5886
38.2069
42.1424
48.3918
52.0225
52.949
50.852
52.5115
54.4158
50.0218
51.6959
51.6796
54.1589
51.702
48.9094
49.6702
50.5428
52.8803
57.1192
53.6702
50.5561
53.2225
54.8181
57.9984
59.9081
60.6169
56.9347
53.4303
54.1653
50.9915
47.4944
54.057
55.0691
58.4959
64.214
62.3516
58.515
51.8853
47.7919
53.9472
55.2375
57.9486
57.7362
53.3252
51.2691
54.749
53.1269
52.8832
48.5662
56.4524
55.8448
50.2325
49.7206
43.3691
46.0092
54.2483
55.2304
53.769
63.4825
60.0077
56.6406
57.9331
57.5643
52.5269
59.0265
53.6576
62.5264
66.3621
66.2602
72.731
69.8229
67.6643
65.8723
63.6992
54.168
62.0836
63.7252
65.3502
66.8379
67.5035
66.4083
70.2503
59.9721
59.424
61.1706
54.734
49.3233
47.6282
46.2226
48.4837
51.7821
57.8701
58.5599
58.4745
64.5919
62.9122
58.6641
58.3125
53.8934
53.6666
57.0093
60.1103
63.3532
63.692
65.5977
63.1446
64.5217
64.6323
59.5984
67.2278
56.5073
55.6948
68.828
58.5028
65.5004
63.0343
61.9978
64.4903
60.246
54.4912
56.5675
62.3238
65.568
64.8345
63.9277
57.6818
56.7007
45.6247
39.8785
40.0499
45.489
42.2457
39.232
34.4854
31.6329
35.9946
31.5385
47.5331
31.4271
38.463
29.1259
29.0083
38.2613
34.7005
41.4274
45.2884
41.1024
40.6772
38.3113
37.7821
38.7397
40.2336
41.6978
39.3892
42.8147
45.8932
44.1749
44.8611
45.9386
48.0297
48.7462
54.136
58.7017
59.7581
57.8074
56.0398
57.7931
62.9806
68.2196
65.4559
66.9876
69.0935
67.8398
70.2128
71.8202
69.3859
68.0308
66.2277
59.5804
62.8467
64.3342
66.6321
63.0799
57.4403
55.9905
62.245
54.9582
58.716
58.9603
54.0344
50.8888
51.4436
50.2409
49.8212
50.9004
51.5347
53.411
57.4271
56.0343
55.8484
56.245
56.8948
52.1437
53.9822
54.2858
49.2748
56.9513
57.4166
56.3753
66.2091
59.7923
63.5966
68.6078
63.6462
67.059
65.2309
57.9154
60.9111
59.8729
61.4006
58.3569
56.4813
61.5099
63.5013
65.3109
62.0649
61.799
60.1589
53.8098
61.0064
55.6146
53.3213
59.5721
57.2678
65.2064
69.3597
63.9659
66.4387
59.6388
64.1562
69.4605
68.0819
61.9862
62.3232
57.4907
58.6887
56.5175
58.0189
58.1176
57.4876
55.4412
58.7565
62.2637
62.3923
66.1637
61.0913
64.3578
66.978
63.4379
68.0284
60.6517
61.7905
58.2351
63.2297
67.2889
61.2455
56.7343
60.416
64.8781
63.4462
69.0056
61.3729
57.8236
62.0291
55.6884
61.6606
59.2644
52.9414
53.1801
52.0118
53.7032
53.4447
50.7503
45.3893
46.8029
42.16
40.7354
39.5086
35.1338
31.6324
30.9238
30.8492
31.2401
31.0946
29.0294
25.9518
24.3349
22.1187
22.6736
22.376
23.6384
23.6065
30.8644
27.905
26.8991
27.5861
31.4845
31.113
31.5913
30.4934
33.999
34.0527
31.6112
31.6202
34.9653
36.5851
36.8172
39.1918
37.4648
39.1838
35.5413
32.1922
36.9588
37.8573
32.7556
36.4133
55.4612
49.2871
43.4673
31.8286
34.6981
38.9643
48.1948
50.6799
36.3496
44.9476
49.5579
50.8807
46.5812
50.3588
44.2282
47.2621
41.0565
42.6986
47.8499
51.5307
63.6051
56.4231
49.4347
64.0046
49.8985
48.3511
52.8281
48.648
49.6722
50.0678
48.6677
55.6264
53.7325
53.8132
54.7366
54.5518
52.4508
51.7304
53.5384
54.8351
51.9407
50.0803
52.3883
61.6226
55.6574
50.1868
53.7137
55.1182
61.8421
63.1228
59.891
47.9097
39.232
53.8888
47.2439
57.6838
62.295
63.9897
60.054
62.978
67.6878
69.9443
63.2861
55.239
53.4413
61.2132
67.7434
61.7252
60.5423
63.8269
67.8091
62.9327
54.0409
61.3418
66.7047
64.8399
64.0128
64.7946
73.5808
71.8029
63.1064
63.4575
60.3668
59.9367
50.8812
51.1368
55.831
61.5922
62.2306
53.2787
50.9994
44.9938
44.0861
50.8113
58.4112
62.5388
59.3496
66.0843
63.7619
69.0712
64.489
65.3584
61.867
58.3338
59.2897
60.0733
61.3409
57.7754
55.0824
62.4937
64.6277
47.1443
40.8632
44.5484
39.8985
47.6944
47.1463
46.1766
41.1174
41.715
45.295
45.6901
42.553
52.1935
57.4788
54.3812
55.1098
55.2331
59.9701
58.6074
58.3052
62.398
51.7187
58.9563
60.2725
60.107
61.06
58.0223
63.5497
70.1897
72.1985
63.9429
57.7715
54.0204
61.7295
61.528
63.0313
65.5962
64.2027
67.8425
69.119
74.8163
73.1275
69.3499
65.4485
66.0034
65.9904
62.4257
59.4171
66.2004
63.4422
66.6541
60.8745
63.9247
61.4996
61.4898
61.1325
57.3517
55.9186
54.4626
59.264
57.763
59.9231
60.8579
51.4363
47.1433
46.7661
50.8424
41.7178
40.4788
43.1401
43.7708
53.2393
43.3717
43.2554
44.2844
43.6163
38.1247
40.1555
37.4047
34.4832
34.165
29.9064
32.6584
33.154
36.0467
35.5886
39.8526
38.4664
32.4508
28.6867
29.3771
25.436
26.0538
23.3353
26.4113
20.9487
25.3916
23.383
29.8601
34.821
34.3012
30.3768
41.1992
40.2949
37.0366
48.6304
43.3225
54.2745
47.8756
45.0143
50.5085
42.8136
47.1897
51.5506
49.9234
55.4138
55.7604
53.9003
53.7351
49.7732
52.487
53.9444
55.4213
52.6281
48.2624
50.7852
54.9091
55.6158
53.2689
54.9876
48.9994
48.004
46.1383
41.4851
43.1771
46.2427
49.2573
42.5362
39.5102
35.1127
34.016
36.2366
44.2721
48.1741
48.7533
51.9042
55.0992
49.3572
44.506
41.2273
45.5669
40.8721
49.0948
58.6106
47.3076
47.6117
56.6364
43.4809
46.1846
39.5866
37.8468
42.4218
42.6641
44.9603
47.7737
47.9135
50.9921
50.1848
49.5964
51.6457
49.4038
52.5978
39.4754
43.6719
39.6544
32.9538
32.3307
35.2213
42.5975
45.2682
49.3254
47.1378
44.7672
46.3482
49.6256
49.6274
47.3503
47.4856
50.3959
47.8887
48.1731
43.8905
42.716
35.9776
37.0925
40.015
40.9059
37.6308
41.4683
48.5881
44.7491
46.8592
45.4943
43.8062
47.4312
46.0303
43.2627
37.1237
39.089
33.0997
33.2561
37.8891
39.5322
36.89
45.2395
50.2394
53.8558
47.1864
39.8801
39.995
40.2526
33.4313
32.8426
32.9393
41.4229
39.6753
42.6144
47.0697
44.2427
43.4404
33.7978
30.7683
29.6441
28.7243
24.8382
27.7244
30.9973
29.9988
32.1532
32.7653
33.0509
37.4341
42.428
43.4962
47.6457
47.8845
48.3595
48.7404
50.7515
55.3812
54.0721
47.5691
47.3644
45.5118
47.8366
54.0406
58.3937
59.106
60.9427
57.151
55.884
47.8534
42.949
43.9016
59.5822
49.9334
51.3054
53.6212
58.269
32.2383
36.8443
30.8638
35.2441
40.9364
46.0534
50.6
54.2226
57.0366
54.5107
47.9147
48.7225
49.4975
31.9533
34.2715
39.0207
44.9144
48.129
56.5166
57.1236
50.8962
50.6409
40.4608
35.7985
34.2308
34.2588
37.4746
49.6277
56.268
52.1478
49.9165
44.3178
54.1904
49.0324
48.5198
49.0789
48.5315
53.7269
61.2709
58.8308
53.5162
43.9698
39.7328
34.6831
33.0741
34.0848
35.2969
34.758
41.9906
49.1457
50.3343
47.2459
48.7352
48.9551
46.46
49.8259
46.7925
50.037
48.9556
47.991
53.3386
49.4937
44.4042
43.3922
43.5688
37.2357
46.1278
47.6699
40.0694
37.8309
39.3344
40.3813
40.1777
70.3142
28.3688
70.7701
74.4164
68.6961
68.4561
54.3435
48.7202
48.2794
43.81
47.3081
53.1179
59.9466
54.5764
58.5079
64.82
33.9684
62.3749
38.5532
38.1368
43.6784
43.0615
36.3608
49.625
40.1688
54.0815
36.9524
49.5065
51.2299
53.2761
56.5004
53.6838
49.5999
51.4626
54.2347
56.4985
59.3664
52.8094
52.3333
47.2819
42.9384
39.6593
42.0928
46.1093
48.4914
54.6222
61.1535
63.2482
61.4087
66.616
65.225
52.1108
49.2991
54.3611
55.8087
58.6017
60.1191
53.2413
55.8458
50.4375
43.0892
45.7175
51.5804
45.4481
44.4969
43.9482
52.7291
49.0948
52.212
48.2508
64.1756
60.2343
57.4867
59.3963
55.5685
46.7335
51.7408
50.9665
43.8536
45.2919
47.4025
48.0721
47.722
51.5927
52.4265
47.1259
44.6379
46.6169
44.9409
45.0282
52.899
50.4644
57.453
54.5836
54.8083
57.2324
61.3051
61.411
60.6214
61.761
63.5025
62.9916
58.3683
58.0379
47.4396
36.6272
39.5477
38.8172
40.3473
38.1395
36.7342
36.5916
37.2093
43.4927
43.4738
43.8081
51.1851
47.2254
48.9631
50.6748
56.493
58.724
59.5929
55.5221
54.2086
47.5977
53.6528
49.6352
52.6139
51.934
47.9679
37.8526
47.5098
39.1304
52.532
42.848
48.0228
56.5193
64.5256
64.804
64.0697
64.7828
68.0329
61.7816
65.1492