98.7301
98.7462
98.7596
98.7658
98.7406
98.7376
98.7519
98.7396
98.7426
98.7724
98.7261
98.7618
98.7477
98.7493
98.7662
98.7544
98.7607
98.7336
98.7353
98.7388
98.7329
98.7438
98.7315
98.7402
98.7366
98.7488
98.7484
98.7541
98.7455
98.7606
98.748
98.7195
98.7036
98.7119
98.7566
98.7653
98.7658
98.737
98.736
98.7546
98.7262
98.7338
98.7141
98.7175
98.7024
98.7022
98.7122
98.6916
98.7031
98.713
98.7077
98.7069
98.6964
98.6949
98.7224
98.6967
98.7003
98.7124
98.7176
98.7149
98.7001
98.7289
98.714
98.7196
98.7206
98.7325
98.7123
98.7228
98.7304
98.7058
98.6975
98.7108
98.7187
98.7087
98.723
98.7112
98.7236
98.6995
98.7007
98.7239
98.7076
98.7189
98.7144
98.7242
98.7227
98.7156
98.7023
98.7074
98.7065
98.7253
98.7029
98.7096
98.7066
98.7126
98.7139
98.7093
98.7073
98.714
98.7062
98.7104
98.7183
98.7102
98.7249
98.7147
98.7179
98.7155
98.7209
98.7168
98.7055
98.7175
98.7103
98.7172
98.7013
98.7031
98.7252
98.7117
98.6962
98.6963
98.6815
98.7003
98.6703
98.6923
98.6687
98.6777
98.6553
98.6759
98.6787
98.6622
98.666
98.6805
98.6811
98.6739
98.6726
98.6739
98.6515
98.6692
98.657
98.6587
98.6561
98.6678
98.6783
98.666
98.6823
98.6704
98.6801
98.6759
98.705
98.7146
98.7087
98.7241
98.7339
98.7256
98.7501
98.75
98.7488
98.7502
98.7653
98.7477
98.7493
98.7602
98.7321
98.7444
98.7392
98.7341
98.7672
98.7115
98.7345
98.759
98.7546
98.7501
98.7142
98.7265
98.7337
98.7054
98.712
98.7237
98.7179
98.7247
98.7254
98.7374
98.7253
98.7361
98.74
98.763
98.7652
98.7973
98.788
98.7885
98.8037
98.793
98.8294
98.7918
98.7993
98.805
98.8013
98.8211
98.8106
98.8107
98.7983
98.7623
98.7405
98.7584
98.7796
98.7828
98.7573
98.779
98.7227
98.702
98.7194
98.6757
98.6562
98.6564
98.6496
98.6342
98.6386
98.6208
98.6851
98.705
98.7072
98.7026
98.7025
98.7046
98.7039
98.7107
98.6819
98.6698
98.6804
98.6852
98.6884
98.689
98.6889
98.6811
98.6671
98.6505
98.6523
98.6295
98.6254
98.6058
98.5785
98.5654
98.5645
98.5583
98.5547
98.5521
98.5442
98.5294
98.5161
98.5083
98.5192
98.5281
98.5331
98.5827
98.5723
98.6145
98.65
98.6411
98.6699
98.7048
98.7131
98.7184
98.7631
98.753
98.7763
98.7742
98.7908
98.7752
98.7702
98.7913
98.7817
98.7699
98.7741
98.7666
98.7418
98.741
98.7164
98.7609
98.7572
98.7528
98.742
98.7729
98.7667
98.7839
98.8
98.7944
98.8088
98.7977
98.787
98.7894
98.8113
98.81
98.8224
98.8094
98.8044
98.7858
98.756
98.7554
98.7068
98.6932
98.6999
98.6679
98.6805
98.6374
98.644
98.6249
98.6424
98.6693
98.6847
98.6899
98.7307
98.755
98.7762
98.8067
98.8269
98.8303
98.8501
98.8685
98.8724
98.8839
98.8874
98.91
98.8925
98.8989
98.8705
98.8581
98.8462
98.8151
98.8158
98.843
98.8115
98.8245
98.7824
98.7455
98.7726
98.7839
98.7755
98.7648
98.7965
98.7724
98.9371
98.9413
98.9392
98.9596
98.9495
98.972
98.997
99.0004
98.9884
99.0066
99.0106
98.9888
98.9894
98.9788
98.9664
98.9438
98.9443
98.8075
98.7933
98.7865
98.7644
98.7466
98.7165
98.7095
98.687
98.7602
98.7636
98.77
98.7349
98.7128
98.6999
98.6567
98.6602
98.682
98.655
98.6464
98.6658
98.661
98.6542
98.6595
98.6663
98.594
98.5877
98.5682
98.5688
98.5469
98.5332
98.5244
98.5334
98.4718
98.4809
98.4326
98.4285
98.4147
98.4493
98.429
98.4279
98.4222
98.431
98.4488
98.4484
98.441
98.4351
98.4731
98.4791
98.5167
98.561
98.5901
98.6169
98.6359
98.6647
98.6903
98.7016
98.7164
98.6601
98.6645
98.7146
98.7152
98.7157
98.7235
98.7523
98.731
98.7413
98.7332
98.7402
98.7405
98.7387
98.719
98.6932
98.6993
98.6902
98.6739
98.6881
98.6783
98.6755
98.6581
98.6188
98.5903
98.621
98.7006
98.6886
98.6898
98.7164
98.6792
98.6666
98.6727
98.6862
98.7183
98.7229
98.725
98.7212
98.7316
98.7061
98.7452
98.7753
98.7641
98.8042
98.8144
98.818
98.8426
98.8391
98.8117
98.7782
98.7496
98.755
98.7819
98.7835
98.7911
98.7547
98.7421
98.7026
98.7192
98.7072
98.6901
98.6903
98.6711
98.6779
98.6755
98.6723
98.7497
98.7521
98.7147
98.7844
98.8623
98.8857
98.8656
98.8602
98.8499
98.8921
98.8877
98.8534
98.8323
98.816
98.7984
98.7471
98.7474
98.7614
98.7961
98.8683
98.8737
98.8551
98.8514
98.8277
98.837
98.933
98.9397
98.924
98.8944
98.8806
98.8838
98.8584
98.8712
98.826
98.8142
98.7785
98.7728
98.7337
98.6959
98.6999
98.6649
98.6939
98.6975
98.7137
98.7329
98.7472
98.6568
98.6602
98.6456
98.6172
98.6547
98.6252
98.6483
98.6536
98.6427
98.6753
98.7523
98.7565
98.7044
98.6634
98.6296
98.6309
98.6388
98.6511
98.7221
98.6757
98.6712
98.6707
98.7027
98.7029
98.7171
98.7469
98.7564
98.739
98.7611
98.7787
98.7411
98.7548
98.6953
98.7119
98.6598
98.5818
98.5137
98.5581
98.669
98.6935
98.6617
98.6994
98.7335
98.6914
98.7945
98.8081
98.8357
98.8697
98.903
98.9298
98.9405
98.9516
98.8602
98.8532
98.8372
98.8115
98.7846
98.7692
98.7313
98.777
98.8031
98.8224
98.8125
98.7687
98.7576
98.7159
98.7433
98.8032
98.7746
98.9484
98.9725
99.0002
99.0233
99.0722
99.1246
99.1659
99.2063
99.033
98.9971
98.9997
99.0093
98.9979
98.9887
98.9685
98.9436
98.8256
98.8586
98.8863
98.8926
98.908
98.8985
98.8641
98.8529
98.9159
98.9238
98.9093
98.9475
98.8883
98.8421
98.7481
98.7258
98.7485
98.7251
98.7539
98.8335
98.8678
98.934
98.9118
98.9155
98.934
98.9852
98.9918
98.9928
98.9779
98.9763
98.9782
98.9665
98.9537
98.8604
98.8844
98.8836
98.9184
98.9167
98.9526
98.9622
98.9407
98.9111
98.9151
98.8995
98.9088
98.8724
98.8037
98.7874
98.7029
98.719
98.8363
98.7975
98.798
98.7577
98.7881
98.7746
98.8015
98.9495
98.9945
98.9792
98.9854
99.0262
99.051
99.071
99.0842
99.0547
98.8973
98.9216
98.9014
98.8645
98.8409
98.8138
98.7891
98.801
98.7126
98.7106
98.7241
98.7121
98.7027
98.7512
98.7394
98.7844
98.8848
98.9006
98.9119
98.8947
98.8972
98.8706
98.8661
98.8627
98.8149
98.7866
98.7394
98.7289
98.7374
98.7488
98.7302
98.708
98.7201
98.6897
98.7023
98.6928
98.7349
98.7382
98.7603
98.7502
98.7867
98.771
98.7895
98.7934
98.8135
98.8376
98.8421
98.8566
98.8692
98.9254
98.9277
98.9819
98.9811
99.002
99.0448
99.0648
99.0975
99.2011
99.2184
99.2131
99.1783
99.1622
99.1539
99.1457
99.1159
99.1251
99.1074
99.1224
99.0891
99.0359
99.0726
99.105
99.1572
99.2386
99.2003
99.2289
99.2181
99.1161
99.127
99.171
99.215
99.2575
99.2661
99.2843
99.2391
99.2306
99.2287
99.2629
99.2571
99.2784
99.3028
99.3086
99.3349
99.3631
99.3892
99.4072
99.421
99.4069
99.4544
99.4557
99.4544
99.4509
99.4543
99.4361
99.4347
99.4431
99.5227
99.5234
99.5265
99.5328
99.5417
99.5442
99.5514
99.5547
99.5622
99.556
99.5671
99.5856
99.5946
99.6055
99.6116
99.6173
99.5953
99.5943
99.5918
99.5901
99.5788
99.5591
99.5575
99.552
99.5081
99.5005
99.4874
99.4779
99.4901
99.4921
99.4815
99.472
99.4571
99.4117
99.3906
99.388
99.3818
99.398
99.3855
99.3793
99.3791
99.3482
99.3522
99.354
99.351
99.367
99.3667
99.392
99.3885
99.4054
99.4042
99.3783
99.3492
99.3384
99.3143
99.3072
99.2906
99.3603
99.3355
99.3273
99.2953
99.2522
99.2018
99.1665
99.1436
99.1016
99.0668
99.0031
98.9622
98.9106
98.8903
98.8203
98.7415
98.673
98.6593
98.6689
98.6571
98.7171
98.7447
98.7905
98.8201
98.8843
98.9212
98.9805
98.9953
99.0251
99.0243
98.8808
98.8248
98.8332
98.8134
98.8319
98.8031
98.8404
98.7567
98.753
98.748
98.6732
98.6935
98.6354
98.5703
98.5597
98.5177
98.4758
98.4583
98.4312
98.4342
98.3738
98.4493
98.4106
98.4521
98.4796
98.5409
98.6034
98.5826
98.6044
98.6597
98.7469
98.8456
98.9279
98.9476
99.0243
99.0513
99.1059
99.1427
99.1586
99.2196
99.2463
99.2585
99.2522
99.2461
99.255
99.251
99.2178
99.2179
99.1918
99.1506
99.1502
99.1438
99.1176
99.079
99.0709
99.0356
99.0182
99.0285
99.0215
98.9928
98.9319
98.9684
98.9435
98.917
98.9225
98.8873
98.8671
98.8113
98.7545
98.7154
98.7376
98.6922
98.6552
98.6538
98.6884
98.6216
98.5842
98.6247
98.7099
98.7313
98.7421
98.7432
98.7221
98.7937
98.8115
98.8176
98.8244
98.85
98.8675
98.8774
98.8316
98.9304
98.9322
98.8979
98.9287
98.9262
98.9381
98.9268
98.9399
98.9196
98.901
98.8586
98.8514
98.8387
98.845
98.8565
98.855
98.847
98.8965
98.8842
98.886
98.9423
98.992
99.0742
99.137
99.1739
99.1971
99.2475
99.2408
99.2245
99.2431
99.2531
99.2424
99.2792
99.3234
99.34
99.321
99.3461
99.3644
99.3698
99.3693
99.2974
99.2452
99.2231
99.2355
99.2279
99.2341
99.2245
99.2341
99.252
99.2775
99.2798
99.3503
99.3576
99.3242
99.3157
99.2881
99.2733
99.269
99.2683
99.3173
99.3189
99.3013
99.294
99.2937
99.2835
99.2693
99.2696
99.2521
99.2128
99.1884
99.1712
99.1559
99.1544
99.1418
99.0868
99.0518
99.0126
98.9765
98.8884
98.8838
98.8731
98.8037
98.745
98.6798
98.5901
98.5161
98.453
98.4178
98.3732
98.2964
98.3057
98.2981
98.2363
98.2419
98.1663
98.1981
98.2149
98.237
98.1954
98.2261
98.159
98.1778
98.1443
98.0889
98.1038
98.1252
98.1512
98.1595
98.1397
98.1704
98.2338
98.2141
98.2515
98.2295
98.224
98.23
98.2421
98.2275
98.2338
98.2625
98.2761
98.2691
98.2421
98.3196
98.3324
98.3341
98.346
98.2974
98.2534
98.2525
98.2483
98.2395
98.1799
98.0827
98.0615
98.0845
98.0478
98.07
98.0477
98.0219
98.0553
98.0863
98.1204
98.1135
98.1441
98.1547
98.1811
98.195
98.1857
98.1788
98.1476
98.2303
98.1495
98.1149
98.0644
98.0168
98.0117
98.0719
97.999
97.9848
98.0118
98.0133
98.0741
98.0235
98.0669
98.0806
98.0922
98.1611
98.1088
98.0336
97.9801
98.0127
97.9657
97.899
97.8312
97.9469
97.924
97.9681
97.9731
98.0668
98.1712
98.24
98.1552
98.2075
98.3986
98.4531
98.5065
98.5085
98.5344
98.5524
98.5554
98.5852
98.6027
98.6209
98.6776
98.7934
98.8888
98.934
98.9203
98.9222
98.9332
98.9854
98.8827
98.8917
98.9336
98.9123
98.8624
98.8261
98.8007
98.7376
98.7731
98.7453
98.6933
98.7082
98.7543
98.747
98.7149
98.6796
98.71
98.6787
98.708
98.6654
98.7652
98.7526
98.7387
98.7072
98.6687
98.6829
98.6844
98.6756
98.6589
98.6131
98.6276
98.664
98.692
98.7785
98.8912
98.9761
99.0499
99.0993
99.0665
99.0474
99.0075
99.0044
98.96
98.908
98.8542
98.8837
98.8595
98.8979
99.024
98.9923
98.9753
99
99.043
99.0135
99.0321
99.0454
99.0746
99.0849
99.0993
99.1026
99.1026
99.1179
99.1042
99.1426
99.1302
99.1633
99.1323
99.0926
99.0991
99.0594
99.0055
99.0144
99.0108
98.9647
98.9734
98.965
98.939
98.9468
98.954
98.968
98.9806
99.015
99.0454
99.0974
99.0978
99.1243
99.1401
99.1688
99.2117
99.2536
99.2507
99.2639
99.2858
99.2935
99.3684
99.4382
99.4308
99.4466
99.4791
99.4836
99.5131
99.5344
99.5487
99.5551
99.5738
99.5841
99.5873
99.5796
99.5868
99.6059
99.6086
99.6034
99.603
99.6122
99.6135
99.6117
99.5961
99.6074
99.6189
99.6251
99.6245
99.6301
99.6299
99.641
99.6553
99.6697
99.6707
99.6497
99.6551
99.6504
99.6491
99.654
99.6587
99.6449
99.6381
99.6096
99.6052
99.5949
99.5859
99.5777
99.5779
99.5733
99.5752
99.5314
99.5374
99.5279
99.5276
99.5207
99.5224
99.5131
99.5089
99.4413
99.4364
99.4396
99.4381
99.4449
99.438
99.4351
99.4268
99.3621
99.3532
99.3343
99.3406
99.3362
99.3246
99.3189
99.3114
99.306
99.273
99.2473
99.2201
99.2075
99.2032
99.204
99.2039
99.1812
99.1777
99.1669
99.1496
99.1294
99.1363
99.1167
99.1037
99.0916
99.0679
99.0486
99.02
98.9852
98.934
98.9127
98.9441
98.9568
99.0496
99.0644
99.0827
99.0849
99.0674
99.0453
99.0563
99.02
98.9303
98.8653
98.8229
98.7464
98.7213
98.6933
98.7221
98.7118
98.6572
98.5741
98.6256
98.6421
98.7398
98.8419
98.887
98.9389
98.9412
98.9358
98.9513
98.9628
98.9369
98.91
98.8864
98.8216
98.7924
98.7017
98.6893
98.6691
98.6465
98.6633
98.6801
98.6393
98.6854
98.6907
98.751
98.8096
98.8837
98.8851
98.8531
98.8993
98.8821
98.8936
98.8791
98.89
98.8372
98.8767
98.9153
98.9103
98.9772
98.9754
98.9893
99.0824
99.1392
99.1532
99.1989
99.217
99.2302
99.2651
99.2769
99.3344
99.3704
99.4094
99.4294
99.4328
99.4328
99.4258
99.4382
99.4159
99.3978
99.3924
99.385
99.3865
99.3887
99.318
99.2736
99.2222
99.1489
99.1232
99.1238
99.105
99.089
99.0785
99.0789
99.0657
99.0223
98.9939
98.98
98.9756
98.9644
98.9287
98.9092
98.8958
98.8894
98.8586
98.8078
98.8161
98.8065
98.77
98.754
98.7275
98.7077
98.7426
98.7119
98.6974
98.7284
98.7146
98.6936
98.6913
98.6534
98.657
98.5987
98.5863
98.5425
98.5189
98.4991
98.4874
98.4867
98.464
98.3928
98.3364
98.3535
98.2846
98.2524
98.2484
98.214
98.1448
98.1652
98.1065
97.9977
97.9576
97.8868
97.808
97.8818
97.7951
97.8268
97.958
98.039
98.0683
98.1021
98.1547
98.2281
98.3372
98.478
98.5341
98.631
98.6766
98.7701
98.8364
98.8686
98.911
98.9441
99.0031
99.0818
99.1398
99.199
99.2182
99.2063
99.2028
99.2313
99.2786
99.2969
99.3246
99.3445
99.3737
99.3862
99.3989
99.396
99.4156
99.4045
99.3965
99.3961
99.3912
99.372
99.3415
99.3215
99.3175
99.285
99.2777
99.2818
99.277
99.2074
99.1822
99.2232
99.1921
99.2195
99.2196
99.1781
99.1446
99.0796
99.0047
98.9579
98.9005
98.8283
98.7893
98.7862
98.8012
98.8058
98.8314
98.8362
98.8435
98.8859
98.9303
98.9375
98.9505
98.9369
98.965
98.9967
99.0221
99.0678
99.0575
99.0936
99.0941
99.1004
99.0603
99.0559
99.1039
99.1331
99.2006
99.2234
99.2071
99.2186
99.157
99.1158
99.0863
99.0736
99.0653
99.0378
99.0364
98.9905
99.0405
99.1793
99.2005
99.2209
99.1876
99.1329
99.0555
99.0283
98.9892
98.9816
98.9635
98.987
98.9755
98.9544
98.9486
99.0543
99.117
99.1728
99.1985
99.2036
99.2089
99.1864
99.1883
99.1954
99.1833
99.143
99.1303
99.1166
99.101
99.0995
99.0967
99.083
99.0728
99.0391
99.0503
99.0542
99.0326
99.0453
99.0371
99.0588
99.0725
99.0784
99.0831
99.0913
99.0812
99.1196
99.1453
99.1792
99.2022
99.2666
99.3531
99.3969
99.4261
99.4273
99.4263
99.4285
99.4375
99.434
99.402
99.4016
99.3927
99.3801
99.351
99.3409
99.3319
99.3181
99.3308
99.2955
99.287
99.2607
99.2534
99.232
99.2067
99.1771
99.1878
99.1408
99.1
99.0658
99.0267
98.9939
98.9864
98.9476
98.8976
98.8323
98.7638
98.7097
98.6861
98.6528
98.7064
98.729
98.7895
98.8181
98.8809
98.8312
98.8243
98.7954
98.776
98.7745
98.7466
98.7531
98.7375
98.7348
98.7472
98.772
98.8036
98.8123
98.7988
98.8148
98.8687
98.8701
98.8416
98.8217
98.8347
98.826
98.8078
98.7705
98.7886
98.7831
98.769
98.7675
98.7721
98.7668
98.7636
98.7121
98.6826
98.7151
98.6982
98.6624
98.6338
98.6018
98.5965
98.5337
98.5213
98.5308
98.5239
98.5157
98.5283
98.4586
98.4283
98.2854
98.2736
98.311
98.2924
98.3876
98.4632
98.5813
98.6516
98.6067
98.6129
98.6288
98.6741
98.7235
98.7308
98.7505
98.7245
98.6697
98.5849
98.5418
98.5773
98.4996
98.4744
98.4781
98.4424
98.4126
98.4454
98.4355
98.4012
98.4485
98.3869
98.3678
98.3362
98.3049
98.2972
98.2223
98.2227
98.2575
98.2648
98.2929
98.3203
98.3375
98.3937
98.3813
98.3181
98.3521
98.3541
98.3447
98.4165
98.3732
98.3545
98.4072
98.4092
98.4658
98.4525
98.5223
98.5883
98.5657
98.6063
98.6014
98.7054
98.6907
98.6797
98.7386
98.7144
98.6953
98.6615
98.6419
98.5811
98.5354
98.5213
98.5412
98.5541
98.4597
98.4303
98.4444
98.4129
98.3651
98.2735
98.2652
98.2661
98.2528
98.1096
98.1444
98.1284
98.086
98.0293
98.0306
98.0608
98.1047
98.2723
98.2758
98.3627
98.4178
98.3497
98.4162
98.4191
98.5873
98.6867
98.6874
98.7055
98.6944
98.6642
98.634
98.6396
98.5987
98.5348
98.4935
98.4233
98.4527
98.3944
98.3936
98.4236
98.4312
98.4194
98.4877
98.5026
98.4831
98.4911
98.4826
98.5234
98.5344
98.5596
98.6695
98.6856
98.8049
98.847
98.9309
98.8846
98.9066
98.8728
98.8756
98.8309
98.8543
98.8374
98.8359
98.8422
98.8198
98.7988
98.8019
98.8162
98.8242
98.8256
98.7772
98.7576
98.7657
98.7311
98.764
98.7619
98.8113
98.8063
98.8119
98.8678
98.8834
98.8422
98.8733
98.8824
98.9306
98.9368
98.9145
98.9251
98.9806
98.8821
98.8989
98.9749
99.044
99.1449
99.1912
99.2562
99.2913
99.2894
99.3011
99.3292
99.336
99.3549
99.3536
99.347
99.4014
99.3883
99.3938
99.4027
99.4081
99.4036
99.3909
99.3742
99.361
99.3599
99.3212
99.3159
99.238
99.2443
99.2421
99.2519
99.2467
99.2306
99.2165
99.1961
99.2098
99.1001
99.1168
99.1491
99.1533
99.147
99.157
99.1752
99.1637
99.065
99.0216
98.986
98.9703
98.9373
98.9634
98.993
99.0527
99.0133
99.0135
98.9474
98.8994
98.8816
98.8483
98.7989
98.745
98.7205
98.7043
98.7235
98.7024
98.7252
98.7348
98.7625
98.7702
98.8799
99.011
98.9682
98.9906
98.9629
98.8618
98.8724
98.8557
98.7991
98.7974
98.7717
98.8363
98.7585
98.7593
98.769
98.759
98.7809
98.7593
98.8351
98.8902
98.9307
98.9781
99.0081
98.9691
98.9896
99.0098
98.9868
98.9557
98.9383
98.9366
98.9224
98.9118
98.8897
98.85
98.8295
98.7803
98.796
98.7754
98.7368
98.7265
98.7919
98.7861
98.7491
98.7898
98.8099
98.7878
98.7605
98.762
98.7722
98.763
98.7205
98.7348
98.7301
98.7247
98.6946
98.6892
98.6469
98.625
98.5423
98.5172
98.5253
98.471
98.4641
98.3939
98.3038
98.2701
98.2633
98.2168
98.1486
98.1252
98.0721
98.0394
98.046
98.0374
98.2886
98.3116
98.333
98.3813
98.3437
98.3654
98.379
98.518
98.536
98.6316
98.6231
98.6564
98.7215
98.7322
98.7241
98.7312
98.7635
98.7993
98.8279
98.875
98.9011
98.896
98.893
98.9228
98.9209
98.9411
99.006
99.0779
99.0871
99.1158
99.0975
99.0933
99.1066
99.099
99.1009
99.0971
99.1112
99.0756
99.0786
99.078
99.0751
99.0861
99.0835
99.0663
99.0198
99.0078
99.0276
98.9984
98.9953
98.9705
98.9639
98.9475
98.9298
98.9238
98.9766
98.9809
99.0249
99.0534
99.0854
99.1042
99.1107
99.1104
99.1097
99.1275
99.0793
99.1043
99.1158
99.0931
99.0683
99.0283
99.0013
98.9757
98.9483
98.9757
98.9222
98.8729
98.8123
98.8265
98.8523
98.815
98.7681
98.8274
98.9764
99.0355
99.085
99.1104
99.1448
99.1601
99.1398
99.1046
99.0224
99.0396
99.0157
99.009
99.0075
99.0127
99.0162
99.0835
99.0607
99.0868
99.0908
99.0751
99.0422
98.9846
98.9704
98.9736
98.8762
98.8315
98.799
98.7466
98.7127
98.7266
98.7391
98.7774
98.7764
98.8292
98.8146
98.8434
98.8865
98.9372
98.9823
98.9971
99.0317
99.0855
99.0871
99.0974
99.1217
99.1415
99.1863
99.2503
99.2788
99.2916
99.3018
99.2893
99.264
99.2482
99.227
99.2047
99.1662
99.0843
99.0434
99.0034
98.9797
99.0004
99.0246
99.0595
99.0676
99.0467
99.0694
99.0751
99.0543
99.0895
99.0991
99.1439
99.1917
99.271
99.2796
99.3472
99.3451
99.1787
99.2307
99.272
99.33
99.3235
99.3461
99.3636
99.3737
99.3579
99.3784
99.3687
99.3974
99.4091
99.4141
99.4081
99.4177
99.4215
99.4341
99.4666
99.4919
99.4977
99.5256
99.5326
99.5336
99.5384
99.5375
99.5418
99.5469
99.5619
99.6005
99.6116
99.6113
99.6003
99.6088
99.6104
99.6009
99.6007
99.6267
99.6152
99.6137
99.6203
99.6139
99.6196
99.6298
99.622
99.6242
99.6245
99.6149
99.6055
99.6069
99.6071
99.6081
99.6177
99.5745
99.5729
99.5599
99.5378
99.5226
99.5197
99.4935
99.4843
99.4734
99.4023
99.3948
99.3897
99.3713
99.3651
99.3446
99.3269
99.3251
99.2432
99.2361
99.2336
99.2139
99.212
99.2123
99.1923
99.1757
99.1477
99.1446
99.1423
99.1334
99.1034
99.0765
99.0382
98.9523
98.9957
98.9515
99.004
98.9668
98.9626
98.9583
98.9477
98.9152
98.9424
98.9333
98.9302
98.9002
98.8593
98.7684
98.7268
98.7086
98.5797
98.5361
98.544
98.4978
98.4517
98.4942
98.4841
98.458
98.5076
98.4952
98.5697
98.6088
98.6579
98.6138
98.4436
98.3812
98.478
98.4984
98.5351
98.5268
98.4971
98.4632
98.3788
98.3358
98.3614
98.3318
98.3076
98.2663
98.2438
98.2958
98.3385
98.3148
98.2946
98.3629
98.3583
98.4457
98.4938
98.47
98.4373
98.4429
98.3905
98.3432
98.3499
98.2721
98.2808
98.2869
98.2332
98.2764
98.2362
98.241
98.2058
98.1714
98.0828
98.089
98.0556
97.98
97.9521
97.8983
97.8519
97.8835
97.8642
97.8391
97.733
97.7302
97.7297
97.7102
97.6937
97.6937
97.7094
97.6602
97.7048
97.6546
97.5677
97.5872
97.6621
97.642
97.6309
97.6497
97.7742
97.8506
97.8121
97.8581
97.7744
97.789
97.8593
97.7809
97.8645
97.7371
97.7959
97.7139
97.7248
97.7717
97.8025
97.792
97.6646
97.7434
97.7829
97.8182
97.9731
97.9422
97.9795
97.95
98.0085
98.0457
98.1792
98.2552
98.2399
98.281
98.3344
98.3808
98.4154
98.4465
98.4316
98.4383
98.4586
98.4077
98.3831
98.3818
98.4008
98.4033
98.396
98.4041
98.3709
98.3853
98.3098
98.2966
98.4493
98.4997
98.5276
98.5142
98.4892
98.4654
98.4517
98.4949
98.5563
98.5602
98.6198
98.6239
98.6601
98.677
98.6767
98.681
98.7347
98.7623
98.7882
98.817
98.8225
98.8358
98.8413
98.8431
98.8712
98.8669
98.8734
98.869
98.9214
98.9098
98.9285
98.9171
98.9178
98.9372
98.9471
98.9738
98.9868
98.9802
99.0187
99.0787
99.1308
99.1506
99.1505
99.0885
99.0724
99.0621
99.0615
99.0533
99.0462
99.0112
98.9917
98.9799
98.9448
98.9559
98.9047
98.8935
98.8873
98.8772
98.8917
98.9369
98.9112
98.9017
98.8935
98.881
98.9203
98.9549
98.9628
98.9004
98.893
98.9521
98.911
98.9388
98.9339
98.9403
98.934
98.8999
98.9022
98.8541
98.8579
98.8501
98.8306
98.785
98.8063
98.7825
98.7363
98.7448
98.7138
98.7141
98.721
98.6824
98.6755
98.7033
98.6631
98.6812
98.6464
98.6385
98.6447
98.6104
98.5855
98.5488
98.5325
98.5126
98.4624
98.4298
98.3919
98.3549
98.3527
98.3035
98.2458
98.1919
98.1728
98.0458
98.069
98.0086
97.9823
97.977
97.9869
98.0246
97.9817
98.0146
98.0327
98.0653
98.1467
98.1795
98.1867
98.1965
98.2343
98.2251
98.2682
98.3292
98.3208
98.3563
98.3899
98.3771
98.3594
98.387
98.4722
98.4854
98.5032
98.5584
98.5633
98.5889
98.5883
98.6088
98.6506
98.6035
98.6331
98.6676
98.7068
98.715
98.7547
98.7921
98.8267
98.874
98.9266
98.9292
98.9447
98.9587
98.9727
98.9954
99.0023
99.0597
99.0744
99.0546
99.0174
98.9919
99.001
98.9794
98.9681
99.0303
99.0283
98.9852
98.9931
98.9679
98.9348
98.8597
98.8118
98.8385
98.9123
98.9721
99.0095
99.0098
99.0553
99.1178
99.0469
99.0558
99.0642
99.0678
99.0264
98.9927
98.9498
98.9833
98.9419
98.9998
98.9678
98.9536
98.9229
98.8936
98.8537
98.8298
98.8172
98.7702
98.7135
98.711
98.7313
98.7777
98.8422
98.9389
99.0221
99.1066
99.1911
99.2772
99.3641
99.3889
99.3806
99.3811
99.3732
99.356
99.4313
99.4265
99.4185
99.3984
99.3364
99.2865
99.2579
99.1876
99.1805
99.2051
99.2194
99.2192
99.2286
99.2282
99.2435
99.2343
99.2282
99.2122
99.1874
99.1584
99.1521
99.0752
99.0514
99.0469
98.9804
98.9484
98.9456
98.9216
98.9005
98.8142
98.8156
98.7754
98.8176
98.8617
98.8742
98.9006
98.9215
98.9348
98.962
98.9376
98.9757
98.9689
98.9553
99.0085
99.0507
99.0921
99.0373
99.0204
99.0144
98.9644
98.9349
98.9322
98.921
98.8816
98.8595
98.8576
98.8425
98.7729
98.7885
98.7556
98.7486
98.7432
98.7693
98.6988
98.6156
98.6054
98.6431
98.6949
98.7778
98.7903
98.7962
98.8132
98.8197
98.8371
98.8199
98.7966
98.7833
98.7547
98.7415
98.7451
98.7412
98.7257
98.6871
98.6588
98.6322
98.5794
98.525
98.5278
98.4892
98.3772
98.3108
98.2348
98.2411
98.2026
98.1479
98.1479
98.217
98.2478
98.2847
98.2875
98.3151
98.4372
98.5223
98.6035
98.7686
98.8888
98.9797
99.0666
99.1463
99.1782
99.1775
99.1859
99.1885
99.1942
99.2019
99.2235
99.2513
99.258
99.2839
99.2961
99.305
99.2957
99.2882
99.2783
99.2637
99.2623
99.2312
99.2017
99.1538
99.1294
99.0677
99.0907
99.0396
99.0489
98.9538
98.9792
98.892
98.8581
98.8365
98.9306
98.9706
99.0092
98.9873
98.9717
98.927
98.8787
98.8335
98.811
98.7076
98.6535
98.6108
98.6026
98.6266
98.6071
98.5945
98.5887
98.5789
98.5764
98.5207
98.4632
98.4933
98.4674
98.4312
98.4596
98.4783
98.5049
98.5263
98.5474
98.6044
98.6795
98.7764
98.8259
98.8987
98.978
99.0113
99.0235
99.0757
99.1092
99.1171
99.1416
99.157
99.1916
99.2073
99.2506
99.2849
99.3191
99.3141
99.3252
99.3156
99.3163
99.3084
99.3196
99.2958
99.2811
99.2798
99.2609
99.2578
99.3238
99.3984
99.4083
99.4145
99.3963
99.3587
99.3115
99.3381
99.3042
99.2348
99.1941
99.1818
99.1559
99.1869
99.2258
99.2685
99.4241
99.4671
99.4369
99.4398
99.4031
99.4307
99.4382
99.4449
99.5346
99.552
99.5488
99.5531
99.5601
99.5723
99.5718
99.5722
99.6068
99.5957
99.5916
99.5876
99.5985
99.6116
99.5932
99.5654
99.5457
99.5439
99.5499
99.5481
99.5378
99.5174
99.5212
99.5242
99.5023
99.5046
99.5112
99.5127
99.524
99.5154
99.517
99.5165
99.4861
99.4853
99.4779
99.4652
99.4664
99.4682
99.4688
99.4733
99.4735
99.4285
99.4235
99.4185
99.4241
99.4275
99.4101
99.4005
99.3817
99.2937
99.2663
99.2575
99.2428
99.216
99.2002
99.1908
99.1777
99.0775
99.0708
99.071
99.0457
99.0498
99.08
99.0894
99.0891
99.0674
99.0787
99.1
99.0678
99.0928
99.0991
99.1034
99.049
99.0487
99.0389
98.9991
98.9698
98.9389
98.8057
98.7967
98.7717
98.8044
98.8194
98.8357
98.8437
98.871
98.8829
98.9011
98.8921
98.9276
99.0222
99.039
99.0301
99.0454
99.0396
99.0394
99.023
99.0059
98.9621
98.9891
98.9869
98.9778
98.955
98.8883
98.8629
98.8216
98.7815
98.75
98.7635
98.7469
98.7852
98.8045
98.7902
98.8225
98.8697
98.9286
98.9612
99.0333
99.0011
98.997
98.9685
98.8801
98.7529
98.6088
98.5337
98.5208
98.4861
98.4985
98.4771
98.4804
98.5697
98.6227
98.5791
98.7002
98.8894
98.9209
98.9183
98.9617
98.9512
98.9438
98.9202
98.8878
98.8178
98.7718
98.6997
98.6616
98.6341
98.5627
98.5237
98.5141
98.4166
98.2797
98.2019
98.0073
98.0239
97.9725
97.8372
97.8613
97.8583
97.8305
97.8818
97.9655
98.1103
98.3205
98.4848
98.5183
98.5356
98.5095
98.4829
98.4135
98.3452
98.3989
98.3956
98.3878
98.4066
98.3937
98.4059
98.4296
98.4555
98.5401
98.6121
98.7355
98.8277
98.8208
98.7938
98.767
98.7569
98.7636
98.7417
98.6916
98.701
98.7735
98.7863
98.7676
98.7669
98.7549
98.7505
98.7367
98.7238
98.7384
98.6772
98.6657
98.6132
98.5995
98.5307
98.4714
98.4836
98.4305
98.4494
98.3967
98.3752
98.3006
98.2275
98.2221
98.1799
98.1739
98.1216
98.2499
98.4486
98.5149
98.548
98.524
98.5226
98.4829
98.5301
98.6839
98.7147
98.815
98.878
98.8222
98.8684
98.8301
98.7948
98.7983
98.8313
98.8139
98.8012
98.8395
98.8241
98.8121
98.7882
98.7923
98.7929
98.7931
98.8237
98.77
98.769
98.7803
98.737
98.6858
98.6833
98.686
98.6661
98.6528
98.631
98.6526
98.6013
98.6208
98.6099
98.5897
98.6424
98.6502
98.6306
98.6049
98.5507
98.5008
98.5364
98.5172
98.5744
98.6608
98.7329
98.7676
98.7894
98.8209
98.8686
98.8737
98.8621
98.855
98.8486
98.8931
98.9038
98.9236
98.9396
99.0001
99.0386
99.0649
99.1243
99.1556
99.1935
99.2144
99.251
99.283
99.2929
99.3185
99.3151
99.3255
99.3244
99.3108
99.3173
99.3124
99.29
99.2926
99.2991
99.2925
99.2669
99.2511
99.2149
99.2034
99.1482
99.1548
99.1152
99.0982
99.0749
99.0489
99.0219
98.9675
98.9457
98.9278
98.8875
98.9215
98.9283
98.9048
98.8888
98.8588
98.8265
98.81
98.773
98.7053
98.6642
98.6388
98.6216
98.5798
98.5444
98.5843
98.5926
98.5426
98.5684
98.5497
98.5343
98.524
98.4739
98.4826
98.431
98.3838
98.3231
98.324
98.3035
98.3773
98.376
98.4006
98.4379
98.4869
98.6027
98.6336
98.7353
98.7998
98.8602
98.9076
98.9805
99.0485
99.0834
99.1003
99.0874
99.0863
99.0531
99.0739
99.0421
99.0167
98.9981
99.0283
99.0198
99.0055
99.0826
99.1658
99.1531
99.1808
99.161
99.1457
99.1256
99.0823
99.0832
99.0397
99.0132
99.0224
98.9861
98.9937
99.0003
99.0238
99.0318
99.0551
99.0702
99.0662
98.9466
98.8483
98.7793
98.7218
98.6985
98.6902
98.7089
98.6819
98.7273
98.7182
98.6911
98.7164
98.7496
98.8261
98.8267
98.8481
98.9802
99.0167
99.0524
99.0773
99.0975
99.0814
99.0729
99.0555
99.043
99.0332
99.0087
98.9971
98.9856
98.9954
98.9701
98.9803
99.0035
98.9452
98.986
99.0266
99.029
99.0278
98.9891
98.9319
98.9121
98.8337
98.8007
98.7651
98.718
98.6953
98.6501
98.6167
98.6202
98.6038
98.6223
98.6586
98.6781
98.6292
98.6335
98.6716
98.7658
98.8298
98.8383
98.8896
98.8031
98.7835
98.7971
98.7537
98.7155
98.6715
98.6277
98.6365
98.6595
98.6035
98.6666
98.599
98.6139
98.6338
98.6241
98.6466
98.5139
98.4731
98.4506
98.4577
98.5658
98.6054
98.7139
98.6916
98.7341
98.8228
98.8406
98.9026
98.9038
98.9118
98.9056
98.8946
98.8914
98.8718
98.9157
98.9196
98.9057
98.9063
98.8869
98.8701
98.8528
98.8656
98.8379
98.8056
98.7922
98.7825
98.779
98.7427
98.7361
98.7221
98.6947
98.6651
98.6615
98.5888
98.5342
98.4629
98.4778
98.4247
98.3866
98.2935
98.2436
98.1978
98.0618
98.0453
97.9203
97.8904
97.9157
98.0208
98.0696
98.0397
98.1429
98.156
98.1445
98.1281
98.1598
98.2211
98.2791
98.3053
98.3858
98.4099
98.506
98.5484
98.5185
98.5283
98.5334
98.5527
98.5155
98.5107
98.5199
98.533
98.5976
98.6119
98.6035
98.6011
98.6442
98.6794
98.7845
98.7926
98.796
98.8473
98.8252
98.8271
98.8466
98.819
98.8702
98.8908
98.8592
98.8677
98.8786
98.8509
98.912
98.8902
98.8444
98.8534
98.8635
98.9057
98.9419
98.9906
99.0285
99.0815
99.0931
99.1064
99.1285
99.0998
99.1089
99.1266
99.1271
99.078
99.116
99.0577
99.0004
98.9402
98.8847
98.8938
98.9588
99.1336
99.137
99.1781
99.1926
99.0922
99.1342
99.1744
99.2282
99.2543
99.3069
99.3017
99.2931
99.2737
99.2929
99.3058
99.309
99.3038
99.2846
99.266
99.276
99.2906
99.3099
99.3103
99.3108
99.3334
99.3423
99.3356
99.3298
99.3124
99.3096
99.305
99.2984
99.2878
99.2778
99.277
99.2572
99.2451
99.2437
99.2476
99.2559
99.2711
99.2843
99.3952
99.4233
99.451
99.4818
99.5066
99.5406
99.5536
99.5683
99.6338
99.633
99.6319
99.6405
99.6389
99.6458
99.6512
99.6531
99.6336
99.6496
99.644
99.642
99.6291
99.6169
99.6121
99.6066
99.6172
99.6201
99.6223
99.6141
99.611
99.6067
99.5918
99.571
99.5691
99.5563
99.549
99.5562
99.5465
99.5487
99.5433
99.5314
99.533
99.5025
99.4965
99.4925
99.4537
99.434
99.4244
99.4184
99.407
99.3789
99.3867
99.3828
99.3803
99.3729
99.3677
99.358
99.3798
99.3582
99.3596
99.3556
99.3413
99.3275
99.3361
99.33
99.3368
99.3301
99.287
99.2664
99.2719
99.2688
99.3019
99.3053
99.3311
99.3536
99.3549
99.3626
99.3649
99.3543
99.3489
99.3
99.2422
99.2098
99.1281
99.0921
99.0688
99.085
99.1147
99.1148
99.0997
99.1146
99.0281
99.048
99.0709
99.0726
99.0599
99.012
98.9629
98.9103
98.7455
98.6821
98.6463
98.6247
98.5597
98.5533
98.5431
98.5462
98.6454
98.643
98.6263
98.697
98.8917
98.8875
98.9145
98.9195
98.8723
98.8587
98.8354
98.7669
98.7275
98.7002
98.6188
98.5595
98.5472
98.4826
98.3564
98.406
98.3015
98.2493
98.3063
98.2679
98.3462
98.3583
98.4327
98.5314
98.5514
98.6335
98.6557
98.7166
98.7565
98.7505
98.7922
98.7928
98.7673
98.7584
98.6835
98.7115
98.7001
98.619
98.6151
98.6005
98.5959
98.5854
98.5278
98.5425
98.5223
98.4772
98.4481
98.4536
98.4471
98.4419
98.4543
98.4467
98.4403
98.4425
98.4253
98.4472
98.5397
98.5882
98.6077
98.5954
98.5842
98.5734
98.5833
98.5981
98.6075
98.6683
98.6612
98.6945
98.735
98.7531
98.7333
98.7557
98.7538
98.7508
98.7911
98.7785
98.8245
98.7946
98.8379
98.848
98.8445
98.8532
98.8441
98.8633
98.8789
98.871
98.8941
98.8948
98.8898
98.888
98.8867
98.8739
98.8711
98.8679
98.8374
98.8374
98.8411
98.8645
98.8713
98.8695
98.8497
98.8794
98.873
98.8572
98.9037
98.9148
98.9465
98.9838
99.0276
99.0835
99.1072
99.1066
99.1364
99.1738
99.1417
99.1325
99.1713
99.1414
99.1754
99.1409
99.1604
99.1868
99.1744
99.1488
99.1137
99.0989
99.0881
99.0592
99.0107
98.9733
98.947
98.9708
98.9236
98.8626
98.8303
98.8277
98.7639
98.6911
98.6693
98.6518
98.6133
98.5481
98.4684
98.4395
98.5257
98.5669
98.5651
98.6339
98.6602
98.7142
98.6876
98.645
98.6823
98.68
98.7077
98.7053
98.6946
98.7001
98.6271
98.6812
98.7102
98.7368
98.7477
98.7953
98.9199
98.9388
98.9366
98.9891
98.9892
99.0191
99.0841
99.1486
99.1356
99.1581
99.1478
99.1181
99.0252
99.0049
98.9901
98.9689
98.9708
98.9326
98.9426
98.9937
98.9755
99.0011
99.0182
99.0323
99.0327
99.014
99.0181
99.0173
99.0114
99.1287
99.1092
99.1117
99.0708
99.0285
99.1702
99.2161
99.2337
99.2011
99.2224
99.1661
99.1806
99.2074
99.2554
99.2424
99.2441
99.1987
99.1976
99.1882
99.1764
99.1807
99.1774
99.1556
99.113
99.0495
99.0236
98.9663
98.9309
98.9102
98.8676
98.831
98.7968
98.6976
98.7136
98.7887
98.8209
98.8901
99.0131
99.0666
99.144
99.2206
99.2976
99.3591
99.3816
99.4188
99.4161
99.4142
99.3986
99.4001
99.4486
99.4545
99.4415
99.4316
99.4273
99.4398
99.4284
99.4263
99.4987
99.4923
99.5046
99.5128
99.5022
99.5073
99.5162
99.5185
99.5593
99.5656
99.5637
99.5751
99.5778
99.5814
99.5934
99.5911
99.5851
99.5899
99.5768
99.5689
99.5629
99.5495
99.5406
99.5265
99.5199
99.5004
99.4966
99.4854
99.4836
99.4768
99.4772
99.476
99.4729
99.4321
99.41
99.4075
99.3853
99.3759
99.3538
99.3363
99.3021
99.2291
99.2197
99.2218
99.2161
99.1839
99.1978
99.1774
99.1927
99.1694
99.1571
99.1709
99.1464
99.1426
99.1297
99.1309
99.1441
99.1244
99.1235
99.1243
99.0786
99.0406
99.0101
99.0136
98.9804
98.9685
98.9585
98.929
98.8856
98.8762
98.8272
98.8526
98.7946
98.8081
98.6954
98.7632
98.7366
98.7581
98.7482
98.8768
98.8786
98.9338
98.9714
99.0011
99.0338
99.0132
98.9848
98.9949
98.9488
98.9295
98.8773
98.8535
98.7931
98.8196
98.7895
98.7937
98.7953
98.7721
98.7598
98.7546
98.763
98.7615
98.8199
98.8726
98.924
98.9492
98.9414
98.9605
98.9255
98.9009
98.8971
98.8855
98.8853
98.8595
98.9337
98.8868
98.8414
98.8427
98.8286
98.7981
98.7838
98.7691
98.7763
98.7173
98.7159
98.7029
98.7193
98.7363
98.728
98.7097
98.7155
98.6833
98.6853
98.6943
98.694
98.6882
98.6752
98.6611
98.6444
98.6244
98.6625
98.6728
98.6238
98.5861
98.5409
98.5239
98.4489
98.3603
98.3334
98.2541
98.1922
98.2018
98.077
98.0595
98.031
97.9935
98.0381
97.9717
98.0142
98.0871
98.2197
98.2485
98.2804
98.3227
98.3418
98.3112
98.2853
98.3597
98.4634
98.5041
98.5464
98.5917
98.6699
98.7119
98.7713
98.8134
98.8118
98.8303
98.8289
98.8698
98.8472
98.8834
98.915
98.9072
98.9259
98.9228
98.9406
98.9343
98.9666
99.0219
99.0349
99.0651
99.0996
99.1273
99.1479
99.1503
99.1771
99.1859
99.1869
99.1793
99.1599
99.1345
99.1104
99.0935
99.1178
99.0873
99.0772
99.0626
99.0742
99.0952
99.0701
99.0787
99.1082
99.1013
99.1063
99.1124
99.1359
99.1305
99.1652
99.1296
99.1212
99.0491
99.0513
99.0569
99.0478
99.0272
98.9845
98.9756
98.972
98.9285
98.9332
98.9259
98.8962
98.868
98.8452
98.8633
98.8803
98.8786
98.8761
98.8688
98.8897
98.9197
98.9758
98.9775
98.9953
99.0248
99.0268
99.0337
99.0302
99.0101
99.0017
98.9558
98.9656
98.9228
98.9501
99.0201
99.0282
99.0557
99.0567
99.0527
99.0422
99.0193
98.946
98.8861
98.8696
98.8149
98.7989
98.7901
98.7731
98.7975
98.8119
98.8597
98.8829
98.9075
98.9404
99.0159
99.0225
99.0359
99.0691
99.1056
99.1279
99.1506
99.1883
99.2222
99.261
99.2731
99.2659
99.2917
99.286
99.3164
99.3277
99.321
99.3403
99.3241
99.2744
99.2511
99.1923
99.1469
99.1475
99.1429
99.134
99.1172
99.1064
99.096
99.0801
99.0756
99.1063
99.1718
99.2324
99.2679
99.3086
99.3172
99.2854
99.2295
99.1498
99.0904
99.0608
99.0768
99.1221
99.0261
99.0367
98.993
99.0155
98.9778
98.9575
98.9291
98.973
99.0787
99.0358
98.9334
98.8666
98.7962
98.7118
98.6544
98.5995
98.6473
98.6189
98.6195
98.6101
98.6219
98.6341
98.6466
98.6363
98.6322
98.6184
98.6317
98.6191
98.616
98.5996
98.6283
98.5852
98.5584
98.5021
98.5581
98.5619
98.5769
98.5899
98.6177
98.6311
98.607
98.6135
98.6025
98.6207
98.6274
98.6295
98.6453
98.6157
98.6363
98.6098
98.6499
98.6466
98.6443
98.6765
98.6842
98.7168
98.7169
98.725
98.7045
98.7213
98.7241
98.722
98.676
98.6625
98.6862
98.6781
98.6965
98.7253
98.7984
98.9588
99.0974
99.2097
99.3115
99.3181
99.3932
99.4373
99.4413
99.4547
99.4829
99.4963
99.5109
99.5273
99.4691
99.4543
99.4587
99.4534
99.4439
99.4456
99.4223
99.3951
99.3201
99.2923
99.2729
99.2543
99.2304
99.1989
99.1883
99.1856
99.1323
99.1139
99.089
99.0968
99.0369
99.0668
99.0654
99.0461
99.0733
99.1083
99.1032
99.1302
99.1117
99.1292
99.1474
99.1767
99.2764
99.2834
99.3009
99.2893
99.2741
99.269
99.2295
99.2393
99.2312
99.2621
99.2347
99.2298
99.2157
99.1941
99.1835
99.1937
99.1767
99.1203
99.1395
99.1576
99.1644
99.1963
99.2279
99.2206
99.175
99.0795
99.0622
99.0378
98.9775
98.9161
98.8716
98.787
98.7314
98.6132
98.616
98.59
98.6024
98.5894
98.625
98.6604
98.8567
98.9059
98.9471
98.9796
98.9345
98.8969
98.8524
98.8213
98.8146
98.7608
98.7114
98.7238
98.6902
98.7664
98.8119
98.819
98.8811
98.9202
98.9036
98.9091
98.8887
98.9234
98.8924
98.9151
98.9323
98.956
98.9891
99.0067
99.0359
99.0507
99.0638
99.0695
99.0628
99.0543
99.117
99.1421
99.1728
99.233
99.2735
99.3211
99.3112
99.2939
99.2763
99.2644
99.2507
99.2462
99.1989
99.1554
99.1213
99.0935
99.048
99.0354
98.9923
98.9477
98.9211
98.9082
98.8974
98.8825
98.9078
98.8808
98.8877
98.8761
98.8656
98.8621
98.8243
98.7757
98.7325
98.6817
98.6561
98.6272
98.5882
98.5501
98.5306
98.5089
98.4578
98.4852
98.4556
98.5558
98.5864
98.6246
98.6792
98.7039
98.7532
98.7628
98.7771
98.8213
98.8552
98.8481
98.8853
98.9017
98.9164
98.9797
99.0117
99.0195
99.0464
99.0698
99.0615
99.0759
99.0736
99.0173
99.0071
98.9524
98.9526
98.992
98.9866
99.0599
99.1096
99.1163
99.1471
99.1079
99.0801
99.0456
99.0247
99.0136
98.9731
98.964
99.0158
99.0462
99.1582
99.1837
99.1529
99.2275
99.1947
99.1577
99.1127
99.1747
99.2101
99.2624
99.2719
99.2863
99.2837
99.2612
99.2614
99.267
99.2603
99.2876
99.2761
99.2915
99.2696
99.289
99.3143
99.3219
99.346
99.3852
99.3853
99.398
99.4015
99.4033
99.4061
99.4118
99.3991
99.3986
99.3938
99.4046
99.4025
99.4063
99.4192
99.4754
99.4726
99.473
99.4666
99.4698
99.455
99.4766
99.4855
99.5441
99.5457
99.5437
99.5424
99.5446
99.5479
99.5447
99.5418
99.5823
99.5764
99.5924
99.5914
99.5901
99.616
99.628
99.6207
99.6384
99.6385
99.6348
99.6121
99.6007
99.5875
99.5813
99.5773
99.5564
99.545
99.5371
99.5148
99.4952
99.483
99.4584
99.454
99.4396
99.4304
99.4077
99.3942
99.3742
99.3606
99.3437
99.3306
99.3103
99.1668
99.0834
99.0038
98.9819
98.9518
98.9298
98.9659
98.9875
98.9353
99.0121
99.0499
99.0638
99.0928
99.1152
99.1342
99.1651
99.1158
99.1352
99.1733
99.2142
99.3158
99.3755
99.4234
99.444
99.4426
99.4362
99.4486
99.4437
99.4167
99.3799
99.3413
99.2871
99.1628
99.1286
99.1516
99.1666
99.1597
99.199
99.2274
99.2597
99.2173
99.2441
99.2712
99.3276
99.3351
99.3784
99.393
99.4197
99.44
99.4064
99.4115
99.4001
99.386
99.3728
99.3687
99.3888
99.4026
99.4392
99.4269
99.4273
99.4199
99.3975
99.3951
99.4001
99.3967
99.4513
99.4668
99.4695
99.474
99.4865
99.4834
99.4921
99.4862
99.5639
99.5751
99.5757
99.5741
99.5691
99.5778
99.5883
99.5849
99.5824
99.5747
99.5586
99.5502
99.5382
99.5172
99.5017
99.4928
99.4849
99.4223
99.4094
99.3882
99.3751
99.3693
99.3392
99.3492
99.3388
99.2645
99.2378
99.2274
99.2166
99.219
99.206
99.1932
99.1885
99.1303
99.1103
99.0964
99.0763
99.0796
99.0594
99.0562
99.0047
98.9997
98.9297
98.8808
98.8401
98.8646
98.9321
98.9376
98.9783
99.0794
99.0891
99.123
99.1503
99.1425
99.1741
99.2123
99.2065
99.3739
99.3828
99.3849
99.4236
99.4354
99.4391
99.4266
99.3915
99.3659
99.4037
99.3997
99.4006
99.3769
99.355
99.3333
99.3238
99.3071
99.2894
99.2933
99.2659
99.2626
99.2408
99.1954
99.1267
98.9903
98.4749
98.4676
98.4527
98.4786
98.4744
98.52
98.5842
98.647
98.777
98.7605
98.7548
98.8153
98.7696
98.7378
98.776
98.8243
98.844
98.8454
98.8342
98.8373
98.7699
98.7778
98.7639
98.752
98.7191
98.7241
98.7162
98.6872
98.5993
98.5409
98.56
98.514
98.4566
98.4061
98.2903
98.2831
98.3745
98.3625
98.3465
98.3369
98.3156
98.3494
98.3635
98.4084
98.371
98.3974
98.5
98.5641
98.5784
98.5151
98.5448
98.5105
98.5525
98.5648
98.601
98.5693
98.5292
98.4732
98.4261
98.3557
98.3343
98.289
98.2785
98.2382
98.2158
98.2139
98.1543
98.0914
98.0525
97.9915
97.9547
97.9191
97.8825
97.8531
97.8166
97.7559
97.6937
97.6384
97.5444
97.4851
97.4576
97.3395
97.3113
97.2729
97.2244
97.3212
97.3351
97.3896
97.3763
97.429
97.4051
97.4464
97.551
97.6258
97.7194
97.7461
97.807
97.884
97.93
97.8787
98.0107
98.0697
98.1518
98.2248
98.5239
98.5856
98.862
99.0082
99.1224
99.1944
99.2974
99.3366
99.3275
99.3456
99.2869
99.3059
99.3183
99.3322
99.3057
99.3075
99.322
99.2959
99.3282
99.3234
99.3127
99.2949
99.299
99.251
99.2398
99.2373
99.2812
99.2396
99.2372
99.2394
99.2434
99.2345
99.2354
99.2306
99.2238
99.1848
99.1292
99.0615
99.0589
99.0207
99.0094
99.0084
98.9914
98.9449
98.9411
98.913
98.8562
98.8299
98.8299
98.8114
98.8499
98.914
98.8864
98.9111
98.9273
98.9714
98.9017
98.8997
98.8698
98.8082
98.8104
98.8497
98.8286
98.9378
99.0919
99.1436
99.2877
99.3015
99.332
99.342
99.4098
99.3961
99.433
99.449
99.4468
99.4333
99.2845
99.347
99.3339
99.3178
99.2925
99.316
99.3405
99.3225
99.2455
99.2132
99.1582
99.1687
99.1797
99.217
99.2615
99.3515
99.381
99.4402
99.4876
99.5177
99.5124
99.4887
99.4818
99.4967
99.4956
99.48
99.4667
99.4468
99.4124
99.3788
99.3127
99.2567
99.2407
99.3022
99.3409
99.3502
99.3664
99.3617
99.3837
99.4257
99.4691
99.4777
99.5123
99.514
99.5443
99.5535
99.5643
99.5739
99.5963
99.6083
99.6126
99.6369
99.6581
99.6695
99.6767
99.6846
99.6996
99.687
99.6825
99.6663
99.6518
99.6336
99.6228
99.61
99.5999
99.5164
99.4925
99.4475
99.4173
99.4178
99.3984
99.3851
99.3666
99.3223
99.3512
99.3558
99.3497
99.3808
99.3898
99.4147
99.407
99.3979
99.3688
99.3941
99.4129
99.4179
99.4199
99.4286
99.4197
99.4168
99.4201
99.4024
99.4012
99.3878
99.3793
99.362
99.3557
99.3376
99.3214
99.3212
99.2869
99.2314
99.2256
99.2008
99.3032
99.33
99.3708
99.384
99.3732
99.4052
99.3806
99.3717
99.3566
99.3076
99.4027
99.3792
99.3572
99.3385
99.2749
99.2315
99.2024
99.181
99.1464
99.1307
99.131
99.1281
99.1007
99.0909
99.0521
99.0441
99.0234
99.063
99.0762
99.1108
99.1427
99.2106
99.2336
99.2822
99.3471
99.2551
99.2833
99.3093
99.3342
99.361
99.3697
99.3645
99.3403
99.2202
99.2185
99.2562
99.2608
99.2711
99.3041
99.3182
99.3166
99.3041
99.35
99.3623
99.3825
99.3996
99.4125
99.3961
99.3748
99.3163
99.2913
99.2626
99.1682
99.1833
99.2072
99.2596
99.302
99.3308
99.3567
99.369
99.3682
99.3792
99.3804
99.3731
99.3545
99.321
99.4038
99.3736
99.356
99.3485
99.3298
99.3165
99.2967
99.3062
99.3884
99.3862
99.3999
99.3979
99.4006
99.4009
99.3973
99.3954
99.4131
99.4324
99.4369
99.418
99.398
99.4069
99.3985
99.3721
99.3844
99.4026
99.3918
99.3949
99.3893
99.3649
99.338
99.2767
99.2182
99.1651
99.1121
99.0927
99.0529
99.0379
99.0189
99.0115
99.0353
98.9639
98.9477
98.9517
98.9661
98.9726
99.0082
99.0162
99.0453
98.9693
98.9483
98.9829
98.9228
98.9273
98.9428
98.9736
98.9623
98.9287
98.9179
98.9132
98.911
98.9107
98.891
98.8778
98.8874
98.9299
98.9241
98.9249
98.9175
98.9447
98.9685
98.9541
98.9874
99.0379
99.1179
99.1261
99.0897
99.0702
99.0632
99.0351
99.0299
99.0235
99.0512
99.1332
99.1192
99.1601
99.2044
99.2188
99.2307
99.2029
99.1605
99.1314
99.18
99.2706
99.3125
99.303
99.2679
99.2381
99.3125
99.3011
99.3114
99.2976
99.2824
99.1678
99.1033
99.1894
99.3556
99.4094
99.4255
99.4708
99.5269
99.5874
99.5861
99.5782
99.5727
99.5481
99.5197
99.5192
99.5463
99.5552
99.5569
99.5681
99.5923
99.586
99.5856
99.5952
99.5845
99.5525
99.5354
99.5148
99.5033
99.4772
99.4794
99.4729
99.4459
99.4128
99.4261
99.4454
99.4368
99.4302
99.4418
99.4493
99.4412
99.4457
99.4001
99.3787
99.3356
99.2739
99.2436
99.1913
99.1438
99.1317
99.0899
99.059
99.0372
98.9599
98.9382
98.9064
98.9559
98.9689
98.955
98.95
98.9676
98.9321
98.9883
99.0561
99.0903
99.0426
99.0641
99.0926
99.1102
99.0106
98.9969
99.0012
99
98.9755
98.9664
98.9628
98.9541
98.8945
98.8741
98.8722
98.8185
98.8019
98.7916
98.8017
98.7757
98.7746
98.857
98.8582
98.817
98.7972
98.8071
98.7789
98.8227
98.859
98.9359
98.8518
98.9133
98.9068
98.9263
98.9519
99.0151
98.997
98.9918
99.0307
99.1228
99.1542
99.199
99.1621
99.1457
99.2084
99.2101
99.188
99.2383
99.2681
99.2976
99.3198
99.3147
99.3675
99.4632
99.4131
99.3625
99.4166
99.4399
99.4734
99.4625
99.4068
99.3545
99.3501
99.3474
99.3574
99.383
99.3846
99.3693
99.3822
99.3838
99.3427
99.3297
99.3053
99.2889
99.2862
99.2617
99.2431
99.2253
99.1561
99.1235
99.1048
99.0751
99.0585
99.0264
99.0248
99.0532
98.9544
98.9722
98.9951
99.0088
98.979
98.9665
98.9662
98.9345
98.8321
98.809
98.7777
98.7367
98.7375
98.6958
98.6758
98.7236
98.7761
98.7326
98.8278
98.7696
98.7704
98.7382
98.7124
98.6876
98.6392
98.4968
98.4274
98.4004
98.3484
98.3193
98.3255
98.2483
98.2387
98.2478
98.2369
98.2224
98.2347
98.2467
98.2806
98.3225
98.3736
98.5357
98.568
98.6121
98.6361
98.6496
98.6766
98.7057
98.7257
98.7563
98.7518
98.7676
98.7553
98.7398
98.7232
98.7252
98.7395
98.6731
98.6939
98.7411
98.7527
98.7633
98.7678
98.7871
98.8427
98.8772
98.8689
98.8838
98.9214
98.9103
98.8884
98.8999
98.9364
99.0063
98.8997
98.9281
98.8644
98.8613
98.8251
98.8023
98.7827
98.7909
98.7378
98.7424
98.6815
98.7278
98.719
98.7678
98.7343
98.7263
98.7928
98.856
98.8177
98.8302
98.8294
98.8172
98.7574
98.739
98.744
98.7247
98.7011
98.6874
98.644
98.6691
98.6759
98.7192
98.6536
98.6556
98.6455
98.6511
98.6782
98.6617
98.6054
98.601
98.6118
98.7103
98.6969
98.7202
98.7098
98.6554
98.6061
98.5834
98.5615
98.6862
98.7975
98.8387
98.8425
98.8475
98.8245
98.7593
98.8409
98.7077
98.5997
98.6037
98.549
98.589
98.6283
98.7402
98.7622
98.7453
98.7063
98.7682
98.8234
98.853
98.866
98.8886
98.8741
98.8351
98.8537
98.8212
98.8064
98.8499
98.8387
98.8802
98.7977
98.8214
98.8468
98.8694
98.8023
98.8059
98.7367
98.6307
98.5535
98.5824
98.6021
98.6206
98.6536
98.6535
98.6029
98.6186
98.5814
98.5753
98.8816
98.9409
98.9682
98.9806
98.9924
98.9993
99.0173
98.9863
98.8738
98.7753
98.7711
98.6896
98.6659
98.58
98.5936
98.5977
98.5889
98.6023
98.5494
98.5942
98.6059
98.5805
98.5575
98.5262
98.586
98.6357
98.6661
98.72
98.7027
98.6909
98.6528
98.6175
98.5895
98.5887
98.6163
98.6753
98.6881
98.6475
98.6962
98.7381
98.7997
98.795
98.6736
98.6534
98.5625
98.5713
98.5783
98.5541
98.5446
98.513
98.5393
98.5887
98.6165
98.6469
98.6772
98.7597
98.7574
98.8202
98.7502
98.6236
98.6166
98.5962
98.6238
98.6317
98.6894
98.6555
98.6544
98.6644
98.6508
98.5906
98.5755
98.5724
98.5579
98.54
98.5815
98.5803
98.6167
98.7103
98.7695
98.7389
98.7784
98.7238
98.7176
98.7208
98.7067
98.6847
98.6944
98.7112
98.6923
98.6302
98.6814
98.7123
98.7158
98.6473
98.5831
98.5744
98.553
98.5365
98.435
98.4545
98.4976
98.4942
98.4802
98.4103
98.4912
98.4284
98.5381
98.6215
98.6472
98.6516
98.7036
98.7009
98.6637
98.6765
98.7129
98.6507
98.6457
98.6399
98.6344
98.586
98.4712
98.5034
98.5514
98.5177
98.4932
98.5137
98.5486
98.6462
98.5962
98.6576
98.7104
98.721
98.7125
98.664
98.7106
98.6938
98.6242
98.5877
98.5608
98.6517
98.6451
98.6104
98.5812
98.5491
98.5196
98.5243
98.5104
98.4755
98.5084
98.5778
98.598
98.6928
98.7429
98.753
98.7643
98.7854
98.8511
98.8181
98.8115
98.7452
98.678
98.6463
98.6764
98.6737
98.7256
98.6932
98.6692
98.6475
98.6377
98.5946
98.6026
98.6137
98.5964
98.6062
98.7017
98.7197
98.6912
98.7494
98.8151
98.7775
98.8087
98.7811
98.7737
98.7248
98.6881
98.6534
98.6282
98.6196
98.6016
98.6177
98.5855
98.5818
98.5986
98.6033
98.5753
98.5764
98.5459
98.5325
98.5655
98.6374
98.6627
98.7727
98.8091
98.7038
98.7612
98.7421
98.7094
98.7007
98.6993
98.6759
98.6796
98.7248
98.7332
98.7454
98.7728
98.7285
98.7278
98.7071
98.7046
98.6827
98.6985
98.706
98.7038
98.7718
98.7528
98.7701
98.792
98.8214
98.8326
98.7866
98.7824
98.7816
98.7699
98.7788
98.7531
98.7086
98.7102
98.6221
98.6417
98.6773
98.6918
98.686
98.672
98.6462
98.7077
98.7893
98.7984
98.7222
98.7126
98.6807
98.6627
98.6848
98.6391
98.6851
98.6929
98.6594
98.6545
98.6731
98.6709
98.6645
98.6454
98.6434
98.6975
98.7192
98.7643
98.7926
98.7922
98.8077
98.7794
98.7727
98.7456
98.7795
98.7839
98.8213
98.8212
98.7923
98.7654
98.7336
98.7686
98.6875
98.6953
98.6325
98.6531
98.5525
98.5234
98.4798
98.5194
98.5139
98.49
98.4706
98.453
98.4823
98.4896
98.5163
98.6481
98.6395
98.6774
98.716
98.7158
98.711
98.7667
98.7531
98.8012
98.8425
98.8494
98.8576
98.8522
98.8645
98.8501
98.8481
98.8488
98.8234
98.816
98.8
98.7985
98.8144
98.8302
98.7721
98.8094
98.7643
98.8172
98.7817
98.8281
98.8266
98.8023
98.8064
98.8195
98.8067
98.8088
98.8241
98.8539
98.8342
98.8214
98.8046
98.8016
98.7086
98.6846
98.6586
98.6446
98.6255
98.6565
98.6392
98.6107
98.5648
98.6184
98.5563
98.6071
98.5724
98.6266
98.6278
98.6148
98.7218
98.7515
98.7679
98.7931
98.8162
98.8256
98.806
98.807
98.7888
98.7504
98.752
98.7384
98.7326
98.7251
98.7137
98.7456
98.7314
98.7077
98.6769
98.646
98.6683
98.6593
98.7188
98.7328
98.7256
98.7195
98.7022
98.724
98.6908
98.7024
98.7076
98.6798
98.6754
98.7572
98.7607
98.7675
98.7797
98.7767
98.7867
98.7585
98.7394
98.7378
98.7562
98.7217
98.7218
98.717
98.7194
98.6963
98.7137
98.7053
98.6542
98.6682
98.6405
98.6557
98.6602
98.6883
98.6375
98.6583
98.7155
98.7368
98.7128
98.7031
98.7132
98.7215
98.7026
98.678
98.7263
98.7162
98.703
98.7194
98.7281
98.7033
98.7268
98.7334
98.7482
98.7507
98.7516
98.7411
98.7697
98.738
98.7458
98.7691
98.7541
98.7288
98.7559
98.7378
98.7375
98.7543
98.7538
98.7707
98.7709
98.7947
98.772
98.7557
98.7711
98.7653
98.7734
98.7568