98.8588
98.8469
98.8576
98.8439
98.8497
98.8405
98.8475
98.8467
98.8629
98.8663
98.8577
98.8662
98.8687
98.8465
98.8522
98.8515
98.8509
98.847
98.8268
98.8251
98.8355
98.8259
98.8414
98.8299
98.8124
98.8125
98.822
98.8451
98.8355
98.8352
98.8443
98.8432
98.8415
98.8441
98.847
98.8319
98.7943
98.7971
98.7849
98.7975
98.7548
98.7464
98.7452
98.7612
98.7377
98.7257
98.7086
98.6931
98.7095
98.6934
98.7
98.69
98.6836
98.7009
98.681
98.6472
98.643
98.6462
98.6406
98.6275
98.6342
98.636
98.6301
98.6216
98.6477
98.6502
98.6657
98.6731
98.6533
98.6669
98.6563
98.636
98.6092
98.5895
98.5824
98.5867
98.5836
98.5794
98.5896
98.5859
98.6074
98.6077
98.6199
98.6372
98.6285
98.6663
98.6926
98.6645
98.6453
98.6483
98.6471
98.6349
98.6354
98.6243
98.6317
98.6674
98.7088
98.7336
98.7502
98.7691
98.795
98.8109
98.8225
98.8211
98.8493
98.8729
98.8855
98.9155
98.904
98.8728
98.8611
98.8631
98.8642
98.8434
98.8317
98.837
98.8325
98.824
98.8395
98.8363
98.8388
98.8092
98.8033
98.8136
98.8298
98.8082
98.7943
98.7818
98.7733
98.7409
98.7328
98.7234
98.7126
98.6692
98.7064
98.6892
98.6875
98.668
98.6329
98.6407
98.6451
98.6259
98.6196
98.6043
98.6135
98.5932
98.5967
98.5405
98.5697
98.5673
98.5239
98.5625
98.5421
98.5163
98.4623
98.4792
98.4475
98.4467
98.445
98.4778
98.4523
98.4753
98.4693
98.4608
98.4851
98.5064
98.5467
98.5765
98.638
98.6558
98.6803
98.6961
98.6954
98.685
98.7268
98.7293
98.7346
98.7482
98.7694
98.7811
98.7854
98.7894
98.7824
98.7828
98.7862
98.802
98.7991
98.7934
98.799
98.7982
98.8214
98.797
98.8179
98.8097
98.7988
98.8015
98.7804
98.7662
98.7538
98.7536
98.7199
98.6826
98.6682
98.6631
98.6529
98.6091
98.6094
98.6287
98.6279
98.6639
98.6355
98.624
98.6228
98.5931
98.6069
98.5748
98.5726
98.5876
98.5825
98.5952
98.5927
98.5823
98.6139
98.6199
98.7278
98.7702
98.7834
98.7829
98.7967
98.7939
98.848
98.9075
98.9137
98.9596
98.9957
98.9945
98.9985
98.9991
99.0329
99.0338
98.9547
98.9586
98.9454
98.9491
98.9547
98.9458
98.9166
98.8969
98.8513
98.826
98.7443
98.6871
98.6966
98.7071
98.6945
98.6675
98.8659
98.8836
98.8838
98.8421
98.8368
98.8368
98.8352
98.8172
98.9018
98.8933
98.8873
98.8665
98.8648
98.8378
98.8676
98.8618
98.8317
98.8729
98.8599
98.8871
98.9065
98.9073
98.9411
98.9846
98.9804
98.8461
98.8605
98.862
98.8699
98.8557
98.8333
98.8118
98.819
98.7427
98.7319
98.7121
98.6868
98.6589
98.6359
98.6323
98.6096
98.5943
98.6225
98.5934
98.6101
98.6199
98.572
98.5885
98.5435
98.6107
98.599
98.6116
98.6405
98.6147
98.6276
98.6717
98.6647
98.749
98.7419
98.7401
98.7418
98.7141
98.6878
98.6846
98.6964
98.7465
98.7105
98.7048
98.7372
98.7314
98.7073
98.7112
98.7175
98.7385
98.7153
98.7472
98.7393
98.7356
98.7147
98.7105
98.6847
98.6875
98.7032
98.6968
98.6972
98.6926
98.6945
98.6804
98.6278
98.6178
98.6125
98.5833
98.5985
98.556
98.5028
98.5495
98.5018
98.4962
98.5298
98.5195
98.5459
98.531
98.5466
98.5745
98.5873
98.634
98.6947
98.8055
98.7841
98.7417
98.7296
98.7164
98.7076
98.6793
98.6481
98.6542
98.6472
98.6268
98.6461
98.6298
98.6426
98.661
98.6666
98.5834
98.5829
98.5805
98.5678
98.5791
98.5654
98.5667
98.565
98.5347
98.5099
98.5415
98.5934
98.5867
98.6272
98.6624
98.6857
98.7525
98.7796
98.779
98.7909
98.7793
98.7854
98.8318
98.8005
98.8757
98.8486
98.8446
98.8619
98.8265
98.8283
98.8091
98.7958
98.7972
98.804
98.8228
98.8262
98.8551
98.8343
98.8355
98.8617
98.8899
98.7269
98.7701
98.7889
98.8151
98.8329
98.8067
98.8131
98.8209
98.7519
98.7173
98.728
98.6873
98.6546
98.6274
98.6445
98.5789
98.6102
98.6097
98.6419
98.6042
98.6298
98.6237
98.6189
98.6105
98.6959
98.6678
98.6732
98.6574
98.6549
98.665
98.6397
98.6698
98.7233
98.6905
98.669
98.6754
98.7024
98.7018
98.7131
98.7102
98.708
98.6868
98.6943
98.6851
98.7132
98.7143
98.7098
98.7242
98.7162
98.7016
98.6852
98.7092
98.7104
98.7169
98.7127
98.7291
98.7093
98.6819
98.6534
98.5958
98.5993
98.5687
98.5421
98.4788
98.4558
98.456
98.3994
98.3668
98.3522
98.2933
98.3114
98.3019
98.2717
98.4177
98.441
98.4727
98.5153
98.5696
98.6397
98.6496
98.6845
98.7262
98.734
98.776
98.83
98.8302
98.8563
98.8726
98.9015
98.9289
98.8936
98.9073
98.9196
98.906
98.9309
98.9621
98.9575
98.933
98.885
98.8211
98.8081
98.76
98.6554
98.6268
98.5585
98.5327
98.5739
98.5753
98.5711
98.6013
98.6681
98.6714
98.6811
98.6938
98.877
98.8684
98.8474
98.84
98.8619
98.8242
98.81
98.8202
98.8566
98.8704
98.8821
98.9027
98.9281
98.9612
98.9807
99.0124
99.0184
98.8412
98.8526
98.8621
98.8744
98.8746
98.8829
98.8664
98.8558
98.814
98.8005
98.8002
98.8174
98.7924
98.742
98.6973
98.7107
98.6745
98.6325
98.6236
98.5502
98.5899
98.5774
98.5892
98.5528
98.6594
98.6449
98.6162
98.5963
98.6345
98.6391
98.6459
98.6382
98.7548
98.7572
98.7316
98.7291
98.7476
98.755
98.7539
98.768
98.7648
98.6635
98.6865
98.6967
98.6955
98.6767
98.663
98.6486
98.6473
98.6794
98.6772
98.6415
98.6001
98.6047
98.5704
98.5556
98.521
98.5076
98.4674
98.4567
98.4434
98.4987
98.4505
98.4314
98.4578
98.3883
98.4189
98.413
98.4285
98.4353
98.4257
98.457
98.4932
98.5602
98.5799
98.5791
98.5901
98.6256
98.6286
98.6159
98.6181
98.6223
98.5846
98.6013
98.6034
98.5769
98.6084
98.6164
98.6184
98.6164
98.5833
98.5585
98.6164
98.605
98.6005
98.566
98.5148
98.5251
98.5458
98.6363
98.6486
98.6444
98.7219
98.7241
98.7561
98.7148
98.8458
98.8469
98.8538
98.8407
98.8455
98.8359
98.8387
98.8291
98.8485
98.8261
98.8204
98.7853
98.7937
98.8067
98.8069
98.8076
98.7416
98.7655
98.7906
98.7972
98.8202
98.8369
98.8481
98.8668
98.7171
98.7239
98.7136
98.7109
98.7056
98.6923
98.6976
98.6731
98.6779
98.6736
98.679
98.6812
98.6653
98.683
98.6637
98.6664
98.6807
98.7671
98.7871
98.7727
98.7521
98.7413
98.729
98.7317
98.7625
98.8598
98.8675
98.8706
98.9037
98.9005
98.9205
98.9139
98.8988
98.7947
98.7546
98.6918
98.6536
98.6545
98.59
98.5753
98.596
98.5665
98.5441
98.5485
98.5203
98.5706
98.5971
98.6398
98.7192
98.7526
98.7282
98.6829
98.6387
98.6221
98.6222
98.6615
98.6713
98.6574
98.6899
98.6768
98.6245
98.6364
98.6244
98.6968
98.7499
98.7559
98.7229
98.7077
98.616
98.5533
98.5296
98.5089
98.501
98.534
98.5175
98.5119
98.5815
98.6778
98.7016
98.6748
98.6307
98.5534
98.5126
98.4441
98.4203
98.4185
98.4192
98.4047
98.4175
98.4376
98.5006
98.5955
98.6171
98.6112
98.5693
98.4975
98.4734
98.4438
98.4424
98.4822
98.4884
98.4824
98.4678
98.4315
98.4048
98.4514
98.5071
98.5388
98.572
98.5729
98.5023
98.4291
98.3905
98.3283
98.3439
98.338
98.3044
98.3128
98.3306
98.3711
98.4111
98.3942
98.4408
98.4724
98.508
98.5445
98.5654
98.5838
98.5986
98.6292
98.6072
98.4904
98.4284
98.5119
98.4968
98.5035
98.4991
98.4716
98.4654
98.5683
98.7106
98.6572
98.6444
98.599
98.5326
98.4449
98.4655
98.4649
98.4553
98.4223
98.4627
98.5253
98.5756
98.6081
98.6194
98.6506
98.6042
98.4941
98.5273
98.5428
98.5691
98.566
98.5728
98.6069
98.6233
98.6083
98.6437
98.7004
98.7384
98.7168
98.7061
98.6975
98.586
98.6038
98.623
98.6253
98.6253
98.5704
98.6312
98.6818
98.7193
98.7461
98.6411
98.624
98.6581
98.6489
98.6422
98.6087
98.6057
98.6196
98.6767
98.6505
98.6527
98.6549
98.7165
98.802
98.8118
98.7679
98.764
98.7143
98.6908
98.7089
98.7197
98.7269
98.7271
98.6728
98.735
98.7882
98.8092
98.7587
98.7313
98.6606
98.6299
98.5579
98.5461
98.5333
98.5496
98.5551
98.4977
98.5282
98.5196
98.5076
98.5254
98.5382
98.5261
98.5657
98.5516
98.5649
98.5333
98.5419
98.5679
98.5825
98.5693
98.5584
98.5633
98.5552
98.5419
98.539
98.5225
98.5103
98.5015
98.4925
98.4888
98.5091
98.5089
98.4954
98.5069
98.5439
98.5214
98.5453
98.5428
98.4968
98.5513
98.4884
98.4984
98.5145
98.5142
98.5303
98.5277
98.5469
98.5402
98.5337
98.5685
98.557
98.5857
98.631
98.6246
98.5938
98.6101
98.6166
98.686
98.7098
98.7757
98.7904
98.8229
98.8633
98.879
98.8882
98.8813
98.9726
99.0549
99.0605
99.0433
99.0242
99.0034
98.9927
98.9557
98.906
98.8958
98.9358
98.9565
99.0173
99.1411
99.1843
99.2487
99.2169
99.1655
99.1548
99.1639
99.1415
99.1149
99.0884
99.0866
99.1715
99.1805
99.1881
99.1526
99.2102
99.2807
99.3748
99.4909
99.5544
99.5562
99.5664
99.5832
99.5927
99.5749
99.5736
99.5668
99.5633
99.5713
99.5672
99.5558
99.5403
99.5492
99.5572
99.5626
99.5598
99.5469
99.5421
99.5467
99.5309
99.5402
99.5331
99.5279
99.5225
99.5137
99.5189
99.5204
99.5221
99.5163
99.5117
99.5276
99.5217
99.5384
99.5471
99.5485
99.5463
99.5672
99.5698
99.5907
99.6203
99.6293
99.6252
99.6339
99.6336
99.6341
99.6337
99.6284
99.6285
99.5978
99.5885
99.5872
99.5926
99.5918
99.58
99.5908
99.5907
99.5435
99.546
99.5241
99.5179
99.5137
99.4996
99.4973
99.4808
99.4497
99.3763
99.3639
99.3397
99.3179
99.2988
99.255
99.2556
99.263
99.2488
99.257
99.2812
99.2881
99.2697
99.2557
99.2541
99.2364
99.1823
99.2
99.163
99.1857
99.2077
99.2259
99.2362
99.1912
99.1438
99.1424
99.1406
99.1712
99.1999
99.2261
99.2369
99.2368
99.2757
99.276
99.2729
99.2823
99.2687
99.2503
99.2373
99.2255
99.2773
99.2519
99.2101
99.1888
99.161
99.1311
99.0975
99.0559
99.0535
99.1393
99.1744
99.3551
99.4023
99.4461
99.468
99.4917
99.5108
99.5128
99.5139
99.5196
99.5139
99.528
99.537
99.5634
99.5772
99.5695
99.5715
99.5965
99.6092
99.619
99.6255
99.6307
99.6245
99.5918
99.5784
99.5585
99.5585
99.538
99.516
99.5139
99.495
99.4255
99.4162
99.3848
99.3773
99.3736
99.3661
99.3424
99.3227
99.2911
99.2059
99.1984
99.1673
99.1422
99.1191
99.1397
99.1363
99.1281
99.0691
99.0536
99.0731
99.0619
99.0517
99.0409
99.0436
99.0482
99.015
99.021
99.009
98.9888
98.9919
98.9926
98.9998
99.0064
98.9501
98.9535
98.9865
99.0172
99.0673
99.0899
99.1366
99.1572
99.1199
99.1307
99.1559
99.1827
99.2072
99.222
99.2257
99.2589
99.2429
99.2684
99.2893
99.3009
99.3093
99.2859
99.2846
99.2852
99.2752
99.256
99.2515
99.2769
99.2825
99.2747
99.2758
99.2693
99.2512
99.2299
99.2207
99.1894
99.1745
99.1641
99.1613
99.1755
99.1596
99.1139
99.0837
99.0225
98.9685
98.9274
98.8743
98.8503
98.8194
98.8334
98.8694
98.9495
99.0375
99.1035
99.1579
99.2117
99.2795
99.048
99.0551
99.0722
99.0786
98.9936
99.0376
99.0925
99.0968
99.0926
98.7705
98.763
98.7641
98.7587
98.7156
98.6642
98.6406
98.5924
98.4768
98.4445
98.3964
98.2941
98.2557
98.2205
98.1977
98.1487
98.1972
98.1109
98.0174
97.9377
97.8735
97.8361
97.8131
97.743
97.6234
97.5205
97.3748
97.2807
97.2046
97.1675
97.1286
97.0819
97.0141
96.9294
96.8438
96.7391
96.6841
96.7033
96.733
96.6813
96.735
96.7404
96.7561
96.7524
96.7045
96.6684
96.6217
96.615
96.7027
96.6966
96.6627
96.7308
96.7355
96.7124
96.7069
96.7268
96.741
96.8376
96.8504
96.8373
96.8364
96.8544
96.8086
96.8579
96.8822
96.8569
96.89
96.8853
96.8953
96.9303
96.8965
96.8429
96.8841
96.8936
96.9
96.8933
96.8925
96.8979
96.9232
96.9363
96.9161
97.0233
97.0383
97.0417
97.0352
97.0316
97.0146
97.0346
97.0325
97.0136
97.0071
97.018
96.9815
97.0083
97.0192
97.0349
97.0204
97.045
97.0404
97.0744
97.0691
97.1045
97.079
97.0798
97.0648
97.1219
97.1509
97.1732
97.1571
97.1491
97.1463
97.142
97.1233
97.1656
97.1788
97.2361
97.2262
97.2621
97.2789
97.2614
97.2765
97.2655
97.3756
97.3631
97.3634
97.3734
97.38
97.3355
97.3574
97.372
97.4145
97.4279
97.409
97.4357
97.4435
97.4879
97.488
97.484
97.4691
97.5259
97.5466
97.5246
97.5213
97.5145
97.5118
97.5297
97.5242
97.6348
97.642
97.6331
97.6345
97.6559
97.6079
97.659
97.6558
97.6871
97.6871
97.6527
97.7029
97.6785
97.6903
97.6875
97.6913
97.743
97.7686
97.7497
97.7631
97.7689
97.7694
97.7788
97.7672
97.8763
97.8802
97.8379
97.8687
97.8892
97.8783
97.8784
97.9051
97.9155
97.9464
97.9605
97.9502
97.9635
97.9716
97.9775
97.9889
97.9778
98.0415
98.0367
98.024
98.0256
98.0453
98.0538
98.0651
98.0637
98.1307
98.1282
98.1298
98.1205
98.1176
98.1098
98.1062
98.1149
98.192
98.1876
98.2219
98.1798
98.2215
98.2342
98.2476
98.287
98.3729
98.3631
98.3751
98.3735
98.392
98.4054
98.432
98.4317
98.5167
98.5364
98.541
98.5469
98.5231
98.5463
98.5365
98.535
98.5264
98.5387
98.5217
98.4626
98.4337
98.407
98.3682
98.3132
98.2801
98.2323
98.143
98.0926
98.0838
98.0318
98.0497
98.0241
98.0105
97.8646
97.8512
97.8145
97.7864
97.7668
97.7302
97.663
97.6622
97.49
97.4807
97.4469
97.4495
97.4217
97.4113
97.3812
97.3621
97.3193
97.2954
97.2996
97.2849
97.269
97.2491
97.2371
97.2286
97.1954
97.1921
97.173
97.1847
97.1883
97.1703
97.2136
97.188
97.2004
97.2113
97.2474
97.2347
97.2453
97.2176
97.2006
97.1694
97.1536
97.1132
97.1314
97.0642
97.0948
97.0618
97.1137
97.1055
97.0919
97.1717
97.1405
97.1103
97.1167
97.0814
97.0706
97.017
97.034
97.0911
97.0589
97.0559
97.0764
97.0743
97.0412
97.0184
97.042
97.049
97.0129
97.037
97.0779
97.0925
97.1152
97.0703
97.1121
97.0679
97.0865
97.0942
97.1138
97.0931
97.1169
97.1177
97.1366
97.1499
97.234
97.2973
97.3284
97.298
97.2966
97.2257
97.2568
97.2841
97.2834
97.3092
97.3419
97.3792
97.3494
97.3524
97.3218
97.3394
97.2881
97.2564
97.2507
97.2155
97.2781
97.2762
97.2352
97.2586
97.2671
97.2935
97.2732
97.2739
97.3466
97.3157
97.3003
97.2686
97.2206
97.2035
97.1762
97.2183
97.2087
97.1721
97.1786
97.194
97.1662
97.1371
97.1265
97.1315
97.0883
97.159
97.1643
97.1501
97.1079
97.0702
97.0751
97.1002
97.031
97.0685
97.1085
97.0441
96.9971
96.9991
96.9983
96.9482
96.9777
96.9845
96.9804
96.9182
96.8501
96.8049
96.8754
96.8452
96.889
96.848
96.8867
96.9126
96.8981
96.938
96.9018
96.891
96.8816
96.8782
96.8884
96.8938
96.9004
96.9431
96.8978
96.8907
96.9055
96.9296
96.9004
96.9551
96.8838
96.9011
96.8779
96.8975
96.8885
96.907
96.8409
96.8619
96.8736
96.8628
96.8016
96.7521
96.7585
96.7227
96.758
96.7774
96.7729
96.7762
96.8101
96.7318
96.7563
96.8153
96.7797
96.7717
96.7445
96.7568
96.6921
96.7087
96.728
96.7262
96.7058
96.6976
96.7117
96.7031
96.6833
96.6914
96.7154
96.6751
96.6987
96.6309
96.644
96.6552
96.6898
96.6981
96.7232
96.7227
96.7064
96.6964
96.7003
96.7083
96.6999
96.7567
96.7286
96.741
96.6807
96.7514
96.7583
96.7818
96.7972
96.7532
96.7432
96.7837
96.8105
96.8329
96.8325
96.8043
96.8042
96.7812
96.7575
96.8382
96.8101
96.8458
96.8563
96.8706
96.8794
96.9122
96.8931
96.862
96.8912
96.912
96.911
96.8765
96.886
96.8584
96.8589
96.8641
96.881
96.9072
96.9796
96.9918
96.9984
97.0055
97.0203
97.0469
97.0492
97.0644
97.0972
97.133
97.1753
97.1948
97.2556
97.2701
97.2623
97.2546
97.233
97.2216
97.2066
97.2159
97.1704
97.2113
97.2432
97.2586
97.2561
97.2455
97.3094
97.3083
97.2618
97.2707
97.2612
97.2622
97.2717
97.2876
97.3183
97.3282
97.3493
97.3243
97.3891
97.3737
97.4054
97.4294
97.4307
97.386
97.3616
97.3996
97.3878
97.3869
97.4469
97.4544
97.4993
97.5116
97.5493
97.5791
97.5765
97.5811
97.5856
97.6049
97.6087
97.5931
97.5992
97.6376
97.6249
97.6575
97.6372
97.639
97.655
97.6331
97.6745
97.6973
97.6799
97.6837
97.6847
97.6691
97.7039
97.6764
97.7059
97.7195
97.7363
97.7387
97.734
97.6969
97.6963
97.7009
97.6738
97.7074
97.741
97.6938
97.7436
97.7412
97.7534
97.7943
97.8467
97.996
98.034
98.0122
98.0361
98.0488
98.0439
98.0287
98.0381
98.0395
98.2004
98.2196
98.2357
98.2628
98.2974
98.3385
98.3686
98.4326
98.6296
98.647
98.6328
98.6644
98.7118
98.7371
98.799
98.8693
99.075
99.0968
99.1203
99.1365
99.165
99.1842
99.1938
99.1879
99.2264
99.2213
99.2218
99.2404
99.2335
99.2092
99.2032
99.1924
99.1566
99.1361
99.1352
99.1199
99.0876
99.0471
99.0214
99.001
98.9812
99.0063
98.996
98.9763
98.9737
98.9477
98.9411
98.9115
98.8722
98.8515
98.8209
98.7962
98.7668
98.7471
98.7197
98.6961
98.6635
98.6408
98.6588
98.6274
98.624
98.5984
98.6008
98.5478
98.5137
98.4844
98.4252
98.3751
98.3791
98.3707
98.3946
98.3919
98.3819
98.3892
98.408
98.4272
98.4524
98.4272
98.416
98.4414
98.428
98.405
98.3923
98.3585
98.3382
98.3118
98.3374
98.332
98.3427
98.3645
98.338
98.3012
98.2786
98.2548
98.3295
98.2979
98.3128
98.3004
98.424
98.4626
98.4325
98.5531
98.6748
98.8094
98.9196
99.1778
99.3865
99.4673
99.5621
99.6961
99.7656
99.8196
99.8801
99.9158
99.9203
99.9255
99.9231
99.9233
99.924
99.9252
99.9202
99.926
99.9275
99.9238
99.9255
99.924
99.9292
99.929
99.9281
99.9314
99.9342
99.9349
99.9322
99.9298
99.9328
99.934
99.9353
99.9314
99.9389
99.9352
99.9316
99.9348
99.9413
99.9396
99.9389
99.9422
99.9413
99.9419
99.9443
99.9345
99.9388
99.9378
99.9338
99.9323
99.9304
99.9333
99.9294
99.925
99.9225
99.9148
99.9134
99.9077
99.8781
99.8829
99.8644
99.8543
99.8212
99.7791
99.7578
99.7796
99.8029
99.8311
99.8214
99.8072
99.7407
99.7428
99.7444
99.7446
99.7263
99.7217
99.7169
99.7215
99.7234
99.7421
99.7262
99.7278
99.7095
99.7398
99.7157
99.728
99.7202
99.7287
99.7225
99.7128
99.7251
99.7225
99.7257
99.7091
99.7365
99.7258
99.7256
99.7414
99.6967
99.7063
99.7116
99.7202
99.7022
99.7174
99.6962
99.6957
99.7059
99.7111
99.6823
99.6723
99.6871
99.6977
99.697
99.7211
99.7639
99.758
99.7906
99.78
99.7625
99.7353
99.7261
99.6607
99.6403
99.6296
99.6156
99.5893
99.5608
99.5708
99.6302
99.6787
99.7575
99.8196
99.8389
98.9229
98.9611
98.9529
98.9304
98.9099
98.9025
98.9208
98.9383
98.3694
98.3368
98.3403
98.2787
98.2487
98.2481
98.2204
98.1837
98.1589
98.2469
98.2101
98.2584
98.1992
98.2122
98.2521
98.22
98.1792
98.1595
98.1662
98.185
98.1707
98.1532
98.1806
98.1959
98.1999
98.2028
98.2143
98.2154
98.1918
98.203
98.1966
98.2269
98.2284
98.2327
98.2244
98.2725
98.2571
98.2394
98.2255
98.2283
98.2753
98.3305
98.2965
98.3281
98.3334
98.3391
98.312
98.3286
98.3407
98.331
98.3127
98.3205
98.3152
98.3015
98.2916
98.2513
98.2638
98.2447
98.2081
98.1873
98.1984
98.2131
98.1976
98.1747
98.1823
98.1496
98.1354
98.1566
98.1312
98.1418
98.1501
98.1742
98.1548
98.1365
98.1949
98.2117
98.2128
98.1991
98.2057
98.1991
98.2297
98.2068
98.1504
98.1682
98.1698
98.162
98.1146
98.1593
98.1611
98.1148
98.1396
98.1588
98.1521
98.1356
98.159
98.144
98.1696
98.1296
98.2029
98.1823
98.1536
98.1182
98.1377
98.1096
98.1057
98.0635
98.0784
98.1002
98.1009
98.0582
98.0521
98.0925
98.0589
98.0541
98.0906
98.0907
98.0745
98.1141
98.0741
98.1182
98.0977
98.1152
98.1609
98.1792
98.2239
98.2154
98.2126
98.2439
98.2175
98.2212
98.2343
98.251
98.2619
98.2773
98.2076
98.2133
98.2115
98.1824
98.2302
98.1711
98.2027
98.1667
98.1806
98.1772
98.1722
98.159
98.1664
98.1291
98.1291
98.1541
98.1436
98.1491
98.1538
98.1415
98.1254
98.1201
98.1309
98.0843
98.0725
98.095
98.1093
98.0871
98.0984
98.092
98.0492
98.0435
98.0651
98.0512
98.0641
98.056
98.0776
98.0631
98.0173
98.033
98.0583
98.0704
98.0824
98.0864
98.0883
98.1121
98.109
98.1404
98.128
98.1083
98.1071
98.075
98.0829
98.0723
98.0948
98.0836
98.1058
98.1074
98.0889
98.0579
98.0762
98.0779
98.1101
98.0843
98.0623
98.0762
98.0618
98.0754
98.0546
98.0524
98.0297
98.0595
98.0579
98.0368
98.0235
98.0437
98.0233
98.0337
98.0344
98.0097
98.0212
98.0181
97.9921
97.9815
97.9738
97.9454
97.925
97.9313
97.9459
97.9811
97.9477
97.9397
97.8813
97.9191
97.917
97.9356
97.9663
97.9548
97.9318
97.9554
97.9441
97.9293
97.9482
97.9382
97.9292
97.9241
97.9281
97.9049
97.9015
97.9255
97.9066
97.896
97.8937
97.9206
97.877
97.8642
97.8857
97.8763
97.8765
97.9136
97.9105
97.9234
97.9415
97.921
97.9079
97.8618
97.8716
97.8381
97.8537
97.8322
97.8527
97.8622
97.8422
97.8261
97.7911
97.82
97.8043
97.8392
97.828
97.8341
97.7522
97.7707
97.7828
97.7626
97.7234
97.7528
97.7658
97.7042
97.7121
97.7545
97.69
97.7361
97.714
97.7088
97.7107
97.7302
97.7023
97.7145
97.671
97.7271
97.697
97.6904
97.6867
97.716
97.6827
97.7027
97.6464
97.6294
97.6764
97.6806
97.6934
97.7218
97.6663
97.7107
97.6713
97.7171
97.6638
97.6606
97.6668
97.6689
97.6934
97.6896
97.7142
97.6795
97.6944
97.6883
97.709
97.7081
97.7252
97.7395
97.7511
97.7804
97.7987
97.8004
97.8498
97.8682
97.8259
97.8275
97.8296
97.8388
97.8309
97.8383
97.7911
97.8471
97.854
97.8418
97.8444
97.8632
97.8379
97.85
97.9037
97.8765
97.8933
97.8859
97.9188
97.869
97.8579
97.9197
97.8934
97.85
97.9049
97.9206
97.9081
97.9097
97.8861
97.9196
97.8666
97.8967
97.9169
97.9217
97.9157
97.9521
97.9218
97.8943
97.9455
97.9553
97.9624
97.9467
97.9413
97.9711
97.9791
97.9728
97.9816
97.9798
97.985
97.9744
97.9721
98.0205
98.0088
97.995
97.9417
97.9626
97.9846
98.0062
97.9875
97.9921
97.9991
97.9862
97.9421
97.9635
97.9584
97.9646
97.9135
97.9592
97.9549
97.9483
97.9536
97.9654
97.9651
97.9828
97.9463
97.9539
97.9234
97.9314
97.975
97.9575
97.9607
97.9332
97.9569
97.9503
97.9033
97.9067
97.9344
97.9618
97.9493
97.9449
97.9144
97.8892
97.88
97.8644
97.8583
97.9198
97.8983
97.9081
97.8916
97.8882
97.9204
97.8958
97.9214
97.9143
97.9009
97.9111
97.9141
97.9111
97.8877
97.9176
97.9291
97.929
97.9252
97.8985
97.9304
97.8985
97.9206
97.9144
97.8377
97.8865
97.8818
97.9085
97.858
97.9135
97.9307
97.9094
97.8761
97.8991
97.8556
97.868
97.862
97.833
97.8475
97.8194
97.7799
97.796
97.7295
97.7112
97.7394
97.7454
97.6975
97.7283
97.7181
97.7578
97.7397
97.7976
97.7251
97.7253
97.7644
97.7381
97.7897
97.7294
97.7485
97.7688
97.8258
97.7734
97.8463
97.777
97.7929
97.8012
97.7726
97.8233
97.8055
97.8078
97.8088
97.8287
97.8332
97.7946
97.8258
97.8065
97.7923
97.8068
97.8009
97.7683
97.7706
97.7703
97.7475
97.79
97.7555
97.7483
97.7105
97.6975
97.694
97.6626
97.6751
97.6718
97.5947
97.5987
97.6589
97.568
97.6523
97.6623
97.6535
97.6091
97.639
97.5824
97.6147
97.6246
97.6552
97.6517
97.6522
97.6411
97.5963
97.6317
97.611
97.6064
97.6124
97.6143
97.6182
97.5543
97.583
97.54
97.5982
97.5644
97.6016
97.5265
97.6284
97.5466
97.5931
97.5552
97.5252
97.6039
97.561
97.5514
97.5931
97.5694
97.565
97.5818
97.5818
97.5929
97.5598
97.5439
97.5679
97.5308
97.5534
97.6105
97.6386
97.6059
97.5989
97.5487
97.5334
97.5381
97.585
97.5621
97.6085
97.5263
97.5519
97.5547
97.5454
97.5459
97.5473
97.5297
97.5218
97.5094
97.5346
97.5066
97.5051
97.5121
97.4567
97.4672
97.532
97.518
97.5617
97.5255
97.5385
97.5524
97.5512
97.4838
97.4614
97.4054
97.4413
97.4486
97.3671
97.4358
97.4277
97.3495
97.3495
97.3844
97.4344
97.5081
97.515
97.4432
97.4445
97.5177
97.4892
97.5493
97.5107
97.5383
97.5383
97.5232
97.4979
97.5125
97.5276
97.6462
97.6465
97.6071
97.5795
97.5588
97.5297
97.5598
97.5206
97.5606
97.5562
97.5732
97.6004
97.5901
97.6299
97.6637
97.6201
97.6158
97.5744
97.6157
97.5764
97.6402
97.6144
97.6562
97.6262
97.6155
97.5619
97.5754
97.5568
97.6174
97.6073
97.6379
97.6619
97.6743
97.6911
97.6782
97.7109
97.7006
97.7053
97.7014
97.6778
97.6685
97.6908
97.6722
97.6389
97.6594
97.6587
97.6593
97.6564
97.6808
97.6681
97.6847
97.6755
97.6772
97.6502
97.6785
97.6428
97.6582
97.6404
97.6283
97.6027
97.604
97.6475
97.6439
97.6305
97.6123
97.6401
97.5994
97.5536
97.5828
97.5828
97.5774
97.6136
97.621
97.6084
97.6203
97.6289
97.6252
97.6236
97.6095
97.5732
97.558
97.5587
97.5561
97.5031
97.5468
97.5481
97.5221
97.5382
97.4952
97.5505
97.5272
97.524
97.4784
97.5186
97.466
97.5291
97.531
97.5502
97.488
97.469
97.4832
97.4737
97.4667
97.4713
97.4679
97.4855
97.4695
97.4812
97.4857
97.4655
97.4492
97.4304
97.4284
97.4098
97.405
97.4181
97.3819
97.3724
97.3711
97.3678
97.3635
97.3466
97.3238
97.3641
97.3456
97.3532
97.3365
97.3676
97.3577
97.3374
97.3553
97.2913
97.2771
97.3209
97.2878
97.3443
97.3313
97.2893
97.3474
97.344
97.3227
97.3177
97.2996
97.3256
97.338
97.2952
97.3038
97.3071
97.3236
97.2389
97.273
97.2738
97.2136
97.2789
97.291
97.2905
97.2839
97.2899
97.2668
97.2766
97.2825
97.2813
97.2415
97.2178
97.172
97.2242
97.1942
97.218
97.2315
97.1935
97.1868
97.2
97.1379
97.1267
97.0778
97.0762
97.0602
96.973
96.9548
96.9198
96.8862
96.8507
96.8163
96.7606
96.7179
96.7085
96.7636
96.7286
96.792
96.744
96.7347
96.6873
96.6627
96.582
96.5649
96.5854
96.5367
96.4961
96.4172
96.4845
96.4202
96.4597
96.503
96.565
96.5439
96.5549
96.5478
96.5668
96.5547
96.5564
96.5755
96.6455
96.6381
96.7136
96.6597
96.6788
96.682
96.7431
96.7904
96.8192
96.8535
96.9055
96.9151
97.0218
97.0224
97.023
97.0434
97.063
97.0783
97.1129
97.0876
97.0858
97.0702
97.0811
97.0715
97.0557
96.9808
97.0395
97.0453
96.9754
96.9799
96.9943
97.0117
96.9752
97.0085
97.0137
97.0505
97.0504
97.0748
97.0487
97.0987
97.0709
97.0671
97.0621
97.0524
97.0775
97.1099
97.1033
97.1232
97.1007
97.1053
97.1043
97.1051
97.0566
97.0748
97.0555
97.047
97.0482
97.0292
97.0014
97.0107
97.0249
97.0565
97.0275
97.0778
97.0382
97.0766
97.1686
97.2022
97.1686
97.2169
97.2157
97.266
97.1578
97.1221
97.185
97.1538
97.1899
97.2094
97.2278
97.2092
97.2923
97.2962
97.2737
97.2702
97.2646
97.2418
97.2288
97.2399
97.204
97.1618
97.1716
97.2091
97.2562
97.2819
97.2302
97.2216
97.1943
97.2265
97.2364
97.2487
97.2697
97.2822
97.3336
97.3243
97.3372
97.3228
97.3263
97.2951
97.2911
97.2895
97.2452
97.1741
97.1979
97.209
97.2948
97.2409
97.2534
97.2711
97.3381
97.3214
97.2711
97.311
97.3184
97.3379
97.2829
97.1749
97.2181
97.2358
97.2543
97.1995
97.2628
97.2525
97.242
97.2963
97.3452
97.3032
97.2672
97.2341
97.2558
97.2031
97.1916
97.2499
97.2085
97.2013
97.1792
97.2056
97.212
97.2822
97.3139
97.2866
97.2529
97.2633
97.2757
97.2949
97.2577
97.2815
97.2382
97.2542
97.2524
97.2288
97.2327
97.1997
97.2579
97.2736
97.2259
97.24
97.2631
97.327
97.2915
97.3084
97.288
97.3322
97.3719
97.3058
97.3232
97.3728
97.3984
97.3717
97.3556
97.3154
97.3293
97.3218
97.3293
97.3329
97.3228
97.3419
97.3633
97.335
97.3766
97.3811
97.3878
97.4183
97.4285
97.432
97.424
97.4456
97.425
97.4353
97.403
97.3746
97.3717
97.3511
97.3888
97.3812
97.4283
97.4179
97.4416
97.4068
97.4143
97.4543
97.4126
97.4254
97.4148
97.3803
97.372
97.4017
97.3936
97.4196
97.4174
97.4393
97.4706
97.4913
97.5181
97.4803
97.5464
97.4754
97.4332
97.465
97.5017
97.5416
97.5413
97.5542
97.5187
97.5258
97.5747
97.5369
97.509
97.4615
97.4736
97.4808
97.4811
97.4779
97.468
97.5226
97.5102
97.5627
97.5235
97.531
97.5126
97.506
97.5194
97.5213
97.5328
97.5104
97.5369
97.5223
97.5121
97.5344
97.5094
97.509
97.4648
97.5135
97.515
97.4881
97.4865
97.4862
97.4667
97.5262
97.5259
97.4851
97.5052
97.4878
97.5029
97.5311
97.491
97.54
97.5101
97.5474
97.527
97.539
97.5626
97.4878
97.4708
97.4479
97.4328
97.4607
97.4614
97.4855
97.4731
97.5231
97.5091
97.5274
97.5467
97.5485
97.5539
97.5315
97.5413
97.5593
97.5809
97.5774
97.5939
97.5816
97.5828
97.5762
97.5669
97.5765
97.6075
97.5871
97.5834
97.564
97.5813
97.5876
97.6237
97.6094
97.6106
97.627
97.5869
97.5883
97.61
97.5524
97.5481
97.5596
97.5632
97.5983
97.5816
97.597
97.6508
97.6503
97.6657
97.6214
97.6279
97.6134
97.6166
97.5929
97.526
97.5279
97.4641
97.381
97.3541
97.3535
97.3332
97.3937
97.3335
97.3889
97.4283
97.4546
97.4622
97.4809
97.4602
97.4289
97.384
97.3987
97.3907
97.3719
97.3945
97.3538
97.3569
97.3698
97.3471
97.3224
97.3684
97.3752
97.4309
97.4125
97.4351
97.411
97.4331
97.4449
97.4056
97.3825
97.3822
97.3672
97.3284
97.3374
97.3589
97.3026
97.2785
97.3381
97.3103
97.3229
97.3464
97.3281
97.3468
97.2791
97.311
97.286
97.2544
97.2658
97.243
97.2356
97.1883
97.249
97.2209
97.1782
97.2587
97.2552
97.2708
97.2922
97.3222
97.2852
97.2596
97.2715
97.2314
97.1946
97.1234
97.1481
97.1025
97.1173
97.095
97.1175
97.1158
97.0981
97.0577
97.0297
97.0231
96.9981
97.0707
96.9989
97.0205
96.9971
96.9907
97.0045
97.0187
97.0262
96.968
96.9869
96.9833
96.9647
96.9606
96.9669
97.0216
96.9693
97.0235
97.0523
97.0649
97.0814
97.0956
97.0968
97.062
97.0845
97.1167
97.1072
97.1039
97.1009
97.0726
97.091
97.1032
97.063
97.0463
97.0311
97.0006
97.0323
97.0253
96.9459
96.9652
96.9788
96.9685
96.9911
96.9529
96.8883
96.9583
96.9065
96.9465
96.9603
96.9232
96.9526
97.002
96.9671
96.9195
96.9552
96.8806
96.9066
96.9025
96.9429
96.9214
96.9361
96.9484
96.9494
96.962
96.9324
96.9176
96.9488
96.9462
96.9518
96.9349
96.9267
96.9434
96.9513
96.9182
96.9953
96.9307
96.899
96.9075
96.9112
96.8823
96.9198
96.94
96.8817
96.9308
96.8544
96.8325
96.8679
96.9468
96.9125
96.8866
96.8994
96.9592
96.9074
96.9326
96.8992
96.8851
96.9299
96.9312
96.8726
96.9127
96.9198
96.9519
96.9084
96.9033
96.9337
96.924
96.9135
96.9546
96.9479
96.9418
96.9855
96.9909
97.0024
97.0046
96.9206
97.0188
96.9887
97.0478
97.1025
97.0692
97.1522
97.1266
97.1297
97.1066
97.1419
97.0399
97.0717
97.0099
97.0139
96.996
97.0164
97.0115
97.025
96.9968
96.9828
96.936
96.9893
96.9493
96.9882
96.9869
96.9663
96.9692
96.9377
96.9916
96.9918
96.9897
96.974
96.9777
97.0165
96.9741
96.9686
96.9836
96.9344
96.9987
97.0108
96.9921
96.9713
96.9615
96.9769
96.9592
97.0084
97.0303
97.0503
97.0509
97.1048
97.1113
97.0883
97.0719
97.0214
97.1029
97.0969
97.0981
97.115
97.1089
97.1248
97.1499
97.1291
97.1257
97.1101
97.1159
97.072
97.0863
97.1103
97.0645
97.0323
97.0393
97.0252
96.9689
97.0101
97.0133
97.0209
97.0085
96.9894
96.956
96.9494
96.9845
96.9217
96.9246
96.8918
96.869
96.8043
96.7819
96.7679
96.7342
96.7966
96.7527
96.7557
96.7286
96.7341
96.7294
96.692
96.7465
96.759
96.8239
96.8202
96.8387
96.821
96.8096
96.8013
96.8123
96.7928
96.8259
96.7846
96.8064
96.82
96.786
96.8632
96.8256
96.8124
96.8254
96.7953
96.7756
96.7481
96.7708
96.7804
96.8003
96.8055
96.7532
96.752
96.7735
96.7482
96.7485
96.6585
96.6725
96.665
96.6863
96.6749
96.6891
96.714
96.7102
96.6594
96.6679
96.6416
96.633
96.5858
96.5258
96.6264
96.6242
96.6854
96.5904
96.6453
96.6432
96.6935
96.7152
96.7234
96.6762
96.6714
96.6487
96.6708
96.6994
96.7307
96.6465
96.6393
96.6229
96.5922
96.5384
96.499
96.5037
96.5627
96.5537
96.5539
96.671
96.6505
96.7193
96.7168
96.7914
96.781
96.7138
96.8261
96.7428
96.7415
96.7292
96.7013
96.6977
96.6224
96.6049
96.5429
96.5604
96.5297
96.4982
96.5436
96.5508
96.5566
96.5225
96.5912
96.5247
96.4874
96.5477
96.5484
96.5339
96.4484
96.5187
96.5131
96.4866
96.4634
96.3926
96.4055
96.3809
96.3826
96.4172
96.3897
96.4136
96.453
96.4248
96.4293
96.4297
96.4082
96.4648
96.5055
96.4259
96.4133
96.4112
96.4308
96.4172
96.4126
96.4263
96.4476
96.4426
96.3918
96.4723
96.4348
96.4838
96.4696
96.5566
96.4518
96.392
96.4662
96.4335
96.3899
96.4007
96.4314
96.3641
96.4755
96.4216
96.5014
96.5154
96.4366
96.3398
96.3887
96.4125
96.3532
96.3583
96.3939
96.3296
96.3195
96.3493
96.3823
96.4044
96.4417
96.4107
96.3847
96.3624
96.3538
96.4112
96.4126
96.3844
96.3777
96.3594
96.3512
96.3504
96.322
96.332
96.3694
96.3347
96.2939
96.3251
96.2427
96.1978
96.2582
96.1529
96.276
96.2289
96.1326
96.1693
96.1641
96.0753
96.131
96.1747
96.2147
96.2148
96.2537
96.2061
96.2047
96.1213
96.077
96.1053
96.1317
96.1352
96.0731
96.1395
96.0832
96.1997
96.1314
96.2096
96.0453
96.0968
96.2315
96.1431
96.1988
96.157
96.2185
96.206
96.2387
96.2395
96.1964
96.1575
96.2192
96.1582
96.1839
96.1383
96.1888
96.0948
96.1328
96.0631
96.1438
96.1863
96.0788
96.1051
96.1386
96.0799
96.0837
96.0089
96.0641
96.0627
95.9694
96.0204
95.9211
95.9757
95.9114
95.8625
95.8269
95.7822
95.8399
95.8788
95.83
95.8718
95.8331
95.763
95.8559
95.7938
95.8519
95.8692
95.8449
95.8458
95.8503
95.8158
95.7799
95.7594
95.7125
95.6681
95.6385
95.5264
95.5752
95.5404
95.5189
95.5162
95.5408
95.4627
95.4735
95.5285
95.5099
95.5206
95.5053
95.5749
95.5273
95.6621
95.5777
95.6423
95.5477
95.528
95.5656
95.5068
95.5015
95.5573
95.6454
95.6518
95.6514
95.6711
95.6444
95.578
95.7158
95.8684
95.9208
95.9049
95.878
95.9443
95.8949
95.9329
95.9469
96.0179
96.0143
96.006
95.9636
95.9826
95.9667
95.9977
95.9925
96.0504
96.0735
96.016
95.9649
96.0146
96.0139
96.0473
96.0364
96.0165
95.976
96.0296
96.06
96.1194
96.0613
96.0965
96.0624
96.0609
96.1057
95.9914
96.1134
96.1039
96.1011
96.1003
96.1232
96.1213
96.199
96.2111
96.1857
96.1655
96.1922
96.1837
96.2115
96.2044
96.3018
96.2874
96.3007
96.2809
96.267
96.2905
96.3449
96.3404
96.3678
96.3492
96.3486
96.3218
96.3389
96.3442
96.3039
96.352
96.4028
96.4182
96.4275
96.4159
96.4405
96.4303
96.4997
96.4678
96.4855
96.4447
96.4607
96.4807
96.5237
96.5148
96.5094
96.4856
96.5337
96.5787
96.5653
96.5768
96.6008
96.6023
96.5591
96.5698
96.5913
96.6635
96.6789
96.6862
96.7286
96.7066
96.7147
96.7342
96.7574
96.8507
96.8065
96.7947
96.7819
96.7835
96.7834
96.7782
96.7711
96.9082
96.8877
96.8968
96.9307
96.929
97.0199
97.01
97.0464
97.0106
97.1175
97.0446
97.0973
97.1007
97.0684
97.0736
97.0275
97.0939
97.2439
97.2377
97.267
97.2626
97.2565
97.2481
97.2563
97.2602
97.453
97.4783
97.4958
97.4582
97.502
97.4997
97.5154
97.5201
97.7316
97.7368
97.7619
97.7585
97.7609
97.7435
97.7386
97.7343
97.9911
97.9993
98.0208
98.0316
98.1255
98.2246
98.3017
98.3614
98.6095
98.6342
98.6578
98.7026
98.7952
98.86
98.8515
98.9307
99.0111
99.149
99.159
99.1978
99.2092
99.2689
99.2834
99.3046
99.308
99.3014
99.2625
99.2497
99.215
99.218
99.2079
99.1918
99.1627
99.1252
99.1045
99.0884
99.0677
99.04
99.0188
98.9646
98.9425
98.8922
98.8675
98.834
98.8068
98.7519
98.7282
98.676
98.5901
98.4998
98.474
98.4134
98.3883
98.3263
98.2953
98.2629
98.2503
98.1151
98.1107
98.0719
98.0512
98.0555
98.0243
98.0038
97.966
97.9316
97.8211
97.7451
97.7403
97.7713
97.7484
97.7681
97.811
97.8477
97.9734
97.9779
97.9473
97.9594
97.972
98.0186
97.9853
97.9868
98.2926
98.3182
98.3555
98.3241
98.3272
98.3362
98.4473
98.491
99
99.0737
99.1404
99.207
99.3489
99.4614
99.4831
99.5243
99.6785
99.7084
99.7309
99.7368
99.7624
99.786
99.8094
99.8512
99.8848
99.8964
99.909
99.9114
99.922
99.9243
99.9205
99.9226
99.9193
99.9235
99.9221
99.9248
99.9264
99.9316
99.928
99.9314
99.93
99.9299
99.9318
99.9362
99.9306
99.9351
99.9338
99.9352
99.9329
99.9347
99.931
99.9332
99.9325
99.932
99.9288
99.9275
99.9322
99.9263
99.9254
99.932
99.9329
99.9298
99.9318
99.9312
99.9137
99.904
99.9021
99.8937
99.8708
99.8268
99.7913
99.7949
99.8269
99.8544
99.8581
99.8492
99.8303
99.7289
99.7321
99.7104
99.7145
99.7184
99.7255
99.7328
99.7328
99.7266
99.7529
99.7319
99.7138
99.7421
99.7445
99.7513
99.7023
99.7629
99.7633
99.7614
99.7131
99.7475
99.75
99.75
99.7331
99.7362
99.7461
99.7359
99.7548
99.7348
99.7328
99.7388
99.7359
99.7323
99.7242
99.7308
99.7108
99.7145
99.7037
99.6937
99.6945
99.6875
99.6905
99.6586
99.6602
99.6702
99.6751
99.6924
99.7339
99.7574
99.7434
99.7765
99.7709
99.7559
99.7425
99.7404
99.7315
99.728
99.6917
99.6712
99.6688
99.6568
99.673
99.6404
99.6644
99.7052
99.7371
99.7742
99.8072
99.8316
99.8325
98.9904
98.7829
98.8575
98.9548
98.9577
98.9931
99.0038
99.0111
98.1897
98.1869
98.1951
98.2155
98.215
98.2244
98.2166
98.1851
98.1772
98.1851
98.1735
98.1791
98.1783
98.182
98.2004
98.185
98.1867
98.2012
98.2254
98.2098
98.1688
98.2037
98.1997
98.2103
98.2285
98.2367
98.2263
98.2115
98.2186
98.2276
98.2225
98.2219
98.2304
98.2316
98.2324
98.2199
98.2487
98.2314
98.2097
98.2131
98.1986
98.2215
98.2222
98.2459
98.2423
98.2241
98.2576
98.2689
98.283
98.2827
98.3177
98.326
98.2936
98.3298
98.3576
98.3019
98.3546
98.3656
98.3365
98.3287
98.3783
98.3818
98.3615
98.3739
98.3401
98.3548
98.364
98.3662
98.3725
98.3701
98.3982
98.3231
98.3671
98.3648
98.3221
98.3251
98.3182
98.3524
98.3261
98.3638
98.3229
98.3587
98.3506
98.3214
98.3487
98.3638
98.3358
98.3609
98.3677
98.3926
98.3724
98.3533
98.3222
98.3409
98.3016
98.3158
98.3147
98.306
98.3126
98.3494
98.3492
98.3417
98.3065
98.2923
98.263
98.2619
98.2129
98.2273
98.2201
98.2199
98.2218
98.2453
98.2727
98.2787
98.2887
98.3107
98.3678
98.342
98.3351
98.3502
98.4034
98.3549
98.4002
98.3801
98.3683
98.3954
98.4104
98.4322
98.3969
98.4101
98.456
98.4031
98.4337
98.3821
98.3575
98.3666
98.3842
98.4271
98.3847
98.4065
98.4247
98.4272
98.4324
98.4403
98.4336
98.4141
98.4556
98.4261
98.4241
98.4244
98.4317
98.4085
98.4417
98.4484
98.4676
98.4441
98.4364
98.45
98.4524
98.4586
98.4647
98.4282
98.4617
98.4342
98.4754
98.482
98.4659
98.4797
98.4602
98.4733
98.4451
98.4361
98.4675
98.4655
98.4389
98.4397
98.459
98.471
98.4434
98.4373
98.4009
98.4176
98.4482
98.4246
98.4492
98.4216
98.4052
98.4388
98.4552
98.4859
98.4843
98.4384
98.436
98.4001
98.3932
98.4409
98.4126
98.3638
98.3862
98.369
98.3541
98.3311
98.2994
98.3134
98.2797
98.291
98.2729
98.2997
98.2498
98.2825
98.2411
98.2802
98.2528
98.2243
98.2288
98.2495
98.2531
98.2402
98.1931
98.178
98.2258
98.2257
98.2154
98.1854
98.2118
98.1928
98.1967
98.2103
98.233
98.2604
98.2412
98.2614
98.2594
98.2234
98.2221
98.2058
98.2297
98.2286
98.203
98.2297
98.2019
98.1678
98.1732
98.1761
98.1579
98.1451
98.1604
98.181
98.1314
98.175
98.1943
98.1966
98.1531
98.1892
98.1133
98.0686
98.0741
98.0907
98.1237
98.1073
98.1141
98.1099
98.1142
98.1025
98.1081
98.1086
98.1073
98.1196
98.1181
98.0718
98.1095
98.0814
98.0652
98.1109
98.1053
98.0688
98.0937
98.1146
98.1743
98.1362
98.1529
98.1609
98.1336
98.1431
98.1372
98.1196
98.1182
98.1128
98.136
98.0842
98.1189
98.1
98.1281
98.1346
98.1256
98.1206
98.1356
98.1383
98.1095
98.1302
98.1231
98.0674
98.091
98.1131
98.1153
98.0764
98.1004
98.0984
98.098
98.0684
98.0857
98.0786
98.055
98.0676
98.0791
98.0778
98.0181
97.9963
98.0172
98.1118
98.1257
98.105
98.1301
98.117
98.1306
98.0686
98.1002
98.1397
98.1337
98.1318
98.1438
98.108
98.0958
98.0642
98.0884
98.0564
98.1048
98.1191
98.122
98.1169
98.1
98.0927
98.0972
98.0876
98.1489
98.1262
98.1358
98.1337
98.0933
98.1215
98.1333
98.1447
98.1007
98.0995
98.1221
98.1334
98.1423
98.1401
98.0899
98.1365
98.0938
98.0835
98.1065
98.1092
98.1111
98.0876
98.1052
98.063
98.0381
98.0206
98.0493
98.0661
98.049
98.0391
98.0381
98.0363
98.0536
98.0823
98.0481
98.0535
98.0099
98.0611
98.0241
98.0348
98.0255
98.0301
98.0291
98.0426
98.0349
98.008
98.027
98.0053
98.0405
98.0009
98.0004
97.9759
97.9945
98.0172
98.0639
98.0498
98.0615
98.1183
98.0895
98.0827
98.0768
98.0988
98.0833
98.0879
98.0582
98.107
98.1506
98.1164
98.1416
98.185
98.1757
98.2048
98.1671
98.2298
98.2369
98.2365
98.3034
98.2643
98.2897
98.3123
98.2752
98.3133
98.2874
98.2833
98.3004
98.2894
98.2923
98.2865
98.2616
98.2692
98.2391
98.2477
98.2687
98.316
98.3233
98.2892
98.3076
98.3278
98.3026
98.3014
98.3009
98.2794
98.2739
98.3146
98.3352
98.291
98.2768
98.2683
98.2679
98.268
98.2555
98.2584
98.2602
98.279
98.2558
98.2437
98.2104
98.2154
98.2215
98.1968
98.2093
98.2276
98.2908
98.271
98.3099
98.3379
98.2801
98.2631
98.2579
98.2618
98.2439
98.2228
98.2393
98.2805
98.2786
98.2779
98.2883
98.259
98.2642
98.3067
98.3269
98.3146
98.2909
98.2936
98.2792
98.2932
98.2996
98.3096
98.2808
98.2538
98.2548
98.2847
98.2781
98.2982
98.3075
98.2828
98.2879
98.3016
98.3203
98.2875
98.3117
98.3089
98.3068
98.3876
98.4106
98.4136
98.4132
98.4115
98.4105
98.4169
98.4067
98.3978
98.3219
98.2996
98.3031
98.3199
98.3267
98.3284
98.2934
98.3088
98.3382
98.3223
98.3178
98.3405
98.314
98.3136
98.3066
98.3131
98.2677
98.2745
98.2455
98.2819
98.276
98.2931
98.2985
98.3171
98.3219
98.301
98.3034
98.3141
98.3032
98.3138
98.3094
98.3157
98.3531
98.3606
98.3639
98.3595
98.3739
98.3851
98.395
98.3923
98.3833
98.4013
98.4098
98.4128
98.429
98.4345
98.4116
98.4311
98.4041
98.4386
98.4619
98.4643
98.4718
98.4746
98.4649
98.4663
98.4771
98.4591
98.4365
98.4676
98.4391
98.4493
98.4472
98.4323
98.443
98.4403
98.4017
98.4102
98.3924
98.4036
98.377
98.3451
98.3425
98.3431
98.3059
98.3333
98.3189
98.2995
98.3013
98.3077
98.3142
98.2041
98.2038
98.1815
98.1851
98.175
98.15
98.1412
98.1057
98.1327
98.2142
98.203
98.192
98.1871
98.1809
98.2116
98.2086
98.1958
98.1681
98.147
98.1699
98.1497
98.1831
98.1976
98.1822
98.1978
98.1882
98.1545
98.1295
98.1211
98.1402
98.1277
98.1063
98.0928
98.08
98.0686
98.0979
98.0748
98.0892
98.069
98.099
98.0814
98.0745
98.043
98.0227
97.9925
98.0514
98.0623
98.0471
98.0344
98.1109
98.1194
98.1628
98.1478
98.1614
98.1629
98.1368
98.1313
98.1365
98.0477
98.035
98.0631
98.0464
98.0724
98.0811
98.079
98.1178
98.1339
98.129
98.1447
98.1631
98.1621
98.1764
98.174
98.1937
98.2313
98.1995
98.2492
98.2275
98.243
98.2896
98.2951
98.2952
98.2789
98.2783
98.2857
98.3123
98.3094
98.2974
98.3088
98.3054
98.3368
98.3221
98.3301
98.3089
98.3001
98.299
98.3132
98.3047
98.3109
98.2644
98.2615
98.2881
98.3169
98.2867
98.2955
98.2948
98.3033
98.3537
98.3675
98.3584
98.3561
98.3467
98.3513
98.3723
98.3497
98.361
98.3885
98.4181
98.3999
98.393
98.4073
98.419
98.441
98.4501
98.4555
98.4676
98.4715
98.4712
98.4707
98.488
98.4722
98.4865
98.4902
98.5154
98.4715
98.4939
98.4512
98.4471
98.4495
98.4125
98.4031
98.4205
98.3903
98.4125
98.3985
98.3988
98.4011
98.346
98.3819
98.3629
98.3521
98.3276
98.3662
98.3539
98.3833
98.3497
98.259
98.2132
98.2387
98.2344
98.2611
98.2037
98.2289
98.2063
98.1364
98.1425
98.1611
98.1498
98.1391
98.1213
98.1271
98.1277
98.1315
98.1284
98.1256
98.1242
98.1036
98.1159
98.0827
98.102
98.028
98.0542
98.0683
98.0836
98.0821
98.0975
98.1181
98.1075
98.1358
98.1313
98.1343
98.13
98.1612
98.1828
98.196
98.1979
98.2342
98.2262
98.2422
98.2497
98.2672
98.3108
98.3752
98.4096
98.4322
98.4538
98.4917
98.5019
98.5177
98.5399
98.535
98.5427
98.5238
98.5264
98.5276
98.5369
98.5334
98.5271
98.521
98.5291
98.5335
98.4669
98.4774
98.4917
98.4807
98.4809
98.4446
98.4126
98.4227
98.2773
98.2446
98.2028
98.1734
98.1683
98.1421
98.1441
98.1028
98.1261
97.662
97.6484
97.5935
97.5696
97.5346
97.5252
97.4644
97.4519
97.2776
97.2396
97.2166
97.1374
97.0935
97.1753
97.1446
97.1334
97.1313
97.1041
97.1148
97.0842
97.1036
97.0696
97.0848
97.1032
97.33
97.2866
97.3162
97.3471
97.3591
97.3831
97.3512
97.3643
97.4089
97.3934
97.4194
97.4182
97.4156
97.4435
97.4026
97.4333
97.5382
97.5254
97.5235
97.5344
97.5018
97.5347
97.5362
97.5166
97.5404
97.8289
97.8322
97.8691
97.8965
97.9542
97.9565
97.9542
97.9612
97.9648
97.9199
97.9045
97.8843
97.8957
97.8924
97.9167
97.9302
98.0257
98.0102
97.9803
97.9356
97.9347
97.8566
97.8534
97.8112
97.8953
97.8756
97.8478
97.8617
97.8818
97.8406
97.859
97.8668
97.8508
97.8132
97.7764
97.7746
97.7334
97.702
97.6891
97.6345
97.732
97.6714
97.635
97.5491
97.5006
97.4193
97.3686
97.4071
97.3626
97.443
97.4129
97.4212
97.3883
97.3291
97.3652
97.2969
97.2666
97.3201
97.2918
97.3022
97.3472
97.3758
97.398
97.3687
97.3692
97.3741
97.3728
97.3571
97.355
97.3368
97.3386
97.3447
97.3986
97.4953
97.5287
97.5975
97.5858
97.563
97.5108
97.5181
97.4921
97.4973
97.5102
97.5384
97.5595
97.5845
97.5602
97.5709
97.5961
97.633
97.639
97.624
97.6168
97.6119
97.6616
97.7083
97.7182
97.7224
97.6624
97.5983
97.5744
97.5738
97.5771
97.5694
97.5851
97.6291
97.6692
97.672
97.6853
97.6657
97.6589
97.6178
97.6197
97.6119
97.6486
97.6552
97.6253
97.6339
97.605
97.5889
97.5721
97.5406
97.4958
97.4904
97.4513
97.4329
97.4286
97.4217
97.4405
97.4182
97.4412
97.4179
97.4192
97.3956
97.3596
97.3502
97.314
97.302
97.3062
97.3073
97.3198
97.3509
97.348
97.3093
97.32
97.2424
97.2901
97.2929
97.2731
97.2795
97.2479
97.2291
97.2433
97.2351
97.2437
97.296
97.2849
97.277
97.3068
97.2395
97.256
97.2599
97.2743
97.3023
97.3173
97.293
97.2731
97.2718
97.3097
97.2786
97.2825
97.2823
97.2515
97.2811
97.2601
97.2791
97.275
97.2328
97.2179
97.2066
97.2143
97.234
97.2227
97.2377
97.2293
97.2665
97.2823
97.3502
97.3715
97.3345
97.3205
97.3639
97.3141
97.2987
97.276
97.3231
97.374
97.3818
97.3725
97.3826
97.3258
97.3254
97.3318
97.2958
97.3344
97.3267
97.305
97.366
97.3657
97.354
97.3713
97.3661
97.3123
97.2991
97.2792
97.2546
97.2379
97.2285
97.291
97.2878
97.2975
97.3148
97.2851
97.2657
97.2935
97.2634
97.2744
97.2559
97.3001
97.3681
97.408
97.3873
97.3757
97.3567
97.3264
97.3143
97.3179
97.2808
97.2707
97.2976
97.3233
97.3774
97.4206
97.4254
97.4147
97.3986
97.3648
97.3467
97.3706
97.3591
97.3237
97.3203
97.3162
97.415
97.4469
97.4605
97.4391
97.4664
97.4688
97.4398
97.4554
97.4772
97.4932
97.5204
97.5591
97.597
97.6222
97.6173
97.6093
97.6109
97.6195
97.6257
97.5908
97.592
97.5822
97.6092
97.6574
97.6994
97.715
97.7456
97.7601
97.7316
97.7284
97.717
97.7002
97.7279
97.7413
97.7778
97.83
97.8665
97.8664
97.8792
97.8902
97.838
97.8598
97.8907
97.8994
97.8753
97.8973
97.9092
97.8969
97.9301
97.8943
97.8855
97.8828
97.9149
97.8578
97.9015
97.8689
97.9015
97.8643
97.8574
97.9401
97.9718
97.9821
97.9741
98.0078
97.9987
97.9972
97.9779
97.9782
97.9794
97.9512
97.9362
97.9592
98.044
98.0762
98.1248
98.132
98.1317
98.1367
98.1845
98.1748
98.2102
98.2091
98.2405
98.2527
98.2504
98.2488
98.2624
98.2811
98.3141
98.3125
98.3271
98.3103
98.3037
98.3002
98.3026
98.3086
98.3213
98.3066
98.3233
98.3325
98.2934
98.2804
98.2508
98.2365
98.2452
98.1963
98.2416
98.2184
98.2487
98.2329
98.1992
98.1823
98.1694
98.1377
98.1065
98.1642
98.1313
98.1038
98.1089
98.0908
98.0908
98.0447
98.015
97.9802
97.9011
97.8881
97.8581
97.8266
97.7638
97.7238
97.7167
97.7026
97.7424
97.6832
97.6941
97.6622
97.661
97.628
97.6858
97.7145
97.7159
97.7071
97.7079
97.6913
97.7014
97.7121
97.7072
97.6865
97.6496
97.6157
97.7048
97.7517
97.7448
97.7317
97.742
97.7019
97.6954
97.6795
97.6391
97.6749
97.7198
97.7472
97.7545
97.782
97.7875
97.8088
97.7887
97.8072
97.7762
97.8111
97.7752
97.7419
97.7814
97.7858
97.7981
97.8474
97.8665
97.8927
97.8688
97.8445
97.7662
97.7545
97.7416
97.7052
97.7415
97.7182
97.7588
97.7393
97.7203
97.7156
97.7422
97.7288
97.7307
97.7612
97.74
97.6999
97.6788
97.646
97.6833
97.6526
97.6402
97.6357
97.6824
97.7005
97.6705
97.6048
97.6616
97.6701
97.6708
97.6557
97.6464
97.6064
97.629
97.6728
97.6485
97.637
97.6357
97.6397
97.625
97.6385
97.5835
97.5108
97.5442
97.5266
97.5135
97.4678
97.4757
97.486
97.4904
97.4846
97.5134
97.4633
97.5014
97.5438
97.5244
97.5333
97.5539
97.5105
97.5273
97.5764
97.5818
97.6285
97.6155
97.6142
97.5861
97.5528
97.5245
97.4991
97.4976
97.4734
97.3918
97.4228
97.4542
97.4405
97.4248
97.3848
97.3662
97.3545
97.3613
97.3794
97.407
97.4265
97.4
97.424
97.4095
97.4064
97.4015
97.4636
97.4425
97.4331
97.4185
97.4342
97.4683
97.4932
97.4963
97.4474
97.4908
97.4475
97.4896
97.3984
97.41
97.3459
97.394
97.3381
97.3444
97.3131
97.3112
97.2863
97.3348
97.3262
97.3286
97.2567
97.3203
97.298
97.308
97.3137
97.3237
97.3532
97.3406
97.3372
97.323
97.3605
97.378
97.4006
97.4084
97.415
97.3537
97.3639
97.357
97.3671
97.3165
97.3821
97.3891
97.3973
97.4059
97.3964
97.3635
97.3959
97.383
97.353
97.4195
97.4057
97.3988
97.4074
97.4065
97.4217
97.3971
97.4696
97.4158
97.4517
97.4145
97.4261
97.4627
97.4664
97.4544
97.4836
97.4417
97.4595
97.4863
97.5424
97.5754
97.5815
97.5527
97.5662
97.5601
97.6707
97.659
97.7073
97.7535
97.79
97.7632
97.7825
97.7876
97.7435
97.7298
97.7117
97.7563
97.7785
97.7227
97.7498
97.7172
97.68
97.6013
97.6253
97.6165
97.6333
97.6147
97.6449
97.5798
97.5698
97.595
97.5799
97.6332
97.6725
97.6823
97.7077
97.6853
97.7058
97.6692
97.6946
97.7088
97.7309
97.6897
97.6594
97.6312
97.6084
97.5918
97.5399
97.5142
97.4623
97.469
97.4472
97.4643
97.3737
97.394
97.3663
97.3935
97.3768
97.4082
97.3895
97.391
97.3508
97.3304
97.3413
97.3697
97.3836
97.4155
97.4811
97.4819
97.4516
97.4868
97.4843
97.5115
97.5244
97.4688
97.5148
97.4214
97.4468
97.4328
97.3965
97.4309
97.4171
97.4292
97.4359
97.4634
97.4427
97.4803
97.4826
97.5001
97.5084
97.5347
97.5299
97.5473
97.5491
97.6058
97.6573
97.6382
97.615
97.6274
97.6458
97.6098
97.596
97.5796
97.5639
97.5341
97.5041
97.4798
97.4285
97.4032
97.3796
97.3433
97.3188
97.3029
97.2332
97.2239
97.192
97.1913
97.1597
97.0942
97.1086
97.1375
97.1115
97.0881
97.1274
97.1721
97.1987
97.1565
97.1924
97.2546
97.3165
97.3203
97.3217
97.3375
97.3597
97.3002
97.2799
97.2955
97.3085
97.3176
97.3341
97.3278
97.3194
97.3106
97.2365
97.2269
97.2216
97.2077
97.2062
97.2061
97.2354
97.2472
97.2312
97.2356
97.2321
97.2681
97.2511
97.208
97.2256
97.2174
97.1136
97.1258
97.121
97.1273
97.1217
97.1058
97.1435
97.1313
97.1628
97.227
97.2147
97.2216
97.2292
97.255
97.2587
97.3133
97.3784
97.374
97.3635
97.325
97.332
97.3465
97.3228
97.3502
97.3418
97.3839
97.3905
97.3992
97.4017
97.4043
97.3916
97.432
97.4503
97.5693
97.5951
97.6027
97.6013
97.6042
97.6084
97.608
97.6065
97.6057
97.6275
97.6358
97.6393
97.6643
97.6875
97.6521
97.6674
97.6179
97.6528
97.6759
97.6846
97.6789
97.6889
97.7112
97.7539
97.8584
97.9033
97.9302
97.9301
97.9352
97.9777
97.9572
97.9824
97.9938
98.0096
98.0069
98.014
98.055
98.0655
98.0894
98.1614
98.2113
98.2436
98.2844
98.3212
98.3241
98.3296
98.3867
98.4424
98.4708
98.5392
98.559
98.5954
98.6105
98.6081
98.6212
98.6813
98.7528
98.7794
98.8266
98.8152
98.866
98.8783
98.9138
98.9807
99.1018
99.1826
99.1928
99.2519
99.2817
99.2827
99.2744
99.2727
99.2986
99.325
99.323
99.3329
99.3431
99.3415
99.3561
99.3732
99.3751
99.3798
99.3782
99.374
99.3694
99.3784
99.3993
99.4327
99.4504
99.465
99.499
99.4922
99.4726
99.4651
99.4356
99.412
99.3854
99.3638
99.3506
99.3393
99.2967
99.2498
99.1926
99.1257
99.0369
98.9949
99.1016
99.1225
99.1674
99.2697
99.3355
99.3774
99.4271
99.4555
99.5089
99.5085
99.5123
99.5071
99.5006
99.4929
99.476
99.4495
99.4729
99.4467
99.438
99.4415
99.439
99.4463
99.4373
99.4233
99.4032
99.3883
99.3614
99.3481
99.3348
99.299
99.2843
99.2742
99.284
99.3066
99.305
99.2915
99.2585
99.2317
99.231
99.2276
99.2504
99.2487
99.2279
99.2309
99.2317
99.2435
99.2308
99.2112
99.2061
99.2871
99.2776
99.2455
99.2186
99.1975
99.164
99.1547
99.1634
99.2606
99.2584
99.2838
99.3168
99.3343
99.3456
99.3397
99.3454
99.447
99.4289
99.4425
99.4415
99.4412
99.4579
99.469
99.4751
99.4821
99.5093
99.515
99.523
99.5465
99.5377
99.553
99.5536
99.5734
99.5754
99.5906
99.5806
99.5745
99.5728
99.5797
99.5857
99.5819
99.5927
99.6052
99.5956
99.5924
99.5693
99.538
99.5246
99.5152
99.527
99.5112
99.4879
99.4797
99.4575
99.4341
99.4355
99.422
99.3948
99.3807
99.3411
99.3522
99.362
99.3732
99.3738
99.3507
99.2818
99.2743
99.2339
99.2154
99.176
99.1571
99.1366
99.0942
99.081
98.9248
98.932
98.9162
98.9977
99.1037
99.2468
99.3452
99.3934
99.3823
99.4027
99.4224
99.4345
99.4499
99.4427
99.4377
99.4476
99.4051
99.4188
99.433
99.4562
99.4725
99.4616
99.4586
99.4636
99.4524
99.4484
99.443
99.4383
99.4305
99.437
99.4057
99.4114
99.4132
99.4288
99.4574
99.4562
99.4425
99.4505
99.4487
99.4398
99.4716
99.4765
99.4944
99.4962
99.5016
99.4965
99.5031
99.4911
99.5011
99.549
99.5595
99.5678
99.5814
99.5795
99.5835
99.5803
99.5807
99.596
99.5995
99.594
99.5912
99.5843
99.5816
99.5678
99.568
99.5547
99.5538
99.5632
99.5651
99.5833
99.5929
99.5965
99.5998
99.5914
99.596
99.5887
99.5672
99.5635
99.5551
99.5445
99.5467
99.5384
99.5388
99.5272
99.534
99.525
99.5134
99.5256
99.5057
99.5073
99.4998
99.4927
99.4998
99.486
99.4942
99.5
99.4866
99.5005
99.4911
99.5118
99.5315
99.5329
99.5408
99.5412
99.5438
99.5311
99.4496
99.4399
99.4271
99.4049
99.3934
99.3995
99.3903
99.3825
99.3058
99.3021
99.288
99.2784
99.269
99.2318
99.1912
99.1702
99.0452
99.0337
99.0137
98.9836
98.958
98.9723
99.018
99.0598
98.9481
98.9819
98.9688
98.9567
98.957
98.9399
98.9097
98.8788
98.8326
98.7161
98.7067
98.7091
98.7007
98.6601
98.6643
98.7093
98.7353
98.7138
98.7284
98.7426
98.754
98.7137
98.676
98.6262
98.5983
98.4898
98.399
98.3955
98.3531
98.274
98.3033
98.2539
98.2375
98.2905
98.2531
98.261
98.3109
98.3215
98.3205
98.29
98.3802
98.4078
98.4571
98.4789
98.5357
98.5321
98.5657
98.5652
98.5871
98.603
98.6617
98.6659
98.6705
98.6607
98.6371
98.6601
98.6387
98.6094
98.6256
98.6294
98.6248
98.6201
98.5944
98.5997
98.6076
98.6008
98.5217
98.513
98.5078
98.547
98.5476
98.5626
98.6054
98.5673
98.5221
98.5466
98.554
98.5792
98.5939
98.6251
98.687
98.7227
98.722
98.7304
98.7544
98.7991
98.8557
98.8911
98.8539
98.9024
98.8507
98.9056
98.8967
98.9517
98.8987
98.8932
98.8735
98.8008
98.7948
98.7549
98.7259
98.7335
98.6891
98.7002
98.6813
98.6184
98.657
98.64
98.6678
98.6608
98.6636
98.6441
98.6483
98.6389
98.6438
98.6459
98.6389
98.6303
98.5817
98.6521
98.6552
98.6518
98.7067
98.7909
98.7866
98.7884
98.8005
98.7954
98.8356
98.8412
98.8122
98.77
98.8014
98.8021
98.8368
98.8422
98.8809
98.8706
98.9238
98.9069
98.8671
98.915
98.913
98.892
98.8357
98.8102
98.8357
98.8081
98.7234
98.7389
98.7093
98.7037
98.6511
98.6756
98.6812
98.6748
98.6574
98.6755
98.6335
98.6399
98.6509
98.5781
98.5982
98.5715
98.6132
98.6092
98.5537
98.5805
98.5578
98.5319
98.553
98.6032
98.643
98.675
98.6679
98.6867
98.6935
98.7072
98.7277
98.7211
98.7065
98.7204
98.7421
98.7424
98.762
98.7882
98.792
98.7981
98.8062
98.7931
98.7548
98.7819
98.7653
98.7289
98.6971
98.6347
98.6124
98.6912
98.6807
98.6607
98.6535
98.5832
98.628
98.5382
98.5791
98.4435
98.461
98.4468
98.4958
98.4565
98.3903
98.4511
98.4655
98.5058
98.515
98.5669
98.547
98.5527
98.5265
98.5434
98.5391
98.5069
98.5155
98.4741
98.4525
98.4558
98.4746
98.3984
98.4566
98.447
98.4836
98.4928
98.5327
98.4459
98.451
98.4671
98.4787
98.4475
98.4779
98.4944
98.5376
98.5183
98.525
98.5478
98.552
98.5505
98.5711
98.5727
98.5824
98.5909
98.5943
98.6069
98.5933
98.5943
98.6106
98.6198
98.6023
98.643
98.6866
98.7089
98.7011
98.7035
98.6562
98.6636
98.6547
98.6866
98.6963
98.6835
98.7404
98.7829
98.7686
98.7956
98.7605
98.7539
98.7527
98.7321
98.7413
98.7313
98.675
98.6802
98.6615
98.5993
98.636
98.5943
98.6404
98.6366
98.6716
98.7003
98.719
98.7378
98.6964
98.6608
98.6747
98.6454
98.6124
98.7114
98.6997
98.7075
98.7255
98.7287
98.7178
98.71
98.7161
98.6646
98.6462
98.6752
98.6804
98.6876
98.6993
98.694
98.7242
98.6329
98.6798
98.6108
98.5956
98.5954
98.5939
98.6075
98.5924
98.5892
98.5907
98.6104
98.5445
98.5919
98.5644
98.5555
98.5175
98.6107
98.6074
98.5592
98.5949
98.5348
98.5402
98.5695
98.6373
98.5894
98.6879
98.6821
98.6886
98.6919
98.6908
98.7044
98.7053
98.7076
98.6296
98.6284
98.6143
98.601
98.5787
98.6033
98.5317
98.5591
98.6148
98.5877
98.5905
98.547
98.5592
98.5512
98.542
98.6003
98.644
98.6221
98.6205
98.602
98.61
98.635
98.6339
98.6402
98.637
98.6226
98.6131
98.6134
98.6087
98.6165
98.6356
98.6571
98.6558
98.7214
98.7339
98.7394
98.7247
98.7237
98.7321
98.7201
98.7227
98.6896
98.7156
98.7365
98.7536
98.7269
98.7681
98.7473
98.7644
98.7509
98.7833
98.7433
98.7605
98.7497
98.7409
98.7221
98.72
98.7123
98.7404
98.7449
98.6962
98.7441
98.6936
98.6901
98.6744
98.6557
98.6214
98.604
98.6134
98.6215
98.6613
98.6889
98.7151
98.7372
98.7225
98.7054
98.7412
98.714
98.7072
98.703
98.6772
98.6859
98.6937
98.7206
98.7013
98.7278
98.7201
98.7324
98.7311
98.7769
98.7199
98.7046
98.7188
98.7538
98.8014
98.758
98.7593
98.665
98.6803
98.6296
98.6264
98.5617
98.5813
98.6279
98.5972
98.5431
98.5123
98.5428
98.536
98.5227
98.5173
98.4789
98.4726
98.4778
98.5862
98.588
98.6
98.6049
98.6321
98.6495
98.6653
98.6717
98.6819
98.6206
98.6202
98.6043
98.5937
98.5996
98.5556
98.569
98.5355
98.5905
98.5029
98.5143
98.4959
98.4943
98.4785
98.4148
98.4346
98.4575
98.4362
98.4281
98.4558
98.4485
98.4755
98.4696
98.4488
98.4613
98.4866
98.485
98.4667
98.4803
98.4643
98.4852
98.497
98.5869
98.5972
98.6202
98.6468
98.651
98.6599
98.6742
98.685
98.6668
98.6583
98.6077
98.6433
98.6491
98.6443
98.6785
98.6896
98.6967
98.69
98.6851
98.6878
98.6976
98.7089
98.7727
98.8158
98.7916
98.7373
98.727
98.7225
98.7029
98.701
98.7067
98.6834
98.6322
98.6365
98.5796
98.6138
98.5786
98.6019
98.5823
98.6303
98.6263
98.745
98.7337
98.7229
98.7072
98.6952
98.6836
98.6994
98.7077
98.6916
98.685
98.6556
98.7067
98.6314
98.6274
98.6287
98.5898
98.642
98.5976
98.5229
98.5213
98.453
98.3776
98.3764
98.3889
98.3237
98.3491
98.3527
98.3536
98.2907
98.3602
98.3728
98.3532
98.3791
98.4309
98.4531
98.4651
98.4834
98.4869
98.5132
98.5364
98.5661
98.5897
98.6172
98.6171
98.6324
98.6322
98.6579
98.7213
98.6961
98.7063
98.72
98.7121
98.6808
98.5956
98.6383
98.5915
98.5432
98.5432
98.4423
98.4836
98.4976
98.4679
98.5049
98.46
98.5064
98.4805
98.5321
98.5547
98.5022
98.4985
98.4884
98.5096
98.4767
98.535
98.6101
98.6036
98.6107
98.5982
98.5899
98.5609
98.5676
98.5605
98.5566
98.5568
98.5775
98.5948
98.5811
98.5763
98.5977
98.5896
98.6344
98.6394
98.6637
98.6618
98.6677
98.6556
98.6654
98.6852
98.6197
98.6491
98.62
98.6283
98.6467
98.6654
98.6629
98.6418
98.6252
98.6061
98.6744
98.6512
98.6803
98.6775
98.7236
98.7412
98.7287
98.7251
98.7372
98.7375
98.7577
98.7411
98.7536
98.7955
98.7802
98.6958
98.6538
98.622
98.5888
98.5372
98.5159
98.5304
98.4942
98.4639
98.4881
98.4228
98.4501
98.4926
98.5465
98.601
98.5759
98.6089
98.577
98.5018
98.5114
98.5233
98.4806
98.5081
98.5314
98.5341
98.5282
98.5705
98.5466
98.5314
98.5067
98.5223
98.4964
98.5458
98.5584
98.6447
98.6076
98.5663
98.4544
98.4196
98.4622
98.4089
98.406
98.3887
98.4113
98.442
98.411
98.4549
98.5315
98.5905
98.6409
98.641
98.6024
98.5595
98.5068
98.5574
98.6015
98.6241
98.5909
98.6034
98.6409
98.6274
98.6044
98.5414
98.5276
98.4543
98.5451
98.5883
98.6421
98.6352
98.5683
98.5298
98.4853
98.4334
98.4305
98.4773
98.4899
98.5095
98.4659
98.468
98.5069
98.4985
98.6389
98.696
98.7247
98.6392
98.5796
98.5666
98.5547
98.5637
98.5746
98.5745
98.6275
98.602
98.5967
98.5182
98.4896
98.4972
98.5691
98.5991
98.6879
98.6456
98.6229
98.5807
98.5097
98.4959
98.4635
98.5241
98.569
98.5799
98.5094
98.5248
98.5326
98.5555
98.5958
98.6429
98.7264
98.7412
98.632
98.6032
98.5265
98.4644
98.4861
98.5447
98.5424
98.4723
98.5003
98.4677
98.4705
98.4006
98.4646
98.5639
98.618
98.613
98.5676
98.5514
98.461
98.4323
98.4324
98.4323
98.4292
98.4533
98.4278
98.4365
98.3906
98.3779
98.4449
98.553
98.6119
98.5586
98.5415
98.5098
98.5368
98.4424
98.4593
98.4357
98.3813
98.3201
98.3416
98.3196
98.3595
98.3506
98.4012
98.3827
98.4082
98.412
98.5634
98.5716
98.6538
98.6218
98.6934
98.7404
98.8804
98.789
98.795
98.7625
98.818
98.8582
98.6979
98.6318
98.6991
98.6823
98.6162
98.4873
98.434
98.4589
98.4617
98.4748
98.4058
98.4082
98.4172
98.4035
98.5762
98.6548
98.7083
98.6401
98.5953
98.7304
98.7141
98.7491
98.7263
98.7186
98.6962
98.6567
98.6124
98.636
98.7057
98.6941
98.6832
98.5235
98.4257
98.4002
98.4263
98.4124
98.4176
98.4359
98.4062
98.3875
98.4827
98.6472
98.688
98.6358
98.6681
98.6798
98.5794
98.4893
98.4408
98.468
98.4831
98.4781
98.6516
98.6249
98.6013
98.6526
98.746
98.5808
98.5036
98.4708
98.504
98.5189
98.5384
98.5128
98.4853
98.4922
98.5128
98.4794
98.6461
98.7084
98.7076
98.6757
98.5856
98.5522
98.5509
98.5918
98.5459
98.5995
98.5092
98.5779
98.5887
98.5792
98.602
98.6143
98.5321
98.493
98.4472
98.5219
98.5133
98.4942
98.4824
98.4879
98.5233
98.6411
98.6955
98.6928
98.7121
98.6854
98.6726
98.7243
98.6752
98.657
98.6852
98.6937
98.682
98.642
98.6838
98.6928
98.6913
98.6672
98.6465
98.7011
98.6645
98.6782
98.6604
98.6693
98.6373
98.6247
98.654
98.6762
98.6899
98.6858
98.6697
98.7056
98.6795
98.6808
98.6838
98.6289
98.6178
98.6049
98.6751
98.6717
98.6065
98.6006
98.6439
98.614
98.6105
98.6677
98.5847
98.5857
98.6331
98.5855
98.6165