98.7363
98.7245
98.7253
98.733
98.7308
98.7405
98.7165
98.6723
98.6945
98.6672
98.7005
98.6899
98.693
98.6912
98.6772
98.6848
98.6834
98.6902
98.6696
98.6672
98.6984
98.6776
98.6775
98.6855
98.7088
98.7019
98.7182
98.7063
98.7102
98.7179
98.7045
98.7221
98.7021
98.7106
98.7057
98.7192
98.7165
98.715
98.7244
98.7094
98.7197
98.6993
98.7164
98.7262
98.7352
98.7155
98.7186
98.7019
98.7038
98.6951
98.693
98.7009
98.7304
98.7187
98.6979
98.6958
98.7106
98.6824
98.7169
98.706
98.6852
98.7108
98.6973
98.6969
98.6977
98.6815
98.7077
98.672
98.6976
98.6806
98.6967
98.6739
98.7012
98.7173
98.6937
98.6906
98.6863
98.7045
98.6951
98.7119
98.7067
98.7066
98.6997
98.7083
98.7104
98.6919
98.7067
98.7195
98.7134
98.6993
98.7164
98.7175
98.704
98.7093
98.714
98.7132
98.6988
98.7296
98.7061
98.7317
98.7085
98.7265
98.7292
98.7265
98.7281
98.7028
98.7027
98.7272
98.723
98.7126
98.743
98.7297
98.729
98.7305
98.689
98.7141
98.679
98.7162
98.7194
98.6928
98.6862
98.6912
98.6994
98.6383
98.6793
98.6343
98.6194
98.651
98.6643
98.6051
98.635
98.623
98.6285
98.5786
98.6042
98.6103
98.5984
98.5922
98.5461
98.5612
98.58
98.5537
98.5062
98.5355
98.4943
98.5131
98.5176
98.5008
98.5038
98.4484
98.4932
98.4519
98.4398
98.4625
98.4465
98.4583
98.4289
98.4392
98.4881
98.4648
98.4484
98.4985
98.4916
98.4876
98.4636
98.4557
98.4711
98.4789
98.4257
98.46
98.4826
98.4689
98.4964
98.4924
98.4803
98.5323
98.5074
98.5559
98.4937
98.5789
98.5757
98.5875
98.5876
98.5953
98.5844
98.613
98.6023
98.6919
98.718
98.7617
98.7794
98.8069
98.806
98.8375
98.8393
98.8673
98.7609
98.7755
98.7887
98.779
98.7614
98.7727
98.7893
98.7487
98.7189
98.7382
98.7208
98.6959
98.7003
98.69
98.6684
98.6013
98.6563
98.6465
98.6075
98.6563
98.6303
98.6523
98.6391
98.6305
98.7342
98.7292
98.7251
98.7292
98.7314
98.7277
98.7268
98.7315
98.7942
98.7866
98.7664
98.7628
98.763
98.7896
98.7939
98.8154
98.7678
98.762
98.7524
98.7419
98.7617
98.748
98.734
98.7262
98.7181
98.7137
98.6891
98.6735
98.6583
98.6799
98.6338
98.5963
98.532
98.5845
98.5883
98.5943
98.5584
98.5885
98.6075
98.6336
98.6274
98.6531
98.66
98.6635
98.6713
98.6654
98.6828
98.7043
98.7062
98.7438
98.7492
98.7654
98.7533
98.7722
98.7318
98.7457
98.7637
98.7228
98.7208
98.7146
98.7055
98.7099
98.6762
98.6739
98.6911
98.6763
98.6686
98.6309
98.5918
98.6105
98.597
98.585
98.5988
98.5587
98.5551
98.5108
98.501
98.4789
98.4639
98.4518
98.3777
98.4142
98.4564
98.4172
98.4504
98.4243
98.4326
98.4478
98.4455
98.4447
98.4439
98.453
98.483
98.4975
98.5127
98.5436
98.5631
98.5893
98.5302
98.5483
98.5425
98.5247
98.5426
98.4929
98.491
98.4295
98.4206
98.3178
98.2724
98.3072
98.2395
98.1978
98.2382
98.1466
98.2137
98.2849
98.3522
98.4967
98.5055
98.557
98.5552
98.5697
98.5731
98.7082
98.6863
98.7033
98.6945
98.675
98.6643
98.6487
98.6373
98.6474
98.6346
98.6561
98.6653
98.6721
98.6808
98.6885
98.7057
98.6875
98.6942
98.716
98.7226
98.7241
98.7283
98.7391
98.7229
98.7026
98.7253
98.7506
98.7901
98.8204
98.8373
98.86
98.8843
98.8734
98.8957
98.9282
98.9454
98.96
98.9802
99.0066
99.0269
99.0255
99.0698
99.0749
99.116
99.1327
99.1391
99.1603
99.1834
99.1872
99.1918
99.2043
99.187
99.1726
99.1522
99.1546
99.1576
99.1692
99.1787
99.1621
99.1705
99.1751
99.1569
99.1489
99.1188
99.0845
99.0521
99.0186
99.0133
99.0213
99.0152
99.0154
99.0035
99.0095
99.0139
99.0211
99.0628
99.0578
99.0887
99.0808
99.0837
99.0984
98.8538
98.8553
98.8638
98.8664
98.8703
98.8228
98.8476
98.804
98.7868
98.7345
98.6952
98.6973
98.5987
98.6169
98.5839
98.5791
98.5487
98.5857
98.5446
98.5312
98.5351
98.5469
98.4964
98.5154
98.5069
98.6854
98.7154
98.7172
98.7262
98.7042
98.72
98.7331
98.7702
98.7814
98.7964
98.8231
98.8348
98.8608
98.8524
98.8539
98.8557
98.7411
98.7132
98.7237
98.7027
98.688
98.667
98.6851
98.6668
98.6665
98.6817
98.6681
98.6812
98.6552
98.639
98.6515
98.6123
98.626
98.6649
98.6764
98.6684
98.6911
98.6995
98.6976
98.675
98.682
98.6795
98.6721
98.6551
98.6719
98.689
98.7072
98.7312
98.7381
98.654
98.6148
98.6134
98.6215
98.6575
98.6909
98.6918
98.6497
98.5949
98.5416
98.498
98.4749
98.3949
98.4074
98.3354
98.3373
98.2312
98.2112
98.2328
98.2189
98.1444
98.2208
98.211
98.1918
98.2491
98.339
98.3856
98.4463
98.4795
98.5398
98.5712
98.6154
98.6391
98.5281
98.5591
98.5208
98.5447
98.591
98.592
98.5965
98.5488
98.4551
98.3658
98.4122
98.5583
98.6597
98.7514
98.8015
98.8573
99.0127
98.9936
98.9914
98.9561
98.935
98.9157
98.9374
98.919
98.9897
98.9954
98.9884
99.0043
99.0005
99.0022
99.0275
99.0341
99.0409
98.7468
98.7012
98.6964
98.6774
98.6594
98.6834
98.6697
98.6559
98.4941
98.4351
98.4833
98.4278
98.4612
98.5328
98.5129
98.4941
98.587
98.5716
98.5849
98.5977
98.6309
98.6298
98.665
98.7021
98.7188
98.7751
98.7647
98.7857
98.7818
98.7896
98.7952
98.7596
98.5786
98.5846
98.5917
98.5633
98.6438
98.6457
98.68
98.6492
98.7404
98.6878
98.6388
98.6169
98.6183
98.6229
98.6732
98.743
98.7659
98.8586
98.7823
98.6823
98.6615
98.7062
98.7721
98.8071
98.8396
98.7979
98.7707
98.7539
98.7497
98.7302
98.7074
98.7139
98.7111
98.7064
98.7656
98.7658
98.7176
98.6982
98.6648
98.7008
98.6518
98.6651
98.6525
98.6661
98.6338
98.6681
98.7217
98.8249
98.7227
98.6472
98.6822
98.6096
98.5591
98.4827
98.4771
98.4624
98.4773
98.4573
98.4975
98.5099
98.5509
98.5353
98.5688
98.4692
98.4315
98.4022
98.5255
98.5378
98.4427
98.4696
98.425
98.4439
98.5111
98.5817
98.6031
98.6316
98.6777
98.7617
98.8133
98.8699
98.8967
98.9042
98.8079
98.8158
98.8266
98.8157
98.8346
98.7983
98.7946
98.7325
98.5123
98.4984
98.5162
98.4947
98.4227
98.4217
98.5742
98.6247
98.7237
98.7161
98.7232
98.7077
98.7554
98.7088
98.747
98.7961
98.8537
98.9979
99.032
99.0502
98.9745
98.9757
98.9905
99.025
99.0562
98.8195
98.8334
98.8332
98.7952
98.7791
98.9234
98.868
98.8541
98.8158
98.8098
98.7884
98.7825
98.7856
98.7243
98.7092
98.7088
98.8089
98.7993
98.8251
98.772
98.7591
98.817
98.8257
98.8271
98.8775
98.9044
98.915
98.9317
98.9537
98.9601
98.9714
98.956
98.8518
98.8236
98.8485
98.8027
98.7727
98.785
98.7706
98.7611
98.7321
98.7527
98.7695
98.8094
98.8021
98.8205
98.881
98.8791
98.8998
98.8981
98.8476
98.8418
98.7852
98.7348
98.7184
98.6877
98.67
98.677
98.7116
98.6947
98.6777
98.6944
98.619
98.6352
98.6459
98.689
98.7159
98.7747
98.8058
98.7903
98.7932
98.7907
98.8058
98.744
98.7643
98.7535
98.7464
98.79
98.7439
98.7625
98.7861
98.7274
98.69
98.6194
98.5865
98.544
98.5415
98.5472
98.5702
98.6204
98.688
98.7261
98.7318
98.8083
98.8164
98.83
98.8484
98.8052
98.7924
98.7337
98.698
98.6833
98.6339
98.626
98.6422
98.675
98.6835
98.7042
98.7326
98.7459
98.7186
98.7022
98.6739
98.7189
98.8826
98.8883
98.8864
98.9092
98.9087
98.9322
98.9168
98.9541
98.8522
98.858
98.8728
98.8064
98.8073
98.7323
98.6769
98.6407
98.6111
98.5705
98.571
98.6434
98.6489
98.6851
98.6666
98.6896
98.6485
98.5942
98.6497
98.6669
98.7094
98.7028
98.7182
98.7389
98.7322
98.7372
98.7018
98.6944
98.6714
98.6723
98.6596
98.6925
98.7047
98.6993
98.7493
98.7538
98.7657
98.7465
98.7201
98.6963
98.6911
98.696
98.7456
98.7715
98.8109
98.8243
98.7901
98.7737
98.7487
98.7227
98.7013
98.6575
98.6506
98.641
98.628
98.6064
98.5825
98.5771
98.584
98.5754
98.5959
98.6015
98.6256
98.6815
98.6844
98.7188
98.7443
98.7869
98.7505
98.7594
98.7871
98.8177
98.8247
98.8441
98.9032
98.9134
98.946
98.9505
98.9805
98.9952
98.9923
99.0333
99.1103
99.1101
99.0895
99.0759
99.0359
99.04
98.9998
98.9448
99.0092
98.9868
99.0104
99.1242
99.1919
99.1999
99.2452
99.2616
99.1913
99.227
99.2687
99.2668
99.2202
99.1772
99.139
99.1252
99.0995
99.1621
99.2003
99.2714
99.369
99.4901
99.5429
99.5214
99.5513
99.5931
99.5916
99.5843
99.5946
99.5914
99.5811
99.5722
99.5655
99.5401
99.5297
99.549
99.5534
99.549
99.5521
99.5659
99.5868
99.5786
99.5679
99.5611
99.5527
99.5411
99.539
99.5567
99.549
99.5466
99.5417
99.5388
99.5528
99.5602
99.5778
99.5652
99.5745
99.576
99.5835
99.6036
99.6168
99.6369
99.6537
99.661
99.6682
99.6707
99.633
99.628
99.6291
99.6143
99.619
99.6228
99.6103
99.5979
99.5697
99.5689
99.5722
99.5644
99.5615
99.5543
99.5595
99.5384
99.4739
99.4468
99.4269
99.409
99.3758
99.345
99.3102
99.2977
99.2149
99.1779
99.1992
99.2134
99.24
99.2416
99.2239
99.2197
99.2116
99.1483
99.1298
99.1697
99.1705
99.1489
99.1846
99.186
99.2172
99.1675
99.0794
99.103
99.1017
99.1363
99.1422
99.1983
99.202
99.2691
99.2596
99.2687
99.2288
99.2324
99.2411
99.1815
99.1474
99.1377
99.0866
99.0364
98.9986
98.9658
99.0111
99.0677
99.1888
99.2808
99.3754
99.4158
99.4484
99.4701
99.471
99.4716
99.4799
99.4696
99.4644
99.4659
99.4667
99.4891
99.5164
99.5316
99.5417
99.5316
99.539
99.57
99.6006
99.6227
99.6238
99.6085
99.5945
99.5815
99.5124
99.5047
99.4934
99.4891
99.4879
99.4613
99.4456
99.4255
99.3096
99.2741
99.2477
99.2455
99.2662
99.2535
99.2501
99.2911
99.2493
99.2203
99.1896
99.1739
99.1516
99.1207
99.1022
99.1055
99.0329
99.0184
99.0181
99.0223
99.0261
99.0229
99.0325
99.0468
99.0436
99.0114
99.0116
99.0419
99.0885
99.1351
99.1527
99.1684
99.209
99.1491
99.1748
99.2036
99.2242
99.2412
99.2834
99.3096
99.3417
99.3006
99.297
99.295
99.3349
99.3485
99.3882
99.4041
99.42
99.331
99.3235
99.3158
99.3149
99.2789
99.2675
99.2381
99.2181
99.1763
99.1354
99.1431
99.0971
99.0637
99.02
98.9865
98.927
99.0162
99.3443
99.462
99.4831
99.4593
99.4101
99.3161
99.3322
99.3698
99.0314
99.0412
99.0713
99.0155
99.0262
98.9533
98.8556
98.7786
98.6279
98.4928
98.3647
98.2134
98.3037
98.34
98.3817
98.2622
98.2825
98.2626
98.2311
97.9967
98.063
97.8582
97.8184
97.7473
97.7348
97.6835
97.6021
97.4734
97.3119
97.231
97.1616
97.1127
97.3161
97.229
97.2129
97.1398
97.0206
96.9925
97.0144
96.9666
97.0751
97.2059
97.2184
97.1972
97.2012
97.2078
97.1867
97.1652
97.1625
97.23
97.2539
97.2551
97.2753
97.2782
97.2579
97.2895
97.2942
97.38
97.3912
97.4185
97.4117
97.4387
97.4152
97.4356
97.4619
97.673
97.6752
97.6247
97.6725
97.6694
97.6812
97.6899
97.6908
97.6842
97.686
97.6798
97.68
97.6931
97.6556
97.6521
97.675
97.8415
97.8598
97.8684
97.892
97.9163
97.9406
97.935
97.9154
97.9351
97.9558
97.9691
97.9419
97.909
97.8865
97.8874
97.8645
97.8378
97.8958
97.8986
97.8784
97.9193
97.9351
97.9067
97.9352
97.9613
98.0911
98.1124
98.1418
98.1315
98.1021
98.1086
98.1153
98.0942
98.0838
98.0651
98.0893
98.0886
98.0831
98.0768
98.0393
98.0722
98.1538
98.1659
98.1909
98.2153
98.217
98.2257
98.2539
98.2489
98.2589
98.273
98.2579
98.2715
98.2732
98.2582
98.2643
98.2559
98.2586
98.283
98.2972
98.3072
98.3223
98.3749
98.3941
98.3995
98.4345
98.4806
98.4795
98.4908
98.5001
98.4766
98.4884
98.4851
98.5146
98.5335
98.5335
98.532
98.5328
98.5208
98.5009
98.5057
98.489
98.5323
98.5127
98.5354
98.5567
98.5597
98.5519
98.5596
98.5547
98.5859
98.5488
98.5081
98.5034
98.4934
98.4836
98.4713
98.4263
98.3794
98.3482
98.2952
98.2533
98.2273
98.1788
98.1276
98.1473
98.1257
98.0998
98.0641
98.0357
97.977
97.9544
97.9417
97.9568
97.9225
97.9357
97.9039
97.8929
97.9208
97.9006
97.8824
97.8517
97.8488
97.6748
97.6571
97.676
97.7146
97.7827
97.8585
97.9158
97.8938
97.8978
97.9021
97.9
97.9392
97.9182
97.938
97.9487
97.9568
98.0038
97.9543
97.9153
97.8584
97.8214
97.7937
97.7556
97.7342
97.801
97.7583
97.8238
97.9008
97.9681
97.9933
98.0439
98.0425
98.06
98.0751
98.0477
98.0738
98.022
97.999
97.9848
97.9308
97.9012
97.8265
97.8286
97.8002
97.7902
97.7546
97.7776
97.8089
97.7613
97.7118
97.7109
97.7091
97.7348
97.7177
97.7028
97.6697
97.6354
97.6632
97.622
97.6101
97.6086
97.556
97.5866
97.5401
97.5313
97.5021
97.495
97.5093
97.52
97.455
97.4601
97.5105
97.5064
97.4711
97.4488
97.4247
97.395
97.4259
97.4047
97.4083
97.3924
97.4133
97.3753
97.3601
97.3554
97.347
97.286
97.2736
97.2653
97.2411
97.2233
97.2447
97.2171
97.2917
97.2717
97.3252
97.2497
97.2561
97.2165
97.1982
97.1879
97.174
97.196
97.2205
97.2205
97.1621
97.1534
97.1216
97.0763
97.1029
97.0434
97.067
97.0335
97.0973
97.0382
96.9976
97.0555
97.0795
97.0288
97.079
97.0827
97.1279
97.1346
97.1014
97.0822
97.0384
97.053
97.0731
97.0576
97.0889
97.0917
97.0328
97.0534
97.0563
96.9999
97.0512
97.0257
97.0752
97.1107
97.0785
97.1005
97.103
97.0772
97.0674
97.1177
97.1141
97.0867
97.0792
97.0838
97.0917
97.0758
97.0632
97.056
97.0536
97.0356
96.9686
96.9823
97.0295
97.0328
97.0756
97.0853
97.1239
97.1733
97.1681
97.2321
97.2765
97.2771
97.2702
97.2727
97.2654
97.2742
97.2782
97.2567
97.2469
97.2277
97.2022
97.1838
97.2158
97.1804
97.1815
97.1893
97.2654
97.3169
97.3259
97.3433
97.3853
97.4315
97.4005
97.4843
97.4373
97.4665
97.4938
97.5074
97.4945
97.4581
97.3945
97.4178
97.3865
97.3816
97.4051
97.4718
97.4947
97.6209
97.7129
97.7815
97.7508
97.75
97.7777
97.7773
97.8135
97.839
97.8262
97.8168
97.9331
97.9382
97.912
97.8927
97.9262
97.8793
97.8963
97.9044
97.8657
97.8723
97.899
97.8973
97.9224
97.9637
97.9658
97.9555
97.9529
97.9535
97.9321
97.9531
97.9771
97.9814
97.994
98.0353
98.1889
98.204
98.217
98.2443
98.2973
98.3015
98.3124
98.3713
98.4888
98.5152
98.5549
98.5639
98.5988
98.6307
98.6666
98.7132
98.8372
98.8548
98.9029
98.9041
98.9515
98.9906
99.0118
99.0119
99.0169
99.1222
99.1204
99.0973
99.1047
99.1174
99.0993
99.1089
99.105
99.1276
99.1243
99.1515
99.1357
99.0815
99.0404
98.9929
98.9715
99.0047
98.9941
98.9899
99.0113
99.0453
99.0525
99.0276
99.003
98.9705
98.958
98.91
98.8543
98.817
98.8045
98.7947
98.825
98.7671
98.7452
98.7489
98.7767
98.7614
98.7749
98.8037
98.787
98.8093
98.7775
98.7698
98.7393
98.7107
98.6604
98.6154
98.59
98.5378
98.3918
98.3505
98.3573
98.3527
98.3811
98.4017
98.4558
98.5243
98.4712
98.5182
98.539
98.5887
98.6124
98.6056
98.6055
98.5857
98.5696
98.5792
98.5795
98.5785
98.6017
98.5952
98.5993
98.6123
98.5719
98.584
98.6028
98.6397
98.678
98.7185
98.738
98.7338
98.6854
98.6929
98.701
98.7149
98.7139
98.6784
98.6706
98.657
98.6342
98.6028
98.5702
98.5788
98.5449
98.5319
98.5112
98.5043
98.5112
98.4735
98.4822
98.4931
98.5294
98.5296
98.502
98.4949
98.507
98.5472
98.527
98.4985
98.4718
98.4544
98.4449
98.4535
98.4385
98.4461
98.4248
98.3943
98.3884
98.3984
98.4396
98.4488
98.4349
98.398
98.4037
98.4101
98.413
98.417
98.4265
98.4331
98.4109
98.4318
98.4914
98.4891
98.4835
98.4783
98.4828
98.4515
98.4315
98.4135
98.3709
98.3535
98.3549
98.3851
98.3433
98.3442
98.3576
98.4054
98.4501
98.4545
98.4337
98.4303
98.4097
98.3992
98.369
98.3421
98.3311
98.3136
98.2949
98.288
98.3128
98.3263
98.3176
98.3087
98.2811
98.2999
98.3149
98.36
98.3767
98.3764
98.3816
98.3938
98.4519
98.4268
98.4076
98.3615
98.3137
98.2957
98.2826
98.268
98.257
98.286
98.2942
98.286
98.3595
98.3313
98.3459
98.3655
98.3878
98.3628
98.3712
98.3603
98.3942
98.4202
98.4325
98.4384
98.4153
98.4298
98.4518
98.4625
98.4558
98.4791
98.4501
98.5327
98.5407
98.4591
98.4175
98.4119
98.4799
98.5193
98.5067
98.4875
98.5163
98.5291
98.5305
98.5419
98.5602
98.5521
98.5573
98.5624
98.5253
98.5305
98.5314
98.4969
98.5051
98.5039
98.5314
98.5587
98.6178
98.6386
98.6094
98.604
98.6193
98.6352
98.6331
98.6356
98.6344
98.6282
98.6135
98.6186
98.57
98.5457
98.4972
98.4683
98.458
98.4866
98.5086
98.544
98.5578
98.5866
98.6211
98.6386
98.6351
98.6034
98.6297
98.6083
98.5808
98.5621
98.5437
98.5247
98.4955
98.4985
98.4403
98.4243
98.3955
98.4318
98.4602
98.4365
98.4383
98.4711
98.5131
98.4821
98.459
98.419
98.3814
98.3581
98.3491
98.3324
98.3178
98.3383
98.3362
98.354
98.3407
98.3603
98.3473
98.3323
98.2691
98.2606
98.2863
98.3153
98.3292
98.3655
98.4005
98.3766
98.3913
98.3543
98.3523
98.3352
98.3508
98.3626
98.3823
98.3894
98.3703
98.4095
98.3593
98.3501
98.3529
98.3491
98.3728
98.3758
98.3681
98.3624
98.3866
98.4095
98.4219
98.4207
98.441
98.4706
98.4817
98.4924
98.4439
98.4602
98.4316
98.4062
98.3582
98.354
98.3815
98.4043
98.4069
98.4177
98.3865
98.3758
98.3856
98.4128
98.4186
98.4166
98.4138
98.4369
98.4414
98.4368
98.4255
98.4278
98.4118
98.401
98.4241
98.4174
98.4616
98.4669
98.4868
98.4937
98.5251
98.5094
98.5071
98.5224
98.5482
98.5841
98.5857
98.6118
98.6163
98.6089
98.5852
98.6071
98.6001
98.606
98.5923
98.593
98.6027
98.6275
98.6385
98.6573
98.661
98.6937
98.7082
98.7331
98.7234
98.7204
98.7364
98.7502
98.748
98.7308
98.7227
98.7032
98.6772
98.6993
98.6582
98.6757
98.6681
98.6791
98.6793
98.6998
98.7085
98.6963
98.7025
98.6555
98.6592
98.6661
98.6577
98.6103
98.6286
98.6163
98.5981
98.58
98.5174
98.4755
98.4881
98.484
98.5137
98.5147
98.4997
98.5285
98.5098
98.5125
98.5358
98.5225
98.537
98.5408
98.5454
98.5664
98.5685
98.5721
98.5843
98.5999
98.5961
98.6164
98.5927
98.5728
98.5952
98.5708
98.6068
98.6505
98.6201
98.6203
98.6034
98.6118
98.6347
98.619
98.5934
98.6018
98.6249
98.6198
98.6379
98.6311
98.626
98.6366
98.6395
98.6289
98.6155
98.6111
98.5981
98.5943
98.6053
98.5763
98.6065
98.5973
98.5852
98.581
98.5944
98.5918
98.6094
98.597
98.5944
98.5808
98.5783
98.5619
98.5277
98.4981
98.4819
98.5075
98.503
98.4763
98.4817
98.4769
98.4535
98.4507
98.4765
98.4369
98.4597
98.472
98.4975
98.5075
98.5251
98.5418
98.5356
98.5694
98.5531
98.5174
98.5156
98.4696
98.4972
98.4581
98.4688
98.5606
98.5882
98.6068
98.6145
98.5818
98.5892
98.601
98.5905
98.5816
98.5785
98.5827
98.5687
98.5472
98.5604
98.5407
98.521
98.499
98.5207
98.5264
98.5258
98.5487
98.5513
98.5502
98.5303
98.5514
98.5334
98.5475
98.5821
98.5652
98.5906
98.5856
98.6049
98.6179
98.6518
98.6539
98.6595
98.6717
98.6789
98.6677
98.6417
98.6542
98.6938
98.6814
98.6491
98.6348
98.6081
98.6076
98.5793
98.5685
98.579
98.5487
98.5619
98.5728
98.5765
98.5565
98.529
98.4894
98.4653
98.5144
98.4761
98.4151
98.3803
98.3456
98.3075
98.2588
98.2393
98.2345
98.2152
98.2096
98.2271
98.2357
98.2639
98.2638
98.2579
98.2039
98.1676
98.1218
98.052
98.0034
97.9293
97.8915
97.8116
97.7479
97.6561
97.5702
97.5455
97.4533
97.439
97.3858
97.3383
97.3634
97.3436
97.3443
97.3171
97.3065
97.3272
97.3792
97.4821
97.8125
97.8552
97.9277
97.9092
97.8784
97.9443
97.9523
98.0072
98.0444
98.5707
98.5718
98.5876
98.5737
98.6521
98.6948
98.7626
98.8579
99.2928
99.3136
99.363
99.3872
99.4038
99.401
99.4394
99.4651
99.5651
99.5767
99.6232
99.6591
99.7172
99.7556
99.7902
99.8076
99.8418
99.8395
99.8386
99.844
99.8435
99.8465
99.853
99.867
99.8804
99.895
99.9039
99.9129
99.9192
99.9222
99.9215
99.9214
99.9234
99.9291
99.9373
99.9363
99.9346
99.9371
99.9358
99.9314
99.9375
99.9205
99.9118
99.9127
99.9105
99.9115
99.9133
99.9073
99.9065
99.9012
99.9082
99.9116
99.9117
99.9162
99.915
99.9062
99.8975
99.9154
99.9078
99.8985
99.8934
99.8796
99.8768
99.899
99.9146
99.9279
99.9302
99.9302
99.9287
99.9213
99.9091
99.9166
99.91
99.9024
99.9005
99.8937
99.891
99.8959
99.8851
99.8791
99.8711
99.8691
99.8745
99.869
99.8732
99.884
99.8834
99.8776
99.874
99.8791
99.8792
99.8713
99.869
99.8591
99.8584
99.8596
99.8593
99.8422
99.8491
99.836
99.8183
99.806
99.8021
99.7796
99.7848
99.8169
99.8326
99.8363
99.7938
99.7801
99.7182
99.7354
99.7192
99.7078
99.7148
99.7462
99.7182
99.7576
99.7746
99.7487
99.7768
99.7217
99.7686
99.7748
99.7783
99.7808
99.7689
99.775
99.7743
99.7716
99.7328
99.7369
99.7664
99.7676
99.75
99.749
99.7572
99.7232
99.7474
99.7521
99.7476
99.7364
99.7413
99.7338
99.7007
99.7188
99.6767
99.6395
99.6231
99.6529
99.6286
99.6014
99.5779
99.5703
99.559
99.6181
99.5953
99.6548
99.685
99.6715
99.6594
99.6385
99.6296
99.5862
99.5417
99.499
99.4898
99.5336
99.6036
99.7184
99.8056
99.8323
99.2109
99.3103
99.3238
99.3491
99.3603
99.3627
99.3581
99.3507
98.3713
98.3906
98.3627
98.3943
98.4187
98.4022
98.3788
98.3858
98.4218
98.408
98.4062
98.3976
98.3729
98.3712
98.3875
98.3848
98.4149
98.3716
98.4046
98.3785
98.3899
98.3825
98.4038
98.393
98.3909
98.3712
98.3317
98.3442
98.3507
98.3311
98.3466
98.2977
98.3011
98.3081
98.3149
98.3371
98.291
98.2885
98.329
98.3221
98.3398
98.3901
98.4281
98.4516
98.447
98.4259
98.4086
98.4567
98.4487
98.5016
98.5107
98.5033
98.4683
98.4855
98.481
98.5181
98.5232
98.4223
98.4458
98.4527
98.455
98.452
98.4391
98.4271
98.4146
98.478
98.4538
98.4619
98.51
98.541
98.5491
98.5086
98.534
98.4982
98.4776
98.4972
98.4757
98.4802
98.4931
98.489
98.5116
98.4809
98.5176
98.5149
98.5118
98.5042
98.5124
98.5276
98.5226
98.5114
98.4751
98.4756
98.4593
98.4713
98.4797
98.4272
98.443
98.4468
98.4556
98.4144
98.4135
98.4073
98.3958
98.3691
98.3823
98.4161
98.4359
98.4381
98.3985
98.4154
98.4352
98.4095
98.4248
98.3858
98.419
98.4005
98.4015
98.4062
98.4005
98.3927
98.3865
98.3979
98.3581
98.3375
98.3141
98.3
98.3212
98.3384
98.2837
98.2641
98.3019
98.29
98.2826
98.2728
98.2594
98.2723
98.2706
98.2792
98.2531
98.2715
98.2621
98.2316
98.2066
98.2138
98.2002
98.2239
98.2071
98.2602
98.2939
98.3076
98.2743
98.3086
98.2918
98.2622
98.2572
98.2921
98.2958
98.2865
98.2909
98.29
98.2874
98.2812
98.296
98.2462
98.257
98.2402
98.242
98.2199
98.2099
98.2252
98.24
98.2804
98.2498
98.2629
98.2454
98.2147
98.2365
98.2331
98.2194
98.2563
98.2988
98.2996
98.2513
98.2392
98.2558
98.2151
98.1945
98.219
98.2311
98.2646
98.2595
98.2423
98.2531
98.2518
98.2433
98.248
98.2192
98.1832
98.2185
98.228
98.1954
98.1893
98.1735
98.1663
98.1219
98.104
98.11
98.0753
98.1073
98.1417
98.1154
98.1051
98.1344
98.0993
98.1123
98.0994
98.1393
98.1028
98.1172
98.1114
98.1717
98.1378
98.1312
98.0903
98.1123
98.0863
98.0829
98.1014
98.0449
98.1208
98.094
98.0681
98.0558
98.0606
98.0819
98.062
98.0692
98.0508
98.0367
98.0138
98.0335
97.994
98.0115
97.9943
98.0286
97.9726
97.9555
97.9598
97.9399
97.9175
97.928
97.9264
97.9569
97.9712
97.9576
97.9437
97.971
97.9423
97.9676
98.0132
98.0283
98.0154
98.0281
98.0437
98.0521
98.0127
97.9975
98.0017
97.9621
97.9922
97.991
97.9756
98.0202
98.0236
98.0811
98.0984
98.0622
98.0537
98.097
98.0792
98.0559
98.0455
98.0949
98.0659
98.1031
98.0914
98.0482
98.0437
97.9929
98.0448
98.0226
98.085
98.0652
98.0987
98.1415
98.1433
98.166
98.1238
98.1473
98.1502
98.1615
98.1665
98.1666
98.1487
98.1346
98.1353
98.1486
98.1479
98.15
98.1388
98.1554
98.1466
98.1593
98.1433
98.0956
98.1143
98.0888
98.0636
98.0949
98.0809
98.12
98.0756
98.1096
98.1413
98.126
98.1074
98.1055
98.12
98.094
98.1132
98.1174
98.0993
98.1165
98.0957
98.103
98.1097
98.1167
98.1054
98.0867
98.0678
98.0818
98.0584
98.0703
98.0066
98.0615
98.0304
98.0008
98.0004
98.0316
98.0459
98.0651
98.0522
98.0671
98.081
98.0926
98.0953
98.1048
98.0965
98.0601
98.093
98.0791
98.1238
98.1166
98.1257
98.1639
98.162
98.1691
98.1822
98.146
98.1474
98.1821
98.1627
98.1401
98.1336
98.1448
98.1788
98.1541
98.1285
98.1148
98.0868
98.0853
98.1046
98.124
98.1182
98.0741
98.0494
98.0647
98.0474
98.0434
98.0441
98.0233
98.0609
98.014
98.0182
98.0392
98.0469
98.0655
98.0754
98.06
98.094
98.0982
98.0997
98.1263
98.1024
98.1374
98.117
98.1081
98.116
98.1264
98.0714
98.0807
98.117
98.0774
98.1015
98.0925
98.1268
98.1369
98.1045
98.0769
98.0806
98.0865
98.0765
98.0559
98.0576
98.042
98.0283
98.0551
98.0318
97.9887
98.0135
97.9742
97.9594
97.9792
97.9542
97.9521
97.9285
97.8976
97.8525
97.8326
97.8368
97.8495
97.8625
97.8262
97.8581
97.8368
97.7962
97.8124
97.8147
97.8321
97.8185
97.7843
97.7971
97.8155
97.7582
97.8192
97.7774
97.7813
97.7478
97.715
97.7236
97.6695
97.69
97.6944
97.7189
97.7015
97.7026
97.655
97.6566
97.6401
97.6441
97.6429
97.6576
97.6933
97.7282
97.6798
97.7175
97.688
97.7259
97.6951
97.7093
97.7359
97.7002
97.7508
97.7136
97.7059
97.7235
97.7541
97.7598
97.7745
97.7495
97.6829
97.7114
97.7335
97.7454
97.763
97.7903
97.7784
97.8099
97.7841
97.7639
97.7694
97.7432
97.7614
97.7518
97.7676
97.7665
97.7419
97.6988
97.6859
97.7099
97.7262
97.7867
97.8409
97.8904
97.9467
97.9153
97.8962
97.9147
97.891
97.8838
97.9197
97.8958
97.9598
97.9498
97.9158
97.9251
97.9729
97.9765
97.9357
97.9644
97.9769
97.9408
97.9149
97.9192
97.9178
97.9595
97.9213
97.9555
97.9193
97.928
97.9215
97.9839
97.9784
97.9856
97.9689
97.9556
97.9954
98.0176
98.0227
97.961
97.9969
98.0439
98.0603
98.0983
98.1032
98.1278
98.0293
98.0618
98.0698
98.0933
98.0991
98.0381
98.0358
98.0064
97.9693
97.9535
97.9322
97.9317
97.8761
97.8808
97.8699
97.8628
97.7726
97.7902
97.7784
97.7979
97.7837
97.774
97.7929
97.79
97.7891
97.8362
97.8513
97.8786
97.9088
97.9146
97.8756
97.8309
97.832
97.7454
97.6769
97.7087
97.7164
97.7636
97.7133
97.7459
97.7474
97.7635
97.7935
97.7726
97.8594
97.8682
97.8827
97.8979
97.919
97.9379
97.8786
97.8358
97.8042
97.777
97.793
97.7752
97.7835
97.8372
97.8819
97.8321
97.8114
97.825
97.8051
97.8401
97.8314
97.8265
97.8464
97.8449
97.8559
97.8503
97.8553
97.8274
97.8532
97.8478
97.8257
97.8207
97.8197
97.8439
97.8537
97.871
97.8535
97.9034
97.8719
97.878
97.9019
97.8904
97.9134
97.941
97.9294
97.9238
97.8477
97.8606
97.8189
97.8214
97.8605
97.8398
97.8299
97.8483
97.8389
97.8397
97.8205
97.8458
97.8258
97.8272
97.8456
97.8592
97.8282
97.8426
97.8298
97.8661
97.8476
97.8388
97.8667
97.8365
97.7882
97.7851
97.7605
97.7768
97.7813
97.8128
97.7933
97.7919
97.7949
97.7926
97.8425
97.8443
97.8365
97.831
97.8367
97.8215
97.7961
97.8044
97.8044
97.8247
97.8277
97.8171
97.8244
97.8603
97.857
97.8666
97.8621
97.8827
97.8426
97.8196
97.8405
97.8482
97.8297
97.829
97.8102
97.7911
97.7725
97.7583
97.7651
97.7218
97.7449
97.7024
97.679
97.6629
97.629
97.5949
97.6102
97.5732
97.5158
97.4678
97.4235
97.3538
97.3295
97.3096
97.3048
97.2608
97.2351
97.1833
97.1217
97.0939
97.0407
97.0102
97.0278
97.0211
97.034
97.0302
97.0145
97.0125
96.9825
96.939
96.9128
96.9456
96.8702
96.8607
96.8576
96.8388
96.8327
96.7807
96.8139
96.7532
96.6856
96.6448
96.6762
96.6708
96.6807
96.7216
96.7117
96.7778
96.7747
96.909
96.9987
96.9596
97.0002
96.9632
96.9899
97.0215
97.0378
97.0568
97.2733
97.2074
97.2013
97.1799
97.1264
97.1223
97.1903
97.2218
97.214
97.4169
97.4254
97.3848
97.3941
97.4022
97.3974
97.3447
97.3841
97.493
97.4331
97.4346
97.5104
97.5144
97.5391
97.5371
97.5138
97.5742
97.5768
97.5575
97.5471
97.5947
97.589
97.5602
97.581
97.6168
97.6426
97.6104
97.6155
97.6732
97.6646
97.6492
97.7037
97.7
97.6837
97.7191
97.721
97.7056
97.7025
97.6817
97.6361
97.5842
97.539
97.5138
97.5255
97.5827
97.6052
97.6129
97.5916
97.5939
97.6566
97.6394
97.6484
97.6507
97.6889
97.6829
97.7087
97.78
97.7085
97.6977
97.651
97.6303
97.6439
97.6374
97.6263
97.5972
97.6518
97.621
97.5951
97.5504
97.555
97.5703
97.5723
97.5742
97.5715
97.5555
97.5322
97.5316
97.5019
97.4725
97.4843
97.4465
97.2897
97.2877
97.2551
97.2096
97.1711
97.1628
97.1313
97.132
97.1676
97.1326
97.15
97.1391
97.1448
97.0981
97.0756
97.0668
97.0244
97.0015
97.0085
96.9616
97.0382
97.1032
97.0792
97.0924
97.0452
97.0344
97.0398
97.077
97.1196
97.1734
97.1447
97.1827
97.1364
97.2891
97.2879
97.2434
97.2533
97.2456
97.2979
97.3075
97.3245
97.3575
97.3489
97.3158
97.3052
97.2812
97.2851
97.3576
97.3476
97.472
97.5263
97.4918
97.4805
97.4436
97.4655
97.4748
97.481
97.441
97.5202
97.524
97.5698
97.5842
97.5636
97.5456
97.5307
97.5305
97.4545
97.4599
97.4145
97.4313
97.4578
97.4945
97.4577
97.4641
97.4706
97.4535
97.46
97.4478
97.4321
97.4038
97.4126
97.4522
97.4649
97.4925
97.5033
97.4984
97.5084
97.4909
97.5285
97.4788
97.4813
97.4896
97.5418
97.575
97.5655
97.5316
97.4948
97.5001
97.469
97.4904
97.4362
97.4335
97.4589
97.489
97.4796
97.4805
97.506
97.4851
97.4772
97.4806
97.4651
97.451
97.4853
97.4957
97.5357
97.509
97.5229
97.537
97.5389
97.5026
97.5085
97.5034
97.4895
97.5503
97.5423
97.5997
97.5704
97.6004
97.6454
97.6204
97.6154
97.6878
97.7194
97.7422
97.7709
97.8238
97.8151
97.8356
97.8125
97.7926
97.75
97.7323
97.7035
97.6596
97.6831
97.6585
97.6446
97.7181
97.8426
97.8982
97.9145
97.9467
97.9721
97.9947
97.996
98.0593
98.0816
98.0968
98.1151
98.1383
98.0932
98.0719
98.0312
98.0312
98.038
98.0263
98.0143
98.03
98.0316
98.0595
98.1237
98.1832
98.2143
98.2398
98.1939
98.2167
98.1994
98.2266
98.2606
98.3354
98.3891
98.3828
98.3911
98.4011
98.3888
98.3562
98.355
98.3785
98.3686
98.3462
98.3996
98.3984
98.4459
98.4813
98.4925
98.486
98.4718
98.4314
98.4334
98.4312
98.4412
98.4288
98.4582
98.4604
98.4321
98.4574
98.4354
98.4176
98.3909
98.3926
98.3666
98.3488
98.3583
98.3454
98.3394
98.3436
98.3074
98.2791
98.2134
98.1641
98.1608
98.1779
98.1702
98.1502
98.1145
98.0682
98.0302
97.9859
97.9761
98.0153
97.9662
97.9674
97.9778
97.9565
97.9208
97.8726
97.8351
97.8627
97.8508
97.8685
97.8586
97.8464
97.8652
97.8844
97.89
97.8677
97.8308
97.853
97.9004
97.8838
97.8738
97.8353
97.8528
97.822
97.788
97.8353
97.8646
97.8976
97.9394
97.9781
97.9491
97.8906
97.9107
97.9456
97.9336
97.8982
97.8712
97.8833
97.9151
97.9183
97.9799
97.9713
97.9544
97.8902
97.8495
97.8084
97.7846
97.8154
97.8043
97.7669
97.8401
97.8623
97.8804
97.891
97.9077
97.8713
97.8643
97.8309
97.8397
97.8325
97.8531
97.8241
97.7935
97.7493
97.7686
97.7255
97.711
97.7035
97.6796
97.6187
97.6138
97.5707
97.5865
97.6552
97.7292
97.7515
97.6747
97.7034
97.6908
97.7104
97.7064
97.6838
97.6786
97.6578
97.6739
97.6785
97.7108
97.6527
97.6002
97.6546
97.6341
97.6237
97.6355
97.6622
97.6677
97.6255
97.6474
97.6035
97.6573
97.6761
97.7776
97.8014
97.8387
97.7771
97.7619
97.7742
97.7817
97.8181
97.7913
97.761
97.6742
97.6195
97.6015
97.6053
97.5865
97.5337
97.5192
97.5152
97.5477
97.5629
97.5875
97.6337
97.6443
97.6708
97.6447
97.675
97.7076
97.7048
97.7526
97.7747
97.7397
97.7089
97.6978
97.6287
97.5798
97.6049
97.5539
97.5516
97.4413
97.4742
97.4958
97.4541
97.5577
97.5689
97.5557
97.5863
97.5966
97.6101
97.5745
97.6213
97.5905
97.5949
97.5577
97.5428
97.5347
97.4978
97.4767
97.4864
97.4648
97.4501
97.4052
97.3695
97.4107
97.4101
97.3969
97.4657
97.5071
97.5377
97.613
97.634
97.5971
97.6438
97.6463
97.6316
97.6855
97.694
97.6491
97.63
97.6017
97.5909
97.5777
97.5194
97.491
97.4869
97.468
97.4703
97.5335
97.5693
97.6246
97.6037
97.6574
97.7107
97.7459
97.7115
97.7698
97.7984
97.8226
97.8649
97.8141
97.7935
97.7541
97.7368
97.7016
97.6929
97.6282
97.6313
97.6767
97.6879
97.6903
97.6959
97.7268
97.753
97.708
97.7759
97.8227
97.8218
97.7984
97.8152
97.8383
97.8679
97.7891
97.7884
97.746
97.7324
97.7132
97.6728
97.6682
97.6732
97.66
97.7106
97.7882
97.8352
97.8751
97.9389
97.9531
98.0271
98.0358
98.0611
98.073
98.0805
98.0806
98.0654
98.0387
97.991
97.97
97.9661
97.9714
97.9552
97.9419
97.9658
98.0011
98.0197
98.0003
98.0054
97.9677
97.9509
97.975
97.9284
97.8355
97.86
97.8342
97.7879
97.7688
97.7415
97.6988
97.618
97.5317
97.5069
97.486
97.4392
97.4048
97.4103
97.451
97.4299
97.4297
97.4126
97.4288
97.3387
97.3445
97.3363
97.2901
97.2719
97.2889
97.3173
97.3335
97.329
97.2686
97.2535
97.2828
97.2764
97.2872
97.2755
97.2702
97.3011
97.2523
97.2726
97.3033
97.3146
97.3075
97.3121
97.3067
97.3095
97.2582
97.2283
97.2165
97.2111
97.2174
97.2339
97.2175
97.1837
97.2194
97.2502
97.2764
97.2813
97.2956
97.288
97.3228
97.3069
97.2361
97.2324
97.2308
97.2943
97.2673
97.2899
97.2991
97.286
97.3107
97.3115
97.3038
97.2812
97.2905
97.2927
97.3294
97.3177
97.3721
97.4558
97.4395
97.4492
97.4626
97.4925
97.4562
97.4841
97.4687
97.462
97.4695
97.4604
97.4549
97.4526
97.4549
97.4749
97.4847
97.5697
97.5423
97.5493
97.5682
97.5946
97.6119
97.6149
97.6191
97.6307
97.6727
97.7275
97.7097
97.7243
97.7899
97.8212
97.8368
97.8902
97.9185
97.9222
97.9698
97.9527
97.995
98.0191
98.086
98.1447
98.1788
98.2188
98.2404
98.2241
98.2437
98.2619
98.3299
98.3809
98.4084
98.4999
98.4606
98.5452
98.6023
98.6912
98.7489
98.8326
98.8412
98.9051
98.9783
99.095
99.1887
99.2326
99.266
99.3029
99.3673
99.3917
99.3888
99.3988
99.4066
99.4036
99.3853
99.3635
99.3512
99.3464
99.3575
99.3308
99.3481
99.3552
99.3604
99.3844
99.4389
99.4382
99.4263
99.4054
99.3878
99.3699
99.3507
99.3136
99.2793
99.2506
99.1947
99.1716
99.1187
99.0767
99.0381
99.0009
99.0137
99.0646
99.0867
99.1948
99.2861
99.3491
99.3764
99.4007
99.4226
99.483
99.4696
99.4514
99.4154
99.3986
99.3917
99.3554
99.3268
99.4103
99.4346
99.4297
99.4263
99.4177
99.4006
99.3765
99.3502
99.3583
99.3354
99.3379
99.3279
99.3167
99.2871
99.2505
99.2261
99.234
99.305
99.3131
99.2843
99.2603
99.2256
99.2245
99.2038
99.2047
99.3393
99.3157
99.2618
99.2671
99.2567
99.257
99.292
99.2926
99.3903
99.4126
99.4246
99.4498
99.4596
99.4662
99.4838
99.5086
99.5924
99.5989
99.5956
99.5811
99.5947
99.6063
99.613
99.6124
99.6291
99.6191
99.6227
99.6161
99.6164
99.6044
99.599
99.6063
99.6014
99.602
99.5948
99.5995
99.6069
99.599
99.5798
99.5664
99.5593
99.5541
99.5478
99.5381
99.5199
99.5028
99.4931
99.4752
99.4354
99.3686
99.3644
99.3743
99.3656
99.3475
99.3223
99.3152
99.2922
99.1809
99.1393
99.1187
99.0973
99.0798
99.0779
99.0633
99.1506
99.1436
99.3231
99.3937
99.4076
99.4354
99.4471
99.4566
99.4775
99.4349
99.4395
99.4488
99.4557
99.4701
99.4682
99.461
99.4621
99.4397
99.4458
99.4355
99.4264
99.424
99.4005
99.3597
99.3456
99.3873
99.4204
99.4285
99.4496
99.4812
99.507
99.5119
99.503
99.5126
99.5408
99.5387
99.5283
99.5324
99.5495
99.5564
99.5561
99.5736
99.6025
99.6018
99.5897
99.5917
99.5947
99.5838
99.5773
99.5641
99.5636
99.5707
99.5678
99.5688
99.5865
99.5963
99.5896
99.578
99.5935
99.5876
99.584
99.5725
99.5472
99.536
99.54
99.5283
99.5228
99.5037
99.5145
99.5124
99.4996
99.5002
99.5064
99.5137
99.5182
99.5182
99.5216
99.5229
99.5184
99.5232
99.5531
99.5625
99.5536
99.5217
99.5127
99.5167
99.4997
99.4817
99.4647
99.4619
99.4442
99.3599
99.3433
99.3403
99.3415
99.3507
99.3246
99.3013
99.258
99.1094
99.0963
99.0578
99.021
98.9798
98.9946
99.007
99.0135
98.8968
98.8987
98.9064
98.9307
98.9136
98.8696
98.842
98.8193
98.7876
98.7148
98.698
98.6976
98.6828
98.682
98.8043
98.7992
98.7634
98.7712
98.7966
98.7743
98.7569
98.7243
98.6646
98.629
98.543
98.4219
98.3684
98.3601
98.2673
98.2529
98.2079
98.1806
98.1728
98.2057
98.1712
98.2041
98.2433
98.297
98.3525
98.3876
98.3992
98.5094
98.5236
98.5139
98.5062
98.5055
98.4979
98.5026
98.5257
98.5481
98.5135
98.5223
98.5069
98.5431
98.5485
98.5655
98.5575
98.5776
98.5882
98.5922
98.7179
98.6908
98.7698
98.7668
98.7733
98.7798
98.8301
98.8281
98.7805
98.7866
98.7421
98.7078
98.6605
98.6334
98.6019
98.5264
98.5379
98.497
98.4597
98.4009
98.4995
98.4714
98.5202
98.5492
98.5766
98.5178
98.5407
98.5029
98.5303
98.535
98.6542
98.6269
98.662
98.6306
98.6272
98.6613
98.6371
98.6476
98.671
98.6543
98.6221
98.6489
98.6321
98.6321
98.6355
98.6496
98.6491
98.603
98.6013
98.5721
98.6477
98.611
98.6421
98.5501
98.5531
98.5229
98.4528
98.431
98.4615
98.4993
98.5502
98.5456
98.5429
98.6102
98.5998
98.5801
98.6289
98.6239
98.6197
98.6694
98.6953
98.6946
98.7053
98.7289
98.7111
98.7182
98.7295
98.7534
98.7345
98.6798
98.6794
98.6788
98.6495
98.6492
98.6306
98.6593
98.6427
98.6353
98.6252
98.6016
98.6234
98.6523
98.6018
98.5756
98.6229
98.6357
98.6291
98.6051
98.6246
98.6337
98.6042
98.6319
98.6343
98.6088
98.6427
98.6095
98.6386
98.6094
98.6404
98.6139
98.6068
98.6106
98.5746
98.6028
98.598
98.5442
98.5362
98.5835
98.5016
98.5157
98.5325
98.4392
98.4425
98.441
98.3913
98.3799
98.3459
98.3274
98.3278
98.2691
98.3514
98.3511
98.3581
98.3645
98.2668
98.3097
98.3713
98.3605
98.3726
98.3815
98.4027
98.4181
98.4152
98.3884
98.3853
98.3288
98.358
98.3286
98.283
98.2849
98.2595
98.2433
98.2613
98.2947
98.2244
98.2893
98.2856
98.3387
98.3454
98.3752
98.3675
98.4379
98.4413
98.4692
98.4556
98.4339
98.4302
98.4023
98.4296
98.3943
98.392
98.4042
98.3886
98.4031
98.4268
98.4278
98.4578
98.5028
98.5282
98.5792
98.5824
98.6215
98.6312
98.62
98.6225
98.64
98.5022
98.515
98.5647
98.5308
98.5085
98.577
98.6224
98.6014
98.5958
98.6249
98.5948
98.6746
98.6388
98.6198
98.5974
98.603
98.5432
98.6141
98.6136
98.6167
98.5726
98.5589
98.5889
98.5761
98.6104
98.5362
98.5582
98.5084
98.5158
98.5517
98.4663
98.4723
98.4946
98.4609
98.4867
98.4764
98.5397
98.5563
98.5201
98.5381
98.5641
98.6459
98.5961
98.6521
98.6209
98.6196
98.5959
98.66
98.581
98.5437
98.5025
98.5211
98.491
98.5107
98.4874
98.4824
98.4668
98.4976
98.5124
98.5836
98.5916
98.6116
98.6351
98.6648
98.6176
98.6954
98.7004
98.6941
98.7149
98.7156
98.7955
98.769
98.7664
98.6487
98.6814
98.6181
98.6315
98.5451
98.5253
98.4867
98.4713
98.4058
98.4438
98.437
98.4115
98.3776
98.3264
98.3945
98.3986
98.3869
98.3203
98.2747
98.332
98.3374
98.4331
98.4094
98.4893
98.432
98.5441
98.5822
98.6134
98.6342
98.6664
98.6811
98.7042
98.7309
98.7535
98.7591
98.7739
98.7857
98.755
98.7765
98.779
98.7807
98.697
98.6992
98.7439
98.64
98.6185
98.6266
98.6412
98.6214
98.6041
98.5695
98.5783
98.5895
98.6012
98.5279
98.6084
98.6191
98.6517
98.6916
98.7691
98.75
98.7343
98.7689
98.763
98.7231
98.6982
98.5976
98.5229
98.5013
98.4821
98.4777
98.5215
98.4388
98.43
98.4387
98.4706
98.4942
98.4121
98.501
98.4143
98.4881
98.6286
98.6501
98.7057
98.6415
98.663
98.7413
98.6765
98.6395
98.6693
98.5848
98.6222
98.5629
98.5453
98.5104
98.5626
98.5052
98.5842
98.6312
98.643
98.6213
98.6339
98.6804
98.7443
98.552
98.5391
98.5594
98.5524
98.5746
98.5811
98.5935
98.5042
98.5388
98.5138
98.5886
98.6115
98.5227
98.5978
98.5485
98.5207
98.5614
98.501
98.5297
98.5265
98.5124
98.5477
98.5778
98.5092
98.5317
98.458
98.4768
98.729
98.7776
98.8272
98.875
98.858
98.8933
98.8967
98.9101
98.7956
98.8441
98.8551
98.811
98.7357
98.7352
98.7049
98.6344
98.5985
98.574
98.5626
98.4675
98.4221
98.3897
98.4654
98.5408
98.4813
98.4665
98.4609
98.5106
98.5931
98.6171
98.6976
98.7208
98.7497
98.759
98.8056
98.8135
98.838
98.8675
98.8613
98.8693
98.8525
98.7857
98.6891
98.6598
98.6285
98.5832
98.4837
98.456
98.4337
98.4621
98.5188
98.5373
98.4964
98.5232
98.4843
98.4585
98.4352
98.5313
98.4992
98.523
98.4733
98.4275
98.4105
98.3864
98.3718
98.3796
98.3523
98.3273
98.3818
98.3592
98.4382
98.4939
98.5565
98.6014
98.5657
98.6051
98.5986
98.6038
98.5964
98.5738
98.5528
98.5789
98.5164
98.4695
98.4636
98.5161
98.488
98.4521
98.4687
98.4871
98.6133
98.6023
98.5912
98.6161
98.5734
98.5773
98.5238
98.5577
98.4507
98.4325
98.4817
98.4415
98.416
98.4193
98.3923
98.4729
98.473
98.5578
98.5419
98.6229
98.6539
98.5997
98.6318
98.6591
98.6283
98.5932
98.6017
98.5618
98.4976
98.5526
98.4436
98.4831
98.5044
98.5452
98.6054
98.5874
98.5833
98.5543
98.5745
98.51
98.4607
98.4691
98.4061
98.4015
98.3653
98.3998
98.3594
98.3261
98.3702
98.4185
98.4323
98.5096
98.5059
98.5448
98.6669
98.6894
98.6775
98.6157
98.6719
98.6346
98.5767
98.5513
98.5926
98.5354
98.5344
98.5748
98.5649
98.6124
98.5714
98.5625
98.5798
98.5352
98.5142
98.4866
98.512
98.5292
98.523
98.4698
98.5446
98.5237
98.5518
98.5887
98.5626
98.6143
98.5419
98.5882
98.6172
98.6205
98.5138
98.5748
98.5734
98.5314
98.58
98.5653
98.5908
98.555
98.5375
98.5966
98.6123
98.5613
98.6364
98.6108
98.6076
98.629
98.5358
98.5372
98.5943
98.5476
98.6154
98.6021
98.5934
98.5467
98.5113
98.4903
98.4775
98.4432
98.4149
98.4113
98.4168
98.4042
98.3765
98.41
98.3747
98.3082
98.4016
98.4201
98.3893
98.4336
98.5053
98.5057
98.5057
98.5703
98.6003
98.594
98.5601
98.6049
98.586
98.5667
98.5795
98.6096
98.6106
98.5735
98.5907
98.5986
98.586
98.5456
98.5608
98.5451
98.5348
98.5129
98.3881
98.3872
98.379
98.3801
98.3777
98.3958
98.3483
98.4328
98.4031
98.4185
98.4863
98.4327
98.4724
98.4021
98.5162
98.5196
98.5851
98.5282
98.6169
98.5575
98.6406
98.6426
98.6142
98.5902
98.6186
98.5802
98.5463
98.5969
98.6117
98.5742
98.6027
98.6157
98.5742
98.6132
98.5731
98.6244
98.6279
98.6117
98.619
98.6161
98.6108
98.6128
98.561
98.5687
98.5578
98.5878
98.569
98.6117
98.636
98.557
98.6099
98.5623
98.5934
98.5435
98.6115
98.5891
98.5904
98.6077
98.581
98.6199
98.5588
98.602
98.6476
98.541
98.6086
98.601
98.5795
98.5817
98.5676
98.6218
98.6244
98.5659
98.5904