143.91
143.922
144.066
143.962
144.039
144.094
144.248
143.91
144.096
144.102
144.364
144.215
144.165
144.165
144.013
144.141
144.184
144.148
144.087
144.278
144.344
144.215
144.364
144.395
144.554
144.413
144.398
144.291
144.456
144.391
144.334
144.355
144.583
144.461
144.255
144.307
144.519
144.464
144.49
144.617
144.594
144.311
144.35
144.467
144.506
144.421
144.455
144.549
144.568
144.542
144.669
144.783
144.517
144.505
144.73
144.816
144.639
144.72
144.805
144.658
144.704
144.732
144.877
144.817
144.788
144.879
144.923
144.868
142.543
142.581
142.696
144.564
144.545
144.603
144.625
144.718
144.582
144.648
144.793
144.748
144.6
144.712
144.798
144.818
144.725
144.858
144.766
144.677
144.68
144.632
144.726
144.693
144.613
144.757
144.814
144.843
144.778
144.822
144.946
144.739
144.526
144.713
144.832
144.832
144.998
144.908
145.281
142.951
142.943
143.009
139.232
139.176
138.964
135.726
135.064
135.127
131.309
130.437
130.539
130.323
130.109
130.156
131.827
132.282
131.942
133.602
134.121
134.135
134.062
134.034
134.082
132.173
131.528
131.594
131.558
131.262
130.724
135.851
136.842
136.756
136.78
136.911
136.933
133.534
133.245
133.49
105.839
105.299
105.75
114.032
114.321
114.748
92.0363
92.5337
92.8738
105.858
106.217
106.574
102.946
103.297
103.696
99.8837
100.244
100.553
99.8299
100.404
100.986
98.9485
99.7067
100.505
97.2785
97.7244
98.2852
95.8371
94.9114
94.1005
105.961
105.166
104.599
119.244
118.677
118.289
133.338
133.054
132.803
132.356
131.79
131.44
130.999
130.415
129.795
135.904
135.383
134.735
140.428
141.733
141.09
140.597
139.915
139.256
144.073
143.667
142.879
149.793
148.793
148.176
152.116
152.157
152.099
151.822
151.93
152.22
152.258
152.168
152.185
149.612
149.514
149.405
149.294
149.203
149.039
148.753
148.698
148.576
150.751
150.611
150.548
150.629
150.487
150.146
150.617
150.482
150.293
150.548
150.894
151.08
151.301
151.768
152.126
149.706
149.615
149.166
146.31
146.001
145.53
145.252
145.079
144.853
144.534
144.499
144.647
147.023
146.81
147.176
147.175
147.56
147.433
147.43
147.533
147.653
147.481
147.559
147.788
148.083
147.967
148.311
151.095
151.74
152.629
149.172
150.332
150.67
145.383
145.375
145.024
147.028
146.994
147.322
147.863
149.025
150.207
146.727
147.358
147.713
143.451
144.094
144.22
144.412
144.707
144.929
145.519
146.646
147.692
146.389
147.231
148.471
145.696
145.502
146.264
143.033
142.361
142.6
142.575
142.66
142.384
142.334
142.07
142.37
142.384
142.775
142.94
143.307
143.627
143.86
144.238
144.563
144.59
144.596
144.738
145.047
144.85
144.909
145.129
145.302
144.927
144.855
144.694
144.638
144.174
145.8
145.486
144.807
144.263
143.751
142.809
142.122
141.9
142.142
141.726
141.576
140.937
140.38
139.945
139.191
140.629
141.857
142.356
143.07
143.44
144.353
142.628
142.198
142.252
142.416
142.22
142.105
141.893
141.635
141.092
143.026
143.613
143.459
145.221
145.747
145.443
147.375
147.793
147.629
149.443
149.385
149.5
149.898
150.163
150.524
148.057
147.879
147.622
147.776
147.532
147.648
149.401
149.375
148.632
152.755
152.18
151.718
156.12
155.857
156.268
153.425
152.83
152.002
146.101
145.36
144.838
144.997
145.423
145.959
142.265
142.874
143.81
140.424
139.612
141.073
137.944
137.53
137.995
136.16
135.828
136.018
137.835
137.608
137.559
139.475
139.987
140.117
136.074
136.062
136.198
132.169
131.983
132.145
125.584
125.376
125.13
126.758
125.928
124.826
130.907
130.269
129.688
133.273
132.974
132.96
134.589
135.11
135.213
133.59
133.287
133.499
131.225
131.255
131.058
130.953
130.701
130.56
132.477
132.449
132.44
130.08
130.056
130.067
129.605
129.465
129.044
128.898
128.494
128.359
129.398
129.253
129.701
132.555
134.479
135.38
133.969
133.775
134.087
136.721
137.779
138.211
136.509
136.249
136.721
135.728
135.641
136.201
136.316
136.768
137.486
138.049
138.793
139.225
137.851
138.262
138.319
134.652
134.839
134.584
134.008
133.729
133.501
131.498
131.653
132.345
133.06
133.376
133.47
128.354
127.79
126.633
127.176
126.508
125.424
129.767
129.082
128.63
131.606
131.745
131.553
133.353
133.551
133.594
131.477
130.99
130.485
131.03
130.367
129.324
129.797
128.979
127.811
134.325
136.497
136.276
140.687
141.684
142.22
135.773
134.342
134.941
128.822
127.585
127.917
123.499
123.324
123.774
120.284
121.352
121.927
118.407
118.828
119.324
119.644
119.69
119.506
119.342
119.048
118.711
119.709
119.478
119.351
122.349
122.364
122.319
122.314
122.08
122.393
122.781
123.274
123.702
120.863
121.078
121.493
120.036
119.775
119.354
120.039
119.395
119.037
119.651
119.395
119.22
119.232
118.866
118.493
120.511
120.604
120.058
120.992
120.327
119.562
122.336
121.96
121.698
123.437
123.469
123.401
125.002
125.02
124.772
124.525
124.069
123.385
124.043
123.655
123.464
123.582
123.768
124.058
122.905
124.101
125.404
123.134
124.489
125.335
121.034
122.069
123.103
120.702
120.785
121.082
116.979
117.495
117.787
115.866
115.376
114.753
115.898
115.456
114.864
114.176
113.379
112.736
113.481
113.243
113.143
113.035
112.58
112.439
110.414
109.519
108.877
108.282
107.706
107.149
107.235
107.117
107.235
107.219
106.99
106.835
108.274
107.91
107.823
109.54
109.793
110.296
110.731
111.539
112.21
114.453
115.183
115.837
116.41
116.96
117.521
118.041
118.327
118.465
120.878
122.112
123.372
122.909
124.862
126.786
124.382
126.149
127.426
125.043
126.108
126.828
129.754
131.364
131.662
131.862
132.09
131.833
132.44
130.642
128.649
126.806
124.557
122.421
121.267
118.981
116.539
123.918
121.942
121.169
127.328
126.654
126.65
131.037
132.098
133.06
128.447
129.336
130.427
125.014
126.322
127.235
122.475
123.45
123.94
124.293
124.374
124.586
124.45
124.578
124.467
124.495
124.051
124.122
123.93
123.934
123.662
125.596
125.497
125.535
125.578
125.995
126.134
124.267
124.132
124.118
120.803
120.767
120.634
120.771
120.595
120.416
120.166
120.26
119.801
121.466
121.634
122.355
119.9
121.088
121.83
118.835
119.734
120.544
117.996
118.551
118.69
117.191
116.872
117.008
118.515
119.194
119.447
121.853
122.048
122.813
121.276
121.448
121.403
122.223
122.434
122.786
120.799
121.512
121.534
121.771
121.219
121.42
121.234
121.744
121.389
121.668
121.348
121.265
122.404
122.401
121.929
123.1
122.744
122.797
122.727
122.528
122.654
124.597
124.806
125.444
124.311
124.886
125.347
122.575
123.422
124.479
120.504
121.788
123.008
121.639
122.501
123.258
97.9608
99.1908
99.4525
112.578
112.525
112.428
113.091
112.866
112.644
116.489
116.153
116.188
118.825
119.036
119.18
117.622
117.783
118.242
115.253
115.186
114.894
116.312
115.791
115.788
116.671
116.736
116.533
117.68
117.58
117.362
117.176
117.44
117.277
117.545
117.796
117.974
116.299
116.441
116.399
115.121
115.045
114.84
111.753
111.546
111.154
112.226
112.062
111.971
110.539
110.642
110.594
109.497
109.506
109.711
102.655
103.892
103.425
101.244
101.057
100.799
103.701
102.586
101.617
109.959
108.407
106.751
114.737
113.583
112.683
118.227
118.153
118.589
117.321
117.499
117.35
114.138
113.707
113.378
117.205
116.255
114.82
120.797
118.991
117.822
119.719
118.371
117.232
119.471
118.474
117.583
119.577
118.825
117.729
126.771
126.547
125.563
131.77
133.528
133.359
135.277
135.038
134.981
136.474
136.635
136.365
137.867
137.506
136.941
137.967
136.98
135.758
138.51
137.334
136.11
140.325
139.232
137.912
143.662
142.566
141.277
139.919
138.959
138.064
159.549
159.39
159.976
160.202
160.589
160.829
168.494
168.832
169.015
169.202
169.413
169.679
169.82
169.987
169.936
162.819
163.406
164.126
164.813
165.812
167.317
168.861
170.2
171.016
171.098
171.15
171.257
171.019
171.36
171.409
171.715
172.149
171.787
171.614
171.44
171.434
171.313
171.379
171.526
171.589
171.601
171.489
171.628
171.758
172.036
172.318
172.407
172.305
172.615
173.332
174.378
167.906
169.101
170.333
170.778
170.576
170.233
169.863
169.601
169.693
170.005
169.984
170.025
161.824
161.537
161.867
161.792
161.644
161.332
153.921
153.939
153.789
153.677
153.793
153.964
154.004
153.869
154.082
153.716
153.792
153.579
153.388
153.081
152.895
152.463
151.893
151.342
151.702
152.359
153.543
155.146
156.929
158.658
160.603
162.749
164.593
129.451
126.839
125.581
132.636
134.095
133.36
132.024
129.928
127.928
136.479
135.79
135.245
143.253
143.795
143.943
144.722
146.132
147.424
142.062
143.615
144.788
136.992
137.296
137.901
135.693
135.253
134.759
135.884
134.942
134.153
139.613
139.085
138.764
142.815
142.466
142.408
144.038
143.986
144.003
145.896
146.23
146.945
143.254
144.099
144.729
139.184
140.8
142.094
136.189
137.709
138.655
137.292
137.647
137.729
134.892
133.379
132.235
135.473
134.863
134.535
138.572
138.319
137.763
139.628
139.303
139.171
141.025
141.163
141.304
143.459
143.124
143.223
143.2
143.164
142.816
142.593
142.15
141.937
146.149
146.297
146.467
144.708
145.294
146.179
144.509
145.476
146.239
142.355
142.821
143.001
140.322
140.114
139.156
140.92
139.752
139.124
145.602
144.457
143.332
150.076
149.088
148.046
153.509
152.185
151.064
151.898
152.16
152.556
152.434
152.451
152.435
152.372
152.466
152.673
153.029
153.036
153.038
153.282
153.165
153.136
153.246
153.328
153.342
153.4
153.06
153.08
152.793
152.781
152.71
152.825
152.873
152.892
153.163
153.597
153.451
153.046
153.056
152.574
152.468
152.592
153.109
153.632
154.097
154.702
155.267
155.768
156.39
156.661
156.987
157.369
157.73
157.821
158.114
158.499
158.703
158.94
123.239
121.607
121.305
138.971
139.311
138.829
138.044
137.613
137.198
139.335
139.134
138.956
140.814
140.633
140.359
140.35
140.33
140.851
140.847
140.949
141.018
141.915
143.21
145.186
142.036
143.772
144.683
138.682
138.557
137.769
136.7
135.679
134.926
138.682
138.398
138.329
139.727
138.544
136.951
142.858
141.3
140.83
144.835
144.896
145.165
145.46
145.329
145.252
142.911
143.011
142.674
142.467
142.1
141.929
141.884
141.568
141.117
141.056
140.598
140.055
141.783
141.154
140.434
139.816
139.439
139.194
138.837
138.198
137.613
137.496
137.531
137.679
135.551
135.723
135.726
133.684
133.786
133.632
133.761
133.711
133.925
131.758
132.06
132.53
133.034
133.422
133.737
132.209
131.978
131.184
130.013
128.926
127.823
128.822
128.151
127.63
127.041
126.711
126.207
127.562
127.05
126.826
126.466
126.175
126.113
125.877
125.788
125.87
126.146
126.58
126.93
125.469
126.311
127.517
126.735
127.574
128.01
128.03
127.716
127.542
127.287
127.009
126.641
126.265
125.578
125.813
128.128
128.643
128.899
127.783
128.579
129.522
130.535
131.71
132.94
134.777
136.244
137.613
136.604
137.48
137.636
137.271
136.851
136.676
136.537
136.349
136.788
134.94
135.819
137.526
136.369
137.636
138.406
139.737
140.22
139.407
138.605
138.062
137.61
137.926
138.189
138.598
138.601
138.685
139.013
139.499
140.241
140.943
141.78
142.616
143.08
141.213
141.52
141.896
142.105
142.785
143.312
141.933
141.86
142.009
144.276
144.596
145.305
145.975
147.08
148.028
149.715
151.78
153.723
155.367
157.02
158.579
157.288
157.678
158.043
158.968
159.774
160.422
160.343
160.365
159.941
161.441
160.803
160.187
158.969
157.882
156.694
158.296
157.412
156.662
158.185
157.392
156.037
157.355
156.088
155.035
149.755
149.124
148.04
141.088
140.828
140.493
134.525
133.129
133.319
131.625
130.938
131.313
128.983
128.26
127.963
127.753
127.646
127.904
128.021
128.471
128.424
128.933
129.556
130.479
129.229
129.848
130.403
129.135
129.662
130.313
128.724
129.011
129.198
128.018
128.843
129.819
128.545
129.454
130.121
127.283
127.287
127.423
126.988
126.777
126.622
126.486
126.608
127.207
125.729
126.403
126.25
124.27
123.942
123.812
123.609
123.655
123.166
124.586
124.56
124.669
124.375
124.214
123.977
123.973
123.298
122.125
123.605
122.452
121.089
125.019
124.333
124.72
126.474
126.854
127.151
127.608
127.872
128.494
128.432
128.676
128.36
128.796
128.469
128.331
127.548
127.13
126.28
129
128.246
128.142
129.286
129.667
129.855
130.191
130.323
130.68
130.278
129.941
129.341
130.895
131.286
131.045
127.287
126.41
126.807
125.756
126.371
127.642
122.314
122.451
121.44
119.644
118.969
117.574
115.005
113.524
111.968
111.808
110.517
109.571
122.802
123.14
121.819
134.391
134.225
133.768
139.36
138.877
138.421
140.247
139.832
139.846
141.594
141.564
141.484
141.654
141.481
141.254
140.795
140.306
139.807
146.079
145.364
145.392
147.22
147.064
146.835
146.88
147.218
147.686
147.975
148.75
149.51
140.921
141.703
142.083
139.555
139.622
139.587
139.306
139.168
139.287
141.375
141.329
141.348
141.147
140.878
140.828
142.551
142.373
142.232
142.136
141.742
141.283
142.936
141.934
140.743
144.757
144.017
143.569
147.58
147.048
146.587
147.538
147.029
146.845
146.796
146.613
146.458
146.359
146.414
146.311
114.359
114.875
114.699
132.631
132.611
133.382
131.875
132.045
131.926
132.139
132.209
132.661
132.655
132.822
133.017
133.362
133.508
133.573
131.407
131.589
131.868
132.071
131.952
132.1
130.254
130.531
130.316
128.43
128.559
128.695
126.789
126.969
127.195
125.69
125.646
125.691
125.426
125.723
125.702
127.311
127.137
127.08
130.229
129.775
129.616
133.174
132.835
133.031
134.704
134.921
134.776
135.016
134.795
135.304
131.714
132.404
132.549
103.463
103.903
104.248
119.87
121.965
122.583
97.1245
98.178
99.1473
109.998
110.459
110.375
105.279
105.537
105.814
104.174
104.359
104.254
103.121
102.916
102.92
102.749
103.07
103.037
101.686
101.134
100.908
101.769
101.753
102.13
100.981
101.251
101.586
100.575
101.118
101.379
97.8185
98.8219
100.069
95.1798
95.8779
95.7913
98.4102
98.4096
98.2965
105.008
104.841
104.659
107.242
106.979
106.736
108.341
109.152
109.431
107.05
107.199
107.21
103.725
103.192
102.388
103.009
102.487
101.54
103.251
102.174
100.955
106.129
105.248
104.827
113.996
113.493
113.006
121.927
123.468
124.34
120.488
121.223
122.05
117.544
116.416
116.637
115.53
116.269
116.654
113.773
113.862
114.024
114.082
114.373
114.812
113.756
114.039
114.495
112.897
113.326
113.456
113.376
113.203
113.411
113.538
113.719
113.884
114.323
114.531
114.758
114.919
115.307
115.366
113.651
113.622
113.489
113.326
113.03
111.8
108.966
107.55
106.678
108.226
107.475
106.778
106.246
105.838
106.038
106.679
107.941
109.927
87.3774
88.9092
90.4564
100.957
101.728
102.078
96.8775
97.1826
96.7279
95.8745
95.2089
94.738
98.1735
98.1089
98.2975
96.0832
96.841
97.0222
94.974
94.646
94.7243
92.7458
92.3224
90.805
96.541
95.5075
94.7646
100.029
98.9996
97.8446
110.596
109.994
109.919
112.308
112.405
111.336
113.512
113.438
113.102
111.192
111.277
111.737
111.154
111.535
112.69
108.188
109.227
110.385
88.7442
89.8411
91.0656
102.773
104.449
106.073
85.4361
85.7934
86.3813
99.2624
97.9814
97.7247
95.9788
96.3401
96.7629
97.0468
97.5747
98.4024
95.6751
96.2593
96.9435
97.164
97.5735
97.5134
105.293
103.806
104.113
104.628
104.79
104.395
112.235
111.238
111.234
123.016
123.012
122.248
125.239
124.729
124.546
127.14
127.191
126.777
128.395
127.799
127.588
130.491
130.358
130.264
133.853
134.309
134.495
134.206
134.24
134.002
135.488
136.119
135.948
138.137
138.878
138.571
140.423
140.778
140.84
143.034
143.613
143.814
146.379
146.013
146.088
145.985
146.057
145.516
148.023
147.763
147.489
147.063
147.035
146.738
146.607
146.176
146.202
143.072
143.075
142.839
137.838
136.761
136.576
133.949
132.772
132.003
131.519
130.719
130.252
130.126
130.366
130.513
128.243
127.668
127.703
129.562
129.97
129.675
129.787
129.39
128.869
128.031
127.709
127.28
128.918
129.259
128.903
127.053
126.562
126.661
128.886
129.619
130.131
128.534
128.399
128.421
128.79
128.786
128.662
127.853
127.273
126.522
128.071
128.728
129.439
128.285
128.456
128.889
127.456
126.963
127.54
127.419
127.921
127.925
128.121
128.525
128.553
128.122
128.434
127.604
128.196
127.207
125.96
126.33
125.896
125.467
129.319
129.691
130.319
129.172
131.055
132.442
130.29
129.976
130.346
128.946
128.734
128.321
129.703
129.973
129.864
130.016
130.211
130.336
128.699
127.975
128.271
128.521
129.393
129.842
128.241
128.132
128.914
129.288
129.536
130.011
128.397
127.896
127.917
126.447
126.529
126.753
126.844
126.995
127.243
125.516
125.953
126.029
124.488
124.39
124.655
124.79
125.021
125.103
125.663
126.168
126.527
124.592
124.862
125.173
127.196
127.408
127.848
128.164
128.763
129.087
129.53
129.73
129.893
129.753
129.231
128.765
128.649
128.294
128.128
127.941
128.188
128.115
128.287
129.202
130.137
128.667
129.284
129.784
126.941
127.157
127.554
126.161
126.338
126.639
125.124
125.237
125.604
124.22
124.837
125.38
121.375
122.956
123.562
121.232
122.573
122.888
118.038
119.071
119.445
95.7583
96.2302
97.4331
106.031
106.282
105.937
100.293
99.365
98.3259
99.928
99.7626
100.08
99.1924
100.197
101.381
84.7552
83.8475
82.8224
90.1126
89.0322
87.8945
93.2484
92.8891
92.6332
94.4613
94.2303
93.5361
94.8232
93.7488
92.6472
99.7251
98.4569
97.3407
109.833
107.003
106.139
124.667
123.864
122.973
124.01
122.992
122.003
123.701
122.599
121.701
125.796
126.98
126.626
129.591
130.163
129.649
131.232
130.845
130.736
134.31
134.367
134.279
134.327
134.514
134.684
132.437
132.455
132.747
130.422
130.057
129.933
129.265
128.783
128.067
131.516
131.325
131.879
130.353
131.19
131.614
124.126
123.147
123.293
118.836
117.252
116.717
114.314
113.422
113.002
112.8
112.766
112.619
112.52
112.563
112.767
112.246
112.963
113.354
112.038
112.48
112.889
113.192
113.494
113.757
114.167
114.443
114.809
112.933
113.361
113.587
114.366
114.339
114.634
112.755
112.133
111.421
112.06
111.1
110.315
111.106
111.024
111.083
112.845
113.301
114.189
113.194
113.917
114.358
109.95
110.613
110.825
108.952
109.327
109.215
111.927
111.324
111.2
115.112
114.808
114.542
114.465
114.34
114.284
115.73
115.639
115.494
115.649
116.025
116.465
113.815
114.895
115.787
91.2207
90.5405
90.6238
106.112
104.551
103.809
116.009
115.465
115.135
116.246
116.011
115.281
115.662
114.486
113.495
121.154
122.133
120.748
122.8
121.878
120.156
130.611
128.518
127.065
141.015
139.581
139.305
148.001
148.455
148.811
143.012
143.83
144.389
140.489
140.777
141.016
138.959
139.215
139.683
137.976
138.776
138.598
134.866
135.679
136.639
133.167
134.718
135.92
128.627
129.044
129.525
126.98
127.023
126.755
126.856
126.938
127.622
128.064
128.423
128.736
126.946
127.206
127.128
126.659
125.802
124.69
126.094
125.157
124.728
126.433
126.464
126.107
128.621
128.267
128.408
128.384
128.675
128.51
130.349
129.802
129.258
133.36
132.972
132.816
137.298
137.115
137.59
137.777
138.284
138.609
136.462
136.77
137.356
137.567
137.925
138.032
136.368
136.696
136.712
138.363
138.61
138.52
140.336
140.254
140.455
140.404
140.461
140.294
142.232
142.076
142.246
142.304
142.491
142.307
142.384
142.343
142.308
140.055
140.255
140.287
140.425
140.288
140.409
140.163
140.142
139.517
140.862
140.178
139.669
143.141
142.616
142.342
141.686
140.962
140.499
139.915
139.68
139.305
136.958
137.202
137.536
135.878
136.462
136.556
134.598
134.793
134.82
134.524
134.579
134.512
134.656
134.964
135.457
134.07
135.026
135.311
133.563
133.579
133.913
133.852
133.964
134.18
132.001
132.182
132.772
130.77
130.947
131.02
127.443
127.199
127.292
127.289
127.884
128.557
127.787
129.419
131.883
127.238
127.855
128.892
127.815
127.852
128.548
129.022
129.178
128.954
129.137
128.813
128.836
128.783
129.143
129.636
128.62
128.411
129.506
128.806
129.265
130.029
124.672
126.366
127.284
123.069
124.024
124.015
121.319
121.355
120.776
119.871
119.053
118.116
114.738
114.803
114.377
111.282
111.497
111.547
105.973
105.012
103.788
118.394
117.411
116.313
120.162
118.978
117.659
126.007
128.371
128.233
134.285
133.975
133.622
134.989
134.427
133.649
134.608
133.844
133.485
132.99
133.093
133.093
135.208
135.503
135.906
133.86
133.934
133.627
135.029
134.701
134.647
136.464
136.553
136.393
136.404
136.238
135.994
135.763
135.556
135.403
135.447
135.222
135.294
135.141
135.227
135.107
135.24
134.868
134.739
134.155
133.664
133.102
134.233
133.616
133.485
133.06
132.927
132.697
132.609
132.311
132.12
131.915
132.044
132.415
132.924
133.089
133.245
131.867
132.222
132.907
133.549
134.08
134.736
133.174
133.455
133.288
133.117
132.8
132.688
132.422
132.292
132.231
130.65
130.829
131.324
131.345
131.266
131.205
129.302
129.275
129.347
129.248
129.385
129.338
129.441
129.451
129.207
130.56
130.241
129.683
129.358
128.636
127.476
127.367
126.028
124.659
125.226
124.655
124.253
123.716
123.538
123.611
123.716
123.537
123.704
123.504
123.566
123.654
123.748
124.074
124.541
123.509
124.09
124.484
125.138
125.653
126.513
123.333
123.136
122.526
123.74
122.781
122.466
123.295
123.074
122.655
123.815
124.233
124.786
125.311
126.227
126.706
126.4
127.518
128.894
129.684
130.523
131.006
131.442
131.709
132.368
132.711
133.717
135.449
136.881
137.656
137.903
136.003
136.229
136.824
137.592
137.812
138.529
138.75
138.769
138.293
137.668
136.793
135.82
135.813
134.054
132.299
131.945
130.228
129.269
129.81
129.729
130.164
130.869
131.379
132.114
132.626
132.587
132.233
131.461
130.508
130.46
130.61
131.011
131.33
131.954
133.574
135.24
135.34
136.975
138.628
136.668
137.529
138.717
139.792
140.949
141.931
141.114
141.948
142.598
142.949
142.567
141.827
141.433
140.681
140.09
139.546
138.823
137.697
136.65
135.486
134.722
134.032
133.518
132.92
132.308
131.761
130.941
133.342
132.513
131.732
134.17
132.975
132.124
132.443
133.898
135.023
136.146
136.533
136.61
135.242
134.855
133.916
132.788
131.357
130.309
129.262
128.189
126.906
125.677
124.269
123.04
121.688
120.22
119.175
118.7
116.921
115.203
113.695
111.487
109.556
107.914
107.264
107.467
108.648
110.2
112.228
114.752
117.859
121.982
126.286
130.992
135.774
140.999
146.267
153.335
161.084
167.317
170.644
172.093
171.677
170.505
169.204
167.741
166.489
167.522
166.498
165.865
162.805
162.233
161.834
161.819
161.745
161.99
161.743
161.759
161.632
158.951
158.39
158.274
157.915
157.484
156.893
156.147
155.328
154.446
150.982
149.736
148.402
148.95
147.636
146.251
148.698
147.755
146.652
145.533
144.277
142.787
143.261
142.742
142.395
138.665
138.454
138.317
136.209
135.903
135.905
135.614
135.474
135.487
135.937
136.857
137.998
134.867
134.461
133.838
134.98
133.973
133.234
136.608
136.268
136.413
137.019
137.779
138.505
131.667
131.22
130.655
129.887
129.564
129.337
134.666
134.863
134.814
134.866
134.75
134.764
136.556
136.391
136.293
137.745
137.837
137.779
139.54
139.662
139.638
139.693
139.797
139.989
141.758
141.96
142.31
142.434
142.696
142.849
143.038
143.187
143.69
142.409
142.887
143.868
146.559
147.868
148.954
150.25
151.437
152.795
154.099
155.481
156.548
156.109
157.529
159.041
160.967
162.772
164.237
165.751
166.775
167.444
166.051
165.885
165.948
165.495
165.121
165.046
166.458
166.236
165.839
165.927
165.994
166.163
166.714
167.339
168.1
166.727
167.599
168.785
169.967
171.183
172.117
171.005
171.786
172.382
172.816
173.172
173.423
173.069
173.105
172.786
171.915
171.663
171.878
172.108
172.131
171.99
171.691
171.045
171.573
171.537
171.439
171.335
171.298
171.085
171.01
171.102
170.939
170.986
170.85
171.028
170.826
170.876
170.869
170.843
170.721
170.673
170.842
170.745
170.474
170.841
170.991
170.84
170.901
170.666
170.646
170.874
170.538
170.842
170.548
170.601
170.188
171.191
170.154
170.746
170.96
170.683
170.359
170.254
171.202
171.29
170.389
170.23
170.522
170.796
170.522
170.029
171.766
169.704
170.975
170.743
169.829
171.027
171.348