102.042
103.701
106.247
109.861
114.496
119.353
124.356
129.147
133.819
133.725
135.881
137.933
139.325
142.058
144.063
144.921
144.7
144.327
147.479
145.468
142.335
137.37
129.926
123.041
115.762
109.849
105.271
101.208
96.5523
91.933
91.9956
88.6464
86.6228
94.9571
96.6621
100.096
100.093
105.204
109.871
94.3309
97.5778
101.517
116.085
122.45
128.663
134.751
138.613
142.217
140.764
142.619
142.657
141.76
140.049
137.137
132.696
127.114
121.203
116.08
110.734
106.343
105.756
101.94
97.419
95.0591
90.3335
86.2196
92.2124
90.9173
91.089
96.4431
98.8872
102.002
87.297
90.993
95.0592
105.118
109.398
115.531
119.076
126.688
133.084
134.137
137.69
140.832
143.452
144.94
145.299
144.93
143.567
141.326
138.603
135.757
132.931
128.374
122.336
115.928
112.816
107.297
101.998
96.5861
90.6338
85.7309
90.606
87.7261
85.7847
94.5876
95.2253
96.9227
95.8818
98.9648
102.585
88.0937
91.72
95.3717
104.613
107.971
111.004
112.188
116.639
121.061
124.173
126.925
129.346
131.195
132.276
133.559
135.104
136.347
137.337
134.525
135.59
137.265
138.499
139.786
141.276
142.769
143.649
144.349
144.489
144.268
143.281
142.63
141.745
141.224
140.387
139.935
139.753
140.216
140.447
140.853
140.94
141.434
141.745
142.143
142.546
142.978
143.031
142.909
142.035
140.907
139.333
138.175
136.478
135.76
134.728
134.14
133.988
134.383
130.589
130.526
130.106
129.883
129.698
129.776
129.81
130.121
130.222
130.566
130.916
131.831
132.908
134.199
135.404
136.805
137.876
139.072
143.718
143.621
143.265
142.812
142.303
141.858
141.253
140.84
141.072
141.424
140.685
140.058
138.853
137.219
136.133
140.163
139.427
137.844
135.645
133.343
131.044
129.519
128.394
127.666
127.476
127.817
128.381
129.363
131.047
133.231
135.543
137.266
138.182
138.841
140.479
142.366
143.71
144.847
145.789
141.949
142.04
142.024
142.429
143.431
144.171
145.069
145.896
146.314
146.324
146.425
146.228
145.494
143.595
141.561
135.174
132.789
130.822
129.628
129.197
129.288
129.395
129.717
129.948
130.407
130.573
130.848
131.302
131.227
130.453
129.341
127.221
125.26
126.719
125.176
124.959
124.694
125.299
127.678
129.711
129.968
129.423
128.369
126.97
126.206
125.959
125.617
125.149
132.898
132.017
132.509
133.896
135.6
138.018
142.074
145.822
149.963
145.345
146.344
151.191
148.293
149.082
150.412
149.929
148.406
146.696
142.643
141.322
140.335
138.486
135.57
132.166
129.674
128.874
127.669
127.272
127.484
127.427
131.446
129.643
131.512
131.017
132.869
136.358
135.514
134.463
132.436
132.285
132.424
132.817
137.006
138.074
139.145
140.951
142.707
143.898
146.332
147.172
150.839
149.813
146.818
148.223
150.871
153.423
154.361
150.305
150.037
149.561
148.329
146.642
145.158
144.294
143.679
143.305
142.728
142.08
141.206
141.024
140.459
140.684
141.369
142.705
144.099
150.187
149.925
147.907
145.683
144.98
142.388
139.912
138.883
138.165
138.234
136.925
134.56
133.373
132.386
132.23
136.479
137.308
138.021
139.156
139.926
141.515
142.754
143.821
146.697
148.992
150.528
151.861
152.302
152.15
151.156
150.012
147.539
145.589
143.373
141.96
140.856
140.64
140.371
140.191
140.13
140.715
140.252
138.754
137.582
137.321
137.494
138.542
139.709
140.891
141.86
142.836
142.89
141.951
141.029
140.583
140.384
140.612
140.607
140.802
140.213
145.352
145.307
145.38
145.203
145.458
145.307
145.467
145.204
145.448
145.241
145.454
145.326
145.45
145.231
145.451
145.246
145.416
145.176
145.335
145.193
145.286
145.033
145.088
145.027
145.164
145.094
145.37
145.218
145.38
145.408
145.692
145.548
145.787
145.661
145.789
145.706
145.848
145.689
145.941
145.707
145.954
145.843
145.879
145.863
145.979
145.927
146.134
146.039
146.144
146.06
146.134
146.061
146.092
145.997
146.176
146.093
146.094
146.147
146.266
146.128
146.204
146.142
146.279
146.208
146.383
146.283
146.355
146.269
146.363
146.286
146.369
146.27
146.436
146.308
146.377
146.373
146.441
146.307
146.401
146.421
146.542
146.474
146.559
146.584
146.64
146.588
146.645
146.652
146.737
146.606
146.753
146.706
146.756
146.798
146.751
146.842
146.864
146.87
146.844
146.852
146.965
146.929
146.954
146.997
146.997
146.923
146.96
146.973
147.09
147.074
147.159
141.931
141.895
141.867
141.929
141.944
141.98
141.944
141.943
141.91
141.972
141.956
142.024
141.968
141.968
141.944
142.057
142.116
142.128
142.095
142.103
142.028
142.125
142.156
142.134
142.18
142.176
142.21
142.095
142.236
142.177
142.169
142.154
142.201
142.146
142.089
142.115
142.164
142.08
142.175
142.131
142.236
142.122
142.129
142.07
142.164
142.156
142.203
142.121
142.024
142.093
142.161
142.089
142.202
142.028
142.125
142.008
142.015
141.928
142.105
142.029
142.075
141.937
141.968
141.845
141.972
141.921
142.031
141.91
142.017
141.929
141.962
141.864
142.012
141.776
141.858
141.73
141.821
141.744
141.931
141.722
141.824
141.709
141.84
141.579
141.666
141.506
141.64
141.527
141.546
141.434
141.529
141.324
141.423
141.231
141.314
141.166
141.253
140.88
140.977
140.824
140.886
140.635
140.649
140.416
140.481
140.442
140.542
140.428
145.675
145.262
145.261
144.929
144.864
144.682
144.667
144.574
144.535
144.447
144.705
144.666
144.786
144.786
144.905
144.754
145.03
144.954
145.152
145.055
145.361
145.047
145.249
144.792
144.934
144.038
144.302
144.825
145.505
145.409
145.564
145.472
145.818
145.568
145.611
145.371
145.574
145.471
145.701
145.587
145.774
145.704
145.902
145.8
146.054
146.032
146.264
146.16
146.388
146.195
146.421
146.293
146.503
146.363
146.43
146.241
146.235
146.024
146.244
146.046
146.239
146.017
145.945
145.723
145.871
145.72
145.957
145.712
145.842
145.634
145.718
145.537
145.749
145.601
145.756
145.588
145.733
145.462
145.667
145.596
145.741
145.583
145.741
145.509
145.613
145.554
145.736
145.609
145.734
145.602
145.73
145.542
145.689
145.596
145.72
145.645
145.812
145.664
145.792
145.609
145.81
145.733
145.842
145.712
145.86
145.655
145.89
145.771
145.832
145.784
145.902
145.783
145.902
145.809
145.958
145.866
145.994
145.863
145.961
145.9
146.04
145.987
146.051
145.985
146.056
146
146.123
145.996
146.163
146.052
146.154
146.003
146.08
145.996
146.067
146.009
146.068
146.083
146.242
146.121
146.32
146.245
146.298
146.054
146.16
146.2
146.272
146.226
145.324
144.838
145.314
145.397
145.41
145.307
145.411
145.421
145.412
145.497
145.371
145.514
145.428
145.365
145.592
145.482
145.356
145.387
145.482
145.634
143.781
144.866
144.952
144.59
144.811
144.447
144.505
144.539
144.696
144.764
144.34
144.488
144.921
144.533
144.624
144.95
144.687
144.788
144.624
144.747
145.069
144.572
144.846
144.984
144.763
144.629
144.787
144.834
144.61
145.293
144.999
144.481
145.053
144.885
145.057
145.328
144.85
145.263
145.246
145.129
145.154
144.822
144.969
145.252
145.119
145.112
144.973
144.829
145.048
145.167
145.256
145.472
144.861
145.212
145.341
145.062
144.996
145.452
145.22
144.774
145.157
145.547
145.005
145.149
144.882
145.14
144.939
145.067
144.953
145.071
144.811
145.011
144.909
144.907
144.791
144.962
144.738
145.02
144.77
144.88
144.837
144.893
144.842
144.914
144.73
144.661
144.756
144.806
144.86
144.807
144.725
144.843
144.779
144.859
144.855
144.82
145.047
145.644
145.687
145.627
144.621
144.035
143.589
143.702
142.676
146.499
144.041
142.997
142.606
145.059
147.78
146.498
148.42
148.978
144.925
144.542
142.815
141.265
141.369
142.302
138.793
139.413
139.563
139.201
137.416
134.733
134.8
130.036
127.065
123.485
118.993
115.611
109.06
106.595
103.89
101.927
100.053
98.7238
100.261
99.4515
98.0486
96.8546
95.5445
94.8644
95.0655
96.208
97.5271
99.4005
101.239
103.303
105.13
106.812
107.83
107.799
107.118
106.041
104.561
103.387
101.895
100.229
98.8123
97.8165
97.3508
97.7999
98.6977
100.138
101.087
102.354
103.429
103.937
103.603
102.451
100.009
97.0617
94.0416
91.1537
88.4094
90.8356
88.7092
87.2042
90.7637
89.7851
88.8094
92.3102
91.5512
91.523
95.413
95.6996
95.6217
95.2809
94.5109
93.5544
93.8435
92.2804
90.3207
98.8829
97.1142
95.8146
100.214
98.5837
96.9651
101.975
101.291
100.801
102.95
102.492
101.781
103.774
102.813
102.324
105.075
105.405
105.596
105.356
104.937
104.646
104.131
104.079
104.171
104.224
103.943
103.732
103.522
103.425
102.878
99.7177
99.0803
98.761
98.7029
98.2268
97.4854
99.2439
98.3129
97.6463
97.1174
96.6396
96.3252
95.9246
95.6423
95.3304
97.0468
96.7275
96.5971
98.3252
98.2197
97.9713
98.0531
97.8869
97.9131
97.7549
97.7231
97.7133
97.5645
97.4769
97.4958
97.4318
97.483
97.3674
97.3081
97.0052
96.7682
98.2996
98.2445
98.0863
98.1561
98.6044
99.3302
100.328
101.209
101.598
85.0344
85.7816
86.5964
96.545
96.9483
97.2554
95.0656
95.3189
95.3833
95.2992
95.1583
94.8381
94.5701
94.1459
93.8906
93.648
93.4021
93.2716
95.5547
95.5766
95.6214
95.5098
95.5605
95.4175
95.1527
95.0126
95.0965
95.2067
95.7746
96.0119
96.4991
96.6477
96.6909
94.4342
94.6014
94.6628
94.9678
95.0519
95.3652
95.6548
96.0215
96.1152
93.8006
93.9109
94.1408
94.3815
94.6968
94.948
95.1121
95.245
95.3798
93.1489
93.1866
93.0757
95.2527
95.5272
96.2747
94.3099
94.5607
93.9556
93.1945
92.649
92.2506
94.4031
94.7924
95.4607
96.0892
96.9714
98.8587
97.5305
98.0708
98.5389
98.9007
98.9956
99.4027
98.4521
98.5477
98.3634
100.03
100.478
101.041
99.6393
99.955
99.7708
101.381
101.255
101.383
101.604
101.98
102.325
102.878
103.309
103.967
102.398
103.352
103.984
104.251
104.482
105.042
105.484
105.937
106.396
109.537
110.04
110.409
107.888
107.773
107.042
109.244
109.27
109.624
107.235
107.739
108.406
109.409
109.82
109.97
109.58
108.841
107.867
109.83
108.689
108.078
107.173
106.357
105.889
105.711
105.413
105.056
104.654
103.931
102.72
101.347
99.6199
97.3659
97.6639
95.5618
93.424
95.9834
93.8964
92.4884
91.5857
90.9255
90.1095
93.293
92.8033
92.4478
91.8754
91.4157
90.9862
94.3099
93.6762
93.1018
94.2084
93.2713
92.3426
93.9888
93.0365
92.2427
91.3823
90.4023
89.6121
88.887
88.0624
87.2881
86.6271
85.9877
85.3044
84.7286
84.1174
83.765
83.6002
83.4212
83.4504
83.5675
83.5569
83.7404
83.8304
83.8004
83.7871
83.8671
84
84.0245
84.1566
84.278
84.34
84.2451
84.2593
84.3122
84.13
83.8574
83.3
82.3292
81.425
80.5442
80.1494
79.6397
79.4354
79.2293
79.2594
79.2347
79.3242
80.1589
80.5944
80.8996
81.1098
81.0149
80.6867
80.3294
79.8972
79.4375
79.6062
79.5419
79.6586
79.841
79.9746
80.0762
80.3422
80.4236
80.4324
80.4598
80.5151
80.4346
80.5524
80.1493
79.8087
79.9883
80.4903
81.1158
81.7995
81.8167
81.9742
81.8285
81.3809
81.1365
80.5021
80.2786
80.0068
78.9979
78.4083
77.4007
75.369
73.2422
70.6661
68.9879
67.9283
67.7373
68.3417
69.1088
70.168
70.7105
70.8104
70.7631
70.6773
70.3104
70.2423
69.8278
69.4746
69.0305
69.8668
70.593
71.1944
72.3751
73.7401
74.816
75.6976
76.0593
76.524
76.329
76.308
75.9835
76.0956
76.1806
76.1215
76.2164
76.4486
76.5786
76.8671
77.1444
77.4805
77.7293
78.0487
78.2405
78.6994
78.8668
79.145
79.1402
79.3693
79.5567
79.7516
79.7944
79.9188
80.0052
80.0862
79.8802
79.7927
79.4229
79.1515
78.6416
78.2677
77.717
77.4024
76.8986
76.5891
76.1617
76.1021
75.9176
75.7936
75.1918
74.8705
74.3175
73.7476
73.4119
73.2356
72.744
72.2502
70.8251
69.9489
69.0083
68.5123
68.5111
69.374
70.5504
72.2739
73.345
74.2678
74.862
75.1924
75.3729
75.6386
75.9612
76.5964
76.7981
76.5917
76.2025
76.1188
76.0011
76.1502
76.0902
76.1729
76.2916
76.3016
76.2335
76.2022
75.7557
75.3545
74.5724
73.8502
72.6737
71.895
71.0432
70.6566
70.0741
70.0086
69.912
70.0703
70.0596
70.0942
70.0875
70.3048
70.2927
70.4071
70.4408
70.6135
70.5167
70.3397
70.2917
70.4062
70.2578
70.4407
70.3203
70.3861
70.5119
70.6111
70.6435
70.6239
70.5519
70.5539
70.4154
70.8029
70.517
70.5758
70.9348
71.1328
71.2181
71.7443
72.4513
73.4493
74.3812
75.1024
75.0728
75.1732
75.2429
75.2062
75.3944
75.3894
75.3894
75.5027
75.7556
76.0685
76.2412
76.6381
76.9552
77.442
77.9912
78.6079
79.1648
79.5839
79.6729
79.9244
79.8591
80.0306
80.1919
80.6266
80.9732
81.4912
81.6707
82.0137
82.082
81.9194
81.5557
81.3416
81.3622
81.4579
81.4295
81.1923
80.8009
80.355
79.9672
79.8339
80.1274
80.6101
80.6353
80.4444
80.2952
80.4943
80.8209
80.9449
81.2391
81.9013
82.8784
83.6946
84.104
84.5427
84.7066
85.1942
85.536
85.7663
86.087
86.3278
86.2557
85.7437
84.9996
84.0243
83.4225
82.9486
82.8561
82.9912
84.0271
85.0176
86.6017
87.9719
89.2307
90.3611
91.432
92.3427
92.8681
93.667
94.4339
95.2674
95.8831
97.0472
98.121
99.6785
101.321
102.809
104.232
105.031
105.834
106.443
107.048
107.632
108.124
108.652
109.196
109.323
109.477
109.43
108.978
108.637
108.616
108.82
109.226
109.584
110.243
110.649
111.209
111.105
110.766
110.325
110.633
110.794
111.719
112.67
110.47
111.837
112.84
97.1706
98.015
98.6452
106.271
107.314
108.158
91.8965
92.7749
93.6218
100.476
101.885
102.687
83.5431
83.6027
84.1169
91.9733
92.4675
92.8426
96.4325
95.93
95.2233
94.5953
93.854
93.8211
102.252
102.72
103.123
103.443
103.686
103.616
100.745
100.093
99.0642
105.743
104.289
102.736
113.453
112.51
111.22
116.176
113.3
110.847
112.939
112.471
113.304
115.253
117.293
119.241
120.824
121.952
122.602
101.941
101.297
100.375
115.346
114.142
112.675
116.772
115.1
114.4
113.449
112.826
111.83
110.857
109.769
108.826
108.226
108.229
107.9
107.466
107.525
107.362
107.255
107.433
107.534
107.74
107.585
107.633
107.492
107.23
106.669
105.625
103.772
102.153
100.351
98.9947
97.8844
97.304
96.9089
96.6383
95.6024
94.5373
93.0827
91.7577
90.3319
89.6445
88.9972
88.9674
89.3455
89.7305
89.7459
89.4792
88.8582
88.4869
87.9506
87.5352
86.8501
86.8697
86.9411
87.5848
88.119
88.4727
89.4345
90.799
90.6415
90.4725
89.9293
89.2047
88.5186
87.7772
86.2009
84.7518
82.7233
81.1846
78.6827
76.4339
74.5187
72.6312
70.8241
69.4086
67.8679
66.6952
64.9892
63.4089
61.8438
60.322
59.6066
59.1563
59.6315
61.1852
62.4959
63.7306
64.1582
64.322
64.5562
64.3791
64.6128
65.484
66.4293
67.1015
68.0458
68.6722
69.1708
69.4064
69.4005
69.9366
70.0082
70.2564
70.3875
70.5445
70.5431
70.4933
69.6326
69.263
68.4366
67.5928
66.9799
66.0798
65.3204
64.5299
63.4148
62.7351
62.4861
62.6614
63.007
64.2382
66.0801
67.4865
68.5865
69.5617
70.2653
70.4107
69.9102
69.4715
69.2635
68.9882
69.0345
69.4149
69.9474
70.8844
71.4387
72.1173
72.5169
72.8699
73.4147
73.855
73.8381
73.6522
73.9005
73.8982
74.0668
74.2605
74.567
74.6623
74.7315
74.5486
74.5003
74.3376
74.5954
74.7064
75.1358
75.1927
75.2569
75.298
75.0842
74.7946
74.3792
73.9597
73.6624
73.1596
72.7053
72.4957
72.4699
72.4205
72.6112
72.9026
73.1302
73.1358
73.2643
73.116
73.5074
72.677
72.1047
71.4311
70.92
70.3827
70.4984
70.6853
71.172
71.3442
71.376
71.0217
70.6212
70.105
69.7969
69.4214
69.5616
69.5343
69.6886
69.5841
69.9392
70.0497
70.7749
71.4746
72.5517
73.2288
74.3213
75.1814
75.9304
75.9472
75.9398
75.3896
74.9695
74.0063
73.4005
72.0544
70.609
68.7043
67.5271
66.7801
66.3641
65.6047
65.44
65.1209
65.8527
66.4627
66.8747
67.2512
67.7645
67.924
68.1359
68.4153
68.626
68.3606
68.8436
69.9568
71.4315
71.5713
70.8469
70.1034
70.0836
69.9677
70.1079
70.3878
70.72
71.0242
71.2542
71.4841
72.4812
73.0083
73.9033
73.8765
73.7269
73.2865
72.6555
71.6386
71.0839
70.559
70.556
70.4265
70.5682
70.2486
70.1841
69.7019
69.4532
69.2534
69.3934
69.3355
69.4501
69.3968
69.1961
68.9831
69.1811
69.1539
69.3408
69.3863
69.6869
69.1948
68.6394
67.29
66.1736
65.1239
64.748
64.4791
64.481
64.3981
64.6752
65.0229
65.3606
65.6142
66.0692
66.759
67.5302
68.1166
68.7699
69.1394
69.4261
69.6389
69.7945
69.0525
68.8963
68.087
67.3884
66.8597
67.387
67.5872
67.8103
67.8077
67.898
68.1117
68.0664
67.9678
67.9788
67.7747
67.9121
67.8496
68.054
68.092
68.3464
68.3167
68.6995
68.9389
69.2681
69.5018
69.8567
70.2707
70.7846
71.1127
71.7321
71.8822
72.3946
72.7316
73.506
73.5864
73.8989
74.2049
74.3575
74.4225
74.4101
74.1231
74.5417
74.4218
74.4747
74.3649
74.58
74.8843
75.2599
75.4952
75.5688
75.5925
75.6523
75.7778
75.8082
75.6603
75.2136
74.3472
73.7622
73.0011
72.2275
71.2685
70.7569
70.2587
70.1524
69.8713
69.8845
69.966
70.1587
70.5318
70.7935
71.0141
71.6215
72.2253
72.8874
73.5166
74.2041
74.7909
75.2924
75.8055
76.116
76.2408
76.1809
75.8998
75.6326
75.2044
74.69
74.1412
73.8356
73.7166
73.6615
73.5355
73.2498
73.104
73.3353
73.2881
73.679
73.9536
74.2729
74.6886
75.3013
75.9594
76.3073
76.352
76.2725
76.2847
76.2929
76.5197
76.6001
76.48
76.6593
76.7768
76.7901
76.7497
77.0224
77.0843
77.2866
77.3436
77.5332
77.7253
77.9613
78.2205
78.6137
78.8818
79.3084
79.6083
80.0178
80.1549
80.2679
80.7417
81.4187
82.2989
83.5695
84.2001
83.7101
82.7761
82.1396
81.2951
80.733
80.1586
79.5456
78.7423
78.3008
78.1068
77.8371
77.8305
77.3467
77.2405
76.9319
76.8606
76.4876
76.0343
75.8875
75.5395
75.4302
75.3666
75.2145
75.1595
75.0065
74.6265
74.5281
74.4857
74.6542
74.5997
74.5115
74.2713
73.9372
73.7473
73.7314
73.7771
73.6121
73.2796
73.1349
73.1093
72.8145
72.4738
72.2838
72.0945
72.331
72.5451
73.01
73.4969
74.194
74.947
76.3071
77.2563
77.7984
78.0154
77.8486
77.6756
77.5427
77.228
77.076
76.7608
76.2511
75.7902
75.4076
75.0822
74.7373
74.3262
74.0094
73.7874
73.5057
73.2594
72.8841
72.541
71.867
71.5009
71.1483
71.0032
70.7729
70.4334
70.1836
69.9026
69.8938
70.4562
71.3
72.3348
73.7299
74.6122
75.2286
75.4898
75.5227
75.6083
75.6484
75.8215
75.8418
75.7174
75.7163
75.7516
75.912
76.2402
76.7162
77.3095
78.1108
78.7608
79.4285
80.0345
80.5363
80.8782
80.928
80.8871
80.8385
80.4227
80.338
80.2781
80.0344
79.7774
79.6428
79.5896
79.721
79.7854
79.9257
80.0407
80.2047
80.3446
80.2416
80.1448
80.1891
79.7895
79.4729
79.3904
79.1897
78.8767
78.6029
78.1661
77.6247
77.4183
77.1855
77.2522
77.5916
77.9619
78.5918
78.8023
79.1342
79.2129
79.2239
79.17
79.0237
78.9849
79.0164
79.2197
79.8698
80.6472
81.4144
81.907
82.0149
81.7047
81.5082
81.4526
81.6886
82.0049
82.2892
82.6279
83.1687
83.8599
84.3666
84.585
85.207
85.9814
86.8166
87.6518
88.8048
90.2548
92.0429
94.2431
96.3545
97.8056
98.8298
98.6904
98.2759
97.3726
96.2196
94.2372
92.0253
90.11
88.9096
87.9181
87.108
86.2359
85.7296
85.5478
85.6028
86.0572
86.9549
87.8136
87.8634
87.6965
87.4802
87.1463
86.7517
86.5312
86.2957
85.965
85.4099
85.355
85.4659
85.6397
85.6432
85.0001
83.9761
83.127
82.5824
82.2156
81.9711
82.096
82.515
83.6052
84.5389
84.6172
83.9749
83.1424
82.4151
81.8381
80.8588
79.7398
78.7988
78.2877
78.0933
78.3913
78.84
79.9835
81.724
84.1438
85.8998
87.6489
88.771
89.2644
89.5965
89.8553
89.7538
89.5856
89.2523
88.9056
88.4386
88.3426
88.0415
87.9407
87.7264
87.9767
88.1197
88.3814
88.064
88.0075
87.7845
87.5859
87.0645
86.9274
86.4125
86.295
85.9459
85.9656
85.7968
85.8691
85.7813
85.8035
85.9267
86.0415
86.0051
86.1178
85.857
85.7997
85.5843
85.3244
84.5436
83.9534
82.9338
81.6862
80.7837
80.0002
80.1657
80.8675
82.3084
84.3586
85.5543
85.9062
85.5086
85.3723
84.9151
84.8431
84.4427
84.2957
83.9363
83.772
83.316
82.8356
82.3287
81.5994
81.3426
81.4468
81.5283
81.4034
81.4811
81.6865
81.5285
81.5379
81.7306
82.1318
82.3607
82.7455
82.8311
83.6357
84.1136
84.3751
84.6771
84.7964
84.9057
85.0627
85.1244
85.2875
85.1457
85.0347
84.9245
84.6754
84.2778
84.0575
83.878
83.9227
83.7525
83.643
83.2931
83.2983
83.2607
83.2896
82.9978
82.6836
82.3442
82.2247
82.2142
81.9437
81.6643
81.6378
81.145
80.7031
80.2177
79.6728
79.3086
79.3437
79.224
79.4038
79.3774
79.291
79.1864
79.1738
79.181
79.1323
79.0634
79.0267
78.8595
78.7718
78.5454
78.4311
78.3045
78.1309
77.9884
78.1451
78.1618
78.2397
78.4069
78.7713
78.936
79.167
79.1878
79.1768
78.8244
78.4653
77.7161
77.063
76.5428
76.0937
76.1419
75.9578
76.0149
76.413
77.0061
77.8009
78.4402
78.9131
79.1658
79.2437
79.3025
79.2029
79.2536
79.107
78.9049
78.7598
78.3484
78.4389
78.2084
78.4775
78.3947
78.322
77.991
78.0353
77.4861
77.3243
76.9061
76.389
75.773
75.4114
75.096
74.629
74.5237
74.3656
74.2056
74.1968
74.0954
74.4352
74.9565
75.6556
76.4879
77.1272
77.2956
77.2662
76.8132
76.3664
75.8452
75.6353
75.5699
75.5064
75.695
76.0391
76.3166
76.6962
76.8338
76.8568
76.8635
76.7707
76.2611
75.873
75.3399
75.2604
75.1468
75.266
75.1361
75.2087
75.2121
75.1873
75.3114
75.5825
75.7765
75.8969
75.7482
75.6856
75.6713
75.4242
75.4915
75.4568
75.7139
75.7731
75.8832
76.2351
76.6778
77.0446
77.2111
77.5416
77.7322
78.1064
78.6158
78.8314
79.3359
79.7438
80.1779
80.9721
81.6675
82.5699
83.4856
83.9739
83.6883
83.1627
82.7997
82.2876
82.0008
81.2137
80.7124
79.954
79.1664
78.4054
77.8708
77.1037
76.3941
75.7942
75.3953
75.0871
74.7521
74.4838
74.2988
74.0483
73.9184
73.1005
71.924
71.0218
70.5695
69.9689
69.2621
67.9353
67.2397
66.7616
66.0885
65.7133
65.2426
65.3322
65.6358
65.5817
65.7054
65.62
65.7114
65.8607
66.1402
66.2417
66.5009
66.5645
66.6868
66.6995
66.8701
66.9477
67.1854
67.2932
67.6193
67.8268
67.9268
67.9478
68.0617
68.0164
68.141
68.2351
68.7552
68.8811
68.7628
68.4848
68.0915
67.7916
67.4601
67.3997
67.4732
67.3648
67.3821
67.1935
67.3125
67.1761
67.1993
67.1417
67.2643
67.2047
67.3147
67.25
67.4072
67.6417
67.8667
67.9747
68.2072
68.5033
68.8637
69.5298
70.1843
70.532
71.2282
71.711
72.2965
72.8271
73.0779
73.3791
73.5408
73.8595
74.4167
74.6668
74.9051
74.9276
75.3029
75.4205
75.4836
75.5233
75.7322
75.916
76.4942
76.8273
77.7937
78.1417
78.3643
78.3098
78.0886
77.7879
77.1486
76.3774
76.0174
75.6792
75.6747
75.5534
75.6505
75.5409
75.636
75.4976
75.6952
76.0417
76.4883
76.7736
77.0556
77.2375
78.2159
78.9372
79.6645
79.7073
79.7987
79.2932
78.9198
78.474
78.202
77.5971
77.4383
77.14
77.0021
76.6161
76.3189
75.7351
75.4787
74.868
74.5432
74.0037
73.6246
73.3493
73.318
73.3448
73.4996
73.4446
73.5518
73.5443
73.5499
73.7356
74.0475
74.3026
74.7991
75.1823
75.5552
75.593
76.3017
76.6857
77.1649
78.1204
79.1021
79.8002
80.1606
80.03
79.9881
79.7961
79.755
79.5943
79.6801
79.7988
80.0284
79.9885
80.1699
80.3251
80.675
80.694
80.7049
80.3485
80.2484
80.3226
80.2229
79.9814
79.8796
79.6225
79.4353
79.1204
79.0245
78.9019
78.9657
79.0372
79.5998
80.3721
81.0395
81.5389
81.973
82.0562
82.1493
82.0511
82.106
82.0155
82.088
82.1118
82.1672
82.361
82.8683
82.9162
83.0145
83.0475
82.6773
82.2562
81.9784
81.3672
80.7457
80.0016
79.5388
78.9741
78.4484
77.8528
77.4924
77.0184
76.6171
76.132
75.8839
75.3749
74.7288
74.1104
73.5292
72.7166
71.9824
71.2191
71.2154
71.5237
71.8542
71.9346
72.0584
72.4371
72.6739
72.887
73.6871
74.3198
75.2236
76.2073
77.2214
77.7163
77.9662
77.8618
77.8255
77.8666
77.7172
77.4708
77.446
77.4512
77.5768
77.3911
77.6839
77.6627
77.6786
77.6444
77.8264
78.002
78.3963
78.5718
78.7166
78.8649
78.9635
79.1284
79.4565
79.3329
79.4976
79.4523
79.4275
79.3116
79.2218
78.9804
78.8205
78.5265
78.3695
77.9308
77.4994
77.1262
76.7736
76.3904
76.2345
76.1172
76.1136
76.1807
76.5105
76.6689
77.0097
77.244
77.7363
78.0988
78.3483
78.5905
78.902
79.1013
79.3759
79.7077
80.0915
80.4874
80.7464
80.9001
80.9983
80.9484
80.689
80.498
80.316
79.9766
79.9081
79.463
79.18
78.809
78.5027
78.1647
77.8741
77.7134
77.6534
77.48
77.2938
76.9944
76.7354
76.3227
76.0165
75.6353
75.3549
75.0052
74.8654
74.5687
74.5305
74.2445
74.1003
73.8847
73.6751
73.4402
73.266
73.0211
73.0321
73.1489
73.5745
73.9002
73.862
73.3894
72.9178
72.5512
72.2585
72.039
72.0369
71.9523
72.0066
72.1922
72.2106
72.0248
71.938
71.7118
71.5145
71.3385
71.2019
71.2676
71.4425
71.4171
71.5239
71.6041
71.6443
71.4582
71.3148
71.3633
71.3677
71.3342
71.3636
71.3811
71.4438
71.5131
71.8444
71.8302
71.9877
72.143
72.2758
72.3443
72.4115
72.4655
72.8093
72.953
72.9798
72.9809
72.8925
72.9366
72.9066
73.029
72.9952
72.81
73.0552
72.9672
72.8538
72.7968
72.786
72.8979
72.9033
72.9725
73.4631
73.9696
74.5317
74.5292
74.6922
74.7699
74.7956
74.813
74.9027
75.1156
75.2902
75.4471
75.3974
75.5469
75.4974
75.53
75.4762
75.4861
75.568
75.9938
76.4173
76.6197
76.8876
76.8974
77.1433
77.2412
77.1609
77.3397
77.5343
77.709
77.9015
78.1339
78.4201
78.7269
78.8715
78.9424
78.8918
78.8514
78.9675
79.1652
79.1764
79.2778
78.9899
78.8168
78.487
78.3268
78.5696
79.0663
79.408
79.9687
80.4208
80.8504
81.0688
81.0062
80.9661
81.0681
81.1243
81.3051
81.4522
81.5016
81.6895
81.6991
81.7619
81.9287
81.955
81.7883
81.4725
81.3307
81.3096
81.3086
81.4838
81.5916
81.6836
81.7036
81.8934
81.8905
82.0043
81.9605
81.89
81.9757
81.843
81.814
81.8553
82
81.8065
81.9629
82.0663
82.3312
82.471
82.4751
82.725
83.2711
83.6607
84.0693
84.2876
84.4944
84.6963
84.6329
84.7269
84.6471
84.4625
84.3704
84.2923
84.1987
84.1308
84.1914
84.1266
84.2203
84.208
84.1132
84.1553
84.0743
84.001
84.0984
84.1217
84.2113
83.9849
83.9294
83.8092
83.8229
83.7767
83.804
83.8291
83.9356
84.1613
84.4872
84.4981
84.5792
84.5694
84.6714
84.6338
84.7036
84.7066
84.8575
85.0033
85.3065
85.4349
85.6921
85.7953
85.9398
86.11
86.2978
86.364
86.4494
86.5599
86.5843
86.5422
86.8121
87.0245
87.5184
87.6634
87.9793
88.1061
88.4268
88.675
88.8958
89.0054
89.1969
89.2933
89.5315
89.4738
89.648
89.6402
89.7784
89.7943
89.8688
89.8787
90.0158
89.9924
90.0565
90.0866
90.1696
90.0969
90.1164
89.9852
89.9874
89.8852
90.2286
90.4702
90.7591
91.0454
91.4682
91.6955
91.8504
91.8732
92.1958
92.4344
92.7332
92.7534
93.1301
93.3805
94.1541
94.9633
96.2769
97.0429
97.7439
98.3214
99.065
99.4778
96.9504
97.1595
97.4036
97.5275
97.8798
97.855
96.3904
96.6644
96.646
96.6594
97.1255
97.5288
96.2692
96.4816
96.8047
97.0933
96.9678
96.9482
96.9617
96.731
96.5597
96.565
96.6902
96.9983
97.347
97.7614
98.5055
99.1555
99.6541
100.108
98.6026
98.7191
99.0603
97.5802
98.035
98.5245
96.526
96.6532
96.8507
96.6288
96.3645
95.5944
94.9452
94.2829
93.8101
93.3473
92.5102
90.7187
93.7508
92.9145
91.9429
96.4563
95.4829
94.7712
97.1466
96.0079
95.6161
95.4184
95.7479
95.9826
96.2338
96.3236
96.4825
96.783
97.0767
97.3064
97.5291
97.6471
97.8026
97.6929
97.7331
97.5753
97.5925
97.5244
97.5778
97.4316
97.2498
96.9753
96.8105
96.4563
96.2394
95.9662
95.7889
95.5551
95.3985
95.2321
95.126
94.9971
95.1105
95.1189
95.2919
95.2607
95.4821
95.429
95.6874
95.7179
95.6404
95.2384
94.8651
93.9368
92.8954
92.0145
91.7636
91.5132
91.5713
91.7706
92.0733
92.3617
92.6599
92.8937
92.9273
92.3337
91.3432
90.6952
90.2081
89.4905
89.2332
89.1285
89.4405
89.4921
89.5553
89.5321
89.666
89.7016
89.834
89.902
90.03
89.9184
89.8134
89.6282
89.3635
88.742
87.577
86.9336
86.9321
86.4285
86.0877
85.8768
85.8361
86.2142
86.6482
86.9461
87.2384
87.3198
87.2756
87.4956
87.5699
87.4397
87.5906
87.8504
87.707
87.8657
87.8175
87.8443
87.8517
87.6692
87.1911
86.6661
86.1391
85.6157
85.0802
84.9214
84.658
84.4643
84.2743
84.0029
83.6389
83.3629
82.9488
82.6699
82.0022
81.4176
80.7059
80.4501
80.1533
79.9182
79.7014
79.5552
79.7199
79.729
79.7501
79.8473
79.9239
79.9488
79.9932
80.0433
80.0431
79.8715
79.7803
79.7413
79.8392
79.9719
80.0673
80.3565
80.8287
81.1477
81.8424
82.4696
82.7563
82.46
81.8725
81.1437
80.1425
79.3725
79.3586
79.4391
79.5123
79.3815
79.1912
79.151
79.0213
79.0807
78.9597
79.1613
79.2189
79.6364
79.9703
80.1647
80.3286
80.502
80.2974
80.2851
80.1628
80.1261
80.1371
80.1349
80.2284
80.3987
80.4237
80.5617
80.631
80.7234
80.6781
80.8287
80.8313
80.7723
80.7013
80.8761
80.856
80.9449
80.9721
81.1091
81.0399
81.1174
81.0082
81.0099
80.977
81.1529
81.0014
80.9472
80.8406
80.6646
80.5366
80.5529
80.4869
80.5734
80.7877
81.1161
81.3655
81.7257
81.9404
82.2821
82.5488
82.6347
82.5648
82.5669
82.7782
83.2563
83.5998
83.9268
84.0682
84.1795
83.9391
83.6133
83.3704
83.2766
82.9274
82.8944
82.6837
82.883
83.1659
83.4257
83.6128
84.2059
84.3361
84.6369
84.8928
85.2493
85.6075
86.0677
86.3289
86.6764
86.9528
87.0844
87.0361
86.9657
86.859
86.9066
87.1104
87.5176
87.6211
87.6661
87.5235
87.444
87.3969
87.3409
87.3243
87.5258
87.6471
87.8739
88.0136
88.541
88.9395
89.5897
90.0358
90.2148
90.4665
90.2943
89.8722
89.7479
89.583
89.5257
89.3048
89.3725
88.955
89.1289
88.7836
88.9898
88.8237
88.5962
88.3378
88.3303
88.3448
89.0171
89.1542
89.7324
89.853
90.8016
91.4773
92.3572
93.4147
94.5348
95.2908
95.9599
96.2517
96.6314
96.7464
96.8029
96.8502
96.8902
96.7694
97.1776
97.3123
97.4704
97.4567
97.539
97.4912
97.6925
97.9195
98.2899
97.2162
97.6013
97.8522
98.6894
99.61
100.938
98.5878
99.8689
100.99
85.0701
85.6925
86.2459
95.7886
96.3271
96.8712
94.9368
94.8065
94.6552
94.5666
94.6093
94.7296
94.9733
95.2171
95.6404
93.72
94.3037
94.7542
95.2429
95.4583
95.8111
96.0016
96.4046
96.6249
97.1547
97.8623
98.5967
96.9744
97.5372
98.2028
96.0116
96.2481
96.5352
99.7191
100.046
100.114
100.77
101.172
101.899
102.147
102.669
103.225
103.859
104.114
104.703
104.629
104.399
104.452
104.551
103.956
103.419
108.877
108.807
108.174
107.717
107.496
107.577
108.436
110.303
111.993
110.678
111.862
113.497
93.9466
95.0514
95.801
103.491
103.835
104.935
103.563
106.163
109.432
94.0828
97.4596
99.7427
94.4527
93.9981
93.4657
92.8912
92.8659
93.0467
93.4229
93.8976
94.4639
95.5937
96.5989
97.9124
96.9738
98.7571
101.04
100.537
103.068
105.418
107.308
109.128
110.229
107.823
107.93
108.363
109.209
110.319
111.292
112.594
114.037
115.652
115.457
115.125
114.691
115.307
115.799
117.082
118.912
121.519
123.221
124.297
125.066
125.779
129.907
130.212
130.458
131.829
133.506
135.137
135.811
137.382
138.846
139.741
139.743
138.88
137.259
135.699
134.101
132.87
131.679
131.395
131.774
132.283
132.665
133.214
133.4
133.727
133.707
134.148
134.499
134.822
135.285
136.258
137.24
138.469
139.036
139.196
137.711
136.847
136.532
137.129
139.13
142.149
144.572
140.836
141.942
141.537
137.874
132.192
130.716
133.607
128.396
127.302
128.033
128.052
127.964
127.927
127.927
128.028
127.783
128.077
128.025
128.049
128.049