110.465
109.825
109.863
109.851
109.884
110.057
109.879
109.951
109.873
109.939
109.939
109.946
110
109.944
109.972
110.026
109.919
110.065
109.954
110.039
110.027
110
110.032
110.002
110.056
110.168
110.06
110.095
110.005
110.098
110.142
110.049
110.122
110.105
110.078
110.128
110.106
110.113
110.108
110.103
110.109
110.161
110.262
110.182
110.187
110.162
110.208
110.14
110.156
110.219
110.199
110.144
110.213
110.18
110.206
110.182
110.158
110.338
110.146
110.183
110.356
110.2
110.157
110.218
110.151
110.242
110.215
110.22
110.226
110.289
110.248
110.223
110.336
110.24
110.372
110.26
110.318
110.302
110.194
110.186
110.294
110.372
110.528
110.434
110.272
110.542
110.445
110.7
110.505
110.415
110.342
110.166
109.828
109.612
109.334
109.346
109.41
109.773
109.809
109.814
109.63
109.572
109.437
109.45
109.351
109.206
109.089
108.958
108.946
108.686
108.634
108.671
109.005
108.957
108.868
108.793
108.782
108.797
108.859
109.027
109.366
110.019
110.65
110.962
110.769
111.286
111.772
110.528
110.526
110.543
109.566
109.397
109.361
108.98
108.89
108.332
110.355
109.966
109.498
110
109.713
109.338
109.824
109.616
109.381
109.836
109.567
109.335
109.21
109.149
109.254
109.472
109.662
109.76
109.763
109.809
109.81
108.87
108.737
108.692
109.444
109.273
109.167
108.995
108.773
108.675
109.281
109.309
109.218
109.207
109.376
109.703
109.805
109.848
109.936
109.822
109.758
109.66
109.47
109.301
109.123
109.63
109.56
109.331
109.112
108.926
108.665
109.3
109.26
109.218
109.187
109.194
109.241
109.275
109.563
109.498
109.585
109.734
109.64
109.639
109.76
109.598
109.684
109.577
109.373
109.332
109.485
109.449
109.513
109.598
109.662
109.83
109.898
110.113
110.407
110.675
111.003
111.336
111.542
111.574
111.757
111.906
111.878
111.081
111
111.001
111.549
111.475
111.648
111.787
112.04
112.329
112.558
112.603
113.086
113.303
113.673
113.897
114.225
114.494
114.53
114.637
114.898
115.142
115.626
116.285
117.09
117.776
118.71
119.735
119.921
120.873
121.769
122.616
123.352
124.278
124.857
125.385
125.9
126.505
126.929
127.591
127.876
128.253
128.544
128.442
128.617
129.048
129.741
129.549
129.112
128.627
128.068
127.328
126.722
126.476
126.647
128.094
128.033
128.256
129.494
129.68
130.086
130.311
130.744
131.129
131.411
131.661
131.635
130.894
129.964
129.149
129.63
128.986
128.6
128.951
128.609
128.233
128.062
127.825
127.735
127.073
126.835
126.792
126.677
126.409
125.906
125.253
124.494
123.644
122.643
121.423
120.138
119.732
118.055
116.152
115.142
113.064
110.814
111.591
109.892
108.208
109.312
108.729
107.048
106.514
105.704
104.415
104.289
103.728
103.095
103.016
102.982
103.004
103.855
103.63
103.453
103.816
103.552
103.144
102.703
102.198
101.638
100.861
100.009
99.1707
98.6316
98.639
98.8144
99.0858
99.323
99.7409
100.139
100.413
100.379
100.214
99.8183
99.3493
98.831
98.4349
97.5696
96.2865
95.1816
93.8759
96.5476
95.7158
95.3003
94.8695
94.5723
94.2629
96.9975
97.211
98.2586
100.106
102.291
104.682
106.474
108.112
109.5
110.521
111.383
112.212
112.837
113.499
114.196
114.886
115.54
116.39
111.575
112.058
112.444
112.742
112.657
112.075
117.336
116.975
116.609
116.109
115.608
114.754
113.272
111.502
109.9
103.11
102.09
101.39
101.213
101.159
101.019
100.93
100.761
100.593
100.621
100.737
100.958
100.959
100.846
100.511
100.189
99.9317
99.6596
99.463
99.2227
98.9559
98.5895
97.4322
95.2264
88.7049
86.2477
84.1962
83.772
83.2786
82.8122
79.3904
80.5044
80.3009
79.0606
80.9504
81.4826
81.2769
80.5204
79.7622
78.3585
79.5251
80.8645
81.5106
83.7115
87.391
90.9553
94.8861
97.5513
97.8091
99.9152
101.749
103.305
105.05
106.026
105.327
105.868
106.776
107.182
108.268
109.513
110.421
110.609
110.409
111.868
112.817
113.626
114.229
114.729
115.179
115.934
116.77
117.617
117.464
118.309
119.132
118.531
118.853
118.22
117.955
117.889
117.825
118.409
117.314
115.902
114.116
112.279
111.19
111.749
111.335
110.755
111.882
111.902
111.748
110.075
110.052
109.848
111.388
111.311
111.065
110.978
111.376
111.926
113.073
114.261
115.498
114.531
115.389
116.073
116.596
116.618
116.566
116.338
115.449
114.469
115.223
114.451
114.028
115.32
115.058
115.054
115.414
116.221
117.496
116.509
117.885
118.618
117.192
117.256
117.26
116.671
115.74
114.731
113.846
113.116
112.539
112.737
112.235
111.932
111.677
111.361
111.15
111.637
111.436
111.24
111.011
110.978
111.009
110.295
110.226
109.976
109.889
110.007
110.578
111.324
112.365
113.182
113.938
114.3
114.392
114.424
114.366
114.256
114.089
113.865
113.657
113.299
113.239
113.521
115.688
116.039
116.585
116.936
117.03
116.873
116.267
115.389
114.236
113.028
111.474
109.465
109.192
108.138
107.776
109.091
109.764
110.404
109.769
110.3
110.538
110.646
111.01
111.387
110.225
110.475
110.49
110.429
110.254
109.947
109.736
108.931
107.927
106.612
105.024
103.61
106.348
105.994
105.693
105.577
105.337
105.111
105.128
104.821
104.35
103.464
102.329
100.914
99.966
99.4472
98.9976
98.4618
97.9553
97.494
97.1131
96.8755
96.7592
96.7617
96.8243
96.7366
98.4375
98.555
98.5862
98.6602
98.7025
98.7939
98.7381
98.9243
99.1201
99.931
100.831
102.283
105.285
106.908
108.462
111.623
113.283
114.801
114.389
115.797
117.058
116.526
117.445
118.298
117.519
118.19
118.629
119.163
119.284
119.4
119.481
119.73
119.993
120.201
120.389
120.612
120.827
120.881
120.765
120.475
119.851
119.469
118.771
117.939
116.698
116.671
115.496
114.361
113.834
113.564
113.481
113.48
113.609
113.646
113.304
112.966
112.467
112.101
111.383
110.851
110.329
109.726
109.178
108.599
107.75
106.745
105.566
104.049
102.053
99.7524
97.6035
95.2728
93.7157
91.718
89.9375
89.474
88.1863
87.1327
88.0679
87.4368
86.4095
87.0532
87.8586
89.4914
88.9802
90.644
92.3831
92.2569
93.2029
93.4619
94.0529
95.4696
97.3017
99.3483
101.774
104.386
106.356
107.903
109.096
109.643
109.879
109.695
108.783
108.242
107.89
108.893
109.066
109.177
110.497
111.159
112.019
112.556
113.171
113.717
114.053
114.314
114.645
116.575
116.62
116.198
115.677
115.229
114.562
113.571
112.389
111.136
109.688
108.773
107.788
108.716
108.344
108.183
107.888
107.624
106.883
106.028
105.206
104.197
102.836
101.44
99.8125
98.4062
97.5068
96.9041
96.7744
97.1556
98.1343
99.7384
101.966
104.745
107.283
109.846
110.763
112.899
112.975
112.604
116.054
117.112
116.843
116.265
116.227
116.41
116.306
116.467
116.972
121.231
122.735
124.059
125.514
127.287
128.795
130.305
131.442
131.943
125.203
123.747
124.198
124.541
124.58
124.919
122.652
122.615
123.085
121.744
122.308
122.51
122.404
121.676
120.675
121.275
120.384
120.054
123.561
124.747
125.353
122.782
123.055
124.291
123.65
125.011
126.053
124.767
125.805
126.668
125.901
126.789
127.69
127.264
128.269
129.269
130.283
131.122
131.837
130.28
130.838
131.2
133.514
134.016
134.805
134.84
135.074
135.299
133.525
134.008
134.032
134.038
134.077
133.934
133.631
133.394
133.11
132.869
132.729
132.534
132.439
132.271
132.016
131.89
131.727
131.122
132.479
131.549
130.822
132.484
132.406
132.725
134.475
134.457
134.306
133.875
133.604
133.125
134.182
133.526
132.91
132.56
132.594
132.787
134.899
135.026
134.944
135.147
134.745
134.311
133.821
133.483
133.067
134.664
134.155
133.424
135.304
134.817
134.121
136.273
136.678
136.581
136.485
136.276
136.171
138.256
139.275
139.183
136.954
135.982
136.279
136.258
136.293
136.13
135.795
135.991
136.254
133.484
131.997
131.003
132.442
132.251
130.862
133.153
133.013
130.913
131.72
131.884
131.162
131.038
130.041
129.293
128.87
128.77
130.021
130.708
130.753
130.269
100.791
99.5617
100.416
109.792
110.438
111.663
110.92
111.474
111.832
112.025
111.596
111.133
111.652
111.215
111.539
112.221
112.682
112.95
113.555
115.379
116.938
118.4
120.558
121.539
119.781
119.743
119.392
119.021
116.066
113.778
112.916
110.792
109.184
110.078
108.863
107.729
107.505
107.082
107.261
108.271
108.57
108.796
108.273
107.952
107.042
105.796
104.676
103.793
103.19
102.903
103.39
104.349
105.608
106.664
107.633
108.21
109.043
109.323
109.586
110.229
110.935
111.371
112.056
112.644
112.996
113.305
112.762
112.803
112.668
113.521
113.74
113.836
114.017
114.296
114.439
114.652
114.704
115.074
115.428
115.652
115.922
116.403
116.691
117.183
118.27
118.979
119.388
119.706
119.818
119.662
120.428
119.966
120.316
120.101
120.771
121.791
122.834
123.807
124.625
126.36
127.11
127.833
128.43
129.119
129.448
129.778
129.842
130.343
130.62
131.031
131.433
131.869
132.655
133.245
133.287
132.74
131.811
131.383
130.591
130.317
130.341
130.136
130.914
131.684
132.582
133.334
133.251
133.208
132.554
131.476
130.723
129.416
128.86
127.778
126.053
125.3
123.792
121.944
119.515
116.025
110.688
105.517
102.798
100.169
97.5106
96.3701
95.9827
95.4762
95.2523
94.5864
92.6563
91.7388
91.3362
92.6
92.2793
92.667
93.0624
93.5707
93.9571
93.2668
93.9722
94.1861
94.1547
94.1851
94.1736
94.2153
94.2534
94.3364
94.672
94.8221
95.0865
95.4766
96.1953
96.9663
97.6917
98.6917
99.1599
99.2891
99.1783
98.9944
98.8773
98.9155
99.2461
99.716
100.089
100.263
100.351
100.618
100.852
100.449
100.496
100.112
99.4861
98.7007
97.8939
97.2881
96.4707
95.8719
96.1849
96.3936
96.8356
97.2643
97.63
97.9559
98.4702
98.6885
99.1054
99.2991
99.4965
99.7759
101.591
101.026
101.031
101.224
101.535
101.816
101.898
102.295
102.293
102.485
102.887
103.322
103.794
104.605
105.388
106.313
106.873
107.107
107.122
107.88
107.801
107.144
106.768
106.522
105.975
106.124
105.699
105.437
104.576
104.408
104.484
104.687
105.222
105.635
105.976
106.321
106.514
107.742
108.617
109.657
110.032
110.007
109.635
109.467
108.996
108.703
108.189
107.861
107.527
107.31
107.21
106.965
107.389
107.998
108.663
109.49
109.988
110.054
109.995
109.525
109.105
108.493
107.607
106.789
105.561
103.753
102.114
100.584
99.2897
98.1494
97.2296
97.1139
96.4033
96.6281
96.7972
97.0074
97.7846
97.9796
97.4902
98.1789
98.0952
98.1948
98.6712
98.1757
97.7769
98.0702
98.056
97.9819
98.3373
98.1932
97.3048
97.5937
97.8364
97.7051
97.7841
97.632
97.4309
97.5647
97.7474
98.0064
98.1186
98.4258
99.2995
100.23
100.936
101.322
101.825
102.308
103.207
103.755
104.213
104.656
105.008
104.991
105.281
105.861
107.043
108.143
109.132
109.509
109.58
110.249
110.66
111.136
112.092
113.115
114.127
115.162
116.068
115.281
115.373
115.193
114.491
114.029
113.473
112.943
112.627
112.415
112.597
112.608
112.592
112.589
112.665
112.657
112.731
112.757
112.949
113.1
113.212
113.257
113.219
113.113
112.96
112.767
112.865
112.839
112.981
113.205
113.326
113.97
114.232
114.96
117.528
118.28
118.105
119.921
119.105
118.114
123.045
124.959
124.268
123.871
123.572
122.998
122.891
123.021
124.107
139.315
140.403
140.847
141.577
142.8
143.469
136.839
137.18
137.472
137.583
137.362
137.252
136.772
136.072
136.027
136.2
136.45
136.936
131.122
131.734
132.28
132.848
133.497
133.892
134.268
134.435
134.596
134.593
134.527
134.866
132.133
131.31
131.628
134.617
136.118
136.317
133.079
131.665
131.16
132.997
133.538
132.954
132.273
132.022
132.272
132.606
133.31
134.122
129.907
129.127
129.908
129.318
129.59
130.402
129.988
130.603
131.361
130.704
131.795
132.958
132.188
133.78
135.133
136.269
136.541
136.533
136.243
135.858
135.626
133.417
133.299
133.773
134.87
136.31
137.747
138.844
139.964
140.952
139.398
140.074
140.626
141.125
141.241
140.878
140.174
139.324
138.283
137.379
137.025
136.789
138.774
138.509
138.104
137.629
136.893
136.391
135.669
135.042
134.7
136.41
135.816
134.662
135.721
135.251
134.897
136.697
136.264
136.289
137.332
137.54
137.205
140.942
141.096
139.452
138.165
135.387
132.228
130.31
128.629
126.609
124.711
123.037
121.777
120.375
119.27
118.565
119.154
120.728
122.645
99.5165
98.9834
100.229
111.938
112.408
113.184
110.514
112.202
114.058
113.146
113.776
114.372
112.121
112.663
113.117
111.688
111.787
111.716
110.154
110.194
110.304
110.312
110.221
110.242
110.047
109.713
109.316
110.261
109.715
109.079
111.587
111.167
110.834
111.851
111.798
111.742
113.285
113.619
113.945
114.291
114.557
114.747
113.775
115.179
116.459
114.367
115.408
115.337
113.745
113.782
114.281
114.476
114.157
113.107
111.76
110.322
109.279
108.277
107.147
106.348
108.088
107.621
107.206
109.647
109.582
109.579
109.96
110.068
110.021
107.477
107.218
106.936
105.582
105.503
105.562
105.425
105.283
105.306
106.332
106.364
106.474
106.627
106.649
106.713
106.792
106.74
106.694
107.814
107.832
107.735
107.883
107.901
107.916
107.952
107.988
108.111
107.03
107.153
107.41
107.399
107.605
107.725
108.849
108.909
108.89
109.885
109.775
109.638
110.875
110.639
110.376
111.367
111.218
111.005
112.086
112.13
112.227
112.233
112.325
112.245
112.198
112.026
111.993
111.811
111.735
111.523
112.607
112.251
112.055
114.591
114.157
113.785
114.986
114.783
114.748
114.745
114.961
115.061
113.979
114.231
114.534
111.084
111.605
112.099
111.277
111.713
112.129
109.762
110.244
110.67
110.984
111.564
112.11
111.404
112.268
112.83
112.051
112.786
113.34
112.191
112.822
112.951
111.536
111.836
111.881
113.026
112.945
112.628
113.903
113.441
113.23
114.416
114.186
114.169
115.736
115.606
115.88
115.943
116.256
116.267
116.273
116.241
116.295
116.379
116.472
116.169
116.164
116.274
116.305
116.368
116.416
116.288
117.901
117.857
117.772
119.421
119.303
119.072
117.647
117.645
117.71
117.84
117.869
117.887
119.59
119.307
119.429
119.235
119.098
118.909
118.737
118.533
118.488
118.443
118.468
118.296
118.267
118.119
118.03
117.807
117.809
117.601
118.891
118.907
118.757
118.568
118.211
117.901
118.892
118.668
118.58
119.775
119.789
119.769
121.172
121.201
121.322
121.528
121.642
121.774
121.823
121.724
121.745
123.006
123.054
122.991
123.107
123.128
123.252
123.223
123.269
123.192
123.302
123.249
123.424
123.413
123.59
123.572
123.627
123.716
123.624
125.158
125.246
125.394
127.089
127.258
127.607
126.055
126.399
126.333
126.285
126.199
126.133
125.991
125.856
125.767
125.73
125.73
125.8
126.394
127.086
127.587
124.754
125.542
125.958
124.092
124.272
124.358
122.108
122.014
121.832
123.782
123.749
123.889
123.862
123.778
123.954
123.99
124.114
124.36
126.453
126.735
127.085
127.322
127.56
126.645
125.087
123.452
121.664
120.165
118.879
117.574
117.97
117.417
116.887
116.457
116.148
115.78
116.842
116.159
115.658
115.914
115.092
114.206
118.344
117.318
117.058
121.784
123.004
123.079
123.316
123.574
123.916
141.57
141.963
142.318
142.559
142.66
142.56
142.349
142.025
141.702
141.191
140.631
140.123
139.636
139.166
138.76
138.465
138.236
138.018
143.811
143.624
143.51
137.57
137.593
137.667
137.849
137.98
138.135
133.347
133.667
133.98
134.217
134.348
134.674
129.583
129.986
130.517
131.082
131.63
132.292
127.812
128.556
129.274
130.08
130.804
131.387
106.558
107.348
107.603
126.169
125.259
125.184
126.8
126.802
126.923
127.242
127.32
127.503
127.712
127.93
128.345
126.884
127.096
127.115
125.394
125.474
125.382
125.23
124.97
124.476
124.04
123.513
123.143
122.809
122.38
122.086
120.229
119.959
119.552
118.978
118.25
117.579
117.225
117.429
117.666
115.064
116.01
116.937
115.152
116.199
117.097
113.751
114.019
113.655
113.016
112.14
111.353
111.394
110.76
110.206
112.037
111.449
110.968
111.689
111.119
110.67
113.213
112.332
112.079
114.912
114.707
114.972
115.053
115.071
115.107
116.434
116.93
117.415
116.439
117.384
118.823
118.11
119.58
120.631
119.616
120.549
121.532
120.115
119.932
119.457
120.2
119.299
118.5
119.409
119.089
118.693
121.8
121.09
120.749
121.871
121.489
122.139
123.011
123.955
124.889
122.129
122.791
122.977
121.83
121.952
122.098
122.071
121.929
121.786
121.483
120.828
119.996
122.48
121.612
121.178
125.952
125.466
125.284
126.794
126.605
126.613
126.868
127.305
127.642
126.132
126.481
126.721
123.743
124.115
124.252
124.438
124.555
124.622
124.78
124.845
124.857
124.917
125.119
125.177
125.291
125.382
125.598
125.793
126.013
126.145
124.842
125.129
125.382
126.777
127.008
127.226
127.336
127.598
128.115
126.969
127.787
128.322
125.36
126.158
126.965
125.725
126.272
126.176
119.247
119.515
119.413
117.532
117.428
117.32
118.617
118.571
118.859
117.441
117.73
117.966
114.835
115.175
115.724
114.32
114.998
114.874
111.273
111.121
110.967
110.848
110.931
110.931
111.198
111.401
111.817
108.764
108.938
108.744
108.742
108.892
109.141
109.735
110.349
110.506
108.968
108.802
108.486
109.248
109.057
108.915
110.851
110.883
110.958
109.278
109.293
108.763
109.404
108.16
107.442
107.752
106.766
106.306
107.521
107.498
107.692
108.925
108.9
108.903
110.463
110.839
111.521
111.043
112.066
113.155
112.264
113.248
114.068
112.517
112.737
112.452
110.56
109.772
109.189
110.921
110.487
110.058
110.942
110.791
110.649
111.324
111.029
110.639
111.621
110.952
110.221
111.468
110.838
110.22
110.675
110.158
109.675
110.259
109.655
109.058
109.387
108.69
108.066
109.194
108.393
107.518
107.626
106.693
106.043
106.299
105.634
104.881
105.321
104.565
104.005
105.958
105.433
105.084
106.107
105.941
105.849
106.983
106.8
106.611
106.284
105.691
105.365
105.158
105.092
104.989
103.959
104.16
104.635
101.622
102.528
103.232
102.016
102.501
102.486
104.334
104.52
105.515
108.324
110.337
112.384
110.057
112.222
113.714
95.937
95.946
95.9332
130.775
132.633
134.037
137.83
139.11
139.624
139.786
140.33
141.151
142.342
143.758
145.463
146.953
148.825
151.362
154.418
156.798
158.871
155.912
155.735
156.029
156.413
158.229
160.9
164.547
164.862
163.497
162.304
163.364
165.402
163.887
163.155
161.436
160.492
160.229
161.495
161.181
161.236
160.826
158.281
158.573
158.213
158.105
158.203
158.102
158.07
158.02
158.022
158.017
158.679
157.849
158.062
158.589
157.8
158.771
157.727
158.698
157.781
158.731
158.071
157.949
158.238
157.605
159.011
157.738
157.504
158.925
157.67
157.957
158.825
157.532
157.649
157.786
157.798
157.716
158.321
158.34
157.088
158.892
157.114
159.175
153.613
156.911
155.51
155.389
157.987
159.016
159.315
159.265
159.197
159.036
159.084
158.937
158.45
155.669
156.959
157.912
158.558
156.425
157.355
156.203
158.884
156.875
159.239
155.229
158.551
157.775
156.694
161.241
160.032
156.525
160.729
161.241
160.79
157.131
157.903
158.934
158.906
159.134
159.064
158.949
158.966
158.869
158.875
158.855
158.881
158.813
158.844
158.769
158.789
158.743
158.764
158.718
158.75