129.836
130.331
131.252
132.766
134.593
136.57
138.264
139.531
139.899
136.48
136.787
136.466
135.936
135.052
133.383
131.076
128.781
126.667
123.878
120.501
116.401
116.282
112.212
108.96
105.972
103.312
100.782
101.954
100.985
101.501
103.075
105.944
109.607
111.072
116.571
123.179
130.277
137.564
142.392
144.494
145.828
145.844
145.691
145.482
145.392
145.048
143.835
142.149
138.008
132.184
125.667
117.955
111.152
105.928
101.658
97.4275
93.774
96.6546
96.3083
97.939
101.03
105.106
109.45
107.994
112.369
117.626
123.633
130.462
136.874
141.494
143.03
143.91
144.282
144.333
144.48
144.182
143.067
140.861
136.425
131.051
124.983
118.22
112.156
108.31
104.87
101.532
98.2738
98.3996
96.4607
95.5168
98.058
99.7975
102.574
103.787
107.122
110.739
111.763
117.238
124.253
131.976
138.529
143.139
140.636
141.456
141.662
141.722
141.773
140.639
138.681
134.754
129.065
126.472
120.254
115.223
111.219
107.601
103.731
99.9755
96.1803
93.185
96.3946
96.5204
98.3269
101.476
105.233
109.177
107.203
111.433
116.482
122.486
128.862
133.664
133.413
136.252
138.325
139.614
140.453
140.667
140.538
139.688
137.17
132.434
127.376
121.75
115.101
108.431
102.547
101.204
95.1147
89.4707
92.0102
88.8455
87.2885
95.6773
97.3941
100.252
99.7134
103.966
108.58
91.4742
95.2135
98.2568
111.032
114.137
117.534
121.527
125.998
129.594
132.228
134.006
135.138
135.603
135.728
135.682
135.88
136.198
136.612
137.043
138.079
140.865
144.806
149.485
153.786
156.887
159.128
159.937
155.086
155.041
154.867
154.261
153.587
152.941
152.829
152.785
153.06
152.953
152.737
152.019
151.476
150.939
150.812
150.907
151.255
151.499
151.869
151.728
151.365
150.52
150.052
149.44
149.341
149.259
149.459
149.437
149.572
149.474
149.617
149.503
149.576
149.431
149.576
149.556
150.216
150.686
151.539
152.28
152.962
153.088
153.266
153.348
154.874
155.559
155.637
154.503
152.536
150.235
148.518
142.969
143.01
143.028
143.017
141.658
140.149
139.057
138.308
137.274
136.982
137.098
138.213
139.002
139.866
140.464
140.936
141.332
142.044
142.435
143.176
144.051
144.481
144.746
145.308
146.235
147.568
148.246
153.675
152.41
152.664
152.3
150.493
149.207
149.813
151.49
152.521
150.959
148.904
146.674
149.426
148.025
147.36
146.553
146.335
146.19
146.681
147.417
149.463
151.851
155.146
157.883
159.657
158.83
156.884
156.199
157.496
158.953
155.345
153.9
153.09
152.381
151.519
150.733
151.153
152.832
155.289
151.376
151.632
151.165
150.888
150.67
150.805
151.109
151.674
152.165
152.854
152.305
150.947
148.75
147.55
147.651
153.949
155.038
157.015
158.538
156.904
154.039
153.002
154.303
157.421
163.756
163.946
161.475
158.944
156.501
154.819
153.441
153.927
154.568
150.411
151.481
153.15
155.877
158.521
159.601
164.858
162.456
160.819
155.952
160.813
164.618
164.694
163.953
162.654
154.265
153.013
152.976
153.436
152.531
150.383
147.123
144.28
142.04
141.161
140.149
137.626
131.482
130.944
129.461
132.066
132.363
132.574
135.135
133.986
134.124
131.788
130.916
134.382
133.729
133.153
132.934
135.614
138.433
138.753
143.686
144.055
144.608
146.052
146.911
147.279
146.803
145.472
149.013
156.172
157.904
156.647
155.889
157.306
164.76
170.086
169.479
164.589
159.458
160.803
161.014
160.277
157.735
156.171
149.596
149.166
147.465
145.352
142.44
139.403
136.838
134.374
131.663
129.627
128.186
127.377
130.904
130.701
129.553
129.625
129.688
129.432
131.052
133.872
137.304
140.278
142.102
143.796
144.6
145.209
144.709
143.807
143.728
145.218
145.636
146.019
147.905
149.458
149.64
149.535
149.238
149.747
150.634
147.536
147.946
147.731
151.902
149.998
145.968
141.736
138.298
135.876
138.406
136.853
135.384
134.992
135.065
134.692
134.009
133.608
133.381
134.339
135.663
136.702
137.556
137.393
137.057
132.926
132.835
133.023
133.081
133.762
134.118
135.131
136.211
137.811
139.61
140.573
140.403
139.463
137.469
135.832
136.002
136.266
134.082
132.986
132.659
132.647
132.976
134.101
135.227
135.761
135.534
135.151
138.769
137.937
136.92
136.114
135.196
134.358
133.419
132.829
132.163
136.195
135.354
134.708
134.259
133.927
133.541
133.36
133.078
133.04
133.056
133.027
133.051
133.009
133.007
133.077
133.012
133.128
133.124
133.172
133.082
133.038
132.987
132.943
132.937
132.914
132.813
132.759
132.701
132.715
132.662
132.76
132.797
132.841
132.842
132.855
132.819
132.79
132.793
132.792
132.814
132.772
132.767
132.726
132.662
132.659
132.675
132.684
132.635
132.604
132.577
132.572
132.557
132.587
132.732
132.682
132.774
132.734
132.858
132.87
132.952
132.931
133.003
132.991
133.071
133.11
133.243
133.23
133.293
133.208
133.302
133.177
133.238
133.167
133.164
133.056
133.059
132.968
132.975
132.941
133.005
132.868
132.886
132.828
132.913
132.815
132.926
132.804
132.84
132.691
132.814
132.712
132.828
132.685
132.801
132.568
131.882
131.631
131.68
131.962
132.576
132.077
131.468
132.69
132.155
131.811
132.325
131.407
132.139
131.866
131.928
132.739
131.806
131.375
132.661
131.73
130.672
131.56
131.028
130.927
132.064
131.356
131.084
131.276
131.745
131.802
132.074
131.23
130.658
130.914
131.167
131.425
131.888
131.938
131.039
130.763
130.8
131.136
131.308
131.523
131.513
131.141
131.776
130.817
130.727
131.414
130.905
130.699
131.222
130.65
130.951
131.111
130.824
130.783
131.246
130.792
130.844
131.048
130.815
130.552
131.062
130.622
130.682
130.996
130.616
130.637
131.131
130.414
130.636
130.69
130.685
130.802
130.93
130.623
130.717
130.735
130.557
130.61
130.722
130.593
130.764
130.632
130.515
130.587
130.767
130.445
130.653
130.666
130.438
130.499
130.408
130.436
130.549
130.341
130.488
130.393
130.657
130.263
130.47
130.093
130.503
130.379
130.425
130.351
130.49
130.338
130.321
130.302
130.526
130.341
130.331
130.297
130.389
130.311
130.612
130.224
130.569
130.22
130.501
130.037
130.339
130.352
130.257
130.315
130.24
130.223
130.253
130.373
130.224
130.435
130.43
130.3
130.367
129.984
130.419
130.329
130.315
130.4
130.473
130.314
130.499
130.145
130.32
130.096
130.324
130.159
130.355
130.169
130.423
130.152
130.436
130.219
130.321
130.282
130.49
130.304
130.48
130.549
130.406
130.466
130.667
130.532
130.561
130.357
130.661
130.414
130.358
129.989
129.844
129.673
129.812
130.468
132.125
133.606
136.495
138.964
141.768
143.358
145.014
145.606
145.252
144.99
144.935
144.003
142.852
141.008
134.87
133.488
132.412
131.314
130.3
129.611
128.954
128.259
128.028
123.37
122.635
121.456
120.432
119.064
117.7
116.811
116.199
115.469
114.75
114.051
113.671
112.902
111.51
109.337
106.594
103.494
100.142
97.3992
96.0671
95.2726
97.2125
96.0561
94.7417
93.388
91.9677
90.0493
90.4394
87.7311
85.263
90.0276
87.5472
85.2221
97.1994
95.8463
94.6961
101.135
100.726
100.463
103.726
103.613
103.587
103.503
103.533
103.552
103.411
103.337
103.317
106.605
106.67
106.727
106.941
106.953
107.115
110.527
110.578
110.651
110.804
110.933
110.719
106.982
106.865
106.768
110.148
110.094
109.982
106.653
106.515
106.329
106.147
106.051
106.117
106.073
105.85
105.718
105.381
105.097
105
104.833
104.3
103.849
103.117
102.644
102.141
101.803
101.625
101.399
101.365
101.208
101.037
100.939
100.833
100.887
100.974
101.134
101.226
98.635
98.9647
99.2149
99.4094
99.639
99.6856
99.674
99.7666
99.6269
99.6906
100.024
100.314
100.606
100.867
101.471
101.638
101.815
101.98
101.783
101.469
101.364
98.2159
98.2589
98.0141
100.678
100.346
100.151
97.1721
97.0712
96.968
99.6156
99.2607
98.8636
98.5859
98.1773
97.6698
97.4668
96.8475
96.3934
98.5061
98.1061
97.516
97.5305
97.5682
97.9003
98.0857
98.5591
98.9345
99.471
99.7052
99.9303
97.1193
96.9749
96.6256
98.782
98.3017
98.2146
98.3128
99.1663
99.897
100.686
101.201
101.856
99.2465
99.5509
99.7993
99.7232
99.3093
99.0856
98.7397
98.5209
98.0763
100.707
100.593
100.749
100.484
100.331
99.8421
99.5866
99.1605
99.3434
99.409
99.6593
100.125
100.618
101.113
101.815
99.3992
100.055
100.537
101.045
101.361
101.627
101.743
101.549
101.593
101.803
102.198
102.588
102.799
102.936
103.113
103.118
103.126
103.203
103.162
102.997
102.65
102.396
102.096
102.001
101.624
101.725
101.994
105.009
105.085
105.391
103.008
103.373
103.515
105.766
105.82
106.162
106.379
106.876
107.344
108.178
108.879
109.635
109.536
110.043
110.032
109.583
109.611
109.754
109.866
109.992
109.862
109.905
109.977
110.171
110.179
110.29
110.221
110.359
110.422
110.691
110.79
111.067
111.112
111.373
111.214
110.737
109.925
109.003
108.242
110.212
109.162
108.738
107.994
107.247
105.777
104.213
102.535
101.023
99.5808
98.3453
97.1823
98.0749
97.3538
96.6027
95.647
95.3482
94.7591
96.0424
95.4814
94.9151
94.1563
93.4755
92.806
93.3586
92.4716
91.7793
92.8298
91.9523
91.0641
92.1908
91.2574
90.6017
95.4656
94.7798
94.3829
95.854
95.7795
95.1279
94.8632
93.7315
92.5275
91.2465
89.772
88.6109
87.6305
86.7194
85.9049
85.2667
84.8892
84.6972
84.6251
84.6894
84.4983
84.4439
84.3754
84.4876
84.4063
84.4635
84.2802
84.2834
84.2028
84.1904
83.9882
84.2238
84.3297
84.4328
84.5666
84.5889
84.7039
85.0538
85.3379
85.7738
85.9978
86.1999
86.0286
85.8807
85.6176
85.4159
85.2448
84.9632
84.5117
83.644
83.2127
82.9853
82.8633
82.8189
82.5303
82.6918
82.8294
83.012
83.3825
83.472
83.7538
84.093
84.3791
84.628
85.1939
85.3291
86.0311
86.1956
86.6035
86.7596
86.8442
86.9917
87.0115
87.555
87.4986
87.3852
87.2369
87.0538
86.9431
86.7614
86.6598
86.2337
86.1575
85.8604
85.7301
85.2486
84.8353
84.3955
83.8213
83.1066
82.5756
81.749
81.4828
80.7503
80.3538
80.2881
80.1645
79.8932
79.8359
79.4973
79.5111
79.3305
79.3129
79.1791
79.192
78.9675
78.8912
78.6902
78.5875
78.497
78.4545
78.261
78.343
78.2741
78.1658
78.1691
78.2815
78.528
79.067
79.6063
79.727
79.9615
80.3399
81.1509
81.49
82.0174
82.538
82.8701
83.4763
83.7259
84.1485
84.6072
84.9527
84.8775
85.0327
85.1002
85.4006
85.9386
86.202
86.3341
86.8277
86.9406
87.2315
87.5027
88.025
88.1323
88.2731
88.2233
88.2555
87.5988
86.8778
86.2155
85.5085
84.4359
83.6915
82.669
81.9958
81.1501
80.6262
80.1671
79.9014
79.6796
79.7018
79.6168
79.8003
79.6866
79.8945
79.8311
80.1451
80.7729
81.753
82.869
83.8629
84.2518
84.2195
83.7155
82.6017
81.0624
79.4042
78.2773
78.1525
78.062
78.028
77.7684
77.6408
77.3948
77.5776
77.5563
77.5735
76.6859
76.4615
76.1564
76.0079
75.6626
75.4635
74.9966
74.9663
74.4286
74.3692
74.3926
74.6779
75.1626
75.9587
76.4263
77.0232
76.7739
76.7316
76.0994
75.4638
74.4905
73.442
72.8206
72.2991
72.0087
72.0342
72.4575
72.8272
72.8421
72.8684
72.7675
72.7614
72.7027
72.7204
72.5786
72.6936
72.5286
72.5358
72.4112
72.4957
72.236
72.4325
72.3812
72.5614
72.5532
72.4752
72.2836
72.5712
72.5786
72.894
73.1817
73.5163
73.6714
73.7417
73.3289
73.029
72.4226
71.868
71.0345
70.7943
70.8985
71.333
71.0684
70.596
69.7127
69.0896
68.0673
67.2421
66.506
65.9718
65.575
65.6273
65.4655
66.3761
67.3576
68.9399
70.6956
72.3352
73.2451
73.8414
74.1492
74.5271
74.6566
75.0733
75.2058
75.5623
75.4875
75.3292
75.0597
74.7549
74.178
73.9777
73.3125
73.2392
72.8665
72.8694
72.8034
72.8734
72.8299
72.7416
72.5175
72.5094
72.0353
70.9148
69.8155
69.0225
68.3269
68.3584
68.2825
68.5551
68.7551
69.1022
69.2073
69.2438
69.2441
69.4144
69.4353
69.8324
69.9222
70.2531
70.2727
70.7247
70.9096
71.3861
71.3458
71.6171
71.6229
71.8289
71.8983
72.0541
72.0804
72.2468
72.1231
72.2339
72.2868
72.3062
72.1319
72.4915
72.8791
73.4548
73.7389
74.1374
74.4014
74.6631
74.6454
74.6822
74.5578
74.6733
74.6844
74.9754
75.0483
75.1459
75.3447
75.7078
75.8665
76.2035
76.3401
76.6067
76.7072
76.9583
76.9972
77.2272
77.2271
77.537
77.5182
77.9155
77.8496
78.2022
78.3163
78.5534
78.6656
78.907
79.0451
79.1283
78.9021
78.9074
78.6427
78.6342
78.3876
78.4151
78.1447
78.1636
78.0647
77.962
77.718
77.4621
77.29
77.1
76.7572
76.6982
76.7027
76.7816
76.7215
76.7737
76.7932
76.7194
76.5777
76.41
76.2527
76.0815
75.7463
75.6575
75.4858
75.4139
75.314
75.1262
74.743
74.3809
74.0769
73.7566
73.1711
72.462
71.7595
71.3142
70.9178
70.4428
70.1149
69.8316
69.141
68.0866
66.6693
65.5487
64.9679
64.6691
64.5903
64.6861
64.9035
65.094
65.2584
65.4322
65.7141
66.1163
66.2959
66.3838
66.1735
66.0596
65.9085
66.0017
66.2046
66.3034
66.5708
66.8341
67.4103
67.644
68.0085
69.1777
70.4839
71.7604
72.2428
72.2832
72.4751
72.6865
72.6555
72.5871
72.2776
72.2818
72.3315
72.5086
73.0113
73.4942
73.7589
74.0885
74.3651
74.4451
74.6608
74.8878
75.0577
75.2007
75.296
75.4901
75.0519
74.7899
74.6748
74.4464
74.0069
73.8243
73.8504
73.801
73.8029
73.9339
73.9811
74.0845
74.195
74.1663
74.4944
74.7168
74.919
75.0114
75.0283
74.9296
74.9549
74.8901
74.9197
74.9061
74.8803
74.9241
74.9709
74.9226
74.9492
74.9228
74.8257
74.8811
75.0515
75.1884
75.217
75.2695
75.4579
75.573
75.8328
75.9109
76.3933
76.5651
77.1055
77.664
78.1945
78.7687
79.294
79.8697
80.2543
80.3612
80.4857
80.4739
79.9182
79.1532
78.5524
77.9042
77.0039
76.4342
76.3852
76.3856
76.5213
76.5187
76.7523
76.443
76.3497
75.9959
75.9686
76.1907
76.4348
76.546
76.4934
76.1281
75.9377
75.7252
75.5813
75.271
75.2516
75.4472
75.9239
76.045
76.3805
76.3967
76.3468
76.0578
75.9825
75.4159
75.5813
75.4644
75.2934
74.8961
74.9739
74.8883
75.2399
75.1951
75.3283
75.0752
74.2849
73.0681
72.2337
71.8668
72.3077
72.945
74.0045
75.004
76.3134
78.1605
79.4744
81.5513
83.1111
84.5597
86.308
88.1154
89.8521
90.9103
92.1426
93.1278
94.3653
94.944
95.8418
96.3701
97.0033
97.4533
97.9321
97.9773
98.3021
98.6379
99.4872
100.057
101.143
101.88
102.449
102.984
103.825
104.008
104.163
104.051
104.144
104.348
104.518
104.89
105.419
106.107
107.684
109.277
110.553
111.873
113.406
114.918
116.206
117.324
118.32
119.198
120.239
115.47
115.989
116.55
114.862
115.387
115.868
113.887
114.205
114.213
111.365
109.914
107.628
109.163
106.118
103.036
106.687
104.85
103.7
103.435
104.185
105.374
107.517
109.612
112.101
108.686
110.009
110.827
95.8335
95.6769
95.8907
102.352
102.584
102.543
104.894
104.756
104.514
106.252
106.117
105.811
105.739
105.489
105.568
105.496
105.285
104.431
103.323
101.439
99.8512
105.491
104.723
104.163
106.856
108.163
109.609
106.248
106.407
106.21
108.128
108.2
108.292
106.032
105.428
104.769
107.771
106.918
105.69
103.924
102.609
101.093
99.7777
98.6844
97.3427
96.6203
95.8153
94.5802
93.6496
91.7634
90.6372
89.3982
89.2703
88.8136
89.1838
89.0422
89.304
90.1678
91.2347
91.9402
92.7656
93.3337
93.9006
94.7363
95.3658
94.7502
93.8072
92.8907
92.5835
92.4794
92.3643
92.2827
92.1641
92.0856
91.8678
92.2916
92.804
93.1909
93.2617
92.8727
91.8948
90.5319
89.7341
88.9366
88.1445
88.0776
87.9983
87.6462
87.2784
86.5712
86.1017
85.1052
84.8839
84.0765
83.7284
83.0878
82.436
81.954
80.791
79.4698
78.1363
76.9947
75.465
74.5445
73.9369
73.4908
72.9906
72.4622
72.2649
72.0719
72.0882
72.1452
72.4975
72.7123
73.4015
74.088
74.8119
75.2704
75.2301
74.8914
74.6664
74.1689
73.6569
73.4417
73.29
73.3093
73.462
73.1392
72.4315
71.6541
71.2239
70.297
69.7372
68.8777
68.3026
67.9567
67.6828
67.1591
67.1224
66.9411
66.8529
66.4769
66.1302
65.6965
65.3479
65.192
65.0546
64.9158
64.5473
64.3577
64.4692
64.3991
64.4295
64.5697
64.6599
64.4522
64.039
63.81
63.7194
63.0456
62.6974
62.0058
62.1418
62.1765
62.2995
62.419
62.3524
62.3606
62.2611
62.0114
61.7732
61.3307
61.3051
61.1491
60.8824
60.756
60.6661
60.4939
60.222
59.9065
59.854
59.5276
59.2541
59.0727
58.9833
59.2284
59.2654
59.0026
58.6749
58.5985
58.6514
58.5042
58.3813
58.4192
58.2371
58.1295
57.9532
57.9624
57.9647
58.3227
58.8397
59.2717
59.5083
59.9066
60.4156
60.567
60.294
60.0129
59.8888
59.9604
60.26
60.5473
60.7082
60.903
60.9842
61.392
62.1157
62.5436
63.2675
63.6354
64.066
65.0918
66.5775
68.1285
69.2933
70.6043
71.2665
71.511
71.5388
71.5408
71.3343
70.915
70.3617
69.8488
69.7428
69.7267
70.0978
70.4616
70.9246
71.1392
71.0223
70.5774
69.9427
69.4085
69.245
68.676
67.4102
66.7016
66.5019
66.5213
67.0399
67.2489
67.761
67.7543
67.6576
67.6392
67.498
67.3491
67.2248
66.9453
66.691
66.5414
66.2474
65.8678
65.7117
65.9925
66.2761
66.665
66.7925
66.9472
66.9735
67.128
67.2327
67.4055
67.5124
67.4498
67.518
67.7852
67.7963
68.0346
67.955
68.0943
68.0941
68.0242
68.0049
68.0198
67.9976
67.9015
68.014
68.0412
67.8979
67.8399
67.7972
68.0094
67.9947
68.1842
68.4582
69.1238
69.3208
69.3771
69.4537
69.553
69.611
69.6269
69.7458
69.8057
69.87
70.0211
70.1116
70.2208
70.0118
70.0938
70.0762
70.474
70.7618
71.1994
71.5442
72.049
72.3842
72.6422
73.0058
73.1002
73.1728
73.2496
73.0662
73.3571
73.6196
73.9355
73.863
73.4729
73.2191
73.4892
73.5687
73.9111
74.0405
74.0782
74.111
74.2617
74.3103
74.6814
74.8102
75.6347
75.9146
76.6464
76.9872
77.243
77.2591
77.1171
76.9443
76.8915
76.6801
76.6763
76.4239
76.2253
75.8047
75.4123
74.3542
73.5348
72.6307
71.7179
70.8952
70.4109
69.8017
69.8248
69.7469
69.7006
69.4837
69.523
69.4429
69.6116
69.8517
70.3161
70.6302
71.1152
71.2417
71.6204
71.5542
71.8022
71.7485
71.8762
71.985
72.2909
72.323
72.647
72.7119
73.0382
73.2116
73.5289
73.6987
74.0201
74.3071
74.7569
75.0124
75.3855
75.407
75.6211
75.6555
75.7145
75.5008
75.5145
75.2676
75.0663
74.2999
73.631
72.8075
72.3457
72.0007
72.6803
73.0633
74.3393
75.5769
77.7758
79.9018
81.4295
82.1285
81.8732
80.0888
77.0389
72.8852
70.5148
68.619
66.8404
66.0821
66.1497
66.2983
66.8102
67.138
67.4358
67.7267
67.801
67.8139
67.944
67.5463
66.8778
65.9518
65.499
65.3042
65.3748
65.4061
65.7592
66.1125
66.3299
66.2842
66.2984
66.2135
66.4594
66.5706
66.6099
66.3668
66.3112
66.2534
66.2531
66.1543
66.3012
66.354
66.817
66.9773
67.2941
67.5405
67.8581
67.9857
68.2244
68.1546
68.0298
67.8747
67.5773
67.3994
67.5551
67.2442
66.9644
67.1424
67.2117
66.8673
66.7946
66.5463
66.6377
67.04
67.7236
68.3141
69.2353
70.0261
70.9791
71.5459
71.9962
72.1935
72.3611
72.3618
72.5601
72.5379
72.3433
72.5806
73.5887
75.4913
77.2818
77.6796
78.1097
78.3186
78.8528
79.3498
79.7614
79.711
79.6379
79.7472
80.7426
81.6191
82.3922
83.5949
84.9825
86.358
87.2694
87.7819
87.1008
86.037
84.7062
83.5347
83.0856
82.7731
82.5738
82.3968
82.2106
81.7937
81.5169
81.1081
80.7765
80.711
81.1111
81.3707
82.0409
82.8503
84.3013
85.7108
87.599
88.6851
89.7249
90.1791
90.1764
90.2097
90.8146
91.3536
92.1609
93.1053
94.4185
95.0416
95.3905
95.1622
94.9724
95.065
94.9496
94.2312
93.5037
92.2908
91.5274
90.9194
90.9207
90.6927
91.1606
91.3818
91.7156
92.1582
92.4872
92.3837
92.5342
92.2743
92.3035
91.5862
90.8687
89.8944
89.1681
88.4776
88.219
87.9276
87.895
87.5932
87.4548
87.1491
87.0731
86.9773
87.2192
87.3005
87.3609
87.5448
87.82
87.8865
87.9932
87.8768
87.4547
86.9317
86.4965
85.71
85.4265
85.0543
84.5894
83.5621
82.7151
82.2177
82.0399
81.4525
81.3542
80.6768
80.5249
80.4817
80.119
79.6518
78.8773
77.9652
77.0662
76.6012
76.5944
76.7493
77.2202
77.5772
77.9964
78.3242
78.4719
78.4284
78.4323
77.9943
77.696
77.2157
77.0127
76.5815
76.6461
76.4727
76.5746
76.7089
76.8213
77.0841
77.7126
77.824
77.5848
76.8506
76.37
75.595
75.1437
74.6903
74.0337
73.0255
72.3951
72.3929
72.4309
72.2768
71.9766
71.331
70.966
70.4267
70.3947
70.0177
70.0152
69.8352
69.7709
69.586
69.5842
69.477
69.6555
69.7418
70.055
70.277
70.4215
70.4666
70.2815
70.0343
69.7838
69.375
69.1285
69.0167
69.1209
69.2099
69.2846
69.0293
68.7901
68.5143
68.2948
68.1675
68.0245
67.9062
67.9737
68.1135
68.3207
68.4971
68.6147
68.6887
68.6286
68.2943
67.7072
67.2102
67.1321
67.4256
67.7162
67.8824
67.8304
67.5366
67.3637
67.4157
67.7213
67.8986
68.1597
68.3314
68.5317
68.5754
68.8034
68.952
68.9822
68.802
68.5668
68.3166
68.5019
68.673
68.8094
69.1206
69.4136
69.7674
70.1979
70.7433
71.1228
71.676
72.003
72.2439
72.4151
72.7073
72.7781
72.7368
72.6183
72.5204
72.6238
72.7865
73.0289
73.3976
73.5553
73.7023
73.7166
73.6217
73.8748
74.2272
74.5145
74.4989
74.57
74.7413
74.9705
75.1194
75.3691
75.6302
75.8872
76.298
76.3438
76.5134
76.4498
76.587
76.6401
76.7216
77.0196
77.2436
78.0663
79.0497
80.3567
81.9452
83.5036
84.5649
85.5623
86.6055
87.5899
88.4783
89.361
90.1841
91.1539
91.9725
92.0593
91.5882
90.7137
90.2637
89.3166
87.8685
86.5506
85.1644
84.2572
83.418
82.5429
81.7939
81.1663
80.3874
79.7106
79.0238
78.4342
77.8124
77.8202
77.62
76.0089
74.2084
73.1641
72.558
71.5817
69.7405
68.9556
68.4578
68.0876
67.4125
66.6292
66.0935
65.9008
66.0582
66.1513
66.3455
66.2797
66.425
66.5396
66.8053
66.8393
67.1105
67.32
67.5786
67.8167
68.0426
68.0063
68.0628
67.9214
67.8835
67.6451
67.6032
67.413
67.1342
67.0142
66.8147
66.6626
66.8754
67.5904
68.5553
69.2583
69.8119
69.9074
70.1119
69.8729
69.539
69.2029
69.1633
68.8784
68.8925
68.8805
69.0055
69.2199
69.3494
69.5228
69.6536
69.8213
70.2871
70.4679
70.8266
70.9181
71.1864
71.3796
71.8299
72.0982
72.4575
72.7376
73.0106
73.3732
73.6096
74.0759
74.417
74.7531
75.1844
75.3175
75.4876
75.6812
75.9834
76.109
76.2991
76.5402
76.8654
77.1591
77.5223
77.8003
78.231
78.5246
78.921
79.232
79.5934
79.5942
79.6983
79.3804
79.3008
78.8301
78.6628
78.5125
78.4106
78.1341
78.0328
77.562
77.3821
76.9088
76.5787
76.0976
75.7529
75.1393
74.4042
73.3555
73.0765
72.6699
72.2326
71.7428
71.1793
70.5942
70.167
69.6766
69.4517
68.9635
69.0003
68.9175
68.9974
68.8774
69.1137
69.3357
69.887
70.249
70.6762
70.4553
70.2897
70.1796
70.4311
70.469
70.8041
70.844
70.8993
70.6391
70.482
70.3971
70.3587
70.3119
70.443
70.3113
70.5385
70.4995
70.5013
70.1348
69.9799
70.3205
71.2339
72.2605
73.1842
74.2697
75.2419
75.7942
76.7012
77.2104
78.0596
78.5412
79.1412
79.516
79.7688
79.8975
80.2098
80.3807
81.1428
82.1291
83.1465
83.815
84.7175
84.5925
84.8597
85.483
86.0767
86.5271
87.1029
87.5649
88.2207
88.9058
89.7075
89.9312
90.0671
90.1303
90.3038
90.5866
90.9424
90.9496
91.0603
90.959
90.6298
90.268
89.9281
89.4993
89.8024
89.9196
90.1413
90.0473
90.1355
89.9441
89.9649
89.7876
89.8509
89.6249
89.73
89.388
89.3254
89.1596
89.3191
89.1684
89.1731
88.6388
88.1595
87.4184
86.6521
85.7672
84.7398
83.7726
82.9574
82.0556
81.5277
81.0336
80.5666
80.3028
80.251
79.8893
79.8453
79.5248
79.1903
78.735
78.4423
77.7553
77.6378
77.4586
77.3248
77.2338
77.1591
76.9764
76.7237
76.3991
76.1939
75.9729
76.0513
76.0158
76.3176
76.4738
76.7348
76.8612
77.2381
77.4201
77.6319
77.6898
77.8438
77.8394
77.941
78.1993
78.7788
79.0496
79.2265
79.3898
79.5078
79.5631
79.7901
79.6875
79.6674
79.8211
80.3566
80.7468
81.0118
81.129
81.3832
81.4484
81.6307
81.8509
82.05
82.0159
82.1583
81.9564
82.2174
82.1282
82.3219
82.2933
82.5822
82.795
83.1604
83.4859
83.7428
83.8705
84.0282
84.1834
84.3782
84.5591
85.0417
85.5062
86.5796
86.9706
87.3962
87.4659
87.8061
87.9725
88.2887
88.3657
88.5354
88.6534
88.6995
88.5929
88.7716
88.7537
89.109
89.4623
89.8685
90.2114
90.5113
90.862
91.2242
91.3611
91.6699
91.884
92.054
92.0092
92.1613
92.0567
92.2091
92.3579
92.8195
93.1576
93.6887
94.0289
94.5947
95.0692
95.2942
95.3778
95.7008
95.8772
96.5231
96.9365
97.4103
97.9804
98.6667
98.9533
99.3323
97.8406
98.2697
98.6313
99.0843
99.749
100.203
97.2582
97.8289
98.3184
98.6908
98.8833
99.223
97.6252
98.1933
98.51
98.9088
99.5115
99.6211
97.907
98.1951
98.3188
98.5355
98.663
98.9544
96.9543
97.1294
97.0428
97.1422
96.9227
97.1121
97.1325
97.0627
97.2224
97.3602
97.4309
97.7073
97.7663
97.8428
98.4094
93.8551
93.793
94.1846
96.9401
97.6082
98.3811
96.9672
98.0768
99.136
97.7371
98.4976
99.0216
99.7737
100.089
100.613
101.27
102.427
103.178
104.014
104.696
106.2
106.593
106.684
106.29
105.465
104.785
103.804
105.781
105.155
105.029
104.926
104.993
105.082
104.97
105.135
105.115
105.127
105.054
104.976
104.977
105.588
106.711
105.126
106.82
109.629
94.7187
100.531
106.948
95.6463
100.234
104.076
101.214
104.609
107.677
105.224
107.444
109.01
109.479
109.392
109.035
108.764
108.35
108.29
108.393
108.552
108.924
109.774
110.749
112.115
113.316
114.832
115.619
115.392
114.888
114.559
114.171
113.843
113.803
114.879
115.781
117.056
118.243
119.333
120.467
121.522
122.091
122.381
122.174
122.36
123.185
124.87
126.188
127.89
129.75
132.014
133.768
135.443
135.614
135.461
134.504
133.835
133.055
133.15
133.784
135.046
136.099
137.275
137.787
137.96
137.506
136.641
135.842
135.284
134.969
134.854
134.593
134.8
135.135
135.592
135.977
136.609
136.424
136.313
136.055
135.293
134.088
134.069
135.117
137.195
140.986
141.459
140.017
139.094
134.266
136.127
138.427
139.558
139.79
139.841
139.666
139.809
139.803
139.78
139.732
139.78
139.636
139.794
139.612
139.751
139.647
139.758
139.53
139.716
139.791