54.7537
54.9687
55.0733
55.2142
54.2286
52.1423
52.9184
52.5954
53.084
53.8822
54.3869
54.7699
55.5932
56.7795
57.2613
59.0911
62.0177
64.6284
64.9778
65.541
67.301
69.494
69.3397
70.0457
71.4891
73.6493
74.989
76.0324
76.9602
78.0151
78.0557
77.2863
75.9429
75.3517
74.9079
74.5624
73.947
73.441
73.1126
71.6959
69.0229
68.5286
69.0142
70.1402
71.9302
74.1516
76.0379
78.5463
80.3864
81.7688
82.1071
82.9173
83.291
83.234
83.5347
83.8669
84.113
83.9449
82.7728
81.7175
81.0238
80.8627
80.9922
80.9674
80.8409
80.4219
79.8107
79.0017
78.5823
77.9746
77.558
77.1352
77.0694
76.7277
76.3114
75.9638
74.9267
75.0468
75.5635
75.606
76.2236
77.2733
78.9092
79.675
80.7009
81.4028
81.7125
82.1773
83.102
83.2448
83.3304
84.6738
85.4999
85.8994
85.4732
84.5669
85.08
84.7611
84.7519
85.0553
85.9062
85.6908
86.2001
85.3969
84.6894
82.6269
82.1395
82.3645
81.6899
80.4963
79.153
77.0646
73.4638
70.082
67.5834
65.8455
65.8529
66.4463
65.8763
65.6725
64.8309
67.0148
69.6081
72.7834
74.2473
75.499
77.8225
80.0443
80.9271
81.8357
82.9138
85.3684
84.5521
84.4801
84.018
83.5429
82.973
82.9947
82.4025
81.7431
80.3531
79.2176
78.1472
77.3594
75.8269
74.124
71.5294
69.765
69.0813
68.7389
67.8109
66.8423
66.9789
66.5129
66.8374
67.3664
68.8645
69.5093
70.6274
71.1881
70.9182
70.9913
71.3021
70.0677
68.4526
67.5301
67.3935
67.7885
68.367
69.0086
70.7965
70.6547
70.8579
71.4536
71.0486
71.0186
71.3049
72.154
74.5207
73.141
75.5741
75.0021
77.6734
78.4676
79.4343
81.0115
81.5352
82.7355
83.7919
85.6301
87.2483
88.5095
89.4971
90.5562
90.5287
90.2383
89.1034
89.9952
90.8696
91.0847
91.7624
92.5529
92.123
91.5345
91.1436
90.7561
90.7735
91.1093
91.948
91.6844
89.1031
88.1652
87.0721
85.5366
84.2541
82.1421
79.3221
76.5615
72.8748
71.0962
69.2541
67.4725
65.8754
64.5682
65.1372
65.3482
65.0474
63.7771
63.3062
65.4203
66.5383
62.4173
64.644
65.7129
66.8821
67.9329
67.9191
69.1887
70.4112
71.4237
71.2072
70.3333
70.7414
70.5398
69.9502
69.8047
70.0022
70.3119
71.0331
70.4357
71.2682
71.2642
69.7841
67.8586
67.6384
68.3155
69.2564
70.6412
72.038
74.4482
71.7824
74.299
76.2577
77.5305
76.4949
78.8427
81.1261
83.7848
85.538
86.6992
87.7205