73.0716
72.9332
73.0506
73.3591
73.6125
73.2937
73.7894
74.4623
75.2296
76.0224
76.4917
76.9401
77.0924
77.3835
77.7336
77.2762
76.9508
76.5531
76.9497
77.1624
76.334
75.6584
74.5234
73.3872
72.7415
72.0009
72.315
70.2129
68.0203
66.186
64.9218
65.3085
65.5771
65.4819
66.0113
64.8575
65.8022
65.3622
66.0512
65.0794
64.7634
64.7233
63.1634
62.1086
61.385
61.9986
61.9255
62.1727
62.2922
61.8098
62.2505
62.8814
62.6665
62.5062
62.158
62.8407
62.9024
63.095
63.4413
64.0841
64.236
64.2868
64.2596
64.9241
65.3228
65.6453
66.7042
66.536
67.8274
67.5086
68.3021
68.6578
69.2905
69.7561
71.1904
72.982
74.4254
73.6949
74.7981
77.027
77.1983
77.6545
78.2992
78.8609
78.6471
77.8481
77.8063
77.8369
76.4714
76.3577
78.9578
77.1832
75.7756
75.9185
76.5086
76.3716
77.3914
79.6114
80.5219
79.477
79.0055
71.9828
75.0972
81.9723
88.462
95.9899
97.4933
98.5149
98.3824
93.627
82.5546
78.6485
77.6746
75.7549
74.294
73.7423
74.416
72.6955
74.2458
74.234
74.3575
74.9161
75.4937
76.0632
76.85
77.635
79.3999
81.4127
82.1538
81.7938
79.7992
78.3338
77.4802
76.8471
76.4786
76.2674
76.312
77.5889
77.0047
75.9473
74.2374
72.3895
72.4233
72.5171
71.5282
70.4174
69.3811
68.6993
66.698
66.8133
66.5339
64.8958
66.9345
66.5565
66.3982
67.4776
67.2615
66.6003
66.4402
66.194
66.6304
66.4645
66.7357
67.4085
67.4772
69.4674
68.5489
67.9289
68.4691
68.3051
68.7804
68.0895
68.4003
67.4365
66.425
66.3974
66.4848
67.0417
68.4206
69.8649
71.6716
73.4025
74.2507
73.7747
73.1682
71.7334
71.7366
72.9619
72.6559
74.2993
75.2842
75.3232
75.7741
75.9052
74.5484
72.939
73.4706
73.8474
74.4858
75.425
76.7715
79.0668
81.7284
81.9939
79.3254
77.5713
75.8708
73.3935
68.4743
68.8264
68.2941
66.4667
65.2554
63.895
64.71
61.7604
60.4367
59.2172
57.6876
56.5836
57.2107
54.1109
54.2543
51.9029
49.8674
47.9849
46.4493
46.784
44.1861
45.8959
44.7867
43.8893
42.0957
44.5226
43.5705
43.2409
43.0887
42.8245
42.9605
43.5523
43.8641
44.0273
44.5245
45.132
46.2237
47.536
48.638
49.2849
48.9801
48.1424
48.2074
48.0885
47.9238
47.8534
47.6488
47.7534
47.5651
48.1157
48.291
48.4415
48.2833
48.3542
48.4219
48.0176
47.6636
47.1802
47.6916
48.1168
47.8825
47.7296
47.3056
47.0404
46.8629
47.0202
47.136
47.0948
47.1068
47.1318
47.0941
47.1152
46.9716
46.6603
46.744
46.7909
46.8353
46.7858
46.8033
46.8753
47.0747
47.6027
47.3762
47.4601
47.5319
47.7455
47.6242
47.8755
48.0546
48.1099
48.2112
48.1499
47.9883
47.9534
48.0968
48.3542
48.4269
48.5743
48.6202
48.6427
48.6569
48.819
48.7661
48.8849
49.0279
48.8676
49.1422
49.2343
49.2538
49.001
49.0547
49.0368
49.0907
49.2689
49.3466
49.6609
49.7744
49.592
49.5674
49.7462
49.4608
49.3884
49.4305
49.4692
49.3578
49.0004
48.8456
48.8211
48.8803
48.9978
49.1135
48.978
48.7422
48.443
48.1656
47.972
47.7235
47.8131
47.9234
48.0064
47.3093
47.4207
47.4439
47.4764
47.3896
47.2886
47.5162
47.7423
47.6777
47.6078
47.7129
47.5828
47.5711
47.5927
47.3505
47.3938
47.5124
47.9333
47.8675
48.1535
48.0795
48.1302
48.5968
49.4645
48.8937
48.1858
47.5661
47.1408
46.987
46.9316
46.7896
46.8323
46.485
46.946
46.5353
46.4734
46.6225
46.6155
46.7333
46.7124
47.1355
46.9518
47.0294
47.4725
47.1701
47.5107
47.5165
47.6088
47.6616
47.9381
48.1006
48.3979
48.3489
48.3642
48.0869
48.0615
48.0146
48.4867
48.127
48.2054
48.046
48.2639
48.0338
47.9913
48.1347
48.2207
48.3976
48.2704
48.0028
48.1284
47.999
48.092
48.1491
48.3299
48.143
47.6202
47.3619
47.3132
47.434
47.3943
47.4098
47.4308
47.3203
47.2871
47.2222
47.3081
47.3752
47.6235
47.5814
47.4802
47.4491
47.4983
47.5614
48.101
48.096
48.2761
48.9451
49.2269
49.4151
49.7004
49.8786
50.1465
50.7128
51.1526
51.3172
51.4797
51.5765
51.6105
51.3852
51.3911
51.6713
51.4677
51.7992
51.8784
51.2864
50.9557
50.6086
50.502
50.2462
50.2259
50.185
50.4072
50.7178
50.5869
50.3588
50.2509
50.1761
49.6907
49.608
49.7699
49.3052
49.513
49.4016
49.0201
49.1178
49.558
49.6571
49.6122
50.0305
49.8249
50.1249
50.2392
50.466
50.444
50.6776
50.9467
51.1044
51.5026
52.076
52.4749
52.6143
53.0538
52.9796
52.8097
52.9949
52.8981
52.7125
52.468
52.6086
52.3188
52.3873
52.6855
52.6702
52.7182
52.8432
53.0195
53.0817
52.8419
52.9109
52.9542
53.223
53.3864
53.1404
53.0695
52.6135
52.4424
52.9314
53.1242
52.508
52.252
53.1891
53.2949
53.2257
53.5411
54.0489
54.1202
54.0959
54.2738
55.0831
55.6375
55.8748
55.7689
55.5389
55.8489
55.9858
56.3759
56.5899
56.7973
56.6916
56.693
56.8143
56.7977
57.5545
57.7754
57.3396
57.7007
57.7525
57.3865
56.4164
55.9414
55.2388
55.2073
55.5985
55.6883
55.9093
55.6013
55.9044
55.9738
55.6657
56.0101
55.9055
56.6447
56.6768
56.571
56.7134
56.8899
57.2323
57.7198
57.8666
58.1367
58.2842
58.4415
58.5771
58.9045
59.1396
59.4191
59.1676
58.4195
58.5839
58.8605
59.1293
59.4486
60.2153
59.2262
59.2853
59.9311
60.2142
60.1862
62.7401
61.9671
62.8091
63.719
64.2398
64.4637
64.7035
65.2853
66.0069
62.8434
60.4743
58.3052
56.2713
54.6478
53.9469
53.4987
53.2903
53.0551
53.6356
54.894
54.1457
54.0895
53.9985
53.6454
53.2963
51.6355
53.5571
55.9942
54.9379
54.3792
53.8748
53.7853
53.4334
53.4285
53.1685
53.426
53.783
54.1659
54.574
54.0173
53.0396
53.4953
53.1885
52.5707
52.6158
51.7319
51.3565
54.4037
53.7873
53.2451
52.9968
52.8863
53.0864
53.0543
51.8844
54.0528
56.5324
56.0785
55.1912
55.402
55.3351
55.9805
56.2368
56.4386
56.4816
56.4201
57.0466
56.4188
55.6285
55.7267
55.7177
54.981
54.5659
53.7701
53.2067
52.199
49.2578
52.7703
57.1758
54.8774
53.5094
53.2774
53.0614
52.8671
52.9358
53.2434
53.286
53.239
53.1821
52.8118
52.9628
52.4525
52.9997
52.9162
52.865
52.8873
52.8249
52.8275
52.0663
52.669
52.0681
52.6846
52.6976
52.5657
52.5497
53.4657
52.3878
53.6192
52.6451
53.5315
54.3254
54.3314
52.5921
52.2688
51.8073
51.1002
49.123
52.5597
53.7008
52.7569
52.0862
51.2971
49.8961
52.6676
55.3129
54.1321
53.4368
52.834
52.7298
52.7086
51.7791
53.3697
54.2172
53.7598
53.1047
52.0612
50.2081
53.2695
54.6369
52.3193
51.2153
47.2725
51.905
54.3306
51.6965
55.7777
55.6271
54.5121
53.9829
53.9069
53.4656
53.4053
53.2704
53.1649
52.8308
51.7003
52.3209
56.0121
54.7419
54.2734
53.8997
54.3098
54.1717
54.2684
54.6469
54.8577
54.4698
54.2924
54.6871
54.3478
54.4028
54.4373
54.3967
54.2466
54.5711
54.4064
54.523
54.3077
54.2059
54.0071
53.9502
53.7927
53.5997
52.965
51.6486
50.8623
54.4357
57.2997
55.8656
53.8071
53.1676
52.9065
52.666
52.5086
52.21
52.239
52.3343
51.9875
52.2563
52.132
51.6046
51.2252
51.1636
51.1159
51.3274
51.6499
51.8103
51.7383
52.3413
52.511
52.3025
52.1549
52.4688
52.3251
52.6133
52.929
53.0377
53.1312
53.1973
53.1542
53.4384
53.1936
53.4793
53.6479
53.7379
53.1743
53.4936
53.5383
53.7395
53.6982
53.9685
54.1742
54.2347
54.4706
54.6926
54.7452
55.5052
55.5042
55.3971
55.7841
55.8582
56.1108
56.6617
56.7562
56.8053
56.9784
57.2838
54.1742
55.3739
55.6641
55.8967
55.6996
55.5572
55.9827
56.6066
56.841
57.0394
57.1216
57.3867
57.2582
57.3756
57.4801
57.6658
58.1599
58.09
58.229
58.6869
58.9358
59.2532
58.6866
58.9285
59.0003
58.9188
58.7926
58.3962
58.3723
58.886
59.1106
58.9093
58.5534
58.3392
58.0969
57.963
57.7499
57.57
57.7284
57.3357
56.5746
56.952
55.6419
55.4268
56.2873
54.7785
54.2465
53.424
53.9282
54.6468
54.5314
53.3761
53.0418
53.0113
52.7323
51.8857
51.2213
51.0494
50.6014
50.7324
49.0802
49.0319
49.6993
50.2244
51.1393
51.4914
51.7078
52.6615
52.6028
54.041
55.4495
55.9845
56.7642
57.0843
57.1525
56.8504
56.8376
55.4785
54.8141
54.9896
55.4279
55.3802
55.0424
54.6164
54.2005
54.0769
53.623
53.0725
51.4986
51.1139
50.6889
50.1523
49.8374
48.2053
47.71
47.2055
47.0263
47.0912
45.6209
45.0904
45.1563
45.163
45.4948
45.7142
45.7596
45.5909
45.415
45.4668
44.3089
44.1518
44.2304
44.996
45.4068
45.5222
45.1868
45.4838
45.6471
45.8447
44.8778
45.1088
45.0705
45.2691
45.5622
45.5444
45.4068
45.6719
45.2388
45.9001
46.6352
47.5061
48.2615
48.8439
49.6006
50.1432
50.2074
50.7986
51.1274
51.457
51.7418
51.8691
51.9991
51.6381
51.5097
51.6773
51.0299
50.3536
50.0357
50.031
49.6757
49.7006
49.2833
48.3169
48.2638
48.4529
48.4129
48.3995
48.4886
48.5871
48.6791
48.421
48.3436
48.0533
48.1564
47.906
47.0494
47.1706
47.3042
47.5306
47.8413
47.8062
48.1249
48.2323
48.4386
48.3865
47.9918
48.3817
48.5934
47.9949
47.7551
47.836
48.1033
49.017
50.6787
51.7607
53.0021
54.3243
55.5003
57.0282
58.65
60.226
61.913
63.6548
65.0983
66.1659
67.171
67.9216
68.7283
69.4897
69.5949
71.8938
72.5148
72.8897
75.0985
74.7158
76.3468
76.4902
78.1608
78.3165
78.7286
79.4399
79.1923
80.4525
80.4231
82.0322
81.6382
82.5302
82.2447
84.4346
85.3028
85.5309
84.3326
85.2066
82.8966
85.3731
81.947
84.9958
79.3181
82.7636
74.9115
80.9054
77.6727
70.4927
77.7768
75.6961
74.8535
74.9539
75.2745
75.5883
76.1744
76.0913
76.0879
76.904
77.5015
78.2033
78.5688
78.661
79.2644
79.3099
79.5322
79.6403
79.5937
80.0131
80.4233
80.5596
80.5972
80.7743
80.5883
80.5137