8.21006
7.95118
7.72929
8.13609
8.21006
8.06213
8.21006
7.9142
8.32101
8.21006
8.02515
8.39497
8.06213
8.32101
8.13609
8.13609
8.39497
8.28402
8.02515
7.98817
8.02515
7.95118
7.76627
8.28402
7.9142
8.17308
8.17308
8.06213
8.09911
8.43195
8.17308
8.09911
8.17308
8.28402
8.13609
8.24704
7.95118
7.95118
8.24704
7.87722
8.17308
8.39497
8.17308
8.32101
8.43195
8.06213
8.32101
8.02515
7.95118
8.13609
7.95118
7.76627
8.13609
7.9142
7.98817
7.84024
8.17308
8.28402
8.35799
8.57988
8.43195
8.09911
8.28402
8.09911
8.35799
8.28402
8.39497
8.32101
8.43195
8.46893
8.57988
8.24704
8.43195
8.5429
8.69083
7.87722
8.09911
8.17308
8.21006
8.61686
8.21006
8.83876
8.72781
8.46893
7.9142
8.17308
8.35799
8.17308
8.5429
8.39497
8.24704
8.39497
8.24704
8.06213
8.13609
8.35799
8.13609
8.02515
7.95118
7.76627
8.46893
7.61834
7.80325
7.69231
7.80325
8.43195
8.50592
8.24704
8.69083
8.87574
9.06065
9.65237
9.5784
10.2071
10.466
10.466
10.1701
10.5769
10.2441
10.466
10.318
9.83728
10.2811
10.6879
10.355
10.429
10.5399
10.355
10.429
10.355
13.9793
13.9423
14.2012
14.1272
14.497
13.6464
14.2382
14.7929
15.6065
16.716
16.568
16.0133
16.3462
16.4941
15.5325
15.2367
15.3846
15.2367
14.9778
14.8669
14.4601
14.9038
14.682
14.2012
13.8314
13.8314
13.6095
13.2766
13.1287
12.7589
13.3506
13.2766
13.4246
13.0547
12.463
12.6849
12.3151
11.5754
12.6479
12.1302
12.6479
12.1672
11.1686
11.6124
11.1686
11.3905
11.1686
11.2056
11.0207
7.47041
7.10059
6.91568
7.21154
7.2855
7.02663
7.02663
6.8787
6.95266
6.58284
6.54586
6.21302
6.58284
6.54586
6.50888
6.69379
8.43195
7.95118
7.5074
7.65533
7.5074
7.69231
7.5074
7.43343
6.98964
6.6568
6.91568
6.95266
6.61982
6.76775
6.73077
6.50888
7.06361
6.98964
7.17456
7.2855
7.10059
7.47041
7.76627
7.65533
7.98817
7.2855
7.61834
7.98817
7.72929
8.24704
7.87722
7.72929
7.54438
6.73077
6.84172
6.58284
6.58284
6.13905
5.73225
5.39941
5.69527
5.91716
5.95414
5.99112
6.32396
6.39793
6.8787
7.17456
7.80325
8.76479
8.13609
9.06065
9.46746
9.39349
10.2071
10.7618
11.0207
10.2811
10.0592
10.1331
9.72633
9.8003
9.61538
9.61538
9.28254
8.65385
7.9142
8.24704
8.13609
8.65385
8.9497
9.35651
9.68935
9.83728
11.1686
11.5754
10.9837
9.72633
8.17308
7.80325
8.06213
7.65533
12.6109
12.8328
13.2396
14.1642
13.9423
14.9038
15.1257
15.8654
15.0518
14.7929
14.8299
13.7944
13.2766
12.2041
11.8713
11.2796
12.3521
11.7234
12.6109
12.0562
11.5015
11.2796
12.1672
12.9808
10.503
10.503
10.0222
10.355
10.466
9.5784
9.50444
9.06065
8.50592
11.3536
11.4275
11.1317
10.8358
10.0222
10.8358
10.8728
10.9467
5.06657
4.65976
4.62278
5.06657
5.14053
5.39941
5.06657
5.17751
3.69822
3.25444
3.25444
2.99556
2.66272
2.07101
2.10799
2.25592
10.9098
10.5769
10.2071
10.6879
10.7618
10.7988
9.76331
10.2071
9.50444
9.06065
9.39349
8.98669
9.43047
9.50444
9.24556
9.28254
6.25
6.47189
6.02811
6.06509
5.8432
6.25
5.69527
5.99112
5.73225
6.21302
6.58284
6.17604
6.17604
6.17604
6.28698
6.69379
6.73077
9.46746
10.0962
9.91124
10.503
10.2071
10.2071
10.0592
10.7249
7.2855
6.98964
7.17456
7.43343
6.95266
7.2855
7.84024
7.43343
6.54586
6.6568
6.39793
6.6568
6.84172
6.91568
7.13757
7.2855
11.5754
12.1302
12.463
12.9068
13.3876
13.9423
14.2382
14.2751
14.4601
9.46746
8.91272
8.98669
9.20858
8.98669
8.57988
8.28402
8.13609
8.21006
7.69231
7.2855
6.91568
6.95266
6.21302
6.47189
6.80473
8.17308
8.61686
8.9497
9.20858
9.39349
9.87426
9.76331
9.09763
10.392
9.87426
9.94822
10.2071
10.2811
9.5784
9.8003
9.8003
9.06065
9.43047
9.87426
9.43047
9.31953
9.06065
8.87574
8.72781
8.83876
8.21006
8.80178
8.65385
8.57988
8.50592
8.72781
8.17308
8.46893
7.02663
6.8787
5.88018
5.6213
5.80621
5.73225
5.76923
5.65828
7.35947
8.09911
8.06213
7.72929
7.54438
8.06213
7.65533
8.35799
7.95118
7.95118
7.02663
7.13757
7.43343
6.91568
7.10059
6.91568
5.8432
6.17604
6.17604
6.06509
5.76923
6.47189
6.28698
5.39941
6.43491
6.54586
6.06509
6.17604
6.47189
6.25
6.02811
6.43491
6.95266
7.06361
6.98964
6.76775
7.10059
6.61982
6.84172
7.02663
6.80473
7.24852
6.84172
7.5074
7.43343
7.87722
8.06213
8.02515
8.35799
7.84024
7.47041
7.43343
7.61834
8.02515
8.35799
7.98817
8.35799
8.98669
9.65237
9.5784
10.0592
9.65237
9.68935
9.50444
9.98521
9.87426
9.98521
9.83728
10.1701
10.466
10.7618
10.9467
10.466
11.6124
12.0932
11.9083
11.9453
11.6124
11.7234
12.2781
11.8713
11.9083
11.6124
11.8343
11.6494
11.5015
11.7234
11.5015
10.9837
11.0577
14.8299
14.9038
14.3121
14.3121
14.3121
13.4615
13.3136
12.8328
12.7589
12.3891
12.574
13.0917
12.6479
12.6479
13.2766
13.6095
13.6464
13.8314
13.9793
13.3136
13.7574
13.7204
13.9423
14.2382
14.2382
15.0518
14.9408
14.4601
15.3476
15.3846
15.1997
14.4601
14.7559
14.9038
14.2382
14.2012
14.2012
14.2382
14.3491
14.0902
13.7944
13.0178
13.0917
12.537
12.9438
12.574
13.3136
12.8698
12.9438
10.392
10.5399
10.503
10.392
10.429
10.392
10.6139
10.355
7.2855
7.43343
7.17456
7.24852
7.32249
7.35947
7.24852
6.8787
5.10355
4.80769
4.73373
5.17751
4.84467
4.62278
4.43787
4.62278
3.40237
3.47633
2.99556
2.84763
3.51331
3.36538
3.43935
3.43935
3.18047
2.9216
2.81065
3.14349
2.95858
2.73669
2.84763
2.6997
2.55178
3.14349
3.10651
3.47633
3.69822
3.58728
4.03107
4.06805
3.99408
4.88166
5.06657
5.32544
5.99112
5.8432
5.43639
6.02811
6.13905
11.1686
11.2796
11.5385
12.2041
11.2426
12.3151
11.7604
11.9083
15.4216
14.9778
15.6805
14.9778
14.7929
14.682
14.4601
13.9793
13.6095
13.6095
13.8683
13.2396
13.6464
14.0163
14.0533
13.7574
13.8683
14.9408
14.3121
14.8669
14.7559
14.682
14.645
15.1257
14.571
14.3861
14.8299
14.9038
14.7559
14.4231
14.0163
18.4172
18.1213
11.4275
11.0947
10.392
9.68935
9.65237
9.72633
8.98669
8.80178
4.9926
4.62278
4.62278
5.17751
4.54882
4.5858
4.03107
3.9571
2.55178
2.47781
2.66272
2.51479
2.84763
2.2929
2.44083
2.66272
2.58876
2.51479
2.44083
2.51479
2.47781
2.47781
2.21893
2.03402
1.92308
2.14497
2.03402
1.81213
2.10799
2.10799
2.2929
1.99704
2.25592
2.44083
1.92308
2.10799
1.99704
1.73817
1.2574
1.33136
1.10947
2.73669
2.84763
2.66272
2.81065
2.44083
2.40385
2.2929
2.32988
9.43047
9.35651
9.65237
10.318
10.0592
9.61538
9.54142
10.429
9.24556
8.69083
9.54142
8.91272
8.80178
8.69083
8.80178
8.39497
7.69231
7.32249
7.58136
7.35947
7.87722
7.43343
7.80325
7.65533
7.76627
7.2855
7.21154
7.87722
8.06213
7.61834
7.54438
7.76627
7.98817
6.84172
6.61982
6.47189
6.43491
6.43491
6.54586
5.88018
6.06509
4.5858
4.5858
4.36391
3.99408
4.40089
4.25296
4.25296
4.21598
3.66124
3.51331
3.58728
3.73521
3.58728
3.43935
3.66124
3.62426
3.3284
3.25444
3.43935
3.03254
3.29142
3.62426
3.36538
3.21746
3.47633
3.73521
4.10503
4.03107
4.28994
4.43787
4.40089
4.25296
4.14201
4.62278
4.69675
4.17899
4.62278
4.43787
4.21598
4.28994
4.10503
4.47485
4.43787
4.36391
4.36391
3.88314
3.88314
3.58728
3.43935
4.88166
4.88166
4.47485
4.69675
4.43787
4.32692
4.32692
4.77071
5.32544
5.17751
5.36243
5.51036
5.58432
5.47337
5.80621
5.2145
5.14053
5.2145
5.43639
5.73225
5.47337
6.17604
6.21302
6.47189
6.76775
5.8432
6.47189
6.32396
6.98964
6.69379
7.02663
7.17456
7.02663
6.25
6.36095
6.28698
6.50888
6.80473
6.54586
6.50888
6.6568
6.06509
5.69527
5.91716
5.99112
6.17604
6.47189
6.25
6.50888
5.95414
6.06509
6.21302
6.25
6.43491
6.76775
6.58284
6.54586
6.61982
6.47189
6.76775
6.61982
6.80473
7.13757
7.58136
7.32249
7.2855
7.61834
7.24852
6.95266
7.10059
6.95266
6.98964
7.24852
7.13757
9.39349
9.02367
9.06065
8.83876
9.13462
9.28254
8.91272
8.91272
11.4645
10.7988
11.7234
11.2796
11.3536
11.3905
11.3536
10.7249
11.4645
10.9467
11.1317
11.8343
11.7604
11.7973
12.3521
13.1657
13.6834
14.8669
15.4956
15.6805
15.8654
15.8284
17.5296
17.2707
17.1967
16.0133
15.8654
16.0503
15.9024
16.1612
16.679
15.7914
16.0503
13.3136
13.4246
13.7574
13.8314
13.5355
13.6095
14.2751
14.1642
10.6879
11.1317
10.6879
10.2811
10.7618
9.94822
9.31953
9.65237
6.95266
6.80473
6.50888
7.06361
7.10059
7.24852
7.10059
7.2855
5.47337
5.80621
5.65828
5.43639
5.43639
5.39941
5.10355
5.58432
9.5784
8.9497
9.39349
8.72781
7.95118
8.39497
7.72929
7.76627
7.47041
13.5725
13.8683
13.1287
12.8328
12.8328
12.8698
12.3521
12.6849
12.9808
13.0547
14.0902
13.4246
13.9793
14.2382
14.645
14.608
15.4216
16.2722
15.6065
15.1257
15.8654
15.5695
15.1997
14.4231
15.2367
15.5695
14.8299
15.2737
15.6435
15.8284
15.2367
14.9408
13.1657
12.7219
12.426
12.426
12.2411
12.3151
12.3521
11.6124
8.39497
8.06213
7.43343
7.32249
7.2855
7.13757
7.21154
7.13757
6.6568
3.40237
3.77219
3.66124
3.77219
3.47633
3.58728
3.84615
3.73521
3.3284
3.58728
3.18047
3.73521
3.9571
3.58728
3.84615
3.84615
5.80621
6.13905
6.39793
6.25
6.54586
6.13905
6.39793
5.99112
13.1657
13.9423
13.6834
14.1272
13.5725
13.6464
13.6834
12.6109
15.0888
15.3846
15.0518
15.7914
15.2737
15.2737
15.7544
15.9024
15.1257
15.3476
15.4956
15.0888
14.7189
15.4956
15.3846
15.7175
14.7189
14.0902
13.2766
12.9808
11.9083
11.6494
11.2056
10.8358
10.6509
5.2145
5.14053
5.2145
4.95562
5.06657
4.88166
4.36391
3.69822
2.55178
2.51479
2.47781
2.44083
2.32988
2.44083
2.14497
2.07101
2.18195
1.96006
1.99704
1.92308
1.88609
2.10799
2.03402
2.2929
2.9216
2.47781
2.47781
2.2929
2.32988
2.18195
2.10799
1.6642
1.73817
2.18195
2.03402
2.07101
1.96006
1.88609
1.70118
1.99704
1.55325
8.61686
8.28402
8.46893
8.76479
8.76479
9.13462
8.9497
8.83876
6.95266
7.54438
7.39645
7.61834
8.39497
8.65385
9.06065
8.50592
7.5074
7.43343
7.10059
7.43343
7.43343
7.02663
7.5074
7.10059
7.69231
7.76627
8.32101
8.43195
9.09763
9.43047
9.06065
9.50444
8.5429
10.466
9.98521
10.0222
10.6139
10.0222
9.98521
10.429
10.0962
10.2811
9.98521
9.87426
10.1701
9.98521
10.7249
10.392
10.5399
6.36095
6.95266
6.58284
6.69379
7.06361
7.17456
6.61982
6.91568
6.28698
6.02811
5.91716
6.06509
6.02811
6.10207
5.99112
5.76923
6.02811
6.36095
6.17604
5.99112
5.51036
6.06509
5.99112
6.28698
6.47189
6.73077
6.50888
6.02811
5.95414
5.69527
5.58432
5.36243
4.91864
6.54586
6.47189
6.43491
6.84172
6.54586
6.25
6.50888
6.50888
9.5784
8.98669
9.31953
10.2441
9.39349
9.54142
9.50444
9.46746
9.94822
10.392
10.6509
10.0962
10.0222
10.2811
10.5769
11.3536
9.87426
9.39349
9.43047
9.72633
10.1701
9.94822
9.5784
9.91124
7.24852
7.32249
7.54438
7.61834
7.69231
7.84024
7.43343
7.54438
6.39793
6.28698
6.25
6.06509
6.13905
6.13905
5.95414
5.91716
5.8432
5.54734
5.69527
5.36243
4.91864
5.06657
5.2145
4.73373
5.02959
6.84172
6.61982
6.50888
6.13905
6.02811
5.65828
5.47337
5.32544
7.58136
7.69231
7.47041
7.39645
6.91568
7.5074
7.2855
7.13757
7.87722
7.54438
8.06213
7.72929
8.24704
8.87574
8.9497
9.06065
9.24556
9.8003
9.50444
9.83728
9.61538
9.43047
9.35651
9.39349
11.7973
8.13609
8.09911
7.58136
7.95118
7.58136
7.61834
7.98817
7.35947
6.58284
6.21302
6.10207
5.80621
5.58432
5.36243
5.36243
4.80769
4.5858
4.5858
4.51183
4.36391
4.54882
4.43787
4.80769
4.5858
4.54882
4.54882
4.17899
4.69675
4.36391
4.5858
4.36391
4.43787
6.47189
6.69379
6.32396
6.21302
6.36095
6.17604
6.32396
6.6568
5.88018
5.80621
5.73225
5.54734
5.43639
5.54734
5.32544
5.32544
5.02959
5.88018
5.95414
6.21302
5.99112
5.6213
6.21302
6.32396
6.84172
7.69231
7.72929
8.57988
8.91272
9.13462
8.98669
8.80178
8.72781
7.17456
6.47189
6.69379
6.47189
6.76775
6.98964
6.95266
6.95266
6.80473
6.84172
6.36095
6.61982
6.91568
7.02663
6.76775
6.80473
7.24852
7.9142
7.76627
8.17308
8.32101
8.21006
8.35799
8.06213
7.43343
7.58136
7.72929
7.69231
8.21006
7.76627
8.28402
8.24704
8.57988
7.17456
7.39645
6.95266
7.13757
7.02663
6.80473
6.43491
6.50888
8.35799
7.95118
8.06213
7.39645
7.32249
7.65533
7.17456
7.10059
10.355
9.5784
9.94822
9.72633
9.50444
9.35651
9.83728
10.1701
11.0577
11.5015
11.6494
11.8713
12.2781
12.0192
12.1672
12.8698
11.5754
12.7589
12.7219
12.6109
12.463
12.1672
12.574
12.537
14.4231
8.32101
7.95118
8.65385
8.17308
8.39497
8.13609
8.57988
8.43195
5.80621
5.47337
6.06509
5.8432
6.17604
6.06509
6.25
6.28698
4.95562
5.25148
4.9926
5.17751
5.02959
5.39941
5.2145
5.25148
6.98964
6.8787
6.61982
7.17456
7.17456
7.10059
6.80473
6.25
10.1331
10.429
10.1701
9.94822
9.98521
9.54142
9.13462
9.54142
10.6879
11.2056
10.9837
10.7249
11.0577
11.0207
10.392
10.9837
10.7249
13.2027
12.9438
13.7204
13.3506
13.4246
13.4615
13.3136
13.2396
14.1642
14.3121
14.4231
14.8669
14.3491
14.8669
15.4586
15.7175
12.3521
12.537
12.6109
12.0192
12.574
12.426
11.6864
11.7973
7.32249
7.13757
6.91568
7.24852
7.5074
6.76775
7.21154
6.6568
6.02811
5.73225
6.10207
6.17604
5.88018
6.10207
5.99112
6.13905
6.32396
5.91716
6.43491
5.88018
6.28698
6.36095
6.39793
6.06509
6.13905
5.47337
4.95562
5.54734
5.47337
5.54734
5.28846
4.95562
5.25148
5.73225
5.8432
5.58432
5.47337
5.58432
4.84467
4.80769
4.9926
8.76479
8.50592
8.65385
7.87722
7.80325
8.35799
7.98817
8.24704
10.0962
10.0222
9.65237
9.43047
8.61686
8.65385
8.83876
9.31953
9.1716
9.20858
9.76331
9.5784
9.76331
9.50444
10.503
10.429
9.72633
9.94822
9.91124
9.98521
10.1331
10.318
10.6139
10.5769
10.6509
8.91272
8.5429
8.24704
8.46893
8.98669
8.91272
8.5429
8.28402
6.06509
6.02811
6.32396
6.58284
5.80621
5.88018
6.02811
5.69527
4.77071
4.84467
4.5858
4.95562
4.5858
4.40089
3.88314
3.58728
3.66124
3.84615
3.62426
3.77219
3.84615
4.14201
4.10503
3.92012
7.24852
7.39645
7.65533
7.5074
7.65533
7.72929
8.13609
8.50592
8.28402
12.1672
12.5
12.2781
12.9438
12.9438
13.0917
12.7219
12.537
11.5015
11.4275
10.429
9.91124
9.28254
8.80178
8.46893
7.95118
6.61982
6.17604
6.13905
6.39793
6.10207
6.6568
6.80473
6.43491
6.61982
6.10207
5.80621
5.88018
6.02811
5.76923
5.76923
5.36243
4.25296
4.06805
4.21598
4.51183
4.32692
4.25296
4.03107
4.25296
5.2145
5.25148
5.28846
5.58432
5.91716
6.06509
6.76775
6.98964
7.54438
8.83876
8.43195
9.28254
9.20858
8.98669
9.43047
9.35651
9.76331
9.94822
10.466
9.91124
9.8003
10.2811
10.8728
10.6139
10.7988
10.0592
10.5769
10.7618
10.5399
9.98521
9.94822
10.2071
10.2441
10.6879
10.503
9.87426
9.65237
9.35651
8.46893
8.17308
8.02515
9.50444
9.65237
9.43047
9.1716
8.39497
8.80178
8.5429
7.98817
8.09911
8.61686
8.83876
8.24704
8.50592
8.50592
8.76479
8.17308
8.83876
4.88166
5.02959
5.06657
4.43787
4.36391
4.28994
3.77219
3.69822
2.66272
2.55178
2.6997
2.81065
2.95858
2.95858
3.14349
2.95858
2.62574
2.6997
2.47781
2.73669
2.95858
2.9216
2.77367
2.51479
3.99408
3.92012
3.99408
3.62426
3.84615
3.99408
3.80917
3.47633
6.61982
7.24852
6.61982
7.17456
6.98964
6.6568
6.95266
6.69379
6.58284
11.0207
11.0207
11.3166
10.9837
10.8728
11.4275
11.4275
10.9098
12.537
12.3521
12.2041
12.574
13.0547
12.0562
12.6109
12.2781
11.0577
11.6494
11.0947
11.2056
11.0947
11.1317
10.466
10.392
9.54142
9.31953
9.1716
9.24556
9.13462
8.50592
7.84024
7.98817
8.43195
8.76479
8.28402
8.5429
7.98817
8.02515
7.80325
7.32249
6.69379
6.10207
5.73225
5.43639
5.28846
5.02959
4.73373
5.06657
4.47485
6.39793
6.50888
6.06509
6.21302
6.13905
6.25
6.13905
6.17604
8.65385
9.46746
8.9497
9.09763
8.80178
9.13462
8.21006
8.46893
3.21746
2.99556
3.06953
3.10651
2.77367
3.06953
2.95858
2.99556
3.43935
3.66124
3.5503
3.77219
3.84615
4.14201
4.32692
4.77071
11.5754
11.0207
11.3166
11.3905
11.5385
10.7249
10.429
9.83728
9.1716
6.17604
6.39793
6.06509
6.47189
6.36095
6.36095
6.13905
6.10207
3.36538
3.18047
3.10651
2.88462
2.18195
2.14497
1.77515
1.73817
3.40237
3.36538
3.40237
3.21746
3.40237
3.5503
3.43935
3.5503
4.91864
4.62278
4.54882
4.32692
4.47485
4.32692
4.65976
4.51183
2.9216
2.9216
3.25444
3.99408
3.99408
3.88314
3.80917
4.21598
2.66272
2.99556
2.32988
2.36686
1.99704
1.47929
1.44231
1.44231
1.40533
6.36095
6.10207
6.28698
6.02811
6.13905
6.13905
6.36095
6.39793
9.5784
9.28254
9.06065
9.72633
9.72633
9.1716
9.13462
8.91272
5.28846
5.28846
4.9926
4.51183
4.62278
4.40089
4.69675
4.06805
3.29142
3.18047
2.84763
2.81065
2.14497
2.07101
2.10799
2.36686
5.80621
6.06509
5.65828
5.91716
5.69527
5.88018
5.69527
6.10207
6.10207
4.95562
5.6213
5.58432
5.80621
6.25
5.69527
5.06657
5.10355
3.18047
3.21746
3.40237
2.84763
2.55178
2.40385
1.99704
1.70118
3.21746
2.58876
2.88462
2.81065
2.99556
3.25444
3.36538
3.9571
9.76331
9.50444
9.91124
9.76331
9.54142
9.98521
9.35651
8.91272
4.88166
4.62278
4.25296
4.73373
4.21598
3.92012
3.5503
3.58728
2.44083
2.32988
2.32988
2.84763
2.40385
2.47781
2.55178
2.95858
3.14349
3.62426
3.36538
3.18047
3.84615
4.03107
4.21598
3.77219
3.9571
4.03107
3.5503
3.36538
3.69822
3.80917
3.51331
3.25444
3.51331
3.80917
3.21746
2.88462
2.88462
2.84763
2.6997
3.06953
3.36538
3.62426
3.3284
3.36538
3.40237
3.66124
3.29142
3.47633
3.47633
2.51479
2.21893
2.32988
2.2929
2.66272
2.55178
2.9216
2.25592
1.99704
1.36834
0.591716
0.591716
0.406805
0.369822
0.258876
0.295858
0.221893
6.06509
5.14053
4.77071
5.2145
6.02811
6.25
6.28698
6.25
4.69675
4.54882
4.36391
4.69675
4.62278
4.88166
4.9926
4.80769
2.2929
1.73817
1.33136
0.924556
0.628698
0.480769
0.369822
0.369822
4.54882
4.25296
4.21598
4.43787
4.69675
4.9926
5.36243
5.39941
5.28846
5.36243
5.8432
6.76775
7.17456
7.13757
7.61834
7.21154
7.24852
3.92012
3.88314
3.73521
3.77219
4.06805
4.14201
3.36538
3.9571
3.88314
4.43787
3.58728
4.10503
3.43935
3.47633
3.47633
2.9216
2.51479
2.95858
3.06953
3.10651
3.10651
3.51331
3.69822
3.21746
4.21598
4.14201
3.88314
3.58728
3.9571
3.29142
3.73521
3.77219
4.43787
4.51183
4.21598
4.28994
4.32692
4.47485
4.69675
4.40089
12.0192
11.5385
11.5385
11.1686
11.6494
11.4645
11.2796
11.6494
11.5385
12.426
13.2396
13.3136
12.7589
13.0917
12.7959
12.6109
11.8713
4.73373
4.47485
4.69675
4.95562
4.80769
4.91864
5.10355
5.65828
5.17751
5.06657
5.39941
5.6213
6.21302
6.06509
6.28698
6.06509
5.17751
5.58432
5.54734
5.39941
5.10355
5.02959
5.14053
5.2145
3.21746
3.47633
3.3284
3.51331
3.47633
3.51331
3.5503
3.51331
2.95858
2.99556
2.84763
2.77367
2.14497
2.2929
2.25592
2.2929
2.2929
3.10651
3.21746
3.14349
3.58728
2.95858
3.21746
3.43935
3.10651
3.69822
4.17899
4.14201
4.10503
4.14201
4.36391
4.36391
4.5858
4.40089
4.47485
4.51183
4.69675
4.47485
4.69675
4.69675
4.5858
3.99408
4.21598
4.25296
4.32692
4.47485