7.61834
7.47041
7.39645
7.39645
7.43343
7.72929
7.98817
7.54438
7.9142
7.80325
7.76627
7.43343
7.69231
7.80325
7.80325
7.98817
7.76627
8.09911
7.76627
7.76627
8.09911
7.9142
7.69231
7.9142
7.95118
7.98817
7.95118
8.02515
8.02515
7.95118
8.13609
8.06213
8.02515
8.09911
7.84024
7.98817
8.02515
7.65533
7.5074
8.13609
8.13609
8.28402
7.80325
8.09911
7.87722
8.09911
7.80325
7.87722
8.02515
8.21006
8.17308
8.35799
8.46893
8.17308
8.24704
8.46893
8.39497
8.83876
8.50592
8.17308
7.98817
8.24704
8.83876
8.39497
8.09911
8.43195
8.57988
8.13609
8.02515
8.32101
8.5429
8.32101
8.32101
8.43195
8.39497
8.80178
8.50592
8.69083
8.65385
8.76479
8.69083
9.13462
9.39349
9.43047
8.98669
8.69083
8.98669
9.02367
8.80178
8.87574
8.57988
8.76479
8.43195
8.13609
8.32101
8.02515
7.80325
8.28402
8.43195
7.9142
8.35799
8.39497
8.06213
7.61834
7.84024
7.87722
7.95118
8.02515
7.61834
7.80325
7.47041
7.76627
7.72929
7.17456
7.95118
7.80325
7.72929
7.76627
7.95118
7.32249
7.10059
7.10059
6.98964
8.91272
9.20858
9.02367
8.83876
8.69083
8.61686
8.76479
8.98669
8.21006
8.72781
9.02367
8.28402
9.24556
8.46893
8.69083
8.80178
7.54438
6.95266
7.13757
7.65533
7.54438
7.35947
7.61834
7.58136
7.10059
7.47041
7.13757
7.17456
7.47041
6.95266
6.95266
7.17456
6.73077
7.10059
7.10059
7.21154
7.06361
6.95266
6.91568
6.95266
7.21154
7.2855
6.98964
7.21154
6.76775
7.32249
7.13757
7.39645
7.39645
7.72929
7.9142
7.58136
7.54438
7.58136
7.32249
7.84024
7.43343
7.69231
7.47041
7.17456
7.47041
7.65533
7.02663
7.39645
7.13757
7.61834
7.54438
7.61834
7.95118
7.80325
8.02515
8.24704
7.2855
7.65533
8.5429
8.17308
8.17308
7.95118
8.32101
8.21006
8.32101
8.69083
9.02367
8.83876
8.50592
8.98669
9.20858
9.02367
9.20858
9.06065
8.91272
8.65385
8.76479
8.50592
9.1716
9.20858
9.72633
9.50444
8.65385
8.61686
8.39497
8.39497
8.69083
8.28402
8.83876
8.43195
8.5429
8.24704
8.57988
8.57988
8.83876
8.46893
8.61686
8.32101
8.98669
8.83876
9.28254
9.09763
9.02367
8.76479
8.69083
8.69083
9.50444
9.72633
9.39349
9.28254
9.24556
9.13462
8.76479
8.50592
9.24556
9.02367
8.83876
8.91272
9.1716
8.83876
8.91272
8.72781
9.06065
10.6879
9.87426
10.5399
9.87426
9.8003
10.2071
10.0222
9.8003
7.84024
7.72929
7.69231
7.84024
7.69231
7.69231
7.39645
7.76627
7.06361
7.2855
7.95118
7.39645
7.02663
7.2855
7.06361
7.17456
6.84172
6.6568
6.50888
6.28698
6.84172
6.73077
6.36095
6.50888
6.13905
5.58432
6.28698
6.28698
5.69527
5.91716
5.73225
6.02811
6.39793
6.8787
6.80473
7.43343
7.32249
7.32249
7.61834
7.24852
7.02663
7.39645
7.32249
6.69379
6.02811
6.54586
6.73077
6.80473
6.98964
6.98964
6.98964
6.84172
6.91568
7.17456
7.06361
7.10059
6.95266
7.54438
7.32249
7.80325
7.5074
7.84024
8.21006
8.17308
8.43195
10.355
10.466
10.2441
10.2441
10.0222
9.65237
9.72633
9.83728
8.5429
8.39497
8.5429
8.02515
7.80325
7.80325
7.72929
7.2855
8.06213
6.36095
6.39793
6.36095
6.36095
6.54586
6.50888
6.21302
6.54586
6.25
6.13905
6.47189
6.10207
6.06509
6.39793
6.21302
6.58284
6.80473
6.69379
6.39793
6.17604
6.58284
6.10207
5.91716
5.76923
8.83876
8.72781
9.1716
8.76479
9.28254
9.68935
9.61538
10.1701
13.7574
14.7189
14.8299
14.9038
15.0888
15.3476
14.645
14.571
10.2811
10.503
10.392
9.91124
10.0222
9.39349
9.87426
9.46746
9.72633
7.47041
7.13757
7.10059
7.21154
7.17456
6.84172
6.8787
7.02663
6.10207
6.10207
6.10207
5.6213
6.02811
5.39941
5.6213
6.06509
6.10207
6.02811
5.88018
6.02811
5.76923
5.54734
5.39941
5.39941
7.02663
7.21154
7.17456
6.8787
6.84172
7.10059
6.95266
6.73077
10.5769
10.503
10.1331
10.5399
10.355
10.466
10.9098
11.3536
13.9053
14.3491
14.2012
14.7189
14.7189
14.7189
14.3121
14.4231
14.4601
11.6124
11.5385
11.8343
11.8713
12.2781
11.4645
11.2426
11.2056
8.57988
8.02515
7.61834
8.09911
7.80325
7.76627
7.76627
7.9142
6.61982
6.32396
6.06509
5.73225
5.6213
5.65828
5.54734
5.51036
6.06509
5.65828
5.73225
5.73225
5.43639
5.54734
5.06657
4.9926
7.02663
7.61834
7.54438
7.10059
7.47041
7.35947
7.13757
7.61834
11.7234
11.6124
11.7604
11.3536
11.3166
11.5754
11.3536
11.7973
12.0562
8.28402
8.76479
8.72781
8.69083
8.32101
8.80178
8.21006
8.39497
6.39793
5.73225
5.91716
5.99112
6.17604
5.8432
5.39941
5.36243
6.91568
7.58136
7.13757
6.58284
6.6568
6.6568
6.39793
6.73077
11.0207
10.7249
10.392
10.392
10.7618
11.1317
10.7988
11.0947
10.2071
10.392
10.392
9.91124
10.1701
10.5769
10.0222
9.72633
9.76331
7.06361
7.02663
7.2855
7.32249
7.35947
6.91568
7.13757
7.65533
8.24704
8.28402
7.95118
8.13609
8.02515
7.47041
7.72929
7.69231
7.17456
7.5074
6.98964
7.47041
7.2855
6.8787
7.84024
8.72781
7.69231
7.58136
7.61834
7.54438
7.9142
7.9142
7.80325
7.32249
7.9142
8.02515
7.87722
8.39497
7.72929
7.87722
7.58136
7.72929
7.32249
7.06361
7.21154
7.24852
7.17456
7.47041
7.02663
7.2855
6.95266
7.13757
7.17456
6.8787
6.84172
6.76775
6.69379
6.54586
6.6568
6.50888
6.32396
6.91568
6.25
6.25
6.25
6.32396
6.6568
6.21302
6.06509
6.39793
6.39793
6.21302
6.32396
6.13905
6.50888
5.91716
6.06509
6.80473
6.43491
6.28698
6.58284
6.50888
6.32396
6.69379
6.80473
6.61982
6.58284
6.80473
6.91568
6.61982
6.95266
6.84172
6.17604
6.54586
6.76775
6.39793
6.58284
6.50888
6.73077
6.50888
7.10059
6.54586
7.24852
6.39793
6.61982
6.39793
6.69379
6.8787
7.24852
7.32249
7.06361
7.98817
7.47041
7.72929
7.43343
7.58136
8.28402
8.06213
8.50592
8.69083
8.46893
8.50592
8.28402
7.98817
7.69231
7.61834
7.98817
8.35799
7.9142
7.80325
7.87722
7.58136
7.2855
7.10059
7.47041
7.47041
7.06361
7.17456
7.2855
7.43343
7.2855
7.58136
7.17456
7.24852
7.43343
7.32249
7.35947
6.69379
6.58284
7.06361
6.32396
5.91716
6.13905
5.80621
5.58432
5.17751
5.51036
6.17604
6.47189
5.95414
5.91716
6.21302
5.99112
5.80621
5.6213
5.99112
6.13905
6.21302
5.43639
5.2145
5.54734
5.2145
4.95562
4.47485
4.36391
4.43787
4.28994
4.36391
4.54882
4.28994
4.43787
3.84615
3.80917
3.9571
3.69822
3.69822
4.10503
4.10503
4.06805
4.32692
3.84615
3.84615
3.88314
3.84615
3.66124
3.66124
3.99408
4.10503
3.80917
3.69822
3.80917
3.84615
3.84615
3.80917
3.9571
3.92012
4.28994
4.17899
4.25296
4.51183
4.69675
4.65976
4.5858
4.9926
5.6213
5.47337
5.58432
5.32544
5.39941
5.47337
5.14053
5.25148
5.8432
5.6213
5.99112
5.58432
5.99112
6.58284
6.36095
6.36095
6.73077
6.50888
6.84172
6.98964
7.02663
6.76775
6.95266
6.98964
7.24852
7.21154
7.17456
7.2855
7.61834
7.58136
7.65533
7.76627
7.72929
7.84024
7.95118
7.76627
7.5074
6.8787
7.58136
7.47041
7.61834
6.84172
6.73077
6.32396
6.50888
6.54586
6.61982
6.25
6.21302
6.76775
7.13757
6.6568
6.8787
6.73077
6.32396
6.58284
7.39645
7.9142
7.32249
7.58136
7.43343
8.09911
8.13609
7.95118
7.87722
8.35799
7.84024
7.95118
7.69231
8.39497
8.39497
8.43195
9.02367
8.9497
8.06213
8.43195
8.06213
8.83876
8.87574
8.80178
9.24556
9.50444
9.13462
8.72781
8.65385
8.9497
9.43047
9.31953
9.98521
9.54142
9.46746
9.46746
9.24556
9.09763
9.24556
9.68935
9.13462
9.09763
9.94822
9.28254
9.76331
9.94822
10.0222
9.83728
9.5784
9.02367
9.72633
9.83728
9.61538
9.65237
9.09763
9.20858
8.87574
8.83876
8.43195
8.06213
7.65533
8.02515
7.95118
7.06361
6.95266
6.47189
6.50888
5.91716
5.95414
5.8432
5.32544
5.91716
5.43639
5.17751
5.73225
5.8432
5.69527
5.58432
5.6213
5.51036
6.02811
5.54734
5.80621
6.36095
6.80473
6.50888
6.84172
7.2855
7.17456
7.24852
7.43343
11.2796
11.7234
11.7973
12.426
13.1657
13.1287
12.8328
13.3506
13.6095
14.0902
14.2012
13.9423
14.3491
14.608
15.4586
14.9408
15.4216
14.2382
14.645
14.2751
14.3861
13.9793
14.497
14.3121
13.7574
12.3521
12.2041
12.1672
11.6494
11.7234
11.2796
11.9453
11.3166
9.54142
9.76331
9.46746
9.20858
9.28254
8.76479
8.5429
8.65385
7.9142
7.95118
7.72929
7.39645
7.58136
7.35947
7.61834
7.02663
6.69379
6.91568
7.10059
6.91568
6.54586
6.54586
6.6568
6.25
5.8432
6.02811
5.17751
5.47337
5.69527
5.2145
5.73225
5.43639
5.58432
6.10207
6.50888
6.21302
6.28698
6.69379
6.28698
6.84172
6.8787
6.80473
7.06361
7.17456
7.06361
7.13757
7.02663
7.9142
7.54438
8.76479
8.87574
8.87574
9.06065
9.13462
9.09763
9.31953
9.68935
9.20858
9.43047
10.318
10.2811
9.61538
9.98521
9.94822
10.429
10.2071
9.94822
9.94822
10.392
10.1331
9.83728
10.2441
10.0962
10.6509
9.39349
9.20858
9.83728
9.98521
10.0222
9.46746
9.5784
9.50444
9.43047
9.39349
9.35651
9.35651
8.98669
9.1716
9.35651
9.28254
8.5429
8.57988
8.65385
8.83876
8.57988
9.06065
8.72781
9.13462
7.95118
8.72781
8.65385
9.13462
8.65385
8.32101
8.87574
7.95118
8.43195
8.80178
8.80178
9.13462
8.76479
8.98669
9.24556
9.31953
9.24556
9.68935
10.0962
10.5399
9.94822
9.91124
9.72633
10.318
9.72633
9.35651
9.50444
9.68935
9.20858
8.83876
9.61538
8.91272
9.09763
9.35651
9.50444
9.13462
9.13462
9.06065
9.35651
9.50444
9.31953
10.355
10.1701
9.61538
9.87426
10.1331
10.2441
10.2441
10.2071
11.4645
11.4645
11.4275
11.7604
11.4275
11.6494
11.5754
11.7604
11.7604
11.9453
11.5385
11.1686
11.0947
10.6879
10.8728
11.4275
10.8728
10.2441
10.7249
10.0592
10.392
10.0962
10.5399
10.1701
9.98521
9.43047
9.35651
9.28254
9.43047
9.54142
10.1331
9.35651
9.61538
9.24556
9.09763
9.1716
9.13462
9.1716
8.87574
8.98669
8.72781
8.72781
8.65385
7.98817
7.9142
7.47041
7.72929
7.76627
7.54438
7.5074
7.54438
7.43343
7.72929
7.35947
7.35947
7.17456
7.32249
6.76775
6.8787
7.02663
7.13757
7.21154
7.32249
7.24852
7.02663
6.91568
7.43343
7.2855
7.02663
6.73077
6.80473
7.32249
7.17456
7.10059
7.69231
7.47041
7.80325
7.21154
7.35947
7.47041
7.02663
7.39645
7.32249
6.58284
7.39645
6.8787
7.80325
7.02663
7.58136
7.76627
7.76627
8.13609
8.17308
8.50592
7.72929
7.95118
7.76627
8.09911
7.84024
8.13609
8.13609
8.06213
7.84024
7.47041
7.58136
7.65533
7.32249
7.24852
7.13757
7.06361
7.35947
7.43343
7.13757
6.91568
7.61834
8.06213
8.06213
7.69231
7.84024
7.84024
7.80325
7.80325
7.76627
9.72633
10.0592
9.43047
9.94822
10.0222
9.43047
9.1716
9.31953
9.94822
9.43047
9.28254
8.76479
9.09763
9.28254
9.43047
10.1331
10.9837
10.7249
10.7618
10.9467
10.8728
10.355
10.7988
10.2441
10.9467
10.503
9.91124
10.429
9.5784
9.20858
9.68935
9.76331
9.94822
10.466
9.65237
10.1331
10.5399
9.98521
10.6879
10.1701
10.5769
10.503
10.9467
10.9467
10.8728
10.6509
10.8728
10.7249
10.9837
11.6864
12.0562
11.9453
12.0932
11.9822
12.6849
11.7973
12.3521
10.9837
10.8728
10.6139
10.7249
10.503
10.503
10.8358
11.1686
10.6879
10.7249
10.6509
10.6509
11.1686
11.4275
12.0562
12.426
11.9822
12.2781
12.0562
12.3891
12.2411
12.0192
12.3521
11.7973
11.8343
11.4275
10.7988
11.4275
11.4275
11.7234
11.7234
11.7973
12.3891
9.8003
9.43047
9.91124
9.94822
9.98521
9.1716
9.98521
9.72633
9.09763
9.35651
9.39349
9.39349
9.61538
9.61538
9.50444
9.28254
9.83728
9.98521
9.91124
10.355
10.6509
11.3166
10.7988
11.5385
11.5385
11.1317
11.3166
11.1317
11.4645
11.1686
11.4275
11.3905
10.355
10.7249
10.503
10.7988
9.98521
10.9837
11.2796
10.6879
10.7618
9.72633
9.31953
9.83728
9.87426
8.83876
8.9497
8.83876
8.61686
9.61538
9.43047
9.8003
9.76331
10.1701
10.429
10.2071
10.2811
12.426
12.3891
12.463
12.7589
12.3151
12.7219
13.1657
13.2027
13.0178
13.3136
12.7219
12.6479
12.2041
12.0562
11.9083
11.1317
10.0962
10.6139
9.94822
10.318
10.0222
9.54142
9.65237
9.87426
9.5784
8.28402
8.5429
8.80178
8.61686
9.06065
9.28254
9.06065
8.98669
9.43047
9.1716
9.54142
9.65237
9.54142
9.46746
10.1331
10.1331
10.8358
10.7618
10.9098
10.8358
10.9098
11.2056
11.0207
10.9098
10.6879
10.9467
10.7618
10.392
10.2441
9.94822
9.87426
9.83728
9.65237
9.06065
8.83876
9.06065
8.65385
9.06065
8.28402
8.50592
8.13609
7.9142
8.5429
8.09911
7.80325
8.50592
8.21006
8.24704
8.09911
7.54438
8.28402
8.72781
8.5429
8.21006
8.43195
8.39497
7.84024
9.35651
9.09763
8.57988
8.83876
8.87574
8.28402
8.69083
8.28402
9.28254
9.02367
8.98669
9.13462
9.02367
9.24556
9.39349
9.76331
9.24556
9.20858
9.72633
9.35651
9.39349
8.91272
9.24556
8.83876
7.87722
8.35799
7.76627
7.5074
8.17308
8.09911
7.9142
8.21006
7.98817
7.9142
8.06213
7.65533
7.47041
8.02515
7.65533
7.80325
7.98817
9.91124
9.72633
9.83728
9.65237
9.43047
9.5784
9.61538
10.0222
11.5015
11.3536
10.8728
11.1317
10.429
10.1701
10.2071
10.0592
9.91124
10.1701
9.5784
9.1716
9.5784
8.76479
9.13462
8.17308
8.87574
8.98669
8.35799
9.24556
9.1716
9.13462
9.24556
9.06065
9.46746
8.91272
8.91272
8.9497
8.9497
8.9497
9.1716
8.61686
9.46746
9.13462
9.39349
9.68935
9.02367
9.1716
9.8003
9.76331
9.72633
10.466
9.91124
10.1331
10.318
10.1331
9.94822
9.39349
9.83728
10.2441
10.6509
10.1331
10.429
10.0222
10.466
11.0207
10.6139
10.503
10.5769
11.0577
10.6509
10.7988
10.503
11.0577
10.9098
10.466
10.6879
10.6509
9.68935
10.6509
10.355
10.2811
10.9837
10.6139
11.3905
11.0947
11.7604
11.3536
11.4645
11.3166
11.2056
11.3905
11.2426
11.3536
11.0947
11.2796
10.8728
10.9098
10.9837
10.429
9.83728
9.83728
9.98521
9.94822
10.2811
10.6879
10.7618
10.6509
8.87574
8.9497
9.02367
8.65385
8.83876
8.35799
8.24704
7.95118
9.5784
9.72633
9.91124
10.0222
10.2811
10.7618
9.91124
10.5769
11.6494
11.8713
11.9822
12.463
12.574
12.0932
11.9453
12.7219
11.9083
12.0932
12.0192
11.9822
12.426
12.537
12.574
12.426
12.537
12.3151
12.6109
12.6109
12.3151
12.463
12.463
11.9453
12.3521
11.6864
11.8713
11.5385
11.7604
12.6109
11.5385
12.463
12.2781
13.2766
12.8328
12.8698
13.2027
13.0547
13.2766
13.2396
12.9808
13.2396
13.8314
14.0533
14.3121
13.3876
13.4985
14.3861
13.5355
11.3166
11.0207
10.9467
11.2056
10.9467
10.7618
10.466
10.503
10.429
8.83876
8.43195
8.32101
8.72781
8.91272
8.21006
8.32101
8.09911
7.76627
7.95118
7.9142
7.58136
7.72929
7.87722
7.61834
7.43343
9.20858
9.09763
9.02367
9.1716
9.39349
9.61538
9.24556
9.39349
9.87426
9.43047
9.83728
9.87426
10.318
10.2811
10.6139
9.87426
9.43047
9.1716
9.50444
9.31953
9.28254
9.1716
9.1716
8.9497
8.28402
8.39497
8.46893
7.95118
8.06213
7.65533
8.02515
8.32101
8.35799
9.61538
10.1331
9.31953
9.31953
9.20858
9.09763
8.72781
9.5784
10.8358
10.355
10.5399
10.392
9.65237
9.65237
9.68935
8.80178
9.76331
8.80178
8.50592
8.5429
8.17308
8.91272
8.21006
8.09911
7.80325
7.5074
7.84024
7.65533
7.95118
8.28402
8.32101
8.35799
8.69083
8.06213
8.76479
8.17308
8.46893
8.83876
8.91272
9.61538
9.06065
9.91124
9.8003
9.94822
9.98521
9.91124
10.318
9.91124
10.503
10.7988
11.0577
11.6124
10.9467
11.2056
11.1686
11.4275
11.6124
11.5754
11.9453
11.6864
11.2056
11.7973
11.5385
11.9083
11.6864
11.1317
10.8358
10.8358
10.7618
11.0947
11.1317
11.5015
11.3905
11.6124
11.9453
11.6124
12.463
12.2411
12.1302
12.0562
11.4275
11.2056
11.3166
11.4645
11.4645
11.5385
11.0577
11.3905
11.6864
11.9083
11.0947
11.5385
11.6124
11.6124
10.9837
11.0207
10.8358
10.9837
11.6124
11.5754
11.1317
11.3536
11.5015
12.0192
11.8713
12.0932
11.6864
12.2781
11.9822
12.574
11.9822
12.3891
12.6479
12.0562
10.7618
10.9098
11.2796
11.3536
11.2056
11.3166
11.5754
11.2796
10.429
10.466
11.3166
10.355
10.6509
10.9467
10.429
10.8728
11.5754
10.9467
11.1686
10.7249
11.0207
10.8728
10.5399
10.9837
10.5769
11.6124
11.7604
12.0562
12.2041
12.3521
12.574
12.574
12.5
13.6834
14.1272
14.0902
13.2396
13.8683
13.7944
13.3136
13.2766
10.466
10.7249
10.9837
11.0947
10.392
10.7249
10.2071
9.98521
8.61686
8.09911
8.24704
8.06213
7.84024
7.80325
8.02515
7.87722
8.39497
8.69083
8.91272
8.24704
8.06213
8.46893
8.02515
8.69083
9.87426
9.8003
10.0222
9.65237
9.61538
9.50444
9.28254
9.28254
9.61538
9.5784
9.35651
9.39349
9.72633
9.83728
10.1701
9.94822
10.466
8.61686
8.5429
7.95118
8.72781
8.61686
8.5429
8.39497
7.9142
6.98964
6.84172
6.84172
6.61982
6.80473
7.21154
6.91568
6.8787
7.9142
7.72929
8.72781
7.69231
7.95118
7.84024
7.65533
7.87722
10.9837
10.9837
10.9837
11.0207
10.9837
10.8728
10.8728
11.0577
11.2796
11.7234
12.0932
11.6124
11.7973
11.5015
11.6864
10.7618
10.355
9.28254
9.24556
9.09763
8.83876
9.20858
8.5429
8.39497
7.98817
8.5429
8.06213
8.39497
8.72781
8.9497
8.61686
8.98669
8.17308
8.46893
8.76479
8.57988
8.32101
7.87722
7.84024
7.24852
7.65533
7.2855
7.98817
7.87722
7.2855
7.47041
7.65533
7.17456
7.13757
6.95266
6.36095
6.50888
6.54586
6.36095
6.98964
6.84172
6.36095
6.43491
5.65828
5.73225
5.99112
5.51036
5.43639
5.73225
5.51036
5.95414
4.91864
4.88166
5.14053
4.84467
4.91864
4.95562
4.77071
4.80769
4.5858
4.65976
5.10355
5.36243
5.2145
5.32544
5.6213
5.88018
4.9926
4.36391
4.5858
4.62278
5.32544
5.02959
4.5858
4.36391
4.17899
4.80769
4.5858
4.73373
4.10503
3.88314
3.73521
3.77219
3.21746
3.21746
2.99556
2.84763
2.58876
2.88462
3.10651
3.18047
3.21746
2.84763
2.9216
3.40237
3.21746
3.43935
3.43935
3.99408
3.88314
4.28994
4.32692
4.43787
4.21598
4.03107
3.5503
3.88314
3.99408
4.25296
4.47485
4.51183
4.65976
4.91864
4.54882
4.28994
4.14201
3.99408
4.03107
3.69822
3.66124
3.92012
3.51331
3.40237
3.5503
3.18047
3.10651
2.99556
3.29142
3.29142
3.69822
3.69822
3.3284
3.77219
3.3284
3.25444
3.66124
3.36538
3.18047
3.58728
3.77219
3.5503
5.06657
4.84467
5.06657
4.84467
4.91864
5.32544
5.10355
5.10355
5.2145
5.80621
6.13905
6.21302
6.06509
5.99112
5.69527
5.73225
6.73077
6.54586
6.36095
5.99112
5.73225
5.99112
5.99112
5.80621
5.69527
5.73225
5.73225
6.06509
5.95414
5.54734
5.91716
5.91716
5.39941
5.02959
4.77071
5.14053
4.95562
4.84467
5.25148
4.91864
4.84467
5.25148
5.06657
5.10355
5.36243
4.9926
4.95562
4.84467
4.69675
5.2145
5.06657
5.2145
5.6213
5.39941
5.25148
5.99112
5.6213
5.17751
5.2145
5.02959
4.5858
4.84467
4.65976
4.43787
4.32692
4.40089
4.10503
4.06805
3.69822
3.58728
3.5503
3.51331
3.5503
3.77219
4.03107
3.99408
4.14201
4.65976
5.43639
5.47337
5.2145
5.65828
6.76775
6.21302
6.02811
5.91716
5.91716
5.6213
5.14053
5.28846
5.25148
5.10355
4.9926
5.02959
4.40089
4.9926
4.5858
4.43787
3.69822
3.58728
3.40237
3.43935
3.47633
3.51331
3.5503
3.69822
3.14349
2.84763
2.66272
2.84763
2.62574
2.66272
2.81065
2.55178
3.25444
3.29142
3.47633
3.47633
3.58728
3.36538
3.21746
3.29142
5.58432
5.8432
5.76923
6.36095
5.88018
5.76923
6.28698
6.25
5.69527
8.9497
8.76479
7.47041
6.36095
6.06509
5.69527
4.95562
4.91864
5.6213
5.6213
5.39941
5.88018
6.06509
6.17604
6.06509
6.28698
3.58728
3.5503
3.5503
3.77219
4.25296
3.92012
3.84615
3.92012
3.10651
3.18047
3.3284
3.47633
3.21746
3.51331
3.36538
3.80917
4.73373
4.5858
4.77071
4.91864
4.88166
4.5858
4.91864
4.77071
4.51183
4.21598
4.54882
4.65976
4.80769
4.36391
4.40089
4.5858
4.21598
4.32692
4.14201
4.40089
4.10503
4.28994
4.25296
4.25296
4.5858
3.92012
4.32692
4.28994
4.17899
4.14201
4.10503
4.06805
4.25296
3.99408
4.03107
4.14201
3.99408
3.88314
3.80917
3.9571
3.99408
3.40237
3.62426
3.36538
3.29142
3.25444
3.29142
3.3284
3.14349
3.51331
3.43935
3.58728
3.40237
3.80917
3.47633
3.62426
3.47633
3.66124
3.77219
3.77219
3.5503
3.69822
3.88314
3.62426
3.47633
3.5503
3.18047
3.14349
3.03254
3.06953
3.14349
2.9216
2.95858
2.95858
2.73669
2.55178
2.58876
2.73669
2.40385
2.25592
2.2929
2.51479
2.51479
2.55178
2.58876
2.36686
2.40385
2.32988
2.10799
2.25592
2.6997
2.66272
3.14349
2.73669
2.99556
2.84763
2.81065
2.88462
3.21746
2.99556
3.03254
3.03254
3.25444
3.14349
2.99556
3.36538
3.69822
3.40237
3.9571
4.06805
3.88314
4.10503
4.06805
4.21598
4.54882
4.62278
4.62278
4.65976
4.69675
4.80769
4.88166
4.51183
4.80769
5.39941
5.65828
5.58432
5.47337
5.17751
4.80769
4.73373
4.54882
4.77071
4.77071
4.43787
4.51183
4.5858
4.5858
4.43787
4.32692
4.32692
4.14201
4.28994
3.80917
4.10503
4.14201
4.06805
4.03107
3.66124
3.51331
3.51331
3.5503
3.47633
3.3284
3.36538
3.3284
3.29142
3.21746
2.88462
3.18047
3.36538
3.10651
3.10651
3.3284
3.40237
2.99556
2.95858
3.14349
3.06953
2.99556
2.9216
3.47633
3.40237
3.3284
3.21746
3.40237
3.47633
3.58728
3.43935
3.58728
3.5503
3.10651
3.06953
3.06953
2.9216
2.99556
2.81065
3.06953
2.88462
2.95858
3.29142
2.99556
2.88462
2.95858
2.84763
3.03254
2.73669
3.9571
3.69822
3.5503
3.25444
3.21746
3.36538
3.21746
3.43935
3.29142
4.06805
3.73521
3.5503
4.06805
4.03107
3.80917
4.06805
3.9571
4.03107
4.28994
4.03107
4.06805
4.06805
4.10503
4.03107
4.06805
3.3284
3.29142
3.29142
3.5503
3.43935
3.62426
3.51331
3.5503
3.62426
3.73521
3.69822
3.51331
3.21746
3.3284
3.47633
3.3284
3.62426
3.73521
3.66124
3.69822
3.69822
3.80917
3.73521
3.51331
3.88314
3.66124
3.62426
3.69822
3.99408
3.84615
3.66124
3.58728
3.77219
3.92012
3.88314
4.10503
3.99408
3.84615
3.73521
3.69822
3.69822
3.58728
3.92012
3.5503
3.66124
3.69822
3.77219
3.92012
3.92012
3.69822
3.69822
3.77219
3.40237
3.5503
3.62426
3.69822
3.51331
3.73521
3.66124
3.77219
3.58728
3.77219
3.66124
3.73521
3.5503
3.73521
3.69822
3.88314
3.77219
3.9571
3.84615
3.88314
4.06805
3.88314
3.58728
3.66124
3.80917
3.58728
3.69822
3.73521
3.40237
3.62426
3.58728
3.36538
3.47633
3.47633
3.66124
3.69822
3.84615
3.77219
3.77219
3.51331
3.92012
3.9571
3.77219
3.9571
3.99408
3.92012
3.80917
4.06805
3.99408
3.51331
3.3284
3.29142
3.5503
3.69822
3.62426
3.62426
3.66124
3.40237
3.43935
3.62426
3.47633
3.36538
3.58728
3.51331
3.69822
3.69822
3.84615
3.66124
3.51331
3.66124
3.43935
3.58728
3.58728
3.62426
3.62426
3.77219
3.80917
3.3284
3.62426
3.43935
3.43935
3.69822
3.92012
3.9571
3.84615
3.80917
3.88314
3.62426
3.5503
3.47633
3.51331
3.66124
3.58728
3.3284
3.66124
3.51331
3.77219
3.69822
3.69822
3.66124
3.51331
3.62426
3.62426
3.66124
3.40237
3.51331
3.47633
3.51331
3.51331
3.66124
3.62426
3.69822
3.88314
3.66124
3.66124
3.69822
3.73521
3.66124
3.77219
3.77219
3.69822
3.5503
3.62426