7.47041
7.10059
7.13757
7.13757
7.43343
7.61834
7.72929
7.76627
7.5074
7.47041
7.58136
7.39645
7.32249
7.47041
7.2855
7.17456
7.21154
7.02663
7.39645
7.43343
6.91568
7.24852
7.39645
7.2855
7.65533
7.39645
7.47041
6.98964
7.5074
7.17456
7.54438
7.35947
7.06361
7.32249
7.17456
7.06361
7.13757
7.13757
7.21154
6.98964
7.24852
7.10059
7.32249
6.91568
6.76775
7.65533
7.13757
6.73077
7.13757
6.91568
6.8787
7.06361
6.91568
7.02663
7.02663
6.84172
6.58284
7.06361
6.69379
6.84172
6.8787
6.47189
6.6568
6.6568
6.6568
6.61982
6.80473
6.73077
6.76775
7.21154
6.73077
7.02663
6.8787
6.73077
6.6568
6.91568
6.6568
6.73077
6.36095
6.25
6.6568
6.98964
6.80473
6.61982
6.69379
6.91568
7.02663
6.58284
7.24852
7.10059
6.61982
7.24852
6.8787
6.95266
7.24852
7.54438
7.39645
7.61834
7.69231
6.95266
7.9142
7.13757
7.10059
7.21154
7.24852
7.2855
7.5074
7.61834
7.65533
7.5074
7.69231
7.61834
7.69231
7.10059
7.47041
7.54438
7.24852
7.24852
7.24852
7.2855
7.2855
7.47041
7.69231
7.43343
7.39645
7.39645
7.65533
7.58136
7.47041
7.10059
7.65533
7.58136
7.72929
8.09911
7.84024
7.5074
7.69231
7.61834
7.98817
8.13609
8.43195
8.76479
8.80178
8.43195
8.83876
8.5429
8.5429
8.39497
7.43343
7.54438
7.17456
6.98964
7.32249
7.32249
7.10059
6.84172
6.69379
7.2855
6.69379
6.47189
6.47189
6.84172
6.80473
6.61982
6.32396
6.25
6.02811
6.06509
6.28698
6.17604
5.58432
5.80621
6.76775
6.36095
6.28698
6.02811
6.58284
6.25
5.88018
6.02811
8.32101
8.28402
7.80325
7.98817
7.87722
7.98817
7.98817
7.72929
7.76627
7.84024
8.06213
7.95118
7.65533
8.24704
7.5074
8.13609
7.2855
4.95562
4.95562
5.10355
4.84467
4.9926
4.80769
4.28994
4.54882
3.77219
3.40237
3.88314
4.06805
3.99408
3.84615
4.10503
3.9571
3.99408
3.69822
3.9571
4.06805
4.21598
4.17899
4.03107
4.06805
5.76923
5.65828
5.69527
6.10207
6.17604
6.47189
6.25
6.21302
9.50444
10.0222
9.87426
9.98521
9.31953
9.72633
9.65237
9.43047
9.24556
8.43195
8.72781
8.61686
8.24704
8.06213
8.61686
8.17308
8.32101
6.80473
6.98964
7.35947
7.02663
7.35947
7.21154
6.8787
6.54586
8.02515
7.84024
7.5074
7.72929
7.9142
7.65533
7.69231
7.69231
8.35799
8.32101
8.32101
8.02515
8.17308
8.39497
8.5429
8.06213
6.91568
7.54438
7.24852
7.58136
7.17456
7.5074
7.35947
7.5074
6.91568
8.02515
7.84024
7.61834
7.47041
7.9142
8.17308
8.32101
8.76479
7.10059
7.2855
7.24852
7.80325
7.43343
7.2855
7.47041
7.58136
6.43491
5.95414
6.13905
6.47189
6.36095
6.6568
6.61982
7.02663
5.69527
5.73225
5.8432
5.32544
5.73225
5.36243
5.65828
5.43639
7.02663
7.21154
6.95266
7.06361
7.10059
7.02663
7.13757
6.8787
11.9822
11.6124
11.8713
11.8713
11.9453
12.426
12.5
12.6849
13.2027
11.2056
10.8728
11.0207
11.3166
11.1686
10.9098
10.7249
10.6139
6.80473
6.43491
6.54586
6.21302
6.10207
6.06509
6.32396
6.25
5.17751
4.69675
5.36243
4.54882
4.54882
4.5858
4.5858
4.51183
6.76775
6.21302
6.28698
6.32396
6.02811
6.21302
6.10207
5.69527
7.69231
7.76627
7.58136
7.54438
7.24852
7.13757
7.47041
7.35947
7.06361
8.09911
7.80325
8.13609
8.02515
7.87722
7.61834
8.24704
8.17308
7.10059
7.21154
7.39645
7.69231
7.39645
7.54438
7.2855
7.10059
7.65533
7.98817
7.69231
7.76627
7.98817
7.2855
7.72929
7.39645
8.17308
8.17308
8.13609
8.61686
9.09763
8.65385
8.57988
8.50592
7.65533
7.21154
7.17456
7.21154
7.39645
7.58136
7.5074
7.61834
8.57988
8.39497
8.28402
8.35799
8.35799
8.65385
8.21006
7.87722
7.98817
7.54438
7.39645
7.69231
7.80325
7.72929
8.13609
8.09911
8.24704
6.58284
6.91568
7.21154
6.84172
6.84172
7.06361
7.43343
7.02663
6.58284
6.58284
6.36095
6.32396
6.61982
6.58284
6.69379
6.50888
5.91716
5.47337
5.95414
6.02811
5.6213
6.06509
5.69527
5.51036
8.39497
8.72781
8.57988
8.5429
8.46893
8.69083
8.24704
8.72781
11.7234
12.3151
12.0192
12.5
12.9808
12.463
12.9438
12.7589
13.0178
9.43047
9.13462
9.24556
8.87574
8.80178
8.43195
8.5429
8.39497
5.17751
5.2145
5.32544
5.36243
4.84467
5.28846
5.36243
5.28846
4.62278
4.5858
4.80769
4.62278
4.28994
4.14201
4.43787
4.28994
6.02811
6.43491
6.43491
5.99112
6.36095
5.91716
5.91716
6.17604
7.17456
7.02663
7.2855
7.13757
6.6568
6.80473
6.84172
7.10059
6.58284
6.54586
6.32396
6.39793
6.25
6.69379
6.36095
6.25
6.06509
5.88018
5.80621
5.91716
6.39793
5.95414
5.91716
5.88018
6.32396
6.95266
7.02663
6.69379
6.25
6.84172
6.8787
6.47189
6.54586
6.91568
7.06361
7.13757
7.2855
6.98964
7.17456
7.21154
7.58136
8.83876
8.87574
8.65385
8.69083
8.09911
8.46893
8.21006
7.98817
7.10059
6.80473
6.73077
6.84172
6.32396
6.73077
6.58284
6.54586
6.58284
5.02959
4.84467
4.77071
4.88166
4.91864
4.65976
4.80769
5.10355
4.10503
4.17899
4.54882
4.51183
4.51183
4.54882
4.28994
4.91864
4.84467
4.84467
4.95562
5.14053
4.84467
4.5858
4.40089
4.43787
6.21302
6.6568
6.43491
6.54586
6.73077
6.32396
6.73077
6.61982
7.65533
8.35799
9.24556
8.72781
8.32101
8.06213
8.43195
8.91272
9.13462
6.84172
6.61982
6.98964
6.58284
6.73077
7.06361
6.6568
6.58284
6.32396
6.25
5.80621
6.28698
5.88018
5.6213
6.02811
5.99112
6.36095
5.95414
6.17604
5.88018
5.95414
6.36095
6.06509
6.02811
7.84024
7.35947
7.9142
7.76627
7.76627
8.24704
8.02515
7.54438
8.17308
8.46893
8.57988
8.39497
8.9497
8.61686
8.5429
9.02367
6.91568
7.32249
7.24852
7.54438
7.76627
7.72929
7.65533
7.43343
7.61834
7.58136
7.98817
7.84024
7.61834
7.43343
7.69231
7.76627
7.80325
7.35947
7.47041
7.5074
7.5074
8.09911
7.47041
7.76627
8.17308
7.06361
7.02663
7.02663
7.10059
7.39645
7.32249
7.5074
7.5074
9.13462
8.76479
9.09763
8.80178
9.39349
8.98669
9.02367
9.50444
8.57988
8.50592
8.80178
9.02367
8.80178
8.9497
8.72781
8.76479
6.25
6.69379
6.69379
6.95266
7.10059
6.91568
6.69379
7.10059
6.95266
4.36391
4.25296
4.28994
4.62278
3.9571
4.32692
3.92012
4.21598
6.50888
6.76775
6.58284
6.47189
6.47189
6.02811
6.32396
5.99112
11.0577
10.5769
10.6139
10.7249
10.429
10.9837
10.7249
11.2426
12.463
13.0547
12.6109
12.9808
13.0547
13.0917
13.2396
13.2766
8.69083
8.5429
9.06065
9.24556
8.5429
8.80178
8.98669
8.72781
6.06509
5.95414
5.95414
5.99112
5.99112
6.10207
5.73225
5.99112
6.02811
4.69675
4.69675
5.36243
5.02959
4.77071
4.9926
4.88166
5.02959
6.73077
6.21302
6.6568
5.73225
6.32396
5.88018
5.95414
5.91716
8.76479
8.5429
9.50444
8.06213
8.87574
9.20858
9.31953
8.50592
9.02367
9.28254
9.61538
9.20858
8.98669
9.24556
8.91272
9.61538
7.21154
7.24852
7.2855
7.2855
7.58136
7.10059
7.02663
6.76775
6.91568
7.32249
7.76627
7.10059
7.32249
6.98964
7.2855
7.58136
7.21154
6.98964
6.8787
6.43491
6.8787
6.95266
7.24852
6.91568
6.73077
7.35947
7.17456
7.21154
7.24852
7.2855
7.17456
6.95266
7.17456
9.39349
8.72781
8.91272
8.65385
8.35799
8.65385
8.91272
7.95118
7.98817
7.72929
7.65533
7.47041
7.58136
7.72929
7.35947
7.21154
4.9926
4.73373
4.95562
5.02959
5.25148
5.80621
5.36243
5.8432
5.58432
4.91864
4.62278
4.77071
5.32544
5.02959
4.54882
4.47485
4.06805
5.39941
5.69527
5.02959
4.77071
4.91864
4.73373
4.9926
4.73373
10.8728
10.8728
10.7618
10.5769
10.8728
10.6139
10.6879
10.7249
10.2441
10.5769
10.5769
10.6139
10.6139
10.466
10.8358
10.9467
6.91568
6.80473
6.6568
6.80473
6.98964
6.73077
6.76775
6.76775
6.69379
5.32544
5.76923
5.54734
5.10355
5.02959
5.17751
5.25148
5.10355
5.99112
6.17604
6.02811
5.95414
5.73225
5.65828
5.73225
5.14053
7.65533
7.02663
7.69231
7.43343
7.84024
8.13609
7.84024
8.06213
8.9497
9.35651
9.72633
9.54142
9.68935
9.5784
9.28254
9.31953
7.06361
6.80473
7.06361
6.95266
6.95266
7.47041
7.24852
7.13757
6.69379
6.95266
6.8787
6.76775
7.17456
7.10059
7.32249
7.21154
7.21154
6.6568
6.91568
7.06361
7.06361
7.10059
6.80473
6.84172
6.54586
7.58136
7.21154
7.2855
7.21154
7.32249
7.24852
7.47041
7.84024
10.1701
11.2056
11.8713
12.0192
12.6849
13.0178
12.9068
13.1657
10.503
10.2071
10.9098
10.6509
10.466
10.7988
10.9467
10.466
7.98817
7.54438
7.98817
7.39645
7.47041
7.35947
7.21154
7.06361
7.58136
7.24852
6.95266
6.8787
6.58284
6.39793
6.21302
6.32396
5.73225
10.0222
10.0222
10.2071
9.39349
10.0222
9.76331
9.87426
10.0222
11.7604
11.7234
11.5754
11.5015
11.7234
11.7234
12.0932
11.5385
10.0962
10.2811
9.8003
9.61538
10.0592
10.0592
10.355
9.76331
5.73225
5.91716
5.76923
5.73225
5.88018
5.65828
6.17604
5.99112
5.88018
5.65828
5.6213
5.69527
5.06657
5.54734
4.88166
4.88166
5.36243
6.95266
6.28698
6.13905
5.88018
5.54734
6.36095
6.21302
5.69527
7.72929
7.54438
7.39645
7.69231
8.24704
7.84024
8.39497
8.35799
7.84024
7.35947
7.47041
7.35947
7.21154
7.21154
7.10059
7.2855
7.06361
7.21154
7.65533
7.32249
7.24852
6.58284
7.21154
6.98964
7.2855
7.39645
7.13757
7.39645
7.84024
7.87722
7.98817
7.72929
8.50592
8.46893
7.5074
7.76627
7.98817
7.58136
7.61834
7.80325
7.98817
8.61686
8.46893
8.65385
8.50592
8.61686
8.17308
7.76627
6.95266
6.84172
6.95266
7.65533
7.72929
7.72929
7.80325
7.69231
8.17308
7.24852
6.8787
6.8787
7.43343
6.95266
6.58284
7.32249
7.39645
7.72929
7.5074
7.65533
7.69231
7.76627
7.76627
7.24852
7.2855
7.02663
7.21154
6.84172
7.32249
7.32249
7.35947
7.2855
7.35947
7.21154
7.06361
6.8787
7.32249
7.72929
7.32249
7.58136
7.9142
7.69231
8.09911
8.06213
8.28402
8.17308
8.17308
7.98817
7.2855
7.95118
8.57988
8.13609
8.28402
8.83876
8.76479
7.80325
8.02515
7.9142
7.54438
7.87722
7.95118
7.61834
7.39645
7.10059
7.69231
7.5074
7.69231
7.39645
7.69231
7.47041
7.61834
8.24704
8.06213
8.13609
7.21154
7.72929
7.35947
7.2855
7.54438
7.17456
7.5074
7.02663
7.5074
9.06065
8.06213
7.72929
7.58136
7.17456
6.95266
7.06361
7.65533
6.36095
7.13757
7.61834
7.76627
8.06213
8.02515
7.54438
7.61834
6.98964
7.02663
7.06361
7.24852
7.24852
6.8787
7.58136
7.61834
8.17308
7.80325
7.32249
7.80325
7.80325
8.17308
8.13609
8.06213
7.72929
8.50592
7.80325
7.9142
7.2855
7.5074
7.13757
6.98964
6.95266
6.69379
7.24852
7.58136
8.24704
7.61834
7.61834
7.17456
7.32249
7.2855
7.17456
7.17456
7.69231
7.76627
7.72929
7.13757
7.06361
6.95266
7.43343
7.47041
7.65533
7.32249
7.98817
8.17308
7.80325
7.61834
7.47041
6.91568
6.76775
7.02663
6.95266
6.6568
7.13757
7.9142
8.13609
7.87722
8.13609
7.9142
7.80325
8.28402
8.13609
8.76479
8.61686
8.17308
7.69231
7.24852
7.5074
7.76627
8.06213
7.13757
7.2855
7.39645
7.35947
7.35947
7.24852
7.2855
7.13757
6.91568
6.73077
7.32249
7.65533
7.84024
7.5074
7.61834
7.54438
7.43343
7.65533
7.80325
7.47041
8.17308
8.39497
7.98817
7.54438
7.39645
7.10059
7.39645
7.43343
7.32249
7.84024
7.72929
8.17308
8.06213
7.61834
7.13757
7.06361
6.69379
6.69379
6.8787
7.47041
7.35947
7.35947
7.69231
7.47041
6.95266
7.5074
7.02663
7.10059
7.24852
7.35947
8.65385
8.91272
8.35799
8.02515
7.24852
7.39645
7.24852
7.58136
7.02663
6.76775
7.02663
7.2855
7.17456
7.39645
7.65533
7.39645
6.95266
6.95266
6.8787
6.61982
6.6568
6.8787
6.84172
6.91568
6.95266
7.84024
7.61834
7.58136
7.24852
7.06361
7.5074
7.2855
7.17456
7.72929
7.72929
7.58136
7.54438
7.5074
7.32249
7.06361
6.69379
6.50888
6.43491
6.28698
6.76775
6.8787
7.02663
6.80473
6.76775
6.84172
6.50888
6.36095
6.36095
6.32396
6.50888
6.69379
6.95266
6.69379
7.24852
7.32249
7.06361
7.10059
6.98964
7.2855
6.8787
6.8787
6.84172
6.80473
6.76775
6.95266
6.73077
6.80473
6.84172
6.91568
6.80473
7.06361
7.02663
7.10059
7.02663
6.73077
6.91568
7.02663
6.91568
6.84172
6.6568
7.06361
6.76775
6.95266
7.06361
7.17456
7.02663
6.80473
7.02663
7.21154
7.54438
7.58136
7.69231
7.87722
7.54438
7.98817
7.61834
7.43343
7.47041
6.47189
6.76775
6.6568
6.80473
6.76775
6.6568
6.6568
6.80473
6.95266
6.6568
6.84172
7.17456
6.98964
7.72929
7.35947
7.24852
7.13757
7.43343
7.43343
8.21006
8.06213
8.02515
7.35947
8.06213
7.9142
7.72929
7.06361
7.54438
7.2855
6.84172
6.98964
6.6568
6.50888
6.21302
6.21302
5.88018
7.02663
7.17456
7.2855
7.17456
6.47189
6.58284
5.99112
5.88018
7.61834
6.69379
6.43491
6.25
6.36095
6.13905
6.13905
5.51036
5.65828
5.36243
4.80769
4.28994
3.58728
3.66124
2.81065
2.44083
2.36686
2.07101
2.14497
1.77515
1.70118
1.96006
1.73817
1.77515
2.47781
2.2929
2.47781
2.81065
2.81065
2.58876
2.62574
2.58876
3.36538
3.10651
2.88462
2.84763
2.99556
2.55178
2.25592
2.58876
2.84763
3.47633
3.51331
3.43935
3.62426
3.40237
3.14349
3.47633
3.47633
3.40237
3.47633
3.69822
3.73521
3.58728
3.77219
3.80917
3.77219
3.69822
4.25296
3.69822
3.66124
3.58728
3.84615
3.77219
3.84615
3.66124
4.10503
3.77219
3.99408
4.36391
4.10503
4.25296
4.03107
4.21598
3.99408
4.21598
4.10503
3.9571
4.40089
4.51183
4.40089
4.51183
4.88166
4.77071
4.54882
4.5858
4.54882
4.84467
5.06657
4.95562
4.51183
4.51183
4.65976
4.84467
5.02959
4.80769
4.88166
4.73373
4.9926
5.14053
4.84467
5.02959
5.36243
5.14053
5.25148
5.39941
5.02959
5.32544
4.88166
5.17751
4.9926
5.39941
5.39941
6.10207
5.47337
5.47337
5.88018
5.80621
5.43639
5.91716
6.10207
6.28698
5.69527
5.58432
5.58432
5.47337
5.32544
4.73373
5.06657
4.73373
4.77071
4.84467
4.91864
5.06657
5.10355
5.54734
5.6213
5.73225
5.54734
5.25148
5.47337
5.25148
5.10355
4.51183
4.47485
4.51183
4.28994
4.88166
5.17751
5.25148
5.02959
5.25148
5.10355
5.25148
4.84467
5.6213
5.43639
5.39941
5.36243
5.25148
5.25148
5.65828
5.14053
6.17604
5.80621
5.95414
4.9926
5.14053
5.25148
4.80769
5.02959
4.51183
4.54882
4.54882
4.62278
4.9926
4.88166
4.91864
4.54882
4.62278
4.69675
4.77071
4.77071
4.95562
5.28846
5.36243
5.25148
5.17751
5.14053
5.2145
5.2145
5.47337
5.25148
5.47337
5.39941
5.47337
5.6213
5.6213
5.8432
5.6213
5.65828
5.91716
5.65828
6.13905
5.32544
5.32544
5.69527
5.39941
5.69527
5.51036
5.39941
5.8432
5.58432
5.6213
5.6213
5.80621
5.51036
5.99112
6.25
6.21302
6.58284
5.88018
5.80621
6.10207
5.88018
6.13905
5.8432
5.58432
5.88018
5.25148
5.36243
5.76923
5.65828
6.02811
5.43639
5.8432
5.88018
5.8432
5.95414
5.6213
5.99112
6.36095
5.80621
5.65828
5.76923
5.14053
5.06657
5.25148
5.65828
5.8432
5.43639
5.25148
5.25148
5.58432
5.10355
5.32544
5.43639
5.69527
5.43639
5.91716
5.73225
5.47337
5.76923
5.88018
5.88018
6.06509
5.95414
6.25
6.25
6.54586
6.10207
5.95414
6.47189
6.98964
6.50888
6.84172
6.6568
6.80473
6.6568
6.8787
6.91568
7.13757
7.39645
7.32249
7.5074
7.5074
7.61834
7.61834
7.84024
8.39497
8.21006
8.32101
8.76479
8.76479
8.72781
8.87574
8.87574
9.65237
10.1331
10.466
10.5399
10.9467
11.1686
11.2796
10.466
10.8728
11.2796
11.7973
12.2041
12.7959
12.0932
12.463
13.0917
13.9423
14.645
15.2737
15.4586
16.3092
17.0858
16.0873
16.4941
17.1967
18.1953
18.787
19.7855
20.0814
20.895
18.4541
18.824
18.8979
18.9349
19.1568
19.8595
19.8225
19.8225
17.3077
18.4172
18.1953
18.0843
18.676
18.4172
18.9719
18.824
16.2722
16.9009
16.9379
17.3447
17.6036
17.2337
17.6405
17.9364
16.0503
16.4201
16.568
16.8639
17.1228
16.9009
17.3447
17.4926
19.0089
16.0133
16.3462
16.2722
16.2722
16.4571
16.642
15.8654
16.4201
16.605
16.5311
16.642
16.679
16.8269
17.4556
17.7515
17.9734
17.7515
18.3802
18.5651
18.1583
17.9734
18.4541
19.7485
19.4157
19.8225
19.6376
20.5251
20.4882
20.747
19.2678
21.1908
19.7855
19.9334
19.9704
20.1553
20.5991
20.6361
20.858
20.858
20.747
20.5621
20.7101
21.0059
21.1538
20.9689
21.2648
21.4497
21.4867
21.4867
21.2278
21.5237
21.5976
21.2648
21.5976
21.6716
21.1169
21.5237
21.1169
20.895
21.1169
20.4882
21.1908
20.858
21.1538
20.2293
20.3033
20.4512
20.0444
20.2663
20.5991
20.7101
20.6731
20.4142
21.7456
21.6346
19.5636
19.4157
19.4527
21.7456
19.4896
21.1538
21.1169
20.9689
18.6391
20.3772
18.9719
20.6731
20.5251
20.7101
20.5251
20.3402
20.5251
20.5621
20.6361
20.4512
20.3402
20.1553
19.7115
19.7855
19.5636
19.7485
19.4896
18.75
18.787
18.4172
18.6021
18.3432
18.1953
18.0104
18.6391
18.4541
18.6021
18.3802
18.4911
18.0843
18.5651
19.0828
18.6021
18.4911
18.1213
18.3062
17.9734
18.0843
18.2692
18.1213
18.1583
17.3447
17.3077
17.0488
16.9009
17.9364
17.3447
17.4186
17.4926
17.3447
17.3447
17.1228
17.1967
17.3077
17.7515
17.6405
17.2337
16.5311
17.0858
16.679
16.1982
16.4941
16.3092
16.5311
16.5311
16.1982
16.679
16.8639
17.1228
17.4556
17.5296
17.1598
17.6036
17.5666
16.9379
17.1228
17.1967
17.3447
17.1598
17.3447
17.1228
17.2337
17.0118
16.4941
16.1243
16.1982
16.1243
16.3462
16.4201
16.1612
16.4571
16.2352
16.1982
15.4956
15.3107
15.2737
15.3846
14.571
14.8299
15.0148
15.3846
15.4956
15.0888
15.5325
15.1997
15.3107
14.9778
14.682
14.645
13.7574
13.6464
14.645
14.608
15.0888
14.7559
14.645
14.4601
13.9423
13.8314
13.4985
13.1657
12.9068
13.3876
13.4246
13.0917
12.9438
12.6109
12.537
12.0932
12.0562
12.0192
12.2781
12.2411
12.0932
12.3521
12.8328
12.463
12.463
13.0178
12.8698
12.537
12.7219
13.2396
13.4615
15.4586
16.9009
17.4926
18.8979
19.6006
20.0074
20.3033
19.0828
20.6361
20.5251
20.747
21.0429
21.3388
21.0429
21.5976
20.9689
21.3018
21.3388
22.0414
22.3003
22.5592
23.0769
23.6686
24.4083
23.7426
24.7411
25.1109
25.7027
25.7396
25.9615
25.8506
25.6287
24.4083
23.6317
24.0754
23.6686
23.7056
24.0754
23.9645
24.1864
23.8536
23.5577
23.8166
23.2249
23.0769
22.7441
23.5207
24.2973
24.0015
24.5932
24.5192
24.8891
24.2973
24.3343
23.6686
23.8166
23.9275
23.1509
23.7056
23.8905
23.7056
23.7056
23.1139
22.892
22.6701
23.003
23.8536
23.7426
24.0385
24.2973
24.8151
24.4083
24.6302
23.7426
23.4837
23.5207
23.7056
23.3358
23.9275
24.0754
23.9275
24.5562
23.5577
23.6317
24.0385
24.2604
24.2604
24.7041
24.4453
24.2973
24.3713
24.8151
24.0385
23.9275
23.7796
23.2618
23.5947
23.5947
23.7796
23.6686
23.5207
23.5207
23.2988
23.1879
23.1509
23.5577
24.2973
24.2234
24.8151
24.5932
24.5932
24.5192
23.4467
23.4837
23.4098
22.5222
22.5592
22.6331
22.4852
23.2249
23.003
23.0399
22.5592
22.5592
22.1154
22.818
22.7441
23.3358
23.0769
23.1509
23.2988
23.7056
23.5947
22.892
23.2249
23.4467
23.9645
23.9645
23.9275
23.8166
23.9645
24.1124
24.0385
23.8905
23.8536
24.7781
24.4083
24.5932
24.4822
24.0754
23.7796
23.5207
24.0385
24.1494
24.8891
24.7411
24.4822
23.9275
24.0015
23.6317
24.3713
24.0015
24.1864
24.2234
24.8891
25.074
24.5192
24.2973
24.1864
23.7426
24.2604
24.1864
24.4453
24.6672
24.3713
23.6686
23.8166
22.929
22.929
23.3728
23.8166
24.0015
24.0385
23.5577
23.2249
23.1139
22.7811
22.966
23.9275
23.2618
23.5207
23.5207
23.3728
23.0399
22.892
23.1879
23.2249
23.5207
23.2618
23.4467
23.2988
23.4467
24.0015
24.0385
23.7796
23.8166
23.7796
23.3358
23.4837
23.0769
23.3728
23.0769
22.818
23.0399
23.2249
23.9275
23.4467
23.2618
22.7071
22.4482
22.5962
22.892
23.2249
23.5577
23.4837
24.0385
23.8166
24.0385
23.8536
23.2249
24.1494
24.0385
23.4467
23.7426
23.5947
23.1509
22.966
22.1893
22.6331
22.892
22.818
22.855
23.4837
23.0399
22.855
22.855
22.892
22.4852
23.1139
23.0769
23.2988
23.6317
24.0385
23.7796
23.9645
23.6686
23.7056
23.5577
24.4453
24.8151
23.9645
24.3713
24.3343
24.6672
24.2973
24.2973
23.8905
24.1124
24.1124
24.1864
25.037
24.5192
24.7041
24.7781
25.1479
25.1849
24.926
25.5547
25.074
25.9246
25.8876
25.7396
24.4822
24.3343
24.926
24.6672
24.2234
24.5192
24.4822
23.8166
23.8905
24.4083
25.5917
25.4068
25.2589
24.963
24.4822
24.3343
24.5562
24.7411
25.2219
24.926
25.037
24.8891
25
24.7041
25.037
25.5178
25.1849
25.074
25.5178
25.5547
25.6287
25.4808
25.5178
25.6287
26.2204
25.8506
25.5917
25.4438
25.7027
24.1494
24.4083
24.5562
26.8491
24.7781
24.5562
24.7781
24.6672
25.037
24.8151
25.5178
25.1849
25.1479
25.3698
24.7411
24.1124
26.5533
24.5192
24.3343
24.4822
24.7781
24.1494
24.1124
25.8876
25.9246
23.7426
26.1464
24.2604
24.5192
25.074
24.8151
24.7411
24.2604
26.6642
26.3683
26.3314
23.9275
26.1464
26.1834
23.9275
24.7041
24.4822
23.8166
24.0015
24.1864
24.8891
24.8891
25.4438
25.5178
25.3698
25.1109
25.4808
25.2589
24.7411
24.963
24.7411
24.963
24.8151
25
25.1109
24.6672
24.8521
24.8151
24.5192
25.1479
25.4438
25.074
24.7781
25.4438
24.8891
24.963
24.4453
24.7041
24.963
24.7411
25
24.8891
25.3698
25.074
24.6672
24.0385
23.7796
24.0385
24.4083
23.7796
23.8905
24.4453
26.8121
26.4053
26.4793
26.997
24.0015
26.5902
24.0015
26.5902
26.6272
26.6272
26.0725
25.4068
25.3698
25.3328
25.9985
26.1834
25.9615
26.5533
25.9985
26.1095
25.8506
25.4068
25.4438
26.0355
26.6642
24.1494
24.4822
24.3713
25.074
24.5932
23.6317
23.7056
23.8166
24.2234
24.3343
24.8151
24.8521
24.5192
23.8905
23.3728
25.5547
25.9615
25.8876
25.8876
23.7056
23.2988
23.5947
25.3328
24.6672
24.7411
24.7411
25.2959
24.7781
25.7766
25.7396
24.1494
23.8166
25.9985
25.7396
25
24.6672
24.2604
24.5192
24.4083
24.2604
24.0015
23.9645
24.3343
24.1124
24.0385
23.9645
24.4083
23.9645
24.0754
24.0015
23.4467
23.5207
23.8166
24.926
24.7781
24.2973
24.0015
23.6686
23.1879
22.6701
22.818
22.2633
22.5222
22.5592
23.0769
22.966
22.1893
21.6346
21.3757
21.4497
21.4497
21.0799
22.1154
22.0044
21.4867
21.0799
20.9689
21.1908
21.1169
21.4127
21.1908
21.3757
22.0414
21.2648
21.4127
21.3018
20.9689
21.1169
20.858
21.4127
21.4497
21.3757
21.6716
20.932
20.747
20.932
20.4142
20.1923
20.747
20.858
20.4882
20.2663
19.6006
19.6376
20.1183
20.895
21.4497
21.8565
21.5607
21.5607
21.4867
21.5237
21.0059
21.4127
21.1169
22.3743
22.3743
22.1154
22.0044
22.3373
22.6331
22.966
22.7441
23.0769
23.5577
24.4822
25
24.963
24.2604
23.7426
23.8166
22.966
22.892
23.1139
23.0399
23.003
23.1139
23.6686
23.1879
23.6686
23.7056
23.9645
23.7056
24.4453
24.4822
24.2604
24.4453
24.3713
24.2973
24.5562
24.2234
24.0385
24.1864
24.6302
24.5932
23.8536
23.5947
23.2618
23.7056
24.0385
23.5947
23.1139
22.6701
23.1139
23.4837
23.3728
22.966
23.3728
23.3358
22.855
23.2249
22.855
22.7441
22.5592
22.3743
22.892
22.929
23.2249
22.4852
23.1879
23.003
23.7056
23.2988
23.0769
22.966
23.6317
23.7056
23.2988
23.2249
22.929
22.855
22.892
22.929
22.3003
22.1524
21.9675
21.8195
21.5237
22.1524
22.4112
22.5222
22.1154
21.7825
22.0044
22.3373
21.8935
22.1524
21.8565
21.3388
21.4497
21.5607
21.0059
20.9689
21.0059
21.0429
21.1169
20.895
21.0059
20.6731
20.4512
21.0429
21.2278
21.0429
21.1538
21.1908
20.932
20.858
20.5991
20.1183
20.4142
20.0814
20.4142
20.0444
20.1183
20.4882
20.1923
19.4896
19.3417
19.1938
19.3417
19.3047
19.0089
19.4527
19.4527
19.2678
19.8964
19.3787
18.8979
19.0089
18.8979
18.3802
20.2663
20.0814
19.9334
20.3772
20.3402
19.6006
19.2678
18.787
18.8609
18.5651
18.8979
19.1568
19.4896
19.5636
19.6376
19.7115
19.4896
19.9704
20.0074
20.3772
20.1553
19.8225
19.5266
19.4896
19.3787
19.3787
19.8964
19.4896
19.6746
19.4157
19.8595
19.6746
19.3787
19.4527
19.9334
20.0074
19.7485
19.1938
19.6376
19.1568
19.5266
19.1568
19.5266
19.4157
18.787
18.75
18.787
19.1568
18.6021
18.75
18.4172
18.6021
18.6391
18.0843
17.8254
18.0843
18.1953
17.3817
17.5296
17.8624
17.9734
18.0473
17.9364
17.8994
17.6405
17.9364
17.7885
17.4556
17.7145
17.7145
17.8624
17.8994
17.8624
17.7515
18.0104
17.5666
18.3432
17.6775
17.8994
17.6405
18.0104
17.9364
18.3062
18.5651
18.1953
18.3062
18.3062
18.1213
17.4926
17.5296
17.7885
17.4556
17.5296
17.3817
17.5666
17.4186
17.4926
17.1228
17.4186
17.0488
17.2707
17.5296
17.7885
16.8269
17.2707
17.2337
17.2337
17.1598
16.9749
16.9009
16.8639
16.8269
16.7899
16.1982
16.4201
16.3831
16.4201
15.8654
16.1612
16.0503
15.8654
16.0133
15.8654
16.4941
16.4571
16.2352
16.3462
16.605
16.753
16.605
16.568
16.4201
16.3092
15.9024
15.7914
16.1612
15.9763
15.5695
15.5695
15.7914
15.7914
15.9763
15.6435
15.7544
15.5695
15.3846
15.4956
15.6065
15.9024
16.0133
15.8654
15.9763
16.0503
16.1982
15.5325
15.7544
15.9393
15.9024
16.1982
15.8654
15.5695
15.4956
15.3846
16.3462
16.1243
15.9393
16.2722
16.679
16.642
16.8639
16.753
17.0858
17.9734
17.7885
17.4926
17.7515
17.4556
17.6036
17.8254
17.5666
17.8254
18.1213
17.8254
18.0104
17.6405
17.7145
18.5651
18.5651
18.4911
18.75
18.2692
18.9349
18.9719
19.6376
19.3417
19.4896
19.7855
20.1183
19.8964
19.6746
20.0074
20.2293
21.3018
21.0429
19.3787
20.0814
20.3402
20.0444
20.784
20.858
21.4497
22.0784
22.7441
23.1509
23.4098
23.1509
24.1124
24.2604
24.2604
23.9275
23.8905
24.4453
23.5577
20.3402
20.0814
19.4527
18.787
17.8994
17.6405
18.1583
17.7515
16.2722
15.1257
15.1997
14.608
14.2382
13.7574
13.4615
13.6095
13.3506
13.3506
13.7574
13.7574
13.7204
13.9053
13.8683
13.7204
13.6095
14.2382
14.3861
14.4231
14.645
14.7929
14.9038
15.2737
14.8669
15.0888
15.0518
14.9778
14.645
15.0148
14.9778
15.4956
15.7914
15.5325
15.7175
15.4216
15.6805
15.3476
15.6065
15.6065
15.6435
15.3846
15.4216
15.1997
15.3846
15.6805
15.6435
15.4216
15.7544
15.3107
15.1257
15.4956
15.2367
15.7914
15.8284
15.7914
16.0133
15.4216
16.0873
16.0873
16.605
16.1243
16.679
16.568
16.753
16.7899
16.5311
17.3817
17.1228
16.605
17.4926
16.9379
17.0488
16.605
16.7899
16.8639
16.753
16.2722
16.8269
16.605
17.0858
16.7899
17.9364
17.3077
17.6775
17.1967
17.7515
17.6405
17.5296
17.9734
16.9379
17.2337
17.2707
16.9749
16.753
16.8639
17.0488
17.1967
17.6775
17.0488
17.2707
17.4556
17.3447
17.7885
17.4556
17.5666
17.4186
17.4556
17.8994
17.8624
17.7515
17.7515
17.6036
17.3447
17.3077
16.7899
16.8639
16.8269
16.8269
16.568
16.8639
17.0118
17.0118
17.4186
18.0473
17.5666
17.7145
17.7515
18.6391
18.4172
18.3432
17.8624
17.1228
17.0858
17.2337
16.605
16.7899
16.2722
16.679
17.3817
17.3077
17.1598
17.1598
16.642
17.2707
17.1228
17.3077
17.6036
18.0843
18.1213
17.8624
17.9734
18.3432
17.9734
17.9364
17.5666
16.9749
17.4926
17.4186
17.4926
17.4186
17.1967
17.7515
17.1228
18.6021
18.6391
17.7885
18.0843
17.8994
18.1213
17.8624
18.713
18.3432
18.0843
17.4926
17.6405
17.4556
17.6405
17.3077
17.6405
18.0104
18.3802
18.1213
17.6405
18.0473
18.0843
18.0843
17.8994
17.8994
18.787
18.0843
18.3062
18.0473
18.2692
18.0473
17.4556
17.5666
17.3077
17.0858
17.1967
17.1967
17.7145
17.8254
17.5666
17.6775
17.4556
17.4556
17.2707
16.8639
17.0858
17.0858
17.7145
17.3447
17.5666
17.4556
17.2707
17.5296
17.3447
17.0858
16.716
16.2722
16.4571
16.605
16.716
16.5311
16.4571
16.679
16.716
16.9749
17.1598
17.0488
17.1228
16.4571
17.0118
17.2337
16.679
16.568
16.753
16.3092
15.6435
14.7559
15.0148
14.7929
15.0518
15.2737
15.0518
16.2352
16.1612
16.7899
16.0503
16.2722
16.4941
16.8639
16.7899
17.4186
17.3077
16.753
16.2352
16.2722
16.1982
15.6435
15.8284
16.1982
16.1612
16.3092
16.2352
16.716
16.4201
16.2352
16.0503
16.1982
15.9024
15.6805
16.2352
16.0873
16.1982
16.3462
16.642
17.1228
17.2337
16.8269
17.4186
17.1228
16.9009
16.8269
16.9749
16.9009
17.4186
16.9379
17.6036
17.6405
17.4926
17.1598
17.4926
17.3817
17.6405
17.7885
18.2322
18.0843
17.9364
17.4556
17.0488
17.0858
16.4941
16.568
17.1228
17.0488
16.642
16.642
16.4941
16.2352
17.5296
17.6036
17.0858
16.9379
17.4556
17.4186
16.753
16.5311
16.4571
16.568
16.0133
15.9393
15.4216
15.2367
15.2737
15.6435
15.6065
15.4586
16.0503
16.4201
16.642
16.4571
16.1243
16.642
16.5311
16.3831
16.2722
15.9763
15.8654
15.4216
15.0888
14.7929
14.571
14.1642
13.7574
13.6464
13.5355
13.7574
13.2396
13.4615
13.4246
14.0533
14.2382
14.497
13.5355
13.4985
13.2766
13.6095
13.7944
13.2766
13.5725
13.5725
13.1657
13.0547
12.6109
12.3521
12.1302
12.3151
12.2411
12.1302
11.7604
11.5385
11.3905
12.0562
11.9453
12.2781
12.2411
12.0192
12.0932
12.5
12.426
11.8343
11.9083
11.9453
11.6864
12.537
12.6479
13.1287
13.4615
13.3506
13.6095
11.8713
11.7604
11.6864
12.0192
11.9453
11.7234
11.9453
12.3521
12.3521
12.0932
11.7604
11.6864
11.7973
11.7234
11.7234
11.5015
11.3905
11.6124
11.6494
11.6864
11.7234
11.3166
10.7618
10.7249
10.7988
11.4645
10.9837
11.2796
11.3536
10.7988
11.9453
10.7988
12.0192
11.7973
12.8698
12.0192
12.3151
12.574
12.463
12.426
12.0932
12.6849
13.0917
13.2396
13.1287
12.426
12.1672
11.6494
12.0562
12.0192
12.2041
11.6124
11.5385
12.0562
12.0562
12.0192
12.1302
12.6849
11.9083
11.3536
11.7234
12.0932
11.9453
11.5385
11.8713
12.1302
11.8343
11.9083
11.9822
12.1302
11.9453
12.463
12.6849
12.5
12.9808
11.2796
11.3536
11.6494
12.0562
12.426
11.8343
11.9822
12.2041
11.9453
12.1302
12.3891
12.426
12.0562
11.8713
11.8343
11.7234
11.9453
12.0932
11.6124
11.8343
11.9453
12.1672
12.0562
13.5355
13.9423
13.3136
13.6095
11.9453
13.6834
11.6494
11.2796
11.6494
11.9083
12.1672
12.3151
11.7973
11.7973
11.8343
11.9822
12.2041
12.3521
12.574
12.574
12.2781
12.9808
12.574
12.8698
12.537
12.6109
12.9438
12.9438
12.8698
12.5
12.7959
12.9808
12.9068
12.9438
13.1657
13.2027
13.7204
13.3876
13.2396
13.0917
13.7204
13.4615
13.8314
13.5355
13.9423
13.7204
13.7574
14.1272
13.7574
13.8314
12.7219
12.9438
12.5
12.6849
12.3891
13.0917
12.8698
12.5
12.426
12.3891
12.6849
12.6849
11.9083
11.9083
14.571
12.1302
11.9453
14.1642
12.3891
12.537
14.1642
13.8314
12.0562
13.8683
13.3876
13.2027
13.1287
13.4615
13.3136
13.6834
11.7604
11.8713
11.5754
11.1686
10.9467
11.0947
11.2426
11.2056
11.4645
12.0192
11.9822
12.1302
11.9083
12.3891
12.2781
11.8343
12.3521
12.3521
12.463
12.6479
12.537
12.537
13.0547
12.8328
13.0547
12.6849
12.9808
12.9438
13.3506
13.0917
13.0917
12.9438
13.0547
12.7219
12.7959
12.426
12.2781
12.574
12.9068
13.0178
12.6849
12.9068
12.9068
13.4246
13.3136
13.3506
13.5725
13.6095
13.5725
13.7204
13.7574
13.6464
13.8683
14.0163
14.0163
14.2751
13.8314
13.7204
13.9793
13.5725
14.3121
14.2012
14.1642
14.682
14.3861
14.4601
14.571
14.4601
14.534
14.9408
14.9408
14.9408
14.9778
15.1627
15.1257
15.1257
14.0902
14.2012
14.645
15.0148
15.0148
15.1257
15.0888
14.682
14.645
14.8669
15.1997
15.0518
15.1997
15.1627
15.4216
15.0888
15.2367
15.7175
15.1997
15.6065
15.1627
14.7929
15.2737
15.2367
14.9408
14.3121
14.497
14.4231
14.534
14.8669
14.8299
15.0148
14.682
15.2737
15.4216
15.4586
15.5325
15.1257
15.1997
15.1997
15.1997
14.7929
14.8299
14.7929
14.8299
14.497
14.571
14.9038
15.1997
15.2367
14.9038
14.497
14.7559
14.534
15.1997
14.9778
15.0518
14.8299
15.2367
15.0148
14.534
14.2012
14.2751
14.3861
14.2751
13.9793
14.1642
14.3121
14.7929
14.7929
14.9778
15.0518
14.7929
14.9038
15.1997
15.1997
15.2367
15.1997
15.4586
15.1257
15.0888
15.3107
15.1627
15.4956
15.6435
15.7914
15.4956
15.6805
15.3107
15.8654
15.9763
15.9763
16.1243
15.7175
15.9393
15.8284
16.4941
16.4571
16.0503
16.0503
16.0503
15.8284
15.4956
15.5325
15.6065
15.9393
15.8654
15.9024
15.7544
15.9763
15.9024
15.9024
15.9763
15.7175
15.7914
15.5325
15.1627
15.4586
15.5695
15.9024
16.1612
15.4956
15.7914
15.5325
15.4956
15.8284
15.6805
15.5695
14.8669
15.0518
15.3846
15.2737
15.1257
15.0148
15.4216
15.3107
15.2367
15.1627
15.0888
15.6435
15.7175
15.6435
15.7544
15.5695
15.1257
15.2367
15.1257
15.0148
14.9778
15.1627
14.7929
15.4586
15.3476
14.8669
15.3476
14.9038
14.8299
15.1257
14.7189
15.0148
15.9024
16.0133
16.0133
15.6805
15.4956
15.0148
15.2367
15.1997
14.645
15.0888
14.9778
15.0518
15.3476
14.8669
15.4956
15.4586
15.1257
15.5695
14.9038
15.0888
15.3107
15.4586
15.5325
15.0518
15.0518
14.9408
15.2367
14.7929
15.1627
15.0518
15.0148
14.682
15.0518
15.3846
15.2367
15.2367
15.4216
14.9778
15.0148
14.7189
14.9408
14.9038
15.2737
15.2737
15.1257
15.4216
15.1627
15.3107
15.4586
14.9408
15.5325
15.2737
15.2367
14.9038
15.1997
15.6805
15.4216
15.2737
15.2367
15.1997
15.1997
15.5325
14.9038
15.3107
15.3846
15.4586
15.3107
15.0888
15.0518
14.8299
15.0888
14.9038
14.9038
15.2737
15.3476
15.5325
15.7914
15.4216
15.5695
15.7914
15.5325
15.3107
15.5695
15.4956
15.6805
15.6065
15.4586
15.2367
15.5325
15.4956
15.3476
15.3846
15.3846
15.1627
15.2367
15.7175
15.4586
15.2737
15.4586
15.4586
15.3846
15.4216
15.3846
15.2737
15.6805
15.3107
15.3846
15.3846
15.5325
15.3846
15.4956
15.4216
15.4216
15.5695
15.4956
15.6435
15.7914
15.6435
16.0133
15.6435
15.5695
15.3476
15.9024
15.7914
15.8654
15.8284
15.9393
15.8284
15.9763
15.6805
15.5325
15.4586
15.3476
15.4956
15.2367
14.8299
15.3476
15.3846
15.4956
15.2367
15.2737
15.0148
15.4216
14.9408
14.8669
14.7189
15.1997
15.1627
15.6435
15.4956
15.4956
15.0888
15.1257
15.0518
14.8299
14.7559
15.1257
15.1627
15.1997
15.1257
14.9408
15.0518
15.1257
15.0148
14.9778
15.0148
15.5325
15.3846
15.3476
15.3107
15.1257
14.8299
14.7929
14.9408
15.0148
14.8669
14.7559
14.9408
14.9778
14.8669
14.9038
14.8669
14.9038
15.0888
14.7929
15.1627
14.9778
15.2737
15.3476
15.3846
15.5325
15.4216
15.5695
15.3846
15.4216
15.3846
15.4956
15.4956
15.6435
15.6805
15.6065
15.5695
15.5695
15.3846
15.2737
15.0888
14.8669
15.0518
15.3107
15.5695
15.5695
15.4956
15.4956
15.1627
15.0148
14.9778
15.2367
15.2367
15.6435
15.0148
15.2367
15.5695
15.3846
15.4956
15.5325
15.3476
15.2367
14.682
14.497
15.0888
15.4586
15.5695
15.5695
15.2367
15.2367
15.1997
15.3107
15.1627
15.0148
15.1997
15.1997
15.1997
15.5325
15.6435
15.1997
15.4216
14.682
14.8299
14.497
14.8299
14.534
14.8299
14.9778
14.8669
14.9038
14.8669
15.1627
15.0518
15.1997
15.3476
15.5325
15.3846
15.5695
15.7544
15.8654
15.8284
15.6065
15.3846
15.6065
15.3846
15.2367
15.1627
14.9778
14.8299
14.9038
15.1997
14.9038
15.0518
15.1257
14.9778
15.2367
15.1257
14.8669
15.3107
15.5695
15.4956
15.4216
15.9024
15.6435
15.4956
15.3846
15.5695
15.4586
15.4586
15.4956
15.1627
16.0133
15.6435
15.7175
15.2367
15.3846
15.0518
15.1257
15.2367
15.0888
15.3476
15.7544
15.6805
15.7544
15.3476
15.4216
15.0518
15.2737
15.4956
15.4216
15.0148
15.0518
15.0518
15.1257
15.4586
15.1997
14.8299
15.3107
15.0888
15.1627
15.2367
15.2367
14.8669
15.3107
15.6805
15.2367
14.8299
15.1257
15.2367
15.8284
15.3107
15.6805
15.5325
15.9393
15.9024
16.0503
15.7544
15.4586
15.8654
15.7544
15.3476
15.2737
15.7544
15.6065
15.5325
15.7544
15.9024
15.5695
15.3846
15.4956
15.5695
15.5695
15.1627
15.1257
15.1257
15.2737
15.6805
15.1997
14.8669
15.1257
15.4216
15.4216
15.5695
15.1997
15.6065
14.9408
15.1627
14.7929
14.7929
14.497
14.4231
14.571
14.4231
14.497
14.8299
14.682
14.8299
15.3107
15.0518
15.0148
14.9408
15.0148
15.0518
15.0518
15.0888
15.0888
15.1627
15.0518
15.1257
15.4216
15.2367
15.3107
14.9408
14.645
15.0518
14.682
15.1257
15.0148
15.1257
15.0148
15.0888
15.1627
15.0888
15.0148
15.1627
15.3107
15.4216
15.4956
15.1257
14.7189
14.7559
14.645
14.608
14.645
14.682
15.0148
15.4956
14.8299
14.9038
15.4956
15.4956
15.4956
15.5695
15.1997
15.7175
15.8284
16.0133
15.5695
15.8654
15.7544
15.8654
15.6805
15.6805
15.8284
16.1243
15.9024
15.9763
16.1243
16.4571
16.3092
16.4201
16.605
15.9763
16.0133
16.1612
16.0503
16.3462
16.3092
16.568
16.1982
16.1612
16.3462
16.605
16.3462
16.0503
16.3462
16.2722
16.0503
16.1982
16.1612
16.2352
16.4571
16.3831
16.4201
16.7899
16.642
16.605
16.5311
16.4571
16.642
16.3092
16.4201
16.4941
16.753
16.679
16.8269
17.1967
17.3447
17.7145
17.0858
16.8269
16.679
16.568
16.716
16.3831
16.4201
16.8639
16.4571
16.4571
16.642
16.9749
16.9749
17.0858
16.9009
16.4941
16.4571
16.568
16.679
16.568
16.568
16.3831
16.2352
16.0133
16.5311
16.4201
16.753
16.7899
16.3831
16.4201
16.4201
16.0133
16.2352
15.9024
16.3092
16.4571
16.568
16.1243
16.0503
16.3462
16.1982
16.3831
16.605
16.0873
15.9763
16.2722
15.9024
15.1257
15.7175
14.9778
15.3476
15.2737
15.0148
15.4216
15.1997
15.6065
15.6435
15.5695
15.8284
15.6435
15.7175
15.8654
15.7914
15.8284
16.2722
15.9024
15.9024
16.2352
15.9393
16.2352
16.3831
16.2722
16.2722
15.1627
15.2737
15.4216
16.3831
15.3107
16.1243
16.605
16.568
16.3092
16.753
16.642
15.8654
15.3846
15.8284
16.0873
15.9393
16.1612
16.1612
16.1243
15.6065
15.6435
15.7914
15.9024
15.7175
15.6065
15.5695
15.4586
15.4956
15.5325
15.6065
15.6435
15.6065
15.7544
16.0503
16.1243
16.2352
16.1612
16.0503
16.0873
15.9763
16.3462
16.4941
16.2352
16.0873
16.3462
16.3462
16.568
16.4201
16.3831
16.4571
16.4571
17.0118
16.4941
16.568
16.568
16.8639
16.4941
16.1982
16.3092
16.2352
16.0873
16.4201
15.9763
16.4571
16.4571
16.642
16.2352
16.2722
16.1612
16.3831
16.4941
16.1243
16.716
16.679
16.1982
16.2722
16.5311
16.568
16.9749
16.9749
16.716
16.5311
16.4201
16.3831
16.4571
16.4571
17.1228
16.716
16.4571
16.568
16.5311
16.3831
16.0873
15.8654
16.4201
16.0133
15.9763
16.4571
15.9393
16.3462
16.753
15.5325
15.7914
15.9763
16.679
16.3092
14.9778
16.0133
16.0873
16.1982
15.0518
15.4586
15.3476
15.9393
16.1612
15.0148
15.3846
15.4956
14.9778
14.8669
15.1997
15.4956
15.3846
15.8284
16.0133
15.6805
15.8284
15.9024
16.3462
16.568
16.642
16.8269
17.1598
16.642
17.1228
17.4556
17.8994
17.5666
16.9009
17.4926
17.3077
17.2707
17.2707
18.3802
17.6405
17.9734
17.9364
17.6405
18.0473
17.8994
17.8624
17.9734
17.6775
17.9734
18.4541
18.2322
18.2322
18.1583
17.9734
17.9734
18.3432
18.3802
18.4172
18.9349
18.4541
18.3062
17.8994
17.9364
17.8994
17.7885
18.3802
18.0843
18.3062
18.9349
19.4157
19.4896
19.4527
19.1568
19.2678
19.4157
19.0459
18.676
19.0089
19.0459
18.9349
18.3432
19.0089
18.0104
18.0473
18.1953
18.1583
19.0828
19.6006
19.1198
19.3047
19.5636
19.4527
19.2678
19.0089
19.3787
19.3047
19.7855
19.4527
19.4896
19.5266
19.3047
19.4896
19.1938
19.2678
19.2678
18.8979
19.1938
19.4157
19.1198
19.4527
19.2678
19.4527
19.3047
18.75
19.1568
19.1938
19.5636
19.4157
19.6376
20.3772
19.1198
19.1568
18.75
18.4172
18.3062
18.3062
18.3802
18.4541
18.6021
18.1213
18.1953
18.3802
17.6775
18.1953
18.4541
18.75
18.8609
18.9349
18.824
18.8979
19.3047
18.4911
18.713
18.1583
18.0843
18.2692
17.9734
17.6775
17.7885
17.9734
18.1583
18.5651
18.787
18.4541
18.8609
18.9349
18.824
18.787
18.4172
18.3062
18.4911
17.6036
16.7899
16.8269
17.2337
16.4571
16.2352
16.4941
16.3831
16.568
16.716
16.642
17.0488
17.2707
17.3817
17.3447
17.4926
17.3077
17.6775
17.6036
17.8624
18.2322
18.5651
18.1583
18.3802
18.4911
19.0828
19.2678
19.6376
19.8225
19.8595
20.4882
20.7101
21.0059
21.0429
21.0429
20.895
20.5991
20.858
20.4882
20.5251
20.6731
20.895
20.4142
20.2293
19.9334
19.6006
19.1568
18.9349
18.6021
18.5281
18.713
18.787
19.4527
19.9704
20.4142
20.784
21.1169
21.1908
21.0429
20.932
20.5621
20.3772
19.6746
19.6376
19.6006
19.6376
19.8964
19.4527
19.1198
19.2308
19.2308
19.1198
19.1938
19.5636
19.7485
20.0444
19.6376
19.6006
19.8595
19.9334
19.9704
20.5621
20.3033
20.0444
19.2678
19.2308
19.3047
19.4896
18.824
19.0828
19.1938
19.1938
19.3417
19.7855
19.4157
19.9704
20.3033
19.9334
20.1923
20.2663
20.6361
20.5251
20.5251
20.6731
20.5991
19.7485
19.8225
19.8225
20.1923
20.0444
20.0814
20.1553
20.1923
20.4882
20.7101
20.5251
20.4882
20.5251
20.3402
19.8225
20.2663
20.4142
20.5251
20.784
20.9689
20.932
20.895
20.895
20.6361
20.1923
20.2663
20.4512
20.4142
20.5251
20.4882
20.2663
20.5251
20.932
20.858
20.895
20.4512
20.5621
20.3402
20.4512
20.2293
20.3402
20.0814
20.3402
20.2663
20.0444
19.8964
19.8225
19.6376
19.5266
19.7115
19.8225
19.7115
20.1923
20.1553
20.3772
20.3033
20.0074
20.0074
19.8225
20.2663
20.6731
20.6361
20.821
21.0429
20.6731
20.747
21.4127
21.1538
21.5976
21.5237
21.5237
22.0044
22.1154
22.4112
22.966
23.4467
23.6317
22.5222
22.5592
23.2249
23.2249
23.8166
23.4467
24.5192
24.7411
25.5917
25.1479
25.1849
25.6287
25.5547
25.3328
25.5178
25.7766
26.1095
26.8121
26.8861
27.3669
27.4778
27.7737
27.9586
27.9216
27.8107
28.1065
28.2175
28.4393
28.1065
28.2544
28.6982
28.2544
28.5873
28.3284
28.8092
28.9941
28.5133
29.142
29.3269
29.6967
29.7337
29.4379
30.1036
30.1405
29.4009
29.253
29.5118
29.6228
29.9186
29.9926
29.8817
29.7337
29.8817
30.1405
31.6198
31.324
30.5473
30.4734
31.176
30.8802
30.5843
30.7322
30.8062
30.5104
30.8062
30.5473
30.3254
30.7322
30.3254
30.1775
30.9541
31.3979
31.8787
31.4719
30.5473
30.9911
31.324
31.9527
31.6568
32.0636
32.3225
32.1746
32.3595
32.0636
32.2855
31.7678
31.324
31.3979
31.213
31.3979
31.7308
31.3979
31.4349
31.4719
31.4719
32.6183
32.4334
32.3964
32.3595
32.2115
31.8417
32.6183
32.7663
32.8772
32.5444
33.7278
32.9142
33.1361
32.9882
32.1376
31.3609
30.9172
31.287
31.324
31.5828
31.6568
31.1391
31.5459
31.5459
32.1006
32.2485
32.3964
32.7293
32.3964
32.8402
32.3964
32.3595
32.0266
31.7678
31.6568
31.7678
31.6568
31.176
31.4719
30.8062
31.213
30.8802
30.6953
30.9541
31.3979
30.3994
30.9911
30.6953
30.5843
30.6953
30.9541
31.5459
30.9541
31.5089
31.5828
32.1746
31.8047
30.8432
29.6967
29.8447
29.6598
29.6228
29.7707
30.5473
29.6598
30.0296
30.2885
30.1405
29.8077
29.5118
29.253
29.142
28.7722
29.4749
30.6583
30.5104
30.3994
30.3254
30.2515
30.1775
29.6967
29.8447
29.6598
29.142
29.7337
29.3639
29.179
31.6198
31.5828
31.4719
30.6213
31.213
31.3979
31.4719
30.8432
30.6583
28.3654
30.6213
28.3654
27.9956
31.4719
30.5473
30.2515
30.3624
30.6583
30.3624
28.4763
28.6243
27.6627
27.8476
27.2559
27.5888
27.8476
27.4038
28.8092
28.3654
28.7352
28.2175
27.8846
27.4778
27.4778
29.4749
26.9601
29.8447
29.8817
27.182
27.034
27.4038
30.2885
27.145
28.1435
28.2175
27.4038
27.6627
27.4408
27.4778
27.5888
27.7367
28.5133
27.2929
26.997
29.3269
29.142
28.5873
28.4024
27.6627
27.6997
28.2175
28.1805
28.4763
27.9586
27.6997
27.3669
27.8107
27.071
26.9231
26.7382
26.3314
26.2204
25.9615
25.4438
25.6657
25.5178
25.1849
24.8521
24.3713
24.0754
23.8536
23.8166
23.5947
23.6686
23.003
22.1893
22.6331
22.3743
21.4867
21.9305
21.4867
21.3018
21.7825
21.2648
21.0799
21.0799
20.784
20.3033
19.4896
19.3047
19.5266
19.8964
20.9689
19.9704
20.0074
20.0074
21.8565
21.7825
21.4127
21.7456
22.0414
21.2648
20.858
20.2663
21.1169
20.2663
19.5636
20.895
20.9689
20.1923
19.6746
19.9334
19.7115
19.7115
19.4896
19.8595
19.7115
19.3417
18.5281
18.4911
18.1213
17.9364
17.5296
17.7515
17.4556
17.6036
17.1598
17.4556
17.0118
17.0858
16.605
17.1598
16.9379
16.8639
17.1228
17.1228
16.9009
16.2352
16.3092
15.6805
15.9763
15.3846
15.0518
14.9778
15.1257
14.682
14.4601
14.8299
15.0518
14.645
14.8299
14.8299
15.0148
15.0518
15.6065
15.3476
16.5311
15.9024
15.7914
15.2367
14.7929
14.9408
14.3121
14.8299
14.9038
14.645
14.534
15.4216
15.3476
15.3476
15.7544
15.7544
15.9024
16.3462
16.0873
16.3092
16.9379
16.8639
17.4186
17.4926
17.1228
17.3077
17.3077
17.8254
17.3447
17.4556
17.6036
17.7145
17.4926
18.0843
17.3817
17.0858
17.0118
17.0858
17.3077
17.1228
17.9734
18.0843
18.4911
18.1583
18.4541
18.3432
18.3062
18.1583
17.7885
17.0858
16.9379
17.1967
17.1228
17.4186
17.8254
17.8994
18.3802
18.824
18.824
18.5651
18.1213
17.9364
18.6391
19.0459
18.3432
18.1583
18.1213
18.4172
17.8254
17.6775
17.2337
17.4186
17.4186
17.0488
17.1598
17.6775
17.7145
17.9734
18.0104
18.6391
18.6391
18.3062
19.0089
18.8979
19.3417
18.5281
18.0473
18.676
18.2692
17.9734
17.4186
17.2707
16.9749
17.1598
17.0118
17.2707
17.4556
17.2707
17.7515
17.7885
18.1213
18.1213
18.6021
18.3432
18.3432
18.1953
17.9364
17.7885
17.7145
17.4556
17.0488
17.0488
16.7899
17.0858
17.1228
17.4186
16.8269
17.8254
17.1598
17.9364
17.3447
16.8269
17.2337
17.4186
17.4556
17.2707
17.3077
16.716
16.8269
16.8269
16.4941
16.3092
16.3092
15.9763
15.4956
15.9763
15.7914
15.6805
15.3476
16.3092
16.5311
16.716
16.2352
16.2722
15.9024
15.9393
16.1612
15.7914
15.9024
15.4956
15.5325
16.2352
16.8639
16.5311
16.5311
16.2722
16.1243
16.4941
16.679
16.642
16.4941
16.568
16.7899
17.0488
16.4941
17.3077
17.2337
16.7899
17.4556
17.1228
17.4926
17.0488
16.4201
16.3462
16.2722
16.3831
15.7914
15.9763
15.7914
16.716
16.3831
17.1598
17.3447
17.3077
17.3447
17.4926
17.7885
18.0843
17.4926
18.2322
17.7515
17.8254
17.6036
17.5666
17.7515
16.9379
17.4186
17.3447
17.4926
17.8254
17.4926
18.0104
18.0843
18.3802
18.0843
18.1953
18.2322
17.8624
18.0843
18.0473
18.713
18.1583
18.4172
17.5296
17.4926
17.4186
17.0488
17.1598
16.605
16.642
16.9749
17.6775
17.6775
18.2692
17.9364
18.1583
17.9734
17.7885
18.1583
17.5666
18.0843
18.0843
18.3432
17.6036
17.9734
18.0843
17.7145
17.9734
17.8624
17.5296
17.1967
17.1967
17.2337
17.4926
18.0473
18.1213
17.5296
17.5296
18.3802
18.4172
18.5651
18.4541
18.676
18.824
17.9364
17.5296
17.7515
17.3077
17.5666
17.7515
17.6405
17.6405
18.0473
18.1953
18.1953
17.9364
18.3802
18.3432
18.2692
18.3432
18.1213
17.8994
17.8624
17.8994
17.1228
17.0858
17.0118
16.753
17.3077
16.9379
16.3462
16.716
16.605
16.642
16.3092
16.605
17.3447
17.5666
17.3817
17.4556
17.3817
17.9734
17.6775
17.7515
16.9009
17.2337
17.4926
17.1967
17.0858
17.2707
17.4186
17.3817
17.0488
17.6036
18.0104
17.7885
18.2692
18.2692
18.824
18.787
19.3787
18.5281
18.6021
18.8609
18.4911
19.0089
18.75
18.9719
19.2308
18.3062
18.4172
18.4172
18.4541
18.0843
18.4541
18.2322
19.0089
18.5281
18.75
16.9749
19.0089
18.787
17.4186
18.6391
17.3077
16.9379
16.8639
17.0858
17.4926
18.0843
18.1213
18.4911
17.9364
17.8994
17.7885
18.1583
18.3062
17.9364
16.8639
17.0118
17.5666
17.4556
17.4926
17.4926
17.6775
17.6405
17.5296
17.8254
17.5666
17.2337
18.2322
17.9734
18.2692
18.3062
18.4911
18.5651
18.4172
18.2692
19.3417
19.6376
19.3787
17.6405
17.7885
17.7515
19.2678
19.5636
17.6405
19.2678
19.3047
18.676
18.5281
17.9364
17.9364
18.3802
17.5666
17.9734
17.7885
17.9734
17.8994
17.9734
17.9364
18.0843
18.9719
18.6021
18.8979
19.2678
19.5636
19.0459
19.0459
19.1938
18.8979
18.713
18.0104
17.6036
17.9364
18.0473
18.1583
18.824
18.3432
19.4157
19.1198
19.4896
19.8595
19.7115
19.6006
19.4157
19.4527
18.787
19.6006
17.6775
19.0089
19.4527
19.1938
18.676
19.0089
17.4926
17.6405
18.0473
17.7885
17.7515
17.7885
17.6405
16.9749
17.6405
17.8624
17.2707
16.8269
17.0118
17.1598
17.4186
17.0118
16.4571
16.3831
16.679
16.1612
16.2722
16.1612
16.0873
16.679
15.9393
17.4186
17.4556
17.4556
17.3447
17.9734
18.0843
17.8254
17.9364
17.9364
18.0104
18.0843
17.1228
17.2337
17.3817
16.679
16.3092
15.8654
15.3476
15.5325
15.7544
15.8284
15.9024
15.3476
15.9024
16.679
16.753
15.9024
16.1243
16.3831
16.3462
16.1982
15.7544
15.8284
15.8284
16.1612
15.9024
15.9024
15.6435
15.4956
15.9024
16.1243
16.4941
16.1612
16.1982
16.3831
15.9024
16.4571
15.9393
16.3831
16.1982
16.4201
16.3092
16.0873
16.0503
16.3462
15.9393
15.8654
15.9393
16.1982
15.9024
15.6065
15.9393
15.9763
16.1982
16.0133
16.4571
16.716
16.716
16.605
16.3462
16.716
16.9749
16.679
16.1243
15.7544
16.0133
15.9763
16.568
15.8654
16.0133
16.679
16.1243
16.5311
16.2722
16.2722
16.4941
16.642
16.8639
16.642
16.4571
16.605
16.4941
16.2722
16.8639
16.4941
16.7899
16.679
16.8269
16.605
16.7899
16.3092
16.4201
15.9763
16.2722
16.2352
16.2722
16.753
17.4186
17.2707
17.3077
17.6405
17.4926
17.5666
17.6036
17.8254
17.8994
17.4556
17.4926
17.5296
17.3447
17.2337
16.9379
16.568
16.679
15.9024
16.3462
16.753
16.2352
15.9393
16.3831
16.4941
16.1982
16.0503
15.6065
15.7544
16.0503
16.4201
16.3462
15.5325
15.3476
15.3476
15.2737
14.8669
14.1272
14.497
13.8683
13.8314
14.2382
13.7574
14.0163
14.0902
13.9053
14.571
14.9038
14.7189
14.4231
15.0148
14.9778
14.497
14.4231
14.534
14.2751
14.4601
13.7944
13.2766
13.1657
13.1287
13.2396
13.3136
13.4615
13.6834
14.1272
14.1642
14.3491
14.4231
13.7574
14.1272
14.608
14.3121
14.2751
14.3491
14.0163
13.9053
13.8314
14.1642
14.0163
14.0533
14.3491
14.0902
14.2012
13.9053
14.0163
13.7204
14.2382
14.2751
14.3861
14.7189
14.534
14.9408
15.1997
15.2737
15.0888
15.1627
15.1627
14.4231
14.608
14.3861
14.4601
14.1642
14.0163
14.645
14.7929
14.8669
14.3491
15.2737
15.2737
15.5325
15.1997
15.8654
15.6805
15.6435
15.9763
15.4586
15.9024
15.4586
15.1257
15.0518
15.3476
14.7929
14.0533
14.608
14.3861
14.534
14.497
14.7559
14.571
14.497
14.8299
14.7559
14.8299
14.7559
14.9408
14.9408
14.534
14.3121
14.1272
13.7204
13.9053
13.8314
14.0902
14.0533
14.0902
13.8683
14.608
14.645
14.645
14.571
15.1997
14.9038
14.9038
14.8669
14.3861
14.4231
14.4231
14.4231
14.497
14.645
14.7559
14.7929
15.0518
14.8669
14.682
14.9038
14.9038
14.497
14.3861
15.1257
14.9408
14.9408
15.3107
15.0148
15.1257
15.4956
15.4586
15.7914
15.5695
15.1997
15.1627
14.7189
14.7559
14.8299
15.3846
14.534
15.0148
15.4956
15.3846
15.0888
15.0888
15.1997
15.4956
15.3476
15.2367
15.6805
15.5325
16.1243
16.1243
15.9393
15.9763
16.1243
15.6065
15.7914
15.7175
15.5325
15.1997
15.4586
15.2737
15.3107
15.2737
15.4586
16.1243
15.7914
15.6435
15.6065
15.8284
15.7544
16.0503
15.7175
15.4586
16.0873
15.8654
15.3107
15.6805
15.6805
15.2737
15.0148
15.7175
15.1257
15.0518
14.7559
14.9038
14.8299
14.8669
15.1627
15.8284
16.4941
16.0503
16.2722
16.0503
16.3462
16.5311
16.5311
16.568
16.716
16.679
16.8269
17.0118
16.753
16.8269
16.2352
15.7544
16.1982
16.0873
16.0503
15.5695
15.8284
15.5695
16.4571
16.3831
16.605
16.7899
16.8639
17.1228
17.2707
17.2337
16.8639
16.8639
16.3831
16.1612
16.4941
16.2722
16.1612
16.3831
16.0873
16.3462
15.9763
15.9763
15.7544
15.7544
15.8654
15.6805
15.6805
16.0873
16.4941
16.5311
16.5311
16.716
16.1243
15.9393
15.9393
15.5695
16.0133
15.6435
15.2737
14.7929
14.8669
15.0888
14.7559
14.9038
14.645
15.4216
15.1257
15.2367
15.5325
15.3107
15.4586
15.9763
16.2352
16.4571
16.3462
16.2722
16.3831
15.3107
15.0888
15.7914
15.7914
15.4216
15.2367
15.3846
15.8654
15.3846
15.6435
15.4586
15.7914
16.4201
16.4571
17.0118
17.3077
17.1598
17.3817
17.0858
17.0858
16.3462
16.2722
16.3092
16.1982
16.0503
15.8654
16.0503
15.2367
15.4586
15.1997
15.1627
15.1627
15.2367
15.6805
15.8284
16.3092
16.3462
17.4186
17.2707
17.2337
17.3077
17.1598
18.3432
16.9379
17.0858
16.2722
16.5311
16.1982
15.9763
15.6805
16.0503
16.0873
15.8284
17.1598
17.7145
18.4911
18.3432
18.3062
18.1953
18.4172
19.3787
18.6391
18.9719
18.1213
18.3802
18.1213
18.2692
18.1953
17.8254
17.3077
16.7899
16.0133
16.642
16.3092
16.3092
16.568
16.4201
17.1598
17.1598
17.1228
17.3077
17.3447
17.4926
17.8254
17.7145
17.0858
16.568
16.5311
15.9393
16.1612
16.0503
15.5695
15.0148
14.9778
15.6065
15.9024
15.4216
16.0133
16.2352
16.0133
16.1243
15.6805
15.7175
15.7544
15.6435
15.1997
15.9763
15.4956
15.7175
15.0888
15.0518
14.645
14.4231
14.2382
14.0163
14.2382
14.4231
14.645
15.3476
14.9778
15.3476
15.1997
15.7175
15.6435
15.1997
15.7175
16.1982
16.3462
16.5311
16.679
16.4941
16.568
16.5311
16.4201
17.1967
17.3817
17.3077
16.9749
16.679
16.9009
17.1967
17.4186
17.4556
16.8269
16.716
17.3077
17.2707
17.4186
17.2337
17.3447
17.1598
16.753
16.7899
16.1982
15.9763
16.4571
15.4586
16.3831
16.568
15.7544
15.6435
15.9393
16.1612
16.716
16.716
16.568
17.0488
17.1967
17.4556
17.0118
16.9379
17.1598
17.1598
17.0488
16.7899
16.3831
15.8284
16.0503
16.0133
15.7175
16.0873
16.0873
15.4956
15.7544
15.4586
16.0133
15.8284
15.6435
16.1982
16.2722
16.2352
16.3462
15.8284
15.6435
15.2737
16.0873
15.5325
15.4586
15.3107
14.9408
15.0148
14.8669
15.1257
14.9038
15.2367
14.1272
14.8669
14.608
14.571
14.8299
14.9038
14.7929
14.608
14.4601
14.497
14.7189
14.534
13.6834
13.6095
13.5355
13.6464
13.5725
13.4615
13.6834
13.7204
13.8314
14.1272
13.8314
14.8299
14.497
14.7929
14.9038
15.2367
14.497
14.9038
14.682
14.9408
14.8669
14.8669
14.645
14.608
13.6834
13.7944
13.8683
13.9793
14.0533
13.5355
14.0533
14.0902
14.1642
14.3491
14.3121
14.4601
14.4231
14.3121
14.3491
14.3121
13.8683
13.5725
13.7204
13.3876
13.2396
13.4615
13.5355
13.2027
13.2027
13.2396
13.1657
12.9438
13.3136
13.5355
13.5725
13.9793
14.0533
14.0163
14.3121
14.2012
14.2012
14.3861
14.3121
13.9423
13.7574
13.6095
13.5355
13.5725
13.2766
13.5355
13.6464
14.0163
13.7574
13.9423
14.3491
14.682
14.8299
14.7929
14.7189
15.4586
15.4956
15.0148
15.1627
14.571
14.682
14.4601
14.608
14.682
14.608
14.1642
14.534
14.3861
14.3121
14.682
14.645
14.9408
15.0518
15.1997
14.7929
14.645
14.9408
14.7189
15.0518
14.7189
14.4601
14.3861
14.2382
14.3121
14.2012
14.0902
14.3491
14.4231
14.2382
14.0163
14.4601
14.497
14.7559
14.4231
14.7559
14.608
14.7929
14.7929
14.571
14.4231
14.8299
14.9038
14.3491
14.2751
14.1272
14.7929
14.2382
14.2382
14.0533
14.0533
13.6464
13.9793
13.7944
13.9053
13.8683
14.2012
13.9793
14.1272
14.3491
14.7929
14.7559
14.682
14.4601
14.0163
13.7574
14.0163
13.7204
13.3876
13.3136
13.6095
14.1272
13.7944
14.8669
14.9408
15.0148
16.2722
16.642
16.642
15.6435
16.9749
15.6065
15.3846
15.6065
15.4216
15.3846
15.7175
15.7914
15.6065
16.1982
16.0133
16.3831
16.3462
17.4556
17.2707
17.0858
17.0118
16.753
18.3802
17.7885
17.7885
17.7515
17.7885
17.6405
17.7145
17.7515
18.2692
17.6405
17.7145
17.3817
17.0858
17.3817
17.1967
17.3817
17.1967
17.6775
17.4926
17.1598
17.2707
17.2707
17.3817
17.2707
16.9749
16.8639
17.3077
16.8269
16.716
16.3462
16.3831
16.2722
16.2352
15.9393
15.9024
15.8284
15.9393
15.8284
15.7914
15.6435
14.7189
14.645
14.8669
14.3491
14.645
14.3861
13.9423
14.8299
14.8299
14.9778
14.7189
14.571
14.0533
13.8314
13.5355
13.7944
13.2766
13.7574
13.5725
13.5355
14.0902
13.5355
12.9438
13.1287
12.9808
12.574
12.6479
12.7959
13.3136
13.0917
12.8328
13.0178
12.6479
12.574
12.1672
12.3891
12.537
12.1302
12.3521
12.7959
12.6479
12.7589
12.2411
12.0562
11.9822
12.0192
12.1672
12.3521
12.2041
12.1302
12.0192
12.2781
11.8713
11.9083
11.7234
12.0932
11.7973
11.8343
11.6494
11.9822
11.9822
12.1302
12.0192
12.3521
12.6849
12.537
12.3891
12.6109
12.7219
13.0178
12.6109
12.6849
12.9808
12.2781
12.1302
13.7574
14.0533
13.8314
13.5725
13.7944
13.8683
14.0533
13.6095
13.7944
14.0533
14.2382
13.7204
13.2766
13.7574
13.6834
13.7204
13.8314
14.3121
13.2766
13.0917
13.4985
13.5725
13.3136
13.1657
13.3506
13.5355
13.4246
13.2027
13.5725
13.5725
11.5385
11.4275
11.6864
11.8713
11.8713
12.0932
11.7973
11.5385
11.8713
12.2781
12.2041
12.426
12.3151
11.8713
12.426
12.3151
12.463
12.6109
12.6479
12.9808
12.426
12.7219
12.9068
12.8328
13.2396
12.574
12.7959
12.6849
12.9068
13.2027
12.7219
12.574
12.7219
12.9438
12.9068
12.6479
12.3521
12.574
12.537
12.9068
12.7219
13.0547
12.8328
13.4985
13.2027
13.6095
13.6834
13.1657
13.4985
13.4615
13.4985
14.1272
13.9053
13.7944
13.8314
13.6464
13.4246
13.5725
13.6095
13.6464
13.6095
13.2027
13.0547
13.7574
13.8314
13.6095
13.3506
13.6095
13.7944
13.7944
14.0902
14.2382
14.0533
14.2012
13.4615
13.7204
13.5355
13.3876
13.3876
13.0547
13.4985
13.3876
13.4985
13.9053
14.2012
13.9793
13.9793
14.4231
14.3861
14.645
14.8299
14.9778
14.7559
14.4231
14.1642
13.9053
13.7944
13.7944
14.2382
14.4601
14.497
14.497
14.9038
14.7559
15.1997
14.9038
14.9778
14.3491
14.682
15.0148
14.7929
14.9038
15.0148
15.0518
15.0888
15.2737
15.4216
15.3476
15.2737
15.1997
15.4956
15.3846
15.0148
15.3846
15.1257
15.1997
14.8299
15.6435
15.4216
15.4216
15.3476
15.1997
15.2737
15.2367
15.4956
15.1257
14.7929
15.1257
15.3107
15.2367
15.0518
14.7189
14.3121
14.4231
14.7559
14.645
14.645
15.0148
14.645
14.534
14.4601
14.7929
14.7929
14.9778
14.9778
15.1257
15.0148
14.608
14.8669
15.1997
15.2367
15.2737
15.5695
15.6065
15.7175
15.6065
15.6435
15.4586
15.2737
15.4956
15.5325
15.3846
15.3846
15.5695
15.1997
15.1627
15.0148
15.1257
14.9038
15.1257
14.9408
14.9778
15.0518
15.4216
15.1257
15.0148
14.9038
14.9038
15.3846
15.1627
15.1627
15.0148
14.9778
15.0148
14.9778
15.1257
15.0888
14.645
14.8669
14.7929
14.571
14.9408
14.9408
15.1257
15.1627
15.2737
14.8299
14.682
14.7929
14.9038
14.8669
14.682
14.7929
14.7559
14.9038
14.7929
14.3121
14.3861
14.4601
14.2751
14.497
14.0902
14.534
14.2751
14.9408
15.0148
14.645
14.9038
14.682
14.682
14.7559
14.497
14.3491
14.608
14.7559
14.571
14.7189
14.608
14.3861
13.9793
14.1272
13.7574
13.7944
14.2751
14.4231
14.497
14.682
14.645
14.534
14.3861
14.4231
14.2751
14.4231
14.534
14.608
14.3121
14.8669
14.4601
14.3121
14.0163
14.1642
14.3121
14.0163
13.8683
14.3491
14.2751
14.3861
14.7929
14.571
14.3861
14.2382
13.9423
13.7204
14.0163
14.497
14.0163
14.497
14.4231
14.4231
14.645
14.571
14.3861
14.3491
14.4601
14.497
14.8299
14.534
14.4601
14.534
14.571
14.3121
14.497
14.497
14.2751
14.2751
14.2382
14.571
14.4231
14.3861
14.7189
14.534
14.608
14.4231
14.497
14.571
14.9038
14.8299
14.4601
15.0888
15.0888
15.3107
15.1997
14.682
15.1997
14.8669
15.1257
15.2737
15.4586
14.9408
14.9408
14.8669
14.7189
14.4601
14.9408
14.7189
15.0518
15.1627
15.1257
14.9038
15.0888
15.1627
15.0148
15.0148
14.8669
14.7559
15.0888
14.9778
14.9778
15.3107
15.3476
15.0148
14.9778
15.0148
15.0518
14.7559
14.9408
14.8299
15.2367
15.0888
15.1627
15.3846
15.0518
15.1257
14.682
14.7559
14.8669
15.0518
14.9408
15.1627
15.1997
15.1627
15.1627
15.3846
15.1997
14.608
14.7189
15.1257
15.0888
14.9038
14.9038
15.0888
15.6065
15.3846
15.2737
15.0148
15.1627
15.1997
15.0888
15.1627
15.1257
15.4216
15.0148
15.2367
15.0518
15.3107
15.1257
14.9778
15.1627
15.3846
15.3107
15.1627
15.6065
15.4956
15.6435
15.1257
15.3107
14.9408
15.2737
15.4956
15.7914
15.6805
16.0503
15.9763
15.7175
15.7175
15.4956
15.2737
15.2367
15.4586
15.4586
15.3107
15.3107
15.3846
15.3476
15.4586
15.6435
15.1997
15.3107
15.1257
15.2367
15.3476
15.4956
15.8654
15.7175
15.7544
15.9024
15.7914
15.3107
15.6065
15.8284
15.5325
15.6065
15.4216
15.8654
15.7914
15.8284
15.9024
15.4216
15.4216
15.4586
15.2737
15.1997
15.4956
15.5325
15.6065
15.5695
15.7914
15.5325
15.4216
15.7914
16.0133
15.7544
15.9393
15.6065
15.8284
15.9763
15.9763
16.0133
15.8654
15.4956
15.5325
15.7914
15.6805
15.4216
15.7175
15.5325
15.6065
15.9024
15.7544
15.7914
15.6805
15.4216
15.4586
16.0503
15.5695
16.1982
16.1982
15.8284
16.0503
15.8284
15.8654
15.6065
15.6065
15.9393
16.3462
16.1243
15.8654
15.7914
15.5695
15.6435
15.0888
15.5695
15.6435
15.3107
15.2367
15.3107
15.1257
14.8299
14.608
15.1627
15.3846
14.9408
15.1997
15.5695
15.3107
15.1997
14.9778
14.7929
14.4231
13.7204
15.7544
15.4216
14.608
14.8669
14.4231
14.497
15.7175
15.7175
15.2367
15.4956
15.4586
15.6805
15.8284
15.6435
16.1612
16.4201
16.0503
15.8654
14.7189
14.9408
14.4601
14.4601
14.608
13.9423
13.6095
13.7944
13.9423
14.2382
14.2012
14.571
14.534
14.9408
14.7189
15.4216
15.4586
15.5325
15.7914
15.3107
15.1257
14.8299
14.9778
14.8669
15.0148
15.1627
15.1257
15.0518
14.8669
15.1257
15.1257
15.5695
15.3476
15.6065
15.4216
15.4586
15.7175
16.0873
16.1982
15.8284
16.679
16.716
16.2722
16.4571
16.1612
15.6805
15.7544
15.7544
14.0163
14.1642
14.3491
14.9038
14.8299
14.7189
15.2737
15.3476
15.1997
15.5325
15.4586
15.9393
15.7544
15.5695
16.3092
15.8284
15.9393
15.2737
15.5325
15.1627
15.0148
14.9408
14.9408
15.0148
14.9408
14.645
14.608
14.682
14.3491
14.534
15.2367
15.1257
14.9408
14.497
15.1997
14.7929
14.682
15.1257
15.0518
15.0148
15.0518
14.645
14.608
14.534
14.645
15.1997
15.7544
15.4956
15.8284
15.2737
15.1627
15.1627
14.645
14.2012
14.1272
14.4231
14.3121
13.6095
13.6834
12.7959
12.426
12.3151
13.2766
13.3136
13.3136
13.0547
13.3136
12.5
11.8713
11.6494
12.8698
13.4985
13.2027
13.1287
13.4246
13.2396
13.4615
13.0547
12.9438
12.8698
13.4246
14.0163
13.6834
14.534
14.4231
14.7929
14.3121
14.3121
15.3846
15.1627
14.8299
14.682
14.534
14.7929
13.2766
13.0178
13.5355
14.3491
13.9793
13.8683
13.6095
13.4246
13.6464
13.3506
12.9438
13.2766
13.5725
13.5725
13.6834
13.9053
14.1642
14.1272
14.571
14.7929
14.7559
15.0518
14.7559
15.5325
14.9038
15.3476
15.2367
14.8299
14.1272
14.3861
13.6095
13.4985
13.1657
12.8698
13.3876
13.1287
13.5355
12.9068
12.7959
12.6109
14.3861
14.0902
14.3861
13.7574
14.3491
13.9423
13.4615
12.7589
12.3151
12.6479
11.9453
12.0932
12.0932
11.5754
12.0192
12.0932
11.8713
11.5385
12.537
12.1302
12.7959
12.6109
12.537
12.0932
11.9453
11.9822
11.7604
11.3905
11.4645
11.5385
11.5754
11.3166
11.2426
10.9467
11.0577
10.9467
10.466
10.7249
10.6879
10.2441
10.355
9.94822
9.72633
9.65237
8.91272
8.9497
8.69083
8.76479
8.46893
8.17308
8.24704
9.50444
9.06065
8.9497
8.39497
8.65385
7.47041
6.80473
6.61982
6.06509
5.80621
5.2145
5.17751
5.36243
5.14053
4.95562
4.62278
5.32544
5.06657
4.43787
4.06805
3.73521
3.92012
3.51331
3.3284
3.40237
4.25296
3.99408
4.10503
4.28994
4.28994
4.43787
4.51183
4.03107
7.58136
7.54438
7.58136
7.39645
7.5074
7.76627
7.43343
7.76627
11.2426
11.7234
12.2411
12.8328
12.9438
13.5355
13.3876
13.2766
13.2027
13.0547
12.6109
12.8328
12.5
12.9438
13.5355
14.1272
14.645
14.8669
15.0518
14.645
15.4586
13.5355
13.6095
13.9423
14.608
14.645
15.5695
15.4216
16.2722
15.7544
16.753
15.7914
15.7544
15.0518
16.0873
16.0503
16.568
15.7914
16.753
15.9763
16.2722
14.4231
14.8669
14.645
14.2382
13.9053
13.8683
14.0163
14.1642
13.2396
13.2027
13.0178
13.0178
12.0562
12.1302
12.426
12.3151
14.2751
13.5725
13.5725
13.1657
13.2027
13.0547
13.0917
13.6464
12.0192
11.9822
11.5754
11.6494
12.0562
12.537
12.9068
11.1686
11.8343
12.0192
11.5015
10.429
10.5769
11.1686
11.0947
11.5385
12.2041
12.2411
12.574
12.7219
13.0178
13.3506
13.5355
13.5355
13.7944
13.3136
13.5725
13.2027
13.4615
13.3876
13.6095
12.9808
13.3506
12.3891
12.6109
12.426
12.0932
12.5
12.6109
12.7219
12.9808
13.7574
13.8683
13.3876
13.8683
13.8314
13.8683
14.1272
13.4985
13.7944
13.9423
14.0163
13.7944
14.1642
14.0902
14.3491
13.9053
13.0917
14.7559
14.682
14.3121
14.645
14.534
13.9423
13.8314
13.7574
14.497
14.1272
14.0902
14.571
14.1642
14.497
14.0533
13.4985
12.7589
12.6109
11.9822
11.6124
11.6494
12.574
12.463
13.0917
12.426
13.2396
13.6464
14.3861
14.534
16.0873
16.5311
16.9379
16.679
16.605
16.642
17.2337
16.679
16.7899
17.0488
17.4556
16.5311
16.605
16.9009
16.716
17.8254
17.4926
17.6036
18.1953
18.1213
17.7145
17.4926
17.9364
18.1953
19.0459
19.0828
18.8609
18.75
18.0843
18.3432
17.6775
18.4172
17.8254
18.1953
18.3062
18.787
18.3432
18.4541
18.5651
18.2692
17.6036
18.4172
18.1213
18.0473
17.0858
16.7899
16.2352
16.2722
16.0133
15.4216
15.2737
14.534
14.2382
13.0917
12.6479
13.9053
12.8698
12.2781
11.6124
11.2796
13.2027
12.537
11.6124
10.6879
10.7249
9.61538
8.87574
8.06213
6.84172
10.2811
9.50444
8.43195
7.9142
7.69231
7.06361
6.91568
7.21154
8.50592
9.1716
8.9497
8.5429
8.72781
8.76479
9.1716
8.46893
8.91272
9.24556
9.02367
8.87574
8.61686
8.61686
9.20858
8.83876
9.28254
8.80178
8.98669
8.76479
9.20858
9.13462
9.91124
9.91124
10.2811
10.9837
11.5754
11.5015
11.9083
11.5015
11.5385
12.3151
12.6479
12.7589
12.7589
12.9808
13.4615
13.6464
13.9053
13.8314
14.2012
15.9393
13.7204
14.0533
14.0163
13.9793
13.9423
13.7574
13.9793
14.571
14.682
14.3861
13.9793
13.8683
13.6834
14.497
15.3846
15.3476
16.0133
16.4941
16.1982
16.9379
16.605
16.568
15.8654
16.1982
16.0873
15.9393
15.7175
15.4956
15.3846
14.571
14.0163
15.3107
15.2367
15.5695
15.2737
15.2737
14.497
14.1642
13.9053
13.4615
12.537
12.5
12.1302
12.3891
12.3891
12.1302
12.3891
12.7959
12.2041
11.9453
11.5754
11.3905
11.5754
11.1686
11.6494
11.2056
12.2411
11.6864
11.9083
11.8343
12.2041
12.0562
12.3891
11.9822
12.2041
12.3521
12.6109
12.5
12.2781
11.6124
11.6494
12.0562
12.3521
12.537
12.1302
12.9068
13.0547
12.7219
12.9438
13.2396
13.3876
13.4985
13.2766
12.9808
13.7574
14.3491
13.9793
13.4985
13.6834
13.2027
13.2027
13.0178
12.9438
12.2411
11.9822
11.9083
12.1302
12.1302
11.6494
12.2041
11.9453
11.4645
11.7234
11.7604
11.4275
11.7234
11.6864
11.5754
11.7234
11.9083
11.5385
11.9083
12.2781
12.2411
13.0547
13.2766
13.1657
13.8683
13.5725
13.6834
13.0178
12.3151
12.3151
12.3891
11.9453
11.8713
12.1672
11.9822
11.3166
10.9837
11.1686
10.8728
11.0577
11.2426
11.3166
11.2426
11.0207
11.2426
10.7988
10.5399
11.5385
12.0932
11.7604
10.429
11.0947
11.1686
11.2426
11.3905
11.3905
12.2041
12.0192
11.7604
12.2041
12.2781
12.3151
12.1302
12.6109
12.6479
12.2041
12.3151
13.0547
12.9808
12.9808
13.0917
13.8683
14.645
15.0888
15.5325
15.7544
15.7544
15.9393
16.2352
16.1612
16.3831
16.4201
16.5311
16.1982
16.3462
16.1982
16.1243
16.568
17.1967
18.1953
18.2322
18.9349
19.0459
19.3417
19.5636
19.8595
20.1183
19.7485
20.4142
20.0074
20.6731
20.4512
18.75
19.2678
18.9349
19.4896
19.2678
19.5266
19.7485
19.3417
18.1953
18.1213
18.6391
18.713
19.6746
19.8595
19.8225
20.1183
19.4896
19.6006
19.3787
18.4911
18.4172
18.5281
18.9719
19.6006
18.3062
18.2322
18.2692
18.2322
18.3062
18.4172
18.4172
18.4911
18.6021
18.0104
18.2322
17.9364
18.5651
18.4911
18.4541
18.3802
19.2308
18.3802
18.2692
18.0843
18.1953
18.1583
17.9734
18.3802
17.8624
17.6036
17.7515
17.3077
17.4186
17.4926
17.8254
18.0843
18.0843
18.1213
18.4541
18.676
18.8609
19.1198
18.6391
18.6021
18.676
17.7515
17.8254
17.6405
17.2707
17.1598
17.4926
18.0843
18.0843
18.2692
18.5651
18.713
18.6021
18.3432
18.3802
18.2322
18.9719
19.3787
18.9349
19.0459
19.0828
19.2678
19.3047
18.3432
18.3802
18.3432
18.5651
18.6391
18.3062
18.676
18.8979
18.75
19.1568
19.2678
19.5266
19.3787
19.0089
19.7115
19.4157
19.8964
19.3047
19.2308
18.4911
18.787
18.75
18.3432
18.5651
18.6391
18.3802
18.5651
19.1938
18.6391
18.9719
19.0459
19.0828
19.3047
19.2308
18.8609
19.1198
19.0089
19.0089
18.676
18.3432
18.6021
18.2692
17.9734
17.5666
17.7145
17.9734
18.0473
17.6405
17.6036
17.4186
17.7515
17.7885
17.7145
18.0104
18.3432
18.1583
17.8624
18.4911
18.1953
18.6391
18.3432
17.9734
17.8624
18.4911
17.8994
17.8254
18.1953
18.713
18.6021
17.8994
18.1213
17.8624
17.8624
18.1953
18.824
18.713
18.6391
18.75
18.3432
18.5651
19.1938
18.3432
18.9349
19.1568
18.3802
17.9364
18.4541
18.8979
18.9349
19.2678
19.5266
19.7115
19.4157
19.4527
19.5266
19.4896
20.0074
20.0814
19.3787
19.7115
19.3787
19.0089
18.9349
19.5266
18.4911
18.8609
18.676
18.787
18.9719
18.5281
18.9719
19.0089
18.8979
19.1938
19.3047
19.1568
19.7115
19.4896
19.6006
20.3402
20.0814
20.0074
19.8964
19.4157
19.4896
19.2308
19.4896
19.7855
19.7115
19.8595
19.8225
19.8964
19.7485
20.2663
20.4142
20.3402
20.5991
20.4882
20.784
20.9689
20.784
21.0799
20.7101
20.1923
19.8225
19.5636
19.4157
19.0089
18.824
18.787
19.0459
18.75
19.1198
19.0089
19.3787
19.8595
19.2678
19.6006
19.6376
19.6376
20.0444
20.1183
19.9334
20.0074
20.0444
19.8595
19.1938
18.676
19.1938
18.8609
18.9349
19.0459
19.0828
19.1568
19.3417
18.787
19.0459
19.2678
18.787
19.0089
18.9349
18.9719
18.6391
18.3432
18.4172
18.5281
18.0843
17.7885
17.3447
17.3077
18.4541
18.5281
17.3077
17.6775
17.8624
17.9734
17.7145
17.4186
19.0089
19.2308
18.9349
17.4556
17.6036
17.2337
18.713
16.8269
17.5666
16.0133
16.9379
16.568
16.642
17.1598
17.1228
16.9379
17.5666
16.8269
17.0858
17.1598
17.4186
17.7885
17.8994
18.1213
18.713
18.8979
18.824
19.0089
19.1198
19.0828
19.4896
19.5266
19.5636
19.8964
19.8225
19.7115
20.1923
20.6361
20.821
20.932
21.0059
21.4497
21.4497
21.2648
21.6716
22.0044
21.5237
21.6716
22.7441
22.4852
21.6716
21.5607
21.3388
21.3018
21.3018
21.0429
21.1908
21.5237
21.0059
21.2648
21.5607
22.1524
21.7086
22.2263
22.1893
22.1154
21.8195
21.8565
21.7456
21.7456
20.9689
20.784
20.5991
20.2663
20.1553
19.8964
20.2663
20.784
21.0059
21.0059
22.0044
21.7086
21.7456
22.0044
22.855
22.6701
22.5592
21.6346
21.8935
21.5237
21.7086
22.5962
22.4852
22.6331
22.7441
22.4482
21.2648
22.0414
21.7825
21.6716
22.7811
22.855
23.8905
24.0385
24.3343
25.1109
25
24.8521
25.2219
25.6657
25.8506
26.2204
26.1095
25.7027
25.7766
26.3314
25.074
25.5178
26.0725
26.0725
26.1095
26.2204
26.3314
26.7012
27.071
27.2929
27.4038
27.5148
26.7751
26.2574
26.9601
26.7751
27.7737
27.5888
27.182
26.9601
26.1464
26.7382
27.071
26.8861
28.1435
27.4408
27.4778
26.6642
27.6627
26.8491
26.6272
26.4793
27.108
26.5533
25.7027
27.6257
27.6257
27.9586
27.2189
26.7382
27.5148
27.6997
28.5133
28.4393
28.2544
27.4408
27.9586
27.5518
27.9216
29.5118
29.5858
29.105
28.4393
28.0325
29.068
28.2544
27.9216
28.0695
28.2544
27.9956
27.8107
27.4038
27.108
26.7382
26.5902
25.9615
26.5163
26.2204
26.0355
26.1095
26.2204
25.9985
25.2959
24.7411
25.9615
25.5917
24.3343
23.9645
24.2234
23.6317
23.4837
25.4438
25.8876
25.5178
25.1849
24.963
24.1494
24.3713
24.1864
24.5192
24.6302
24.926
24.0015
23.7796
23.0399
22.929
23.0769
22.5962
22.5962
21.8935
22.2633
22.1154
22.5962
22.4852
22.1524
21.7825
22.7441
22.4112
21.5237
21.2648
21.0429
20.858
20.821
22.3003
20.4512
22.3003
20.784
20.5621
22.4852
21.8565
21.8565
21.8935
23.1509
22.855
22.4852
22.3373
22.3743
22.3373
22.1893
20.3772
20.1553
20.1923
20.2663
20.4512
20.821
20.747
20.9689
20.2663
20.5991
22.1893
22.1154
21.7086
22.1154
22.4112
22.4112
23.003
22.892
20.6731
21.3757
21.0429
21.5237
21.4867
21.4127
21.8935
21.4127
21.1908
21.5237
21.7825
21.5976
21.4497
20.9689
20.9689
21.1538
20.5991
20.6361
20.747
20.1553
20.5991
20.7101
20.6361
21.2648
21.0059
22.4112
22.0784
21.8565
21.7086
22.1524
22.1893
21.8935
22.0784
21.9675
23.0399
22.855
23.1879
22.7811
23.0399
22.966
23.7796
23.4098
23.4467
23.7796
23.1509
23.9275
23.9645
24.0754
24.5562
24.6672
25.2959
24.8521
25.2959
24.7411
24.7781
24.926
24.4822
24.7411
24.4453
24.6672
24.2973
23.6686
24.2604
24.1124
23.5947
24.0015
24.3713
24.1864
24.3713
23.7426
23.7056
23.6317
24.0385
23.8536
23.3728
23.3728
23.1139
23.3728
23.8166
23.9645
24.926
24.7411
25.3328
25.4808
25.5178
25.037
25.037
25.1479
25.074
24.4453
24.2604
24.1494
24.4083
23.7426
23.7056
22.7071
22.7811
22.929
23.4467
23.4467
23.2249
22.892
23.1139
22.855
23.1879
23.8905
24.4083
24.1494
24.7411
24.4453
24.7041
24.6302
24.2973
23.1879
23.4467
22.929
22.2263
22.1524
21.8565
22.4852
21.2648
21.3757
21.1538
20.5991
20.6361
20.2663
20.0074
20.858
20.932
21.7086
20.9689
21.4867
22.2263
21.5237
21.6716
21.3388
21.0799
20.9689
21.1169
19.9334
20.821
20.4512
20.932
20.4142
20.7101
20.4882
20.4142
20.3772
20.2293
20.7101
20.5991
20.7101
20.9689
21.2278
22.0784
21.5607
21.0059
21.0059
20.6731
21.1538
20.895
21.0429
21.3757
20.3033
20.858
20.7101
20.6731
20.4512
20.3772
20.3402
19.8225
20.0074
20.1553
20.2663
20.0444
20.3772
20.3033
20.5621
20.3033
20.2663
20.4882
20.6361
20.5621
20.4142
20.747
20.1553
19.8964
20.0444
19.7855
19.9334
20.3772
21.0059
20.4142
20.6731
21.3757
21.1908
21.4127
21.5607
21.6716
21.8565
22.0044
22.1893
22.3743
22.0414
21.4127
21.7086
21.7086
22.5962
22.3743
22.4112
22.0784
22.3373
22.0044
22.4112
22.855
23.003
22.966
23.0399
22.892
23.4467
22.6331
22.6331
22.7811
23.003
23.0769
23.1139
22.7441
22.7071
22.6331
22.3003
22.5592
22.3003
22.1154
22.5222
23.003
23.1509
23.7426
23.6686
23.7056
23.5577
23.9275
23.7056
23.4837
23.3728
23.0769
23.1509
23.6686
23.3728
23.4837
23.7056
23.2249
23.2249
23.2618
22.855
22.7811
23.1509
23.6686
23.3358
23.1879
23.4837
23.9645
23.6686
24.2234
23.8536
24.0385
23.5577
23.7426
24.1494
24.2234
23.6317
23.7056
22.966
22.892
23.2618
23.2988
23.1139
23.1139
23.5577
23.1139
22.7071
22.5222
22.4852
22.966
22.5592
22.3743
22.2633
23.0769
22.7071
23.1139
22.4482
22.818
22.5222
21.8565
21.5237
21.4867
21.2648
21.5976
21.1538
21.4497
21.3388
21.1908
21.1169
21.5607
21.3388
21.0059
20.858
20.784
20.932
20.858
20.784
21.4867
21.0799
20.858
20.5621
19.9704
20.0074
19.7115
19.8595
20.1553
20.3033
20.2293
20.4142
20.747
21.0059
20.5251
20.5251
20.5251
20.6361
20.5251
20.895
20.6361
20.784
20.6731
21.0799
20.5991
19.8964
19.4896
19.4157
20.0444
20.1183
19.4896
20.4142
20.0444
20.4882
20.3033
20.0444
20.1553
19.8964
20.1923
20.5621
20.3772
21.0059
20.6731
21.1908
20.4882
20.747
20.6361
20.4142
20.1923
20.2293
19.8595
20.932
20.6731
20.3772
20.3402
20.7101
20.858
20.6731
20.4142
20.3402
20.5621
20.1923
19.3417
20.2663
21.2648
20.3033
19.9704
19.3047
19.1938
19.5266
19.8225
19.0828
19.2678
19.3047
20.0074
19.6746
19.6376
19.7115
19.6006
19.5636
19.7855
20.1183
20.1553
20.1553
20.3033
19.7485
19.9334
20.0444
19.6376
20.0444
19.8964
20.4512
20.5991
20.932
21.0059
20.5621
20.4882
20.9689
20.932
20.9689
20.858
21.3388
21.1169
20.9689
20.747
21.0429
20.858
21.0059
21.0429
21.5237
21.4497
20.7101
21.7086
21.8935
21.3018
20.784
21.1908
21.1538
21.3018
21.1908
21.1538
20.784
21.1538
21.3388
21.3757
21.6346
21.3018
20.747
21.4127
21.0799
21.3018
21.1908
20.932
21.4497
21.6716
21.4867
21.0799
21.4127
20.9689
20.932
20.5991
20.5251
20.4512
20.895
20.5251
20.6361
20.858
21.0799
20.747
21.7086
21.2648
21.3757
21.2278
20.895
20.7101
21.3018
21.1169
20.7101
21.0799
20.895
20.821
21.0799
21.3757
21.1908
21.0059
20.5251
21.1908
21.4867
21.0799
21.0799
21.1908
20.3402
20.2663
20.1923
20.1183
20.858
21.2648
21.0429
20.858
21.3388
21.3388
21.1538
20.7101
20.9689
20.932
21.3018
21.0799
21.2278
21.5607
22.3003
22.0414
21.2278
21.0799
20.895
21.0059
21.4497
21.8195
21.1169
21.1908
21.2648
21.1908
20.932
20.821
21.1169
21.4867
20.895
20.2663
21.1908
21.3018
21.1538
21.0429
21.1538
21.2648
21.0429
20.747
20.4882
20.6361
21.3757
21.2648
21.5607
20.784
20.1183
20.747
20.784
20.821
20.5621
20.1553
20.932
20.4882
20.6731
20.3033
20.784
21.1538
20.784
21.4497
20.9689
21.3388
21.3388
21.1538
21.0429
20.9689
21.0059
20.5251
20.858
20.9689
20.2663
20.1923
20.5621
21.5237
21.4127
21.9675
21.8565
22.0044
22.5592
22.5592
22.929
22.7811
23.1509
23.7796
23.8166
23.3728
23.1879
23.0769
23.1509
23.6686
23.0769
22.4112
22.6701
22.7071
23.3358
22.855
23.2618
22.818
22.4482
22.5222
22.2633
22.0414
22.0044
21.9305
21.8935
22.0044
22.4852
22.3373
21.5607
21.3388
21.8935
21.1538
21.1538
21.2648
21.3388
21.8195
21.8195
21.7825
21.4127
20.895
21.1169
21.0429
20.858
20.6731
20.3033
20.821
20.9689
21.0799
20.821
22.892
22.5962
22.7811
22.2263
21.2648
22.0784
21.8935
22.3003
22.5222
21.9305
21.8935
20.858
21.0059
20.895
20.4142
20.7101
20.5991
20.5251
20.2663
20.4882
20.6361
20.6361
20.4882
19.3417
19.3787
19.4896
19.3047
19.1198
19.4527
19.7115
19.3787
19.6746
20.2663
19.5636
19.6376
19.2308
19.3047
19.3787
19.3047
19.6746
19.0459
19.3417
18.824
18.1953
18.3802
18.1953
18.4541
18.5651
18.8979
19.7115
19.0828
19.0828
18.8609
18.6391
17.8254
18.2692
18.3432
17.9364
18.1583
18.3432
18.713
18.75
19.2308
19.0459
19.1568
18.6391
18.676
18.824
18.8609
18.9719
19.1198
19.0828
19.0459
19.3047
19.7115
19.1568
19.1938
19.6746
19.7855
19.7115
19.8964
19.5636
19.3787
19.3047
18.9719
18.676
18.5281
18.824
18.9719
18.9719
19.4157
19.0459
19.9334
19.2678
19.3047
19.1938
19.3787
18.9719
18.8979
19.5266
19.1568
18.9349
19.0089
19.4896
19.6376
19.6006
19.4896
19.7485
19.8225
20.0074
20.747
20.0444
19.4896
19.3417
19.1938
18.6021
18.713
18.8979
19.2308
18.75
18.8609
19.2678
19.3787
19.5266
19.6376
19.1938
19.4157
19.2308
19.0459
18.0473
18.713
19.0459
18.9719
19.1198
19.3787
18.787
19.4527
19.0828
18.8609
18.676
18.3802
19.2678
18.9349
18.3802
18.0843
18.75
18.4172
17.8994
18.4172
18.6021
18.6021
18.5651
18.3432
18.4911
17.9734
17.8624
18.4172
18.5281
18.75
18.4911
18.4172
18.1213
18.5651
19.0089
18.4911
18.824
18.6391
18.4541
18.0473
18.3062
18.6021
18.4911
18.5651
18.824
19.4896
18.4172
18.4911
18.8979
18.4172
18.5281
18.4911
18.824
18.5651
19.2308
19.3417
18.713
19.2678
19.0459
19.4527
19.1938
19.3417
20.0814
20.0074
20.0074
19.8225
19.8225
19.5266
19.7855
19.6006
19.9704
20.0074
20.0444
19.8595
20.5991
20.5621
20.5991
20.5621
20.3772
20.9689
20.7101
20.4882
20.6361
20.5991
21.0429
20.7101
21.1538
19.4896
21.4127
21.4127
21.6716
19.5266
21.6716
21.4127
21.2278
21.6346
21.5237
21.5237
21.1538
20.3033
20.4512
20.0074
20.0444
20.1183
20.2293
20.3033
20.9689
20.5621
20.747
20.1553
20.1183
20.0444
19.8964
19.7115
19.6006
19.9334
20.4142
20.3402
20.0074
20.784
20.4512
20.2293
20.1553
20.4882
20.858
20.895
20.821
21.2278
20.9689
20.5621
20.6361
20.1923
19.0459
20.1183
20.1923
20.3033
19.7485
20.2293
19.9704
20.2293
20.932
21.3388
21.1169
20.932
19.1938
21.0059
20.932
21.0799
20.3772
19.9334
19.7485
19.6006
18.824
19.4527
19.2678
19.3417
19.9704
20.1923
20.2663
19.5266
19.7485
19.2308
19.4157
18.75
19.0459
19.5266
20.3402
20.5991
20.0814
20.4512
19.5266
18.787
19.2678
18.824
18.824
18.676
19.0828
20.0814
20.4142
20.4512
19.8595
20.1553
20.0074
20.0444
20.3033
19.9334
20.1183
20.4512
18.6391
18.676
17.9364
18.5651
18.3432
18.0473
20.0074
19.8964
19.8964
18.676
18.3062
18.713
18.5281
18.713
18.5281
19.0459
19.3417
19.7115
19.8595
19.9704
20.4142
20.784
20.1923
20.1183
20.6361
20.895
20.3402
19.9334
19.6376
19.0828
19.2308
20.2293
20.0814
19.8964
19.8225
20.2663
20.1553
20.1553
20.3402
20.3033
19.9704
20.3402
20.858
20.4512
20.6731
20.0444
20.2293
20.0074
19.5266
19.1568
19.3047
19.3787
19.0089
19.7115
19.0459
19.0459
19.7115
20.0444
20.1553
20.0444
20.0074
19.8225
19.6006
19.2678
20.2663
19.6746
20.1183
19.9704
19.0828
19.7855
19.5636
19.9334
19.6006
20.4142
19.8595
20.3033
20.9689
20.6731
20.4882
20.0444
20.2293
20.5991
20.2663
20.784
19.8595
19.4157
19.6376
18.787
19.3787
20.895
18.75
18.1583
20.3772
20.3402
20.7101
20.4882
18.9719
19.0828
19.3047
19.1938
19.0089
19.2308
19.3787
19.8225
19.2308
19.5636
20.0814
19.6376
20.0814
19.8964
19.6376
19.1198
19.3047
19.4157
18.676
20.932
19.0089
20.747
19.0089
19.7115
19.7485
20.1183
20.3772
20.3033
20.1553
19.8595
20.0074
19.6376
19.4157
21.4497
21.3757
21.0429
20.6361
20.3402
20.4882
20.2663
20.6361
20.2663
20.821
21.0799
21.3018
21.4867
21.1538
20.821
20.821
20.858
21.0429
21.3018
21.6716
21.4497
21.5976
20.747
19.7855
20.0444
19.8964
19.7855
20.0444
20.6731
20.5621
20.6361
20.4882
20.858
21.5237
20.4512
20.821
20.4142
20.7101
21.1908
20.895
21.4497
21.6346
21.6716
21.2648
21.2278
21.6716
21.4867
21.5607
21.7086
21.6346
22.0414
20.6361
19.6376
21.6346
21.9305
20.0444
20.2663
20.4882
20.4882
20.4882
20.5621
20.747
21.2648
21.0799
21.1169
20.7101
20.9689
20.3772
20.858
21.4497
20.5251
20.747
21.0059
20.821
20.7101
20.932
20.932
21.1538
21.3757
21.7086
21.5237
21.4867
21.4867
21.3388
21.3388
20.0814
22.818
22.1524
22.4852
22.2633
20.2663
20.5621
20.821
20.821
20.858
21.1908
20.6731
20.7101
19.6376
20.6731
20.5621
20.821
20.7101
20.3772
20.4882
20.1553
20.4142
19.8964
20.1923
19.3417
19.5636
19.8225
20.0444
19.6006
19.3047
19.7485
19.3417
19.3787
19.6376
19.4157
20.0444
20.2663
20.1553
19.9334
21.5976
19.8225
21.7456
20.932
20.9689
20.5251
21.0059
21.1169
19.4157
20.0444
20.0444
19.9334
19.4527
21.8565
19.6376
19.6376
19.4896
20.4512
20.4882
20.5621
20.3772
20.6361
20.7101
20.3772
19.6376
19.9704
19.3417
21.1538
19.4527
19.9704
19.4157
19.3787
19.5636
21.3018
19.8964
20.2293
19.7855
20.2663
20.0074
20.4142
20.4512
20.3402
20.1183
19.7485
19.7855
19.4896
21.1908
21.2278
21.2278
21.3388
20.932
19.0828
19.3047
19.5266
19.8225
20.0074
19.7485
19.8225
20.4882
20.3772
20.6731
20.747
20.895
21.1908
21.6346
21.1169
21.5976
21.3388
21.8565
21.5976
21.8565
21.7825
22.0784
22.1893
22.818
22.7811
22.5962
23.0769
23.003
23.2249
23.6686
23.4098
24.2604
22.855
23.2618
23.7056
23.7796
24.1864
24.0754
23.4098
24.1124
23.7796
23.8166
24.1864
23.7056
24.1864
24.1124
24.1124
24.3713
23.8166
24.1494
24.0754
24.3343
24.5932
25.2589
25.2219
25.1849
24.8891
24.4822
24.6302
24.2234
24.1864
24.5932
25.4808
25
24.7041
25.1479
24.6672
24.8521
24.4083
25.1109
25.037
24.8521
24.5932
24.6302
25.4808
25.3698
25.9615
24.1124
23.9275
25.7027
25.7396
25.9246
25.9985
24.2973
24.0385
24.0015
25.4438
25.5178
25.5547
25.3698
25
25.1479
24.3343
24.926
25.2589
24.8891
25.1479
25.1849
25.5917
25.6287
25.9985
25.1109
24.2234
24.7411
24.4453
24.3343
26.2944
24.6672
24.6672
26.2204
25.9985
25.5917
25.7396
25.4438
25.2219
25.074
25.1109
25.5547
25.037
25.5917
25.2959
25.7766
26.2574
25.4808
25.6287
25.9985
25.7027
25.9985
26.1464
25.6657
24.8521
25.7396
25.8876
25.8876
25.8876
25.9615
25.6287
25.8136
25.6657
25.5917
25.4438
26.0725
25.4438
25.9985
25.6657
25.4438
24.2604
24.3713
24.7041
24.4822
24.3713
24.8151
24.8521
24.8521
24.7411
23.8905
23.9645
24.2604
23.6686
23.4098
24.3343
23.6317
23.8905
24.7781
24.2973
24.7781
23.3728
22.966
23.1879
24.2234
24.3713
24.1124
22.855
23.3728
22.929
22.818
22.818
23.5207
23.8166
22.6701
23.2988
22.7811
23.0769
22.966
23.5577
23.7796
23.4837
23.8905
23.1879
23.4837
23.6317
23.7056
24.0754
23.8536
24.1494
23.9645
23.8166
23.4837
23.4467
23.7796
23.6317
23.7796
24.2973
23.4837
24.0754
24.8151
25
24.963
25.2959
25.8506
25.3698
26.2574
25.7766
25.7027
26.4053
27.3299
26.7012
27.4778
27.5518
28.1435
26.7012
27.145
26.7012
27.4408
27.6257
27.2559
28.0695
28.1805
26.6642
26.3683
25.3698
24.963
25.3328
24.926
25.2589
26.1095
24.5932
24.2604
24.2604
23.9275
23.9275
23.0399
23.7056
23.3358
23.3728
23.6317
23.7796
23.7056
23.6686
23.8905
23.9275
23.0399
22.5962
22.3373
22.3373
22.3373
22.2263
21.8195
22.3003
22.7441
22.6701
23.3728
23.1879
23.3358
24.1494
23.2249
23.0399
23.2988
22.966
23.8905
24.0015
23.9645
24.7411
24.2604
23.6686
22.966
22.3003
23.5577
23.4837
23.9645
23.7056
22.966
22.929
22.6701
22.855
22.966
22.5592
22.2633
21.7086
21.8195
21.9305
22.0414
21.4867
21.1169
21.2648
20.2293
20.784
22.0044
22.0414
22.7441
22.5222
22.4482
23.3358
22.892
22.7071
22.0044
22.6701
21.8195
21.6716
21.4497
21.9675
21.2648
21.1538
20.3033
20.6361
20.0444
19.6746
20.0444
20.0074
20.3033
19.7485
19.7855
20.1183
19.8595
19.4896
19.4527
19.6746
19.4896
19.5266
19.8595
19.7855
19.4157
19.1568
18.8979
18.9349
19.2678
19.1198
18.75
18.4911
18.3432
18.1583
18.3802
18.2322
18.75
18.676
18.6391
18.1953
17.8254
18.5651
19.0828
19.0459
17.9734
18.0843
18.3802
18.713
18.3432
18.3432
18.5651
18.9349
19.1198
18.676
18.6391
18.4911
18.1953
17.3077
17.6775
17.6775
17.3447
17.1228
16.9379
17.3817
17.9364
18.2692
17.7145
17.1598
17.6036
17.8254
17.8994
18.4541
18.2692
18.5651
18.6021
18.2692
18.1213
18.5651
18.5651
17.9734
18.1213
17.6036
16.8639
16.8269
16.716
16.7899
17.4186
17.3817
17.2707
16.9009
17.4556
16.568
16.2352
16.8639
16.4201
16.2352
15.8284
16.2352
16.3462
16.568
17.4556
17.7145
17.0858
17.2707
17.1228
17.2337
16.9009
17.1228
17.1228
16.9009
16.2352
15.8284
16.2352
15.7544
15.3846
15.3846
15.3476
14.7929
15.3846
15.4956
15.9393
16.1243
16.1612
15.9763
16.2722
15.7175
15.6805
16.679
16.4941
16.0873
15.9393
15.7544
15.5325
15.2367
15.6435
15.7544
15.3846
14.9408
15.4586
15.3476
15.6065
15.5325
15.3846
15.4956
15.4956
16.1243
16.1612
15.6065
15.9393
16.0133
15.7914
15.5325
15.9763
15.6435
15.5695
15.5325
15.3107
15.1997
14.8669
14.9408
14.9408
15.0518
15.1627
15.0888
15.4216
15.5325
15.1997
15.6065
15.5325
15.0888
15.4586
15.3476
15.4586
15.3846
15.6065
15.4216
15.4216
15.3476
15.0888
15.3846
14.7929
14.8669
14.8299
14.9038
15.1997
15.6435
15.4586
15.6065
15.7175
15.3846
15.3107
15.0148
15.1627
14.534
14.9778
15.2737
15.0148
15.3107
15.3107
15.1997
15.3107
14.4601
14.2751
14.3121
13.9053
13.9793
14.1642
14.1642
14.3861
14.497
13.8683
14.682
14.645
14.7189
15.3107
15.1627
15.7175
15.3476
15.4216
15.4216
15.4586
15.4956
15.9393
15.6065
15.9763
15.7544
15.7175
15.7544
15.1997
15.6435
15.4956
15.6805
15.5325
15.8284
15.6435
16.4201
16.2352
17.3447
16.8639
16.9379
16.7899
17.7145
17.6405
17.1228
17.0488
17.4556
17.1967
17.7145
16.8639
16.679
16.753
16.8639
16.9379
17.4186
18.0104
17.6775
17.4926
17.3077
17.1967
17.4556
17.7145
17.6775
17.9734
17.8994
18.0104
17.5296
17.3447
17.4556
18.0473
17.5666
17.6775
18.1953
17.8624
17.4926
17.3447
17.3447
17.3817
17.1598
17.6405
17.2337
16.9749
17.3817
17.6405
18.0104
18.0473
18.2692
18.2692
18.0104
18.1583
17.9364
17.5666
17.6775
17.5296
17.7145
17.4186
17.4556
16.9749
16.7899
17.4186
17.3447
17.5296
17.0118
16.8269
17.4926
17.3817
17.4926
17.9364
17.8994
18.2322
18.0104
18.6021
18.1583
18.676
18.6021
17.9734
18.2322
18.2322
18.0473
17.8624
18.0473
18.1583
17.7145
18.0104
18.6391
18.713
18.5281
18.6021
18.8979
18.824
18.713
17.8254
18.5651
18.6021
18.3432
18.8979
19.3787
19.9334
19.2678
19.0828
18.787
19.0459
19.3787
18.9349
18.713
18.9349
18.6021
17.8624
18.0843
17.9734
18.1953
18.713
18.5651
18.0843
18.1953
18.676
18.1953
17.6036
17.8994
17.8994
17.7515
18.0843
18.1213
18.3432
18.9349
18.8609
18.9349
19.7485
19.3417
20.1553
19.4527
19.4527
18.676
18.676
19.1198
19.2308
18.9719
18.4541
18.3432
18.9719
18.8609
18.787
18.3802
18.8609
18.6391
18.0473
18.4541
18.5651
18.9349
18.9349
19.3047
19.0089
19.3787
18.9719
19.1568
19.0459
19.2678
18.9349
18.9719
19.2308
18.4541
18.8609
18.6391
18.75
18.3432
19.3047
18.9719
19.2308
20.0814
19.4896
20.6361
18.3432
19.3417
19.0828
19.2308
19.2678
19.2678
19.2678
19.4527
19.6006
19.7115
19.2308
19.7855
19.8595
19.9704
19.9334
19.5636
19.4157
19.5636
18.713
19.4527
18.8979
20.1923
19.7855
19.7485
19.4527
20.0444
20.3402
20.6361
20.5991
20.784
20.7101
20.932
20.6731
21.3757
20.821
21.0059
20.7101
20.3772
20.3772
19.6746
19.2308
19.4896
19.4527
19.1568
19.7115
19.7115
19.6746
20.1183
20.3033
20.9689
20.9689
21.6346
21.3757
21.2278
21.3388
21.6716
21.6346
21.4867
21.1169
20.747
20.932
19.8595
19.9704
19.8225
19.6376
19.5636
19.9704
20.4512
20.4882
20.4512
20.4142
20.895
21.1908
21.4127
20.784
21.1538
20.821
21.5237
21.1169
21.1169
21.0429
21.1169
21.2648
21.2278
20.895
20.5621
20.5621
20.0074
20.1553
20.2293
19.7855
20.4142
20.821
21.9675
20.5991
20.3402
19.8964
20.3402
20.1553
20.4882
20.5251
20.1183
20.1183
19.5266
19.7855
19.3047
19.6006
19.8964
20.1183
19.6376
20.1183
19.8595
19.0459
19.7115
19.7115
19.8964
20.1183
19.9704
19.6746
20.3033
20.2663
20.1553
21.1908
20.747
21.2648
21.2648
20.9689
20.4142
21.3757
20.9689
21.0059
20.821
20.747
20.1183
19.9704
20.3033
20.2293
20.5991
20.747
20.821
20.821
20.895
21.7825
21.7086
22.4112
22.0784
22.1524
21.9305
22.1524
21.7086
22.0044
21.5607
21.9305
22.7811
22.0044
23.003
23.6686
22.1893
22.0784
21.3388
22.3743
21.9305
22.892
22.892
23.1509
22.3743
23.2618
23.5207
22.966
22.7811
23.3358
23.3728
23.2249
23.7056
23.1879
23.0399
23.1879
23.4098
23.2249
23.6686
23.1139
23.5947
22.929
23.1139
23.0769
23.5947
23.0399
23.4467
23.5207
24.0015
23.5577
23.8905
23.7056
23.8905
24.1864
24.0754
24.1124
23.8536
23.2249
24.4822
24.3343
24.8891
25.5178
23.5207
23.4467
23.7796
23.7796
23.5207
24.1864
24.6302
24.3343
24.2234
24.3713
24.3343
24.926
25.3328
25.6657
26.4793
26.4423
26.7012
25.7396
25.9615
26.1834
26.0355
26.1834
26.0725
26.1095
26.3683
27.071
26.4793
26.4423
26.7382
26.8861
26.5902
25.9985
25.4438
28.7722
28.1805
28.3284
27.6997
27.3299
27.108
27.7737
27.9216
27.3299
27.9956
27.6257
27.8846
27.8476
27.4778
27.8846
27.9586
27.5518
27.8476
27.5518
28.3654
28.2175
28.2914
28.0695
28.1065
27.7737
27.034
27.2929
27.6627
27.108
25.8136
25.8506
26.0355
26.2204
26.6642
26.4053
26.0355
26.5902
26.5163
27.2559
26.8121
26.4793
26.1834
26.3683
26.0355
26.2944
26.1464
25.9985
25.3328
25.4068
24.8521
23.8536
24.0754
25.037
24.8151
25.9246
25.3328
24.3713
24.0754
23.7796
24.7781
25.074
24.6672
24.1864
24.0015
25.074
24.4822
23.8166
24.1124
24.2973
23.6686
23.8905
23.2988
22.818
22.1893
26.4423
23.3358
23.5577
23.1509
26.5533
25.5917
24.963
24.8151
25.8506
25.3698
24.926
25.9615
26.3314
26.4053
26.1095
26.0725
26.0725
25.9615
21.8935
22.1154
22.0414
25.8506
26.5163
26.1095
26.8121
25.9246
26.4053
26.7751
26.3683
25.1479
24.4083
23.6317
21.8935
22.0784
21.0059
20.4142
19.0459
18.6021
17.2707
16.8269
15.3846
18.4172
17.3077
16.0873
15.8284
14.3491
13.7574
13.1287
12.3151
12.2781
11.3536
11.4645
10.2811
10.5769
9.65237
9.28254
8.46893
8.35799
8.24704
8.02515
7.72929
7.9142
7.17456
7.39645
7.47041
7.17456
6.84172
6.50888
6.95266
7.24852
6.98964
6.95266
6.6568
6.54586
6.43491
6.02811
5.91716
5.51036
5.51036
5.02959
4.51183
4.62278
4.80769
4.43787
4.25296
3.99408
3.18047
3.18047
2.47781
2.21893
2.18195
1.62722
1.44231
2.99556
2.55178
2.47781
2.18195
2.14497
1.84911
1.70118
1.6642
2.51479
2.84763
2.84763
3.03254
2.32988
2.25592
2.10799
2.07101
2.9216
2.77367
2.62574
2.77367
2.81065
2.62574
2.55178
2.47781
3.14349
2.62574
2.47781
2.55178
2.55178
2.40385
2.21893
2.25592
2.73669
2.84763
2.55178
2.55178
2.32988
2.40385
2.14497
2.44083
3.51331
3.58728
3.5503
4.21598
3.88314
3.9571
3.77219
3.88314
3.88314
6.10207
6.25
6.76775
6.73077
6.54586
6.32396
5.99112
5.6213
8.09911
8.13609
8.5429
7.43343
7.98817
7.43343
7.5074
7.2855
8.83876
8.91272
8.24704
8.28402
7.98817
7.76627
7.10059
7.65533
7.43343
7.58136
7.13757
6.73077
6.39793
6.43491
6.17604
6.06509
6.25
5.95414
6.25
5.8432
5.99112
6.13905
5.6213
5.69527
5.95414
6.17604
6.25
6.06509
6.02811
5.88018
6.58284
6.25
6.91568
6.76775
6.69379
7.10059
7.35947
7.54438
7.47041
7.72929
7.9142
6.8787
6.50888
7.17456
6.80473
7.13757
6.8787
6.76775
6.58284
5.54734
5.73225
5.76923
5.47337
5.8432
5.73225
6.02811
5.6213
4.80769
4.69675
4.14201
4.25296
4.47485
3.88314
4.25296
4.14201
3.29142
3.21746
3.18047
2.84763
3.21746
3.14349
2.73669
2.73669
2.62574
2.55178
2.36686
2.55178
2.40385
2.44083
2.21893
2.62574
2.47781
2.73669
2.73669
2.62574
2.51479
2.36686
1.92308
1.59024
1.40533
2.32988
2.2929
2.32988
2.14497
2.25592
2.10799
2.10799
2.32988
3.14349
3.36538
3.3284
3.3284
3.18047
3.06953
3.10651
3.06953
4.25296
4.28994
4.5858
4.43787
4.28994
4.62278
4.32692
4.51183
4.69675
4.88166
4.95562
5.06657
4.03107
4.54882
4.43787
4.28994
4.80769
4.40089
4.65976
4.84467
4.91864
5.06657
4.88166
4.51183
4.80769
4.54882
4.43787
4.69675
4.80769
4.62278
4.43787
4.54882
4.84467
4.77071
4.80769
4.84467
4.77071
5.10355
5.14053
5.14053
5.02959
5.06657
5.47337
5.51036
5.43639
5.51036
5.39941
5.80621
5.95414
6.02811
6.02811
6.28698
6.47189
6.02811
6.32396
6.91568
7.17456
6.50888
6.36095
6.98964
6.69379
6.8787
7.72929
8.02515
7.32249
7.80325
6.13905
6.36095
6.91568
6.58284
7.13757
7.65533
8.80178
9.09763
7.95118
8.61686
9.02367
9.61538
9.65237
10.0962
9.65237
9.8003
7.98817
7.87722
8.21006
8.72781
8.39497
7.95118
7.80325
8.21006
6.47189
6.54586
6.8787
6.76775
7.5074
7.87722
7.84024
8.39497
7.2855
8.13609
8.57988
8.72781
8.69083
8.98669
9.1716
8.57988
7.80325
7.5074
7.76627
7.69231
7.69231
7.76627
7.98817
8.35799
7.76627
10.6509
10.7249
10.8728
10.2071
10.1701
9.65237
9.76331
9.83728
10.7988
10.2811
10.318
9.5784
8.91272
9.1716
9.65237
9.43047
9.39349
9.31953
9.46746
9.46746
9.43047
9.54142
9.54142
9.43047
6.73077
6.8787
6.58284
6.54586
6.84172
6.50888
6.02811
6.47189
5.02959
4.51183
4.28994
4.17899
4.25296
4.10503
3.77219
3.80917
3.5503
4.06805
4.25296
3.84615
4.21598
4.36391
4.25296
4.51183
4.36391
3.36538
3.51331
3.47633
3.47633
3.40237
3.40237
3.69822
3.66124
2.77367
2.88462
2.73669
3.14349
3.06953
2.95858
3.03254
2.88462
2.62574
2.81065
2.58876
2.32988
1.96006
1.96006
1.88609
1.6642
2.95858
3.03254
3.03254
2.6997
2.77367
2.73669
2.99556
2.95858
6.8787
6.50888
6.25
6.25
6.02811
6.36095
6.17604
6.61982
6.25
5.17751
5.14053
4.91864
5.06657
4.77071
4.69675
5.06657
4.80769
3.80917
3.88314
3.84615
4.06805
4.03107
3.73521
3.99408
3.73521
3.21746
3.03254
2.99556
2.73669
2.73669
2.66272
2.73669
2.32988
2.55178
2.32988
2.81065
2.40385
2.25592
1.99704
2.36686
2.51479
4.9926
4.62278
5.25148
4.91864
4.91864
5.25148
5.2145
5.10355
4.54882
4.77071
4.95562
5.25148
5.02959
5.6213
5.2145
5.28846
5.32544
6.02811
5.73225
5.54734
5.58432
5.54734
5.32544
5.88018
6.06509
9.31953
9.50444
9.65237
9.54142
9.50444
9.8003
9.65237
9.61538
8.80178
8.43195
8.83876
8.87574
9.09763
8.69083
9.50444
9.43047
6.61982
6.39793
6.39793
5.99112
5.95414
5.73225
5.88018
5.95414
5.2145
5.32544
5.10355
5.36243
5.14053
5.73225
5.51036
5.47337
5.47337
4.17899
4.21598
4.47485
4.5858
4.54882
4.36391
4.25296
4.25296
3.88314
4.14201
3.9571
4.17899
3.92012
4.17899
4.14201
3.80917
3.80917
3.51331
3.3284
2.77367
2.47781
2.18195
2.32988
1.92308
4.17899
4.36391
4.25296
3.88314
4.36391
3.9571
4.32692
4.40089
9.39349
9.39349
9.61538
9.35651
9.35651
10.0222
9.50444
9.20858
7.39645
7.39645
7.65533
7.21154
7.54438
7.02663
7.24852
7.21154
7.2855
4.17899
4.28994
3.99408
3.88314
4.14201
3.9571
4.14201
4.62278
2.77367
2.58876
2.47781
2.55178
2.58876
2.32988
2.51479
2.32988
2.77367
2.77367
2.81065
2.66272
2.6997
2.77367
2.62574
2.55178
4.17899
4.25296
4.43787
4.40089
4.80769
4.73373
4.91864
5.14053
6.47189
6.50888
6.50888
6.73077
7.10059
7.10059
6.84172
6.91568
6.91568
6.54586
6.36095
5.8432
5.54734
6.02811
5.91716
6.10207
5.91716
10.9837
9.83728
10.5769
10.6139
10.7988
11.5015
11.0577
11.6124
10.318
10.7249
11.4645
11.9083
11.7973
11.9822
11.7604
11.6124
7.2855
7.24852
7.13757
7.13757
7.43343
7.10059
7.13757
6.95266
7.06361
6.32396
6.06509
5.8432
6.02811
5.95414
5.91716
5.36243
3.40237
3.25444
3.18047
3.62426
3.43935
3.5503
3.40237
3.73521
3.66124
2.73669
2.66272
2.07101
2.55178
2.81065
2.47781
2.81065
2.84763
2.66272
2.73669
2.58876
2.62574
2.21893
1.99704
1.99704
1.99704
4.14201
4.03107
4.32692
4.43787
4.21598
4.28994
3.9571
4.25296
11.5385
10.5399
10.429
10.8358
10.355
9.54142
9.35651
9.35651
7.2855
6.8787
7.10059
7.39645
7.43343
7.10059
7.39645
7.47041
3.69822
3.84615
3.43935
3.66124
3.18047
3.10651
3.36538
3.66124
3.40237
2.44083
2.44083
2.21893
2.10799
2.36686
2.25592
1.96006
2.2929
2.73669
2.84763
2.58876
2.66272
2.81065
2.84763
2.6997
2.6997
4.77071
5.43639
5.02959
4.51183
4.5858
4.51183
4.40089
4.65976
5.8432
5.88018
5.99112
6.10207
6.21302
6.39793
6.21302
6.36095
5.73225
5.80621
5.54734
5.58432
5.47337
5.47337
4.9926
5.17751
5.54734
8.50592
8.57988
8.57988
8.87574
9.31953
9.20858
8.61686
8.09911
8.83876
9.35651
9.68935
9.46746
9.72633
9.65237
10.1701
9.76331
6.6568
6.39793
6.54586
6.8787
6.73077
6.43491
6.8787
6.21302
6.10207
6.02811
6.06509
5.99112
5.76923
5.54734
5.8432
5.88018
4.51183
4.73373
4.73373
4.65976
4.69675
4.54882
4.9926
4.80769
4.06805
4.03107
4.06805
4.28994
4.47485
4.25296
4.10503
3.9571
3.9571
3.66124
3.62426
3.69822
2.95858
2.81065
2.95858
2.62574
2.21893
2.51479
2.32988
2.44083
2.2929
2.18195
2.36686
2.66272
2.58876
7.69231
7.32249
7.02663
6.6568
6.6568
7.24852
7.47041
7.69231
8.24704
8.09911
8.39497
8.61686
8.80178
9.06065
9.68935
10.9467
5.95414
5.88018
6.06509
5.95414
5.47337
5.58432
5.6213
5.25148
4.95562
4.80769
4.69675
4.47485
4.03107
3.40237
3.14349
2.88462
2.88462
3.43935
3.5503
3.47633
3.69822
3.69822
3.58728
3.5503
3.36538
6.02811
5.91716
6.32396
5.95414
6.17604
6.32396
6.43491
6.73077
5.80621
6.36095
6.25
5.8432
6.32396
5.80621
6.25
5.88018
4.17899
4.06805
3.88314
3.99408
3.77219
4.10503
3.92012
3.9571
4.77071
4.65976
4.91864
4.73373
4.28994
4.43787
4.51183
4.54882
5.10355
5.43639
5.32544
5.54734
5.8432
6.10207
6.47189
5.80621
6.17604
7.21154
7.24852
7.35947
7.5074
7.06361
7.61834
7.2855
6.8787
8.43195
7.98817
8.80178
8.50592
9.13462
8.43195
8.39497
7.95118
6.95266
7.47041
7.32249
6.36095
6.80473
7.06361
6.95266
7.35947
7.06361
6.8787
7.21154
6.95266
7.21154
7.35947
7.24852
7.47041
8.61686
8.50592
8.32101
8.43195
8.24704
8.32101
8.50592
8.69083
8.80178
5.54734
5.88018
5.80621
5.58432
5.73225
5.91716
5.99112
6.28698
5.32544
5.25148
5.6213
5.6213
5.02959
5.32544
5.2145
5.36243
5.43639
5.39941
5.39941
5.95414
5.88018
5.80621
5.99112
5.80621
3.80917
4.32692
4.14201
4.51183
4.36391
4.25296
4.10503
4.40089
3.84615
3.9571
3.62426
3.84615
3.77219
3.51331
3.3284
3.25444
3.25444
2.95858
3.03254
2.81065
2.66272
2.51479
2.51479
2.18195
2.25592
4.95562
5.17751
5.02959
4.88166
5.17751
4.80769
4.62278
5.02959
7.69231
7.87722
7.9142
7.84024
7.69231
7.47041
7.61834
7.17456
4.43787
4.84467
4.65976
4.69675
5.17751
4.95562
4.62278
4.5858
3.47633
3.29142
3.18047
3.18047
3.29142
3.03254
2.6997
2.9216
2.2929
2.40385
2.18195
2.47781
2.2929
2.18195
1.96006
1.96006
2.9216
2.95858
2.73669
2.99556
2.55178
2.73669
2.84763
2.44083
2.55178
4.28994
4.47485
4.69675
4.84467
4.77071
4.77071
4.95562
5.02959
4.88166
4.69675
4.32692
4.62278
4.43787
4.54882
4.77071
4.54882
4.69675
4.5858
4.43787
4.51183
4.47485
4.32692
4.65976
4.77071
7.54438
7.61834
7.87722
7.87722
8.46893
9.06065
8.61686
8.39497
8.9497
8.65385
8.50592
8.69083
8.43195
8.57988
9.1716
8.87574
8.5429
9.06065
8.72781
9.28254
8.35799
8.50592
9.06065
9.06065
9.28254
8.9497
8.87574
8.91272
8.21006
8.28402
7.76627
6.95266
7.95118
7.17456
7.80325
8.06213
7.69231
8.02515
7.84024
8.09911
8.06213
9.35651
9.24556
9.31953
9.43047
9.46746
9.46746
9.06065
8.98669
5.99112
5.51036
5.36243
5.28846
5.43639
4.77071
4.69675
4.88166
4.10503
3.88314
4.32692
3.92012
4.14201
3.73521
3.99408
3.80917
3.88314
5.76923
5.8432
5.80621
5.76923
5.91716
5.36243
5.6213
5.32544
3.99408
4.21598
3.92012
3.88314
4.06805
3.73521
3.80917
3.88314
2.58876
2.25592
2.62574
2.77367
2.51479
2.55178
2.66272
2.84763
3.21746
3.21746
3.06953
2.84763
2.88462
2.81065
2.47781
2.36686
5.91716
6.10207
6.17604
6.21302
6.13905
6.06509
6.21302
6.43491
5.88018
8.87574
9.06065
8.69083
8.87574
8.57988
8.65385
8.5429
8.61686
5.14053
5.17751
5.2145
5.36243
4.95562
5.6213
5.54734
5.47337
3.43935
3.62426
3.5503
3.40237
3.47633
3.43935
3.29142
3.25444
3.03254
3.43935
3.58728
3.40237
3.40237
2.88462
3.14349
3.40237
4.21598
4.36391
4.40089
4.06805
4.47485
4.40089
4.03107
4.17899
6.69379
6.6568
6.84172
6.25
6.39793
6.50888
6.84172
6.10207
6.69379
7.13757
7.06361
6.8787
6.95266
7.17456
7.21154
7.24852
6.80473
7.65533
7.24852
7.35947
7.43343
7.21154
7.58136
7.02663
6.69379
9.94822
9.54142
9.8003
9.31953
9.20858
9.50444
9.35651
9.65237
7.72929
8.09911
7.43343
7.58136
7.21154
7.43343
7.65533
7.17456
6.02811
5.6213
5.6213
5.54734
5.39941
5.65828
5.54734
5.28846
5.28846
5.02959
5.39941
5.17751
5.10355
4.77071
4.65976
5.25148
4.88166
4.17899
4.36391
4.51183
4.32692
4.21598
4.14201
4.17899
4.06805
3.43935
3.47633
3.36538
3.18047
3.14349
3.25444
3.10651
3.14349
3.51331
4.10503
3.69822
4.36391
4.77071
5.2145
5.51036
5.69527
5.73225
5.58432
5.91716
5.65828
5.47337
5.02959
4.77071
4.36391
4.69675
4.5858
4.10503
3.92012
4.28994
4.5858
4.69675
4.84467
4.9926
4.28994
3.80917
3.9571
4.54882
4.47485
4.51183
4.36391
5.14053
5.54734
5.32544
6.39793
6.69379
6.47189
6.47189
6.17604
5.99112
6.47189
5.8432
5.2145
4.80769
5.14053
5.02959
5.2145
5.14053
5.10355
5.39941
5.6213
5.32544
5.02959
4.91864
4.9926
5.17751
6.25
6.25
6.39793
7.06361
7.10059
6.84172
6.8787
6.76775
7.69231
7.65533
7.69231
7.39645
7.35947
7.2855
6.69379
6.10207
6.10207
4.88166
5.02959
5.17751
5.2145
5.2145
5.10355
4.84467
4.77071
4.95562
5.17751
5.36243
5.76923
5.8432
5.95414
5.6213
6.47189
7.13757
6.69379
7.06361
6.80473
5.88018
5.95414
6.21302
5.95414
5.88018
5.2145
4.95562
5.02959
5.02959
4.80769
5.17751
4.73373
4.32692
4.36391
4.03107
3.99408
4.5858
4.54882
4.9926
5.80621
5.51036
5.43639
5.69527
5.58432
6.13905
6.13905
6.50888
6.58284
5.99112
6.98964
6.39793
5.8432
6.50888
6.54586
6.06509
5.39941
5.02959
4.43787
4.77071
4.9926
4.77071
4.51183
4.69675
4.36391
4.54882
4.65976
4.5858
4.36391
4.65976
4.88166
5.17751
5.2145
5.2145
5.25148
5.36243
5.39941
5.36243
5.69527
5.6213
5.47337
5.36243
5.36243
5.36243
4.77071
4.88166
4.95562
4.95562
4.95562
4.80769
5.02959
4.47485
4.28994
4.54882
5.43639
4.5858
4.73373
4.80769
4.69675
5.39941
5.17751
5.80621
5.17751
5.58432
5.95414
5.6213
5.76923
5.06657
4.9926
5.2145
4.62278
5.06657
4.95562
5.28846
5.25148
5.28846
5.43639
5.99112
5.80621
5.8432
6.02811
5.25148
4.91864
5.10355
4.80769
4.84467
4.80769
4.88166
4.84467
5.32544
5.43639
4.88166
5.06657
5.47337
5.88018
5.36243
5.88018
5.25148
4.88166
4.80769
4.95562
4.47485
4.65976
4.62278
4.43787
4.47485
4.32692
4.28994
4.03107
4.62278
4.77071
4.40089
4.10503
3.77219
3.73521
3.62426
3.62426
3.84615
4.14201
4.43787
4.84467
4.54882
4.32692
4.32692
3.80917
4.06805
4.10503
3.73521
3.40237
4.10503
3.80917
3.80917
4.14201
3.58728
3.88314
4.36391
4.10503
4.28994
4.36391
4.91864
4.36391
4.14201
3.62426
3.14349
3.29142
3.58728
2.95858
3.62426
3.88314
4.62278
4.73373
4.80769
4.9926
5.10355
5.28846
5.39941
5.51036
4.62278
4.43787
4.40089
4.36391
4.17899
4.32692
4.28994
4.54882
3.88314
4.69675
4.95562
4.65976
4.51183
4.43787
4.51183
4.54882
4.43787
4.65976
5.06657
4.54882
4.54882
4.54882
4.54882
4.73373
4.43787
4.84467
4.51183
4.5858
4.40089
4.47485
3.99408
3.99408
4.21598
3.9571
3.88314
3.5503
3.84615
3.99408
4.21598
3.88314
4.69675
4.06805
4.06805
4.06805
4.14201
4.21598
3.99408
3.66124
3.99408
4.43787
4.17899
3.9571
4.77071
4.9926
5.28846
5.88018
5.88018
5.25148
5.36243
5.65828
5.28846
5.6213
5.17751
4.73373
5.2145
5.51036
5.28846
5.32544
5.58432
5.69527
5.76923
6.13905
5.88018
5.32544
5.43639
5.25148
5.8432
5.06657
5.54734
4.95562
5.02959
5.10355
5.28846
5.54734
5.32544
5.47337
5.8432
5.80621
6.02811
6.25
5.36243
5.06657
4.9926
5.10355
6.28698
5.73225
5.2145
5.39941
7.02663
5.95414
6.21302
6.06509
5.69527
5.10355
4.9926
5.43639
4.28994
4.25296
4.43787
4.43787
3.99408
3.80917
3.99408
4.25296
4.73373
5.02959
5.17751
5.2145
5.28846
4.40089
5.36243
5.88018
5.06657
5.10355
4.73373
4.9926
4.32692
4.17899
3.9571
4.43787
4.91864
4.21598
4.73373
3.92012
4.21598
3.92012
3.80917
3.43935
2.9216
4.21598
4.21598
4.25296
4.28994
4.65976
4.5858
4.84467
4.77071
4.40089
4.28994
4.5858
4.28994
3.73521
3.66124
3.51331
3.69822
2.99556
3.10651
3.06953
3.36538
3.29142
2.84763
2.73669
2.81065
3.92012
3.77219
4.25296
4.03107
3.9571
4.28994
5.10355
4.54882
4.73373
4.77071
4.73373
4.95562
4.28994
4.06805
3.80917
3.5503
3.5503
3.10651
3.06953
3.3284
3.21746
3.3284
3.40237
3.14349
2.99556
3.14349
3.21746
3.47633
3.88314
4.03107
3.9571
4.43787
5.06657
5.25148
5.39941
5.88018
5.39941
5.25148
4.91864
4.32692
4.25296
4.91864
4.28994
4.17899
4.14201
4.14201
4.47485
4.36391
4.5858
4.43787
5.02959
4.88166
4.9926
4.9926
5.2145
5.8432
6.21302
5.8432
7.10059
6.6568
6.8787
6.91568
7.13757
7.72929
7.32249
6.84172
6.84172
5.80621
5.99112
5.28846
4.80769
4.65976
4.9926
4.69675
4.10503
4.32692
4.47485
4.54882
5.17751
6.02811
6.21302
5.6213
6.06509
6.25
6.36095
6.61982
6.47189
6.8787
6.43491
6.36095
6.98964
6.8787
7.17456
6.36095
6.95266
6.95266
6.50888
6.28698
5.02959
5.39941
5.17751
4.95562
5.06657
4.88166
4.47485
4.62278
5.06657
4.5858
4.21598
4.36391
4.25296
4.21598
4.36391
4.36391
4.43787
4.03107
4.28994
4.47485
4.28994
4.54882
4.36391
4.47485
4.65976
4.54882
4.54882
4.47485
4.51183
4.51183
4.65976
4.5858
4.62278
4.36391
4.25296