6.10207
6.36095
6.06509
6.02811
6.28698
6.43491
6.36095
6.61982
6.61982
6.58284
6.43491
6.43491
6.47189
6.32396
6.58284
6.91568
6.61982
6.50888
6.76775
6.58284
6.36095
6.61982
6.58284
6.25
6.47189
6.25
6.39793
6.61982
6.98964
6.98964
7.13757
7.13757
7.21154
6.8787
6.28698
6.50888
7.02663
7.13757
7.13757
6.69379
6.98964
7.06361
6.80473
6.69379
6.61982
6.43491
6.91568
6.54586
6.58284
6.61982
6.98964
6.61982
6.50888
6.43491
6.6568
6.80473
6.8787
6.76775
6.95266
6.98964
6.13905
6.73077
6.50888
6.54586
6.47189
6.21302
6.43491
6.32396
6.39793
6.91568
7.02663
6.8787
6.61982
6.43491
6.8787
6.61982
6.73077
6.95266
7.35947
7.24852
7.43343
7.17456
7.06361
7.84024
7.06361
7.17456
7.06361
6.8787
6.73077
6.98964
7.35947
6.61982
7.17456
6.98964
6.61982
6.91568
6.91568
6.76775
7.13757
7.32249
7.10059
6.91568
6.80473
7.58136
7.21154
7.61834
7.24852
7.10059
7.02663
7.2855
7.02663
7.10059
7.24852
7.06361
7.06361
6.8787
7.02663
7.06361
7.35947
7.35947
7.21154
7.32249
7.21154
7.5074
7.17456
7.39645
7.2855
7.10059
7.35947
7.17456
7.24852
7.47041
7.32249
6.50888
7.06361
7.2855
6.95266
7.10059
6.98964
6.69379
7.06361
6.39793
6.91568
6.28698
7.06361
7.35947
6.84172
7.54438
7.21154
7.21154
7.10059
7.39645
7.17456
7.61834
7.58136
7.24852
7.84024
7.35947
7.54438
7.13757
7.65533
7.9142
7.35947
7.2855
7.61834
7.58136
7.47041
7.24852
6.8787
7.13757
6.91568
6.61982
6.76775
6.8787
6.28698
6.43491
6.25
6.36095
6.47189
6.06509
6.13905
6.10207
6.25
6.54586
6.80473
6.13905
6.50888
6.80473
6.80473
7.10059
7.13757
6.8787
6.47189
6.43491
6.50888
6.32396
6.54586
6.06509
6.17604
6.21302
5.36243
5.36243
5.06657
5.25148
5.8432
5.58432
5.25148
5.25148
5.47337
5.51036
6.10207
5.88018
5.8432
5.73225
5.73225
5.73225
5.99112
6.39793
6.02811
6.13905
6.17604
6.06509
6.50888
6.28698
7.54438
7.35947
7.35947
7.5074
7.2855
7.35947
7.02663
7.10059
7.84024
7.65533
7.9142
7.21154
7.32249
7.76627
7.17456
7.5074
8.24704
7.06361
7.10059
7.2855
7.24852
7.06361
7.58136
7.84024
7.84024
6.21302
6.6568
6.36095
6.43491
6.61982
6.61982
6.8787
7.06361
6.47189
6.50888
6.06509
6.50888
6.58284
6.47189
6.50888
6.13905
6.69379
6.58284
6.6568
6.36095
6.25
6.54586
6.54586
6.39793
9.83728
9.87426
10.0592
9.50444
9.68935
10.0592
9.94822
10.2441
10.1331
13.6464
13.4246
12.8698
13.5725
13.2027
13.5355
13.6095
13.6095
10.1331
10.2441
10.466
9.83728
10.1701
9.87426
9.72633
9.91124
6.43491
6.61982
6.17604
6.54586
6.28698
6.61982
6.06509
5.88018
5.28846
5.58432
5.32544
4.88166
5.39941
5.2145
4.84467
5.10355
6.91568
6.6568
6.50888
6.58284
6.80473
6.58284
6.32396
6.28698
8.65385
8.87574
8.83876
8.65385
8.24704
8.57988
8.17308
8.02515
8.65385
8.50592
8.06213
8.57988
8.83876
8.5429
8.24704
8.09911
8.09911
7.43343
7.17456
7.69231
7.43343
7.39645
7.21154
7.61834
7.24852
7.32249
7.21154
7.13757
7.06361
7.13757
7.21154
7.13757
7.32249
7.65533
7.58136
7.02663
7.13757
7.32249
7.43343
7.24852
7.39645
7.87722
8.17308
8.06213
8.61686
8.57988
8.65385
9.06065
9.65237
10.2441
11.6124
11.7604
12.574
12.426
13.1657
13.2027
13.4985
13.0547
9.94822
9.61538
9.87426
9.72633
9.50444
9.87426
9.43047
9.83728
5.8432
5.99112
5.95414
5.80621
5.8432
5.65828
5.95414
5.76923
8.09911
7.43343
7.06361
7.2855
6.8787
6.61982
6.32396
6.32396
8.46893
8.35799
8.35799
8.28402
8.32101
7.95118
8.17308
8.17308
9.65237
9.83728
9.5784
9.24556
9.54142
9.28254
9.43047
9.39349
9.09763
6.58284
6.39793
6.50888
6.39793
6.21302
6.28698
6.21302
6.10207
5.73225
5.47337
5.73225
5.36243
5.36243
5.76923
5.2145
5.43639
5.95414
6.02811
5.6213
5.99112
5.95414
5.91716
5.80621
6.13905
7.5074
7.39645
7.72929
7.54438
7.35947
7.58136
7.87722
7.65533
8.13609
8.35799
8.43195
8.87574
8.13609
8.02515
7.95118
8.09911
7.21154
7.32249
6.84172
6.98964
7.10059
6.98964
6.8787
6.98964
6.84172
6.91568
6.76775
6.95266
6.84172
6.50888
7.2855
6.91568
6.91568
6.61982
6.58284
6.32396
6.95266
6.73077
6.69379
6.39793
6.39793
7.39645
7.5074
7.43343
7.10059
7.2855
7.47041
7.61834
7.43343
8.98669
8.39497
8.35799
8.46893
8.24704
8.28402
7.80325
8.43195
6.28698
5.6213
5.69527
5.80621
5.51036
5.65828
5.65828
5.76923
6.58284
4.06805
3.92012
3.66124
3.92012
3.80917
3.88314
3.99408
3.80917
5.39941
5.36243
5.28846
4.88166
4.91864
4.9926
4.80769
4.65976
9.09763
9.09763
8.61686
8.65385
9.20858
9.24556
9.09763
9.31953
9.35651
8.83876
9.28254
8.91272
9.06065
9.06065
9.35651
8.91272
5.88018
6.06509
6.06509
6.10207
5.80621
5.76923
6.02811
6.06509
5.95414
5.99112
5.80621
5.47337
5.54734
5.51036
5.65828
5.43639
5.54734
5.73225
5.69527
6.10207
6.36095
6.36095
5.91716
6.17604
6.43491
7.87722
7.76627
7.9142
7.54438
7.65533
7.84024
7.61834
7.69231
8.69083
7.95118
8.13609
8.65385
7.72929
8.21006
8.13609
8.21006
6.6568
6.95266
6.80473
6.73077
6.6568
6.98964
7.5074
6.84172
6.25
7.13757
6.69379
6.80473
6.95266
6.6568
7.10059
7.02663
7.54438
7.21154
7.10059
7.2855
7.10059
7.47041
7.10059
7.43343
6.80473
10.1331
10.1701
10.0962
10.503
10.6139
10.6139
11.3536
11.6494
12.2781
12.463
13.0917
13.1657
13.0178
13.2766
13.2766
14.0533
9.39349
9.24556
9.35651
9.1716
9.06065
9.46746
9.06065
8.5429
4.73373
4.43787
3.99408
4.17899
4.14201
3.80917
4.32692
3.84615
7.35947
7.13757
7.13757
7.13757
6.84172
6.95266
7.06361
7.10059
10.9837
10.7988
10.5399
10.7249
10.429
10.6139
10.5399
10.0962
9.83728
11.5754
11.9083
12.0192
11.3905
12.0562
11.5754
11.8343
11.9453
8.06213
7.80325
7.39645
7.39645
7.35947
7.54438
7.35947
7.39645
4.95562
5.17751
4.80769
4.91864
5.02959
4.9926
4.84467
5.25148
6.28698
6.13905
5.80621
5.76923
5.65828
5.8432
5.39941
5.10355
6.76775
7.24852
7.2855
6.98964
6.84172
6.6568
6.8787
6.58284
6.47189
6.61982
6.91568
6.95266
6.8787
6.98964
7.24852
7.35947
7.58136
7.47041
7.69231
7.80325
7.95118
7.84024
7.35947
7.06361
6.21302
7.17456
7.61834
7.61834
7.98817
8.46893
9.24556
8.9497
8.65385
7.43343
7.61834
7.61834
7.39645
7.5074
7.17456
7.58136
7.54438
8.61686
7.84024
7.2855
7.5074
7.58136
7.69231
8.32101
8.13609
7.43343
8.13609
7.84024
7.65533
7.54438
7.5074
7.61834
8.02515
7.61834
8.28402
7.72929
7.47041
7.61834
7.58136
8.21006
7.80325
8.9497
8.09911
7.5074
7.47041
7.47041
7.69231
7.65533
7.47041
7.58136
7.39645
7.76627
8.28402
8.28402
7.58136
7.02663
6.61982
6.6568
6.58284
6.76775
6.95266
7.32249
7.43343
7.54438
7.95118
7.54438
8.17308
7.95118
7.61834
7.87722
7.2855
7.5074
7.06361
6.6568
6.50888
7.43343
6.8787
7.43343
7.76627
8.17308
8.61686
8.83876
8.24704
7.2855
7.5074
7.84024
7.32249
7.47041
7.5074
7.69231
7.10059
7.65533
8.09911
8.17308
7.43343
7.84024
7.17456
7.02663
6.73077
6.32396
6.61982
6.95266
7.21154
6.76775
7.24852
7.72929
7.72929
7.76627
7.35947
7.35947
6.91568
6.98964
6.21302
6.84172
6.54586
7.06361
7.32249
7.72929
7.2855
8.17308
8.17308
8.13609
7.80325
8.06213
7.13757
7.10059
6.98964
6.95266
7.2855
7.32249
6.6568
6.61982
6.95266
7.13757
7.21154
7.65533
7.32249
7.61834
7.43343
7.13757
6.73077
6.8787
6.98964
7.21154
6.91568
6.91568
6.69379
6.80473
7.58136
7.80325
7.5074
6.73077
7.72929
7.43343
6.84172
6.8787
7.32249
8.13609
7.76627
7.61834
7.24852
6.91568
7.24852
7.65533
7.21154
7.06361
6.95266
6.50888
6.43491
6.6568
6.47189
7.02663
7.10059
7.69231
7.5074
6.98964
7.2855
7.95118
8.39497
8.5429
8.13609
7.39645
7.21154
7.24852
7.02663
6.80473
7.13757
6.98964
7.39645
8.39497
7.80325
7.21154
7.24852
7.32249
7.5074
7.54438
7.21154
6.58284
6.58284
6.58284
6.76775
7.17456
7.24852
7.21154
6.54586
7.10059
6.95266
7.24852
7.02663
7.02663
6.76775
6.58284
6.58284
6.91568
7.13757
7.17456
6.80473
7.39645
7.21154
7.35947
7.24852
7.76627
7.32249
7.24852
7.13757
7.39645
7.2855
7.61834
6.84172
6.98964
7.10059
7.10059
7.5074
7.39645
7.06361
6.91568
7.10059
6.8787
7.32249
7.13757
7.5074
7.43343
6.98964
7.17456
6.98964
6.50888
6.95266
7.13757
6.54586
6.61982
6.43491
6.50888
6.21302
6.28698
7.06361
6.69379
7.02663
6.84172
6.98964
6.76775
6.25
5.58432
5.02959
7.06361
6.28698
6.47189
5.54734
5.28846
4.51183
4.51183
3.88314
4.40089
3.84615
3.29142
3.25444
2.81065
2.36686
2.10799
2.25592
1.88609
1.92308
1.6642
1.81213
1.73817
1.6642
1.96006
2.40385
2.66272
2.66272
2.73669
2.99556
2.73669
2.40385
2.47781
2.18195
3.10651
2.99556
2.99556
3.14349
3.51331
2.95858
3.36538
3.5503
3.47633
3.40237
3.40237
3.5503
3.43935
3.3284
3.51331
3.29142
3.14349
3.51331
3.40237
3.43935
3.51331
3.92012
3.62426
3.43935
3.73521
3.99408
3.69822
3.73521
3.51331
3.66124
3.92012
3.80917
3.77219
3.3284
3.3284
3.51331
3.3284
3.5503
3.88314
3.88314
3.77219
3.62426
3.66124
3.88314
4.21598
3.99408
3.9571
4.21598
3.92012
4.06805
4.21598
4.14201
4.14201
4.62278
4.62278
4.43787
4.21598
4.40089
4.62278
4.51183
4.21598
4.91864
4.40089
4.84467
4.80769
4.73373
4.88166
5.06657
4.91864
4.77071
5.06657
5.25148
5.32544
5.2145
5.32544
5.32544
5.2145
5.47337
5.65828
5.99112
5.80621
5.80621
5.25148
5.58432
5.65828
5.88018
6.13905
5.95414
5.99112
6.28698
5.73225
5.54734
5.28846
5.54734
5.58432
5.76923
5.8432
6.10207
5.76923
5.80621
5.47337
5.25148
5.25148
5.25148
5.43639
5.2145
5.06657
5.76923
6.13905
5.99112
5.76923
5.47337
5.54734
5.6213
5.2145
6.21302
5.76923
5.8432
5.6213
5.73225
6.43491
5.95414
5.6213
5.2145
5.36243
5.51036
4.95562
5.2145
5.25148
5.32544
5.80621
4.47485
4.62278
4.65976
4.84467
5.02959
5.36243
5.17751
5.02959
4.95562
4.9926
4.9926
4.80769
5.32544
5.58432
5.73225
5.73225
5.39941
5.39941
5.51036
5.76923
5.76923
6.32396
5.88018
6.02811
6.13905
6.10207
5.99112
6.02811
6.13905
6.28698
5.99112
6.32396
6.61982
5.95414
5.6213
6.10207
5.99112
5.80621
5.76923
5.65828
5.47337
5.36243
5.36243
5.2145
5.69527
5.65828
5.76923
5.99112
5.65828
5.6213
5.8432
5.88018
5.6213
5.54734
5.73225
5.73225
5.76923
5.6213
5.65828
5.99112
5.69527
5.76923
5.47337
6.17604
6.36095
6.61982
6.54586
6.69379
7.35947
7.32249
7.13757
7.39645
7.5074
7.87722
8.5429
8.87574
8.76479
9.54142
9.31953
9.8003
9.24556
9.65237
9.35651
9.8003
10.429
10.6139
10.7249
10.5769
11.1686
11.0577
11.0947
11.7973
11.9453
12.3891
12.7959
13.0547
11.5015
12.2041
12.463
13.3876
14.1272
14.534
15.5325
16.0873
17.0858
17.8254
18.6021
19.1938
20.0814
20.858
20.6361
21.3388
21.7456
22.3743
22.7441
21.3757
22.4112
20.4512
21.3018
21.7825
22.892
23.4467
24.1494
21.5237
20.5991
20.3402
19.5266
18.787
19.1938
21.7825
19.0459
12.6479
12.6479
12.463
13.0917
12.9438
12.2781
12.3891
12.3151
12.6849
13.6095
13.0917
12.9808
13.5725
13.4985
13.3506
13.5355
19.7115
19.6746
20.1553
20.4142
20.4882
20.3402
18.1583
19.8964
20.0074
18.787
19.1568
18.5651
18.9349
19.2678
19.3787
19.4157
19.2678
19.0089
18.787
19.1568
19.8225
20.4882
20.784
20.0074
20.4512
20.2293
20.3033
19.9704
20.2663
20.0814
19.3787
19.6376
20.2293
19.4896
19.3047
19.0459
18.8979
21.4497
19.8595
19.8964
19.1938
20.0074
20.4882
20.1553
19.8225
20.1923
19.5266
19.7855
20.0074
19.9334
19.3787
19.5266
19.4157
20.0814
19.2678
19.7485
19.5636
19.2308
19.1938
19.5266
19.2678
19.0828
19.5266
19.3047
19.5636
18.8979
19.0089
19.1198
18.5651
18.824
18.824
18.6021
18.676
18.824
17.7515
20.3772
20.3402
18.8609
18.5281
18.676
18.8979
18.8979
18.1953
18.676
18.5281
18.8609
19.6376
19.6746
19.2308
19.4527
20.1183
19.2308
19.5266
20.0444
19.9334
19.8595
19.8225
20.1923
20.4142
20.4142
20.784
20.3033
20.6361
20.3402
21.1908
21.2278
21.3388
21.2278
21.2278
21.6716
21.7086
21.5607
22.3003
22.4112
22.0784
22.1524
21.7086
22.1154
21.4127
21.1169
22.6701
22.1893
22.3003
22.2633
22.3373
22.3003
22.1893
22.5592
22.3743
22.3743
21.8935
22.1154
22.4482
22.2633
21.9305
22.0784
22.0044
22.1524
22.2633
21.8195
21.7825
21.7825
21.5976
21.5607
21.7086
21.8935
21.9305
21.3388
21.1908
21.1538
21.3388
21.8195
20.932
21.1538
20.4512
21.5976
21.0059
21.1538
21.2278
20.932
20.5621
20.5621
20.747
20.5621
21.3757
21.1538
21.6716
21.4497
21.8565
22.1154
22.4112
21.6716
22.4112
22.3743
22.4112
22.6701
22.6331
22.7811
22.6331
22.5592
22.929
22.929
23.1509
23.0769
23.7426
22.892
23.6686
23.7426
24.1864
24.2234
24.3343
24.3713
24.3713
24.6672
24.1864
24.1124
23.7426
23.7796
23.5947
23.2249
23.4467
23.5207
23.3358
22.3743
23.0399
22.892
22.4852
22.855
23.5577
23.1509
22.929
23.1139
23.4098
23.0399
23.3358
22.818
21.7825
21.8935
21.2278
21.2648
20.7101
20.2663
20.2663
19.7855
19.3047
18.824
19.0459
19.8595
20.0074
19.8595
19.6006
20.2663
19.9334
19.7855
19.8595
19.6376
19.2678
21.2648
20.5621
20.1183
19.9704
20.1923
20.1923
20.2293
20.5991
21.1169
19.3787
20.1183
20.5991
21.1538
21.1908
20.9689
21.4497
21.9305
22.6701
22.7071
22.6331
22.818
22.2633
22.1524
22.1524
22.1524
22.3003
21.6716
21.6346
21.9675
22.0784
22.4112
22.5962
22.3743
22.2633
22.3003
22.3003
22.3743
22.5592
22.818
22.818
23.1509
22.1893
21.8935
21.5237
21.5237
21.7086
21.7086
20.9689
21.3018
21.0799
21.4497
21.5237
21.3757
22.1154
22.4482
22.6701
22.6701
22.929
22.6701
22.1524
22.3003
22.0414
22.4482
21.8935
21.5976
20.858
20.932
20.4512
20.784
20.895
20.7101
20.6361
20.3772
20.6731
20.6731
20.7101
21.1908
20.932
21.5237
21.2648
21.2278
21.8565
22.0044
22.1893
21.7456
21.5237
21.5976
20.5251
21.1908
21.0059
21.4867
21.2648
21.3018
21.1538
21.5976
22.1524
22.2263
23.0769
23.2618
24.2973
24.2604
25.5178
25.5917
25.5547
25.5917
25.2589
25.5917
26.1095
25.2589
25.2959
25.4438
24.6672
25.037
25.2589
24.4453
24.3713
24.1494
24.6302
25.1479
24.5562
25.037
25.037
25.8506
25.4808
24.8151
25.3328
24.7411
23.5207
24.0385
24.1494
23.6686
23.0769
22.7071
22.7071
22.855
23.5947
23.1509
23.2988
22.855
22.892
23.4098
23.5947
23.5577
23.5207
24.0015
23.4098
23.4467
22.3743
22.4852
21.9675
22.1154
21.7825
21.4867
21.4497
21.3388
21.3757
21.4867
21.4497
21.8565
21.7086
22.7071
22.0044
22.855
23.2988
23.3358
23.2618
23.8536
22.855
23.1509
23.1139
22.7441
23.3358
23.1139
23.003
23.4837
23.5947
23.7796
24.0015
23.2618
23.4098
23.6686
24.3713
24.3713
24.1124
25.074
25.3698
25.1479
25.7396
26.1464
26.2944
25.2959
25.5178
25
24.1124
23.8905
24.0385
24.5192
24.3343
24.4822
24.1864
24.2604
24.7041
24.5562
24.6302
24.8521
24.7041
25.3698
24.5562
23.8536
23.4467
23.4467
23.6686
23.1509
23.0769
22.3003
22.1524
22.4852
22.0414
22.0784
21.6346
21.9675
22.1893
22.4852
22.3003
21.5237
22.1154
22.818
22.855
22.6701
22.4852
21.6346
21.7825
20.5991
22.4112
21.4497
21.8195
21.7086
22.0044
21.8935
21.4497
21.7086
22.2633
22.0044
21.7456
22.4482
20.7101
21.7456
21.8565
21.9305
22.0414
22.4112
22.0044
22.6331
22.0044
22.1893
21.9305
21.7456
22.0784
21.7086
22.0784
21.9675
21.5237
21.8935
21.0429
21.5607
21.2648
21.0429
20.784
21.0799
21.5607
22.5592
23.2249
23.1509
22.7441
22.4852
22.966
23.3728
22.818
22.0784
22.5592
22.1524
22.5222
22.7811
22.855
22.4482
23.2249
23.2618
23.0399
23.3728
23.1879
23.1879
23.3358
23.4467
24.1124
22.855
22.2263
21.5607
20.7101
20.5621
22.3003
21.2648
21.8195
21.3757
21.7086
21.6346
21.8565
22.1893
20.821
21.7456
22.3003
22.2263
23.2618
23.0769
22.855
23.3728
23.0769
22.3743
21.5237
21.5607
21.6716
21.5237
21.1169
21.4867
21.5237
21.1908
20.784
20.5251
22.3003
20.1923
20.2293
21.1169
21.2278
21.4127
20.747
20.858
21.5607
21.4497
21.0429
20.6731
20.5621
20.6731
21.2648
20.858
21.2278
21.5607
21.5607
21.1538
21.7086
21.4127
21.8195
21.4127
22.0044
22.1154
22.5962
22.5962
22.3743
22.5222
22.7071
22.892
23.0399
22.3743
22.6701
21.9305
21.8935
22.1154
22.5592
22.3003
22.1893
21.5976
21.7086
21.1538
21.3757
21.0799
21.3388
20.784
21.1538
21.3018
21.6346
21.3388
23.2249
23.8166
23.003
23.003
22.818
22.0414
22.3373
21.6716
21.7456
22.0414
22.4482
21.8935
22.1524
22.929
22.5592
22.855
23.2249
22.7071
22.2633
22.7071
22.6331
22.3743
22.0784
21.8935
21.2278
21.3388
21.7456
20.821
21.0799
20.4882
20.9689
21.1908
20.5991
21.3757
21.3757
21.9305
22.3003
22.2633
22.7441
23.1509
23.2988
22.7811
22.5222
22.3743
22.5592
22.1154
22.1893
22.6331
23.2988
22.929
22.7811
22.929
23.5947
23.1139
23.5577
23.2249
23.003
22.929
23.0399
23.0769
23.1879
23.7426
23.0769
21.9675
21.7086
21.9675
22.6701
22.1893
21.7825
21.8565
22.0044
21.5607
21.6346
21.7456
21.4127
21.3018
20.5991
21.5976
20.858
20.784
19.8595
20.0444
19.4527
19.7855
18.676
18.4911
17.8624
17.1598
16.3462
15.9393
15.1997
14.7559
14.7929
14.0533
15.8654
14.8669
13.1287
12.9438
12.3891
12.2411
12.426
12.0562
11.2426
10.429
10.2811
9.61538
8.61686
8.17308
7.69231
7.17456
6.76775
6.69379
7.72929
6.84172
6.6568
6.43491
6.76775
6.54586
6.73077
6.73077
7.35947
7.2855
6.8787
7.06361
6.39793
6.76775
5.69527
5.32544
7.17456
6.50888
6.10207
6.13905
5.73225
5.95414
6.21302
5.91716
6.28698
7.47041
7.24852
6.95266
6.84172
6.84172
6.73077
7.35947
7.17456
6.8787
6.84172
6.47189
7.02663
7.02663
7.06361
7.43343
7.10059
7.54438
7.69231
7.47041
7.80325
7.9142
7.95118
7.9142
8.28402
8.32101
8.91272
8.50592
9.09763
9.02367
9.24556
9.06065
9.13462
9.28254
9.20858
9.43047
9.39349
9.65237
9.28254
9.13462
9.06065
9.20858
9.02367
9.61538
9.54142
9.39349
9.46746
9.24556
9.76331
10.1331
10.0962
10.0592
10.2811
9.94822
10.1331
10.2071
10.0962
9.87426
9.87426
9.83728
9.83728
10.1701
10.2441
9.72633
10.1331
10.355
9.87426
10.1701
10.2441
10.8358
10.7249
10.7618
10.8358
10.392
10.392
9.91124
10.355
9.83728
9.20858
9.24556
8.76479
8.57988
8.46893
8.28402
8.24704
8.32101
8.35799
8.09911
8.5429
8.32101
8.87574
8.69083
8.87574
8.76479
8.76479
8.57988
8.46893
8.57988
8.61686
8.69083
8.76479
8.80178
8.61686
8.46893
8.61686
9.20858
8.91272
8.69083
8.83876
9.35651
9.43047
9.39349
9.13462
9.35651
9.39349
9.65237
9.61538
9.46746
9.76331
9.31953
9.72633
10.503
10.355
9.8003
10.0222
10.6139
10.466
9.8003
10.503
10.429
10.2071
9.87426
9.68935
9.20858
8.83876
8.50592
8.35799
8.72781
8.69083
7.84024
7.87722
8.09911
7.84024
7.72929
7.47041
7.72929
7.06361
7.24852
7.47041
7.2855
7.10059
6.58284
6.36095
6.50888
6.43491
6.54586
6.84172
7.02663
7.06361
6.98964
7.02663
7.10059
6.95266
7.61834
7.9142
7.39645
6.98964
6.47189
6.02811
5.80621
5.69527
5.47337
5.47337
5.76923
5.65828
5.36243
5.39941
5.8432
5.80621
5.65828
5.2145
5.36243
5.06657
4.84467
4.73373
4.5858
3.99408
3.62426
3.51331
4.25296
4.54882
4.14201
4.10503
4.32692
4.43787
4.51183
4.5858
5.39941
5.28846
4.95562
5.36243
5.17751
5.69527
5.69527
5.80621
6.98964
7.24852
6.69379
6.47189
6.25
6.73077
6.80473
6.73077
8.35799
8.21006
8.83876
7.98817
7.9142
7.69231
7.13757
7.69231
9.1716
9.24556
9.02367
9.39349
9.1716
8.87574
9.24556
9.06065
9.28254
9.65237
9.61538
9.43047
9.28254
9.28254
9.09763
8.65385
8.46893
7.98817
8.24704
8.06213
8.50592
8.5429
8.32101
8.80178
8.83876
8.69083
8.24704
8.24704
8.65385
8.72781
8.09911
7.95118
8.65385
7.61834
7.98817
7.65533
7.65533
7.2855
7.13757
7.69231
7.54438
7.5074
7.9142
8.17308
8.32101
8.80178
8.50592
8.9497
9.1716
8.91272
9.35651
9.35651
9.35651
8.61686
8.69083
8.17308
7.84024
8.24704
8.24704
8.24704
8.13609
8.35799
7.84024
7.80325
7.65533
7.39645
7.21154
6.84172
6.58284
5.88018
5.39941
5.32544
4.69675
4.25296
4.36391
4.10503
3.9571
3.92012
3.99408
4.17899
3.99408
4.10503
4.28994
4.5858
4.06805
3.88314
4.17899
4.32692
4.36391
4.03107
3.80917
4.51183
4.17899
4.06805
4.77071
4.43787
5.2145
5.32544
6.73077
6.8787
7.24852
8.72781
9.24556
9.50444
10.6139
11.0577
11.7604
10.5399
10.0592
9.68935
9.83728
9.68935
10.355
9.46746
9.68935
8.83876
9.43047
9.39349
9.09763
8.76479
8.83876
9.46746
9.50444
9.1716
8.69083
8.39497
6.80473
6.06509
5.28846
5.17751
4.5858
4.69675
4.17899
4.54882
4.62278
4.88166
4.9926
4.95562
4.91864
5.69527
5.80621
6.17604
6.32396
6.8787
6.76775
6.73077
6.84172
6.80473
6.69379
6.43491
6.43491
6.69379
6.76775
7.02663
7.2855
7.43343
6.80473
7.02663
7.13757
7.35947
7.47041
7.84024
8.13609
8.43195
7.61834
7.72929
7.58136
7.69231
7.58136
8.02515
7.84024
7.9142
7.87722
7.76627
8.13609
7.87722
8.02515
8.21006
8.28402
8.24704
7.54438
7.54438
7.9142
7.69231
8.06213
8.17308
8.39497
8.09911
7.76627
7.84024
7.54438
7.61834
7.69231
7.76627
8.09911
7.58136
8.69083
8.02515
8.76479
8.87574
9.68935
9.24556
9.50444
9.5784
9.54142
9.1716
9.76331
10.318
10.8358
10.6139
10.8358
10.9098
11.0207
11.4275
11.6494
10.6509
10.7249
10.9098
10.6509
11.2426
10.7618
9.8003
9.61538
9.35651
8.46893
8.09911
8.39497
9.28254
9.13462
11.0947
11.1317
10.8358
10.9467
11.7973
12.0192
12.2781
12.3521
0.0739645
7.06361
7.24852
7.47041
7.2855
7.47041
7.17456
7.02663
7.21154
7.65533
7.61834
8.02515
8.17308
8.5429
8.39497
8.43195
9.02367
12.7959
12.7589
13.1287
13.1287
13.2396
13.0917
12.7589
12.426
12.5
12.537
12.6479
11.6494
11.5385
11.3166
11.5015
11.0577
11.0577
11.2796
10.9837
10.9098
11.2796
10.9467
11.2426
11.0577
10.466
10.7988
10.5399
10.6509
10.5769
10.355
10.8728
10.466
10.466
10.0222
10.503
10.392
9.98521
10.0592
9.87426
9.94822
10.2811
10.8358
10.429
10.429
11.8713
11.3166
12.0932
11.6124
11.3536
7.87722
8.13609
7.84024
8.65385
9.1716
9.1716
8.87574
8.83876
9.68935
10.0592
10.1701
10.9467
10.6139
10.7249
10.8358
10.2441
13.0178
12.2781
13.0178
13.3136
13.3506
14.1272
12.8698
12.9808
7.95118
8.06213
8.13609
8.24704
7.43343
7.43343
7.61834
7.02663
7.5074
10.355
10.503
10.7618
10.9098
10.7618
10.392
10.466
10.2071
10.392
10.2441
10.0222
10.318
9.76331
9.5784
9.54142
9.1716
9.43047
9.20858
9.09763
9.06065
8.76479
8.80178
8.46893
7.98817
8.43195
8.24704
7.61834
7.61834
7.2855
7.06361
6.54586
6.84172
6.69379
6.61982
6.8787
6.84172
6.8787
7.10059
7.43343
7.43343
7.35947
7.65533
7.76627
7.98817
8.13609
7.84024
8.83876
8.76479
9.02367
9.13462
9.5784
9.43047
9.72633
9.91124
9.83728
10.2071
10.318
10.6509
10.466
10.8358
11.0947
11.3905
12.0932
12.3151
13.0178
12.5
13.2396
11.5015
12.2041
12.2411
12.6479
13.1287
13.0547
13.8683
13.6834
14.2382
14.571
14.608
15.4216
15.6805
16.1612
16.2722
16.9749
17.3817
17.9734
19.1938
19.7485
19.5266
19.2678
19.3417
19.4527
20.1553
20.4882
20.1923
20.4142
19.8964
20.0444
20.0074
18.9349
19.4527
19.5636
20.2293
20.4142
21.3018
21.5976
21.7456
21.9675
22.0414
23.003
23.1509
23.2988
23.6686
23.2988
23.2249
22.929
23.2249
23.5207
20.747
21.3388
21.2278
22.7071
22.7811
22.966
22.5962
23.003
23.2249
23.1879
22.966
23.8166
23.8536
22.2263
22.892
23.1139
22.7071
23.1879
22.5962
22.3743
22.0784
21.8565
22.1893
21.5607
21.5237
21.5237
24.2604
23.7056
23.003
22.3373
22.2633
22.1893
22.0044
21.7456
22.6331
22.6701
22.7441
22.892
22.5962
22.0784
22.0784
21.5976
21.5237
21.9675
21.2278
21.3018
21.7825
22.6701
22.818
22.4112
22.818
22.892
22.3743
22.3373
22.4852
23.1139
23.0769
22.4482
22.6331
22.929
22.3003
22.7441
22.1154
21.8195
21.5607
21.5607
20.784
21.1538
21.0059
20.858
21.3757
21.7456
22.2263
22.0414
22.4852
22.0784
22.4112
21.8565
22.0044
21.3757
21.3388
21.2648
21.8935
21.1908
21.1538
20.747
20.4142
18.6391
19.2678
19.4157
20.0814
20.1923
20.747
20.821
21.0059
20.4142
20.4882
20.3772
20.858
20.6361
20.3033
20.3402
19.8595
19.8225
19.5636
19.8225
19.3047
19.3417
18.75
19.3047
19.1568
19.3047
21.3018
21.3018
21.5607
21.0799
21.3757
21.6346
21.4127
21.4497
18.0473
18.2692
18.3062
17.7515
17.1228
17.3077
16.8639
17.0118
18.2692
18.2322
18.2692
18.0473
18.2322
18.3062
18.4911
19.1568
18.9719
18.5651
17.8624
18.0843
18.0473
18.4541
17.6775
17.4186
16.3462
16.3831
15.7544
15.7544
15.4216
15.7544
14.9778
15.5695
15.6435
14.9408
15.0888
14.7189
15.1257
14.9778
16.0133
15.9393
15.9393
16.642
16.2352
15.9393
15.4586
15.0148
15.3107
14.9778
14.571
15.0148
14.8669
14.3121
13.5355
13.6095
14.3861
14.3121
14.9408
15.1257
15.9763
16.716
17.5666
17.7145
17.8254
17.4926
18.0473
15.9024
15.5325
15.5325
15.5695
15.4956
15.4586
15.8284
15.7914
18.4911
19.0459
19.1198
19.0828
19.4157
19.7115
19.3787
19.7485
20.0444
20.5991
20.5251
20.5251
19.9704
19.1938
18.9719
18.4911
18.5651
15.1997
15.2367
15.1997
15.1997
15.7175
16.679
16.4941
16.4571
17.6775
18.9719
19.2678
19.4896
19.2678
19.7855
20.4882
20.1553
20.7101
20.784
20.0444
19.2308
19.6376
19.3047
19.1938
18.9349
19.7485
20.5621
20.1553
20.784
20.932
21.0059
20.3033
20.1183
17.1598
17.1228
16.3831
16.568
16.3092
16.2722
16.1243
15.9024
15.7175
16.5311
16.605
16.0133
15.5695
15.9024
15.4586
15.2737
15.0888
14.9408
15.0148
15.3846
15.3846
15.7175
16.0503
16.3092
16.5311
16.4201
16.1612
14.8299
14.3491
14.3121
14.3121
14.7929
14.608
14.4601
14.7929
15.0148
14.7929
14.645
14.8669
14.8669
15.3846
14.3121
14.7189
15.1627
15.3846
15.7914
15.4956
15.7175
15.4586
15.3476
14.9038
14.2012
14.608
14.2382
14.0902
14.1272
14.7559
15.0888
15.2737
15.3476
15.6435
15.9763
16.1612
15.9763
15.8284
15.9763
17.6036
17.8624
16.9379
17.0488
16.9749
16.9379
16.9379
16.5311
16.1243
16.2352
16.9749
16.7899
16.8269
16.3092
16.1982
16.1243
16.3831
16.4201
16.3092
15.9024
15.8654
15.7544
15.4216
14.9408
13.6464
13.6095
13.4985
13.1287
12.6479
12.7589
12.3891
12.0192
12.2411
12.3151
12.2781
12.0192
11.9083
12.2781
12.0192
12.0562
11.7234
12.0192
12.3151
12.2411
12.537
12.3891
12.6479
12.1302
12.2041
11.8713
11.9822
11.7604
11.9822
11.6124
12.0562
11.9822
12.0932
11.2796
12.9438
13.1657
13.7204
13.7204
13.0178
11.3905
11.7604
11.5015
12.9808
13.2766
11.2426
11.2056
13.5725
13.9053
11.6864
11.8713
11.5385
13.0178
12.5
12.7959
12.8328
12.8698
12.6849
12.537
12.2411
12.3521
12.7219
12.8328
12.9068
12.7589
12.9438
12.8328
12.5
12.2041
12.3891
12.2411
12.463
12.7959
12.7959
12.7219
11.5015
11.4275
11.3905
12.0192
12.0932
12.1302
11.8343
12.2411
11.3536
11.5015
12.0562
11.9822
11.9822
12.574
11.7234
11.7604
12.1672
12.2041
12.3891
12.3151
12.3521
12.0562
12.3521
12.6479
11.5754
15.8654
15.9763
15.8654
15.4586
15.8284
16.1982
16.3462
15.9393
11.8713
11.8713
11.7973
11.6124
11.6864
12.0562
11.9453
12.0192
12.537
12.5
12.9438
12.8698
12.7589
12.6109
12.9808
13.4615
13.6095
13.9053
13.8683
13.4985
13.9423
13.7204
14.0533
13.3136
13.6834
14.2751
13.7574
14.2751
13.5355
13.6834
13.7944
14.2382
13.1287
13.1657
13.3876
13.8314
13.5725
13.2027
13.4246
13.4985
13.0547
12.463
12.6109
12.463
12.463
12.8698
12.0562
11.5385
12.0192
12.537
12.574
12.1672
12.2411
12.426
12.463
12.5
12.6479
12.9808
12.7219
12.463
12.8698
12.6109
12.6849
12.9438
12.9438
12.2781
12.1672
11.7604
11.6864
11.8713
12.0192
12.0562
12.2781
11.8343
11.7604
11.9453
12.0192
12.3891
12.463
12.2781
12.2411
12.2411
12.537
12.8328
12.7219
12.6109
12.8328
12.463
12.3521
12.5
12.6479
12.7959
12.9438
13.3136
12.574
12.9068
13.4246
13.3136
13.9793
14.0533
13.8314
13.9053
14.1272
13.9793
13.7574
13.6834
17.4926
17.5666
17.3077
16.605
17.0858
16.3831
15.6805
16.3462
12.6479
12.463
12.7589
12.6849
13.0547
13.2027
12.9808
13.6464
12.6849
12.7219
13.4246
13.0178
13.0547
12.6109
13.0547
12.8328
12.574
12.8328
12.8328
12.9808
13.0178
12.9808
12.7959
13.3506
13.4246
13.3136
13.9053
14.2012
14.497
14.497
14.4231
14.2382
13.7944
12.0562
12.0562
11.9083
12.0192
11.9083
11.5015
12.0192
11.9083
12.5
12.1302
12.1672
12.0192
12.3891
12.2041
12.3151
12.6479
12.8698
13.0917
13.0547
13.1287
13.0547
13.2396
13.2027
12.9068
12.574
12.6849
12.2041
12.7959
13.2766
13.0547
13.3506
13.7574
13.4985
15.3107
15.7175
16.0873
16.2352
16.0503
16.1243
16.3462
16.2722
15.3476
15.5325
14.8299
14.8299
14.3121
14.3491
14.1642
13.9053
18.676
18.5651
18.3802
19.0089
19.1938
19.7485
19.6746
20.3402
14.0902
14.0533
13.8314
13.7204
14.2012
14.2012
13.7204
13.1657
12.1672
12.537
12.574
12.7959
12.7589
13.2396
13.2396
12.7959
13.3136
13.6464
13.8683
14.608
14.608
14.497
15.3107
15.2737
15.1627
13.7574
13.8314
13.9423
13.2766
13.8314
13.7944
14.1642
14.1642
13.6464
14.0902
14.534
15.1627
15.0518
15.3846
15.2737
15.4216
16.679
16.0503
16.4941
15.8654
16.0503
16.1612
16.8639
16.2352
16.1982
16.3092
16.4201
16.4571
16.679
16.605
17.1598
17.6405
18.1583
18.3062
17.8624
18.0843
17.6775
16.753
16.568
16.716
16.5311
13.0178
12.7219
13.0917
12.7219
12.9808
12.6849
12.9068
12.463
12.1302
12.426
12.0932
12.0192
12.2781
13.6834
13.7574
13.8314
11.9453
11.7973
12.3521
12.2411
12.3521
12.426
12.463
11.9453
12.5
11.9453
11.7604
11.8343
11.6494
11.4645
11.2056
11.0577
11.3536
11.8713
11.5015
11.9083
11.2426
10.9837
11.0207
10.6879
18.9719
18.3802
19.3417
19.3047
19.5266
18.9349
18.4172
18.1953
18.1583
20.1923
20.1183
19.4896
19.8595
20.3772
19.8595
20.2293
20.5251
21.7086
21.2278
20.7101
20.821
20.1183
19.9334
20.1183
19.8225
21.6716
21.1538
20.7101
19.7485
19.6746
19.1568
19.4157
19.6746
21.3388
21.0429
21.5976
21.3388
21.5607
20.6361
21.7456
20.3772
21.8195
21.7086
21.8565
21.7825
21.5237
21.3757
21.0429
21.1169
20.858
21.4867
21.7086
20.932
20.6361
21.0429
20.6731
20.4142
19.7855
21.0429
20.784
20.821
20.5991
20.1553
20.4882
20.1183
20.5621
20.7101
20.5991
19.3787
19.3417
18.3802
18.676
18.5281
18.3432
17.8994
18.1583
18.1583
17.8994
17.0488
17.0118
16.2722
15.5325
16.1612
14.9408
15.3107
17.8254
17.9364
17.5296
17.9364
17.6775
17.8624
18.1213
17.5296
16.605
16.5311
16.1982
16.5311
15.6065
15.7544
15.7175
15.1627
14.8669
14.645
13.9793
13.6095
13.8683
13.4615
14.3121
13.2396
12.2411
11.3905
11.2056
10.429
9.8003
9.65237
9.65237
9.02367
8.39497
7.72929
7.35947
7.69231
8.13609
8.80178
9.39349
10.503
10.7618
12.0562
12.7589
13.7574
14.2751
12.3891
12.2041
13.9053
13.9053
13.1287
12.6479
12.7219
12.537
12.6849
12.2411
11.6124
12.0932
12.2781
12.537
12.7589
13.1287
13.9423
14.2012
14.4231
14.7189
15.0888
15.4586
15.6065
15.6065
16.1243
15.6805
15.6805
15.9024
15.5695
15.4586
15.3107
15.2367
15.0148
15.9024
15.7175
16.0503
16.8269
16.8639
17.1967
17.3077
17.3447
17.8624
18.3432
17.6775
18.5281
18.6391
18.75
18.9349
18.6391
19.1198
19.4527
19.2678
19.1198
19.1568
20.0444
19.8225
19.8964
19.7115
19.7115
20.4142
20.3402
19.8964
20.4142
19.9334
19.2678
19.0459
18.8979
19.0459
18.9719
19.3047
18.0843
18.0104
17.8624
17.7885
16.9379
16.8639
16.7899
15.8284
15.9763
15.7914
15.6805
15.0888
15.0148
14.9778
15.2367
15.9024
16.1243
16.0503
15.9393
16.3462
16.568
16.0873
16.2352
15.9393
15.8654
15.4216
15.7914
15.5325
15.4216
15.3846
15.9024
15.3476
15.6805
15.7914
15.4956
15.7914
15.9024
15.7914
15.8654
15.8284
16.1243
16.5311
16.0873
15.9763
15.7175
15.0148
14.3491
14.645
14.2382
14.9408
14.3121
14.4231
14.534
15.1257
15.3846
15.3846
15.5695
15.7175
15.7544
16.1612
16.1243
16.3462
16.3092
15.7914
15.7914
15.4956
15.7914
15.0518
15.2737
15.4586
15.1627
15.0518
15.1997
15.0148
15.1627
15.4586
15.9763
15.8654
16.3092
15.9393
15.9763
16.0873
16.568
16.8269
16.716
16.4571
16.3831
15.6805
15.4956
15.5695
15.8284
16.0133
16.1243
16.0133
16.0503
15.9393
16.2722
16.3462
16.716
16.716
16.9379
17.2337
17.2707
16.9749
16.4201
16.568
16.0503
15.9393
15.7544
16.0503
15.4956
15.7544
15.8284
15.6435
15.3476
15.9024
16.2352
16.1612
16.2722
17.1228
16.8639
17.4926
17.2337
17.7145
18.0473
18.2692
17.6405
17.6405
18.2322
19.0089
18.75
19.5636
19.8225
20.858
21.4497
22.2633
22.4482
23.003
24.2973
25.5178
26.3314
25.2219
26.1464
26.6272
26.4793
27.4778
28.0325
28.0695
28.5873
27.8846
28.0325
27.8846
27.3669
27.5148
28.9571
28.1065
27.182
26.4423
25.7396
24.7041
25.2589
24.0754
23.4098
22.929
22.3373
22.6701
22.0414
21.6716
22.818
22.818
22.3743
22.3003
22.1893
21.5607
21.0799
20.3402
20.5621
22.5592
21.8195
21.7825
21.4127
21.6346
21.6716
21.3757
21.1169
23.1139
22.1893
22.7441
22.3373
22.2633
21.9305
21.5976
20.9689
21.0799
20.932
20.0814
20.1183
19.4896
19.6376
20.1923
20.5621
21.3388
22.4482
22.855
24.1124
23.8905
23.7796
24.0385
23.8536
23.2988
22.855
22.892
22.4482
22.7441
22.966
22.0414
22.0044
21.7086
21.7456
21.3757
21.7456
21.4867
21.9305
22.3373
21.6346
22.1893
22.929
23.0769
23.2249
23.1879
22.966
22.5222
22.3003
22.1524
21.3018
21.8565
22.3003
22.2633
22.4852
22.855
23.003
23.2988
24.3343
24.4083
24.6302
24.4822
24.5192
25.6287
25.8136
25.9246
25.2589
25.4068
25.074
25.2219
24.7411
24.963
24.6672
24.5932
24.4822
24.5562
24.8891
25
24.7781
25.6287
25.5178
25.2219
25.2959
25.5178
25.4068
25.1109
25.7396
25.7396
26.0355
25.7027
24.5932
24.4453
23.8905
24.0015
24.2973
24.6302
24.1494
24.2973
23.2249
24.0015
23.9275
24.5562
25.074
24.8521
24.8891
25.7396
25.6657
25.8876
26.4793
25.8876
25.4808
24.6672
24.3713
24.1864
24.1494
22.929
23.3728
22.3003
22.0044
22.3743
22.6331
22.892
23.4098
23.3728
24.2234
23.5947
23.6317
23.4837
23.8905
23.9645
24.3343
24.4083
23.9275
23.3728
23.2988
23.6317
23.5577
23.1509
22.6701
22.4852
22.2263
22.818
23.0769
22.2633
23.1509
23.7796
24.0015
23.9275
24.1864
24.1494
23.6686
23.5947
23.7056
22.7071
23.2988
23.1879
22.4482
21.8195
21.5976
21.5237
21.4867
21.2278
21.3388
21.3388
21.5237
22.1154
22.0784
22.1893
22.4112
22.818
22.1524
22.1524
22.3373
21.9675
21.9305
21.1908
21.5976
21.2648
20.7101
20.4142
20.4882
19.9704
19.2678
19.3417
19.3787
19.7855
19.0828
20.3402
19.9334
19.9704
20.6731
20.858
21.1908
21.5607
21.3388
21.0429
20.2663
20.2293
19.5636
19.0459
19.3047
19.8225
20.2293
20.2663
20.0444
20.5621
19.5266
19.2678
19.6376
20.4512
20.4142
20.6731
20.784
20.932
21.2648
21.4127
20.747
20.6731
20.784
20.3402
20.4142
20.2663
19.3047
19.2678
19.0828
19.6376
19.6006
19.7855
20.0074
20.5251
20.821
20.6731
21.1908
21.9305
21.5237
21.6716
21.3757
20.821
20.0814
19.6376
19.4896
19.2678
19.2678
18.8979
18.713
18.8609
19.0459
18.8979
18.3802
18.2322
18.6021
18.4911
18.8979
19.2678
19.6746
19.1568
18.8979
18.9719
20.2293
20.1553
19.8964
18.824
18.9719
18.5281
18.3802
18.6021
18.0104
17.8254
17.6405
17.8624
18.0473
18.676
18.8609
18.824
19.0089
18.824
18.5651
19.0828
18.3802
17.2337
16.8639
17.1598
15.9763
15.6435
15.3846
15.3476
14.9408
14.682
15.0518
14.8299
14.7189
15.4956
15.4216
16.1243
15.9763
15.9393
15.5695
16.568
16.1243
16.3092
16.2722
16.3462
16.3092
16.1612
16.2352
16.4201
16.1243
15.9024
16.2722
16.2722
16.4941
16.3831
17.2337
17.3817
17.3447
18.2322
17.9364
18.5281
18.4172
18.787
18.5651
18.6391
18.787
19.0089
18.3432
18.6021
18.4541
18.3432
18.5281
18.6021
18.3802
19.2308
19.5636
19.1198
19.8225
19.7855
20.3772
19.0828
19.5266
19.3417
19.4896
19.2308
19.5636
18.824
19.7115
19.4527
18.4172
19.6376
17.7885
19.1198
19.6006
18.713
18.75
19.8595
17.9364
18.3802
18.5281
18.3432
18.2322
18.2322
18.1583
18.1213
18.0104
17.8624
17.9364
18.1213
19.3787
17.6405
18.9719
17.1228
18.5651
18.787
17.4926
17.5296
17.8994
18.2322
18.1953
18.6391
18.8979
19.2308
19.1198
19.4896
19.2308
18.9719
18.9349
18.8609
17.9364
18.2692
18.6391
18.3432
18.2692
18.1953
18.3432
18.4541
18.4911
18.2692
18.8609
19.3787
19.5266
19.2308
19.8595
20.4142
20.1923
19.7485
20.3033
20.4512
21.1538
20.6361
20.3772
20.0814
20.7101
21.0429
21.0429
21.1908
21.2278
21.7086
21.9305
22.4112
21.9675
21.8935
22.1524
22.5962
21.8195
22.0784
22.1524
22.1524
21.5976
21.9675
21.5976
20.747
21.1169
20.4882
20.858
20.784
20.5991
20.5251
20.5621
20.3033
20.5251
20.3033
20.4882
20.6731
20.5251
20.6731
20.895
20.7101
20.4882
19.9334
20.2663
19.2678
19.6376
19.2308
19.6006
19.0089
19.0459
20.2663
18.4541
18.713
19.4157
19.0089
18.6391
18.5281
20.1923
18.2692
18.4172
18.824
18.9349
20.3402
20.1923
20.0444
19.8595
19.1198
19.1198
18.787
18.8979
18.787
18.8609
18.6391
17.9734
17.9734
18.713
18.8609
19.3047
18.0473
18.824
18.9349
19.5266
20.0074
19.4157
19.7485
19.1198
18.5651
18.8979
18.787
18.3432
19.8595
19.7115
19.4527
19.5266
18.6391
18.4911
19.0459
18.787
18.9719
19.1568
19.5636
19.7855
19.3417
18.9349
18.75
18.4911
18.2692
19.4527
18.713
19.0828
18.9349
18.5651
19.1198
18.8609
19.4896
17.8994
17.8254
18.3802
18.1583
19.1568
18.787
19.1198
19.0459
19.6376
18.8609
18.9719
17.8254
17.3077
19.1198
17.4556
17.2337
17.3077
17.6775
18.0104
17.6775
17.6405
17.8624
17.4556
18.4172
18.2322
18.3062
18.2322
18.787
18.9719
18.8609
18.8979
18.5281
18.4911
18.0473
17.9734
17.7515
18.9349
18.9349
18.9349
18.9349
18.8609
18.9719
19.1938
17.8254
18.0104
18.3432
18.1953
18.3432
18.75
18.6021
18.0104
17.9734
18.4541
18.3802
18.2322
19.3417
17.8254
17.8254
18.5281
18.8609
18.824
17.5666
18.1953
18.2692
17.8994
18.2322
18.3432
17.9734
18.5281
18.3802
18.6021
18.9719
19.0459
18.8609
18.2692
17.8994
17.7515
17.7885
17.8254
17.6775
18.0104
17.5666
17.4186
17.6036
17.5296
18.0104
18.0843
18.4911
18.6021
18.5281
18.4172
18.3062
18.6021
18.5281
18.5281
18.3062
18.4911
18.2322
18.3432
17.9734
18.5281
18.5281
18.5281
19.0459
19.1568
19.8595
19.6006
19.7855
19.7115
20.4142
20.5251
20.747
20.784
20.5251
20.7101
20.9689
20.784
20.6731
21.0059
20.747
21.0059
20.5991
20.6731
20.5991
20.4882
20.4882
20.4512
20.3402
20.3402
20.2663
20.1553
20.3772
20.3402
19.8225
19.8595
18.8979
18.8979
18.787
18.2692
18.4541
17.8994
18.0473
17.2337
17.5666
17.5666
17.6405
17.6405
17.7885
17.9364
18.2692
18.3432
18.1213
19.0089
19.0828
18.5651
18.2322
18.1213
18.0473
17.7885
17.9364
17.9734
17.7885
17.6405
17.4926
16.9749
17.1228
17.4926
17.6405
18.1213
18.0473
17.7515
18.1953
18.4541
18.2692
18.1583
18.2692
17.8254
17.7885
17.2707
17.6775
17.7515
17.7145
17.7515
17.4926
17.5296
17.9364
17.7885
17.8254
17.7885
18.1213
18.4172
18.6391
18.787
19.0459
19.1568
19.1198
18.713
18.8979
19.3417
18.8609
18.713
18.0104
17.8624
18.2322
18.6021
18.4172
18.8609
18.4172
18.9719
19.4896
19.5636
19.5636
19.9704
20.0074
19.8964
19.4157
19.6006
19.0828
18.3802
18.3802
18.2322
17.9734
18.0104
18.8979
19.2678
19.1568
19.3047
19.1938
19.3787
17.7515
17.8254
18.0843
18.5651
18.824
18.75
18.676
18.4911
18.3802
18.1583
18.75
18.4541
18.2692
17.9364
18.4541
18.3062
18.3432
18.1583
18.3432
18.5281
18.1213
18.2692
18.75
18.6391
18.676
19.1938
19.4527
19.5636
19.1938
18.9349
18.4541
18.3432
17.4926
17.6405
17.7515
17.4186
18.75
17.4556
18.3062
19.1568
18.3802
17.7885
17.9734
18.0473
18.6021
19.0089
19.2308
19.3417
19.3787
19.3047
19.0828
19.0089
18.6021
18.4541
18.676
18.2322
20.1553
19.3787
19.3787
18.0104
19.6006
18.6021
18.8979
19.4527
19.0089
19.3047
19.8964
20.1553
20.1553
19.9334
20.5991
20.932
20.4882
20.6361
20.5991
19.6006
19.6006
19.4527
19.9704
19.6006
19.4157
19.1568
19.3787
19.4157
18.9719
19.6746
19.4896
19.2678
18.75
18.8609
18.5281
18.6021
18.1213
18.0843
18.3802
17.6036
17.3817
17.2337
17.0488
16.7899
17.0858
17.2707
17.6405
17.6405
17.3447
17.7885
18.0843
17.2707
17.1967
17.4556
17.5296
18.2692
17.8994
17.4926
17.1967
16.679
16.753
17.1967
16.8639
17.3817
17.2337
17.1598
17.5666
17.7885
17.8254
17.7515
17.7145
18.3062
18.0104
18.713
19.3417
19.1938
18.75
18.0104
18.4541
19.6006
18.6021
19.4157
19.3417
19.0828
18.9719
19.3047
19.4527
19.5266
19.4157
20.0814
18.75
19.1198
19.3417
20.3033
20.0444
19.7855
19.8964
19.8225
19.1568
19.1568
19.0828
18.8609
18.8609
20.1553
20.2293
19.8964
19.7115
20.3033
20.3402
20.2293
20.0444
18.75
18.8979
18.5281
19.1568
19.3417
19.2678
19.8225
19.4157
19.3417
18.5281
18.0473
17.7515
17.5666
17.4556
17.7145
17.3817
17.4926
17.3447
17.8624
18.3062
18.5281
18.4541
19.0828
18.3062
18.4541
18.2692
17.9734
17.6775
17.8254
17.7145
18.8609
18.9349
18.3432
17.7515
17.7885
17.7515
18.787
18.4911
18.824
19.1198
19.4157
18.3432
18.1213
19.0459
19.3047
19.2678
18.9719
18.676
18.3802
18.3432
18.1953
17.9364
18.0843
19.1198
18.3432
18.3802
18.1213
17.9734
18.824
17.4556
17.8624
18.6391
19.2678
20.3033
20.2293
21.4497
21.6346
21.7086
21.2278
20.4882
20.1183
19.9704
19.5266
18.713
18.3062
18.3802
18.4541
18.5281
18.713
18.5281
18.75
19.2308
19.6746
19.8595
20.1183
20.1183
20.2293
20.5621
21.3018
21.5237
21.2648
21.4867
21.5237
20.784
20.3772
19.6006
20.0074
19.4896
19.1938
19.0089
19.1938
18.824
19.1198
19.9334
20.1553
20.1923
20.3402
21.1908
20.932
20.2663
20.4512
20.1923
19.7485
19.3787
19.6376
19.0828
19.6006
19.5636
19.4527
19.2678
19.3417
19.3417
19.5636
19.6376
20.0814
20.1923
20.4512
20.6731
20.4512
20.5251
21.2648
20.2293
20.2293
20.1553
19.7485
19.6746
19.4527
19.4527
19.4527
19.2308
18.8609
19.3417
18.9349
19.2678
19.7855
19.6006
19.4527
19.9334
20.3772
20.4142
20.3772
19.8225
20.1553
19.9334
19.7855
19.6006
19.8964
19.8964
19.5636
19.6746
19.1568
19.1198
19.4157
19.4157
20.0814
20.5251
21.0429
20.895
21.4127
21.8565
22.0414
22.0044
22.2633
21.3757
21.5976
21.1169
21.1908
21.8935
21.6346
22.0784
21.9305
21.8565
21.8195
22.1524
22.1893
22.0414
22.2633
22.7441
23.0399
22.7071
23.1879
23.4467
23.2988
23.3728
23.003
22.966
22.6701
22.4482
21.7086
21.6346
21.7086
21.8195
21.5976
21.6346
22.1893
22.5962
22.4482
22.7811
22.966
22.892
23.4467
23.0769
23.1879
22.855
22.7071
22.0044
21.7456
21.1538
20.5621
20.4142
19.6746
19.6006
19.3047
19.1568
18.787
18.824
19.4527
19.5636
19.6746
19.8595
20.747
21.0429
20.9689
21.2278
20.747
20.6361
19.9334
19.8964
19.3417
19.2678
19.0828
19.0828
19.1198
18.9349
18.8609
18.6391
19.1938
18.8979
19.3047
20.0444
20.6731
21.1169
21.4867
21.4497
21.6716
21.1908
21.2278
21.4127
21.1169
20.784
20.3772
20.932
20.895
20.821
20.6731
19.8964
19.8964
20.3402
20.747
21.3018
21.9675
21.8195
21.7086
21.6346
22.0414
22.2633
22.4482
22.5222
22.5592
22.5592
22.3373
21.9675
22.3373
22.0414
21.8195
22.3743
22.3003
22.5222
22.4112
22.5962
22.3003
22.4482
22.5222
22.1893
22.6331
22.818
22.7071
21.9675
21.9675
21.3757
21.3388
21.1538
21.2648
21.1169
20.747
20.821
20.784
21.2278
21.6716
21.5976
21.2648
21.4867
21.8565
21.6346
21.3388
21.8195
21.5607
21.3388
20.784
20.932
20.858
20.3033
20.0814
20.3772
19.8595
19.4157
19.4157
19.4527
19.7485
19.3787
19.6376
19.9334
20.2663
20.3402
20.7101
20.7101
20.821
21.3388
20.932
20.7101
20.5621
20.0444
19.8595
20.0074
19.9704
19.7485
19.1938
19.4896
19.6746
19.5266
19.7485
20.2293
20.1183
21.0429
20.821
21.4497
21.5237
21.5237
21.2648
20.895
20.4142
19.6006
19.9334
19.8225
19.6006
19.4527
19.6746
19.5636
19.2308
19.8595
20.0074
20.4512
20.895
21.3757
21.5976
21.7456
22.3003
22.5222
22.7811
22.6701
22.892
22.4482
22.1893
22.1524
22.6331
21.5976
21.9675
22.4482
22.1524
22.1893
22.0414
22.0044
22.1893
23.0399
22.1893
22.6701
22.966
22.855
22.6331
22.929
22.4482
22.0784
21.0799
21.2278
20.784
20.5621
19.9334
20.2293
20.0814
19.6746
19.8595
19.2308
19.5266
19.7485
20.2293
20.1183
20.0444
20.0444
20.4882
20.2663
19.5636
19.3417
19.0828
18.5281
18.1583
18.0104
17.3077
17.7885
17.4926
17.3077
17.2337
17.2337
17.1967
17.5666
17.6036
18.0104
18.2322
18.1583
18.787
18.713
19.5266
18.8979
19.2308
19.1568
19.1568
19.4527
19.1938
19.6746
20.1923
20.0814
19.6746
19.8964
20.4512
20.3402
20.7101
20.821
21.5607
22.1524
22.2633
21.9305
22.3743
23.0399
22.7071
23.1139
22.3003
22.1154
22.4852
22.0414
21.6716
21.1908
21.6346
21.5237
21.2278
21.2278
21.1908
21.7456
21.5237
21.5237
21.7456
21.8565
21.9305
21.4497
21.5237
21.1538
20.3772
20.4512
19.5266
18.8979
18.4541
17.9364
18.3802
18.3802
18.0843
17.8254
17.6775
17.7885
18.0473
17.9734
17.3817
18.2322
18.2692
18.2322
18.0473
18.3062
18.3062
18.3802
17.8254
18.787
19.0089
18.5651
18.4172
18.3062
18.1583
18.3062
18.1953
18.3062
18.8609
18.676
18.6021
18.8609
18.0473
17.9734
18.0104
19.3417
18.5651
19.1198
19.1568
18.713
18.2322
18.1213
18.2692
17.3447
17.4186
16.753
17.1228
17.3817
17.6405
17.6775
17.6036
17.6405
17.7885
17.8254
18.1213
18.3062
19.0828
18.2322
17.8994
17.8254
18.4172
17.9734
17.0858
17.5666
17.2707
16.605
16.753
16.7899
16.716
16.716
16.9749
17.3077
17.3817
17.6775
17.9364
18.3802
18.0104
17.7515
17.3817
18.3062
17.7885
18.0843
17.7885
17.2707
17.6036
17.2707
17.4556
17.0858
17.0118
17.3817
17.0118
17.1228
17.0858
17.6036
18.1953
18.4911
18.787
18.787
18.4911
18.824
18.5651
17.7885
17.4556
17.7885
17.5666
17.0488
17.0488
17.0118
17.2337
17.6775
18.0473
18.1953
18.4541
18.8609
18.4172
18.75
19.0089
18.787
18.6391
18.0843
18.4172
18.1583
18.6391
18.676
18.1583
17.8254
17.7145
17.5296
17.3817
17.4926
17.4186
17.6036
18.4172
18.3432
18.6391
18.5651
18.1213
18.4172
18.676
18.4541
18.6391
18.3802
18.9719
18.6021
17.9734
17.7885
17.7145
17.7515
17.5666
17.6775
17.2337
17.2707
17.4926
17.4926
17.8254
17.9364
18.3432
18.4911
18.787
18.5651
18.676
18.3062
18.75
18.75
18.676
18.6391
18.0104
17.6405
17.7515
17.5666
17.7885
18.0473
17.8994
18.1213
18.4911
19.6006
19.6746
20.0074
20.1183
20.3402
19.5266
21.1908
19.1938
19.1198
19.2308
21.1169
20.5991
20.6361
20.9689
20.3033
20.4142
20.5251
20.4512
20.0814
19.7855
19.7485
19.6746
19.6746
19.1568
19.3787
18.9719
19.2308
19.3787
18.6021
18.4911
18.2322
17.5666
17.4926
17.2707
16.716
16.679
16.4941
16.9009
16.9009
16.5311
16.679
16.716
17.0488
16.7899
17.2337
17.1228
17.2707
17.1967
17.3077
17.0858
17.1228
16.753
16.8639
16.1612
16.0873
15.7544
15.1627
14.9408
14.4601
14.645
14.608
14.497
14.608
14.3861
14.534
14.9778
14.9038
15.2367
15.0518
15.1257
15.1997
14.645
13.7944
13.5725
13.8683
13.0547
12.6479
12.6479
12.2411
12.2041
11.9822
12.1672
12.6109
12.7219
12.574
13.0917
13.0178
12.9808
13.0547
13.5355
13.5355
13.3876
13.5725
12.9808
12.8698
12.1672
12.3891
11.7973
11.5015
11.6494
11.6124
11.2796
11.6124
11.6494
11.5015
11.7234
11.4645
12.0192
12.2041
12.2781
11.8343
11.5385
11.4275
11.4645
12.8698
12.6109
12.1302
11.7973
11.4275
11.3536
11.1317
10.7618
10.6509
11.6124
11.7604
11.9822
11.6124
11.4275
11.2056
11.6864
11.7234
11.6864
11.5754
11.8713
11.3905
10.6139
10.8358
10.5399
10.1701
9.83728
9.43047
9.8003
9.39349
9.02367
9.39349
9.39349
9.28254
9.46746
9.43047
9.50444
9.28254
8.50592
8.50592
8.80178
7.98817
7.76627
7.02663
6.95266
6.02811
6.17604
5.36243
5.76923
6.10207
5.88018
6.95266
6.17604
6.39793
6.21302
5.76923
5.91716
5.32544
5.28846
6.61982
6.39793
5.58432
5.36243
4.88166
4.36391
4.14201
3.58728
7.02663
6.36095
5.99112
5.39941
5.02959
4.91864
4.32692
3.99408
6.80473
6.17604
5.8432
5.91716
5.73225
5.54734
5.14053
5.14053
9.09763
7.84024
7.5074
7.10059
6.25
6.21302
6.21302
5.91716
7.95118
7.95118
6.8787
6.91568
6.76775
6.39793
6.43491
5.73225
5.32544
5.8432
5.65828
5.2145
4.9926
4.69675
4.36391
4.28994
4.51183
4.40089
4.51183
4.36391
4.51183
4.77071
4.54882
4.69675
4.5858
5.02959
5.32544
5.02959
5.32544
5.32544
5.32544
5.17751
5.65828
6.02811
5.69527
6.39793
6.36095
6.58284
6.50888
6.73077
7.02663
7.21154
7.06361
6.61982
7.58136
7.5074
7.84024
7.80325
8.24704
7.98817
8.28402
8.65385
8.65385
8.61686
8.80178
8.87574
8.87574
9.24556
8.80178
9.1716
9.50444
9.1716
9.28254
9.50444
9.39349
9.76331
8.87574
8.80178
9.46746
9.39349
9.09763
9.46746
9.98521
9.83728
8.76479
8.65385
8.87574
8.91272
8.98669
9.20858
8.87574
9.35651
7.02663
6.47189
6.91568
6.95266
6.76775
6.8787
6.47189
6.69379
5.43639
5.95414
5.8432
6.02811
5.95414
5.73225
6.47189
6.43491
7.98817
4.9926
5.39941
5.88018
6.06509
5.88018
6.17604
6.17604
6.36095
5.6213
6.17604
6.32396
6.21302
6.13905
6.13905
6.21302
6.36095
5.36243
5.51036
5.28846
5.25148
5.2145
4.95562
5.02959
5.10355
4.40089
4.43787
4.06805
4.5858
4.17899
3.77219
4.47485
4.51183
4.17899
4.17899
4.28994
4.43787
4.10503
4.25296
4.5858
4.21598
4.73373
4.80769
4.69675
4.32692
4.21598
3.92012
3.73521
3.36538
3.14349
3.84615
3.51331
3.43935
3.36538
2.95858
2.9216
3.06953
2.88462
4.73373
3.88314
4.25296
4.03107
3.47633
3.10651
2.6997
2.81065
5.36243
5.25148
4.9926
4.43787
4.10503
4.36391
3.92012
4.06805
5.36243
5.06657
5.65828
5.47337
5.47337
5.36243
5.47337
5.65828
4.62278
4.51183
4.51183
4.47485
4.21598
4.54882
4.43787
4.36391
4.40089
4.36391
4.47485
4.28994
4.47485
4.21598
4.54882
4.40089
4.25296
4.06805
4.06805
4.14201
4.25296
4.14201
4.14201
4.10503
4.10503
3.99408
4.17899
4.25296
4.25296
4.32692
4.65976
4.32692
4.5858
4.5858
4.43787
4.40089
4.32692
4.77071
4.69675
4.80769
4.80769
5.06657
5.28846
5.73225
5.91716
5.6213
5.76923
5.76923
5.91716
6.06509
5.99112
5.88018
6.43491
6.39793
6.36095
6.54586
6.80473
6.69379
6.54586
6.76775
6.39793
7.06361
6.98964
7.21154
7.2855
7.5074
7.47041
7.95118
7.69231
8.35799
8.35799
9.39349
9.5784
10.1701
10.318
10.503
10.9467
9.87426
9.72633
10.2811
10.429
10.6509
10.8358
10.8728
11.1317
11.3166
11.5015
11.6124
11.8343
12.2041
12.3521
12.2781
12.2781
12.0932
13.1287
12.7589
13.2027
13.0547
12.537
12.8698
13.1657
12.3521
12.2411
12.7219
11.9453
11.9083
11.9822
12.1302
12.3891
12.3521
13.3506
13.3876
13.1287
13.5725
13.9423
14.571
15.4586
16.0503
16.5311
16.568
16.9009
17.2707
17.3817
17.3817
17.5296
17.6405
17.6036
17.7515
17.4186
17.8254
17.2337
17.4186
17.7515
17.6036
18.3062
18.0843
18.8609
18.9719
19.3787
18.8609
19.3787
19.1938
19.0459
18.4172
18.0473
18.0473
17.4186
17.4186
17.5666
17.6405
18.0104
18.2692
18.4172
18.0104
18.6391
18.4172
18.8979
19.2678
19.1568
19.5266
19.4527
19.1938
19.1938
18.5651
18.1583
18.3062
18.1213
17.6775
17.4556
17.7885
17.8254
17.8254
18.3432
18.4172
18.2322
18.6391
18.676
18.713
18.676
18.824
18.787
19.1198
19.1938
18.8609
18.787
18.713
18.8979
18.3802
17.5296
17.7885
17.7885
17.4926
17.6775
17.9364
18.4172
18.75
18.9349
19.4527
19.8225
19.8964
20.4142
20.821
21.0429
21.2648
21.5976
21.0059
21.4497
21.4127
21.3757
21.2648
21.7086
21.8565
21.6716
22.2633
22.5592
22.3373
22.3373
22.2633
22.7441
22.2633
22.4852
22.7811
22.929
23.0399
23.2618
23.1509
22.966
22.6701
22.3373
21.6716
21.2648
21.0059
20.5621
20.821
20.3772
21.2648
21.6716
21.9675
22.1524
21.9305
22.3743
22.3743
22.5222
23.1509
23.1139
22.6701
22.5222
22.3743
21.7825
21.0429
21.3018
21.0429
20.5251
20.4142
20.6731
20.821
21.3388
21.1169
21.7456
22.5222
22.929
23.3728
23.7056
24.4822
24.5192
24.6672
24.5192
24.4083
24.2973
23.8166
23.0769
22.6701
22.4482
22.3373
22.5962
22.2633
22.4482
22.2633
22.3373
22.2633
21.7456
22.0784
22.1154
22.0414
22.2633
22.2633
22.1524
21.7825
21.6716
20.821
20.5621
20.6361
20.3402
19.8964
20.0814
19.9334
20.1183
20.0814
20.2663
20.7101
21.0059
20.821
21.0429
20.4882
20.5621
20.821
20.895
20.9689
20.6361
19.8595
19.9704
19.1198
18.9719
18.2322
18.1583
17.3817
17.1598
17.1228
17.0488
17.7515
18.3802
18.5281
19.1938
19.3417
19.6746
19.8595
20.0814
20.3402
20.5621
20.747
20.5251
19.9704
19.6376
19.6006
19.3417
19.0828
19.3047
19.0089
18.787
19.0828
19.4527
19.6006
19.7115
19.7855
20.1553
20.3033
20.5621
20.747
20.7101
21.0799
21.1538
21.1538
20.821
20.4142
20.2663
20.4512
20.0814
19.6746
19.7485
20.1183
20.6731
20.821
21.5976
21.2648
21.0429
21.1908
20.858
21.1538
20.9689
21.3018
21.1538
20.895
20.895
19.9704
19.8595
19.6006
19.3787
19.4527
18.75
18.6021
19.1198
19.0459
18.787
18.8979
18.75
19.3417
19.0089
19.4527
20.0444
20.4142
20.1553
20.1923
20.0814
20.5991
20.3402
20.1183
20.0074
19.6006
20.0444
20.0814
20.7101
20.784
20.747
21.3757
20.895
21.1908
21.2648
21.4867
21.5607
22.1524
22.0414
22.3003
22.4852
22.2633
22.1524
21.5237
21.2648
21.0799
20.2293
20.5251
20.747
20.932
20.895
21.3388
21.6346
21.6716
22.3743
22.3743
22.855
22.5222
23.003
23.3358
23.2988
22.892
22.4482
21.8935
21.4497
21.8935
21.3388
21.2278
21.4867
20.6731
20.5251
20.4882
20.3402
20.1923
20.4882
20.6361
20.1183
20.7101
20.6731
21.0799
22.3373
21.7086
21.0429
21.5607
21.3018
20.6361
20.0444
19.6746
19.8595
19.2308
19.5636
19.4896
19.3047
19.4157
19.5266
19.4896
19.4527
20.0444
20.3033
20.895
21.2648
21.2648
21.3388
21.0429
21.3018
21.2648
20.4512
21.0429
20.932
20.932
20.932
20.784
20.858
20.9689
20.9689
20.895
20.5621
20.821
21.1908
21.2648
21.1538
21.3388
20.9689
20.895
20.747
20.7101
20.1553
19.2308
19.0089
18.5651
18.3062
18.0473
17.4556
17.4926
18.1953
17.4926
17.4556
18.0843
18.4541
18.5281
19.0089
19.0828
19.0828
18.9349
19.2308
18.75
18.9349
18.6021
18.4911
17.8254
17.6405
17.1967
17.3447
17.5666
17.7515
18.3432
18.4172
19.2678
19.3417
19.4896
19.4896
19.7855
20.0444
20.6361
20.858
20.858
20.747
20.5621
20.5991
20.5621
19.8964
19.8595
19.9704
20.1183
20.3402
20.858
21.1538
21.5976
22.1154
22.5962
23.0399
23.7426
23.8536
24.8521
24.8891
24.963
25.3698
25.1479
24.4453
24.5562
24.0015
23.3358
22.4112
23.1509
22.5592
22.7811
22.7811
22.6701
22.7441
22.5592
22.1524
22.4112
21.9305
21.9305
21.8935
21.7456
21.4127
21.5237
20.858
20.0814
20.1183
19.4896
18.4541
18.5651
18.1583
18.3432
18.2692
18.5651
18.4172
18.713
19.0828
18.9349
18.5651
18.713
18.8979
18.6021
19.1938
19.1568
18.4541
18.824
18.6391
18.1583
17.7515
17.1228
17.1598
17.5296
18.6021
17.0858
17.5666
18.0473
18.1213
18.4911
18.8609
18.9719
19.1938
19.8225
19.7115
19.8964
19.8964
18.8979
19.0089
19.1198
18.676
18.676
18.4911
18.2692
18.4911
18.5281
19.4527
20.0814
21.0429
20.6731
21.4497
21.0799
21.4127
21.4497
21.1169
21.4497
21.4127
21.0059
21.1908
20.6731
20.4512
19.8225
19.7115
19.6376
20.3772
20.3772
20.1553
20.1923
20.1923
20.2293
20.4882
20.5621
20.9689
20.6731
21.3388
21.8195
21.7456
21.6346
22.0414
22.0784
22.1524
21.8565
21.1908
20.821
20.1923
20.3033
20.1923
20.1923
20.1553
20.0444
19.9704
20.0074
19.7485
20.2293
20.5251
20.5991
21.0059
21.3388
21.4127
20.747
20.747
20.858
20.3772
19.2678
18.6021
18.1583
18.6391
18.75
18.8979
17.8624
18.5651
18.6021
19.1938
19.6746
19.9334
19.9704
20.0814
20.5991
20.5991
20.6731
20.5991
19.9334
19.3787
18.824
18.787
17.6036
18.8979
18.676
18.4172
18.1213
18.1213
18.713
19.0459
19.5636
20.0814
20.2663
20.5991
20.7101
21.3388
21.3757
21.3757
21.0429
20.784
20.0814
20.0814
19.3787
19.3417
19.0828
19.0459
18.8979
19.3787
19.3787
20.4512
20.3772
21.3018
21.3018
22.1524
21.7825
22.2263
22.2263
22.2263
22.5592
22.818
23.003
23.2988
22.7441
22.6331
22.6701
22.6331
21.5976
21.3388
21.2648
21.3018
21.3018
21.6346
21.3388
20.9689
21.5237
20.784
21.3018
21.1538
20.7101
20.932
20.3033
20.1553
20.3402
19.6006
19.3787
18.676
18.824
19.9704
19.5636
19.5266
18.0843
18.6021
18.3802
18.5281
18.5651
18.2692
18.4541
19.0459
18.8609
18.8609
19.3787
18.824
18.3062
18.2692
17.3077
17.4186
17.4186
16.679
17.2707
17.0118
17.0858
17.1228
17.3077
17.0858
18.0104
17.7885
17.8624
18.713
19.4896
20.6361
21.2648
21.8565
22.5962
22.4112
22.5592
22.4482
22.4852
22.892
23.1139
22.929
23.3358
23.0399
23.5577
24.0015
23.2618
24.4083
24.6302
25.8506
26.2574
26.5533
27.145
27.9216
28.8462
29.8817
30.1775
30.5843
30.7692
30.5473
31.5089
32.1746
32.3595
30.2885
30.4364
31.6198
32.2115
32.0636
33.8757
33.9127
31.6938
31.25
32.1746
31.5459
32.0636
31.6198
32.1006
31.6568
32.2855
31.5828
30.9172
30.9541
31.6938
31.0651
32.7663
33.6908
34.7263
34.9112
30.6953
31.176
34.0607
34.2086
31.8047
31.3979
31.8417
31.4719
31.8787
31.5089
32.2115
31.8417
32.1746
31.6938
32.1746
31.7678
31.5459
30.8432
31.9527
31.6568
33.6538
34.0976
33.5799
34.9112
34.0237
34.1346
34.3565
34.3565
34.0976
33.4689
31.8787
31.6568
32.1746
32.2115
31.9527
32.0266
31.6938
34.9852
32.4334
32.0266
32.4704
32.4334
34.0607
34.9482
35.392
32.3225
32.1376
33.321
32.8033
32.8772
33.1731
32.8402
33.247
32.8772
32.6183
32.9882
34.8743
34.6893
35.0962
34.1716
34.0237
34.7263
33.358
32.8772
33.5059
34.1346
33.7648
33.9497
33.6908
35.0962
34.5414
33.6169
34.7263
35.1701
36.0947
35.7618
35.6509
35.2811
34.8373
34.4675
34.1716
34.5044
34.6524
34.3565
34.5784
35.503
35.0222
32.2855
32.0266
31.9527
32.3225
32.1006
32.7293
32.6183
34.8373
35.2441
35.7249
32.4334
35.5399
35.392
35.6139
34.5044
34.0237
33.9127
34.1346
34.6154
34.7263
34.9482
35.7618
32.1376
31.8787
32.0636
32.7293
33.1361
33.247
32.8772
32.8402
32.9882
33.4689
36.1686
36.3905
36.0207
35.6879
35.8358
36.2056
35.7249
36.4645
37.3891
36.8343
37.1672
37.8328
37.5
37.6479
37.537
37.3151
36.7973
36.6864
36.0947
35.9098
36.4275
35.6879
35.2811
34.8743
34.1346
33.284
33.2101
32.7663
32.9512
32.2855
32.9512
32.5074
33.0251
33.247
32.6183
31.4349
32.0266
31.9527
31.6568
32.2115
30.0296
30.3624
29.5488
29.0311
28.6612
32.8772
32.7293
32.5074
32.8033
29.4379
29.4379
29.5858
28.9571
29.2899
29.8077
29.5858
28.6243
31.5828
31.5828
31.8047
31.8047
31.6198
30.6953
30.9172
29.7707
30.8802
30.6213
30.6213
29.9556
29.9926
30.1036
30.3254
30.7322
30.1405
29.253
28.9571
29.179
28.8092
29.253
28.9571
29.6967
30.9541
29.9186
29.7707
29.6967
29.8077
28.4393
28.0695
27.9216
26.5902
26.9231
26.9601
27.2559
26.4793
26.0355
26.0355
25.3698
25.4438
27.2929
26.8121
26.5163
25.7027
25.8876
25.7766
24.5932
24.2973
25.6287
24.3343
23.8536
22.855
22.5222
21.7456
21.2278
20.3033
22.1154
21.2278
20.4142
19.2678
17.5296
17.0858
15.9763
15.1997
16.8269
16.8269
16.1982
14.9408
14.2012
13.6464
13.2396
13.2027
13.4246
13.1287
13.5725
13.4615
14.2382
14.571
15.3476
13.2766
14.1642
14.4601
15.1627
16.0133
16.7899
17.4186
18.1583
17.5666
18.1953
19.9334
19.8225
20.3772
20.3033
19.7855
19.6746
19.3787
19.1198
20.0444
19.6746
19.7855
20.2293
20.932
21.0799
20.747
22.0414
19.5636
19.5636
20.3772
20.4882
21.2278
21.3388
20.7101
20.821
17.4556
17.8254
17.8254
17.3817
17.7515
17.8624
18.3432
17.7515
17.8624
17.6405
17.9734
18.1213
18.6021
18.4911
18.9719
18.0843
18.4172
16.9749
17.4926
17.8994
17.5666
17.8624
17.0488
17.8624
17.3447
21.4127
21.0059
20.821
20.858
20.6731
20.1183
19.7115
20.0814
19.0459
19.1568
19.0459
18.8979
18.787
18.9719
18.6391
18.2322
16.4941
16.2352
16.3092
16.0133
15.4586
15.4586
14.9778
15.0888
17.0488
16.9379
16.7899
16.3092
16.0503
16.1612
16.0133
16.2722
16.5311
16.3462
16.3092
15.8284
15.7175
15.8654
15.8654
15.6065
15.3846
13.8314
13.2027
12.7959
13.1657
12.1672
12.6109
12.5
12.7959
12.7959
13.2027
13.1287
13.6464
13.7944
13.6095
13.7574
14.2751
17.1228
16.9379
16.9749
16.4571
16.4571
16.0873
16.0133
15.4956
16.0503
16.1612
16.1612
16.8269
16.8269
17.1967
17.8254
18.1213
19.6376
20.2663
18.5281
18.6391
18.824
18.787
19.6006
19.5266
19.6746
19.0459
21.0429
20.1183
18.8979
19.0459
19.3417
19.5266
19.7115
16.8639
16.7899
17.3817
17.1228
17.3817
17.3817
17.4926
17.1598
17.8624
17.6036
17.6036
18.0473
18.0104
18.4911
17.5296
16.9749
16.0873
15.5325
15.3107
15.6065
15.7914
15.4956
15.7544
15.6805
12.9808
12.8698
13.1657
12.9808
13.1657
12.6109
13.5355
13.0917
12.7589
12.8328
12.7589
12.3521
12.463
12.6109
12.426
12.2411
11.9083
12.2041
12.6109
12.9438
13.0178
13.2027
13.5355
14.2012
14.2751
14.0533
13.8683
13.6834
14.1642
14.534
14.9778
15.0148
15.4216
16.716
17.2337
17.2337
17.3447
17.9364
18.0104
18.4172
18.8979
18.9349
19.2678
19.1198
20.5251
20.6731
20.5621
19.9704
19.8595
17.4556
17.4556
17.5296
17.1598
16.9009
16.2722
16.3092
16.2352
16.3462
20.4882
19.9704
20.1553
20.0074
19.6746
22.6331
21.7456
21.0799
21.4867
21.5607
21.3388
21.0799
20.5621
20.3402
19.6376
19.5266
20.1183
19.8964
20.1923
20.4142
20.3402
20.784
21.1169
21.3018
22.0414
22.0414
21.4127
22.7811
21.7825
21.7086
22.1154
22.5962
23.2988
22.4482
22.855
22.5592
22.6331
22.7441
22.7071
22.2263
22.3003
22.4112
22.4482
22.3003
22.3743
22.1893
22.2263
22.7441
23.003
23.0399
23.5577
23.8536
23.9645
23.9645
24.0754
24.2973
24.2973
23.003
22.4482
23.1139
22.855
22.6331
22.6331
22.0784
22.3003
21.2648
21.1169
20.7101
20.858
20.858
21.3757
21.9305
22.0044
24.0754
23.9645
23.7056
23.4098
23.3358
22.5222
22.5962
21.8565
21.5607
22.1524
20.9689
21.3018
20.858
21.2278
21.5607
21.7456
21.3757
22.4852
22.7071
23.0769
23.5947
23.1509
22.4482
21.6346
21.2278
21.3388
20.895
23.7056
21.2648
20.9689
20.932
21.3018
20.6731
20.932
20.6731
23.1509
21.2278
20.3772
23.2249
21.0059
21.1538
21.9675
21.4127
21.8565
21.5976
21.8195
21.1538
20.9689
20.858
22.6331
22.7071
22.4112
22.5592
22.1893
22.5962
22.7071
23.5207
22.6331
22.5222
22.5592
22.818
21.8935
21.7456
22.2263
21.1169
21.9675
21.7086
21.8935
21.9675
22.2633
21.6346
21.9305
22.0784
22.0044
21.5237
21.2278
21.5976
22.0414
22.0784
22.4112
22.2263
21.8195
22.4482
22.5962
22.4852
22.6701
22.5592
22.6701
23.1509
22.0784
22.2633
21.5237
21.5976
22.2263
21.9675
21.9305
21.0799
21.0429
20.9689
21.3388
21.1538
21.1908
21.3388
22.3743
22.6701
22.7441
22.929
23.1139
23.1139
22.855
22.5962
22.6701
21.6716
21.4497
21.6346
22.1893
21.7086
21.8195
21.5237
21.0059
21.7086
22.1154
21.8195
22.7441
22.892
22.7441
22.929
22.3003
22.3743
21.7825
21.4127
22.7071
22.2633
21.5237
21.0429
20.932
20.7101
20.5991
20.7101
20.1553
19.9334
19.4157
19.0828
19.2308
19.0828
19.2308
19.1938
19.1198
18.9349
18.9349
18.75
18.824
18.2692
17.8624
17.4186
17.7145
17.6405
17.4556
17.0488
17.4186
17.7145
17.5666
17.4926
17.7515
17.8254
18.1213
18.5281
18.3062
18.2692
18.3432
18.5281
18.0843
18.824
18.6391
18.2692
18.3062
18.3062
18.824
18.2322
18.2692
19.4527
18.8609
19.1938
18.787
19.0828
18.787
18.8979
18.8979
19.8595
20.2293
19.7485
19.0828
19.8225
19.2678
19.0828
18.824
20.0074
19.7855
19.2678
19.2678
19.0459
18.4541
18.676
18.676
18.9719
18.75
18.9719
19.7485
19.0828
19.0459
18.787
18.676
18.4541
19.0459
19.4896
19.0459
19.3787
19.2678
18.5651
18.4172
18.2322
19.0089
18.75
18.3802
18.8979
18.6391
18.5281
19.0459
18.8979
19.9704
19.7115
19.7855
19.4157
19.2308
19.0089
19.2678
18.3062
18.8979
19.3417
18.787
18.4911
17.8254
18.1953
17.9734
17.1598
18.3062
18.1583
18.5281
18.4172
19.2308
19.4896
19.0459
19.0459
19.2678
19.0089
18.1953
18.0843
17.7885
18.0104
17.4926
17.4186
17.3077
17.6036
17.4926
17.6405
17.6775
17.8994
18.1953
18.0473
18.787
18.8609
18.9719
19.4527
17.6405
18.2692
18.5281
18.1953
18.676
20.1553
20.4882
20.4882
20.7101
20.784
20.7101
20.747
19.3787
20.821
20.9689
21.4497
19.3417
19.3417
19.7485
19.6746
20.3772
19.7855
22.2263
22.4852
20.0074
19.9334
21.9305
22.2633
22.0414
22.1524
21.3388
21.4127
21.4127
21.3388
20.858
20.9689
22.1154
21.6346
21.4127
21.8565
21.9675
21.5607
22.5962
22.2633
22.4852
21.9305
21.7086
21.4867
21.2648
21.5607
21.3388
21.9305
22.1893
21.8195
21.8195
22.0044
22.0784
21.3388
21.2278
21.5976
22.0044
21.8565
22.1524
21.3757
21.6346
21.7825
21.1169
21.1538
20.5251
20.2663
20.1923
20.5621
20.6361
20.1553
20.2663
19.8225
19.7855
20.0444
20.3402
19.5636
19.6376
20.2293
19.4896
20.2293
19.8595
19.3047
19.1568
18.5281
18.6021
18.4911
18.1213
18.1213
17.6775
17.9734
17.8254
17.6775
17.2707
17.6405
17.2707
17.4556
17.3077
17.6405
18.1953
18.0473
18.2322
17.9364
18.1953
18.4541
18.0473
18.1953
18.0104
18.1213
17.8254
19.0089
19.1198
18.787
19.1568
19.2678
19.4157
19.2678
18.4172
19.5266
19.1938
19.0089
19.1938
19.5636
19.8964
20.3402
21.1908
20.895
21.3757
21.1169
20.932
20.932
21.1169
22.1154
21.3018
21.5976
21.6346
22.3373
22.0784
22.4112
22.855
20.1923
22.5592
22.4852
23.3728
22.1893
22.1893
21.9305
22.4852
22.4852
23.7056
23.1879
23.1139
23.5947
23.2249
22.892
22.6331
22.6701
20.932
23.003
23.2618
23.0399
22.892
22.7441
22.892
22.892
22.4482
23.2988
23.2988
23.4837
22.6701
22.6701
22.3743
22.0044
22.3373
22.929
23.1509
23.2988
23.1139
23.5947
22.3743
22.855
22.855
23.1879
23.0399
21.7825
21.7086
21.7456
21.6346
21.3388
22.3373
22.0414
22.4482
22.0414
22.1154
22.5222
22.2633
21.8935
21.9675
21.5607
20.5991
20.858
20.747
20.1923
20.4142
20.6361
20.5621
20.5251
21.5237
21.1538
21.1538
21.1908
21.7825
21.1538
21.2278
20.858
20.2293
19.8595
19.9334
19.3417
19.6746
19.7485
19.6376
20.747
19.9704
20.1923
20.3033
21.0059
20.6731
21.0799
21.7825
20.6731
20.4142
20.5251
20.6731
20.747
20.5251
20.0444
20.4142
19.8225
20.4882
20.1553
19.9704
20.1553
20.7101
21.1169
21.3018
20.858
20.5991
20.3033
20.3772
20.1553
19.9704
19.5266
19.3787
19.4157
19.0828
18.4911
19.3787
18.9719
19.0459
19.4527
20.1553
20.3033
20.747
21.2278
20.784
21.2278
21.4867
21.1169
20.9689
21.5237
20.895
21.5237
21.3018
20.6731
20.5251
20.4142
19.8595
20.2663
19.9334
19.7855
19.1938
19.9334
20.821
20.6731
19.9334
20.3402
20.5251
21.5607
21.2278
21.4497
20.7101
19.8964
20.6361
19.7115
20.1183
19.4157
20.2293
19.4527
19.1938
20.0814
19.6006
19.7855
18.9719
18.9719
18.1583
17.6775
18.713
18.0473
18.1213
18.3802
18.75
18.4541
18.4911
18.3432
18.0473
17.8994
18.2692
17.8254
17.8624
18.3432
17.5666
19.1198
18.5281
18.2322
18.4541
17.7145
17.8254
17.3077
17.3447
17.8624
17.3447
17.8254
17.8254
17.8624
17.3817
17.4926
17.2337
16.8639
17.3077
17.3077
17.7515
17.8254
17.8994
16.9379
17.3447
17.3447
17.5666
17.7145
17.6405
18.0104
18.8979
19.2678
18.8609
19.1938
19.1198
18.3802
18.0104
18.1953
18.1583
17.5296
17.6405
18.3802
17.4926
18.4541
18.6391
18.0473
18.4172
17.8624
18.3432
18.0843
17.9734
18.2322
18.1213
18.0843
18.4172
17.8624
18.0473
17.3447
16.7899
16.8269
16.8639
16.679
16.568
16.605
16.753
16.1612
16.3462
16.3462
16.0503
15.6805
16.642
16.568
16.3092
16.3092
16.3092
16.3462
16.642
16.753
16.3831
16.568
16.679
16.4941
17.4186
17.0858
16.642
16.7899
17.0118
17.2337
17.7145
17.7885
17.1598
17.7515
18.0473
17.8994
18.2322
18.0843
18.0473
17.6405
17.6775
17.4926
17.0488
17.7885
17.8254
18.1213
17.5296
17.7145
18.3802
17.6405
17.6775
18.2692
18.4541
18.3802
18.3802
18.3062
19.3787
19.0089
18.9719
19.2308
18.5281
18.0104
18.1953
18.1213
18.9349
18.824
18.4172
19.0459
19.0089
18.824
19.0089
19.6006
19.8595
20.0074
19.8595
19.7485
19.9334
19.3417
19.2308
19.4527
19.3047
19.6006
19.9704
19.9704
20.0074
19.8225
19.8595
20.4512
19.6006
20.3033
20.858
21.0429
20.4142
20.6731
20.4142
20.784
21.0059
21.9305
21.9675
21.3757
21.1908
21.1169
20.9689
21.3757
21.3018
20.821
21.4127
21.2278
20.784
20.0444
20.0074
20.2293
20.2663
20.1183
20.6361
20.7101
20.3402
20.2293
20.747
20.5251
20.0444
20.4882
19.9704
19.7485
19.6746
20.2663
20.3772
19.8964
19.8964
19.5266
19.6376
20.1183
20.4512
20.3402
21.0799
20.6361
20.5621
21.4497
20.1923
21.0429
20.3402
20.858
20.9689
20.7101
20.5251
20.2663
18.6391
19.1198
18.8979
18.713
18.8609
18.75
18.4911
18.5281
19.1198
18.3062
18.824
19.0089
19.0459
18.824
18.8609
19.1568
19.4527
18.75
19.0089
18.3802
18.1213
17.7515
18.9349
18.713
18.5281
18.75
18.5651
19.0459
18.5651
19.7485
19.9704
19.7115
19.8225
20.1553
20.3033
20.1923
20.3772
20.3402
20.0814
19.6746
19.7115
19.5266
19.4527
19.6376
19.3047
19.4527
18.9349
19.3787
18.787
18.6391
18.5281
18.787
18.75
18.5651
18.0473
18.0473
17.0858
17.3077
18.1583
17.4186
17.7145
17.6036
17.1228
16.605
17.1598
16.2722
16.753
16.9379
16.8269
16.9379
16.8269
17.1598
16.8639
16.7899
17.1967
17.2707
17.4186
16.8269
16.1612
16.2722
17.0118
16.2352
17.3817
17.4556
17.6036
17.2707
17.3447
17.4926
17.0488
16.9009
17.6405
17.8624
18.2322
18.5651
17.5296
17.8254
17.6036
18.1953
18.3432
18.4541
18.1213
18.1583
18.8609
18.4911
18.787
19.0089
19.3047
19.0459
19.5636
18.9719
20.0814
20.3033
20.1923
20.4882
20.5621
20.895
20.932
20.7101
21.2648
20.784
21.3018
20.932
20.7101
20.0074
20.4142
20.0444
19.7485
19.8964
20.3772
20.1553
19.9334
21.6346
21.4867
22.3003
19.7115
20.3033
19.9334
20.7101
20.9689
21.0059
21.6346
21.2278
20.747
22.966
22.4112
22.4852
19.9334
22.929
21.8195
21.6716
22.4852
22.1893
23.2988
21.0429
21.3018
20.932
21.5607
21.4497
21.3757
21.3388
21.3757
21.2278
20.784
20.858
21.1538
20.821
20.9689
20.4142
20.784
20.4882
20.6361
22.966
21.8195
22.6701
21.5607
21.7456
22.1524
21.6346
21.6716
21.6716
20.1183
20.784
19.6376
22.0044
22.2263
21.7086
21.7825
21.3757
21.4867
20.858
20.4882
20.4142
19.8595
19.6006
19.4527
19.7855
19.6006
19.4896
20.0074
19.8595
19.3047
19.1938
19.2308
19.1198
18.3062
18.4541
16.9749
16.1612
15.0148
14.3861
13.3876
12.3151
13.8314
12.1302
13.7204
13.1657
12.6479
12.7219
12.537
12.3151
12.2781
12.574
11.6864
10.1331
9.09763
8.39497
7.54438
6.58284
5.91716
5.91716
5.32544
4.77071
3.80917
3.3284
2.95858
2.95858
2.66272
3.03254
5.58432
5.43639
5.8432
5.51036
5.76923
5.69527
5.17751
4.77071
5.2145
4.25296
3.58728
2.88462
2.25592
1.92308
1.96006
1.96006
2.55178
2.88462
2.55178
2.58876
3.25444
3.14349
3.14349
2.9216
3.25444
3.03254
3.14349
3.25444
3.06953
2.77367
2.88462
2.77367
3.10651
3.06953
2.99556
2.9216
2.84763
2.88462
2.77367
2.36686
2.21893
2.99556
2.81065
2.36686
2.40385
2.73669
2.55178
2.62574
2.73669
4.95562
5.14053
4.54882
4.25296
4.40089
3.84615
4.17899
3.77219
5.25148
5.76923
5.69527
5.73225
6.02811
5.91716
6.06509
5.58432
7.02663
7.24852
6.80473
7.06361
7.2855
7.35947
6.76775
7.24852
7.54438
7.9142
7.87722
7.58136
7.5074
7.72929
6.76775
6.54586
6.69379
6.6568
6.02811
5.99112
5.95414
5.99112
5.76923
5.91716
6.25
6.47189
6.28698
5.88018
6.17604
5.99112
6.06509
5.76923
5.32544
5.80621
5.65828
6.10207
6.32396
6.6568
7.02663
7.02663
7.39645
7.06361
6.84172
6.32396
5.88018
6.10207
6.73077
6.6568
6.32396
6.36095
5.76923
5.73225
5.43639
5.80621
5.43639
5.39941
5.51036
4.91864
5.02959
4.77071
4.21598
4.77071
4.03107
3.9571
3.62426
3.51331
3.14349
3.18047
3.18047
3.3284
3.29142
3.36538
3.10651
3.18047
2.25592
2.55178
2.55178
2.51479
2.40385
2.36686
2.44083
2.2929
2.25592
2.18195
2.51479
2.51479
2.32988
1.92308
1.96006
1.77515
1.96006
1.70118
1.92308
1.62722
1.40533
1.33136
1.51627
1.47929
2.84763
2.73669
2.77367
2.77367
2.81065
2.84763
2.84763
2.88462
3.69822
3.58728
3.25444
3.25444
3.66124
3.43935
3.47633
3.51331
3.84615
4.03107
3.99408
3.9571
3.88314
3.88314
4.03107
3.88314
4.17899
4.43787
4.40089
4.43787
4.62278
4.36391
4.25296
4.36391
4.51183
4.51183
4.51183
4.28994
3.99408
4.40089
4.06805
4.03107
4.10503
4.10503
4.14201
4.43787
4.36391
4.10503
4.21598
4.40089
4.65976
4.40089
4.62278
4.65976
4.5858
5.28846
5.06657
5.02959
4.91864
4.9926
4.91864
5.47337
5.25148
5.39941
5.14053
5.95414
6.32396
6.36095
5.54734
5.58432
5.95414
6.17604
6.10207
6.84172
6.13905
6.43491
5.80621
6.50888
6.91568
6.36095
6.84172
7.17456
7.61834
8.32101
7.5074
7.54438
8.17308
8.13609
8.46893
8.69083
9.06065
9.61538
8.39497
8.28402
8.13609
8.57988
8.39497
8.9497
8.65385
8.28402
6.32396
6.91568
6.61982
6.50888
6.21302
6.43491
7.10059
7.32249
6.21302
6.61982
7.17456
7.72929
8.43195
8.9497
9.35651
9.28254
9.28254
7.35947
7.32249
7.35947
7.2855
6.73077
6.91568
7.21154
7.17456
7.21154
7.43343
7.02663
7.24852
7.54438
7.06361
6.61982
6.54586
7.98817
7.21154
7.24852
7.10059
7.10059
6.95266
7.13757
6.95266
8.76479
8.5429
8.5429
8.43195
8.35799
8.32101
7.47041
7.58136
6.8787
6.73077
6.32396
6.39793
6.6568
6.28698
6.36095
6.17604
6.06509
5.69527
5.69527
5.73225
5.76923
5.6213
5.80621
5.65828
5.58432
5.88018
5.76923
6.02811
5.88018
6.02811
6.28698
6.25
6.06509
3.66124
3.43935
3.29142
2.88462
2.81065
2.58876
2.81065
2.40385
2.6997
2.44083
2.25592
2.18195
2.58876
2.6997
2.66272
2.9216
4.17899
4.65976
4.32692
4.62278
4.43787
4.65976
5.06657
4.95562
3.99408
3.88314
3.99408
4.10503
4.17899
4.51183
4.65976
4.54882
4.69675
4.69675
4.9926
5.14053
5.54734
4.84467
4.88166
4.91864
4.69675
4.77071
4.62278
4.28994
4.28994
3.88314
2.99556
2.58876
2.47781
2.99556
2.95858
2.88462
2.77367
2.81065
2.66272
2.95858
3.03254
6.10207
6.06509
6.28698
6.32396
6.91568
6.50888
6.47189
6.61982
4.43787
4.25296
4.10503
3.84615
3.84615
3.92012
4.21598
4.17899
3.14349
3.18047
3.29142
3.36538
3.03254
2.88462
2.58876
2.36686
2.66272
2.6997
2.84763
2.55178
2.25592
2.36686
2.2929
2.25592
2.03402
3.47633
3.84615
3.66124
3.69822
3.51331
3.88314
3.80917
3.84615
5.76923
5.36243
5.80621
6.17604
5.91716
6.58284
5.99112
6.02811
6.50888
6.39793
6.39793
6.21302
6.06509
6.06509
5.8432
5.76923
7.65533
7.61834
7.72929
7.69231
8.35799
7.98817
8.35799
7.76627
7.9142
9.02367
9.06065
8.65385
8.61686
8.9497
8.65385
9.09763
8.5429
6.6568
6.43491
6.43491
6.54586
6.47189
6.76775
6.43491
6.17604
5.02959
4.95562
4.80769
5.02959
5.06657
4.62278
5.06657
5.10355
4.40089
4.5858
4.69675
4.65976
4.77071
4.80769
4.47485
4.54882
4.14201
4.14201
4.17899
4.10503
4.32692
4.17899
4.21598
4.43787
3.92012
3.99408
4.32692
3.99408
4.10503
3.47633
3.25444
3.03254
2.81065
3.03254
2.88462
2.62574
2.47781
2.44083
2.51479
2.44083
2.58876
8.50592
8.17308
7.61834
7.5074
7.58136
7.76627
7.69231
7.80325
7.95118
7.9142
7.95118
7.84024
7.5074
7.5074
7.76627
7.9142
4.69675
4.88166
4.80769
4.62278
4.88166
4.95562
4.62278
4.88166
3.51331
3.58728
3.21746
2.84763
2.6997
2.40385
2.62574
2.2929
1.96006
2.6997
2.40385
2.2929
2.66272
2.36686
2.40385
2.44083
2.2929
3.9571
4.14201
4.40089
4.43787
4.69675
5.14053
4.73373
4.95562
4.43787
4.36391
4.28994
4.95562
4.80769
4.77071
4.91864
4.36391
4.51183
4.25296
4.21598
4.25296
4.43787
4.5858
4.73373
5.06657
7.35947
7.24852
7.61834
7.87722
7.95118
8.09911
8.57988
8.50592
7.69231
6.95266
7.61834
7.9142
8.32101
7.87722
8.24704
7.76627
8.02515
8.39497
8.09911
7.80325
8.28402
8.65385
8.57988
8.5429
8.21006
7.95118
8.06213
7.72929
7.2855
7.76627
7.72929
7.21154
7.24852
8.17308
7.47041
7.5074
7.69231
7.69231
7.95118
7.43343
7.35947
10.2441
10.6509
10.6879
10.8728
10.5399
10.466
10.392
10.5769
4.91864
4.5858
4.36391
4.21598
3.99408
3.84615
3.80917
3.88314
3.29142
3.18047
2.99556
3.03254
3.25444
3.06953
3.10651
3.18047
3.3284
6.10207
5.76923
5.73225
5.28846
5.39941
5.28846
4.80769
5.10355
3.43935
3.25444
3.14349
2.9216
2.9216
3.03254
2.84763
2.88462
2.40385
2.44083
2.25592
2.40385
2.36686
2.66272
2.58876
2.47781
2.99556
3.03254
2.99556
3.06953
2.88462
2.62574
2.66272
2.81065
6.95266
7.02663
7.17456
7.02663
7.13757
7.32249
7.10059
6.61982
8.21006
7.95118
7.80325
7.72929
7.95118
7.80325
8.09911
7.95118
7.76627
4.14201
4.10503
4.14201
4.5858
4.25296
4.10503
4.28994
4.10503
3.51331
3.21746
3.40237
3.25444
2.99556
2.77367
2.99556
2.77367
3.77219
3.80917
3.14349
3.69822
3.36538
3.5503
3.5503
3.66124
4.65976
4.54882
4.40089
4.14201
4.47485
4.25296
4.43787
4.51183
5.95414
5.8432
5.88018
5.6213
5.91716
5.91716
6.28698
5.91716
5.69527
5.32544
5.36243
5.06657
5.25148
5.65828
5.8432
5.54734
5.43639
6.58284
6.06509
6.32396
6.10207
5.88018
5.76923
5.95414
5.8432
5.54734
5.51036
5.65828
5.47337
5.47337
5.2145
5.43639
5.47337
3.66124
3.18047
2.9216
2.95858
2.6997
2.88462
2.99556
2.66272
3.80917
4.25296
4.43787
4.62278
4.28994
4.62278
4.80769
4.77071
3.9571
3.9571
4.25296
3.9571
4.51183
4.25296
4.80769
4.32692
4.91864
5.25148
5.36243
5.32544
4.95562
4.88166
4.65976
4.54882
4.62278
4.28994
4.06805
3.80917
3.51331
3.03254
2.66272
2.62574
2.36686
3.25444
2.99556
3.21746
3.25444
3.36538
2.99556
3.29142
3.03254
5.65828
5.54734
6.02811
5.73225
6.17604
5.6213
6.25
6.36095
4.40089
4.43787
4.36391
4.17899
4.65976
4.73373
4.51183
4.28994
3.29142
3.3284
3.80917
3.03254
3.29142
3.36538
3.10651
2.81065
2.88462
3.5503
3.47633
3.88314
3.88314
4.06805
4.28994
3.84615
4.28994
5.39941
5.6213
5.39941
5.51036
5.39941
5.58432
5.65828
4.95562
6.95266
7.58136
6.91568
7.13757
7.35947
7.02663
7.13757
6.6568
7.35947
6.84172
6.76775
6.84172
6.36095
6.98964
7.02663
6.47189
8.76479
8.43195
8.17308
8.28402
7.87722
7.69231
7.76627
7.76627
7.69231
6.73077
6.98964
7.2855
7.2855
7.39645
7.47041
7.61834
7.84024
5.51036
5.43639
5.17751
5.06657
5.10355
5.43639
5.36243
4.9926
5.25148
5.14053
5.36243
5.25148
5.2145
5.25148
5.36243
5.36243
3.80917
3.73521
3.88314
4.14201
4.17899
3.99408
3.99408
4.17899
3.66124
3.58728
3.43935
3.10651
3.18047
3.21746
2.81065
3.18047
2.77367
2.55178
2.6997
2.18195
2.32988
2.07101
1.81213
1.99704
2.07101
5.32544
5.32544
5.17751
5.28846
5.39941
5.39941
5.32544
5.17751
5.99112
5.76923
6.02811
5.58432
5.36243
6.06509
5.65828
5.36243
2.99556
2.9216
2.6997
2.9216
2.81065
2.51479
2.55178
2.51479
2.25592
2.07101
2.21893
2.2929
2.18195
2.47781
2.62574
2.40385
3.14349
3.58728
3.51331
3.36538
4.03107
3.80917
3.69822
3.66124
3.62426
6.95266
6.76775
6.73077
6.58284
6.47189
6.13905
5.88018
5.6213
5.73225
5.8432
5.73225
5.28846
5.69527
5.47337
5.2145
5.02959
7.87722
7.32249
7.21154
7.39645
7.43343
7.61834
6.95266
6.8787
7.24852
7.13757
7.65533
7.5074
7.58136
7.61834
7.21154
7.32249
5.28846
5.73225
5.58432
5.43639
5.8432
5.32544
5.39941
5.28846
5.36243
4.69675
5.10355
4.9926
5.06657
5.06657
5.10355
5.2145
5.2145
4.95562
4.91864
4.47485
4.51183
4.40089
4.77071
4.73373
5.10355
5.17751
5.28846
5.17751
4.9926
4.32692
4.32692
4.47485
4.54882
4.21598
4.25296
4.17899
4.17899
4.62278
4.17899
4.36391
4.54882
4.91864
4.25296
4.17899
4.40089
4.36391
4.17899
4.06805
3.9571
4.91864
4.95562
4.54882
4.36391
4.25296
4.51183
4.43787
4.54882
3.99408
4.17899
3.73521
3.9571
4.14201
4.25296
4.36391
4.40089
3.62426
3.77219
3.84615
3.88314
3.73521
4.17899
3.69822
3.92012
3.69822
4.62278
4.5858
4.54882
4.10503
4.91864
4.5858
5.36243
5.6213
5.28846
4.77071
5.25148
4.73373
4.25296
3.99408
4.17899
4.28994
4.21598
4.62278
4.73373
5.10355
5.32544
5.47337
5.91716
5.73225
4.9926
4.80769
4.73373
4.32692
4.21598
4.25296
4.40089
4.10503
4.32692
4.21598
3.92012
4.14201
4.51183
4.69675
4.40089
4.62278
4.88166
4.9926
4.69675
4.28994
4.43787
4.54882
4.36391
4.21598
3.88314
4.69675
4.84467
5.17751
5.47337
5.88018
5.8432
5.6213
5.73225
5.02959
4.91864
4.54882
4.47485
4.43787
4.17899
4.62278
4.5858
4.84467
4.36391
4.32692
4.84467
4.84467
4.77071
4.65976
4.65976
4.84467
5.17751
4.65976
4.65976
4.69675
4.62278
4.54882
4.88166
5.14053
4.69675
5.32544
5.69527
6.36095
5.95414
5.99112
5.76923
5.88018
6.06509
5.54734
6.02811
5.32544
5.69527
5.17751
5.51036
5.76923
5.8432
5.65828
5.73225
6.21302
5.95414
5.58432
5.51036
5.8432
5.95414
5.65828
5.39941
5.28846
5.36243
5.28846
5.88018
5.58432
5.95414
6.6568
6.28698
6.06509
6.02811
5.73225
5.76923
5.32544
5.69527
5.25148
4.95562
4.84467
4.88166
5.58432
5.39941
4.88166
6.06509
4.84467
4.84467
4.84467
4.84467
4.69675
4.73373
4.69675
4.25296
4.43787
3.69822
4.28994
4.47485
4.32692
4.77071
4.73373
4.69675
4.10503
4.88166
4.54882
4.25296
4.62278
4.40089
3.88314
4.21598
4.65976
4.14201
4.21598
4.25296
4.21598
4.65976
4.62278
4.47485
3.84615
3.58728
3.92012
4.28994
4.21598
4.10503
4.03107
4.14201
4.65976
3.80917
3.9571
3.69822
3.73521
4.03107
4.40089
4.36391
4.14201
4.73373
4.73373
4.5858
4.73373
5.25148
4.9926
4.80769
4.65976
5.32544
5.51036
5.10355
4.73373
4.10503
4.5858
4.5858
4.95562
4.73373
4.9926
5.51036
5.73225
5.65828
5.6213
5.69527
5.65828
5.91716
5.6213
5.36243
5.36243
5.58432
4.65976
4.77071
5.02959
4.69675
4.69675
4.65976
4.51183
4.69675
4.73373
4.9926
4.80769
4.88166
4.47485
4.62278
5.43639
5.06657
5.28846
6.50888
6.80473
7.24852
7.9142
7.80325
8.13609
7.32249
7.69231
7.58136
5.73225
5.65828
6.13905
5.10355
5.14053
5.06657
5.36243
5.43639
5.39941
5.43639
4.51183
4.54882
4.54882
4.10503
4.06805
4.43787
4.32692
4.65976
4.14201
5.14053
5.76923
6.02811
6.13905
5.88018
5.91716
5.80621
6.28698
6.47189
6.43491
5.95414
5.95414
5.32544
4.62278
3.92012
4.06805
4.06805
4.43787
4.47485
4.36391
4.43787
4.36391
4.21598
4.06805
4.17899
4.36391
4.84467
5.47337
5.8432
5.43639
5.32544
5.14053
5.43639
4.9926
5.28846
5.51036
5.17751
4.95562
4.65976
4.21598
4.36391
4.10503
4.36391
4.17899
4.17899
4.03107
4.40089
4.10503
3.92012
3.80917
4.32692
4.25296
4.69675
4.91864
4.91864
4.54882
4.88166
4.28994
4.51183
4.47485
4.47485
4.47485
4.32692
4.40089
4.51183
4.32692
4.14201
4.32692
4.54882
4.40089
4.5858
4.28994
4.36391
4.69675
4.77071
4.51183
4.65976
4.36391
4.25296
4.17899
4.17899
4.21598
4.43787
4.47485
4.77071
4.54882
4.21598
4.10503
4.06805
4.25296
4.10503
4.17899
4.14201
4.36391
4.51183
4.32692
4.47485
4.25296
3.9571
4.25296
4.14201
4.21598
3.99408
4.06805
4.28994
4.17899
4.40089