8.50592
8.57988
7.9142
8.13609
8.24704
8.61686
8.39497
8.65385
8.17308
8.5429
8.28402
8.72781
8.91272
8.91272
8.80178
8.65385
8.80178
8.76479
8.80178
8.87574
8.72781
8.69083
8.80178
8.80178
8.39497
8.46893
8.72781
8.43195
8.80178
8.69083
8.72781
8.98669
9.09763
8.80178
9.06065
8.91272
9.09763
8.91272
9.39349
9.39349
9.39349
9.43047
9.28254
9.35651
9.54142
9.39349
9.1716
9.28254
9.28254
9.35651
9.20858
9.13462
9.28254
9.02367
9.13462
9.06065
9.06065
9.06065
9.1716
9.1716
9.35651
9.1716
9.24556
9.39349
9.31953
9.1716
9.31953
8.87574
8.98669
8.9497
9.13462
9.31953
9.43047
8.9497
9.09763
8.9497
9.13462
9.35651
8.76479
8.91272
9.02367
9.09763
8.72781
8.72781
9.06065
8.9497
8.65385
8.69083
7.87722
8.46893
8.5429
8.46893
8.39497
8.35799
7.54438
6.28698
6.10207
6.10207
5.95414
6.06509
5.58432
5.43639
5.58432
4.80769
4.88166
5.02959
4.77071
4.80769
5.10355
4.77071
4.95562
6.98964
7.24852
7.06361
7.39645
7.84024
7.65533
8.21006
7.95118
11.2056
11.2426
10.6509
11.3166
11.5385
11.3166
11.4275
11.2426
8.91272
8.32101
8.39497
8.57988
8.09911
8.09911
7.35947
7.24852
7.13757
6.76775
6.76775
6.36095
6.39793
6.58284
6.50888
6.54586
6.69379
9.13462
9.43047
10.2071
10.2441
10.7249
10.0962
10.8358
11.0207
13.2396
13.9793
13.4615
14.0163
14.2012
14.534
14.2751
14.2382
13.0547
13.1287
12.9068
12.9068
12.0562
12.426
12.3151
12.3891
11.1317
11.2056
10.9467
10.6879
10.1701
10.392
9.61538
9.61538
9.02367
8.50592
8.83876
8.69083
8.5429
8.87574
8.24704
8.32101
8.50592
10.5399
11.3905
11.5385
12.0562
11.9083
11.4275
11.1686
11.5015
9.09763
8.65385
8.02515
8.17308
7.9142
7.98817
8.43195
7.87722
6.58284
6.76775
6.47189
6.06509
5.95414
5.99112
5.91716
6.10207
6.69379
6.76775
6.98964
7.5074
7.61834
8.50592
8.28402
8.35799
8.76479
8.98669
8.87574
9.43047
9.65237
8.98669
8.72781
8.17308
8.32101
8.80178
8.80178
8.87574
9.65237
9.94822
10.355
11.1686
11.6494
8.72781
7.84024
8.02515
7.35947
7.47041
7.5074
7.06361
6.95266
8.02515
7.17456
6.95266
6.8787
6.58284
6.54586
6.91568
7.10059
10.1701
10.2811
11.2796
11.4275
10.6509
11.6864
11.8713
13.4246
14.2012
15.2737
14.9408
14.497
14.2382
13.9423
13.4615
12.6849
11.6494
11.7234
11.2426
11.3905
11.2426
11.5754
11.9083
12.2411
12.6849
7.9142
8.17308
8.39497
8.80178
8.69083
8.35799
8.46893
7.95118
9.20858
8.02515
7.87722
7.9142
7.84024
8.39497
8.24704
8.87574
10.2441
10.2071
9.91124
9.94822
10.318
9.98521
10.5399
10.8728
13.3876
13.3876
13.7574
13.4985
13.0917
13.6464
13.9423
12.7219
13.1657
13.0178
12.426
12.7959
12.6109
12.463
12.7959
12.463
12.7589
8.5429
9.72633
9.35651
9.5784
10.1331
10.8728
10.8728
11.4645
7.47041
7.61834
7.98817
7.39645
7.69231
7.17456
7.5074
7.2855
8.32101
8.02515
8.65385
8.87574
8.98669
9.1716
9.87426
9.39349
9.20858
8.87574
9.35651
9.28254
8.91272
8.24704
7.87722
8.02515
11.0947
11.8343
11.4645
12.537
12.7959
13.2027
12.2411
11.5385
9.68935
9.98521
9.91124
10.0962
9.94822
10.1331
10.2441
10.1701
9.83728
9.68935
9.83728
9.5784
9.8003
9.91124
10.1701
10.6509
9.91124
10.2811
10.0962
10.1331
9.94822
10.429
10.0222
10.1331
9.98521
9.5784
9.87426
9.54142
9.83728
10.318
10.1331
10.0222
9.91124
9.83728
8.91272
9.09763
9.02367
9.24556
8.76479
8.76479
8.72781
5.8432
5.95414
6.61982
6.84172
6.43491
6.76775
7.02663
6.73077
5.6213
5.51036
5.06657
5.54734
4.9926
4.91864
5.17751
5.25148
5.58432
12.3521
12.463
13.0917
13.7574
14.0902
13.5725
13.9053
13.5725
9.46746
8.87574
8.9497
8.50592
8.80178
8.80178
8.50592
7.87722
8.02515
7.5074
7.2855
6.8787
7.10059
7.43343
7.32249
6.98964
6.95266
7.13757
8.02515
9.31953
8.80178
8.61686
8.17308
7.54438
8.5429
8.21006
8.65385
8.72781
9.5784
9.06065
9.54142
9.87426
10.466
9.09763
8.21006
8.50592
8.83876
8.87574
8.61686
9.02367
9.31953
9.8003
9.35651
9.39349
9.50444
9.8003
9.8003
9.43047
9.39349
8.69083
8.76479
8.65385
8.57988
8.65385
8.65385
9.09763
9.02367
9.28254
8.61686
8.83876
8.80178
8.91272
9.31953
9.06065
9.20858
9.46746
9.1716
9.65237
9.46746
9.46746
9.8003
9.35651
9.39349
10.1701
10.0962
9.65237
10.503
9.98521
10.2441
10.0962
10.1331
10.6509
11.4645
11.5015
11.3166
11.0947
11.0577
11.6494
11.7973
11.7604
11.0577
11.3536
11.3905
10.9098
11.3536
11.2426
11.5015
11.3536
11.2796
12.3151
11.4645
11.4645
11.9822
11.3905
11.3536
10.6509
12.0932
11.8343
11.6494
12.3891
11.7973
11.8713
11.3905
11.3166
15.1627
14.4601
14.645
14.9408
14.0902
14.2751
14.0533
12.9438
12.2411
12.537
12.3151
11.2796
11.4645
10.6509
10.0222
10.2811
9.5784
9.13462
9.91124
10.1331
9.91124
9.28254
9.87426
9.83728
10.466
7.35947
8.17308
8.46893
8.9497
8.9497
8.39497
8.35799
8.72781
7.35947
6.73077
6.8787
7.02663
7.9142
7.84024
7.9142
7.35947
8.32101
8.57988
8.57988
8.65385
8.24704
7.35947
7.06361
6.28698
4.84467
4.54882
4.36391
4.17899
3.73521
3.73521
3.47633
3.40237
3.36538
4.17899
3.99408
3.5503
3.77219
3.58728
3.73521
3.47633
3.66124
7.39645
7.47041
7.9142
7.76627
8.02515
7.69231
7.35947
7.10059
9.5784
9.68935
9.65237
9.72633
10.0592
9.54142
9.09763
8.65385
8.43195
8.9497
8.50592
8.17308
7.80325
8.32101
7.80325
7.80325
4.73373
4.47485
4.43787
4.77071
4.25296
4.62278
4.54882
4.77071
3.9571
3.88314
4.14201
3.84615
3.3284
3.06953
2.77367
2.2929
2.14497
2.18195
1.84911
1.96006
2.14497
2.32988
2.55178
2.77367
3.18047
4.03107
4.25296
5.10355
5.91716
6.6568
7.32249
8.43195
8.9497
9.50444
9.43047
9.91124
10.5769
11.0577
11.9822
11.5754
12.1302
12.8328
13.7944
14.1642
14.4601
14.3491
14.7189
15.6435
15.1627
17.6036
17.4556
17.1228
17.0118
16.753
16.1243
17.0488
16.642
16.642
17.0488
16.0873
16.4571
16.3831
15.5325
15.4216
13.7574
13.6464
13.0917
12.5
12.0192
12.0192
11.6494
10.8358
10.0592
10.1701
9.24556
9.5784
9.83728
9.61538
10.5399
10.7249
10.7988
10.7249
8.72781
8.91272
9.09763
8.83876
9.31953
9.02367
9.54142
9.13462
8.35799
8.72781
8.80178
8.87574
9.50444
9.06065
8.65385
8.72781
8.83876
8.91272
8.46893
7.24852
7.24852
7.47041
6.36095
6.25
5.76923
4.03107
3.84615
4.10503
3.29142
3.43935
3.14349
3.25444
3.14349
3.84615
3.80917
3.77219
4.17899
4.43787
4.91864
4.88166
4.9926
9.13462
9.43047
8.83876
8.83876
9.02367
9.13462
8.57988
7.95118
10.7249
11.0947
11.0207
10.6879
10.2811
9.54142
8.69083
8.5429
7.39645
7.65533
7.72929
7.87722
7.84024
7.72929
7.47041
7.35947
6.69379
4.54882
4.62278
4.43787
4.5858
4.32692
4.51183
4.51183
4.47485
4.06805
3.5503
3.06953
2.6997
2.44083
2.10799
1.84911
1.62722
2.18195
2.62574
2.73669
3.58728
3.69822
4.14201
4.40089
5.36243
5.88018
6.73077
6.76775
7.65533
8.09911
8.80178
9.5784
10.0222
9.76331
10.355
11.2426
11.4275
11.1686
12.0562
12.3151
12.2781
13.5725
14.3491
13.9793
14.9038
14.645
15.1627
15.6435
15.5325
14.7929
16.9379
16.753
15.4216
15.5695
15.4586
15.4956
15.1997
15.9393
15.8654
15.2367
14.7559
14.2382
14.682
14.0163
13.6464
12.1672
11.9822
12.2781
11.7973
11.4275
10.7249
10.6139
10.1331
10.0592
8.69083
8.83876
9.87426
10.318
10.2071
10.2441
10.8728
11.5754
9.24556
9.72633
9.68935
9.72633
9.83728
10.0592
10.355
10.5769
9.61538
9.02367
9.1716
8.98669
9.43047
9.39349
9.35651
9.46746
9.65237
9.5784
8.83876
8.35799
8.32101
7.65533
7.32249
6.84172
6.36095
5.10355
4.95562
4.51183
4.06805
4.36391
3.9571
3.99408
3.29142
3.99408
3.99408
3.73521
3.3284
3.77219
3.73521
4.21598
4.25296
8.39497
9.09763
9.91124
10.318
10.318
9.61538
9.94822
10.5769
12.5
12.2411
12.2781
11.8343
11.8713
11.8343
11.6494
11.6124
11.2796
10.2811
10.2071
9.68935
9.24556
9.35651
9.20858
9.20858
9.1716
6.8787
6.58284
6.32396
6.17604
6.69379
6.21302
6.02811
5.69527
4.40089
4.5858
4.36391
4.17899
4.32692
4.28994
4.65976
4.36391
3.03254
3.14349
2.58876
2.55178
2.2929
1.99704
2.10799
1.99704
2.40385
2.36686
2.2929
2.40385
2.44083
2.55178
2.9216
2.99556
3.40237
3.69822
3.69822
4.77071
5.47337
6.47189
7.13757
7.9142
8.43195
8.91272
9.68935
9.68935
10.6509
11.0577
11.6494
11.5385
12.2041
12.9808
13.4985
13.7574
14.4601
15.1627
15.8654
15.9024
16.4201
18.1953
17.7885
17.3447
17.7515
18.0473
17.9734
18.2322
18.787
19.2678
18.75
18.5651
18.713
19.3047
18.824
18.6021
18.1583
17.1228
16.642
16.4571
15.3846
15.0518
14.0902
13.4985
12.9068
13.0178
12.1302
12.6479
12.0932
11.7604
11.8713
11.3536
11.2796
11.0207
10.466
9.83728
10.1701
10.9098
10.9837
11.5385
11.5385
11.7234
9.13462
9.20858
9.06065
9.13462
8.9497
8.5429
9.31953
9.46746
8.72781
8.02515
8.13609
8.17308
8.09911
8.46893
8.80178
9.02367
8.98669
8.9497
8.35799
8.43195
8.24704
7.69231
7.43343
6.80473
5.8432
5.14053
4.69675
4.14201
3.99408
3.58728
3.77219
3.36538
2.99556
4.14201
4.14201
3.9571
3.69822
3.88314
3.5503
3.66124
3.62426
6.10207
6.95266
7.35947
7.10059
7.24852
7.54438
7.24852
7.76627
11.9822
12.6109
12.2041
12.463
12.426
11.7973
11.6864
11.9453
9.09763
9.39349
8.9497
8.35799
7.95118
7.32249
7.06361
7.2855
4.5858
4.43787
4.25296
4.32692
4.28994
4.47485
4.73373
4.88166
4.14201
3.9571
4.21598
4.25296
4.14201
4.10503
4.17899
3.99408
3.73521
3.36538
3.25444
3.03254
2.66272
2.25592
2.36686
2.47781
2.66272
2.73669
3.10651
3.5503
4.36391
4.69675
5.02959
5.8432
5.99112
6.47189
6.73077
7.24852
7.84024
7.84024
8.32101
8.87574
9.39349
9.09763
9.76331
10.0592
10.1331
10.392
11.0577
11.2056
11.2056
11.7604
12.2041
11.3905
11.8713
11.1317
10.7618
9.46746
9.31953
10.6509
10.2071
10.1331
10.429
10.429
10.8728
11.0207
10.5769
10.5399
7.9142
7.80325
7.69231
7.5074
6.73077
6.10207
5.95414
6.10207
6.50888
5.25148
5.58432
5.39941
4.88166
4.62278
4.47485
3.99408
3.84615
3.77219
3.9571
3.43935
3.47633
3.58728
3.73521
3.69822
6.25
6.17604
6.91568
6.32396
6.02811
6.69379
6.50888
6.06509
8.13609
7.72929
7.98817
8.09911
8.35799
7.65533
7.32249
6.61982
6.39793
7.98817
8.91272
9.65237
9.8003
9.61538
9.94822
10.2441
10.5399
8.21006
8.57988
8.39497
9.06065
10.2071
10.503
11.9083
12.7959
7.69231
8.50592
8.21006
8.91272
8.21006
8.65385
8.09911
7.87722
7.32249
7.13757
7.43343
7.43343
6.76775
6.73077
6.47189
6.43491
6.84172
6.21302
6.43491
5.8432
6.58284
5.54734
6.02811
5.95414
5.76923
5.80621
6.21302
6.25
6.06509
6.80473
7.17456
7.2855
7.39645
11.9822
12.8698
12.9438
13.5355
13.2766
13.6095
13.9053
14.608
15.9393
17.5296
16.4201
16.8269
17.1598
17.9734
17.1967
16.642
16.5311
16.4571
16.716
16.679
16.2722
16.1982
15.9763
15.8284
14.534
14.8299
14.571
13.8683
14.1642
14.0533
14.0533
13.4246
11.2796
10.9467
11.7234
10.5769
10.392
9.8003
9.13462
8.24704
6.95266
6.28698
5.36243
4.54882
4.14201
3.9571
3.14349
3.3284
2.32988
2.47781
2.10799
2.51479
2.2929
2.40385
2.25592
2.58876
2.62574
2.88462
3.10651
3.47633
3.99408
4.17899
4.06805
3.88314
4.14201
3.88314
4.03107
4.17899
4.03107
3.73521
3.88314
4.10503
4.03107
3.80917
4.03107
4.17899
4.43787
4.28994
4.47485
4.14201
4.47485
6.47189
6.69379
6.02811
6.32396
6.84172
6.8787
7.39645
7.21154
7.17456
11.9453
12.7219
13.0178
12.2411
13.2766
12.6479
13.3136
13.3136
13.0547
13.6834
13.3136
13.3876
13.1287
13.9793
12.8328
12.5
10.0962
10.503
10.9837
10.6139
11.7604
11.3536
11.3905
12.0932
7.43343
8.09911
8.32101
8.69083
8.9497
9.8003
10.0962
10.6139
7.65533
8.61686
8.57988
8.65385
8.43195
8.80178
9.43047
9.54142
7.80325
7.80325
7.69231
7.95118
7.5074
7.43343
7.02663
7.02663
6.47189
8.02515
7.69231
7.58136
7.17456
6.95266
6.91568
6.80473
6.6568
5.69527
5.80621
6.10207
5.54734
5.06657
5.36243
5.36243
5.39941
6.76775
7.10059
7.02663
7.21154
7.54438
7.95118
7.95118
8.5429
12.0932
12.6849
12.6479
13.3876
13.7204
14.1272
14.8669
14.682
15.9763
15.8654
16.7899
16.9749
16.8269
17.0118
16.753
16.568
17.1598
16.3092
16.1243
16.8639
16.5311
16.3092
16.7899
16.679
16.4571
14.497
14.4231
14.2382
13.5725
13.2396
12.6479
12.5
11.2056
10.429
10.7618
9.98521
9.46746
9.31953
8.76479
8.57988
8.5429
7.5074
6.73077
6.91568
6.50888
5.51036
5.28846
4.91864
4.14201
3.47633
3.14349
2.99556
2.47781
2.36686
2.2929
2.95858
3.66124
3.77219
4.06805
4.36391
4.32692
4.32692
4.21598
4.28994
4.32692
4.14201
3.77219
3.99408
3.92012
3.9571
3.66124
4.21598
4.17899
4.28994
3.66124
3.69822
3.73521
3.66124
3.84615
3.9571
4.21598
4.43787
5.73225
6.06509
5.88018
5.73225
5.80621
5.6213
5.80621
5.76923
10.8728
11.3166
11.0577
11.2426
11.4645
11.2426
11.8343
9.61538
10.355
11.5015
11.3166
11.8713
12.0192
12.537
12.0562
11.7234
10.466
10.466
10.7249
11.9822
12.3151
13.1657
12.7589
12.574
13.3876
7.80325
8.24704
8.39497
9.13462
9.1716
10.6879
10.9098
11.0947
7.98817
8.09911
8.21006
8.50592
8.43195
8.21006
7.72929
7.47041
8.65385
8.9497
8.35799
8.28402
8.09911
8.28402
7.72929
7.95118
7.95118
7.17456
6.8787
6.98964
6.98964
6.47189
7.13757
7.13757
7.06361
7.43343
7.58136
7.54438
7.72929
8.5429
8.21006
9.46746
8.98669
12.537
12.8328
14.1272
14.497
15.6805
15.6435
16.1612
16.2722
17.0488
18.2692
18.5651
19.1568
19.0089
20.0444
20.0074
20.7101
19.9704
19.9334
19.1938
19.6746
19.3047
19.6746
18.4172
17.8624
16.4201
15.9763
15.6435
15.0888
14.534
13.3876
12.2041
11.5385
11.0947
10.7618
9.8003
8.9497
8.65385
7.80325
7.17456
6.28698
5.43639
5.10355
4.32692
4.03107
3.62426
2.6997
2.6997
2.6997
2.62574
2.47781
2.25592
2.25592
2.47781
3.06953
3.36538
3.62426
4.21598
4.10503
4.14201
4.54882
4.25296
4.25296
4.25296
4.54882
4.32692
3.77219
3.88314
4.10503
4.21598
4.21598
4.06805
3.77219
3.73521
4.14201
4.06805
4.47485
4.9926
4.69675
4.84467
5.14053
5.25148
9.20858
8.98669
9.31953
9.13462
8.65385
9.1716
9.13462
9.13462
8.87574
10.5399
10.8358
13.1657
13.4985
13.0917
12.9068
10.9467
11.9083
11.3905
10.9098
11.6494
11.9822
12.2411
11.7604
12.6479
12.9068
7.87722
8.80178
8.46893
9.1716
9.8003
10.355
10.7249
10.7618
8.80178
9.13462
9.35651
9.94822
9.54142
9.5784
9.65237
9.76331
8.80178
8.61686
8.35799
8.28402
8.02515
7.65533
7.9142
7.2855
9.50444
8.50592
8.39497
8.39497
7.80325
8.39497
8.09911
7.9142
7.24852
6.50888
5.8432
5.73225
6.6568
6.39793
6.54586
6.50888
6.8787
7.35947
7.2855
8.21006
8.43195
8.76479
8.9497
9.35651
9.5784
13.3506
14.608
14.534
15.1257
15.6805
15.9763
15.8654
15.9393
16.3462
17.5296
17.2707
17.7885
16.9009
16.9749
16.8639
17.3077
16.8269
17.4186
17.7145
17.1228
17.3817
17.0488
16.5311
15.9393
15.3846
14.2012
14.8669
14.0902
13.7574
13.3506
12.3151
11.5754
11.1317
10.6879
10.466
9.39349
9.61538
8.65385
8.21006
7.43343
7.06361
6.06509
5.58432
4.84467
4.69675
3.5503
3.77219
2.99556
3.03254
2.73669
2.44083
2.03402
1.92308
2.03402
2.36686
2.47781
2.40385
3.21746
3.14349
3.5503
3.99408
4.36391
4.65976
4.73373
4.65976
4.43787
4.43787
4.43787
4.65976
4.80769
4.95562
4.9926
4.84467
4.69675
4.77071
4.95562
5.36243
5.2145
5.39941
5.54734
5.65828
5.51036
9.50444
9.76331
9.91124
9.5784
9.65237
9.61538
9.83728
9.54142
12.2041
12.8698
12.1672
12.2781
11.2056
11.6494
10.355
11.6124
12.5
13.2766
13.3136
13.4246
13.2027
12.0562
12.537
13.3136
11.1686
11.3536
11.5754
12.1672
11.6864
11.4645
11.7604
12.1672
8.24704
8.46893
9.35651
9.02367
10.1701
11.0577
11.8713
12.7959
13.2027
10.6879
10.5769
10.8728
10.7988
10.7618
10.9837
11.0207
11.6124
9.09763
9.35651
8.87574
9.13462
9.1716
8.9497
8.5429
8.39497
8.9497
9.1716
8.39497
8.32101
8.09911
8.02515
8.02515
8.57988
7.5074
6.98964
6.6568
6.73077
6.95266
6.73077
7.06361
7.2855
7.47041
7.39645
7.21154
7.87722
7.65533
7.65533
8.09911
8.35799
8.5429
12.2781
12.9808
13.2396
14.1642
14.3861
14.8669
15.5695
15.7544
17.6775
17.3447
18.2322
18.3062
19.0828
19.5636
19.5636
19.1938
19.1198
19.0828
19.4896
19.6376
18.9349
19.6376
18.0104
16.8269
17.4556
17.0488
15.9763
15.5325
15.5325
14.497
14.2382
13.3136
12.3891
12.2041
12.2781
11.5015
11.9083
10.355
10.6509
10.0592
8.87574
8.13609
8.21006
7.13757
6.50888
5.43639
4.91864
4.36391
3.92012
3.80917
3.18047
2.88462
2.44083
2.40385
2.25592
2.07101
1.88609
2.07101
2.32988
2.21893
2.55178
2.51479
2.66272
3.06953
3.29142
3.58728
3.84615
3.92012
4.51183
4.73373
4.77071
4.69675
5.10355
4.88166
4.62278
4.95562
4.69675
4.65976
4.73373
4.73373
4.69675
4.69675
4.77071
4.69675
4.84467
4.69675
5.36243
4.91864
5.36243
7.13757
7.9142
8.21006
8.24704
8.76479
9.13462
8.83876
9.35651
8.91272
12.0192
11.5015
12.1302
12.8328
13.4615
12.9068
11.6494
11.7234
10.5769
12.0932
11.6494
11.0947
10.503
10.5769
12.7589
14.0902
9.09763
8.50592
9.83728
10.1701
10.503
11.0207
12.2041
12.2411
8.06213
8.80178
8.98669
9.54142
9.72633
9.8003
10.355
10.6509
8.50592
8.69083
8.43195
8.35799
7.58136
8.21006
7.80325
7.54438
7.54438
9.8003
9.24556
9.1716
9.1716
8.80178
8.98669
8.69083
8.65385
8.06213
7.2855
7.02663
7.47041
7.2855
7.10059
7.65533
7.17456
7.72929
8.13609
8.09911
8.50592
8.69083
9.35651
9.61538
10.355
13.8314
14.9408
15.3846
16.5311
16.3092
16.9379
17.2707
17.6405
17.4556
17.7145
18.0104
18.2322
18.2322
18.0843
18.1583
18.0104
17.8624
17.3817
17.7145
17.9364
17.3077
16.8269
16.9749
16.679
15.9763
15.9024
15.4216
15.6065
14.3861
14.3121
14.2751
13.7944
13.2766
11.9453
11.5015
11.2426
11.1317
10.7618
10.1701
9.09763
8.50592
7.61834
6.84172
6.28698
5.8432
5.32544
4.47485
4.21598
3.99408
3.40237
3.40237
3.43935
2.77367
2.58876
2.25592
2.55178
2.36686
2.73669
2.58876
2.77367
3.06953
3.51331
3.92012
4.32692
4.36391
4.25296
4.54882
4.51183
4.62278
4.84467
4.40089
4.62278
4.62278
4.88166
4.5858
4.47485
4.25296
4.32692
4.47485
4.69675
4.80769
5.14053
6.21302
6.6568
6.47189
7.17456
7.10059
7.69231
7.72929
7.80325
11.9822
12.9438
12.5
12.3891
13.0178
12.7219
13.4246
12.9068
13.1287
12.9808
12.537
11.6124
12.6109
13.1287
12.3151
10.9837
8.76479
9.91124
10.9098
10.5399
11.0947
11.7234
12.0192
12.6109
15.9024
8.76479
9.24556
9.46746
10.0222
10.429
11.0207
12.2041
12.1302
9.5784
9.91124
9.72633
9.94822
10.2071
9.87426
9.8003
9.98521
9.09763
9.13462
8.50592
7.84024
8.39497
7.61834
7.21154
7.32249
7.98817
7.5074
7.35947
7.17456
7.39645
7.10059
7.2855
7.02663
6.28698
6.8787
6.36095
6.50888
6.47189
6.50888
6.91568
6.6568
10.355
10.9837
11.0207
12.0192
12.3521
12.537
13.7944
14.2751
14.682
16.3831
16.3831
16.716
17.7885
18.787
19.2308
19.5636
19.1938
19.3047
18.4911
18.4172
18.8609
18.787
19.0459
18.2692
18.713
18.2322
18.4172
17.5666
17.6775
18.3062
17.3817
17.5666
16.9379
17.4186
16.716
16.1982
14.2012
13.8683
13.7944
12.9808
12.0932
11.8343
10.318
10.0592
9.35651
8.9497
8.24704
8.02515
7.17456
6.58284
5.91716
5.80621
4.91864
4.80769
4.36391
4.10503
3.66124
3.06953
2.66272
2.44083
2.36686
2.2929
2.18195
2.10799
2.03402
2.66272
2.77367
3.03254
3.29142
3.58728
3.99408
4.32692
4.40089
4.43787
4.62278
4.77071
5.02959
4.62278
4.54882
4.51183
4.28994
4.47485
4.40089
4.43787
4.28994
4.17899
4.25296
4.25296
4.40089
4.84467
6.06509
6.43491
6.76775
6.69379
7.43343
7.69231
7.54438
7.32249
7.95118
12.574
12.0932
12.426
12.537
12.0562
12.0192
13.1287
12.3151
12.5
12.6479
12.6479
12.463
13.7204
13.3506
13.9053
14.571
10.6879
11.2796
10.2811
11.3166
12.0192
11.7234
11.3166
11.5754
7.98817
8.17308
8.80178
9.61538
10.5399
11.0207
11.1686
11.6494
9.94822
11.3905
11.3536
11.9083
11.7234
11.3905
12.1672
11.9083
11.9822
11.2796
10.7249
10.355
10.7249
10.355
9.83728
9.1716
8.13609
7.24852
7.39645
7.24852
7.43343
7.98817
7.39645
7.17456
7.72929
5.43639
5.65828
5.65828
5.39941
5.51036
5.76923
5.99112
6.50888
10.6139
11.0577
11.3536
12.0562
11.8343
12.426
13.2027
13.3876
15.0518
16.1612
16.1612
16.642
17.0488
17.6036
16.7899
17.3447
16.0873
16.1982
15.7914
16.1243
16.1243
15.7544
15.8654
15.8284
14.682
15.1257
13.9423
13.7944
13.4985
12.7589
12.8698
11.7604
11.8343
10.9837
11.0207
9.87426
9.35651
9.5784
9.50444
9.13462
9.06065
7.98817
7.61834
7.24852
6.80473
6.43491
5.91716
5.32544
4.77071
3.47633
3.66124
3.40237
3.43935
3.3284
3.62426
3.62426
3.29142
3.62426
3.66124
3.58728
3.77219
4.03107
4.25296
4.40089
4.25296
3.58728
3.25444
3.5503
3.3284
3.69822
3.58728
3.40237
3.80917
3.47633
2.99556
2.77367
2.51479
2.55178
2.03402
1.99704
1.77515
1.84911
5.69527
5.51036
6.32396
6.47189
6.58284
6.61982
6.76775
6.91568
7.58136
7.32249
7.21154
7.06361
6.76775
6.50888
6.61982
6.47189
4.47485
4.21598
3.69822
3.25444
3.06953
2.77367
2.62574
2.62574
4.77071
4.51183
4.88166
4.9926
4.9926
4.54882
4.69675
4.80769
5.76923
5.99112
6.54586
6.50888
6.36095
6.17604
6.61982
6.47189
6.32396
4.51183
3.84615
3.62426
3.99408
3.9571
4.54882
4.65976
4.65976
7.76627
8.72781
9.1716
8.87574
9.09763
9.50444
9.20858
9.1716
10.392
9.54142
9.43047
8.61686
7.80325
6.43491
5.76923
5.32544
4.91864
4.69675
4.69675
4.51183
4.73373
4.62278
4.51183
4.62278
4.91864
5.43639
5.54734
6.02811
6.13905
5.6213
5.58432
6.13905
5.6213
3.25444
3.3284
3.47633
3.29142
3.36538
3.77219
3.43935
3.18047
3.25444
2.6997
2.51479
3.18047
3.21746
3.10651
2.88462
3.21746
8.61686
8.5429
8.50592
9.02367
9.24556
9.31953
9.13462
8.9497
7.2855
7.5074
7.47041
7.35947
6.80473
6.10207
5.51036
5.17751
4.65976
4.32692
4.21598
4.51183
3.84615
4.06805
3.62426
3.92012
6.54586
6.36095
5.76923
5.88018
5.8432
6.17604
6.28698
6.28698
6.84172
3.88314
4.28994
3.77219
3.88314
4.06805
3.62426
3.58728
2.9216
2.21893
1.92308
1.73817
1.92308
2.36686
2.73669
3.47633
3.62426
7.13757
7.61834
8.17308
8.28402
8.61686
8.83876
8.21006
7.13757
3.43935
3.43935
2.9216
2.84763
2.99556
2.99556
2.73669
2.51479
3.73521
3.88314
3.51331
3.73521
3.51331
4.03107
4.36391
4.5858
4.21598
4.28994
4.14201
4.5858
4.06805
4.32692
4.32692
4.40089
4.62278
4.28994
3.58728
3.25444
3.66124
3.84615
3.92012
3.84615
3.80917
4.62278
4.43787
4.47485
4.51183
3.9571
4.32692
3.88314
4.21598
4.06805
4.25296
4.03107
4.10503
4.32692
4.54882
4.80769
4.62278
4.62278
4.73373
4.14201
4.32692
4.28994
3.9571
4.25296
3.9571
4.88166
4.88166
4.95562
4.91864
4.73373
4.43787
4.65976
4.51183
4.36391
4.91864
4.88166
4.88166
5.17751
4.84467
4.69675
4.91864
4.65976
3.92012
3.77219
3.99408
3.80917
3.99408
4.10503
3.9571
4.28994
3.92012
4.14201
3.9571
4.14201
4.06805
4.36391
4.25296
3.73521
3.73521
3.9571
4.17899
3.69822
3.69822
3.73521
3.58728
3.69822
3.66124
3.40237
3.58728
3.73521
3.58728
3.9571
3.69822
3.51331
3.51331
3.62426
3.47633
3.66124
3.73521
3.77219
3.58728
3.51331
3.69822
3.5503
3.47633
3.43935
3.43935
3.3284
3.3284
3.43935
3.18047
3.62426
3.3284
3.51331
3.51331
3.51331
3.36538
3.3284
3.43935
3.84615
3.51331
3.5503
3.43935
3.43935
3.40237
3.3284
3.40237
3.69822
3.62426
3.69822
3.47633
3.73521
3.3284
3.84615
3.47633
3.62426
3.84615
3.73521
3.58728
3.77219
3.99408
3.43935
4.14201
4.06805
4.10503
4.32692
4.14201
4.21598
4.28994
4.36391
4.54882
4.65976
4.14201
4.43787
4.36391
4.21598
4.36391
4.36391
4.28994
4.21598
4.03107
3.77219
3.73521
3.9571
3.99408
3.80917
3.80917
3.77219
4.06805
3.69822
3.88314
3.73521
3.43935
3.51331
3.5503
3.36538
4.06805
4.06805
3.99408
4.51183
4.21598
4.25296
4.25296
4.47485
4.40089
4.77071
4.84467
4.62278
4.69675
4.91864
4.69675
5.02959
4.69675
4.69675
4.65976
4.69675
4.84467
4.69675
4.84467
4.95562
4.54882
4.84467
4.77071
4.77071
4.40089
4.43787
4.40089
4.36391
4.62278
4.51183
4.43787
4.54882