66.1632
66.0712
66.725
66.3341
67.3586
67.4885
68.3596
67.9193
68.3037
67.9703
68.5367
67.6261
68.5698
69.0579
68.7758
69.4697
69.3246
68.6842
69.0551
68.0796
68.9509
68.6391
69.312
68.6661
68.8181
69.1618
68.1033
67.1784
67.515
67.9911
69.9157
68.5369
69.3392
68.9614
68.1185
68.706
68.7679
68.2251
67.64
67.8212
66.9878
68.7579
68.1191
69.2336
69.0273
68.9144
68.9292
68.3921
69.7024
69.1914
69.0739
69.4199
70.0565
70.973
70.3843
68.9043
70.2312
70.5991
69.5444
69.3609
69.0935
68.7764
69.4239
70.4212
69.4779
70.3704
70.2038
70.4001
69.634
69.1492
69.6735
67.946
68.2129
68.3672
68.0104
69.3465
69.1221
68.2838
68.2004
68.527
69.8471
71.1475
69.6452
69.3231
69.4297
69.5729
69.456
68.8888
70.1381
69.6998
69.4368
70.458
69.4843
69.9559
69.88
69.4176
70.2671
69.5495
69.6401
70.7572
70.6996
71.5065
72.0805
69.5807
69.7993
71.6507
70.5864
70.0667
69.347
71.1019
71.0911
70.9808
70.484
72.5308
72.4127
71.6644
71.422
70.6539
69.4149
71.1951
71.2485
71.8626
71.8856
72.1875
72.2736
71.9356
71.3765
71.4273
70.5003
72.3479
71.3386
71.565
71.5826
70.986
70.361
68.2597
68.0292
66.7801
65.8635
65.2124
64.7211
64.2446
62.8568
62.76
62.6519
62.3392
62.7149
63.7674
64.4107
65.4244
66.2903
66.5404
66.5081
67.3252
68.3368
67.3322
67.3309
66.2855
66.0472
65.8366
65.5608
66.7012
64.9811
64.5523
65.48
62.249
61.2107
63.6106
60.628
59.9319
59.4611
58.4509
60.4806
58.4142
59.8974
60.9772
59.8789
59.8875
59.633
61.1471
60.3511
61.7898
62.0862
61.3136
61.1223
61.5949
61.0172
60.379
61.5838
60.3909
61.2346
60.0667
60.1505
59.9501
59.6611
60.3417
60.2556
59.4321
59.2421
58.0375
58.1556
58.5073
60.3502
60.3207
60.0235
63.1752
64.9868
66.3795
69.6485
69.4223
69.666
70.3743
68.2727
69.9349
71.1143
70.2399
73.1896
73.885
73.8931
72.5197
73.1112
71.4849
71.1846
69.1446
66.0652
65.354
65.4439
64.0299
64.2262
64.2686
63.6226
63.2381
61.9104
62.0004
61.6978
62.1837
60.8186
60.133
59.8038
59.3066
58.757
57.7577
57.7957
57.547
57.3693
56.2996
55.253
54.5216
55.576
55.8147
55.4686
56.3919
56.6298
57.7336
57.1484
57.3422
58.1336
61.0235
60.7256
61.4687
62.0293
60.2253
60.9657
62.1577
62.8562
61.8111
63.9188
64.34
64.4862
65.229
66.1377
65.6723
64.0934
62.2696
62.4471
65.9737
65.1988
65.3782
65.6952
67.4956
67.7299
68.1094
69.145
69.0044
68.7906
69.7956
68.6682
68.889
66.9984
66.6042
65.9512
66.7666
66.3983
67.0319
66.2185
65.5406
65.6047
62.9107
64.5675
63.5306
62.9836
62.5769
62.2895
61.9706
61.9296
62.7527
61.9027
61.4234
62.2635
62.1418
62.6033
61.3188
60.0816
61.2826
61.3883
61.5822
62.5163
61.8614
61.5573
61.7905
62.5787
61.0935
57.7789
59.5104
59.8448
60.1161
59.8036
58.9228
58.924
60.5522
61.9076
64.0434
64.9569
63.6907
65.1004
63.8502
63.6901
62.5396
63.4782
63.27
63.0512
62.4757
62.3842
64.528
65.2678
69.2698
69.3289
69.9677
69.2376
68.8335
67.952
66.9602
67.2529
65.9561
65.5688
63.6332
63.7694
63.9439
65.0079
65.04
66.6888
66.4434
66.3614
67.1008
68.5927
69.2799
68.2086
69.3528
71.0712
71.4144
72.1893
73.7694
73.2607
74.1217
73.8057
74.3814
72.1258
71.694
71.026
68.8145
66.6014
65.0869
63.7099
62.7365
62.5699
63.4622
64.0273
61.4069
62.7799
62.045
61.0191
61.5322
59.9114
60.5654
61.241
60.717
62.1555
61.4079
62.4611
63.2602
63.4434
63.3018
62.8355
62.6768
65.4798
63.8098
63.9909
63.4462
62.6787
61.8969
62.0346
63.3241
61.8095
61.9078
61.1262
62.3784
62.9902
60.7871
61.6011
61.9765
62.1184
62.3266
62.2804
61.4743
63.1154
62.2949
62.8268
64.0921
65.3773
64.5895
62.6504
61.3886
62.175
62.4587
64.7188
65.4865
65.3491
65.5871
65.4004
66.9606
69.6378
65.6432
62.8393
64.7124
65.156
66.4921
64.2535
61.2399
59.5526
65.4283
64.7168
59.865
60.8402
62.1844
62.7215
64.3719
65.0942
65.3971
65.6782
66.0419
66.8809
64.0135
62.6349
55.3876
51.933
48.6544
49.5666
51.0933
51.6227
51.9573
52.5809
50.7826
49.6926
52.387
52.7317
52.9433
53.5276
53.6407
52.4477
52.5132
54.796
56.4318
58.6867
57.0744
59.4342
60.5663
60.9283
61.5506
59.1712
58.0691
57.8886
58.1234
58.7047
60.3017
61.2299
63.2829
62.7665
63.0738
63.0411
64.6391
66.955
67.2826
63.5901
57.4869
55.1681
53.6649
55.3873
56.4775
58.912
61.823
62.5604
64.4375
68.2639
68.5174
69.1831
68.5398
67.3354
67.762
66.845
65.8945
66.1205
66.1557
66.5892
68.4821
68.4864
67.865
65.9487
63.2394
64.3067
66.1315
66.6504
67.3086
65.4885
66.1087
65.8181
66.5487
65.2632
64.5341
64.1132
66.4413
65.1149
68.125
68.7431
66.3125
64.9892
65.2018
63.8537
63.8001
63.1042
62.1447
59.6206
56.7637
55.8565
58.3218
60.1915
61.5903
63.5532
66.1143
67.5765
70.7791
73.3048
73.1782
71.5507
70.3214
69.6634
70.5731
70.3322
75.4662
76.7944
73.999
69.3491
66.3454
63.1882
62.5903
61.351
55.2709
56.7683
58.0594
60.7874
64.5086
64.434
68.7149
71.3059
68.7745
64.4796
64.8692
64.6966
64.3102
62.5301
63.7513
65.1249
63.6554
68.6914
72.3983
72.3203
71.31
72.0245
71.3187
72.3
67.0036
62.6668
59.4125
57.1529
54.2028
53.5245
54.2231
52.9309
50.2672
46.0357
43.4337
44.1226
45.0119
45.5334
47.2264
50.7253
51.3484
57.1002
59.472
61.6983
60.3867
61.3488
60.8125
63.5983
61.7507
64.5857
65.1729
63.8584
61.7375
60.8491
59.92
62.4017
59.852
58.1103
56.2092
54.0305
52.088
52.7713
52.5372
53.774
55.1118
57.4256
58.1163
58.1979
57.4103
55.2604
55.3881
54.3677
52.4158
51.3795
50.4349
49.9121
49.6685
50.6616
54.0342
56.2999
57.2923
60.0614
64.0207
61.8145
64.0511
63.738
65.0373
64.8947
64.617
65.4368
65.7902
66.2225
66.3829
60.9085
61.9966
60.68
60.7445
58.2253
55.6813
52.1063
54.7389
57.225
59.4291
58.7426
58.9401
58.9315
59.2781
59.5074
59.4579
60.7431
60.2078
59.8526
60.0971
57.7172
58.1777
56.8097
58.1002
60.0424
60.237
60.269
58.2423
58.7835
58.877
58.972
60.4659
60.3474
60.2347
59.743
59.4515
60.4531
60.911
62.695
64.3161
65.2202
64.0251
64.2981
63.7579
63.7685
61.4494
60.8217
58.2912
55.9627
53.9168
52.0474
50.2524
49.5729
48.4859
48.3011
47.1494
46.5118
46.5065
45.7923
46.7888
44.5591
44.2919
43.8754
44.3929
44.2157
43.3638
41.9156
40.7667
40.2958
40.6883
40.6543
41.1197
42.0644
41.7454
41.2598
40.7361
40.7466
40.0465
39.1688
39.9658
41.1067
41.6388
42.268
44.5849
44.9997
45.1929
45.2015
44.1963
44.4718
43.587
43.5907
44.9528
51.1886
50.456
49.8551
48.5407
41.7233
40.4879
39.578
39.4708
39.2529
39.2041
39.502
39.4574
40.3508
39.9122
40.3436
40.143
40.2944
40.4336
42.6735
42.8297
45.1718
42.2257
42.543
44.759
44.5309
44.9911
42.3343
40.295
39.6691
39.2385
41.7427
41.7792
42.8092
50.8661
43.2801
42.1381
45.3204
43.6096
42.3611
41.3807
39.761
39.8031
39.4635
40.3314
39.1238
39.2828
57.2997
39.7902
39.4202
38.2737
37.7083
37.1541
40.781
51.2615
52.5541
50.0208
38.1771
44.6941
42.4548
39.7178
39.354
38.4847
36.8516
39.8897
64.2601
63.6003
63.533
62.8098
62.2439
60.7196
57.1047
38.8138
38.6108
39.124
39.3027
39.9372
40.5163
41.3041
41.4978
41.5979
41.6155
41.8869
42.2016
42.4151
43.2537
44.3906
45.1456
46.3163
46.3682
45.9468
46.5023
46.6296
47.1018
46.115
44.0752
42.5808
42.2485
41.7021
40.5372
40.6605
42.0475
41.3953
42.3092
41.4347
42.2935
42.1748
42.3878
43.5919
45.1553
45.9055
46.7189
47.4957
47.8034
48.6726
49.2046
50.1557
50.3089
50.6752
50.6971
49.4412
48.4842
48.3733
48.5924
47.909
46.9624
46.4716
45.5343
44.4811
42.9303
43.2252
42.6707
42.0839
41.7527
40.9821
40.2588
40.1915
39.6237
39.7672
39.692
39.9705
39.2515
39.3942
38.7302
38.8271
39.8992
39.3852
40.2202
39.6139
40.0331
40.3919
41.8081
42.6534
43.4085
44.6117
46.1356
45.2889
43.7754
44.2067
43.7787
44.4229
44.3986
46.1165
45.324
43.4642
43.5803
43.0914
42.9693
42.3422
43.1638
42.3555
41.8815
41.581
41.7997
41.707
41.7404
40.4584
40.49
41.066
40.4393
41.4258
41.8066
43.3983
44.2954
43.7175
40.6959
40.0599
40.269
46.8587
42.0284
40.9169
39.9401
38.3644
37.8229
37.9256
37.2607
36.847
36.8345
37.1863
37.1991
37.115
36.239
36.0892
36.5095
35.3117
35.2772
34.7847
34.2454
33.1805
33.1992
32.9732
32.665
32.5292
31.0185
31.4823
31.6788
31.7015
36.8734
36.2261
36.7053
35.962
37.2784
36.6525
37.1902
35.6594
37.6045
40.7977
39.6368
39.8515
39.5115
40.203
40.4279
41.6135
43.8621
44.1543
44.0184
43.5396
43.8437
44.4059
44.688
46.217
49.4843
49.2165
49.2651
47.8355
45.8291
45.6342
43.8132
44.5414
43.2139
42.1773
41.3941
40.6474
41.0736
40.6451
39.8928
39.8741
39.9884
38.0018
39.4093
38.7764
40.9103
40.558
50.1471
48.9929
49.5319
41.4487
39.7316
39.1236
40.637
39.3231
40.0613
40.2867
41.29
39.3555
41.1347
38.9629
39.4676
40.3764
41.2021
41.0575
41.2336
41.4415
43.0338
44.6229
46.7449
48.2484
48.2197
46.6228
47.0059
47.5347
49.0394
50.211
52.2262
51.766
52.0336
52.4668
53.9918
53.3295
53.104
53.199
53.9557
52.8751
51.8976
50.8142
48.4191
47.5609
47.381
46.5559
46.6592
45.6661
45.1239
44.7835
44.9643
44.7933
45.0233
43.3848
43.344
43.3032
43.3325
43.6773
42.2598
41.9832
42.754
40.2339
40.7315
40.9921
42.0309
44.1523
45.2503
46.5017
46.7189
44.8685
45.8849
45.741
47.0589
48.9194
50.2814
51.6816
52.9829
52.234
53.7981
56.3887
58.1755
59.6263
60.9805
59.1747
58.1511
55.4624
54.0215
54.0443
54.0694
54.6815
54.2885
54.0952
54.5893
53.7979
53.2416
53.0449
52.5544
51.2487
49.2116
49.8955
50.5476
50.09
48.7574
48.8585
50.1502
48.7411
48.6102
48.8275
47.6499
48.6446
48.7893
47.4747
46.7372
45.3601
44.5003
44.3325
42.9025
41.7099
40.3379
39.8778
41.5011
41.1865
41.0606
41.2142
42.5011
44.4915
44.8496
47.3891
46.7268
47.4028
48.0317
45.748
42.0282
40.2725
38.2224
37.763
36.7608
36.3723
38.1487
41.8593
42.4485
43.5068
48.3742
47.5569
46.4712
43.9853
40.6111
37.3031
35.2906
34.0163
35.5216
34.2222
33.9283
34.3825
35.1663
36.1797
37.6847
37.8048
38.1064
37.586
37.666
36.5352
36.3869
35.2194
35.8244
34.3998
33.8194
32.7018
32.2259
31.5864
31.2501
30.5945
30.3409
29.9826
29.5429
30.4313
31.7325
32.7822
34.659
35.6503
36.7175
37.9091
37.7371
38.4627
38.5424
37.9949
39.7412
41.701
42.6452
43.4115
45.0036
46.052
46.1518
46.6036
46.3101
46.2831
45.375
43.691
42.9071
41.9295
41.1514
39.316
37.9323
37.1296
37.0134
35.9468
36.1162
35.4676
35.645
36.4176
38.0676
37.6525
37.0245
35.9373
34.7187
34.3869
34.6118
34.1222
34.2411
35.0699
35.0117
34.7932
37.6883
35.7224
34.511
33.8532
35.1653
36.2462
36.9381
38.3502
37.8678
38.8161
38.1478
37.5764
37.5213
37.872
38.4562
38.6894
38.9994
38.431
39.1916
39.0195
40.5714
40.9047
41.2085
42.2983
43.5101
45.1521
49.8149
46.3802
52.5096
50.9933
48.3796
48.3109
47.8204
48.7954
49.7245
49.7601
50.2097
51.4785
52.0527
52.7668
52.5317
49.2743
52.983
47.8135
53.2826
50.2325
47.7615
45.3698
44.6742
51.6776
44.1253
42.2909
42.0372
42.2601
41.9317
42.0918
41.7566
41.519
41.1574
40.2614
40.2888
40.7355
40.7957
41.0445
41.009
41.3861
41.3386
40.8267
40.8982
41.0519
40.4573
40.3486
40.049
39.7755
51.0066
48.1566
49.916
47.5393
48.3902
44.8917
48.5451
47.7254
46.9394
45.217
36.3976
35.3416
35.7154
35.2724
50.3721
36.261
46.9076
46.18
37.2562
35.3615
42.9543
44.0929
64.3604
47.5791
49.2254
49.7299
46.8388
47.3163
49.0892
48.1331
49.2216
38.8832
39.6848
39.1236
40.5739
41.3975
41.729
42.4398
42.3363
42.309
41.9107
41.6365
42.0669
43.0641
43.7015
44.3268
45.9707
46.2528
47.3824
48.3569
48.953
45.5903
46.9335
45.5721
45.4569
45.3774
44.3073
44.4955
45.2367
43.5703
42.7612
43.2145
43.5817
43.3897
44.0265
44.1692
46.3485
45.8843
46.2879
46.0078
48.1465
48.787
49.5793
49.5269
49.516
50.2656
49.3928
49.5662
49.0836
48.4883
48.8519
47.8789
46.5955
46.4611
45.952
45.2171
44.9776
44.0293
42.9209
42.7359
40.4911
39.0152
37.8401
36.8039
36.5176
35.1145
35.9294
35.2473
35.3082
35.1734
34.8257
34.2047
33.3079
34.258
36.1766
36.9348
35.1423
37.1408
38.1777
36.1898
36.3103
35.1786
34.0442
34.3388
35.1818
35.2676
36.1846
39.2318
38.5232
40.2358
41.9393
45.7594
46.6117
53.6804
59.0744
59.5773
56.7402
52.8682
48.8421
50.0465
50.2594
48.8274
49.4461
50.5171
46.4684
43.811
43.9692
45.9835
45.2333
44.1099
43.4301
43.4371
44.273
45.1719
43.8786
42.8827
43.3886
42.3706
42.4101
42.6586
42.0174
42.2628
41.3587
40.6238
40.096
39.7485
40.8592
41.9334
45.1072
48.0257
47.0133
45.7366
47.0774
45.7847
46.5807
48.2118
47.6757
47.878
46.9261
48.772
49.9214
49.2891
48.2021
48.3793
48.3579
48.2691
48.2954
47.4588
47.9844
48.115
49.5424
48.2551
46.6493
45.3743
45.7672
43.7257
43.5297
44.2563
43.7435
45.3174
46.137
47.7963
47.3145
46.9065
47.8714
46.6284
45.9294
44.0803
42.5093
41.2252
40.0266
39.3702
39.6223
39.6592
39.2386
39.8303
39.6447
40.082
40.5687
41.1656
39.6854
39.4555
39.2351
38.142
38.2053
38.5972
39.4658
39.4635
40.1467
40.3366
39.7817
38.7902
38.2546
38.0681
36.2082
35.3168
33.9233
33.0114
32.8999
33.0773
33.947
34.4242
34.9836
35.1339
35.8164
36.5384
37.994
37.0896
36.4466
38.5669
38.8472
38.9181
39.6079
38.7421
39.0937
38.5246
38.1105
36.7236
36.1768
39.3305
37.2136
35.9823
35.0743
32.82
38.614
34.9738
32.7143
32.0716
31.5525
31.6246
29.9867
29.979
29.2377
29.9438
30.8093
32.1393
32.7679
32.9181
32.1311
32.5538
34.3108
37.8
40.4677
43.2046
44.1671
44.1812
42.9296
43.5336
44.364
43.5525
46.5453
44.2679
53.2784
44.0257
43.7015
40.3416
40.2428
40.2209
39.5397
38.3244
40.2721
38.5784
40.0554
38.8569
38.8413
52.3489
56.1036
40.4115
41.801
44.896
41.0427
43.4055
46.1455
41.091
54.3685
54.8878
52.4737
51.9307
51.6666
49.1906
48.6935
47.4888
48.3697
47.4943
49.1049
48.3913
46.9706
49.2584
50.6602
46.9817
45.818
55.6931
59.6831
52.0492
55.5579
55.4497
55.8499
55.2409
53.5229
51.0614
50.3506
49.2905
49.0625
47.6511
37.0838
49.3584
41.6014
37.9811
37.9426
37.7112
36.5541
37.3103
37.3705
37.9315
38.235
37.6907
37.2452
37.5379
38.2932
38.6222
38.8771
38.8186
39.3292
40.957
39.7462
40.6836
40.2281
39.9458
39.2062
39.7695
39.1678
40.1717
39.5589
40.2864
40.0609
39.9026
38.7484
39.6734
39.2071
38.6567
38.5749
38.0634
37.8438
38.0586
38.4048
39.523
40.2909
40.4674
40.5904
40.9334
40.5069
39.9601
39.9983
39.4615
39.7087
40.1713
46.0703
42.0502
41.019
41.7074
42.4507
42.3606
42.4486
43.3054
42.5499
42.63
42.8476
42.0272
44.0284
41.0704
40.9204
40.8977
41.002
41.322
42.0302
42.4365
42.8954
43.1735
43.4968
43.7374
44.11
42.9755
41.9015
42.2394
42.7639
43.2871
43.8503
44.7389
43.6236
45.3932
46.1829
47.9507
48.3583
49.6849
50.9517
50.4929
53.1858
45.5411
47.0499
49.9866
50.8286
53.7881
53.4269
55.0013
53.249
51.2929
50.5641
50.6021
50.144
48.5431
48.4224
47.9308
47.0852
46.0849
44.3574
43.3596
41.7058
41.9884
41.0703
39.6708
40.1177
41.1217
41.2937
40.5741
40.8499
41.0336
40.4665
40.5674
40.2161
42.817
42.8043
43.4507
44.8966
45.6654
46.1962
46.7602
46.4913
45.8245
45.2204
45.4364
44.8878
45.2205
45.0119
44.4389
44.9569
44.4586
43.7383
42.7419
41.0934
40.363
40.4424
40.3863
41.5329
41.5326
42.895
43.1595
45.2496
46.2106
47.4688
47.6775
48.2119
48.5355
48.7169
49.4945
48.4038
48.601
47.8137
45.4678
44.8888
44.479
44.4634
42.8214
42.8901
42.0711
41.1739
40.5447
40.4971
40.3668
41.3559
42.2895
43.7175
43.983
43.0279
41.948
40.6265
40.1174
40.462
39.8198
39.2395
39.3604
40.7987
41.7378
41.7394
41.8925
43.3451
43.342
42.7317
42.3782
42.2703
41.8618
42.4696
42.6459
43.413
43.524
45.8309
47.3087
51.4544
49.95
48.0294
45.5808
46.2176
51.47
51.5238
51.9581
50.8
48.9644
47.8932
48.0114
47.9335
50.4709
48.9059
48.449
47.8979
48.4613
47.6036
48.0915
47.8694
47.094
47.6175
47.2666
47.6896
47.3628
46.7974
46.1784
44.3851
43.4425
43.0344
41.5149
40.8764
41.0473
40.7257
43.2125
43.6612
42.2032
44.8138
43.1482
43.3918
43.3522
42.9587
42.4606
42.8262
41.8499
41.7125
42.5934
42.3118
42.1636
41.7631
42.4488
41.0582
41.1255
42.0778
41.2936
40.098
41.2396
39.8505
39.7216
38.9887
39.1939
38.4424
37.8314
38.3341
45.9914
44.1458
44.0739
37.6926
38.8132
38.0283
36.1408
36.8113
35.8957
36.4926
40.376
40.6473
40.1241
41.7311
38.8784
40.9463
40.5042
41.1238
41.4184
42.529
43.3518
44.0007
44.4188
44.2155
45.152
45.1778
44.4092
44.0638
45.0622
44.6747
44.8458
45.7042
45.8854
46.2315
46.6665
46.1922
46.9948
47.2583
46.557
46.4118
48.0707
49.5196
50.3486
50.6936
51.1237
52.0861
51.0011
50.0363
50.4739
49.0823
47.3733
46.1766
45.2178
45.1337
43.9703
44.4163
44.6124
45.1409
44.4761
45.2191
44.471
43.8445
43.255
45.5215
46.8523
46.1267
47.295
46.0742
46.6641
45.0488
45.4029
44.681
44.0188
44.4745
43.963
42.9154
43.2824
44.6394
44.2836
43.7803
42.8952
42.648
41.4163
41.44
40.4203
40.3868
40.5947
41.1982
42.0644
44.2613
46.5939
50.5947
52.5137
53.2255
53.0644
53.2069
50.5695
51.536
52.2485
53.9883
54.5864
56.8125
58.4194
59.5181
58.9002
59.0151
58.2621
55.764
54.3968
53.4171
51.005
48.5081
46.5089
43.907
43.2619
42.6947
41.0165
38.0529
38.1948
38.7666
39.1784
38.662
39.3287
40.0759
40.1585
40.1428
39.4918
40.0289
40.302
42.5425
42.7054
43.4861
44.3565
46.9088
48.232
47.9091
47.9678
47.2524
45.9417
45.0455
43.2476
41.778
42.1818
40.1565
38.4536
37.4325
36.6605
35.8979
35.6321
36.0345
35.8885
36.7881
37.0944
37.6306
37.8459
38.8692
39.034
39.4026
40.5588
41.1215
41.5626
42.5493
42.8542
44.0302
43.1283
44.4134
44.0854
42.79
43.4653
44.3778
44.257
44.4153
43.5881
43.3453
42.1937
42.4352
41.0332
39.6066
38.2875
37.6028
36.1585
35.7956
41.3735
40.9144
41.4896
41.7611
43.8642
45.3684
45.908
48.0472
41.3046
46.4975
40.5828
38.015
36.6764
35.3296
35.2344
36.7499
43.6346
44.9995
42.242
41.8587
45.8427
39.9147
41.6262
43.0594
44.791
46.0345
47.4999
49.7859
50.6791
52.7958
53.7845
54.0344
54.8435
56.6568
56.3105
56.6702
50.7733
48.6511
48.7391
49.5608
50.781
51.2334
51.0155
51.2094
49.7411
49.4592
48.5071
48.7052
49.962
53.8979
57.0771
58.2298
54.9932
53.3848
49.6781
47.8479
46.4142
46.6522
44.9876
42.936
41.5451
42.1509
41.8879
40.5168
41.7047
40.0237
42.9785
44.6347
44.7098
40.9904
45.1701
36.8573
36.3679
35.9505
35.5643
35.4578
34.7339
34.7334
35.1298
36.1566
37.1398
39.5929
41.2389
43.1542
44.5365
45.8166
46.5401
44.4576
39.9596
38.7963
38.0957
38.9319
39.1291
38.291
40.2666
38.3636
37.7476
37.6967
37.988
36.7044
36.4609
36.1563
36.5567
53.5453
39.1609
37.9334
50.0749
50.4938
42.3114
39.7024
38.5611
47.0491
44.0871
46.7153
44.4545
42.2816
42.0064
42.6196
44.0205
43.7142
43.0253
46.2724
45.1733
44.9613
43.1271
42.2022
41.4951
40.6703
39.0997
39.1132
39.1576
40.3626
40.6819
41.1606
40.8991
41.4974
41.6923
41.6926
42.3323
42.3267
42.4599
42.5819
41.9542
41.6137
40.7145
40.6954
40.5647
40.6283
40.8857
40.4871
40.868
49.9408
44.3205
40.7972
43.8726
44.5304
43.4953
41.7832
41.0119
47.1864
46.1305
45.7114
40.4579
39.2883
39.4193
38.4237
38.0133
37.8168
37.1625
37.6522
38.153
37.3653
37.5882
37.5306
37.3795
38.0417
38.1953
37.4098
37.6344
37.6533
36.5
36.8761
36.4152
36.6318
36.7032
36.759
36.9052
36.7352
37.2984
38.163
38.8997
40.7537
41.1147
41.9414
41.6568
43.4995
45.3041
46.5488
48.3592
47.4311
49.6297
49.273
48.3261
49.1972
48.067
48.866
51.1013
51.1434
49.7101
49.9617
50.3253
50.4725
50.5361
50.2304
47.6946
46.0341
46.3251
45.4482
46.3453
44.9523
43.18
42.7934
42.9951
42.3172
42.5697
42.8803
42.1629
42.908
42.4626
42.2213
42.5179
41.8764
41.1828
41.0994
41.3559
40.8859
41.9999
42.4748
41.6156
41.9284
43.0428
42.0118
42.2773
42.257
43.874
46.8915
49.934
51.1619
52.0289
52.8164
53.13
50.734
49.1019
50.0703
48.384
47.3733
45.9532
46.0026
45.3024
45.8623
45.5687
45.5185
46.3996
47.2233
47.9143
47.6589
48.6071
48.8037
49.1673
48.8762
48.3365
47.453
48.4959
49.3048
50.5071
50.1338
50.1592
49.9042
49.4176
48.5428
48.1077
47.4382
45.8145
46.1345
43.2222
42.9836
43.6472
42.3454
41.6339
40.4112
39.6664
40.5968
42.0746
40.2191
40.8105
40.8253
41.0059
42.3894
44.029
44.3501
45.4731
46.3101
48.242
50.1035
50.2904
51.6621
52.7712
54.7721
56.984
57.1864
53.1106
50.5804
48.0372
44.3644
47.1175
48.8692
47.0542
44.3451
42.9576
43.2783
42.7767
43.0912
43.4448
44.2236
44.0578
45.1948
44.2452
44.4168
45.1897
45.4585
46.0451
46.256
47.0892
44.5859
45.1804
44.675
43.3945
43.9128
42.8395
42.7764
42.3419
42.4399
41.5711
41.0774
41.1176
41.0559
40.0131
39.2314
37.4817
37.0201
37.0651
36.3308
36.086
36.4687
34.877
35.8827
35.8885
35.5424
35.6107
34.9342
34.3256
33.8301
33.9369
33.454
32.5081
32.7584
33.5614
35.4626
37.327
38.2083
38.983
39.8129
40.5396
41.5484
42.4495
41.7756
42.0529
41.2808
42.0227
42.0333
41.0204
42.016
41.902
43.6265
43.1867
46.1357
45.2452
46.1014
44.8591
48.276
44.2823
44.7911
44.7225
45.1036
44.8523
43.9628
44.6393
43.3509
41.5682
41.1116
40.9622
40.6843
40.2511
39.8747
38.6111
38.4937
38.7939
38.1131
37.6296
37.299
37.4551
37.5749
36.74
37.3623
37.386
37.4426
37.7154
37.5179
37.7634
38.7223
39.3963
41.957
44.1138
45.8123
47.0369
48.9498
50.403
51.7328
51.2617
50.7947
51.0335
48.8679
47.2298
44.3839
44.1126
45.3791
45.7625
45.4703
47.6917
47.6775
49.825
51.2642
52.1345
53.0358
52.2885
52.6392
52.3473
52.0445
52.337
52.2812
51.403
50.5907
49.5546
47.9191
47.6352
46.6969
48.068
46.9161
47.742
47.8129
48.0984
48.8188
50.0617
49.3025
50.4557
50.9825
51.3426
49.0835
48.4953
48.5985
48.7739
50.3036
50.2492
50.1168
48.3991
48.4733
47.525
46.817
47.2856
46.945
46.0425
45.4153
45.3734
44.4147
44.8743
44.182
44.9068
45.3309
45.141
46.2687
46.5464
47.4432
45.6113
44.6803
45.4328
44.7468
45.8484
49.0947
50.2971
50.0282
51.2502
51.4173
50.1614
49.5493
50.0704
48.4643
48.4094
48.1747
47.6412
47.6627
48.3916
48.6762
47.741
47.7755
50.4724
50.5555
50.1028
48.5176
47.7362
46.1955
44.2344
41.4595
39.2944
38.3059
38.3208
39.3187
40.3064
40.9512
40.2916
40.0358
49.7111
48.7531
42.1395
42.8372
41.2197
50.3637
42.3313
42.153
41.2857
40.5851
45.2987
41.6093
42.829
43.1615
40.5258
41.6301
38.8354
38.985
42.0773
39.0619
38.7747
38.7219
38.8676
45.2667
37.4531
37.8271
37.04
43.8225
36.6625
37.1857
38.1471
42.4355
45.2033
46.7669
49.2843
51.5521
53.553
54.607
55.5738
56.8577
58.253
59.6102
62.0311
61.3329
60.3607
63.3016
56.1154
54.6584
53.4293
55.3946
56.3284
54.6155
54.4013
55.2709
52.364
48.4346
49.2755
50.0155
49.8242
48.7347
48.823
47.3978
47.3905
46.7606
46.2085
45.7134
46.3087
46.4951
46.4022
46.9173
47.5307
47.1534
46.5055
46.8519
45.9988
45.9535
46.1551
47.0465
46.6249
46.5771
45.1975
45.6495
44.5533
44.7963
48.3134
50.1446
50.0841
48.5054
44.1952
41.9626
41.8537
43.0467
44.2699
45.2775
47.3107
48.9294
51.5364
51.9758
53.6235
52.8558
52.606
52.7615
51.1833
51.5947
50.3806
48.133
45.3086
46.4815
44.295
43.632
41.7799
43.1193
42.8877
43.3169
40.6488
41.532
41.174
43.7694
43.4533
42.6968
42.1939
42.3692
42.0829
42.3135
41.2296
42.3601
40.3437
41.2707
40.7455
41.7192
40.9932
40.7877
42.7763
43.3975
43.5502
39.2468
38.8731
52.0323
56.5662
59.8235
53.0778
50.3385
49.7039
50.9816
50.2768
33.2757
33.013
31.9849
34.6642
35.9915
39.2133
39.088
40.3379
40.736
42.1292
44.591
45.2803
47.6791
49.9643
52.9231
56.3864
59.3598
60.0607
62.6035
62.2799
60.8382
57.0662
56.0296
55.4115
51.6161
52.3856
51.0257
49.5175
46.3553
43.8619
43.8484
45.0354
47.193
48.2814
47.9806
45.2504
42.9858
42.9474
43.4949
44.2853
43.6754
44.2747
43.4226
42.4934
42.3065
40.7618
40.0862
40.3564
40.5021
50.1018
53.4368
40.0807
38.531
36.5629
35.6451
35.7949
35.8933
35.6773
35.603
35.2851
36.4728
37.7531
37.5261
38.0922
40.1992
41.6293
43.5344
43.563
45.3927
43.0085
43.8601
45.2404
46.0833
47.8437
49.6287
48.4906
48.24
46.2999
46.7088
48.2795
48.1385
47.7835
46.7273
46.4683
46.0045
45.7598
45.0213
45.1573
45.1166
44.596
43.4892
43.4029
42.2594
41.8681
42.2976
41.0749
40.659
40.3377
40.5908
40.3508
39.4969
39.2588
39.4688
45.5282
43.1639
58.3788
38.7633
54.2405
53.7461
44.3452
40.8078
54.1088
54.8221
56.2256
53.8398
50.2728
59.7372
59.6953
59.4531
59.7812
53.3653
53.4369
46.5969
46.7463
45.9156
43.9705
44.1365
44.1804
51.9213
49.6135
44.9302
45.465
43.5245
43.5805
43.5401
41.9407
42.4503
41.3744
44.608
45.9852
40.9156
48.1434
47.0295
46.9639
45.4395
38.4179
36.6237
41.8507
40.5799
38.0358
37.0194
47.8109
47.553
45.8017
46.1651
44.4237
42.8744
43.5339
47.3031
45.838
44.9941
44.2023
45.4389
43.6024
42.9626
41.8651
41.5601
40.8752
40.5787
40.4973
39.6794
40.6909
40.6307
41.4301
42.4068
41.0863
41.1804
41.5321
41.8071
41.3879
41.7499
41.7799
41.8027
42.2622
42.7812
42.5824
42.9321
42.7221
42.8712
42.3093
42.7517
44.085
45.151
46.7273
47.1737
47.5065
46.462
44.7911
43.6844
43.6485
43.4584
44.4978
45.1828
46.5333
47.9799
49.2114
50.0223
50.1005
50.0451
49.4464
48.3123
46.6458
46.9461
47.0135
47.661
48.0661
49.4393
50.9667
52.0261
51.3306
48.3759
48.7022
49.6712
48.4861
46.8355
46.0109
44.488
42.5843
41.7245
44.0188
45.1558
43.9568
39.6104
38.6982
38.1594
39.0569
41.4081
43.034
44.7142
45.8021
45.3443
45.3991
45.8758
45.5015
45.7362
45.7851
44.4269
44.3759
43.9651
43.2069
43.4187
44.1596
43.004
42.0348
41.3898
41.4074
40.8594
43.356
45.7955
47.1025
48.0413
46.8991
47.1506
47.4413
47.7027
50.6543
53.6425
55.026
55.4034
55.6261
53.9834
54.6869
56.3568
57.5123
57.7137
58.1861
57.1173
55.9287
55.979
54.532
56.6591
55.4204
53.9412
55.0673
55.8875
55.2353
53.3299
53.4355
53.694
53.5509
53.6934
54.4951
53.5121
53.7618
53.2221
53.3452
52.1167
49.6109
46.7612
44.8749
43.5986
43.856
42.1556
43.0018
42.591
42.6717
43.0725
42.5075
42.9151
43.2637
43.3025
44.7388
44.9498
45.8067
43.92
43.2695
40.7948
40.4154
39.7223
38.9923
38.2698
37.4731
38.1061
38.7867
39.4546
40.6073
40.4508
40.9075
44.3193
44.4657
44.6608
44.332
43.2666
42.4122
41.3766
40.7924
39.997
39.7315
39.9297
39.0508
39.2913
38.6423
39.0843
38.5865
38.5693
39.0482
38.9562
39.8934
39.5816
39.1502
39.271
41.0801
42.199
41.7654
40.7125
39.4768
39.141
38.2257
38.216
40.9009
37.7974
41.0103
39.2462
37.6204
36.743
35.7426
34.6793
35.0771
34.6981
34.6354
34.4718
33.8613
33.7839
33.5758
33.0817
31.2061
30.1977
30.0097
29.7041
29.5221
30.1008
30.9685
31.7014
31.6198
31.6656
31.4915
32.2729
33.4139
34.5859
36.2371
37.6532
38.714
39.0177
38.5224
38.6711
39.7726
40.708
40.4108
39.5318
37.991
37.8355
38.4547
38.1755
37.022
37.0021
37.8645
38.5532
37.7466
37.041
36.7757
39.5811
42.209
44.3565
47.4612
50.0221
51.8535
52.3545
52.0044
51.4431
50.3892
49.7106
50.715
51.4673
52.4213
51.7147
51.9836
50.3848
48.615
45.693
44.8883
44.6068
45.4058
42.7476
42.6392
43.5221
42.6011
41.8447
40.7905
41.3476
40.7191
40.021
39.3828
40.1502
39.081
38.4633
37.441
37.2356
37.1031
36.645
37.6563
38.2855
37.0946
37.7935
37.2443
37.7464
38.6596
38.8192
41.4043
42.558
42.8759
42.2781
42.7871
43.1696
43.897
45.2694
45.8415
47.0083
47.4769
47.9056
47.3831
47.5421
48.1693
47.944
49.1789
47.1695
46.5468
46.0686
45.9784
45.772
44.7053
44.7942
44.1033
51.2484
57.8237
57.2732
43.6541
43.6812
42.8273
42.379
44.0608
41.9836
41.4707
40.4553
40.261
40.1184
40.1881
39.9955
40.2235
40.3594
42.5727
42.023
43.0852
43.874
45.7019
46.7157
48.4198
50.0709
50.5872
51.1554
51.7838
51.6043
51.3366
51.6415
51.9695
51.2623
50.1475
49.8225
49.2297
49.4294
48.8371
49.2792
47.876
45.398
44.9255
44.5624
44.2146
44.3541
42.9533
43.4104
41.5298
41.7579
42.6991
44.139
45.2912
45.9324
46.8922
48.5882
46.7678
45.0687
44.9148
46.1272
46.6543
46.6339
46.106
46.3286
46.0105
45.2893
44.9191
42.8721
43.0958
42.1165
42.0269
42.1922
42.2025
41.3573
45.2388
41.9684
42.4248
42.5153
41.6699
43.2591
42.7877
46.8049
47.8455
49.1928
50.0121
50.3756
51.3266
51.9787
53.6384
54.582
54.7073
54.2915
55.4595
55.6115
51.1317
51.7874
50.6319
49.803
50.0808
49.7021
50.0001
50.4917
53.4532
53.2875
50.9779
51.0533
51.1766
51.2695
51.6188
51.7241
51.0621
51.3863
52.2544
51.352
51.8006
50.2026
51.1324
51.5188
51.087
49.339
46.575
44.6865
43.6697
45.3784
45.1331
44.4906
43.9617
42.9223
42.9395
44.5995
46.0041
48.2808
50.3133
51.7379
53.9795
56.2536
56.5344
53.9477
52.359
50.7003
50.1318
48.8559
49.3756
48.8248
48.4301
47.2545
45.6877
43.5759
43.6227
44.6139
42.4186
42.4282
42.756
42.701
42.2403
40.3313
41.6689
40.802
40.7591
40.7718
40.2181
39.1782
40.3915
39.7513
37.7736
35.8352
41.8006
31.5696
32.6857
33.6183
33.6782
34.0729
36.9224
37.0286
36.6392
37.0763
39.0016
40.8424
42.3617
43.1986
43.7231
41.611
39.6545
38.8122
39.5377
40.2539
42.5288
44.0743
44.4238
43.613
43.6899
43.9733
43.3395
43.5109
44.3493
52.0151
41.4693
51.9651
50.7554
51.3401
50.2379
49.6632
48.6904
48.3264
46.972
44.9538
44.4427
42.936
41.9182
40.787
40.4605
47.5362
47.9453
47.5396
48.685
47.2177
39.1528
43.5648
38.9995
40.2367
40.3802
42.1417
42.662
40.8333
41.0474
42.5967
42.5368
49.9206
50.896
50.9397
49.5038
42.5956
39.9969
51.1543
38.6028
39.2142
38.3729
46.0525
44.384
39.5825
39.3758
38.1116
38.4851
39.9155
41.774
41.912
42.4707
42.5014
47.2982
46.09
43.9887
40.466
39.8848
40.9542
40.0584
39.0573
38.8571
38.806
37.6624
37.8429
37.9923
37.5921
38.0455
37.8255
38.3942
39.006
39.2059
40.1464
40.0187
40.7392
41.215
42.5633
45.694
46.8851
47.7042
47.078
46.3078
46.8201
44.8054
44.1681
43.7032
44.1576
43.8177
43.8066
43.388
43.2119
41.4473
41.2352
41.4804
42.8378
46.1714
43.2249
41.5101
41.582
41.9763
42.2947
42.3705
42.6904
42.8578
43
42.7425
43.3181
43.3359
43.1992
43.4397
43.7527
44.0869
44.1124
44.7529
43.9764
43.5999
42.3321
42.26
41.5922
40.6109
40.1803
39.7908
39.8237
41.231
39.2439
41.0947
42.2415
44.4811
40.4042
41.1304
39.5701
38.9024
38.4723
38.2803
37.26
38.0174
38.4572
39.5623
40.5552
41.8862
41.2554
42.5097
41.6798
41.9995
44.1815
44.6756
44.0963
45.4922
43.8334
42.2451
40.475
40.0907
39.7673
41.8646
42.4157
43.0775
44.5239
44.8944
45.8664
44.7978
44.6404
44.3036
42.8852
42.9239
43.9312
43.1895
41.7396
39.9393
40.633
40.0692
40.0261
38.4283
37.6974
37.7633
37.6106
37.2894
38.0192
37.9813
37.8789
38.0302
36.3878
37.5866
36.8259
37.4144
36.9134
36.8991
39.125
40.6921
42.9739
44.8939
47.2265
49.481
50.5343
51.0872
52.3816
53.2956
54.3124
54.2513
51.6773
49.0052
45.5355
45.1029
44.9975
45.7753
46.5186
47.6566
48.2384
48.8101
48.2935
47.7954
47.0313
45.7756
46.9055
47.7922
46.5927
46.5684
46.2863
47.173
47.0716
47.4698
46.7547
44.9777
46.0067
44.4268
43.1209
42.6516
42.5185
42.1673
42.3476
42.4362
43.051
42.9944
41.8934
41.4772
41.2426
41.46
41.6962
42.3483
42.3661
43.0802
41.7668
42.6548
41.7643
41.2471
40.5164
41.204
41.3051
44.0702
44.3235
42.6525
43.61
45.0811
44.6296
45.6583
46.9696
47.0999
48.1701
46.6989
42.9527
44.8767
43.2988
40.0804
41.2967
37.8529
37.2707
37.7249
36.4696
37.4183
38.2003
37.9003
38.0019
38.6579
38.4769
40.2756
41.3863
41.6888
42.8062
45.3327
47.9665
51.2257
54.8345
54.5236
55.8694
53.8024
50.3016
50.0698
48.5235
48.1346
47.5766
48.5837
48.9339
49.0404
50.2292
52.0023
50.981
50.1428
51.9092
50.1897
48.5004
46.8902
45.0626
43.6297
43.16
42.2442
41.2392
39.6367
38.6713
36.7122
35.9976
37.2006
38.2248
42.8749
44.8175
43.7024
42.028
39.7122
37.32
35.0075
33.5087
32.6281
32.609
33.0582
33.834
34.1734
36.5737
34.2236
34.7189
35.6437
33.4522
33.128
34.1879
34.5713
34.8851
35.2413
37.1437
36.9952
38.0947
41.4546
42.3663
43.3664
43.8066
43.035
45.5951
46.2081
44.2056
57.0943
44.5071
45.9656
45.639
45.4023
46.3374
46.0195
45.1676
45.0524
44.4496
45.3736
44.8471
45.3915
45.5175
46.299
47.3465
48.9197
50.0676
48.6411
48.1153
47.6298
46.5458
46.035
44.648
44.1711
44.0961
42.1012
41.077
43.6819
43.0654
44.7455
45.5372
46.3876
47.7196
48.1547
46.8763
48.2959
46.0626
42.1556
39.4133
41.7923
42.8379
40.1433
45.7665
45.0736
39.3461
37.4921
36.3211
36.5632
64.2309
44.0414
41.6899
40.7811
37.405
40.8828
37.5776
38.6401
40.3749
39.3728
39.1082
40.4531
38.5073
37.4248
37.761
37.9171
37.5466
56.4084
48.1315
48.9469
59.2634
55.0765
47.3664
39.3389
46.3681
46.5944
45.6235
42.8411
52.7251
41.0951
50.212
41.0404
55.6908
38.9968
41.562
38.5074
39.9846
37.9545
39.0073
43.3946
57.8492
54.559
44.7308
51.05
49.8751
49.6014
56.0719
48.3006
49.5634
37.0189
36.2528
37.0611
36.4061
36.4259
45.0062
62.5656
52.0581
44.3657
42.1999
39.578
50.3448
39.1834
37.7087
52.4722
38.0007
37.0404
37.3814
37.4817
38.4207
38.2809
39.022
40.9496
42.6375
44.4482
43.9821
45.6359
45.7787
46.9743
46.9511
46.3254
46.8402
46.4165
44.7372
45.3867
46.0665
45.2398
45.2337
45.5102
45.6503
45.6577
45.2665
45.385
45.0428
43.8978
44.0509
43.9578
43.8761
44.1472
42.9276
43.0675
43.1253
43.1974
44.0818
43.3689
42.9076
43.7547
43.7741
43.1442
42.2545
43.1397
43.3276
43.9172
44.2165
43.6047
44.2629
44.7615
44.0641
43.4102
43.1454
42.7795
41.411
42.7288
43.6169
42.6323
42.8744
42.4586
42.16
42.2466
41.8506
42.1029
42.8426
43.5977
44.7838
47.0837
49.1746
51.0658
53.2322
55.8995
57.4066
53.6992
55.5261
55.1652
52.7622
52.7899
53.0444
53.9442
54.1239
54.8492
55.5641
57.459
57.4879
56.1129
54.8661
55.264
55.8453
53.2457
51.324
50.1829
47.47
45.5257
43.7029
42.1358
41.2283
40.7115
40.2869
40.8954
42.3635
42.8254
40.8851
40.767
41.6628
41.0766
41.1689
41.0003
41.5536
42.841
42.4389
41.3295
41.021
42.0189
43.8849
45.225
46.4682
45.7742
45.836
46.229
47.2817
47.3802
47.4817
47.3324
46.1436
45.9182
44.9038
43.6394
43.7583
43.3981
41.5056
41.395
41.2109
41.7677
41.2689
42.3257
42.4949
43.069
43.6341
43.7838
42.5075
44.0724
42.4248
44.1502
43.2674
41.3788
39.7411
39.1062
39.1433
38.5854
38.7122
38.8426
38.8899
38.4087
38.5186
38.7065
37.5413
38.5931
36.5024
35.3124
35.4592
35.8945
35.3076
35.9076
35.7258
35.2578
40.9253
39.7783
37.0597
40.2145
34.1752
40.5176
43.8722
54.5565
50.9125
48.1945
54.2556
41.6508
37.3953
38.4968
39.3346
39.9462
41.8079
43.797
45.5531
47.8115
49.38
51.0202
53.4577
54.2867
54.9232
53.215
53.7502
54.9059
56.2385
57.7949
58.0295
58.0067
57.1915
53.4424
51.5491
49.7709
48.8296
48.5477
46.9987
48.6414
48.1961
49.1576
48.3296
53.9344
54.9955
54.315
52.1836
50.8865
60.0614
53.9878
49.5521
47.7778
48.5825
48.0221
47.3348
49.3694
42.777
41.6813
42.706
39.0928
37.7808
36.7322
40.5194
40.7965
40.4384
40.5022
39.5439
39.6275
39.7986
40.2204
40.7612
40.5926
38.9177
36.9768
36.7143
36.3351
35.5233
36.6427
37.3847
38.4921
39.3385
39.5241
39.8317
43.612
43.1493
42.4385
45.6506
53.893
55.3459
51.8733
48.3234
55.3844
41.8585
43.3495
43.2964
43.9675
43.4434
42.8874
41.767
43.0037
42.9451
42.6545
42.6236
42.1513
45.1722
46.7321
48.7459
41.3893
41.7697
42.683
49.467
44.9899
42.3201
41.909
46.3717
46.0684
45.4283
41.4878
41.9292
41.5914
42.4086
43.9705
44.264
45.5276
45.7404
45.8424
45.5699
45.3019
43.8838
44.3814
45.0343
44.5875
43.6561
44.0438
43.9506
44.6412
43.152
43.4629
42.1457
41.619
41.5382
42.1632
41.6165
41.7413
41.7475
41.8306
42.411
42.6758
42.5414
43.0919
43.6192
45.0401
44.8576
45.742
47.4007
46.9449
46.313
45.698
45.2435
46.6174
61.3342
62.5777
64.5155
60.9713
59.0572
56.6173
55.4727
55.1515
54.1503
54.9766
41.8618
42.6729
54.3427
49.5079
56.734
63.0406
58.3292
54.3417
42.7549
43.6586
41.9578
48.9979
43.7997
41.1198
41.4235
42.1347
44.8217
44.9491
53.0585
52.7573
52.2249
70.7184
54.7086
47.6278
45.3899
48.5969
51.3491
53.3605
47.328
47.1893
46.7741
46.8354
45.4233
45.3997
48.6685
41.3764
41.3388
62.219
46.2957
50.7216
48.1381
50.0975
49.1451
43.9379
41.4937
42.0647
41.2338
41.0534
40.8404
41.4028
43.6321
40.8062
41.0704
40.6977
39.8799
40.0826
41.2431
40.4909
38.8447
37.3845
36.4437
36.5603
36.8083
36.713
37.7623
39.1596
41.2836
42.2409
41.3665
39.9902
39.5752
41.3389
41.3456
41.7183
42.6581
42.5523
41.7436
42.8009
43.362
44.9089
45.3358
47.4242
47.9827
48.1883
50.5116
51.133
50.2746
49.2214
48.4302
46.7285
44.9799
43.1841
39.4546
37.7415
36.2132
36.2457
36.1129
37.4517
36.4539
35.3276
35.3335
34.7689
34.7591
34.2513
34.4753
35.4563
35.7838
34.8895
34.3351
34.46
35.8167
34.0155
34.6703
34.1073
33.6269
33.571
34.4771
36.0594
38.8317
42.8272
44.1393
46.3195
47.125
52.9963
55.0299
54.3603
47.5477
45.7158
43.7392
44.7599
44.2357
43.4432
43.0772
43.9318
43.4596
43.6354
43.4197
43.7476
44.9646
46.2535
47.7945
49.2093
49.6982
49.0455
49.6437
49.5849
49.4078
49.6032
48.3358
47.4897
46.0501
45.2845
45.2446
46.964
43.9861
42.5242
41.0242
39.3505
38.6544
38.7904
39.4346
38.6997
38.2336
36.257
35.045
35.1949
34.8018
34.9198
34.6252
34.0942
32.7133
32.9473
33.3004
35.175
33.7582
35.043
34.9472
33.7099
34.4843
34.7726
33.637
33.13
32.3464
33.9804
34.3728
35.8466
37.3926
38.5759
40.6895
42.1752
43.7709
45.3653
46.9541
47.7592
47.117
47.8605
46.4406
45.0125
43.9457
43.178
43.3631
43.3813
42.539
42.6162
42.6424
43.1366
42.8564
43.7207
44.3799
44.9645
45.4577
46.6597
46.8271
46.5553
45.1965
41.9304
40.4946
37.683
36.7289
35.8712
35.6608
36.0909
42.5831
53.5763
48.0285
56.1374
43.7995
48.3021
41.7254
41.8897
42.9201
38.3626
45.0697
37.2131
37.6052
41.4141
41.5385
38.6667
40.5067
40.3779
40.8538
41.2517
41.8771
42.1201
41.0369
42.4662
41.3006
40.4389
41.1969
42.4385
42.8529
41.697
40.2779
40.3068
38.9382
38.9007
39.8996
38.6321
37.7031
38.3597
38.4392
39.6411
39.266
39.3872
40.6033
40.5325
41.4378
41.2232
42.4704
43.544
44.2411
45.1074
46.3342
47.8012
49.6307
50.0947
48.4039
46.9889
48.0561
46.3499
46.0163
44.9472
45.0697
46.7114
45.3062
49.5613
43.1976
43.2048
42.4719
41.9934
42.4524
42.2998
42.6801
42.0763
42.8324
44.8246
43.3951
44.9613
44.4553
44.572
45.1376
44.2197
44.5087
44.4789
45.705
45.4885
46.5237
45.3205
47.1412
43.2866
47.3734
43.5792
45.8291
47.2411
38.7532
41.3386
39.8152
38.0922
38.8065
37.3461
37.6232
37.4485
38.1827
38.8113
38.4742
37.3817
36.7634
44.9957
36.6001
43.225
47.7848
59.8151
46.99
46.8442
46.7541
46.8409
45.856
51.1522
50.1634
48.9135
50.4782
47.2413
42.3844
46.3006
45.2165
43.4329
42.4169
41.4868
38.685
37.8655
41.0928
42.68
40.7728
40.6478
39.938
40.0455
40.9179
40.4564
40.4308
41.5983
43.633
42.159
45.6664
51.9672
41.6107
42.9658
46.0109
42.5682
40.6606
42.522
39.6257
38.6329
47.8282
40.8697
46.4433
38.8254
44.8394
44.1666
42.7183
37.7214
44.1475
40.0006
37.6837
37.8949
37.7185
38.4356
38.6026
39.4112
38.6951
45.1994
43.6028
45.6839
38.1024
37.6967
37.6803
36.7102
49.315
37.2567
48.6482
37.3447
37.0699
44.6069
37.6132
42.0266
47.5469
42.9336
45.4529
40.2907
41.5167
41.9473
42.1265
42.2485
42.0403
41.7355
41.7383
42.0707
42.4759
41.9419
42.0842
42.8773
42.2196
40.4869
43.695
44.8713
44.2235
41.9785
40.202
41.4237
40.4408
39.3862
39.1157
38.3795
34.761
35.924
36.5443
39.9703
41.2217
42.1364
42.9298
43.4105
43.396
45.2694
46.1947
47.4001
45.3339
45.5184
45.2213
46.2151
43.2562
43.7164
43.5316
44.1551
44.0742
44.5235
45.9114
45.0323
44.7786
44.3827
44.3448
44.307
42.9698
44.4146
43.3466
43.5352
44.1874
44.7988
42.3089
40.8351
41.4275
42.2073
42.7037
43.3996
43.5671
45.596
46.1484
45.0989
44.215
43.3836
42.3325
42.7677
42.6651
42.6853
42.9687
43.6075
43.8669
44.5626
45.0098
45.788
45.2075
44.6693
45.289
45.6358
45.5621
46.4847
47.3107
48.2517
49.6928
50.8783
51.592
51.6923
51.2125
51.1614
50.2994
49.2994
49.2157
48.8809
48.4961
49.0791
48.9507
47.7014
48.0059
47.3101
47.4937
46.2371
45.3383
44.4188
43.078
42.687
42.4937
42.6277
41.9781
41.2666
39.5123
39.8901
40.6511
39.8692
39.4192
38.22
40.8268
40.3434
39.534
40.3758
41.3035
41.6087
43.7332
47.5127
50.5064
53.0644
45.7868
47.9436
48.9151
47.7489
48.1925
48.861
46.622
46.8379
42.9825
41.9145
39.8246
69.3933
72.3542
45.9039
70.5635
65.9028
65.2173
53.7312
52.3685
37.0871
36.5584
37.08
35.4573
33.216
33.0922
37.9944
38.2337
40.1175
32.3028
32.8097
32.2031
31.8932
31.3937
33.3809
33.4044
36.2844
35.7505
33.7129
34.611
36.7616
38.2313
38.2858
39.8472
40.9691
41.3532
43.1224
43.4374
43.6065
44.3599
42.4504
43.8307
45.0306
43.0927
42.2351
41.3868
40.9888
40.4304
41.5701
41.5198
39.5793
39.0841
37.5368
37.0345
37.1982
35.7778
38.224
38.9063
35.5111
34.8838
34.7656
34.1172
34.61
34.1965
35.9395
34.1987
35.5569
34.7873
35.5982
34.6444
34.7352
34.9359
35.7002
38.8777
39.8892
40.6877
40.6689
40.2605
40.9974
41.5684
41.1483
39.9166
39.3202
39.0287
37.6184
37.1204
38.2537
38.3022
37.6129
36.8007
37.4349
38.2325
37.067
35.8873
35.4548
35.3324
35.613
36.6772
38.2838
37.8786
38.1706
37.2792
37.7589
38.1695
38.6627
40.0478
39.658
39.4665
39.0905
40.191
37.9711
37.075
37.7731
38.0633
38.953
50.0118
49.4412
52.1554
42.255
42.0742
42.5593
43.0431
42.8821
43.7276
43.6524
43.1722
42.6433
42.2707
42.476
41.7382
43.9872
40.4111
39.4414
40.8776
40.8239
41.3573
39.9413
39.889
38.3423
37.8402
37.1368
37.1142
35.4536
34.94
35.3186
34.8853
34.7827
33.1212
32.7454
32.5139
32.3428
32.0227
31.3378
31.2049
30.567
30.2036
29.9145
29.8603
36.5966
32.3442
35.7341
33.763
29.6662
30.0651
34.7833
36.006
34.1969
35.3859
38.4541
42.5514
50.4717
40.7495
39.2055
39.3461
38.986
35.364
35.3398
47.2849
49.466
40.6126
49.5184
38.7084
43.1262
44.6148
42.8868
39.1855
38.4029
38.2727
38.1334
37.0012
37.2297
36.999
37.5815
39.0267
40.6433
41.3935
39.7374
40.0732
39.5979
39.1182
38.8244
38.6346
38.1351
38.7956
37.4398
40.401
43.0538
43.3736
43.9528
45.4767
46.1512
46.0722
44.7491
42.637
42.5546
42.4951
42.9357
42.3508
39.9897
43.8937
41.3357
38.6382
36.1565
37.3596
36.3095
41.6098
38.0362
38.092
35.0754
38.4053
35.4542
36.7185
38.9027
50.9382
50.598
41.2654
37.5721
44.4007
37.2894
37.3752
37.6086
37.7876
37.2616
37.275
36.9697
36.751
36.3463
36.1185
35.4733
35.428
35.0539
35.4704
35.2744
35.0681
35.9731
36.2015
37.2837
36.2256
35.9268
34.8449
35.2083
36.1822
36.5879
37.0152
38.2819
39.5152
40.3438
40.9794
41.2514
42.476
42.6829
43.2408
44.6426
45.7536
46.6246
46.605
47.1151
47.0192
47.6038
48.2877
48.7483
50.2912
50.2491
49.78
49.7136
50.9026
50.3562
50.3345
49.5164
48.7617
48.0332
46.9738
45.6055
46.912
46.3853
46.4305
48.1507
47.175
47.911
47.7873
48.4538
47.8719
47.3898
47.5004
47.183
46.3119
45.4658
44.6655
43.8712
43.8662
43.053
41.8798
42.4997
42.401
41.8762
40.1202
38.3644
37.5253
37.0843
36.0641
35.6403
34.3881
35.1462
34.1347
34.1551
34.3554
33.7862
33.3896
33.5716
33.4078
34.9839
34.2582
32.7637
41.5709
43.9584
35.7521
33.3698
32.7092
34.5018
42.1479
32.7117
33.0779
33.473
34.2785
34.3213
35.6942
37.6049
38.8598
39.6545
40.274
40.3933
41.2668
41.6021
42.3032
42.6384
44.6854
44.8149
44.898
45.1515
45.3978
45.6921
45.9089
45.1268
45.1573
44.9715
46.7587
48.2109
48.6405
48.998
50.6153
52.9293
52.9996
53.1573
51.6594
52.2023
50.3571
49.0759
47.8773
45.4618
44.0333
43.5732
43.6918
57.1684
54.7606
53.3566
43.4495
42.5767
42.3597
42.9877
43.5727
44.8205
45.0155
45.0967
45.0403
44.5245
44.1113
43.4303
42.8896
41.8056
40.3888
38.7277
38.324
37.7752
37.3961
39.5825
38.3378
40.559
40.1671
40.4872
40.53
41.4359
42.9536
42.5999
42.0806
42.6928
42.4784
42.8022
42.9264
43.0342
43.2697
44.0301
44.629
45.5575
46.8124
46.4125
44.734
44.5581
44.9383
44.7915
43.6492
42.8697
43.6795
43.4106
40.3403
41.0147
41.2047
41.8272
42.4185
41.8993
40.8777
39.1277
39.4689
37.8642
37.1734
37.7957
37.3891
35.6891
35.458
35.0454
34.2067
33.6488
34.4666
35.0145
35.2023
35.1
36.0462
48.9073
32.7592
32.6031
30.533
41.8174
30.0025
30.57
49.0649
52.7907
34.5149
35.7194
38.2662
39.4037
39.5509
40.7859
41.5134
40.5229
41.4794
41.8407
41.5566
42.9431
43.0052
42.7523
43.5939
43.1323
44.0173
41.7578
42.8952
43.8962
43.9733
42.984
42.1871
44.0602
43.91
41.9564
41.9966
49.7381
48.8851
47.2238
45.1299
43.6654
42.3672
39.2951
40.8393
39.6544
39.8134
39.3059
37.7211
37.7172
37.782
39.6491
35.9471
35.0996
34.7417
34.5791
36.0831
37.706
37.3056
38.8415
40.0541
42.1724
45.4007
47.7129
49.0068
49.5836
52.1769
56.126
56.3133
57.9201
58.4612
56.591
55.5962
56.9492
56.3694
56.7591
55.6763
56.4181
57.7111
59.0298
58.4089
59.9125
59.8772
60.974
64.4391
64.6998
65.354
63.8393
63.4226
62.818
62.7356
62.4826
62.4804
61.6078
61.0687
61.2284
62.3421
62.592
63.5968
63.4941
62.8242
61.7751
60.1664
59.3917
59.9646
58.6701
56.8687
56.2022
54.4508
53.4632
53.7256
55.1311
55.7875
58.3988
61.1743
59.9312
60.2286
61.1598
66.2843
67.8699
69.7911
71.5305
71.5153
69.7594
69.4344
66.8746
55.9313
48.9563
45.6608
39.5429
37.2955
36.9616
37.5963
39.618
44.566
49.0374
53.8091
56.288
56.0851
55.2613
55.7662
56.865
58.8614
60.1231
60.8116
61.4643
61.0293
60.3774
58.573
53.2105
48.3098
44.3605
41.862
40.1291
36.7753
35.3424
35.5317
38.1204
40.5647
42.303
44.0247
45.4743
46.8333
48.566
50.1945
49.9563
49.9127
53.3991
58.6427
63.2759
65.8485
64.3614
61.6234
56.74
53.1427
51.1028
49.6627
49.6416
50.0391
51.5675
53.2528
56.7211
60.7211
64.7301
65.0258
66.6209
66.6431
66.4139
67.1428
69.6366
72.4157
72.4294
69.9191
66.9631
65.4947
60.3104
61.8509
59.6888
58.6602
52.7642
54.389
53.7087
54.011
56.4481
51.7262
48.8768
46.8905
44.9127
44.5835
43.528
46.7862
42.6211
44.4134
45.3364
45.6293
51.491
52.3936
54.7003
59.349
58.1479
57.8324
57.3661
57.0073
48.5915
44.7301
42.0593
41.5376
43.3425
47.388
53.212
63.6206
68.7172
65.6381
61.3073
56.4838
53.9877
54.5645
54.1391
59.3979
60.378
63.9388
66.4183
70.4727
62.1284
52.6785
42.6982
35.0769
34.812
34.7219
35.4171
35.2406
35.2047
36.3176
42.5753
53.5404
64.7381
65.5906
63.0469
60.0438
59.0452
57.3291
50.4142
51.6788
52.1407
50.085
56.6388
59.3637
60.8987
59.9057
61.6966
62.5665
58.8691
49.9662
46.3088
44.2747
40.9409
39.4932
40.9604
44.2473
46.354
48.7307
57.9335
62.9073
62.4446
59.3034
58.6641
58.0676
53.2388
57.8809
57.3597
59.1347
60.0344
62.5476
63.1521
63.6834
61.9792
58.3909
53.8459
49.0309
45.4606
44.6631
44.3028
45.8813
48.6145
50.3256
55.5796
61.0801
63.8055
62.7575
63.4125
62.3203
62.0818
59.4528
57.1056
52.6972
48.3666
43.8073
44.6577
43.3587
42.0564
40.8281
39.4455
42.6674
44.5746
49.8619
59.7671
65.7176
72.253
72.7115
69.0762
68.396
66.9767
65.0669
66.6583
65.4585
61.1735
52.4433
43.0776
42.607
44.413
42.0352
41.892
40.4233
39.8589
41.3414
45.5253
51.2705
59.2354
68.907
75.5775
71.7461
68.0539
66.6725
64.0467
64.1507
67.2183
67.5424
64.6752
62.1038
52.5327
47.0276
46.7419
44.3679
43.8772
44.6053
47.4675
51.8348
54.2463
62.8051
69.4587
70.1559
70.2888
66.8852
65.08
62.7777
62.3923
62.9919
65.1294
65.6945
66.2697
66.6671
65.4161
62.9816
61.5073
60.9261
55.4375
51.4063
46.548
48.555
50.6833
52.1868
54.1805
59.0567
60.2936
60.9913
61.1648
62.6522
59.617
58.2402
57.011
56.9673
57.2979
58.3362
60.0136
58.72
58.2509
57.0484
55.125
53.5621
51.3478
49.331
45.6465
45.1739
45.6575
46.6872
51.2271
54.6668
59.0858
59.024
59.6488
58.59
57.3329
57.485
56.3893
56.6683
58.186
60.0917
60.4898
59.9945
59.1223
59.0561
58.3065
58.4086
57.3852
57.3988
57.426
58.3624
57.9196
59.3687
59.6542
60.8044
61.2033
62.1087
63.4185
64.2627
65.0607
67.1684
67.1804
67.9362
67.2114
64.8117
60.6496
58.1255
57.6932
57.1213
58.9465
59.4132
60.2338
62.5217
65.1004
67.755
67.815
64.1269
62.4777
59.3945
57.9182
54.7134
54.0005
54.4143
55.6803
57.566
58.4371
61.4648
60.9803
60.8217
60.2532
59.3429
59.6324
61.254
59.7238
60.4501
59.0136
59.0645
58.28
57.3567
56.1055
54.9906
54.0415
54.9759
55.5115
57.2538
56.8538
57.7735
55.8888
53.8007
52.9063
51.1157
51.2836
51.4349
50.4803
50.8787
49.5996
50.017
50.1559
50.3107
48.6794
48.0845
47.4207
44.6848
47.3628
46.3626
46.4639
45.8509
46.7588
48.3165
51.7878
53.5259
56.343
59.021
61.1726
64.1533
64.5155
67.9944
66.794
67.1811
66.8419
66.3245
67.3786
67.4088
67.9269
67.4889
67.2853
67.3854
67.3292
66.7277
66.1925
65.8814
65.6413
64.7579
65.5299
66.4839
64.7408
64.5754
64.3744
63.1756
63.0922
61.5852
60.9878
59.1714
58.8204
58.8122
58.3437
57.6737
56.9642
56.1318
56.4919
56.8727
57.6419
58.9654
59.5639
60.2217
59.1075
58.6618
58.7161
56.45
57.873
61.3225
60.8126
60.5189
59.7536
60.7518
62.1711
64.152
65.1391
64.2049
62.8437
62.7243
59.9517
58.7075
59.1181
59.7738
60.4616
59.7718
57.3147
56.5585
57.2111
57.0426
57.6205
56.892
56.8192
57.5169
59.3959
58.3578
58.8193
60.6739
60.8826
62.3444
62.4038
65.4467
66.3599
66.9763
68.2948
67.9748
67.2416
67.7951
66.6749
66.6951
67.2482
68.0072
66.6211
67.6347
67.3782
67.7083
68.336
69.3852
67.5698
65.5738
65.073
63.5468
64.9199
64.8038
66.7514
66.7042
65.9844
67.9771
68.1263
67.329
67.884
67.4477
66.9156
66.8797
65.9706
66.568
66.492
65.3717
67.1693
67.1297
66.9161
67.5177
66.1114
67.7649
66.7553
66.3421
66.3741
66.2149
66.0145
66.0403
68.0011
67.0315
66.7018
67.1321
67.6074
67.4092
67.0894
67.2762
68.0304
67.3311
67.2635
67.608
66.8104
67.5084
66.9387
67.6866