4.08087
4.15676
4.15694
4.15633
4.15558
4.1559
4.16791
4.16791
4.16366
4.17247
3.95245
3.96256
3.95691
3.96931
3.96871
3.97442
3.98787
3.98871
4.07145
4.08193
4.08326
4.10011
4.10036
4.10215
4.10155
4.09929
4.28838
4.28538
4.28707
4.28293
4.27438
4.27143
4.26943
4.26989
4.28781
4.29245
4.29061
4.30089
4.3072
4.31886
4.33186
4.33627
4.37924
4.38661
4.39355
4.39965
4.40033
4.39175
4.40358
4.40731
4.40585
4.45835
4.45073
4.45397
4.44895
4.47012
4.46606
4.47099
4.48025
4.73752
4.76605
4.77444
4.79687
4.81683
4.83632
4.84857
4.86826
4.9133
4.91799
4.93882
4.95139
4.9563
4.95762
4.95898
4.95811
4.85793
4.84958
4.85069
4.84849
4.84555
4.83377
4.82214
4.81261
4.87474
4.84384
4.81276
4.78716
4.77674
4.7736
4.76511
4.78148
4.89128
4.90028
4.90314
4.89721
4.88761
4.86321
4.84892
4.82225
4.79613
4.73737
4.73038
4.70737
4.69994
4.6917
4.68722
4.67973
4.66126
4.39313
4.37415
4.36131
4.34386
4.33015
4.3104
4.29558
4.27324
4.29534
4.27299
4.24525
4.22017
4.19159
4.16574
4.13478
4.10454
3.77591
3.74262
3.70986
3.67912
3.66293
3.64583
3.61706
3.57401
2.04166
2.01394
1.97921
1.9539
1.93398
1.91687
1.91374
1.91765
1.93275
1.86435
1.87261
1.88
1.89824
1.90501
1.90215
1.89896
1.89882
2.84443
2.83208
2.81766
2.80642
2.81147
2.82145
2.83594
2.84802
3.08899
3.08887
3.08015
3.06806
3.04668
3.02129
3.01749
3.02496
3.39307
3.38055
3.38208
3.38309
3.38874
3.40172
3.3979
3.40941
1.33893
1.36361
1.39829
1.43546
1.47197
1.50283
1.53666
1.57207
1.53743
1.54212
1.53928
1.52595
1.51405
1.49559
1.49906
1.50701
1.5156
1.46201
1.49144
1.50687
1.49984
1.4927
1.48498
1.4734
1.4696
2.53989
2.54323
2.54278
2.55349
2.56422
2.57114
2.58155
2.59264
3.92462
3.92415
3.92811
3.92543
3.91508
3.9037
3.9021
3.91003
4.31876
4.3959
4.63182
5.03778
5.41819
5.71169
5.95021
6.13592
1.34094
1.28174
1.24391
1.24861
1.28067
1.36236
1.38426
1.41752
0.945425
0.964813
0.981037
1.01566
1.04451
1.07034
1.14025
1.21617
1.29688
1.28189
1.26654
1.25621
1.24765
1.24178
1.24534
1.25619
1.27214
3.70696
3.70899
3.7181
3.73377
3.74955
3.77142
3.79866
3.7991
5.92876
5.96798
6.01585
6.05614
6.10794
6.18577
6.24793
6.32032
6.03032
6.12603
6.24421
6.34311
6.46145
6.56664
6.66387
6.79264
3.97209
4.05127
4.07763
4.04152
3.97936
4.00531
4.10619
4.26203
4.84504
1.59562
1.57982
1.56553
1.54421
1.55885
1.54973
1.59583
1.63688
3.04915
3.07768
3.11191
3.12836
3.15419
3.16042
3.17693
3.20125
5.05321
5.06319
5.06224
5.07222
5.06731
5.06686
5.05258
5.03355
4.56441
4.5298
4.50589
4.47482
4.47404
4.45771
4.46193
4.46665
5.19181
5.17412
5.18539
5.20939
5.20904
5.2337
5.24466
5.25622
4.16725
4.21544
4.18787
4.12522
4.04036
4.00044
3.98123
3.9435
3.89571
1.53944
1.63099
1.75763
1.76462
1.71379
1.67246
1.6447
1.62675
2.70959
2.70841
2.71212
2.70979
2.70967
2.72077
2.72318
2.73195
4.68347
4.62997
4.5736
4.49533
4.45562
4.39052
4.35381
4.33376
4.19652
4.11877
4.14306
4.44076
5.01243
5.62999
6.15059
6.74692
3.71667
3.70154
3.64502
3.66938
3.67814
3.71943
3.80317
3.83547
1.19317
1.2091
1.22915
1.25426
1.27274
1.29226
1.30788
1.31695
1.32485
1.19861
1.20159
1.2052
1.21113
1.27642
1.45843
1.57723
1.63405
1.87602
1.91726
1.95788
2.00636
2.05796
2.10457
2.15314
2.18459
4.56409
4.61774
4.6612
4.7002
4.72703
4.74949
4.78689
4.80699
5.33072
5.37276
5.4491
5.53899
5.63271
5.91101
6.29267
6.71051
3.59704
3.62579
3.66435
3.7129
3.74079
3.76679
3.79345
3.83433
1.83744
1.87562
1.89216
1.88761
1.86032
1.8705
1.93526
1.96848
1.984
1.86991
1.8748
1.86978
1.87477
1.85966
1.85427
1.84408
1.8378
2.50411
2.49144
2.49789
2.48639
2.51424
2.55586
2.57681
2.58212
4.42451
4.41931
4.41527
4.42518
4.42781
4.43544
4.42592
4.41444
4.18931
4.17305
4.17471
4.16296
4.15035
4.15405
4.1551
4.15662
4.58179
4.59722
4.59338
4.5847
4.58774
4.59238
4.58924
4.58322
4.58119
4.01688
4.01789
4.01304
4.00937
4.02995
4.04216
4.05128
4.05405
2.54219
2.53568
2.5251
2.52085
2.50854
2.4997
2.45813
2.41575
1.95503
1.92626
1.88977
1.85668
1.83653
1.81227
1.79616
1.77971
3.52542
3.50575
3.49774
3.47222
3.4533
3.43919
3.43091
3.41563
4.53979
4.49131
4.42599
4.37522
4.34322
4.29488
4.25732
4.22707
4.47363
4.88584
5.15622
5.33427
5.46467
5.51267
5.52548
5.57282
5.63057
1.1744
1.17972
1.18759
1.1954
1.2093
1.21739
1.22351
1.21291
1.10696
1.11075
1.12418
1.13453
1.13082
1.12565
1.11734
1.11821
1.10845
1.16996
1.31337
1.40874
1.44908
1.48169
1.51946
1.56039
2.9166
2.95612
3.00049
3.03272
3.05815
3.06332
3.07424
3.07276
5.1222
5.17858
5.24916
5.29745
5.38398
5.45669
5.53949
5.60291
5.70987
5.36712
5.46829
5.5522
5.63827
5.72643
5.80743
5.91946
6.11401
3.20596
3.22517
3.23898
3.25046
3.28708
3.28415
3.27039
3.24226
2.06175
2.0494
2.03051
2.02068
2.02786
2.02591
2.03257
2.02595
4.3433
4.35214
4.38512
4.40154
4.42131
4.43553
4.44562
4.47039
5.31476
5.30482
5.30235
5.32612
5.32873
5.34099
5.32636
5.29841
4.56892
4.55764
4.60337
4.63616
4.66755
4.68605
4.71593
4.71702
4.7567
4.97112
5.02658
5.08112
5.11972
5.17728
5.23006
5.22357
5.15267
2.98557
2.92042
2.85028
2.7786
2.7228
2.6845
2.66575
2.65008
3.55714
3.54324
3.53136
3.5237
3.50552
3.50125
3.493
3.48525
5.69263
5.62069
5.5459
5.48033
5.40997
5.35226
5.28912
5.22685
5.40833
5.37653
5.37353
5.39362
5.41213
5.44088
5.47856
5.50954
5.62735
5.44608
5.71571
5.98768
6.15865
6.32587
6.47571
6.65782
6.78771
1.5097
1.46923
1.44326
1.42594
1.43592
1.4758
1.52958
1.59274
1.21819
1.28195
1.31667
1.32374
1.34248
1.36735
1.39363
1.41235
3.23545
3.27656
3.31162
3.35398
3.37161
3.38596
3.39268
3.38705
5.19952
5.25477
5.29973
5.33272
5.38327
5.40813
5.48033
5.52379
5.47109
5.53559
5.59676
5.66112
5.73941
5.80189
5.88634
5.97051
6.15021
4.33685
4.41461
4.46463
4.51634
4.55179
4.57175
4.60936
4.58207
1.99298
2.01347
2.01116
2.01211
2.00074
2.00699
2.0086
2.0041
2.77853
2.76993
2.73947
2.72006
2.71995
2.71846
2.72854
2.7172
4.43842
4.4361
4.42509
4.42224
4.41433
4.39854
4.39101
4.37783
5.1206
5.08912
5.06379
5.04539
5.02295
5.01966
5.00241
4.99357
4.97427
4.50791
4.52372
4.53602
4.54929
4.56542
4.63875
4.78457
4.83989
2.77569
2.73856
2.74948
2.78591
2.82098
2.84076
2.83211
2.81104
1.57418
1.55715
1.53595
1.50948
1.49
1.46258
1.43689
1.41293
2.83286
2.81357
2.79262
2.77713
2.76127
2.75934
2.7474
2.72984
3.79082
3.75542
3.71617
3.67524
3.63575
3.60796
3.62599
3.66483
2.83917
2.77719
2.73404
2.67274
2.60029
2.50986
2.38067
2.25044
2.07419
0.842343
0.830933
0.831139
0.838863
0.840835
0.856416
0.874162
0.887958
0.915384
0.93138
0.947761
0.963996
0.992096
0.988618
1.03351
1.08547
1.03976
1.07959
1.08222
1.07851
1.0824
1.10369
1.13626
1.16852
1.24976
1.28952
1.38255
1.40741
1.38373
1.38247
1.38507
1.42338
1.4894
1.5185
1.53165
1.54368
1.54112
1.53841
1.59343
1.6459
2.17312
2.189
2.18955
2.13824
2.14169
2.12562
2.09737
2.09369
2.08586
3.20081
3.2173
3.2596
3.29653
3.33202
3.37258
3.38906
3.40211
3.29378
3.30277
3.31306
3.32102
3.32569
3.34937
3.36161
3.35572
3.05404
3.05048
3.02313
2.99398
2.97476
2.96202
2.96062
2.96769
4.05875
4.06911
4.07478
4.07185
4.06502
4.09165
4.11717
4.13316
4.41703
4.44226
4.4405
4.4353
4.46069
4.5094
4.5605
4.58851
4.60938
4.29132
4.27889
4.27499
4.27542
4.26786
4.25222
4.23758
4.20657
3.10854
3.08898
3.07375
3.06536
3.05807
3.08547
3.17047
3.27916
4.4918
4.58214
4.64469
4.67911
4.67928
4.64139
4.59231
4.55335
4.12742
4.0781
4.05367
4.00268
3.95693
3.85271
3.76178
3.68982
4.49023
4.45713
4.42536
4.41973
4.42735
4.43975
4.46634
4.50517
5.19333
5.11843
5.10096
5.10254
5.16987
5.1866
5.17876
5.16989
5.17144
4.81092
4.7363
4.70558
4.81561
4.78884
4.74076
4.70554
4.6591
4.56643
4.50316
4.48613
4.47936
4.46406
4.47366
4.53293
4.58636
4.95259
4.96097
4.98191
4.98896
4.92425
4.88528
4.87537
4.90477
4.9724
4.97567
4.97352
4.9503
4.93948
4.94008
4.97041
5.02505
4.41945
4.37822
4.33146
4.31791
4.23732
4.20885
4.2403
4.26093
4.63166
4.61379
4.57419
4.52797
4.57666
4.61004
4.57541
4.5855
4.59436
4.60467
4.61933
4.65375
4.69542
4.72351
4.7394
4.74733
4.75093
4.41595
4.41733
4.40696
4.39465
4.38637
4.37037
4.35753
4.34659
3.53383
3.53256
3.51747
3.50717
3.4918
3.47238
3.47058
3.47135
2.83129
2.84824
2.86982
2.88469
2.9015
2.92363
2.93631
2.94785
2.46963
2.45974
2.43997
2.40901
2.3637
2.32128
2.28265
2.25939
1.4245
1.42202
1.41821
1.42272
1.42781
1.43811
1.46208
1.48422
1.50679
1.25658
1.28286
1.33633
1.38292
1.42573
1.51871
1.63803
1.7523
1.80141
1.9011
1.95669
2.03306
2.20314
2.35607
2.49575
2.6238
2.59912
2.75401
2.9703
3.25648
3.5647
3.95082
4.18715
4.17312
3.38212
3.23632
3.20765
3.21413
3.21097
3.21552
3.2195
3.22813
2.39103
2.4488
2.54177
2.70198
2.89834
3.13358
3.41236
3.57864
3.68074
3.19536
3.33386
3.39942
3.50506
3.57788
3.71091
3.80575
3.91083
3.6991
3.80615
3.87627
3.9317
3.97794
4.01506
4.02445
4.02273
4.01572
4.00894
3.97126
3.93228
3.89112
3.8496
3.81203
3.78566
3.78827
3.76713
3.7405
3.72236
3.71948
3.71411
3.70284
3.68915
3.92639
3.90568
3.89742
3.87332
3.85837
3.83033
3.77895
3.73289
3.93165
3.88183
3.82745
3.76413
3.70647
3.63996
3.566
3.49038
3.40989
3.56797
3.4864
3.40527
3.33431
3.25483
3.18578
3.11357
3.04603
3.35057
3.28361
3.2176
3.15554
3.08905
3.02114
2.94849
2.87931
3.23148
3.19128
3.15708
3.13374
3.11231
3.07543
3.02703
2.97758
3.49118
3.42822
3.35947
3.29517
3.2312
3.18207
3.15024
3.1091
3.67339
3.6293
3.59228
3.53265
3.45956
3.3816
3.30015
3.22504
3.1469
3.65344
3.54107
3.44882
3.37723
3.26783
3.15591
3.10453
3.06318
3.40749
3.38442
3.35462
3.35064
3.37281
3.38854
3.39143
3.41401
3.67344
3.66956
3.66336
3.62478
3.54739
3.42826
3.39106
3.34725
3.28746
3.29419
3.28722
3.27423
3.26505
3.26085
3.26935
3.28876
3.12165
3.13804
3.14569
3.14451
3.12081
3.10771
3.09016
3.04484
2.99087
2.93457
2.87456
2.8106
2.74888
2.68785
2.62752
2.57438
2.5301
2.66056
2.62661
2.5857
2.56112
2.54529
2.53644
2.51909
2.49222
2.7104
2.67395
2.6372
2.59732
2.55269
2.50504
2.45198
2.39721
2.61796
2.57768
2.53651
2.49832
2.4604
2.42206
2.38539
2.35573
2.59048
2.55981
2.52498
2.48428
2.44647
2.40594
2.36411
2.31784
2.54084
2.49562
2.44707
2.39863
2.34844
2.29779
2.24505
2.19794
2.15324
2.40134
2.35694
2.31051
2.26363
2.21813
2.17449
2.12814
2.08092
2.25892
2.19863
2.1438
2.09152
2.03754
1.9879
1.94542
1.90405
2.09886
2.047
1.98918
1.93573
1.88621
1.84011
1.78736
1.73509
1.92427
1.88482
1.84573
1.8076
1.77236
1.73243
1.68807
1.64605
1.9596
1.91228
1.87155
1.83442
1.79892
1.76065
1.72085
1.66963
2.04661
2.01134
1.97028
1.92555
1.87139
1.81342
1.75661
1.70575
1.65713
2.17035
2.11724
2.07338
2.03231
2.00308
1.99048
1.97417
1.94575
2.65309
2.59947
2.54905
2.48605
2.41474
2.33563
2.26536
2.19525
2.2278
2.15921
2.09843
2.0313
1.95562
1.88813
1.8214
1.76839
1.91473
1.92113
1.94896
1.97415
1.99511
2.00497
1.99633
1.95833
2.02474
1.94816
1.83716
1.72107
1.60841
1.49957
1.40838
1.35247
1.70695
1.68635
1.66662
1.64746
1.53699
1.55761
1.49243
1.40349
1.24573
1.74543
1.66108
1.66632
1.67886
1.68608
1.69231
1.72842
1.79933
1.95638
2.08343
2.1391
2.17302
2.17543
2.15387
2.05969
1.93584
3.79303
3.79958
3.82836
3.82258
3.81497
3.82366
3.82444
3.74397
3.81447
3.78948
3.71309
3.67845
3.67277
3.57116
3.40268
3.41336
3.35337
3.27633
3.27935
3.27661
3.27941
3.31302
3.27749
3.36948
3.48335
3.53948
3.58443
3.54544
3.47953
3.38187
3.2873
3.25769
3.283
3.54869
3.72705
3.95725
4.03775
4.03754
4.06209
4.10718
4.1358
4.13619
4.13517
4.13206
4.16386
4.15795
4.17382
4.20128
4.21202
1.94068
1.94972
1.95203
1.94761
1.94195
1.9451
1.95022
1.9529
1.81296
1.8214
1.82649
1.82982
1.83881
1.85059
1.85865
1.86927
1.79196
1.80388
1.81979
1.83627
1.8452
1.85293
1.85685
1.85536
1.85554
1.72257
1.71447
1.71298
1.71806
1.72243
1.72561
1.72962
1.73526
1.71008
1.72093
1.7342
1.7456
1.75772
1.77091
1.79073
1.80236
1.72341
1.72416
1.72751
1.73455
1.74764
1.76106
1.76665
1.76664
1.65343
1.65861
1.66789
1.67299
1.67792
1.68401
1.68802
1.6911
1.63427
1.64223
1.64392
1.64895
1.65332
1.65477
1.65694
1.66724
1.71023
1.58018
1.57585
1.57041
1.56334
1.55609
1.5485
1.54652
1.54811
1.47524
1.48133
1.48758
1.49197
1.49378
1.49487
1.50785
1.53051
1.46334
1.47129
1.47688
1.48252
1.49692
1.51459
1.52224
1.52411
1.41026
1.42038
1.431
1.43837
1.44504
1.45263
1.46808
1.47845
1.35122
1.35257
1.34902
1.34583
1.3577
1.37303
1.38465
1.40074
1.31283
1.32403
1.32722
1.33046
1.3306
1.32906
1.3209
1.31914
1.32572
1.23877
1.228
1.22284
1.22847
1.23858
1.24751
1.25089
1.25192
1.17864
1.17325
1.16404
1.16237
1.16551
1.16137
1.15907
1.17194
1.14373
1.15735
1.16922
1.17965
1.18905
1.19605
1.19828
1.19553
1.13765
1.15139
1.16265
1.16832
1.16757
1.15407
1.13872
1.13274
1.09437
1.10831
1.13119
1.15638
1.17648
1.19947
1.22674
1.25528
1.26088
1.26843
1.2869
1.30009
1.30782
1.30057
1.29258
1.30449
1.31936
1.25298
1.26727
1.29639
1.32577
1.34675
1.34907
1.34048
1.33734
1.29609
1.28369
1.26117
1.25324
1.25522
1.25867
1.25158
1.24735
1.31037
1.30704
1.3163
1.32424
1.32683
1.33171
1.32903
1.31473
1.40905
1.40139
1.39894
1.39107
1.3791
1.36083
1.34342
1.32431
1.3993
1.38711
1.3661
1.33963
1.32774
1.32774
1.33301
1.35145
1.46912
1.48218
1.50111
1.51373
1.50798
1.4757
1.44597
1.43593
1.43617
1.43992
1.43403
1.42427
1.41538
1.4104
1.41222
1.40765
1.40344
1.46106
1.46221
1.45679
1.4483
1.43697
1.43216
1.42902
1.43117
1.45751
1.46839
1.48386
1.49533
1.49658
1.48594
1.47078
1.45734
1.43672
1.41738
1.40856
1.41365
1.41921
1.41689
1.41081
1.40994
1.4543
1.46397
1.47578
1.48484
1.48773
1.48098
1.48229
1.49024
1.50219
1.48191
1.49021
1.5023
1.50673
1.50557
1.50675
1.50323
1.47443
1.38433
1.34199
1.31666
1.30917
1.30983
1.31139
1.31067
1.31221
1.39003
1.39574
1.39592
1.3925
1.38552
1.37801
1.36296
1.35257
1.36465
1.37723
1.386
1.39855
1.41836
1.44735
1.47392
1.49168
1.47735
1.48076
1.48877
1.49832
1.4831
1.44399
1.4017
1.38191
1.32382
1.32548
1.32223
1.3147
1.3021
1.29807
1.29699
1.29443
1.29047
1.36001
1.36743
1.38136
1.39935
1.41839
1.44319
1.46866
1.48846
1.49087
1.49001
1.48559
1.48047
1.46892
1.44804
1.42703
1.42132
1.38675
1.40497
1.42292
1.43597
1.45297
1.47468
1.49123
1.49797
1.49938
1.47621
1.44743
1.432
1.428
1.43965
1.45374
1.46032
1.44239
1.45084
1.46482
1.46824
1.47176
1.46363
1.43751
1.40261
1.37631
1.36507
1.35513
1.3451
1.33828
1.33767
1.33912
1.34298
1.34428
1.43522
1.43887
1.43344
1.42907
1.4325
1.44523
1.46097
1.47069
1.47179
1.50175
1.53817
1.54552
1.53169
1.53187
1.52794
1.50001
1.39613
1.37145
1.37007
1.37444
1.37596
1.36822
1.35915
1.35823
1.39786
1.39445
1.38965
1.38615
1.38461
1.38536
1.38971
1.39509
1.41378
1.42441
1.42909
1.42751
1.42155
1.41954
1.41356
1.39214
1.36555
1.33738
1.31836
1.3101
1.30711
1.30591
1.30569
1.30493
1.30296
1.37356
1.37017
1.368
1.36486
1.35408
1.34685
1.34829
1.35601
1.40015
1.40786
1.41931
1.43083
1.43969
1.44279
1.43352
1.41875
1.38653
1.3671
1.34328
1.32394
1.3074
1.29834
1.2975
1.29846
1.3533
1.34883
1.34495
1.34038
1.33714
1.3322
1.32768
1.31534
1.38084
1.38592
1.39755
1.40527
1.41172
1.41608
1.4229
1.42851
1.4181
1.41555
1.41071
1.39883
1.37185
1.34637
1.3288
1.32288
1.32418
1.37777
1.38134
1.38999
1.39573
1.40658
1.41825
1.43114
1.43273
1.47983
1.47298
1.46782
1.47563
1.48499
1.48742
1.49303
1.49434
1.44386
1.449
1.45552
1.45479
1.46367
1.48815
1.4948
1.48389
1.39785
1.38393
1.38149
1.37627
1.37203
1.37802
1.38036
1.38856
1.39487
1.3766
1.38836
1.39619
1.39323
1.38953
1.38891
1.39752
1.40302
1.32697
1.33476
1.34864
1.37019
1.38415
1.38898
1.39122
1.39814
1.30601
1.31637
1.30934
1.28512
1.26783
1.26335
1.27522
1.29188
1.21585
1.22758
1.23895
1.2515
1.25675
1.2566
1.26281
1.27526
1.17605
1.15102
1.12563
1.1101
1.11297
1.12538
1.14536
1.14594
1.06868
1.08588
1.10138
1.12995
1.15964
1.14916
1.14611
1.14594
1.15118
1.06973
1.06532
1.06187
1.06167
1.04988
1.04153
1.02917
1.00404
0.944523
0.912756
0.888941
0.875425
0.873805
0.873301
0.866327
0.879875
0.838805
0.864104
0.909208
0.96987
1.03877
1.09583
1.16397
1.24647
1.15578
1.18734
1.21173
1.23383
1.24056
1.24893
1.26408
1.28433
1.19341
1.21068
1.22691
1.24119
1.25734
1.2817
1.30392
1.33435
1.37726
1.42003
1.45067
1.46995
1.47786
1.47816
1.48285
1.48204
1.47769
1.52442
1.52289
1.53999
1.54692
1.56428
1.58091
1.58008
1.58886
1.6341
1.62969
1.62811
1.62535
1.62371
1.62755
1.62495
1.62114
1.62743
1.62588
1.62491
1.61126
1.59855
1.59755
1.61312
1.62976
1.71903
1.72455
1.72853
1.72918
1.73481
1.73866
1.74282
1.75784
1.71892
1.73734
1.75744
1.76913
1.78131
1.79304
1.79598
1.79062
1.77373
1.69628
1.69788
1.71172
1.73425
1.76355
1.79608
1.83209
1.86175
1.86833
1.88512
1.89735
1.90445
1.90893
1.91431
1.92017
1.93452
1.80743
1.81019
1.80677
1.80504
1.79411
1.78803
1.79378
1.80804
1.86943
1.89118
1.90778
1.91887
1.91615
1.92448
1.93045
1.9429
1.91662
1.92125
1.92918
1.94785
1.9537
1.92747
1.9029
1.88352
1.81047
1.79603
1.78411
1.77175
1.76147
1.76012
1.76371
1.76946
1.77808
1.84535
1.84414
1.84779
1.86067
1.87298
1.87018
1.86999
1.87274
1.8266
1.81201
1.7897
1.7706
1.76268
1.76476
1.75962
1.75385
1.78913
1.80128
1.83092
1.85834
1.88057
1.90162
1.92128
1.94196
1.96491
1.98334
2.00209
2.01193
2.00057
1.9897
1.98391
1.97437
1.85989
1.85491
1.84298
1.82507
1.80696
1.78886
1.77963
1.78752
1.80618
1.84852
1.86899
1.88937
1.91036
1.92623
1.94226
1.97087
1.97745
1.88803
1.89068
1.89536
1.89551
1.89169
1.90058
1.91339
1.9296
1.86589
1.86092
1.8531
1.8612
1.86347
1.85717
1.85772
1.87019
1.95788
1.97196
1.97492
1.95794
1.92381
1.89844
1.87804
1.85694
1.79674
1.74501
1.68809
1.64545
1.60539
1.57078
1.5371
1.52087
1.66476
1.68297
1.71686
1.73679
1.75413
1.75532
1.74726
1.73256
1.71779
1.76814
1.75727
1.74967
1.74512
1.73959
1.7256
1.71243
1.71345
1.71257
1.7142
1.71201
1.70969
1.7088
1.71651
1.71805
1.71419
1.81432
1.81388
1.81973
1.82369
1.83041
1.83408
1.83412
1.82719
1.77287
1.76505
1.75741
1.7491
1.74268
1.74394
1.74532
1.74573
1.76164
1.75895
1.75806
1.75594
1.75118
1.75751
1.76786
1.77511
1.76726
1.8303
1.83488
1.83443
1.82421
1.80912
1.79699
1.78708
1.76975
1.71265
1.70228
1.69474
1.69663
1.70207
1.70008
1.69915
1.70064
1.78409
1.78397
1.78275
1.78495
1.7821
1.78145
1.78605
1.78178
1.75675
1.73196
1.71192
1.69348
1.66903
1.64371
1.62118
1.60058
1.60273
1.58972
1.57342
1.56157
1.54641
1.53078
1.51956
1.50598
1.58099
1.56605
1.55902
1.53494
1.51069
1.4784
1.45411
1.44118
1.42803
1.3864
1.37975
1.37514
1.37181
1.36675
1.36129
1.3502
1.33326
1.40193
1.3832
1.36986
1.35534
1.33858
1.32278
1.30533
1.28924
1.33844
1.32204
1.31083
1.29949
1.29437
1.28592
1.27295
1.26888
1.27523
1.26867
1.25804
1.24187
1.2303
1.21156
1.19911
1.19356
1.29792
1.28504
1.27063
1.25532
1.24219
1.2252
1.20695
1.18664
1.21869
1.21515
1.21824
1.22461
1.22446
1.21726
1.20812
1.19114
1.17451
1.25134
1.23621
1.21685
1.20061
1.1871
1.17019
1.15271
1.13246
1.20344
1.18441
1.15826
1.13606
1.11697
1.10488
1.09848
1.09565
1.09288
1.09611
1.09839
1.09384
1.08608
1.07091
1.05507
1.04084
1.10853
1.09146
1.06261
1.03251
1.00423
0.980394
0.962326
0.945348
0.965639
0.95375
0.947753
0.951241
0.953753
0.953304
0.950308
0.951243
0.985414
0.98683
0.985947
0.981843
0.97329
0.967521
0.962784
0.950229
0.933743
0.962846
0.943967
0.93066
0.909236
0.881172
0.856742
0.848308
0.853518
0.891227
0.915704
0.94123
0.969311
0.999141
1.02523
1.04566
1.06022
1.10952
1.10289
1.09354
1.08034
1.05638
1.03391
1.01179
1.00081
0.979001
0.983449
0.991264
1.00594
1.02879
1.05529
1.08191
1.12349
1.0689
1.11724
1.16337
1.20417
1.23707
1.26724
1.30174
1.33669
1.37539
1.36914
1.39954
1.43078
1.46146
1.50577
1.55679
1.6144
1.69041
1.57314
1.65433
1.70019
1.73638
1.75008
1.74083
1.72578
1.70395
1.62512
1.59878
1.58008
1.58083
1.59332
1.61015
1.62391
1.63164
1.79644
1.80749
1.81964
1.82962
1.8423
1.84369
1.83904
1.82472
1.74102
1.72297
1.69436
1.66196
1.63323
1.60679
1.58065
1.55896
1.58846
1.57684
1.57941
1.58258
1.59042
1.59773
1.60833
1.61463
1.60589
1.63941
1.60673
1.56997
1.52889
1.48728
1.44172
1.3873
1.32649
1.27003
1.2162
1.14986
1.08218
1.011
0.939913
0.881369
0.823295
0.959797
0.906749
0.857861
0.815877
0.783285
0.762199
0.746302
0.741237
0.800362
0.817674
0.838964
0.863035
0.893603
0.935488
0.977222
1.02033
1.02121
1.05864
1.08563
1.09667
1.10491
1.11275
1.11154
1.10445
1.09771
1.03763
1.04833
1.05775
1.06175
1.05555
1.06357
1.0857
1.11387
1.0766
1.12233
1.17059
1.20844
1.24161
1.26573
1.27344
1.27521
1.2481
1.23428
1.22435
1.22426
1.23362
1.25104
1.2787
1.31358
1.31192
1.33824
1.36434
1.39331
1.40716
1.41072
1.42606
1.44369
1.3616
1.35601
1.35633
1.35061
1.34637
1.34246
1.34095
1.34126
1.39654
1.38461
1.37537
1.36694
1.36196
1.3507
1.33321
1.31169
1.28758
1.18958
1.16298
1.14038
1.11384
1.0847
1.0537
1.00984
0.96613
0.945753
0.940768
0.929711
0.919634
0.89892
0.871464
0.84609
0.823052
0.876173
0.858239
0.831326
0.798354
0.774149
0.761086
0.755442
0.764462
0.738762
0.79429
0.85429
0.911749
0.961593
1.01048
1.05594
1.09325
1.01363
1.04882
1.08368
1.08802
1.10491
1.12549
1.13768
1.15399
1.02431
1.0465
1.08282
1.12172
1.15815
1.21732
1.26591
1.31835
1.3785
1.36716
1.40874
1.45073
1.47557
1.49635
1.53071
1.5742
1.60901
1.56444
1.59853
1.63534
1.67078
1.69829
1.70735
1.71945
1.71961
1.68581
1.678
1.67477
1.66559
1.65288
1.64163
1.63221
1.62524
1.68865
1.69448
1.70282
1.70982
1.71126
1.70976
1.71436
1.71362
1.8261
1.83
1.82342
1.81162
1.80859
1.79997
1.79819
1.79831
1.79875
1.87393
1.86332
1.82811
1.7912
1.74281
1.68577
1.64206
1.62226
1.72153
1.70111
1.67189
1.63564
1.61323
1.58911
1.55899
1.51755
1.6244
1.59131
1.55669
1.52643
1.50171
1.45326
1.40443
1.36319
1.45257
1.43025
1.41279
1.4058
1.40002
1.40064
1.40186
1.39156
1.44126
1.43083
1.4285
1.43394
1.44079
1.44111
1.42901
1.41061
1.39261
1.39285
1.39596
1.39059
1.39094
1.40079
1.41334
1.42188
1.41412
1.43768
1.42992
1.43088
1.43728
1.44344
1.44825
1.45957
1.47483
1.47003
1.4657
1.45847
1.45357
1.45155
1.46016
1.46844
1.44892
1.3876
1.36807
1.36932
1.37685
1.37442
1.35901
1.35001
1.34759
1.43899
1.44237
1.43407
1.42498
1.41665
1.42049
1.43212
1.43659
1.44206
1.41422
1.39629
1.38826
1.38049
1.38275
1.38266
1.38359
1.37839
1.45411
1.43052
1.41966
1.42247
1.441
1.44908
1.44167
1.42507
1.55076
1.56664
1.58132
1.58402
1.57554
1.57284
1.55954
1.55157
1.57803
1.56873
1.5505
1.54011
1.53401
1.52033
1.50474
1.48791
1.60506
1.60459
1.60328
1.59576
1.57461
1.55036
1.53513
1.53482
1.69781
1.69424
1.68519
1.67433
1.66376
1.66012
1.65975
1.65289
1.72059
1.70181
1.69018
1.67945
1.67184
1.66534
1.65348
1.64617
1.64757
1.73434
1.71841
1.70315
1.69443
1.68811
1.68969
1.69159
1.67541
1.71795
1.70109
1.68203
1.66259
1.63844
1.62007
1.61207
1.59829
1.57132
1.56895
1.57171
1.57759
1.58513
1.5884
1.58541
1.57452
1.5763
1.56721
1.56941
1.57201
1.57425
1.57477
1.57153
1.56126
1.51817
1.51281
1.50388
1.49082
1.47452
1.46386
1.44323
1.42486
1.40773
1.35221
1.35863
1.36486
1.3701
1.3829
1.39857
1.41761
1.44044
1.44283
1.46564
1.49102
1.49736
1.49788
1.48973
1.47716
1.45226
1.40242
1.39721
1.39016
1.38619
1.3875
1.3955
1.41409
1.43995
1.41551
1.43939
1.46485
1.49189
1.52134
1.53273
1.53041
1.52506
1.34255
1.31314
1.29965
1.29729
1.31608
1.32276
1.33779
1.3547
1.27409
1.29368
1.31711
1.33687
1.34938
1.37216
1.37854
1.36187
1.34215
1.30395
1.28984
1.28725
1.29177
1.29038
1.30714
1.3155
1.33872
1.31406
1.33349
1.36507
1.39114
1.41112
1.4252
1.43437
1.42337
1.37007
1.3498
1.33214
1.32663
1.33219
1.33488
1.34193
1.34869
1.44799
1.44468
1.43623
1.4303
1.43187
1.42609
1.41249
1.38638
1.45573
1.4526
1.44968
1.44002
1.42805
1.41813
1.41006
1.40077
1.49134
1.48196
1.46921
1.46176
1.46646
1.4774
1.48767
1.48873
1.48922
1.49625
1.48766
1.46955
1.45123
1.43669
1.43124
1.44337
1.4626
1.54715
1.55599
1.56003
1.54886
1.53706
1.52655
1.51768
1.51453
1.34939
1.35524
1.35654
1.35722
1.34766
1.31664
1.27193
1.24617
1.29971
1.31277
1.3302
1.34444
1.3521
1.35893
1.35762
1.34819
1.5432
1.53309
1.52592
1.53265
1.5454
1.55688
1.5712
1.57716
1.54142
1.59884
1.59796
1.58541
1.57802
1.57891
1.59144
1.60464
1.61566
1.45193
1.44438
1.42652
1.40474
1.38957
1.38937
1.38682
1.39701
1.52377
1.54558
1.56344
1.56528
1.53284
1.51801
1.52875
1.54959
1.59692
1.60001
1.59225
1.58417
1.56893
1.55494
1.5567
1.57872
1.61434
1.64818
1.66979
1.6758
1.67031
1.65845
1.64509
1.63822
1.48761
1.49783
1.51374
1.5264
1.52974
1.51933
1.50869
1.49985
1.50227
1.50576
1.52905
1.5458
1.55703
1.56388
1.56149
1.55049
1.53583
1.49613
1.50155
1.50993
1.52415
1.53401
1.53421
1.5261
1.5174
1.49332
1.49018
1.50059
1.51362
1.52706
1.54346
1.55957
1.56874
1.54907
1.54434
1.54113
1.54008
1.54801
1.57156
1.59852
1.62067
1.5829
1.57235
1.55319
1.54311
1.54464
1.54811
1.55327
1.56444
1.5363
1.55233
1.55764
1.55457
1.54321
1.52974
1.5087
1.49409
1.49394
1.47259
1.49311
1.50049
1.50614
1.50159
1.49868
1.49406
1.49975
1.48622
1.49079
1.49399
1.50019
1.51547
1.52644
1.5391
1.5506
1.56103
1.56557
1.5708
1.57371
1.57309
1.57427
1.57983
1.59963
1.61016
1.63539
1.65002
1.65835
1.66167
1.65574
1.65224
1.65883
1.62097
1.65034
1.67662
1.6958
1.70505
1.70918
1.70184
1.68964
1.63532
1.62753
1.63619
1.64987
1.67861
1.69906
1.71454
1.71833
1.71148
1.69142
1.68987
1.69351
1.71086
1.73547
1.76027
1.77451
1.78865
1.76032
1.74764
1.73771
1.74283
1.76277
1.79512
1.81781
1.82374
1.75501
1.73444
1.72695
1.72768
1.7437
1.76137
1.76738
1.77911
1.72786
1.73193
1.727
1.71974
1.71756
1.72258
1.72895
1.73598
1.70152
1.70086
1.69372
1.68459
1.67247
1.65636
1.6513
1.65345
1.64748
1.60813
1.60495
1.60759
1.61421
1.61036
1.5922
1.58458
1.58908
1.62801
1.62317
1.61946
1.61254
1.62274
1.63289
1.62742
1.62379
1.60371
1.59095
1.58854
1.58489
1.57419
1.56974
1.5759
1.59258
1.6199
1.62012
1.62742
1.62491
1.61405
1.59886
1.58468
1.56926
1.56727
1.57902
1.60743
1.63871
1.64772
1.64329
1.62649
1.60727
1.58325
1.56626
1.55827
1.56128
1.58903
1.61403
1.63347
1.64049
1.62923
1.63608
1.61115
1.59976
1.60537
1.63426
1.66416
1.68617
1.68992
1.68442
1.6678
1.63797
1.62142
1.61759
1.62132
1.63571
1.64969
1.67523
1.68128
1.67981
1.66843
1.64795
1.63174
1.61713
1.62045
1.64548
1.67319
1.68425
1.68449
1.66158
1.64943
1.64069
1.63679
1.62967
1.63802
1.65913
1.68164
1.68491
1.6745
1.65473
1.62128
1.59476
1.59162
1.61577
1.63813
1.65697
1.6613
1.65267
1.64064
1.63583
1.64351
1.63792
1.65423
1.67163
1.69805
1.6983
1.71055
1.70498
1.69499
1.67601
1.66425
1.65082
1.67349
1.70486
1.71804
1.73004
1.69861
1.67761
1.6552
1.65068
1.64674
1.66258
1.67738
1.69039
1.69936
1.71007
1.69942
1.67977
1.66284
1.64777
1.64571
1.64571
1.66367
1.67546
1.69338
1.70101
1.67423
1.64848
1.63333
1.63614
1.6542
1.69302
1.69962
1.71632
1.719
1.71686
1.69167
1.68681
1.68038
1.69225
1.70518
1.72307
1.7456
1.75774
1.73837
1.70556
1.69306
1.6593
1.65411
1.65967
1.67911
1.69485
1.69328
1.69527
1.6852
1.70048
1.67772
1.65507
1.64576
1.65248
1.66294
1.67839
1.68966
1.69486
1.67355
1.65196
1.64201
1.63973
1.64492
1.65245
1.64169
1.65816
1.65853
1.65197
1.65528
1.66758
1.67215
1.67508
1.68048
1.67288
1.67354
1.6737
1.65751
1.65989
1.66845
1.68705
1.72781
1.74369
1.77026
1.76627
1.7592
1.73612
1.73008
1.73161
1.74102
1.7758
1.76689
1.78922
1.809
1.80962
1.80349
1.7796
1.7584
1.75109
1.73353
1.75225
1.79337
1.79943
1.80088
1.78098
1.75477
1.73328
1.73578
1.75815
1.78512
1.79748
1.80988
1.80667
1.79702
1.7718
1.74411
1.70805
1.68876
1.69002
1.70434
1.72452
1.74629
1.75677
1.75227
1.75149
1.74194
1.72949
1.73281
1.74297
1.77597
1.80021
1.82243
1.76908
1.77411
1.77341
1.75162
1.73436
1.72516
1.72981
1.74124
1.64912
1.66323
1.65939
1.65589
1.65385
1.6459
1.64191
1.64779
1.57588
1.55904
1.55662
1.56543
1.577
1.58756
1.60515
1.62105
1.4878
1.48616
1.47805
1.4722
1.47074
1.47912
1.48038
1.48221
1.48823
1.41181
1.42136
1.43836
1.46205
1.46291
1.45041
1.44509
1.45377
1.43719
1.45279
1.46719
1.47921
1.48204
1.4822
1.49196
1.49846
1.40934
1.40691
1.40349
1.39324
1.37977
1.37393
1.37811
1.39019
1.3911
1.41201
1.42028
1.41572
1.42864
1.45384
1.47658
1.49339
1.43859
1.44239
1.44033
1.44759
1.46672
1.47389
1.46796
1.45986
1.44659
1.34219
1.33994
1.34867
1.35637
1.35926
1.35939
1.35415
1.34384
1.33357
1.34759
1.36832
1.38101
1.38659
1.39318
1.39833
1.41217
1.37004
1.37407
1.36528
1.3625
1.36749
1.36919
1.36947
1.37191
1.32436
1.32997
1.33784
1.34825
1.34326
1.32251
1.32369
1.35222
1.35421
1.36839
1.3634
1.34845
1.33343
1.33143
1.33436
1.33326
1.27619
1.28983
1.29495
1.28826
1.28486
1.29261
1.30758
1.32607
1.34395
1.3363
1.33141
1.33393
1.35498
1.38696
1.41397
1.43601
1.44786
1.37139
1.38264
1.40215
1.41382
1.40634
1.3983
1.39533
1.40179
1.30084
1.31786
1.35267
1.38575
1.40265
1.4148
1.40334
1.37906
1.30596
1.30403
1.32286
1.34486
1.36257
1.38416
1.4114
1.42096
1.34521
1.33073
1.31623
1.31074
1.31471
1.31265
1.3086
1.32009
1.3493
1.36616
1.37483
1.38147
1.38009
1.38147
1.39934
1.44024
1.48629
1.49826
1.54759
1.59431
1.62862
1.65398
1.66945
1.65532
1.63549
1.4732
1.46825
1.45313
1.42646
1.41415
1.41868
1.44046
1.48616
1.523
1.52966
1.52888
1.52791
1.54703
1.57764
1.60707
1.63038
1.56299
1.57502
1.60124
1.63618
1.6369
1.61644
1.5956
1.576
1.49495
1.48728
1.49063
1.51764
1.54648
1.59515
1.61456
1.6149
1.60147
1.62362
1.67214
1.72796
1.75505
1.77726
1.80676
1.82164
1.85022
1.83291
1.84645
1.83812
1.83582
1.85242
1.85792
1.86673
1.89115
1.86653
1.8796
1.8865
1.90198
1.90356
1.82541
1.7416
1.68075
1.66406
1.62238
1.57423
1.52507
1.48006
1.44418
1.42458
1.4062
1.51494
1.48139
1.44794
1.42279
1.40316
1.38571
1.36216
1.3284
1.26677
1.3084
1.27465
1.24356
1.22767
1.23785
1.27398
1.31561
1.35544
1.41828
1.44805
1.47035
1.49472
1.52425
1.54788
1.56321
1.57057
1.57848
1.58962
1.60278
1.62057
1.64896
1.68381
1.7091
1.72511
1.6373
1.64816
1.66405
1.68665
1.7129
1.73745
1.75934
1.77337
1.73254
1.75116
1.76984
1.77131
1.76454
1.76247
1.76449
1.7703
1.71276
1.72635
1.76179
1.78843
1.79834
1.81409
1.83147
1.84639
1.86335
1.73807
1.75211
1.76234
1.77291
1.77744
1.78669
1.79795
1.8096
1.83228
1.84741
1.85729
1.8739
1.88385
1.88461
1.90046
1.92727
1.81758
1.85085
1.87315
1.88793
1.89482
1.90528
1.91412
1.91671
1.83287
1.83226
1.83462
1.8426
1.84655
1.84222
1.83559
1.83048
1.76106
1.75922
1.76116
1.7586
1.75797
1.7669
1.7799
1.79601
1.62475
1.63849
1.65585
1.66766
1.67557
1.68206
1.68625
1.69016
1.68715
1.62828
1.62314
1.61152
1.59889
1.59713
1.60044
1.60321
1.59636
1.52224
1.53003
1.52431
1.5132
1.5038
1.49945
1.49672
1.50033
1.43067
1.43564
1.44178
1.44533
1.43934
1.42924
1.42259
1.41239
1.35576
1.32118
1.28062
1.24048
1.21289
1.19737
1.19973
1.23191
1.28409
1.3358
1.39282
1.45518
1.52296
1.58799
1.64597
1.69272
1.76161
1.78397
1.80496
1.82565
1.84076
1.85358
1.84679
1.8365
1.82663
1.91341
1.91222
1.91913
1.9373
1.95962
1.99851
2.03578
2.07529
2.08517
2.10453
2.11733
2.1229
2.1187
2.10697
2.09935
2.08574
2.13346
2.12636
2.10737
2.0714
2.05168
2.03238
2.01546
1.99525
2.02833
2.01732
2.02504
2.04645
2.0617
2.08984
2.11164
2.12353
2.09952
2.11019
2.11505
2.11774
2.11374
2.10311
2.09127
2.07383
2.06485
2.09594
2.07495
2.05889
2.03807
2.02273
2.01372
2.01834
2.0223
1.97964
1.99445
2.01231
2.02922
2.02869
2.03295
2.03694
2.03877
2.01199
2.00733
1.99878
1.99543
1.98331
1.97972
1.98349
1.99401
1.98933
1.99662
2.00429
2.0208
2.04233
2.06896
2.09448
2.10497
2.00027
1.99772
1.99502
2.00399
2.00727
2.00931
2.00883
2.00535
2.08855
2.0828
2.07403
2.08134
2.10302
2.11856
2.14524
2.17087
2.20038
2.23746
2.25121
2.26216
2.24845
2.22114
2.19626
2.17978
2.16428
2.04579
2.02678
2.01345
2.00313
2.00035
2.00433
2.0076
2.01197
2.0933
2.10221
2.10501
2.10238
2.08406
2.06257
2.03837
2.03346
2.07533
2.07645
2.09254
2.10901
2.11289
2.11548
2.11042
2.12792
2.21252
2.23402
2.28381
2.31748
2.33438
2.32835
2.32274
2.32879
2.35016
2.36038
2.3618
2.35274
2.34297
2.31817
2.29616
2.2767
2.264
2.20402
2.21199
2.22695
2.24602
2.2647
2.26505
2.2757
2.29079
2.37942
2.40346
2.41905
2.43116
2.4601
2.48521
2.49654
2.49213
2.3769
2.38068
2.38383
2.38884
2.38231
2.37916
2.35965
2.34562
2.24592
2.22743
2.20948
2.20413
2.19558
2.19077
2.21291
2.22922
2.46485
2.47873
2.48566
2.48064
2.48671
2.48793
2.48415
2.47948
2.46658
2.4266
2.4234
2.4149
2.40936
2.39419
2.38124
2.36161
2.34531
2.31639
2.30959
2.29401
2.28765
2.28318
2.2853
2.28952
2.29437
2.40165
2.40911
2.40405
2.40834
2.40772
2.39653
2.38481
2.3832
2.32996
2.32979
2.32523
2.32224
2.31802
2.31008
2.30552
2.29936
2.39462
2.39151
2.39519
2.40267
2.41376
2.42706
2.4441
2.45718
2.50177
2.50291
2.49555
2.49882
2.50682
2.50899
2.50601
2.50578
2.50038
2.40799
2.39296
2.37811
2.36171
2.35665
2.35532
2.3623
2.37834
2.46524
2.50245
2.52575
2.54226
2.54655
2.54651
2.53316
2.52185
2.416
2.4106
2.40431
2.38198
2.36091
2.33766
2.31527
2.28976
2.3219
2.29767
2.28462
2.27891
2.2731
2.27508
2.27264
2.26919
2.35477
2.3481
2.33883
2.32525
2.31555
2.29923
2.29549
2.28992
2.27443
2.19231
2.17167
2.15286
2.13111
2.10772
2.08584
2.07252
2.06848
2.18222
2.19736
2.21697
2.25205
2.29087
2.32563
2.35417
2.37357
2.36868
2.3798
2.38691
2.38665
2.37881
2.3554
2.32721
2.30663
2.17273
2.14933
2.11972
2.09515
2.08314
2.07173
2.06475
2.04993
2.16577
2.16343
2.17409
2.18503
2.18436
2.17567
2.16434
2.15225
2.14814
2.14096
2.14038
2.13346
2.11043
2.0807
2.06204
2.03524
2.01019
2.03094
2.00482
1.98457
1.96804
1.95892
1.95301
1.95973
1.97161
2.14299
2.14202
2.14071
2.14178
2.13677
2.11465
2.09639
2.08715
2.08658
2.05822
2.01861
1.98139
1.95253
1.93214
1.9177
1.91062
1.96965
1.96682
1.97582
2.00031
2.03239
2.05621
2.0702
2.09699
2.13661
2.15887
2.17605
2.15901
2.14489
2.10954
2.07717
2.03564
1.89483
1.8635
1.84372
1.8255
1.79413
1.76324
1.74574
1.73345
1.73401
1.86686
1.87163
1.87884
1.88278
1.88722
1.88179
1.86693
1.84773
1.87282
1.86211
1.85157
1.83774
1.81268
1.78487
1.76086
1.74688
1.75572
1.72976
1.70773
1.69225
1.68458
1.67594
1.66682
1.66773
1.79133
1.79684
1.79405
1.7954
1.79912
1.80028
1.7969
1.79148
1.75098
1.74444
1.72786
1.70797
1.69279
1.68569
1.67696
1.66645
1.65258
1.63751
1.63244
1.63394
1.6337
1.63269
1.63694
1.6451
1.64771
1.69689
1.69037
1.67831
1.66508
1.6554
1.65242
1.64503
1.62727
1.56963
1.56744
1.57006
1.57
1.55832
1.54558
1.53742
1.5396
1.66877
1.67571
1.68502
1.70007
1.71677
1.72923
1.74662
1.76063
1.76062
1.77421
1.78955
1.80715
1.80819
1.7883
1.77049
1.76145
1.70041
1.70059
1.69798
1.68591
1.67578
1.66012
1.64366
1.64319
1.6373
1.68378
1.69718
1.70745
1.71543
1.71596
1.71161
1.70334
1.68704
1.59588
1.60198
1.60563
1.60522
1.60191
1.59827
1.59052
1.57865
1.58031
1.5684
1.55842
1.5515
1.55149
1.55313
1.56353
1.58364
1.66932
1.68108
1.68461
1.68362
1.68003
1.67189
1.6664
1.66658
1.54993
1.53758
1.52578
1.51979
1.51204
1.49945
1.48893
1.4834
1.48326
1.54763
1.54756
1.55161
1.56094
1.5722
1.57999
1.58992
1.59452
1.59298
1.59392
1.5902
1.59406
1.59592
1.59231
1.57403
1.56418
1.47812
1.47493
1.46457
1.45377
1.44198
1.43677
1.43446
1.44015
1.55138
1.55808
1.56708
1.57367
1.57838
1.57822
1.57551
1.57025
1.51699
1.51582
1.51886
1.52442
1.52595
1.5287
1.53417
1.54199
1.48033
1.48814
1.49538
1.49843
1.50357
1.5132
1.51758
1.52601
1.53519
1.57237
1.58546
1.59414
1.60386
1.6067
1.60077
1.60855
1.61311
1.52929
1.53166
1.53022
1.53396
1.5413
1.53952
1.52984
1.51011
1.52985
1.53395
1.54014
1.54583
1.54836
1.54813
1.55006
1.55913
1.5629
1.55404
1.54565
1.51949
1.50001
1.49076
1.47709
1.46994
1.40414
1.41652
1.42776
1.44093
1.44752
1.44264
1.43769
1.44001
1.47811
1.48314
1.49038
1.50201
1.5094
1.51682
1.52329
1.53947
1.55099
1.48032
1.47834
1.47634
1.47565
1.47182
1.4716
1.48107
1.49621
1.45541
1.46693
1.4659
1.46746
1.47874
1.49277
1.50306
1.51746
1.4999
1.51204
1.52318
1.52704
1.52933
1.54078
1.55283
1.57276
1.42368
1.44043
1.45908
1.47512
1.50047
1.53161
1.56564
1.58837
1.56974
1.58645
1.61004
1.63546
1.65263
1.66841
1.6802
1.68656
1.7082
1.70429
1.69551
1.69741
1.69637
1.70859
1.72337
1.73261
1.73963
1.71667
1.71799
1.71214
1.70746
1.68543
1.66833
1.66037
1.66262
1.75964
1.75634
1.75463
1.75354
1.74462
1.73072
1.7103
1.69276
1.65344
1.62529
1.6096
1.59652
1.57817
1.55994
1.54756
1.54054
1.56495
1.5493
1.53218
1.52524
1.52151
1.51702
1.51565
1.5271
1.61168
1.62554
1.63279
1.64078
1.64403
1.6488
1.65617
1.66076
1.66023
1.59137
1.57143
1.56551
1.56155
1.55634
1.55006
1.53275
1.5234
1.58517
1.5871
1.58393
1.57773
1.56853
1.57026
1.57508
1.57767
1.59518
1.5927
1.59859
1.60442
1.61222
1.62158
1.62658
1.63848
1.6402
1.65299
1.66301
1.66988
1.67018
1.6717
1.67351
1.67653
1.7318
1.7361
1.74652
1.75363
1.7683
1.76974
1.76246
1.75682
1.67232
1.66737
1.67011
1.6704
1.66631
1.66286
1.66032
1.66208
1.66183
1.66474
1.65668
1.63573
1.62053
1.60983
1.59711
1.58987
1.58853
1.6516
1.6571
1.65609
1.65389
1.64781
1.64859
1.6438
1.64994
1.60647
1.61129
1.62108
1.62748
1.63316
1.62787
1.62386
1.62439
1.68299
1.68958
1.69069
1.69101
1.70107
1.70286
1.6977
1.69283
1.67319
1.66519
1.65876
1.66949
1.68275
1.69902
1.71284
1.72065
1.72502
1.63742
1.63971
1.641
1.64807
1.65399
1.66438
1.67304
1.68093
1.75895
1.77031
1.78107
1.79115
1.80207
1.81359
1.83188
1.84796
1.80873
1.82943
1.85333
1.86874
1.8932
1.90205
1.91128
1.92372
1.87376
1.88623
1.89171
1.89473
1.89066
1.88858
1.89113
1.88742
1.91216
1.91259
1.90737
1.90757
1.90511
1.8884
1.8692
1.86885
1.77069
1.76575
1.7572
1.75005
1.74448
1.73343
1.72449
1.71545
1.70986
1.81124
1.79638
1.77768
1.77109
1.77586
1.77754
1.77237
1.76937
1.74915
1.75453
1.75493
1.75286
1.76083
1.7731
1.78638
1.78594
1.745
1.74
1.73441
1.72781
1.72465
1.7237
1.71319
1.70187
1.84466
1.84248
1.83528
1.82446
1.81217
1.80034
1.78946
1.78167
1.62547
1.61589
1.61229
1.62826
1.64915
1.66827
1.68959
1.71692
1.67556
1.69374
1.71882
1.74449
1.76381
1.78556
1.82021
1.85427
1.89949
1.85563
1.90065
1.94509
1.99794
2.04839
2.09735
2.15272
2.20137
2.12555
2.17677
2.20763
2.23138
2.24092
2.24933
2.24421
2.24646
2.26622
2.25966
2.25882
2.26407
2.2783
2.28972
2.29376
2.29291
2.22221
2.20606
2.18473
2.16012
2.12208
2.08934
2.06575
2.04801
2.04584
2.02539
2.00582
1.98838
1.97126
1.95905
1.94639
1.94199
1.94448
2.08697
2.08935
2.07635
2.0702
2.05976
2.03505
2.00743
1.98332
1.88819
1.85031
1.82108
1.79491
1.76798
1.73991
1.71279
1.68663
1.79267
1.77579
1.75335
1.73064
1.70867
1.69443
1.68058
1.67085
1.71129
1.68934
1.67043
1.66922
1.68266
1.70303
1.72651
1.74112
1.68492
1.71983
1.75772
1.77619
1.78418
1.79321
1.79867
1.80358
1.87646
1.86754
1.86315
1.86775
1.87334
1.88682
1.89541
1.90315
1.91762
1.89586
1.92115
1.94193
1.96634
1.98677
2.00278
2.01681
2.02917
2.02132
2.03719
2.03909
2.04228
2.06286
2.08248
2.08519
2.08346
2.15573
2.17496
2.18001
2.19465
2.19503
2.21683
2.21774
2.2261
2.13949
2.13473
2.12866
2.1111
2.10275
2.09783
2.09842
2.08939
2.16463
2.15741
2.15802
2.15318
2.15319
2.14771
2.15402
2.14877
2.14629
2.2303
2.22732
2.21338
2.19785
2.18575
2.18283
2.16956
2.15476
2.15376
2.14347
2.1342
2.11606
2.10514
2.09508
2.07882
2.06197
2.18132
2.15514
2.13093
2.11746
2.10845
2.09753
2.08763
2.07298
2.08086
2.06391
2.04859
2.03952
2.02704
2.01638
2.00774
1.99832
2.07479
2.05931
2.04548
2.04177
2.03383
2.02488
2.01214
2.00118
2.08449
2.08669
2.07893
2.06624
2.05096
2.03091
2.01257
1.98543
1.95614
1.89359
1.87102
1.85448
1.84111
1.82454
1.80913
1.79817
1.78576
1.91994
1.90598
1.89127
1.87238
1.85186
1.83724
1.82311
1.81106
1.81548
1.80208
1.78809
1.77299
1.75634
1.74612
1.73132
1.72097
1.75413
1.74997
1.74073
1.7258
1.71185
1.70315
1.69758
1.69067
1.81637
1.80865
1.79863
1.79423
1.79354
1.7915
1.78757
1.78541
1.7586
1.75364
1.74671
1.73535
1.7197
1.69893
1.68555
1.67597
1.67117
1.66782
1.65929
1.64355
1.63201
1.61981
1.60625
1.59096
1.5892
1.69434
1.69739
1.69867
1.6988
1.71232
1.71407
1.70813
1.70264
1.62331
1.604
1.58268
1.57176
1.56566
1.55572
1.54281
1.53675
1.60533
1.5993
1.59203
1.58528
1.5755
1.57774
1.58076
1.58203
1.6409
1.64776
1.66346
1.66501
1.65967
1.65528
1.65051
1.63706
1.61661
1.56114
1.56297
1.55613
1.54979
1.54374
1.53876
1.52543
1.5232
1.73235
1.73075
1.73483
1.73354
1.72724
1.71536
1.7068
1.70234
1.69517
1.68363
1.6645
1.64548
1.61459
1.57544
1.52878
1.48898
1.61403
1.57597
1.54707
1.52504
1.50466
1.48447
1.45955
1.44821
1.88645
1.88757
1.88843
1.87812
1.86461
1.84838
1.83218
1.80948
1.9909
1.96534
1.93506
1.90277
1.87005
1.84171
1.81028
1.78824
1.76962
1.98474
1.96973
1.95917
1.9627
1.95205
1.94239
1.92801
1.91755
1.94243
1.93544
1.92918
1.93256
1.93741
1.92947
1.94032
1.9747
1.99303
2.02892
2.07795
2.13483
2.18904
2.24482
2.28915
2.3257
1.62534
1.67227
1.69719
1.69845
1.68703
1.70285
1.73575
1.78297
1.23668
1.27658
1.31758
1.36939
1.41727
1.45987
1.49327
1.54274
1.44817
1.49897
1.54032
1.56658
1.59519
1.63242
1.66107
1.67072
1.67981
1.60706
1.6
1.56414
1.52391
1.50024
1.49224
1.49695
1.49688
1.43776
1.43716
1.44802
1.46034
1.46284
1.46203
1.45353
1.45046
1.50869
1.51394
1.52172
1.52716
1.52937
1.52953
1.53097
1.53162
1.53825
1.54031
1.53213
1.52231
1.51826
1.52015
1.52106
1.51912
1.50189
1.49653
1.49773
1.51822
1.55236
1.57575
1.57229
1.56027
1.56432
1.53559
1.55002
1.56208
1.56587
1.5651
1.56468
1.55898
1.55206
1.50864
1.49151
1.46701
1.43487
1.41053
1.39678
1.38896
1.38711
1.41649
1.42562
1.42083
1.4073
1.40489
1.42105
1.43974
1.4346
1.43568
1.41315
1.40496
1.41108
1.42101
1.4307
1.44744
1.46979
1.50816
1.52627
1.52405
1.51622
1.51204
1.50733
1.49045
1.46501
1.39157
1.37239
1.36313
1.36588
1.37696
1.38512
1.38714
1.3975
1.41668
1.49356
1.50789
1.49162
1.47456
1.47074
1.48848
1.50891
1.52787
1.51204
1.51169
1.50525
1.50004
1.50124
1.51664
1.51787
1.50768
1.46481
1.45771
1.45287
1.44732
1.43438
1.42632
1.43338
1.44066
1.46054
1.4596
1.45208
1.45303
1.45657
1.46292
1.46744
1.47642
1.51572
1.51261
1.49791
1.48169
1.48585
1.50688
1.52165
1.52538
1.49982
1.48341
1.4686
1.45125
1.42797
1.40557
1.40208
1.4165
1.43745
1.47501
1.47152
1.46919
1.47691
1.49027
1.50717
1.51296
1.51219
1.51773
1.52362
1.52615
1.52401
1.51561
1.49702
1.46652
1.43496
1.40808
1.40147
1.39586
1.38185
1.36795
1.37596
1.39277
1.4071
1.4797
1.48839
1.49043
1.49135
1.48926
1.49473
1.50609
1.51416
1.49427
1.48277
1.48089
1.48942
1.49173
1.49312
1.50179
1.49752
1.47897
1.44605
1.41703
1.39988
1.39513
1.39092
1.38542
1.37414
1.35622
1.39466
1.38892
1.39462
1.40368
1.41691
1.42299
1.43081
1.44279
1.50157
1.51072
1.51416
1.5226
1.52925
1.53226
1.52375
1.51743
1.49449
1.4718
1.43047
1.38314
1.35206
1.33637
1.33053
1.33106
1.38671
1.38842
1.39113
1.39495
1.40367
1.41522
1.42491
1.42541
1.4706
1.46521
1.45848
1.45487
1.45644
1.4605
1.47035
1.47811
1.47726
1.4654
1.45697
1.46471
1.46702
1.45251
1.42654
1.40261
1.38945
1.4043
1.39964
1.40064
1.40319
1.40537
1.39797
1.3914
1.38741
1.45954
1.46878
1.47369
1.47321
1.47577
1.48407
1.49386
1.50086
1.5122
1.51787
1.52547
1.53871
1.54472
1.54185
1.54467
1.54914
1.50149
1.48537
1.4751
1.47496
1.48553
1.49836
1.50519
1.51297
1.51837
1.51713
1.52877
1.53743
1.55247
1.57017
1.58997
1.59629
1.59341
1.52433
1.5241
1.52393
1.52663
1.52896
1.53672
1.54806
1.56046
1.48405
1.49428
1.5073
1.51353
1.51459
1.51535
1.50521
1.48088
1.36001
1.35243
1.35855
1.36495
1.3678
1.37103
1.38138
1.39995
1.38888
1.39406
1.39085
1.38494
1.37157
1.3603
1.34984
1.34461
1.26961
1.27174
1.26863
1.26251
1.25881
1.25388
1.25651
1.26227
1.25871
1.14943
1.14189
1.14249
1.14416
1.14693
1.13983
1.13988
1.14014
1.11893
1.11905
1.11252
1.10374
1.09385
1.08464
1.07281
1.06793
1.03272
1.03311
1.03305
1.03878
1.05222
1.06864
1.07766
1.08702
1.07308
1.08226
1.09324
1.1054
1.11861
1.12959
1.1315
1.13278
1.12823
1.12878
1.12116
1.10697
1.09515
1.09411
1.104
1.11981
1.12574
1.13715
1.14799
1.1631
1.16307
1.16432
1.17669
1.19148
1.21242
1.20581
1.22755
1.23486
1.23883
1.2413
1.24224
1.24909
1.2489
1.34667
1.34182
1.33731
1.33593
1.34023
1.34398
1.3461
1.34863
1.32378
1.3468
1.37024
1.398
1.43481
1.47209
1.50555
1.53698
1.51223
1.53068
1.54228
1.55217
1.57248
1.58728
1.58981
1.58688
1.62488
1.63987
1.65563
1.67218
1.68233
1.70126
1.72104
1.74365
1.76461
1.641
1.65444
1.67411
1.69034
1.70361
1.71132
1.7208
1.72523
1.76883
1.78627
1.79999
1.8078
1.81529
1.82804
1.83735
1.84196
1.85215
1.85822
1.87285
1.88781
1.90252
1.91423
1.9324
1.95082
1.85283
1.84597
1.82007
1.79264
1.77916
1.77663
1.7797
1.78657
1.88633
1.88754
1.88882
1.89561
1.9009
1.90436
1.91331
1.91996
1.84392
1.84124
1.84252
1.84319
1.83773
1.83911
1.84539
1.84099
1.82195
1.80845
1.79688
1.79778
1.79705
1.7958
1.79729
1.79773
1.79742
1.98447
1.97604
1.96944
1.96771
1.9643
1.95073
1.92815
1.91014
1.8352
1.82452
1.81049
1.79718
1.78244
1.76646
1.75748
1.75417
1.81983
1.82238
1.82685
1.82329
1.81798
1.8165
1.81816
1.81704
1.84507
1.84493
1.84575
1.84912
1.85824
1.87169
1.8812
1.89182
1.89782
1.87906
1.87904
1.87791
1.87853
1.87338
1.87051
1.87214
1.87212
1.96582
1.96263
1.96128
1.95419
1.95047
1.94258
1.93761
1.93149
1.84975
1.85214
1.85651
1.85299
1.84899
1.83932
1.83334
1.82525
1.84603
1.82829
1.81749
1.81819
1.82629
1.82683
1.83079
1.83043
1.9345
1.94511
1.95862
1.9706
1.97771
1.97686
1.97036
1.97023
1.87642
1.86104
1.84577
1.83377
1.82257
1.80878
1.7927
1.77591
1.76782
1.85963
1.8652
1.85635
1.84732
1.84994
1.84089
1.82669
1.80992
1.84008
1.82122
1.7997
1.78282
1.7668
1.75004
1.73194
1.7159
1.71826
1.70268
1.68877
1.67775
1.66514
1.64955
1.63729
1.62611
1.7442
1.72972
1.71976
1.71335
1.7109
1.71025
1.71067
1.70647
1.6557
1.66306
1.67181
1.66704
1.65111
1.63843
1.62913
1.62515
1.56536
1.5664
1.56563
1.56963
1.5822
1.59851
1.61778
1.6302
1.63843
1.69887
1.70947
1.71842
1.7235
1.72858
1.73254
1.73978
1.73934
1.62544
1.62694
1.62939
1.6296
1.63687
1.64932
1.65943
1.66733
1.72449
1.73852
1.75746
1.77541
1.79421
1.8087
1.8188
1.83451
1.73281
1.74647
1.75456
1.75682
1.75684
1.75143
1.74718
1.73789
1.63372
1.6328
1.62937
1.62969
1.63943
1.64644
1.65263
1.66637
1.6658
1.78079
1.80107
1.80972
1.82629
1.84015
1.85264
1.86113
1.86581
1.70828
1.71497
1.72112
1.72409
1.72737
1.72842
1.72925
1.72955
1.72402
1.75196
1.77565
1.7859
1.79852
1.81632
1.83152
1.85041
1.82476
1.84149
1.86409
1.8917
1.91043
1.91759
1.91342
1.9075
1.79252
1.78868
1.78184
1.78339
1.78371
1.78503
1.78948
1.80352
1.86112
1.87328
1.89481
1.91918
1.94259
1.96468
1.985
2.00127
2.00442
1.90894
1.91333
1.92425
1.92705
1.92593
1.92528
1.9275
1.93241
1.8862
1.8909
1.90222
1.91022
1.90954
1.91472
1.93117
1.97018
2.02593
2.04562
2.06284
2.07207
2.06776
2.04254
2.03233
2.01138
1.92414
1.8974
1.87795
1.85891
1.84138
1.82495
1.80447
1.78812
1.84822
1.84914
1.87306
1.89291
1.91278
1.93716
1.94728
1.94564
1.95701
1.95635
1.9642
1.96885
1.96786
1.97051
1.9784
1.97905
1.98497
1.93732
1.946
1.94958
1.95241
1.95497
1.96598
1.97951
1.99384
2.01905
2.02256
2.03015
2.04689
2.06218
2.07074
2.07325
2.05868
1.98894
1.99583
2.00791
2.01299
2.00671
1.9964
1.9869
1.97809
1.96412
1.96685
1.9797
1.99432
2.00629
2.01323
2.01556
2.02988
2.06867
2.08252
2.09342
2.09335
2.08676
2.07147
2.07778
2.094
2.10906
2.03817
2.04128
2.03982
2.0371
2.03001
2.03131
2.03579
2.04733
2.06401
2.07421
2.08034
2.0834
2.10331
2.10556
2.10812
2.11012
2.10673
2.0876
2.06274
2.03616
2.01594
1.99325
1.9801
1.96498
1.95729
1.9319
1.91122
1.8939
1.89316
1.90256
1.92537
1.94858
2.04795
2.0707
2.07988
2.09033
2.07896
2.08555
2.08217
2.06609
1.97088
1.97294
1.97135
1.96471
1.96128
1.95323
1.94388
1.9329
1.9208
1.92284
1.92804
1.94055
1.94466
1.95058
1.96208
1.97068
1.97761
2.00738
2.00467
1.99975
1.9963
1.98608
1.97533
1.96756
1.95483
1.90643
1.89393
1.875
1.8535
1.8417
1.82921
1.82473
1.81943
1.86972
1.86716
1.8757
1.87994
1.87808
1.86993
1.85908
1.84289
1.7804
1.76434
1.75784
1.76061
1.76158
1.75129
1.73591
1.71416
1.73398
1.71274
1.68984
1.66784
1.64759
1.63537
1.62308
1.61112
1.59674
1.69544
1.67905
1.66547
1.64838
1.62925
1.60457
1.58548
1.57083
1.55885
1.54534
1.53146
1.51673
1.49709
1.47551
1.45269
1.42854
1.56672
1.55814
1.54809
1.53879
1.52508
1.50722
1.49566
1.48755
1.56359
1.55419
1.54176
1.51921
1.50538
1.49155
1.48141
1.47202
1.4913
1.47705
1.46321
1.44714
1.43076
1.41134
1.39357
1.37235
1.35618
1.4426
1.42449
1.40273
1.38079
1.35417
1.32403
1.28907
1.27002
1.19669
1.20317
1.2162
1.23481
1.25529
1.2707
1.28155
1.29163
1.36111
1.36341
1.36016
1.36008
1.3584
1.35341
1.34186
1.33247
1.40976
1.40454
1.40256
1.39997
1.40612
1.41894
1.43311
1.4552
1.36443
1.39536
1.42633
1.4585
1.48744
1.51442
1.54301
1.56545
1.65513
1.68454
1.72039
1.76106
1.79828
1.84057
1.8783
1.91247
1.94665
1.97317
1.98457
1.97769
1.95963
1.92775
1.88767
1.8404
1.79546
1.67648
1.63136
1.59325
1.57342
1.58032
1.60755
1.64152
1.67162
1.86734
1.89407
1.91539
1.93197
1.94268
1.9469
1.9428
1.92137
1.7729
1.73716
1.70211
1.65109
1.60283
1.56274
1.53082
1.51145
1.58882
1.58191
1.58733
1.59976
1.61939
1.6451
1.67118
1.69145
1.70241
1.77551
1.77735
1.77851
1.7726
1.7519
1.72436
1.69784
1.67297
1.49728
1.47123
1.45192
1.43688
1.42433
1.41906
1.42435
1.43783
1.55734
1.5747
1.58547
1.59672
1.6094
1.62344
1.63966
1.65469
1.57118
1.58442
1.60061
1.62032
1.63856
1.65944
1.67595
1.686
1.62991
1.63889
1.64968
1.64779
1.64391
1.64932
1.67149
1.69565
1.78228
1.79884
1.8142
1.82693
1.83489
1.8402
1.8419
1.84166
1.84219
1.72015
1.71957
1.71226
1.69048
1.66628
1.65625
1.64914
1.6511
1.69553
1.71522
1.74426
1.76676
1.78143
1.80114
1.82235
1.83499
1.84686
1.85023
1.85321
1.84875
1.83908
1.82346
1.81655
1.81131
1.67595
1.67458
1.67441
1.67638
1.66815
1.65851
1.64985
1.64867
1.70472
1.71574
1.71986
1.71893
1.72522
1.72607
1.72769
1.72202
1.71057
1.64666
1.63726
1.63287
1.63745
1.64137
1.64184
1.64346
1.64462
1.601
1.60335
1.60382
1.60344
1.60186
1.60634
1.61146
1.61159
1.60019
1.5969
1.595
1.59457
1.58637
1.57834
1.57858
1.58246
1.49777
1.5227
1.55415
1.59094
1.6229
1.65014
1.6747
1.69215
1.64719
1.65708
1.66369
1.67462
1.68343
1.68692
1.68274
1.67864
1.64813
1.64225
1.63775
1.63039
1.63358
1.64801
1.67035
1.69119
1.71059
1.72282
1.74639
1.7677
1.78622
1.80576
1.82194
1.82293
1.82902
1.85695
1.86217
1.86433
1.87037
1.87317
1.87657
1.88189
1.88654
1.90484
1.91928
1.94756
1.96986
1.98703
1.99974
2.00186
2.00095
1.971
1.97303
1.96225
1.94587
1.93557
1.92292
1.91161
1.88792
1.95135
1.93746
1.92572
1.91773
1.90596
1.89598
1.88767
1.87779
1.88001
1.88157
1.89261
1.88966
1.88444
1.87935
1.86922
1.85754
1.84553
1.87212
1.86091
1.86846
1.88843
1.89992
1.91226
1.92038
1.93399
1.99801
2.00996
2.01493
2.02211
2.02337
2.03026
2.04957
2.06278
2.02322
2.02032
2.01512
2.00359
1.98959
1.96304
1.93235
1.90307
1.96105
1.94514
1.92273
1.90805
1.89912
1.88553
1.87503
1.85846
1.81257
1.80168
1.79104
1.78553
1.79243
1.79861
1.8066
1.81405
1.83201
1.78275
1.78789
1.78763
1.7894
1.78365
1.78113
1.77538
1.7773
1.9227
1.94521
1.96292
1.9794
1.9944
1.99683
1.97685
1.94249
1.84393
1.80093
1.74659
1.69396
1.63899
1.59361
1.54934
1.51663
1.63828
1.62005
1.61346
1.59437
1.57977
1.56695
1.54229
1.51486
1.64503
1.62384
1.59653
1.55963
1.52936
1.50396
1.48517
1.47108
1.48855
1.48268
1.48133
1.48297
1.48229
1.47825
1.47133
1.46339
1.45792
1.60312
1.58521
1.57254
1.5554
1.54277
1.52652
1.5123
1.49222
1.50467
1.49679
1.48959
1.48744
1.49484
1.50215
1.51345
1.51563
1.56903
1.57443
1.56771
1.5622
1.55506
1.54837
1.54173
1.5243
1.62915
1.61453
1.59737
1.58147
1.56844
1.55875
1.54011
1.53471
1.53028
1.54327
1.56078
1.58347
1.5978
1.6071
1.61409
1.60785
1.67775
1.68024
1.6859
1.69512
1.69531
1.68971
1.68791
1.68983
1.69566
1.76038
1.77041
1.77545
1.78198
1.78063
1.76989
1.76355
1.75994
1.74728
1.73237
1.71747
1.69826
1.67996
1.65975
1.64442
1.62714
1.70531
1.6929
1.67594
1.65467
1.63397
1.62066
1.60804
1.59905
1.62799
1.62976
1.63815
1.64886
1.65137
1.65693
1.6577
1.66271
1.73848
1.72815
1.72079
1.70624
1.69609
1.68551
1.6701
1.65589
1.87072
1.8521
1.82579
1.78512
1.75115
1.71266
1.67845
1.6559
1.63035
1.82501
1.81615
1.81621
1.83693
1.86297
1.89846
1.93584
1.97106
2.12274
2.1757
2.22253
2.27377
2.3394
2.39587
2.44408
2.48207
2.23309
2.25909
2.28367
2.29723
2.31892
2.3365
2.34973
2.36334
1.84485
1.84388
1.83437
1.83317
1.8374
1.82959
1.81143
1.79951
1.41897
1.40824
1.39659
1.38933
1.3876
1.39895
1.41274
1.41974
1.43646
1.26662
1.28243
1.30064
1.31712
1.33386
1.34533
1.35042
1.35675
1.34187
1.35243
1.35932
1.35792
1.35375
1.35149
1.35578
1.36237
1.27102
1.28692
1.31213
1.33824
1.36223
1.38548
1.40573
1.4226
1.30887
1.3273
1.34592
1.36833
1.38787
1.41126
1.44386
1.48114
1.51272
1.53335
1.54771
1.56066
1.56809
1.57894
1.59976
1.6342
1.40462
1.4553
1.51597
1.572
1.61386
1.64464
1.6691
1.66012
1.65257
1.67287
1.68051
1.69529
1.70336
1.70972
1.70758
1.70785
1.71172
1.73689
1.73118
1.71002
1.67123
1.63377
1.59616
1.56749
1.53415
1.46467
1.43347
1.41607
1.39878
1.37673
1.35133
1.32419
1.29872
1.40908
1.39784
1.38854
1.38561
1.38222
1.37337
1.36877
1.36818
1.38185
1.39466
1.40906
1.4234
1.43323
1.44171
1.45293
1.46449
1.47257
1.52783
1.52467
1.52442
1.53341
1.5461
1.55395
1.54937
1.54593
1.67097
1.66307
1.65018
1.65088
1.65135
1.64152
1.63485
1.63305
1.64049
1.64888
1.66152
1.67949
1.6958
1.7038
1.71726
1.71712
1.7754
1.76724
1.76536
1.75652
1.73407
1.71885
1.68815
1.6666
1.59356
1.58464
1.57826
1.57156
1.56593
1.55985
1.5466
1.5399
1.52833
1.53261
1.53412
1.53173
1.5312
1.53644
1.54029
1.549
1.55123
1.66351
1.64574
1.64076
1.63259
1.63702
1.63417
1.63201
1.62612
1.57524
1.57058
1.56381
1.55787
1.55337
1.55541
1.55677
1.55052
1.62496
1.61599
1.61667
1.6081
1.59694
1.58959
1.5805
1.56506
1.68728
1.67246
1.6589
1.65177
1.63928
1.6254
1.60983
1.5984
1.62397
1.6127
1.60283
1.59531
1.58606
1.57256
1.55947
1.54669
1.63316
1.62737
1.61694
1.608
1.60355
1.61184
1.61933
1.62319
1.6274
1.56382
1.5559
1.55126
1.54703
1.54004
1.53486
1.53248
1.53511
1.51327
1.50852
1.50902
1.51682
1.53328
1.54123
1.54419
1.54781
1.60308
1.62323
1.64323
1.65567
1.6543
1.6384
1.6193
1.60838
1.46193
1.45563
1.45108
1.45144
1.45188
1.45452
1.45415
1.44848
1.48079
1.48233
1.48834
1.49665
1.50843
1.51845
1.52833
1.539
1.54535
1.54973
1.54853
1.55393
1.55628
1.5517
1.54105
1.52812
1.52112
1.45843
1.46377
1.4624
1.46082
1.46502
1.48187
1.49866
1.50613
1.56749
1.57211
1.58414
1.59654
1.60541
1.61164
1.62229
1.63307
1.45349
1.45641
1.44675
1.44282
1.44625
1.45134
1.45447
1.44863
1.40456
1.3993
1.40343
1.40789
1.41464
1.42342
1.43187
1.4443
1.45438
1.45857
1.46497
1.47764
1.49591
1.51891
1.54248
1.56309
1.57752
1.50941
1.52873
1.54506
1.55113
1.54989
1.5585
1.57746
1.60428
1.72284
1.74731
1.7709
1.80115
1.82725
1.83842
1.84087
1.8374
1.77784
1.76924
1.75919
1.73509
1.70536
1.68955
1.67843
1.6694
1.67485
1.65818
1.64695
1.65141
1.66125
1.67782
1.69103
1.71221
1.79891
1.82433
1.83986
1.83996
1.831
1.82028
1.81662
1.82019
1.80675
1.63209
1.60388
1.58615
1.57257
1.54969
1.51765
1.49208
1.47287
1.52044
1.5184
1.52003
1.52463
1.52849
1.5296
1.51935
1.50558
1.54323
1.52632
1.50479
1.4904
1.47539
1.45458
1.43099
1.40465
1.34104
1.31755
1.28979
1.25904
1.23421
1.21516
1.20513
1.1974
1.2922
1.28266
1.27911
1.27179
1.26069
1.24899
1.2465
1.25412
1.19691
1.20179
1.21121
1.22707
1.24337
1.25414
1.26365
1.27098
1.27178
1.29082
1.29098
1.28853
1.27844
1.26794
1.26359
1.2622
1.26938
1.27461
1.27501
1.27898
1.2975
1.32137
1.34826
1.37595
1.39881
1.36512
1.38205
1.4007
1.42392
1.43475
1.43496
1.4396
1.44316
1.56622
1.57021
1.58029
1.59732
1.61276
1.62051
1.62325
1.63001
1.56408
1.57095
1.5759
1.57745
1.57289
1.57371
1.56933
1.56733
1.59164
1.54851
1.54767
1.54914
1.54549
1.54207
1.53903
1.54139
1.54325
1.59899
1.59635
1.58729
1.58075
1.57423
1.5683
1.5613
1.5577
1.4671
1.46862
1.46412
1.45753
1.45286
1.44955
1.44403
1.44451
1.52097
1.52582
1.53433
1.53893
1.53914
1.53668
1.53069
1.53294
1.45816
1.46176
1.46838
1.47555
1.48176
1.48931
1.49073
1.49098
1.43185
1.4322
1.43484
1.43326
1.43534
1.43951
1.43439
1.43827
1.44068
1.45694
1.45677
1.45101
1.44335
1.43927
1.44124
1.44589
1.44706
1.33922
1.33804
1.34185
1.33475
1.32724
1.32917
1.33031
1.33104
1.36367
1.36195
1.35414
1.34828
1.34202
1.33207
1.32971
1.32144
1.25958
1.2658
1.27848
1.29331
1.31455
1.34027
1.36166
1.38847
1.31816
1.34615
1.36769
1.3829
1.39104
1.40206
1.41097
1.41577
1.4521
1.455
1.45971
1.46366
1.46314
1.45843
1.45899
1.45729
1.45643
1.39242
1.38571
1.3761
1.36173
1.35375
1.34156
1.33096
1.31756
1.31541
1.29546
1.27004
1.24782
1.22947
1.21649
1.20826
1.20738
1.23131
1.22639
1.21986
1.21928
1.22568
1.23115
1.24971
1.27051
1.27012
1.28288
1.29967
1.3105
1.31615
1.31853
1.31963
1.32591
1.37284
1.37206
1.37694
1.38405
1.39167
1.39777
1.39306
1.38837
1.3274
1.34588
1.36571
1.38614
1.4122
1.43056
1.44647
1.46861
1.4923
1.44349
1.45982
1.47219
1.48565
1.49617
1.50766
1.52147
1.54419
1.5721
1.59878
1.61938
1.63838
1.66607
1.70326
1.73497
1.77154
1.6381
1.66444
1.68723
1.70962
1.71951
1.70108
1.6888
1.68572
1.7349
1.7506
1.76353
1.77046
1.77859
1.79191
1.79411
1.78843
1.7858
1.75689
1.71548
1.68506
1.65823
1.62629
1.60144
1.57418
1.54997
1.52354
1.49651
1.4766
1.45891
1.44261
1.42582
1.4101
1.39405
1.51347
1.514
1.50944
1.49997
1.49577
1.5031
1.52084
1.53684
1.50352
1.5237
1.53723
1.54933
1.55057
1.54703
1.53953
1.5373
1.59605
1.58982
1.57817
1.55822
1.54721
1.54949
1.54654
1.54012
1.55336
1.53727
1.5172
1.50174
1.48916
1.48218
1.47812
1.48199
1.37556
1.38451
1.39334
1.40262
1.41063
1.42008
1.4207
1.42894
1.4374
1.45432
1.4604
1.46342
1.46755
1.47185
1.47271
1.47386
1.47643
1.43461
1.43179
1.44115
1.4513
1.46009
1.46471
1.47043
1.47107
1.4712
1.46735
1.46684
1.4593
1.45314
1.45112
1.43941
1.42885
1.47841
1.47326
1.46388
1.4515
1.43813
1.43096
1.42744
1.43373
1.40195
1.40364
1.40536
1.41065
1.42064
1.43124
1.43789
1.43607
1.46326
1.46643
1.47118
1.46913
1.4688
1.46824
1.47072
1.47609
1.47834
1.44339
1.44649
1.46058
1.475
1.49848
1.51936
1.53893
1.55933
1.48906
1.50931
1.52401
1.53714
1.54468
1.54805
1.55237
1.55703
1.51518
1.50738
1.49805
1.49744
1.49952
1.50379
1.50437
1.51535
1.40914
1.44404
1.48757
1.54235
1.58869
1.63542
1.67697
1.7014
1.66224
1.6818
1.70267
1.72997
1.75226
1.7701
1.78697
1.8057
1.82516
1.84956
1.86771
1.88006
1.89716
1.91849
1.92692
1.93069
1.9423
1.77229
1.78053
1.78122
1.78053
1.77301
1.76784
1.75905
1.75703
1.79957
1.79863
1.79169
1.78675
1.78177
1.78554
1.78376
1.77865
1.74195
1.73224
1.72359
1.7147
1.70806
1.70502
1.70128
1.70196
1.70342
1.69897
1.70152
1.69873
1.69592
1.69843
1.69419
1.68707
1.84236
1.83987
1.82994
1.82454
1.81745
1.80969
1.80458
1.79476
1.78826
1.7761
1.77939
1.77887
1.77707
1.77631
1.77273
1.76682
1.75394
1.81702
1.80956
1.80436
1.79202
1.79203
1.79318
1.80137
1.81744
1.87275
1.88357
1.90092
1.92633
1.95449
1.97664
1.99382
2.01334
2.01076
2.03914
2.05533
2.05888
2.05646
2.05293
2.05014
2.03963
2.12876
2.10982
2.09392
2.09228
2.09096
2.08714
2.08114
2.07407
2.07043
2.04314
2.04503
2.04323
2.04218
2.03648
2.02976
1.98948
1.95821
2.03983
2.02562
2.01395
2.00071
1.99007
1.98469
1.96998
1.95896
2.11252
2.09333
2.08018
2.06525
2.05285
2.03841
2.0249
2.01942
2.00669
1.97779
1.94459
1.91149
1.88607
1.86108
1.83477
1.81545
1.93923
1.92211
1.91313
1.89678
1.88041
1.86221
1.84755
1.83095
1.85068
1.83377
1.81832
1.80905
1.80037
1.78298
1.76209
1.74413
1.72625
1.72569
1.71288
1.70516
1.69135
1.68307
1.67379
1.66351
1.65952
1.79407
1.79873
1.79171
1.79459
1.79131
1.78589
1.77316
1.76284
1.66427
1.65749
1.64343
1.62815
1.61355
1.60037
1.5814
1.56765
1.66744
1.66296
1.65857
1.65653
1.65709
1.65991
1.66312
1.66538
1.77484
1.77472
1.77543
1.77855
1.77961
1.78066
1.78449
1.77742
1.74313
1.7325
1.72269
1.70915
1.68774
1.67085
1.66054
1.64899
1.64174
1.79368
1.78667
1.78164
1.78331
1.77897
1.77271
1.76094
1.74879
1.81535
1.79396
1.77532
1.75382
1.72494
1.69987
1.67682
1.65317
1.74401
1.70715
1.67348
1.64319
1.6249
1.61193
1.59481
1.58727
1.83677
1.82902
1.82165
1.81446
1.79602
1.76543
1.72865
1.69888
1.80687
1.76442
1.7204
1.68922
1.65612
1.62157
1.58892
1.56246
1.53637
1.73381
1.71914
1.70334
1.68551
1.68314
1.68383
1.68717
1.6901
1.78082
1.76697
1.7526
1.73144
1.71764
1.70432
1.67492
1.66089
1.65975
1.6678
1.6708
1.6702
1.6703
1.67071
1.66682
1.65822
1.57366
1.55713
1.56008
1.57122
1.57043
1.56435
1.5576
1.54874
1.62282
1.62872
1.63677
1.64021
1.63798
1.64125
1.65877
1.67254
1.69982
1.70676
1.70677
1.70274
1.69179
1.66933
1.65332
1.6392
1.64148
1.57404
1.58185
1.57773
1.57733
1.57266
1.5758
1.57994
1.5832
1.60583
1.62005
1.64963
1.66655
1.67609
1.68178
1.68929
1.6887
1.62491
1.59862
1.57253
1.54539
1.53522
1.53717
1.54137
1.54285
1.56504
1.56237
1.56533
1.58263
1.61147
1.63694
1.64579
1.6613
1.68842
1.70895
1.73154
1.72945
1.72763
1.72813
1.73293
1.74089
1.77876
1.64361
1.62533
1.61325
1.60838
1.60532
1.58448
1.56949
1.56761
1.61308
1.64579
1.67229
1.68891
1.70342
1.73362
1.77043
1.79986
1.78524
1.78275
1.78231
1.79995
1.82752
1.82812
1.79859
1.76742
1.68694
1.68295
1.6867
1.68746
1.68186
1.66914
1.68204
1.69923
1.75723
1.75928
1.7764
1.78279
1.78279
1.77233
1.77179
1.78172
1.83733
1.82983
1.82088
1.81088
1.80083
1.79318
1.80295
1.8035
1.81188
1.87698
1.87544
1.87822
1.88406
1.89509
1.89525
1.88276
1.88528
1.95582
1.97409
1.98835
1.99377
1.99242
1.99166
1.98882
1.98555
1.8907
1.8802
1.87611
1.87878
1.87267
1.86371
1.85852
1.85826
1.88104
1.89363
1.90819
1.91351
1.91461
1.92297
1.94507
1.96785
1.99845
1.99846
1.99893
1.99447
1.98237
1.94703
1.91819
1.90057
1.8626
1.86061
1.86091
1.86119
1.84955
1.84751
1.85658
1.85034
1.8432
1.91491
1.91154
1.92108
1.91269
1.89584
1.88639
1.86063
1.83269
1.79766
1.76629
1.73627
1.71347
1.69281
1.66788
1.63366
1.59768
1.58511
1.54899
1.52026
1.5019
1.4982
1.50891
1.52675
1.53731
1.53107
1.52845
1.52557
1.51323
1.50242
1.49544
1.49706
1.50855
1.26893
1.27727
1.28786
1.30863
1.34565
1.39055
1.43985
1.49608
1.29758
1.37197
1.48376
1.62975
1.80758
2.02353
2.28884
2.57304
2.7359
2.06154
2.22958
2.38036
2.54334
2.7422
2.91428
3.0206
3.09912
1.05386
1.1146
1.21623
1.29486
1.33968
1.39497
1.45184
1.48216
0.442169
0.460265
0.479384
0.501061
0.540085
0.597977
0.646069
0.703646
0.336608
0.422567
0.485912
0.538731
0.678035
0.828797
0.974854
1.08725
0.686533
0.714259
0.723152
0.713534
0.718023
0.72066
0.713058
0.695064
0.659249
0.502576
0.523087
0.515746
0.503625
0.525997
0.562985
0.607643
0.644477
0.613562
0.711693
0.846183
0.960872
1.03422
1.07501
1.10346
1.10683
0.986437
0.970757
0.953961
0.938047
0.946637
0.954156
0.950678
0.942489
0.854609
0.851236
0.872893
0.871082
0.845166
0.802881
0.823024
0.773453
0.612599
0.592517
0.579018
0.566599
0.537191
0.509974
0.500475
0.493799
0.261868
0.32129
0.346165
0.355448
0.340661
0.304258
0.264344
0.227576
0.200925
0.0895822
0.0835921
0.112579
0.185574
0.28395
0.393036
0.502144
0.613427
0.651858
0.762263
0.870783
0.958581
1.03754
1.12441
1.20915
1.28811
1.32125
1.38905
1.45853
1.50286
1.53771
1.5635
1.57099
1.58507
1.72702
1.76503
1.78836
1.82505
1.88955
1.94597
1.95112
1.92547
2.18021
2.17906
2.18637
2.20334
2.16365
2.15856
2.1452
2.14612
2.13167
2.99317
3.00543
3.03031
3.0339
3.04045
3.07042
3.08336
3.06024
3.83888
3.76476
3.68817
3.62292
3.53909
3.45815
3.40741
3.34635
2.79458
2.77685
2.82175
2.88601
2.94791
3.09395
2.96245
2.8416
1.70874
1.60408
1.45292
1.34238
1.2429
1.18149
1.18954
1.33201
0.747842
0.817993
0.917138
1.03654
1.19285
1.35517
1.52211
1.69012
1.23002
1.33462
1.43782
1.57132
1.74912
2.00488
2.33237
2.59423
2.81174
2.53596
2.68993
2.85265
3.01392
3.10615
3.16673
3.18524
3.16053
3.10534
3.05872
3.00811
2.94899
2.91703
2.8908
2.85559
2.81402
2.77838
2.73078
2.68329
2.63164
2.57468
2.52614
2.48662
2.45759
2.45395
2.4738
2.47442
2.46229
2.44081
2.38739
2.32226
2.25473
2.34224
2.25329
2.16394
2.07227
1.98251
1.89064
1.79998
1.72971
2.0099
1.93841
1.87058
1.79785
1.75541
1.71673
1.69692
1.68894
1.69575
2.09196
2.10551
2.11494
2.13843
2.15808
2.15468
2.13521
2.10872
2.76781
2.71613
2.66312
2.60074
2.54348
2.4711
2.38524
2.29804
2.87956
2.76225
2.65045
2.5443
2.45067
2.39852
2.40137
2.4011
3.51801
3.48287
3.44611
3.40935
3.35583
3.26048
3.14412
3.02355
3.6433
3.56644
3.52593
3.48642
3.3941
3.31396
3.21379
3.08434
2.93874
2.95784
2.85663
2.77083
2.66637
2.58105
2.51365
2.44225
2.36624
3.3007
3.31207
3.375
3.49261
3.57614
3.59133
3.56863
3.5177
4.30127
4.22605
4.156
4.11258
4.05809
4.02948
4.00181
3.98424
3.99589
4.24415
4.86173
5.51079
5.54707
5.48783
5.43517
5.4636
2.52932
2.50459
2.50597
2.51118
2.51127
2.53197
2.51299
2.53939
2.76386
2.779
2.786
2.77317
2.76008
2.73326
2.70049
2.69175
2.65393
2.85266
2.80691
2.76522
2.7115
2.68632
2.65666
2.62942
2.61364
4.2198
4.22073
4.23941
4.28229
4.32033
4.37009
4.42921
4.45882
5.33506
5.35607
5.33083
5.2658
5.15446
5.00139
4.85372
4.74192
4.86076
4.80364
4.80485
4.81497
4.81708
4.84869
4.8941
4.96258
5.09604
5.29194
5.48166
5.81522
6.36701
6.58278
6.77877
6.89526
6.88747
1.71473
1.65704
1.5474
1.49281
1.53526
1.68567
1.85159
1.9681
1.3662
1.4102
1.44685
1.47733
1.54617
1.62809
1.61672
1.65496
3.37523
3.35231
3.34653
3.33349
3.32086
3.3068
3.28715
3.27411
4.34475
4.36377
4.38305
4.4174
4.49268
4.58453
4.68587
4.81016
4.89031
5.0421
5.20256
5.25556
5.42806
5.57034
5.68691
5.81665
5.15162
5.23985
5.33459
5.43911
5.52374
5.60882
5.66449
5.72623
5.73634
2.55474
2.49067
2.453
2.40014
2.32813
2.27683
2.23738
2.22004
3.80059
3.82016
3.84001
3.87179
3.90696
3.96275
4.00699
4.06248
4.81311
4.86725
4.91387
4.93447
4.92542
4.89999
4.88621
4.84735
1.88609
1.85164
1.83662
1.79963
1.77244
1.75273
1.75332
1.73957
2.55937
2.58901
2.61945
2.67863
2.73139
2.77037
2.81701
2.85103
3.00359
3.52402
3.5267
3.50457
3.47156
3.42142
3.36009
3.30642
3.26727
3.02903
2.99174
2.9756
2.97146
2.95593
2.96059
2.95585
2.96643
4.00648
4.02127
4.0429
4.04104
4.02458
3.97834
3.91716
3.83203
3.03225
2.93795
2.86565
2.81063
2.77824
2.75108
2.7257
2.71977
4.89076
4.89511
4.89193
5.11288
5.57915
5.88649
5.92635
5.99174
2.5664
2.4472
2.3723
2.33493
2.26153
2.1555
2.20455
2.19506
2.18882
1.19782
1.2386
1.30549
1.36403
1.44924
1.54282
1.6566
1.75817
3.90275
3.91067
3.90938
3.9164
3.93135
3.92516
3.92495
3.92195
4.01388
4.09923
4.11653
4.1521
4.2093
4.25494
4.29151
4.31765
4.12718
4.15349
4.19791
4.32732
4.57563
4.81376
5.01425
5.2131
1.86674
1.92503
1.98731
2.03233
2.02606
2.01084
2.01685
2.02783
2.2413
2.27597
2.3271
2.37758
2.4369
2.50154
2.56712
2.61648
2.64624
5.65217
5.66195
5.69067
5.68712
5.72478
5.71065
5.69753
5.71422
5.17346
5.2399
5.30833
5.38062
5.45921
5.54079
5.59938
5.67079
4.61871
4.65276
4.66922
4.69922
4.68928
4.68414
4.65794
4.64469
2.58065
2.54998
2.5254
2.50501
2.49472
2.49995
2.4866
2.48754
3.34912
3.38919
3.43299
3.4563
3.48623
3.50305
3.51434
3.51594
2.69984
2.69162
2.65513
2.59237
2.53491
2.49735
2.46703
2.44122
2.40937
2.01923
1.98953
1.97411
1.95503
1.94188
1.94806
1.93344
1.95065
4.494
4.52144
4.5387
4.56225
4.59112
4.67475
4.75287
4.74263
2.93787
2.90385
2.82394
2.74092
2.65636
2.58016
2.52659
2.49508
2.91482
2.92987
2.9608
3.00421
3.05619
3.11
3.17034
3.2024
4.82145
4.79556
4.721
4.64614
4.60569
4.53005
4.47784
4.46942
4.35737
4.38064
4.44007
4.50478
4.56044
4.61817
4.72717
5.00386
5.41267
3.99759
4.07778
4.08023
4.0433
3.92892
3.66156
3.29615
3.05918
0.60901
0.647933
0.725761
0.840484
0.928478
1.00219
1.05279
1.12718
1.56292
1.6025
1.62419
1.60415
1.63413
1.6236
1.62971
1.62642
4.47371
4.53577
4.59148
4.6585
4.71705
4.79013
4.85371
4.91824
5.17825
5.29838
5.45978
5.61196
5.73165
5.90377
6.04764
6.11381
6.30633
6.0368
6.173
6.30338
6.41644
6.51668
6.61578
6.70684
6.76055
4.14024
4.1348
4.12259
4.08893
4.03098
3.95423
3.89086
3.85792
3.2797
3.29518
3.32303
3.36845
3.44182
3.50229
3.55036
3.58992
3.28777
3.30446
3.31898
3.33008
3.33106
3.32325
3.32108
3.30246
1.75296
1.72914
1.72523
1.70878
1.68054
1.65789
1.64886
1.62482
2.40217
2.41385
2.42637
2.43069
2.44125
2.44245
2.46898
2.47874
2.4902
3.32456
3.31162
3.29521
3.27031
3.23801
3.20369
3.17066
3.13285
3.20537
3.17111
3.1641
3.15602
3.15342
3.16179
3.16795
3.18441
4.31036
4.31691
4.30376
4.27991
4.25415
4.22475
4.18003
4.08194
3.7937
3.70674
3.66411
3.63867
3.62001
3.61914
3.62334
3.6266
4.97961
4.98211
4.97007
4.96518
5.07578
5.19065
5.22393
5.15224
5.01462
2.44317
2.3729
2.30037
2.25169
2.23377
2.25806
2.31268
2.38434
3.08025
3.17298
3.26687
3.35243
3.42148
3.47048
3.51239
3.55038
4.3269
4.32639
4.33556
4.338
4.31035
4.31116
4.3094
4.28183
4.07181
4.09604
4.12111
4.21262
4.21939
4.26641
4.3427
4.4259
4.09083
4.20845
4.37979
4.58732
4.78258
4.86995
4.81371
4.59806
1.55552
1.55079
1.55267
1.57071
1.57592
1.60069
1.6141
1.64662
1.68104
4.17028
4.25597
4.3282
4.39507
4.44385
4.48031
4.49507
4.47851
5.45694
5.4921
5.50235
5.537
5.60504
5.6568
5.74326
5.81362
5.60859
5.6904
5.77725
5.86002
5.94762
6.04985
6.10773
6.13901
4.41137
4.40891
4.38494
4.34868
4.29444
4.24507
4.20686
4.18247
3.54796
3.54335
3.55161
3.56224
3.58189
3.61289
3.63297
3.63795
3.65074
3.59814
3.57655
3.5433
3.48968
3.4279
3.38897
3.35503
3.29822
2.80699
2.82328
2.82594
2.83886
2.85763
2.87088
2.89132
2.91568
4.60694
4.63523
4.65068
4.64774
4.63856
4.63327
4.59566
4.57325
3.40079
3.34451
3.32367
3.297
3.28382
3.26366
3.24715
3.21707
3.8629
3.84427
3.83099
3.78029
3.74146
3.70928
3.6931
3.67911
4.56365
4.54875
4.50639
4.46042
4.43443
4.41123
4.40606
4.402
4.41427
4.42667
4.39194
4.36466
4.36132
4.34188
4.33728
4.35479
4.37332
4.55638
4.57468
4.61874
4.65145
4.65189
4.60106
4.55316
4.55954
4.28666
4.27782
4.27549
4.30845
4.35582
4.37073
4.37291
4.38214
4.29317
4.31889
4.34743
4.37812
4.40774
4.40807
4.37166
4.36182
4.58725
4.62564
4.64243
4.65128
4.66105
4.65493
4.65169
4.64621
4.45519
4.50044
4.52714
4.50681
4.45219
4.41267
4.38121
4.37162
4.35333
4.32147
4.35281
4.3812
4.39518
4.38596
4.39342
4.39754
4.38539
4.85582
4.82715
4.81468
4.81647
4.82397
4.86211
4.8785
4.87811
5.27553
5.284
5.26428
5.24833
5.24697
5.23426
5.23174
5.23154
4.62343
4.59762
4.57081
4.58143
4.5789
4.56505
4.57571
4.5862
5.03861
5.02695
5.02374
5.01782
5.0175
5.01148
4.98927
4.97666
4.97197
5.06325
5.08275
5.09983
5.1227
5.11122
5.10275
5.09562
5.07443
4.67861
4.6534
4.63115
4.59648
4.58454
4.63953
4.63282
4.5913
3.43828
3.41041
3.39596
3.38496
3.38519
3.40137
3.41607
3.43138
3.6744
3.67196
3.67109
3.67467
3.69398
3.70988
3.73475
3.73754
4.122
4.1291
4.14654
4.14091
4.15231
4.1832
4.23528
4.28966
4.11561
4.11869
4.09295
4.05578
4.03313
4.02862
4.06492
4.10843
4.11988
3.82779
3.82673
3.81687
3.80869
3.81045
3.80717
3.83856
3.85361
4.3034
4.32095
4.34414
4.37069
4.35233
4.37137
4.37643
4.38452
4.59668
4.6258
4.65697
4.66308
4.67999
4.68398
4.669
4.66602
4.08306
4.05839
4.03048
4.02688
4.02601
4.006
3.98772
3.97822
4.38625
4.35767
4.31984
4.29281
4.26644
4.25433
4.25179
4.25071
3.76205
4.58483
4.55682
4.54634
4.53497
4.52161
4.54605
4.5792
4.6215
5.32848
5.34795
5.37203
5.38419
5.39372
5.39792
5.40278
5.43932
4.37178
4.36358
4.35665
4.36256
4.37275
4.39303
4.3997
4.43516
4.85749
4.86093
4.87748
4.88445
4.89979
4.90658
4.90452
4.91678
4.3049
4.31251
4.30742
4.29409
4.26552
4.2516
4.23464
4.24509
4.31158
4.30623
4.28392
4.26848
4.26305
4.24687
4.2397
4.22688
4.24131
4.67987
4.65725
4.62338
4.56094
4.52754
4.51328
4.50986
4.5077
4.77734
4.79442
4.8015
4.80182
4.81215
4.80737
4.81403
4.82877
5.09208
5.12404
4.97205
4.94958
4.95601
4.93295
4.90639
4.9093
4.54413
4.51571
4.46941
4.44397
4.40372
4.35033
4.46719
4.41919
4.09101
4.05667
4.06427
4.09979
4.12384
4.14302
4.15812
4.15876
4.38945
4.33455
4.31049
4.34632
4.41221
4.46062
4.39355
4.42041
4.40872
4.58107
4.6375
4.70519
4.71581
4.66818
4.56544
4.49445
4.46268
3.80215
3.79685
3.704
3.63963
3.62632
3.62139
3.63149
3.6354
4.46903
4.47166
4.48133
4.52904
4.44632
4.43728
4.46457
4.58571
4.70669
4.75508
4.77873
4.76913
4.70188
4.57339
4.45353
4.40124
3.92308
3.905
3.84594
3.81156
3.80411
3.81305
3.81201
3.82232
4.8306
4.83503
4.84129
4.72563
4.69905
4.71763
4.76575
4.81699
4.85157
4.72705
4.70693
4.63641
4.57472
4.64102
4.73744
4.80059
4.78138
4.32343
4.3147
4.31999
4.30979
4.31561
4.33506
4.32846
4.32271
4.88908
4.89571
4.90481
4.9036
4.90548
4.89517
4.89472
4.90547
4.80251
4.8063
4.80379
4.80394
4.8192
4.82529
4.83093