30.9895
39.0105
39.1158
35.7263
35.6632
39.6842
36.2316
38.9474
35.2211
30.9895
28.5895
37.1368
34.0632
34.7158
30.2316
29.9579
36.8421
41.0526
35.7474
35.8526
40.4632
34.1263
35.5158
28.7368
36.8211
37.0105
46.1895
37.3263
41.1789
41.4105
41.6
40.2105
39.5579
39.3684
35.6842
42.0211
37.1789
38.1895
39.9368
43.1158
37.6421
42.6105
39.2211
41.5579
37.7474
42.2737
36.4
41.0737
39.8737
39.1789
39.7053
43.5579
37.9158
35.1789
33.5579
34.8421
40.3789
42.4632
42.3579
45.5579
43.0947
40.9474
45.0737
45.4526
46.4842
44.6105
42.2947
43.6842
51.9789
45.1368
44.0211
44.1895
45.7263
50.3368
44.1474
44.2947
45.3053
46.4
47.4316
46.7368
45.6842
45.7895
46.7158
47.0737
47.9158
47.0105
47.5579
43.2
47.8316
47.4316
48.0632
47.1579
49.4947
49.0105
44.6737
47.2421
52.5684
59.9789
45.4316
62.1263
62
44.2947
60.2105
60.6526
61.7263
63.4947
52.4842
60.4842
47.6421
60.0632
60.8
26.3368
50.2105
58.4632
53.5368
38.6737
38.4211
38.6947
39.2632
22.9474
21.3474
54.8632
62
61.7895
63.1158
54.6105
55.1789
61.5579
62.5474
64.8842
54.0842
57.9158
57.1579
52.3158
24.9053
39.1158
39.9368
40.4421
41.5368
41.9579
41.6211
41.5158
40.7158
40.3368
40.8
41.0316
40.9053
40.6316
39.9158
39.1579
38.0842
36.9263
36.2105
37.4526
39.1579
40.9684
51.5158
50.6526
49.8526
39.3895
14.3158
12.7579
55.6842
61.7684
60.5474
61.7053
62.0842
63.0105
62.3789
46.2105
46.7789
45.8105
45.4105
45.5368
45.7263
45.6632
45.3684
45.1158
44.1053
42.6316
44.5895
41.7895
40.0211
39.6211
39.3263
40.3579
40.1474
42.1895
39.6842
40.1474
39.0947
35.3684
39.2211
33.0737
38.5895
39.3053
41.3684
39.2632
36.7789
38.9895
39.1158
41.3263
36.5263
37.2
39.4947
36.5053
38.7158
38.8842
39.1789
38.6526
38.5053
39.0316
38.9895
38.9053
38.9263
40.1263
37.9789
38.0842
38.3368
38.2105
39.8105
39.5579
43.0526
43.2842
37.4105
38.7368
37.4737
38.9263
40.1053
41.7895
44.1684
44.2947
42.8211
40.9474
38.5895
32.7579
39.3895
37.3053
36.5684
38.3368
37.6632
37.4526
37.6
35.3053
33.5579
38.2947
37.4105
39.3684
39.6211
38.2947
37.5368
38.5684
34.1053
35.5368
36.1474
35.0316
35.1789
29.7684
32.0211
34.0421
27.9368
29.4947
33.9158
28.1684
31.5579
40.7579
37.3684
37.5158
41.2421
36.2526
32.1895
40.2105
38.0842
43.2632
36.1263
41.2842
31.8316
33.7263
31.4316
31.7684
31.3895
41.3684
31.4737
28.5474
29.0947
36.2105
27.8947
29.8526
41.6842
38.2316
40.5474
42.4632
22.8421
36.0421
28.7789
22.0632
29.9789
27.8947
32.6105
34.5053
34.8
29.3053
36.5263
33.9368
34.6526
41.4105
41.6632
42.2526
40.1263
39.3474
36.1895
38.0842
36.8842
38.4632
39.3263
39.6842
40.0211
40.3789
40.9895
40.6316
40.4
40.5684
39.9789
39.6632
39.9368
39.4947
37.5158
39.4947
40.1053
38.8842
38
37.8737
37.2421
38.9263
38.5053
37.2211
37.6842
36.8842
38.4842
37.3895
37.6211
36.9895
36.7368
37.8105
39.0737
38.6526
38.6105
39.6211
40.3579
40.8842
40.7789
40.9684
42.9263
41.7895
41.3053
39.3895
35.5789
35.1579
33.7263
38.7579
40.1474
40.4632
40.7789
40.6105
40.7789
40.6737
41.1579
40.8632
41.2842
41.7263
43.0526
40.3789
41.4737
41.5789
41.3263
39.9158
40.8211
40.8
39.0737
39.6632
39.7474
39.8316
39.9158
39.4737
38.3158
40
38.5684
39.7263
43.6211
44.5263
44.6526
41.4526
40.9053
36.3158
35.5579
41.8105
35.6211
42.0632
39.4316
39.6842
41.4526
40.5895
38.4842
36.7368
42.5263
40.5895
38.5263
40
36.4842
40.8211
40.9474
40.9684
41.3684
38.6526
41.0526
41.0105
41.1158
44.1263
43.7263
41.2632
41.3263
41.3263
41.3263
44.0211
42.7789
43.1789
44.6526
42.0842
43.7895
43.3474
42.1263
42.8211
42.5474
40.4842
40.9474
41.6421
41.3474
42.6316
43.3895
39.9789
41.5789
43.5368
41.0105
41.6
41.3474
43.4105
43.3474
41.7684
41.5158
39.6632
39.3474
38.6737
43.0316
40.7158
37.6211
35.6842
38.3368
37.5158
32.6316
32.0421
32.6947
29.3684
35.5579
35.7684
35.7474
36.3368
33.1368
33.9789
32.7158
33.3895
37.1368
32.6316
34.4632
34.6105
29.0526
29.3053
29.1579
33.9579
33.8737
29.8737
26.1263
30.4421
37.4316
35.3474
28.0842
42.0421
27.7053
40.4
38.2737
40.2947
44.4