27.6862
33.5531
36.3217
37.8378
39.4199
41.5953
39.5957
37.6621
38.8047
36.2118
39.1562
30.6087
26.258
27.1808
30.0593
34.1903
37.684
43.6607
42.2105
38.6508
36.7831
38.7607
38.541
39.8594
45.6163
48.6047
48.5827
50.1868
48.6267
44.8693
39.0464
37.3105
38.3212
41.9688
42.8477
43.0015
42.3423
43.1114
41.1997
50.7141
51.5052
50.2307
46.0778
45.1989
44.7374
33.4212
30.5208
30.5867
36.4096
37.5961
41.3096
43.8145
46.3634
46.8908
49.3078
47.9895
41.2437
36.7831
40.3208
42.0127
40.2769
40.4307
40.6944
40.3648
37.1347
27.5324
25.7746
29.3122
23.7091
21.6875
24.4342
25.7965
26.0822
29.7078
30.2131
29.9934
30.7405
28.5652
23.9947
24.1485
22.6324
19.0947
18.7651
19.8198
18.1279
17.7324
18.2597
18.7431
17.5126
19.0288
22.5445
22.2369
24.1266
25.7306
26.3019
25.5548
21.4458
20.5449
22.4127
22.8741
22.94
23.1158
22.4346
20.5889
19.1826
19.5781
17.996
17.4687
18.018
20.9844
21.0503
23.3136
26.1261
28.4553
30.6966
33.4652
37.4643
43.3092
37.5522
42.3643
39.5078
31.3777
31.3997
34.41
33.1575
28.5212
27.3347
29.2243
35.7943
39.5078
33.9046
31.0921
31.5975
34.7176
37.706
38.9145
45.2428
48.4069
49.989
50.0769
50.3406
44.0123
42.606
39.4858
34.4979
30.9822
28.697
28.3674
26.9391
27.4225
32.8499
35.223
39.6177
43.2432
43.5509
44.0123
45.3746
30.301
31.0481
35.6845
33.4432
33.6629
38.7827
43.2213
46.4294
46.4074
40.8042
30.2571
27.6862
22.8961
24.9176
26.2799
30.4548
37.3105
38.7607
38.6289
41.1997
42.6719
43.9024
44.8912
42.0127
38.541
33.5091
30.4329
26.7414
28.0158
25.5328
22.7203
21.314
17.5346
16.7436
18.5893
22.3248
25.7965
27.8181
23.1597
22.0611
17.5566
14.5682
13.7332
16.392
16.7436
17.3588
20.3691
25.2911
28.8069
26.5216
22.8082
22.5005
23.2257
26.9611
27.4006
30.4329
29.4441
29.1365
29.9275
32.1248
27.2468
25.3571
21.9732
10.0857
10.3274
14.1727
12.6346
16.7216
18.2377
13.7552
14.8099
15.1395
16.9413
16.6777
17.8422
16.8534
18.3916
18.04
19.3584
22.8082
24.6539
27.5983
24.6539
21.8414
24.61
24.4122
23.0499
21.9732
20.9844
20.8306
20.6768
19.5561
19.2046
22.149
22.2149
23.5992
22.2808
23.9508
23.9947
23.5333
19.8638
19.1826
16.9194
15.2054
12.6346
13.8431
25.2252
28.7629
42.9136
36.1898
48.2312
37.3544
36.08
21.9512
15.8866
17.2929
13.7992
15.9306
12.4808
15.2714
16.7655
13.5355
14.1947
17.0951
12.5687
15.6449
11.7117
16.8095
14.3265
15.8866
16.1503
14.6122
13.5575
18.1279
11.5799
12.6785
12.0413
11.8216
12.4368
14.2606
14.3705
10.8108
12.5687
14.8539
14.5463
14.766
14.9857
14.5682
14.1727
14.2606
19.666
31.0481
32.6961
38.497
33.4871
30.1252
33.3333
37.0029
33.8387
32.4764
29.6199
31.2019
30.8064
34.9154
36.4096
39.6396
36.058
35.3768
31.9051
28.2356
25.5768
28.3894
31.2239
32.1028
32.4324
32.3885
33.2674
30.9822
29.7737
30.8064
30.5647
30.2791
28.0158
26.8073
26.0822
24.7858
23.5772
22.94
22.2369
21.1602
21.0064
19.2485
18.8969
18.5234
18.875
18.4795
20.7427
19.4023
20.8086
21.314
19.3584
17.249
15.4472
15.6229
15.8866
17.249
18.3916
19.1606
20.1274
19.8198
18.7871
19.7759
18.0839
17.7763
18.1499
18.853
19.4682
18.8091
18.6772
19.2485
17.9082
17.5346
17.4907
14.1727
15.0516
16.6117
19.0508
23.0719
22.5884
23.3355
22.7423
22.2588
19.3584
16.7655
17.5566
16.5238
15.8207
20.1714
20.1055
22.962
23.3355
22.4127
24.0606
24.5221
24.588
27.6642
30.9383
33.5311
37.3105
40.2109
42.9356
46.1657
46.9567
44.7594
29.2463
27.0929
25.2252
24.9835
26.5876
27.049
28.1037
25.9723
19.4243
17.227
14.3705
14.2386
14.8759
15.9965
17.6445
20.8526
21.5777
22.962
22.5225
25.3571
26.0822
23.797
17.7983
16.2821
14.4144
14.3924
14.8759
14.3924
14.6122
14.3265
15.557
15.0077
13.8871
13.118
13.074
13.7772
13.8871
13.2059
15.0297
14.9857
15.2494
15.0297
15.7108
16.414
17.183
17.3808
17.0073
17.3149
17.7763
17.7983
18.2377
18.4795
18.6772
18.8969
18.6552
19.5561
19.1387
18.7871
20.2153
20.523
21.5996
22.4566
23.9508
25.1593
26.0382
28.4773
28.2136
29.3342
27.1808
27.2468
28.0158
29.3782
30.345
29.8835
30.5867
30.0374
29.0705
30.4329
30.7625
33.2674
31.2898
30.8064
29.9055
27.2687
25.445
26.4338
26.4997
25.6647
26.5216
27.1808
27.862
25.2033
23.8409
24.3463
23.2696
23.8629
27.1589
27.3566
24.4122
25.7965
26.9611
30.9602
29.1145
27.8181
26.1042
26.9611
28.3674
30.7844
32.6082
33.2015
29.8176
30.7844
30.367
26.7633
23.5772
22.6763
24.8077
24.6319
26.2799
24.8956
24.6979
24.3463
24.8517
23.2257
22.4127
22.105
23.1378
24.566
24.4122
25.5328
26.3239
26.3678
26.214
26.9172
28.653
27.4665
29.3562
27.6642
24.4342
23.1817
22.8301
23.5992
27.0051
27.2687
26.8293
23.9288
21.7535
21.8853
23.2696
22.171
24.566
24.5001
27.9938
27.1369
21.9073
21.5996
20.4351
22.8301
23.3575
27.3786
23.3575
24.1046
24.0167
21.9952
20.4131
24.5001
26.9611
27.2468
26.4557
28.4553
28.9167
29.0046
30.1033
26.6535
25.4669
28.8947
28.4113
28.4333
27.2248
28.3894
25.9064
26.4338
25.0494
22.8301
21.5557
24.2804
24.3902
26.0163
27.3347
24.6759
24.4342
24.2364
25.0934
22.4346
23.8409
25.1593
25.6427
26.3459
24.5221
25.7526
24.1485
25.8405
23.5553
22.6983
23.6432
24.6759
25.8844
28.6311
30.345
28.5652
31.4436
28.4113
26.0602
21.4458
24.1925
23.0059
25.2472
27.2468
29.7956
28.4992
28.0817
29.0486
27.7961
26.7194
24.3902
24.6979
28.3015
28.0817
23.9728
23.4015
26.4777
24.8737
22.984
21.6436
21.2261
20.6328
21.8194
25.0934
29.3782
30.3889
31.6634
29.5539
29.7078
30.3889
31.0921
29.7517
30.1472
30.2791
31.5096
30.2131
32.1468
32.9378
31.7293
31.0701
22.3467
19.4682
13.3597
13.953
13.931
13.7772
14.6122
13.4696
13.5355
14.5023
15.0736
14.4364
14.9637
16.8754
14.766
15.7768
15.2494
14.5902
14.5463
13.8871
17.9521
20.1494
20.5449
19.6221
19.5561
21.1822
23.4893
26.3678
28.1916
28.4333
29.5759
28.4553
28.4773
25.2911
21.6875
18.8969
19.0727
17.7324
13.8431
13.074
12.5027
11.7776
10.1736
9.4265
14.1727
16.9853
21.9732
19.1387
21.6875
17.8642
16.8095
18.5454
14.3705
15.8866
16.3481
19.3584
22.8521
16.3261
19.2925
24.6979
25.423
17.996
18.5234
23.8629
17.6445
29.1365
22.8521
29.51
23.797
28.2575
23.0938
23.4454
28.0378
28.1916
31.8611
34.3002
30.6087
27.5983
27.4006
23.0279
20.9844
17.9082
19.1606
21.5118
25.7086
24.2145
26.6974
26.8952
27.6423
29.7956
28.2575
28.3234
27.1149
29.8616
28.6091
29.2683
31.4436
29.9055
27.862
24.8517
26.5216
27.6203
29.2903
31.5535
38.6948
31.136
30.0374
29.6199
33.4212
31.6194
28.5652
29.8616
32.6961
34.5419
42.1666
38.4531
36.2338
34.8715
38.1674
35.8603
33.9046
35.267
35.9481
36.915
36.4535
37.5961
34.2342
33.2894
31.6194
28.5432
28.0598
28.719
26.4997
28.3454
31.2459
30.2351
32.9378
33.4432
33.1575
23.2037
24.9835
31.2679
37.5082
34.2562
31.4217
31.8611
34.5858
36.5634
32.9378
31.2019
33.9925
36.893
41.6392
41.002
35.7064
28.697
20.2813
19.0068
18.3037
21.0283
27.2028
30.6526
34.388
38.497
39.9033
34.8055
34.9813
29.3782
26.5876
27.9499
34.6298
34.8715
38.0356
38.7827
39.9473
37.7499
40.958
35.4428
35.0472
27.7741
26.1042
30.301
32.5203
38.2334
42.65
43.0015
38.519
37.0029
39.1343
38.8926
44.4518
47.3522
48.5168
52.1863
49.0222
46.9347
38.6069
37.9477
38.9585
44.6715
42.7818
42.5621
44.1881
43.9903
49.5276
50.0549
49.9011
44.6056
44.6276
42.606
31.7952
28.1696
35.7284
40.3867
40.2109
43.2213
45.5504
47.9455
47.528
49.8791
45.2428
37.0248
39.9692
41.3316
37.7719
40.123
40.0132
39.2002
37.2446
29.8396
34.3221
34.1683
25.2033
24.1046
23.1597
26.4777
29.0486
28.697
30.1033
31.5975
30.7844
31.2459
30.9822
31.8831
31.0481
29.7517
27.7302
28.2136
30.2571
27.4885
21.9512
16.5678
15.4911
12.0413
12.2391
13.1619
12.3709
14.2826
15.9306
15.8427
15.6669
17.4467
19.2485
20.4131
23.4015
22.984
22.105
21.2041
20.9844
20.9844
20.0396
22.4786
19.7978
18.853
18.6552
19.9517
25.2692
28.3454
30.9822
29.2463
34.4759
38.0136
38.8266
41.6612
44.0123
37.3984
38.4751
31.6634
32.9158
32.0589
32.9598
26.6535
23.775
30.0154
38.0356
39.7495
33.8387
34.9593
35.7724
34.8495
38.2553
44.8253
46.0338
49.3738
48.6706
45.3087
41.6612
40.123
32.2786
30.4768
28.3234
27.4665
27.4006
33.597
36.2338
42.8258
43.5948
43.8145
46.9128
30.2351
27.9938
33.6629
34.5638
35.2011
39.7056
44.7814
47.6599
41.0679
31.3777
25.8844
24.0606
24.3683
28.719
34.0584
36.7831
39.2661
42.4742
44.0563
44.4078
41.6172
39.3979
32.0369
31.5755
29.3122
26.4338
23.8189
19.7978
19.4463
20.1934
23.2696
26.258
23.6871
20.5669
16.5458
16.2162
16.9853
17.6884
16.9194
20.2153
22.6763
26.5656
25.4889
26.6755
23.4234
24.1266
28.8728
28.697
30.2351
32.4764
31.0042
31.9051
34.432
30.0813
22.105
13.0301
9.86596
12.305
10.7449
12.5687
15.8207
14.3705
14.9418
13.7332
15.9745
15.4691
16.2162
15.579
15.9745
16.9413
18.4795
23.2037
24.566
25.9284
26.4118
23.4015
25.1813
26.2799
24.9396
23.5113
24.7858
24.5001
20.6328
19.0068
19.7759
21.7974
24.2804
24.9835
23.775
22.3028
18.7651
16.9194
15.6669
14.0628
14.3705
19.2485
30.1472
25.9064
33.9706
43.1114
32.4984
33.8827
26.8732
25.3131
16.5678
23.2037
17.7543
19.1826
18.7871
18.04
23.0499
18.7651
18.4575
19.0068
19.2046
21.0723
23.3136