39.5285
39.5559
39.3914
39.5285
39.5011
39.7752
39.6382
39.3914
39.4189
39.2544
39.2544
39.6107
39.7478
39.5559
39.6382
39.1447
39.3092
39.3366
38.7336
39.3914
39.1996
39.1721
38.9529
39.0077
39.5833
39.3914
39.3366
38.9803
39.3092
39.3366
38.9803
39.1996
39.0077
38.8158
38.9529
39.1173
39.0899
38.7336
37.6371
31.7708
27.4945
25.795
25.6579
28.591
36.4035
29.8246
30.0987
33.7445
37.1711
31.8257
31.0033
34.2654
34.4846
33.6623
31.6886
29.523
28.6732
29.6327
32.4013
33.7993
33.0318
31.5241
30.6195
34.2654
34.7588
35.3618
36.239
35.3344
34.4846
34.7862
34.9507
36.6228
45.2303
44.2982
42.6261
43.1195
44.9836
46.6283
43.8871
41.9134
41.9408
40.2686
41.7489
42.6809
39.3092
38.1579
38.2675
34.7314
36.0197
34.9781
34.9232
32.7029
33.9364
32.5932
32.9221
31.4967
31.0033
33.9638
37.3081
30.8114
33.1414
29.9068
32.6206
30.784
30.8388
31.2774
31.7982
31.7982
40.9814
39.6656
41.1732
45.148
42.5164
41.9134
43.8871
45.5044
43.2018
44.1064
43.5581
43.0099
40.2138
38.3772
38.8158
38.3772
37.9934
38.1031
36.239
35.9649
38.2127
37.0888
36.9518
37.1436
34.5943
35.6634
36.5406
38.0482
37.4726
36.0746
37.4726
36.1568
34.1831
40.2961
40.0219
39.6656
44.9287
44.4353
44.216
45.4496
44.7643
44.216
43.5581
43.6678
44.0515
40.7621
40.5976
41.42
42.9276
42.023
42.2149
39.693
39.0351
40.1864
37.2259
37.7467
36.8147
34.5121
33.7719
34.6491
35.1425
35.5263
35.9649
36.7599
35.307
33.443
34.2654
35.8004
33.6897
34.1283
33.3333
35.4167
37.4452
37.7467
37.966
38.0757
38.4594
38.7061
36.568
35.2522
34.8136
36.4035
35.4441
34.0735
33.8816
33.1963
34.1557
37.2533
39.0625
37.7193
33.6897
32.8947
32.4287
32.8125
31.9901
31.6064
30.6195
29.6601
29.6875
29.4408
36.4583
35.3344
29.386
28.3169
27.5493
27.193
27.0559
28.8925
32.0175
32.5658
30.9759
36.2116
32.182
34.4846
35.0877
36.0471
36.2116
35.6634
35.9101
35.9101
35.773
36.0197
36.239
36.1294
35.5811
35.7182
35.4441
34.9781
35.6908
35.1151
35.4441
35.7182
35.8279
36.2664
35.5811
36.1294
35.6908
35.8827
35.9923
35.8004
36.0471
35.9375
36.0197
35.9101
35.8553
35.9375
36.0197
35.773
35.8553
36.102
35.9923
35.9649
35.9649
35.6086
35.8553
35.636
35.7182
35.5537
35.5263
36.2116
35.4989
35.4989
35.7182
35.5263
35.9101
36.1294
35.6908
35.2248
35.9923
36.3761
35.4989
35.8553
35.8827
35.8553
35.6086
35.8279
36.0746
35.9101
35.9649
35.6086
35.8553
36.1294
35.7182
36.0471
36.102
35.8553
35.5263
35.3893
35.8279
35.6634
35.8004
35.0877
34.4298
35.0055
35.9375
33.1963
35.2248
35.0329
35.5537
35.307
35.7456
35.773
35.636
35.9375
35.7456
36.1568
35.773
34.8958
35.307
35.1151
35.3893
35.7182
35.5537
36.239
36.0746
35.636
35.9101
35.9923
36.0746
35.2522
35.9101
35.7182
35.7456
36.2116
35.9649
35.5537
36.1294
35.636
36.3761
35.9923
35.9375
35.8004
35.8279
36.1568
36.0197
36.0197
35.3893
36.2116
35.9649
35.636
35.8827
35.636
35.8004
35.2248
36.0471
35.0603
35.3344
35.7182
36.0746
35.0055
35.8553
35.8553
35.636
35.9923
36.1568
36.0746
35.636
35.4167
35.7182
35.6634
35.8279
35.773
35.8004
35.2796
36.1294
35.2248
35.8004
35.7456
35.7182
35.636
35.6086
36.0197
35.7182
35.9649
35.8553
35.2796
36.102
35.7182
35.7456
35.3618
35.6634
35.9375
35.3618
35.0877
35.1974
36.2664
35.9923
35.5811
35.5263
35.8004
35.6634
35.9923
35.8827
36.0197
35.7182
35.4715
34.7314
34.9232
35.4989
35.307
35.2796
35.17
33.3059
30.3454
28.3443
26.6721
27.3575
26.8092
26.2336
28.5088
28.9748
31.0033
30.7292
31.5515
31.8805
33.7445
34.4846
34.1283
34.5121
34.1009
35.4715
35.9923
35.8279
35.5263
35.6086
35.4441
34.8684
34.6217
33.3059
34.0735
41.0088
40.7346
40.4605
44.8191
44.7917
44.5998
45.2851
44.8191
45.1206
44.7368
44.3805
44.7094
45.3947
44.0241
44.3257
44.8465
44.7643
44.6272
44.6272
44.545
44.8465
44.6546
44.6546
44.3531
43.3936
42.4342
42.489
41.42
41.6941
41.3651
41.4474
41.4474
41.2555
41.5844
40.7072
41.3651
41.1184
40.6524
41.9134
40.2686
39.9123
39.0351
38.9254
38.7336
37.7741
37.0888
37.0614
37.5274
37.3629
38.4594
38.432
38.5417
38.6787
38.761
38.898
39.0077
37.9934
39.5833
38.4868
38.3498
35.8553
35.636
35.773
35.7182
36.1294
36.3487
33.114
35.4441
35.1974
34.7862
34.3202
33.3882
31.3596
30.9759
39.8026
31.1129
32.2094
31.9627
31.4693
43.1195
43.7226
33.4156
33.909
33.58
43.8596
44.2982
43.9693
33.0044
43.9967
44.1338
31.8257
42.5439
43.2018
32.7851
33.7719
35.2522
35.7456
35.9101
48.1086
37.8838
48.273
48.4101
49.4518
49.8629
49.4243
39.83
41.0636
51.7818
44.4079
54.4134
43.6129
43.8048
53.591
43.2018
43.3662
54.4682
43.7774
54.6875
44.0789
54.386
43.8322
56.2774
45.7237
46.5735
56.9627
57.8673
56.9353
46.2719
46.6283
57.3191
57.1546
46.3268
46.8202
46.4912
57.5658
45.3673
55.8936
44.3805
55.8662
45.6414
57.3465
58.4704
47.9989
49.0132
48.4649
60.8004
60.3618
50.5482
50.5482
62.9934
62.7467
62.2807
63.3224
52.8235
62.6096
52.8235
63.1305
62.966
52.6316
63.0482
63.8432
63.6787
53.1524
63.6513
52.3575
63.5143
63.6787
51.5351
51.0691
61.9792
61.1568
60.8279
61.4309
58.4156
59.4298
47.3684
48.2182
49.068
48.4101
49.1502
49.2873
49.7259
50.3564
61.5132
50.6579
51.3158
51.1239
50.7127
50.1096
60.8553
50.0822
49.2325
49.7259
60.9101
59.7314
60.307
49.6162
49.1776
60.3344
59.0186
59.0186
49.9726
49.0406
56.8257
55.6743
44.3257
53.6732
53.7281
43.9419
44.7643
55.8936
45.5592
47.3958
59.1557
58.3882
57.8399
57.2094
58.909
47.8618
48.2456
59.1283
47.2314
57.8399
47.4781
48.1634
48.5197
47.9989
47.5603
46.409
57.3739
46.875
45.6414
44.0515
54.6327
41.2007
41.9408
52.33
41.3103
51.6996
52.0285
51.398
40.7621
39.5285
50.6031
51.2336
39.7478
40.6798
52.2478
41.2829
42.1327
52.7961
42.352
52.4671
51.864
41.091
52.0559
41.1732
52.3026
53.4539
42.2971
54.0844
53.5362
53.1798
53.3443
53.4814
53.3169
42.2971
42.3794
52.4123
41.9682
52.6042
41.3377
52.7412
42.0779
41.0362
50.7675
50.7401
50.0548
50.0548
38.7336
50.6031
50.2467
49.8629
49.3969
49.534
38.7061
49.9726
39.227
39.5285
50.6031
50.9868
50.6031
40.0493
50.9868
51.864
51.1513
52.7412
51.6996
40.8991
51.4254
40.7895
40.6524
40.7346
51.4529
51.5351
51.398
41.2007
51.4254
40.9539
51.261
40.5154
51.5077
39.5285
50.1096
49.5614
46.2445
35.5263
35.8004
47.5329
48.273
48.7116
33.0592
45.3947
45.5866
47.67
47.8344
36.5132
44.2982
44.1886
44.2982
45.1206
45.2577
35.5811
43.9419
33.2237
44.545
34.0186
46.4364
35.5263
35.1151
37.1162
48.5197
49.6711
49.7807
38.9529
39.7204
40.1316
40.3783
39.83
40.5154
50.8772
40.5428
40.7346
51.864
40.3509
40.1042
39.3914
51.6173
40.5976
50.6031
51.4254
51.3706
51.8914
51.2061
51.8366
39.8849
51.7818
39.9945
40.0219
49.534
38.0757
50.3289
38.5417
49.2873
48.5471
47.9167
48.2182
48.4101
39.0625
49.205
36.8421
37.2533
35.6086
36.102
46.1075
36.102
46.9024
35.7456
35.5263
36.4583
46.875
47.8893
49.2325
38.2675
38.3772
49.0406
50.2741
50.1096
48.6294
38.0757
38.1031
38.1305
38.1031
47.0395
36.0471
46.1075
45.2851
34.4298
34.8136
44.8465
44.545
33.7993
45.0932
33.0044
44.7368
43.9419
33.6623
44.5998
45.1206
45.5044
34.4298
34.4024
34.2379
34.7862
34.9507
34.7039
45.6414
35.5263
35.9649
35.7182
35.0603
46.2171
46.2445
46.2719
45.8059
34.375
45.3399
45.9704
46.875
47.5603
36.6228
48.4101
48.9583
49.534
49.2873
49.3421
39.227
49.3695
39.5833
39.3914
38.1853
37.4452
37.8564
49.068
49.1776
37.4452
48.3279
48.8213
38.3498
50.2193
50.6305
50
39.8849
39.3366
50.6031
39.9671
51.2061
40.7895
51.6447
51.9189
51.8092
41.1458
41.1732
41.1458
52.193
50.7127
51.7818
49.1502
50.3564
49.2325
48.7664
49.5888
47.2314
33.443
33.8542
43.9967
32.3191
32.648
42.955
41.8586
42.2971
31.2226
43.6678
31.5241
41.9956
45.0658
45.5866
44.1612
46.1897
46.3816
45.0384
33.0318
43.9967
32.7851
33.3882
34.4572
34.1283
44.9561
45.6689
34.9232
45.2303
46.0526
34.6217
46.4364
35.4989
35.8004
36.4857
35.9375
36.9243
37.0066
37.5548
37.7741
37.5274
36.7873
36.8695
36.4035
47.6151
48.1086
37.4452
38.7061
38.5965
40.7072
41.3651
52.8509
42.3246
42.352
53.7555
42.5713
52.2204
51.3706
38.7336
47.5877
37.6919
39.7204
40.0493
51.3706
40.8443
51.0143
51.5625
51.1239
51.6721
51.0417
51.864
51.8092
51.4254
40.8717
51.0691
40.5154
40.625
50.6031
51.2336
51.3706
50.9594
50.8498
40.3235
40.0493
39.9945
50.7401
38.4594
38.5691
39.3092
49.7533
39.1721
38.6513
38.432
49.3969
49.3421
39.0077
49.0132
38.0208
37.5822
37.4178
47.7522
47.6425
36.4309
35.5811
34.5669
34.2928
33.2511
33.3059
32.6754
33.0318
32.3739
31.25
31.25
31.0033
30.6195
30.2357
31.1129
30.7566
30.5921
30.6469
30.4276
30.6469
30.1535
30.2906
29.1118
28.6184
28.7829
28.7007
28.3443
28.2072
28.0428
27.659
27.3849
28.2072
28.1798
28.2346
28.7555
28.5636
28.1524
29.0022
28.4539
29.1393
29.057
29.2489
28.4539
28.7555
28.3443
28.9748
28.2072
28.9474
28.0154
29.0844
28.8103
27.9879
28.1524
28.1524
27.8235
28.3991
28.1524
27.4397
26.8092
26.8366
26.8366
26.6173
26.864
25.6305
26.2884
26.0143
26.4803
26.1787
25.9868
25.9868
26.2061
25.932
26.4803
27.0011
27.1382
26.9737
27.0833
27.0833
27.7686
27.5493
27.9605
27.6864
27.4671
27.3026
27.2752
27.4397
27.9879
28.0976
27.9879
28.0154
27.5493
25.795
27.1382
26.6721
26.2061
25.9868
26.3158
26.727
26.3158
26.3158
26.3432
25.8224
26.1239
26.2336
25.795
26.4529
26.0965
24.205
25.7675
25.932
26.0965
25.7127
26.2336
24.534
26.2336
26.6721
26.1239
26.261
25.9868
26.0143
25.8224
25.6579
25.5482
25.5482
25.6579
25.6853
25.6579
25.6305
25.4934
25.2193
25.3838
25.3564
25.7401
25.7675
25.7401
25.7401
24.3695
25.5482
25.6579
24.1228
25.4386
25.3015
25.4934
25.6305
25.3015
25.3564
25.3564
25
25.3289
24.8081
24.7533
25.0274
25.0822
24.9452
24.6985
24.6436
24.5614
25
25.0274
24.5888
24.8081
24.7807
24.7807
24.9178
24.9452
24.4243
24.6711
24.7259
24.7533
24.8355
24.6436
24.3695
24.2873
24.0406
24.1776
24.0954
24.1776
23.739
24.3147
24.6711
24.6985
24.8355
29.852
24.8081
29.3586
26.7818
24.6711
24.0132
22.7522
22.6425
22.7522
24.4243
24.5066
24.4518
28.4814
29.3037
23.3004
24.5066
32.7303
24.6711
31.1129
24.4792
24.534
24.534
22.7522
24.6711
22.8618
22.6425
32.0998
24.1776
30.0713
28.2621
29.5779
24.3695
23.8213
24.1502
24.0406
24.2325
23.8761
23.8761
23.602
23.602
23.273
22.9989
23.1086
23.3827
23.2456
23.4923
21.6831
20.9978
23.273
22.5877
23.5471
23.4649
22.2314
22.4507
22.9989
23.3279
23.273
23.2182
23.5471
23.1086
23.273
23.4375
23.4649
23.4649
23.3827
23.2182
23.2182
23.2456
23.3004
22.9715
23.1086
21.1897
23.0263
22.807
23.136
22.807
23.3004
23.136
22.6974
22.1217
25.9046
22.0669
22.0121
21.9572
21.8476
25.5208
21.7654
25.5208
26.1239
25.795
25.9868
25.8498
25.9868
25.795
25.5208
22.5603
26.1513
25.8772
25.7675
22.2039
22.1765
26.1787
26.0143
22.2588
21.6831
23.4649
23.2456
23.3553
21.8476
23.5746
23.8487
24.068
22.3136
24.205
24.4518
22.2588
22.341
29.8794
24.4518
23.6568
25.466
23.3553
25.6579
25.5757
25.466
25.5482
25.7127
25.7401
25.6031
25.8772
24.4518
24.0406
25.7401
26.0691
26.0143
25.795
26.1239
24.8355
26.1787
26.6173
26.9189
26.727
27.0011
27.0285
27.1382
27.0285
26.9737
27.3026
27.1382
26.7544
27.2204
26.8366
27.1382
27.0559
27.4671
27.0011
26.8092
26.8366
26.727
27.3575
26.5899
27.2752
27.4123
27.6864
28.3443
28.1798
27.7686
28.2895
27.4123
27.9331
27.4945
28.0702
28.8925
29.0296
28.5088
28.3717
29.2763
28.9474
29.386
29.6875
29.6601
29.8794
29.9616
29.1667
28.8925
28.7829
29.523
29.6327
28.8925
29.523
29.1118
29.386
28.6184
29.7697
29.8246
29.9616
29.6875
29.3586
30.2632
30.1809
29.9068
29.4956
29.989
29.8794
30.1261
30.0713
30.1535
29.9616
29.5504
29.2489
29.057
29.852
30.9211
30.9211
30.7566
30.784
30.9211
30.8114
31.4693
30.7566
31.1404
30.4276
31.0033
30.7566
30.5647
30.318
30.4825
30.0439
30.5647
30.4276
30.2357
30.4002
29.7697
30.318
30.1535
29.6053
29.5504
30.2906
29.2215
30.8114
29.1667
30.6195
30.5647
30.5373
29.2489
28.8103
30.1809
30.5647
31.2226
31.3871
32.1546
32.2094
32.4836
32.4836
32.2094
32.1546
31.9079
31.6886
32.648
33.6623
33.1963
34.375
35.5263
35.9649
36.3761
36.7325
37.3629
37.6919
37.7193
37.5548
37.0614
36.4309
36.6776
37.2807
36.3487
37.0066
36.6228
36.4309
36.3213
37.0066
37.0888
37.1162
38.3224
37.6371
37.2533
37.9112
37.3629
38.0757
37.8289
36.9792
35.6908
36.102
35.9375
34.3476
34.4298
34.3476
34.4298
35.2248
35.8553
35.9101
36.1294
36.1568
36.8421
36.1842
36.5954
34.2928
34.4298
34.9232
32.5658
32.4561
33.0318
31.0581
30.9211
29.523
32.2094
31.7434
32.2094
31.1952
30.7018
30.9485
31.1129
30.8388
31.4967
31.4145
32.1546
31.8805
32.8125
32.977
33.3333
33.4156
33.6897
34.1557
33.7445
34.4846
34.5121
34.841
35.5537
35.1974
35.2248
36.568
36.7599
37.7467
36.9243
37.1711
37.8015
37.1162
37.3629
37.5548
36.2116
35.7182
35.0877
34.3476
33.6897
36.5954
36.0197
36.3213
37.7467
37.7741
36.7873
37.7741
38.5965
39.1721
39.6107
40.3235
40.7072
40.7895
41.2281
40.8169
38.2127
37.7741
37.1711
37.3629
36.0471
37.3629
34.8684
35.5537
35.5263
35.0603
36.4583
37.3081
36.8421
37.5
36.568
37.8289
35.1974
35.4715
35.636
36.8969
35.8553
34.1009
33.6623
33.0592
33.0592
35.0055
34.1831
33.8542
33.1689
32.8399
31.7982
31.7982
32.1546
31.5515
32.1272
31.7982
32.7577
33.2237
33.0866
33.3607
33.3607
33.3607
34.3202
34.7314
34.4024
34.5943
33.58
34.0186
35.8827
35.3344
34.8684
34.7588
34.7039
33.9364
35.7182
35.307
35.8279
36.9518
36.5954
36.705
38.761
39.364
39.0351
39.6107
39.7204
39.5833
40.1042
40.9814
40.5702
41.091
40.1864
40.3783
40.4879
40.7895
40.8443
41.1732
41.7489
41.8037
41.091
41.4748
41.7489
42.2971
42.2971
41.8311
42.023
42.1875
42.1327
42.3794
42.2971
41.6393
41.2281
42.6809
42.1053
42.4342
42.6535
42.955
42.0779
42.9276
42.9276
42.5987
42.4342
42.6261
43.5855
42.0779
43.0647
44.2982
43.5307
44.3531
44.5175
44.7368
45.148
44.6546
45.1754
45.2029
45.011
45.0384
45.3399
44.9287
45.0658
45.2029
45.3399
45.5318
44.8739
44.5998
43.8048
43.6404
42.6809
42.5987
43.3936
43.2292
43.3114
43.1743
43.6678
44.2708
43.6404
43.5581
44.2434
43.5307
42.7357
44.2982
43.0647
42.9825
42.6809
41.6667
37.6919
36.7873
35.3893
32.7303
32.2643
32.3465
30.2906
30.0164
30.4276
29.523
29.7971
29.2763
29.1118
30.0713
30.4002
30.9211
30.7566
30.9211
31.3596
31.0581
31.0033
31.3871
30.9485
30.9759
30.8388
31.1129
31.2774
31.0855
31.4419
30.2632
30.4276
30.2083
30.318
29.5779
31.2226
31.2226
30.8388
31.6338
31.8531
31.5241
30.9759
32.1272
31.8531
30.3728
31.3322
31.4419
31.3871
32.2917
32.511
33.1414
33.443
33.1414
33.4704
34.375
34.0186
33.9364
34.1009
34.4298
34.5669
34.9781
35.2796
35.2522
35.2796
36.2664
35.8004
36.6502
36.2116
36.4035
36.8695
37.0614
37.3081
37.0614
37.3355
38.0482
37.8289
38.2127
37.9386
37.8838
39.4189
39.0625
38.7336
40.7072
39.7204
39.9397
41.2007
41.6393
41.7215
43.8048
43.9419
43.75
44.9013
45.4221
45.148
45.8333
46.2719
46.2445
46.8476
46.2719
46.5735
47.0395
47.341
47.1217
47.4507
47.2314
46.6831
47.0669
47.9715
48.0537
47.8344
47.7248
47.7796
47.6151
47.0669
46.2993
45.8607
45.9704
45.9978
46.3542
45.943
46.4364
46.6009
46.4638
46.6831
47.0669
47.2314
47.8344
46.8202
47.2314
48.739
48.4101
48.5746
48.4375
47.9715
48.3279
48.0263
47.2862
47.7248
47.8893
47.341
47.67
47.3958
47.4232
46.7928
45.6689
45.6414
45.8607
45.943
46.4364
46.6009
46.7105
46.9846
47.1491
46.8476
46.6009
46.9024
46.9846
47.1765
46.6557
46.875
47.2588
46.9572
46.7105
46.6283
46.7105
46.9298
46.6831
46.875
46.875
47.0943
47.0943
46.875
46.875
46.5461
46.4912
47.0395
47.3684
47.1217
47.3136
47.2039
46.2445
46.7105
46.1623
46.1897
46.2445
45.3399
44.8465
46.1075
45.6689
46.5186
46.5735
45.8333
45.614
46.1623
47.0669
47.0395
47.1491
46.1349
44.9561
46.5461
47.1491
47.2314
45.614
45.0384
44.9287
45.011
46.875
46.9846
42.4342
41.4748
42.6809
39.7478
39.9397
39.693
36.4309
35.636
35.8279
35.9375
35.6908
35.4441
34.7588
34.2379
33.3607
33.4156
34.3202
35.2522
36.8695
37.1162
35.6908
35.3893
36.8969
37.034
34.9232
32.0998
31.3322
31.1129
35.0603
35.3344
32.511
31.9627
32.2368
35.9923
35.773
35.8004
35.307
34.7039
36.3213
36.102
35.3344
33.0592
33.5526
34.2928
35.4715
36.5954
34.0461
31.7982
29.7149
27.3026
26.0691
26.0965
25.7127
21.3268
25.2193
32.1272
26.7544
26.4803
33.4156
28.7555
41.2555
42.5987
43.75
42.7906
44.5175
44.1612
44.7094
44.2982
44.8465
44.4627
44.4627
45.0932
45.0384
45.0658
44.6546
45.2029
45.0932
44.9561
44.8739
44.9287
45.3399
45.2577
45.011
44.9013
44.8739
45.6963
45.0932
45.3125
45.7237
45.477
45.8059
44.9287
45.5318
45.3399
45.5318
45.5044
45.2851
45.5318
45.0384
45.0932
45.3399
44.682
45.3399
44.545
45.1206
45.0932
45.1206
45.5044
45.3125
45.3947