1.63414
1.106
0.216645
-0.856103
1.71998
-0.709605
0.417498
-0.148936
1.1695
0.178856
0.773937
-0.727727
1.95169
-0.274268
1.2545
-1.62943
0.74928
0.196808
-0.15071
-1.02227
1.45501
-0.775932
1.61719
-0.961931
1.13348
-0.345023
0.00836659
-0.743016
1.92543
-1.2659
0.688886
0.00820036
-0.419437
0.908684
2.13449
-2.12399
1.38763
-0.692817
1.22197
0.601394
0.711825
-0.80962
0.241911
0.0765179
-0.263743
-1.74739
-1.40099
-1.89433
1.95812
0.82513
-2.58677
-10.4446
-4.41224
-3.28035
0.247397
-1.80252
-0.9088
7.51881
13.454
19.6085
-75.4861
12.8942
8.37429
3.83919
5.95754
19.7687
-88.3673
-34.1103
-67.3062
-102.906
-142.133
-122.041
-93.9882
-91.2997
-93.014
-46.4935
-111.333
-81.835
103.935
6.46695
53.3757
95.7108
133.075
145.077
-362.244
139.668
166.563
478.93
111.065
49.708
10.1189
2.50233
19.3505
16.5632
0.783803
8.71739
-19.9564
-98.0068
-185.074
-208.165
-171.089
-132.684
-74.1362
-145.787
-123.743
59.1279
-54.4632
-6.13235
116.557
77.0536
102.922
-309.006
127.103
120.907
370.335
185.164
212.56
71.817
78.7202
17.4209
4.461
2.33616
-0.916169
-5.20327
-51.6048
-140.507
-189.831
-192.071
-164.622
-67.7138
-162.429
-149.754
-17.8048
-78.4639
-43.3772
151.691
31.2027
71.2717
78.8456
165.133
196.086
-346.574
147.024
182.026
372.761
138.253
47.7625
9.15561
9.70756
11.8431
-1.2213
-23.5455
-106.615
-162.192
-210.709
-209.399
-91.2034
-167.643
-176.539
-39.1475
-98.4698
-43.0471
198.675
65.3086
106.351
-229.236
137.333
147.631
196.717
135.135
153.492
91.063
115.558
71.4847
17.6698
6.4516
-10.4475
97.7419
-6.18294
-0.737253
-11.593
-4.88902
-11.0015
98.7052
-3.57759
-2.32003
-18.6959
-6.79757
-13.6168
-10.9903
-20.2625
-12.8581
-12.6288
7.78815
-4.62131
0.587265
-7.0122
2.519
-4.18226
2.6389
-5.14251
1.91478
-3.63071
3.88152
-3.43425
2.90646
-1.89412
1.71354
-4.36716
2.51251
-4.01092
1.95041
-3.35583
2.13879
-3.51975
1.62283
-2.31605
3.3193
-2.41014
3.55013
-1.13171
3.25011
-0.130485
2.82534
-1.64606
3.42857
-2.73454
1.82363
-1.92277
2.49988
-1.52266
2.12362
-3.46482
2.38668
-2.60607
2.96569
-2.50748
0.602114
-2.26303
2.53207
-2.47601
2.01862
-2.16639
2.9381
-2.25943
3.38479
-3.00975
2.91034
-3.17633
2.18766
-3.71343
2.22418
-1.85035
1.10549
-1.10667
1.21187
-2.2956
2.9012
-2.3416
1.17198
-1.459
2.33134
-2.21332
2.10161
-2.03885
2.59601
-2.38348
14.9103
-13.3061
9.41087
2.33616
0.700577
-2.92288
2.84767
-3.33263
2.86025
-2.15326
4.50026
-7.02431
4.20588
0.963155
-3.04682
2.5082
-1.99456
-2.34293
3.54747
-5.20357
-14.2021
-1.05979
14.373
1.24108
-3.8847
-3.86974
9.31435
-6.44529
-2.30074
-1.96033
9.11045
-4.98396
-1.39073
-2.53231
10.4099
-5.39628
0.366632
-6.1452
15.18
-7.73122
3.13363
-7.81509
3.1584
6.33561
-3.12234
-4.43906
3.64549
-3.91658
7.31458
-7.97552
9.48395
-4.58995
4.46048
-7.02472
2.16905
-3.67925
3.13513
-3.63754
6.37858
-6.78436
4.44369
-4.36849
5.05284
-1.31832
2.54466
-3.49939
3.79315
2.07348
-2.4422
-4.05863
8.69572
-2.35036
3.3408
-4.48322
3.54749
-2.55702
-3.66665
4.05959
2.1896
-4.16069
7.9747
-7.65868
5.09174
-4.82946
-0.43883
1.87611
1.27149
-2.79988
6.10353
-2.89018
0.317375
-1.92438
0.659517
0.315825
3.40127
-2.46244
2.2767
-0.973908
1.77919
1.34575
1.43966
-4.23562
3.3393
-2.16157
3.63658
-3.33677
3.01007
2.34604
1.00022
-0.706893
-1.90874
2.89114
1.55839
8.66274
13.5279
5.49507
2.93078
6.34667
15.4461
10.0044
7.95509
12.0648
22.7075
32.9842
38.5211
38.1777
47.9232
3.88466
-64.2987
-216.506
-101.717
-83.3896
-165.311
-70.9413
-44.4845
-41.1144
-42.5381
-45.1502
-56.817
-76.5591
-81.107
-83.2325
-73.5669
-80.3747
29.9543
-69.1824
-38.2018
99.7554
-45.7901
-52.2279
90.4721
-57.9788
-48.1902
223.688
-25.4478
-26.5542
175.228
-10.8718
-7.89159
49.6996
-4.3767
-4.36743
1.57014
-1.14827
0.588099
5.13138
-1.69846
1.75466
2.20229
1.22479
1.3694
-0.410851
-0.0197805
-0.364916
-0.613587
3.82281
0.652812
-51.8919
-1.49822
-1.0922
-3.29747
-8.11657
-4.47117
-8.50483
-4.76236
-3.24856
-1.45401
-4.11078
-4.99383
-1.34951
-1.14926
1.10589
-2.39738
-0.0409464
-5.98455
-6.52677
-8.27989
-15.7053
-11.4184
-12.2637
-6.91149
-4.96058
-4.92197
2.10096
-41.0738
18.9243
3.52514
9.92703
2.59363
0.377327
-8.07566
-11.2162
-4.57789
-4.42493
-4.37689
-12.404
-21.6892
-16.7269
-20.5019
39.8196
-14.4813
-12.2727
-20.7877
-13.5773
0.403258
-4.80386
-10.5971
-9.35682
-13.2374
-10.1912
-14.6772
32.6642
-16.4398
-8.51824
-7.41307
-8.3585
-11.7862
34.4001
-13.4619
-12.6501
18.7743
-21.0898
-20.0773
82.6469
-24.035
-25.3964
43.9044
-15.0934
-15.1426
92.7604
-10.2236
-5.94341
0.544158
6.356
-1.74097
17.6398
6.80378
17.0531
17.0993
8.95164
13.3448
8.60316
2.40497
-0.233655
-5.2653
-0.875777
-2.16876
0.481109
-4.05351
-0.835606
-3.47262
-2.09044
-5.10132
0.83821
1.62384
4.92997
5.61373
21.5246
13.9563
-121.225
7.86477
8.2506
-218.698
8.6213
4.12035
9.38437
5.21358
15.0032
-217.11
21.5844
21.7378
-16.5024
19.0438
25.9881
-18.7384
30.9073
24.4764
-33.844
25.1077
27.9305
-20.6318
21.2622
11.9658
-34.2063
10.7645
11.9788
7.13495
8.31504
5.6165
9.27849
0.743016
3.26409
-50.2808
5.51835
1.63403
0.898051
-4.31503
-2.39097
-8.40239
-1.28086
4.71496
9.13397
-5.03627
-11.8051
-18.4246
-16.1667
-15.7096
-16.4495
-19.5833
-20.9222
20.6185
-28.2371
-25.0563
42.488
-29.9214
-25.5325
294.039
-26.7508
-31.3688
169.965
-33.2686
-35.6114
245.129
-30.7921
-43.4456
-31.4562
-23.2692
-10.6854
-16.3564
-12.5279
-13.9367
-5.37597
-17.5228
0.0996787
-0.843474
16.4976
27.1684
49.7757
51.1853
47.8615
35.1242
39.9666
27.552
13.6589
-5.4697
3.95795
-20.3715
-11.728
-13.2949
-6.49602
-15.2563
-22.8862
-21.1263
-3.62672
6.67393
27.4942
15.3431
9.81477
3.55002
8.50821
7.99387
7.69935
-1.1184
4.85561
-3.75255
3.93983
9.01365
16.768
11.0027
18.2556
15.3684
15.5614
1.23614
-0.993906
-18.6598
-15.9857
-17.6853
-10.1714
-12.141
0.329677
-6.8752
5.78555
-4.61562
0.150876
-2.99319
-2.89168
-15.99
-10.9372
-25.1559
-11.3888
-22.7827
-10.728
-8.23545
-7.13709
-11.585
-12.7105
-24.7776
-29.3382
-42.0431
-36.3192
-41.8576
-29.8655
-34.2919
-27.1986
-31.0312
-33.0201
-29.3347
-37.8915
-41.3907
-24.204
-29.9149
-24.7723
-31.829
-27.8243
-41.482
-29.881
-38.2012
-32.5782
-30.1271
-28.3502
-26.2438
-18.012
-19.1108
-19.0225
-16.7297
-14.9429
-9.22703
-0.703739
8.79828
27.8055
32.6659
16.3467
2.48819
-4.4047
-21.1926
-30.7679
-32.9192
-20.4104
-21.5128
-16.2435
-15.0071
-7.71048
-8.86638
-6.75461
-2.49657
3.41617
5.25175
6.58847
6.04231
15.1823
20.9465
37.8042
38.5889
37.6391
32.8287
28.4855
24.771
18.6855
11.8914
9.70557
8.6181
12.0989
11.581
23.1011
23.7584
26.6021
25.5915
27.9527
27.81
34.2621
29.1241
42.2384
19.9183
7.19687
-7.52766
-11.2259
-13.9804
1.03923
-0.878432
2.5194
-9.64685
5.91592
-1.31028
0.244459
8.83816
16.1233
18.9774
39.7312
33.0281
36.2043
33.6683
41.3922
34.2149
39.2093
41.1609
49.4333
34.3698
35.6643
27.4218
18.2878
15.8307
5.16215
-12.675
-15.8036
-7.72951
1.04649
-4.21469
-2.57814
-19.6374
-19.8776
-10.5128
-13.0037
-22.4087
-9.2135
-6.88908
38.3381
29.6752
23.0156
-29.4303
-13.1443
-112.54
17.1741
25.6965
-186.539
59.7943
52.88
-123.045
46.5692
43.3141
-280.492
27.0408
31.2159
144.036
30.0446
23.1823
22.1415
18.4645
19.1685
17.432
19.4806
23.816
19.8979
25.1686
20.8706
31.0399
31.4759
42.4965
-39.8476
14.5951
1.87051
-7.47598
-12.033
-28.5217
-29.9062
-33.4406
-32.7958
-32.1
-17.9216
-1.86956
6.58079
12.4154
2.3006
-9.64286
-17.0616
-17.6679
-18.165
-17.1175
-15.0063
49.4655
-11.7741
-6.284
-5.43404
-3.912
-0.0653259
-2.04594
-1.06389
1.50559
5.31203
14.6006
17.7385
31.8822
37.0637
54.8688
68.1398
88.5679
69.0968
51.3812
37.4305
39.9101
-45.6305
31.7277
26.2721
27.2759
23.66
21.6863
7.87578
16.2935
9.95678
16.0584
6.6526
1.28052
-26.177
-38.3199
-67.4134
-77.8699
-86.2799
-78.7351
-100.113
-85.0756
-63.7917
125.619
-31.7539
-19.6192
33.2943
-12.708
-26.736
11.0121
-42.9527
-49.8921
22.1134
-57.0036
-58.5614
62.6693
-56.7901
-51.9054
187.972
-42.1072
-44.0982
97.8776
-39.3631
-39.7951
106.672
-61.341
-56.2385
124.32
-49.7571
-45.0422
-39.0182
-26.9885
-33.3794
-18.8401
-24.884
-24.4345
-31.8996
-21.3616
-18.7786
-11.2311
-2.17067
-3.59047
4.43739
1.57463
-9.86037
-4.36534
-16.7092
-1.8524
-5.22119
-5.91692
-1.7269
4.63074
3.66833
1.87815
2.43037
-1.04355
-14.6445
-7.14723
-7.49513
-6.20399
-20.9705
-21.0284
-33.671
-27.0083
-18.3213
-8.16159
-6.54865
3.20202
3.48815
10.6474
3.32138
9.8702
21.9297
21.4271
17.5791
19.4939
1.56416
-7.50682
-4.27294
-11.6023
-13.756
-9.1176
-12.8722
-1.41727
1.61559
2.89239
5.06245
8.57991
8.461
1.2598
-5.37326
-5.03494
-7.16861
-1.48686
0.697865
5.15728
-2.23244
8.31334
-3.69703
1.52088
6.71103
-1.15408
-12.2631
-6.44263
-10.3728
-10.2753
-5.16662
17.1626
23.5937
21.944
5.23324
3.67203
0.927527
7.25014
-8.13363
4.85437
-0.0235483
9.34913
11.8988
34.4207
41.9672
46.5024
34.3497
30.5306
6.66033
5.90905
6.4882
9.56561
17.4848
25.3791
28.1252
36.0128
21.9468
20.9862
15.9538
27.9833
37.2773
35.2936
39.2053
40.4868
29.6006
34.988
24.8454
30.2779
-98.9554
12.3693
2.86436
-35.0298
-5.78264
2.66782
26.3366
-10.726
-13.0479
27.668
-13.6706
-10.5995
71.4678
-11.6745
-18.1509
-14.2557
-21.8005
-17.1303
-20.0107
-8.25496
-16.1168
-10.9875
-8.48593
4.32963
0.976563
14.6688
-0.214706
-14.7588
-13.683
-11.9821
-6.74123
-4.18793
9.67061
34.4511
32.4818
46.7502
82.607
104.311
102.562
-305.348
115.445
121.517
-159.794
132.583
115.154
-161.939
78.767
79.4304
-475.068
49.0208
36.2682
304.83
22.51
23.4853
91.7464
11.1908
5.75485
7.40899
-6.09769
-5.34018
-30.1124
-40.3246
-65.8798
-83.4992
-101.095
-85.5158
-6.78157
-50.9467
-56.996
-41.3136
-47.3815
-41.6281
16.4263
-28.9624
-30.5614
31.6087
-27.49
-34.8633
6.79056
-32.2099
-32.6907
6.28738
-31.4022
-23.3878
46.1484
-9.91269
-14.4393
65.7151
-13.4648
-13.9644
-16.8442
-21.3437
-27.7703
135.355
-19.1421
-8.83601
138.13
-2.39411
-12.101
-12.7838
-18.1802
-13.8568
105.95
-16.6869
-20.9381
135.889
-17.824
-15.2868
130.479
-22.194
-23.3524
-22.7789
-24.5183
-18.0284
-30.9036
-28.7691
-32.48
-14.7068
-15.5606
-4.68133
-11.341
-1.55634
5.79128
10.4201
9.17349
16.5906
12.828
16.7433
2.57791
4.82246
0.783083
-5.45521
-13.4979
-8.52001
-8.12811
2.54066
-1.12251
8.9168
-6.58533
-13.4735
-14.52
-19.2097
-22.0053
-21.975
-19.6948
-14.8897
-15.481
-14.0696
-21.29
-15.3798
-24.3495
-15.3805
-22.2296
-15.0664
-19.7445
-12.7124
-15.2184
-11.2703
-18.0918
-12.4141
-20.2036
-17.9657
-17.3368
-11.506
-8.85584
5.30422
0.296323
3.7747
1.25709
2.00204
-3.15405
2.53551
-4.53441
-1.35195
-4.3324
-0.202016
-6.31786
-1.51928
-6.05491
-4.8998
-4.89049
-3.51251
-6.39307
-3.33472
-5.66362
-1.51778
-13.0467
-9.23451
-13.871
-15.504
-15.2485
-8.91253
-6.03486
-7.37828
-6.32702
-9.902
-12.9772
-9.64103
-10.4936
0.996893
3.86787
10.4902
6.05962
7.14634
-1.43595
-1.28246
-4.33574
-6.95454
-9.42803
-4.22666
-2.49868
-4.50674
4.6854
9.48954
6.5517
6.55638
-4.60115
-8.20381
-14.4171
-10.2569
-16.0143
-12.3284
-10.3353
-8.77633
-7.93884
-10.4529
-7.15064
-3.53035
-3.21349
2.58587
-6.16737
-2.83
-1.72418
-3.71787
1.76901
1.27764
-0.738701
-0.817594
-1.58804
-3.51262
-1.25333
-1.66156
-2.88991
0.270446
-6.11232
-4.09517
-3.81917
-0.677413
-3.39888
1.25864
0.0945817
0.478001
-3.98837
-4.64933
-3.32552
-0.717307
-0.371567
-1.18661
-0.392011
3.12859
1.83224
2.7332
3.05519
3.17143
3.79616
-0.277426
0.219361
-1.89394
-5.15199
-0.214926
-6.09312
-5.19585
-0.301031
2.90503
10.302
9.28997
6.21602
3.3895
7.06173
9.97436
16.3498
17.3076
19.6188
18.987
16.8839
21.5948
19.5632
18.6163
17.5741
24.1372
27.6272
30.3972
26.8166
25.1211
35.3058
36.8796
37.8847
44.1872
45.972
41.279
38.6658
58.6662
45.0665
41.6125
30.0304
18.42
20.5986
22.6431
8.10683
1.99528
4.15439
8.04291
3.24546
8.22519
-3.26108
3.51633
13.5299
-6.85314
-4.87523
-2.28955
-12.0416
-8.71656
-13.2129
-19.6534
-18.9967
-14.4162
-11.173
-18.0427
-12.7717
-2.07152
-3.86355
-6.17063
4.34525
3.63193
4.87561
-3.15746
-8.36009
-21.2853
-33.6994
-35.1438
-26.4377
-26.9499
-6.50909
-5.76585
-1.70845
0.00110815
17.3801
27.5949
13.3972
6.2902
14.2607
10.1265
24.2344
-2.51042
3.80403
11.7526
-7.01838
14.6877
-12.979
-21.2491
-10.4962
-15.2176
-10.4744
2.70534
3.14816
3.83936
1.53536
-4.71574
-1.25382
-1.58721
1.69178
0.918769
1.16672
-3.89296
0.313276
-10.8079
-1.18629
-15.6953
-21.6139
-32.206
-26.082
-19.3762
-7.66235
-11.4416
1.35938
6.21341
16.1348
7.67395
13.2869
4.2435
0.403482
-5.28334
-2.36043
-7.56229
6.0758
13.5071
22.0727
9.68286
21.898
20.757
18.7382
15.3895
18.4023
16.1854
17.8594
14.5762
26.1643
13.6211
14.1661
7.67523
8.99063
-101.265
9.89052
2.94171
-17.773
1.4985
8.04675
-54.9573
7.97951
7.78959
-22.61
3.61784
6.81816
-239.613
8.47186
5.64105
81.2666
5.57123
7.05325
-193.389
6.71574
4.72244
51.6401
3.99818
6.18573
-41.1627
6.56786
3.74057
4.72867
1.71636
3.72343
0.794489
5.94039
6.01774
4.62894
3.24855
6.17152
-58.422
4.10195
3.60471
7.81061
4.38751
2.77621
2.13991
1.6439
-1.80961
-0.654148
-7.14215
-5.10938
-7.75734
-6.87969
-8.47553
18.229
-8.56727
-2.80962
-2.05008
-1.51691
-3.68865
41.3419
-2.33066
-0.962162
-1.67575
-1.44509
-0.163287
-1.2638
-2.76778
-0.386582
-3.80273
-0.825466
-2.70589
-0.384255
-3.48043
1.01757
-2.34325
0.221244
-3.0554
43.4667
-1.40663
0.213486
-48.8085
-0.300977
-1.34707
45.6078
-1.66174
1.38558
-3.99805
3.43796
2.96187
1.27937
-1.82596
5.33697
5.9515
10.9052
5.98011
-43.2764
-1.41123
3.30836
0.357878
2.42598
-0.078845
0.437946
-0.327902
0.103779
-0.894837
0.153757
-0.545709
4.67434
1.02997
0.788177
0.274988
0.545271
-3.05601
0.385029
-2.87234
-0.65542
-2.91211
-2.45015
-0.811056
3.19964
-2.87377
-0.0864367
-0.549311
-2.66534
-6.88293
44.6834
-2.06975
2.53237
-6.92046
-4.0804
-8.84244
73.3546
-2.82706
-6.32281
24.6835
-9.5778
-5.52907
66.3013
-3.17037
-4.02738
-3.56775
-6.6042
-6.2251
90.8361
-12.3601
-8.37019
-10.4521
-8.39777
-14.2359
47.9595
-17.6854
-16.0211
174.329
-4.97718
-5.14224
-4.83367
-9.74924
-12.8404
-19.3827
-26.7848
-30.9019
-13.6829
-23.8888
-22.6321
-21.9693
-7.79993
-5.23086
-5.84932
-14.6476
-9.66723
-17.4542
-17.6859
-22.6395
-20.6473
-28.245
-30.8838
-43.4132
-34.544
-28.9476
-26.4646
-14.8474
0.741139
19.9428
23.12
27.2947
32.2562
23.9765
19.2913
15.4625
9.45928
6.29857
-5.56165
-14.5155
-19.2351
-10.4352
-12.1609
-7.5658
4.36422
1.34978
9.9497
14.0654
22.294
15.9443
12.4729
6.6864
10.3798
8.32771
8.12532
14.6121
7.4723
-2.68982
-6.66815
-9.79534
-0.361592
-5.76186
-1.68612
-3.40108
-9.15292
-15.2655
-14.6104
-15.6534
-12.7359
-11.9955
-20.1189
-14.9026
-16.2723
-5.34085
7.36213
6.62337
-2.35112
9.611
7.91283
17.5557
5.46155
-3.73942
-4.5655
-1.66228
-6.12841
-2.18716
-11.266
-3.7778
-2.09565
-1.8484
0.761415
5.9554
-1.45152
8.03992
7.65225
12.313
10.1258
18.841
30.0756
10.7895
4.52549
11.6926
9.43889
-3.204
-17.5951
-12.0801
-3.13741
4.37786
-3.44904
-1.49263
-4.26103
6.15476
0.340925
-3.05589
-2.57526
1.36757
6.25289
17.6561
21.2826
21.9136
8.29638
13.4575
15.2626
16.4115
4.53366
4.16482
3.06516
1.2183
-0.526543
-1.47573
-0.755209
-1.49695
1.83079
4.90806
-0.806576
0.756757
-3.18922
-2.34646
-4.54646
5.05594
6.76159
5.45623
-0.259863
-7.09522
-10.6267
-12.345
-15.1119
-3.73757
-13.9361
44.1108
92.5006
79.1577
-75.3013
19.3138
12.318
-12.8183
21.6474
15.8422
-283.677
5.35503
1.31632
234.985
5.40304
6.77579
0.597078
-12.4872
-17.083
121.471
-16.7516
-5.21557
99.7034
-13.7329
-1.66102
-2.3864
-15.2249
-6.00624
-9.9625
0.614969
-14.479
0.502104
-9.21139
-18.7789
-8.97463
2.32584
-5.1247
-5.90434
-0.938387
4.56919
-75.525
-2.49578
-7.85301
-23.2189
8.02655
7.33569
-19.2145
14.497
18.0257
-11.6522
14.9006
31.376
30.0188
13.1524
20.088
-0.604829
37.4885
39.7044
35.6069
28.4279
20.8542
-22.868
18.3531
16.7812
8.0932
-3.79359
10.421
-7.38362
-3.69038
6.86068
-8.41982
4.98441
3.66179
46.1318
3.95385
-0.668936
-2.14213
-9.40483
7.33051
-11.117
-5.29602
1.72478
40.1505
-9.22912
-8.19144
33.2675
14.6275
-3.34823
-32.7205
-0.770332
-9.70634
-41.4841
0.5753
1.69454
-12.9505
7.95858
0.0704791
-0.566155
-4.15232
-18.0286
16.9585
-11.1562
-3.65564
45.9929
6.18363
20.8012
-16.8875
15.8104
12.8361
-31.4159
9.50715
4.40485
-40.7258
1.89246
-3.44493
-82.3364
1.95469
2.89228
-0.188553
4.09778
-3.00766
5.70787
-1.90121
-1.0261
-0.308123
1.45545
-0.810344
-2.56388
1.30823
-1.92841
-2.72275
2.02326
-8.53281
-4.7576
-7.92039
-4.45388
38.4335
-0.950628
3.80159
6.88063
-3.57743
2.56991
-1.76524
-3.50117
-2.76319
-4.57988
-8.89954
-0.477946
-8.85983
-3.8188
-5.69019
43.6155
-2.0276
6.45978
-5.75344
5.44668
-1.86969
4.50674
9.19588
12.0395
7.1794
1.41328
-2.22679
-42.2637
-0.0298648
-0.964868
0.714321
14.0807
10.7291
11.0174
4.75097
0.479719
-44.8442
2.2935
-1.2997
4.05556
-2.79844
2.84673
-43.709
-4.94252
-0.846913
95.3231
-6.44
-7.26685
-3.40714
-6.56087
5.37403
-83.1226
11.3804
10.8532
4.22204
5.25076
6.76059
-0.311835
1.34475
0.324744
-6.24893
2.00902
-4.96565
-8.3717
-8.05872
-6.02873
-8.92499
-5.78369
-5.8673
-7.2118
-3.40128
1.35195
-0.474457
2.34319
2.02999
14.583
-0.179355
12.0065
-37.6181
12.7455
8.80972
7.24393
6.51452
4.368
2.42261
5.01228
-0.580674
-49.3736
0.228668
-0.163175
-1.58517
2.85648
0.344914
51.0258
-10.3282
-2.28872
-9.36282
-9.62651
-28.4383
74.5701
-9.55208
-11.3461
69.9197
-29.689
-35.2352
81.5555
-28.1031
-27.241
14.3711
-13.5464
-18.384
104.497
-8.51774
-4.65623
-5.20332
-1.1665
-15.626
-3.99502
-6.8109
-4.21325
-3.62264
12.0736
5.88919
-2.77387
-9.35993
-4.0944
-4.92653
-3.39218
0.444316
4.87903
5.79137
9.83235
18.5811
18.9622
12.3345
-1.87649
0.711936
-9.32016
-19.8427
-32.025
-25.3151
0.583497
3.71133
0.267175
-2.31739
3.87116
-14.4468
-17.3056
-29.1421
-20.6653
-27.0177
-26.4088
-34.668
-23.6035
-23.6269
-8.71035
-3.35916
1.26291
-0.569149
5.07345
3.68248
4.25126
-2.25133
-0.881202
-7.96398
-10.3096
-16.8377
-11.5739
-16.078
-16.566
-18.3238
-17.8848
-14.8255
-12.0907
-24.4497
-22.4277
-36.5409
-39.7624
-32.1986
-24.286
-26.5953
-15.1133
2.1844
-3.10604
-1.91906
-10.3121
-12.9665
-19.8078
-16.483
-7.64531
-5.73452
7.64259
2.92071
12.3552
17.738
29.7133
26.9173
37.1433
26.6708
30.7425
23.0191
29.7273
24.3939
16.5358
3.8825
-2.67347
-5.43712
2.31649
2.41279
11.362
-3.59942
-12.6485
-34.6364
-23.5038
-28.1284
-14.684
-6.28597
4.12545
16.5943
31.3598
33.4826
54.4504
55.7846
49.3037
21.5823
25.4789
8.09991
10.1037
-8.02267
7.15639
0.363921
-1.41877
-7.14928
-11.7045
-7.30844
-1.52593
-5.13952
15.3677
3.01269
31.0527
31.7337
17.5082
59.0456
43.2715
31.4926
39.0541
25.0419
13.422
-21.7434
-134.73
-12.4729
-9.36139
13.2776
-11.7534
-13.5261
63.7127
-26.4095
-22.806
-31.9193
-26.3002
-32.4854
-3.2327
5.23266
21.244
34.9395
46.8668
55.5382
60.6409
55.5033
64.2257
-319.967
61.9432
36.5761
-231.339
26.3202
26.9339
-176.884
58.5372
66.9438
-1.13724
104.206
122.446
50.7567
96.5982
56.8424
-54.5612
-19.329
-52.9376
-73.0994
-78.775
-74.2174
1.2121
-62.2259
-56.0298
-9.2162
-80.617
-81.8639
46.2415
-89.9402
-94.2835
203.622
-97.7244
-80.3822
493.097
-38.5086
-43.0967
-17.7008
-14.1401
-9.14313
1.54216
-26.6827
-18.9375
-21.9005
-22.8386
-28.3133
-20.5528
-14.9042
-13.0097
-15.0448
-17.0872
-17.1639
-21.3882
-19.3001
-18.3583
-12.8643
-8.57421
-7.92089
-6.88432
-15.6958
-15.8076
-18.2913
-17.5823
-21.041
-16.8944
-23.0452
-25.3958
-19.783
-10.4846
-4.48931
-3.74616
-2.24586
6.03134
15.2769
29.5004
24.7158
9.26581
-5.73438
-9.75583
-23.0175
-15.8747
-16.1988
-13.0751
-10.5277
-3.96685
-7.48497
8.0105
9.83877
14.6089
19.1472
28.9307
34.0698
41.0198
39.3071
35.5836
31.0093
20.6212
12.0081
8.72541
5.51087
10.7559
8.75947
12.7484
12.8281
15.8175
14.3285
16.6664
1.18612
-5.35439
-12.1544
4.33437
-6.06791
5.36722
1.49801
13.3405
6.34118
13.4542
8.90155
11.324
14.0181
16.2765
7.63302
7.17927
6.24834
2.75481
1.90521
-0.15769
-4.46277
1.17919
-4.45424
1.65436
3.60009
2.28423
1.74596
5.71707
0.443487
-3.10715
-7.01735
-5.12556
-9.27788
4.21053
9.94836
11.9586
10.2209
14.4081
7.64571
13.9037
8.46266
7.66208
11.0857
26.7828
37.0695
42.4809
18.6926
25.747
6.72921
6.60425
-5.03752
-13.1176
-15.3803
-7.77086
-1.2002
14.9343
2.50898
9.02329
1.42005
-3.9668
-30.6197
-26.088
-31.3982
-4.58315
-21.9274
-22.4996
-20.1989
1.84452
-2.46245
-5.22383
-7.81993
-4.23477
-12.2976
-8.90611
-3.64458
9.20658
9.91396
-17.1604
-23.6418
3.09884
2.16146
10.353
11.041
10.7513
19.1993
14.2046
11.6825
21.3692
15.7416
35.2116
36.9065
38.5354
-78.0984
25.6609
22.2832
-213.171
19.1737
21.3173
-193.019
2.53944
1.59951
-273.903
21.9751
30.681
124.701
25.187
15.8153
-40.9976
2.32598
-0.882809
-0.540614
-6.8022
-8.25649
-12.2558
-17.3733
-17.32
-11.4544
-4.35437
-8.53285
50.605
-0.704012
2.97568
-8.82725
-18.1283
-20.9409
27.4165
-12.6106
-5.19468
30.6915
1.70273
-7.75034
50.3512
-20.1369
-20.0157
2.33678
-19.8409
-22.3536
41.7181
-19.8117
-17.0244
206.121
-18.4779
-21.2634
173.374
-13.7398
-16.1186
71.8207
-17.1304
-12.1587
64.8981
-12.5336
-15.4675
-15.5827
-13.5447
-11.0987
0.621895
10.1835
6.90079
1.92111
-5.86589
-5.49574
-5.48693
-8.2248
-1.79365
-6.72483
0.321309
-0.285461
5.63346
3.15605
-1.08854
2.51746
-4.30203
-2.77383
-2.90668
-5.52136
1.15663
-2.63686
-1.04709
-5.99699
-2.23143
-4.4723
-0.20584
-2.83101
2.50631
-10.378
-8.06385
6.21033
9.1812
4.67462
-0.957332
1.88043
-3.16395
0.41301
-0.443094
0.124336
0.169215
1.23864
-3.79487
-1.10511
2.4683
-0.563055
4.49812
1.02222
5.04553
2.24647
-0.261524
2.01441
3.74722
-1.33057
8.10148
-2.31394
4.28042
-1.80635
7.03277
3.46378
7.56519
3.89866
4.09257
0.964212
5.15906
-0.394393
2.33123
2.12351
-1.78795
2.81246
-3.1676
-2.38082
2.2839
-0.0785687
2.727
-1.10372
4.54777
2.94881
3.69131
-2.85402
3.28667
6.86908
8.47077
6.16083
8.57765
4.06417
8.20712
4.14129
5.72305
-1.99187
-92.3302
14.5662
11.4132
-40.3463
18.0051
22.6813
-28.9733
27.2934
26.3381
-24.1071
15.1556
11.2616
10.7633
9.02005
16.0446
-29.9418
19.6921
17.4935
70.1672
21.6035
18.802
-26.3571
7.46772
1.65914
57.9373
10.1649
9.9185
4.01424
7.47149
6.16604
9.77096
6.4369
9.39934
2.50539
5.10226
-0.541889
9.28165
17.434
30.9615
32.1378
40.2486
41.4798
-63.5327
50.9919
53.1406
-351.693
50.0904
36.8828
105.91
27.488
23.189
-379.663
37.6825
47.3822
101.166
47.3248
41.6211
-65.8458
45.2108
39.352
-13.6023
40.7233
45.4897
-27.4578
30.6802
12.721
3.41889
-7.87301
-18.4591
-24.3694
-16.0121
-21.9903
-23.9693
-28.0254
-21.9184
-19.5526
-15.4226
-1.69554
21.8981
21.5432
13.4805
-4.35229
-7.46678
-0.162512
10.3341
14.3603
30.7011
30.6922
36.684
24.5845
25.2968
20.9856
22.8763
39.5349
52.6034
53.5676
61.1321
42.3942
28.9916
25.5543
15.2559
19.9072
14.3231
16.5874
22.3928
34.4325
41.6664
28.8954
27.5075
18.0191
2.15342
-13.0991
-17.848
-15.2175
-2.76489
6.28203
9.34598
9.11808
20.6455
12.7128
2.76107
-10.9845
-3.79221
-6.18133
2.62621
12.6092
35.1255
43.2121
52.1372
173.239
-108.691
30.7353
46.6573
7.27752
-84.5228
-61.9532
-4.43496
77.12
-90.3637
-27.5147
-7.78144
15.2796
-8.97287
8.73559
-5.66365
7.33672
-8.74447
3.73477
-3.06792
0.210329
0.35616
2.74585
-0.940045
-1.85429
-0.226783
3.76502
-1.94487
0.0699801
-3.84423
7.57905
-8.18503
14.2387
-13.0441
-7.75021
18.8448
-1.51624
-2.1004
0.0812279
0.291499
-6.43039
4.35066
-6.14301
-0.984704
10.4494
-15.7665
21.1735
-29.2659
22.6365
12.7486
-38.9132
-3.74489
24.2498
10.4367
6.32068
0.181294
-2.40376
-11.4679
-17.2906
9.44777
1.06638
-12.7235
11.7787
21.08
-30.265