489
477
490
500
491
484
483
529
540
554
520
528
495
529
515
522
532
524
533
525
497
532
523
513
534
533
547
509
529
491
505
535
552
537
532
536
539
528
531
552
523
533
541
539
534
517
533
538
498
485
491
505
503
524
523
506
536
537
570
535
552
554
565
562
555
532
540
520
536
542
530
554
581
530
550
530
543
537
519
551
526
520
541
552
541
536
538
528
524
461
458
471
460
445
453
453
440
443
450
433
430
421
407
398
408
468
464
451
453
472
482
501
503
583
580
570
617
627
606
600
604
534
506
549
527
508
550
530
530
550
1246
1311
1330
1308
1332
1264
1325
1295
1595
1652
1670
1643
1650
1639
1680
1650
1550
1506
1567
1540
1530
1510
1551
1503
1422
1401
1395
1334
1300
1348
1309
1328
1345
1272
1262
1237
1205
1190
1154
1125
1108
1091
1062
1044
1045
1086
1033
1021
1031
564
598
588
560
561
570
572
545
562
544
565
571
567
556
542
558
786
764
733
743
715
689
659
665
596
611
592
558
558
553
590
613
641
643
628
633
648
669
667
651
658
590
615
633
672
662
641
675
664
549
560
521
492
437
408
406
395
425
419
409
430
444
463
494
501
580
556
585
602
587
646
686
701
592
608
646
643
623
593
542
496
397
379
394
385
416
421
454
487
486
691
718
719
714
692
689
687
687
1271
1397
1421
1570
1703
1896
1999
2014
1737
1677
1677
1568
1377
1098
1105
1084
1262
1207
1256
1229
1203
1264
1362
1450
1151
1233
1234
1208
1142
987
893
911
891
1195
1198
1127
1062
1068
1120
1113
1150
430
430
442
431
448
460
453
453
364
342
335
311
302
301
280
299
1079
1045
1039
1023
1014
1024
972
962
849
797
807
861
919
933
890
787
421
391
395
418
397
398
410
406
422
493
500
476
463
483
493
458
493
769
771
770
782
811
815
792
809
378
360
365
356
374
375
382
365
347
348
344
323
314
306
320
342
697
714
734
769
814
855
952
986
1018
380
402
385
381
386
394
364
360
345
306
285
256
271
264
271
268
457
474
529
579
576
587
627
684
951
987
1053
1065
1119
1097
1058
1045
852
859
820
793
733
779
749
738
784
782
807
753
719
684
691
686
711
553
558
560
541
515
501
515
522
752
742
770
761
726
750
752
788
665
654
609
642
651
627
597
621
495
486
476
474
465
488
480
475
525
535
629
610
518
504
560
646
718
708
696
709
591
492
596
661
588
505
517
493
525
555
556
614
740
649
611
494
464
469
499
453
457
605
690
837
834
714
644
590
628
630
606
603
604
612
615
626
616
774
788
799
784
781
778
803
824
850
800
795
799
795
840
804
790
807
1690
1695
1694
1723
1707
1745
1727
1656
1636
1660
1691
1679
1649
1634
1633
1640
1644
1621
1645
1653
1603
1557
1532
1525
1562
1599
1592
1572
1596
1567
1551
1545
1552
1549
1559
1531
1489
1514
1538
1508
1529
1394
1411
1407
1380
1374
1415
1385
1371
1074
1073
1073
1054
1021
999
1043
1024
714
687
698
675
703
662
640
640
442
428
438
432
426
457
440
432
327
318
317
320
303
310
302
312
305
282
276
265
268
260
275
277
280
343
349
353
394
425
428
462
466
540
545
531
552
555
541
542
558
1041
1088
1052
1130
1105
1093
1105
1108
1951
1949
1987
1960
2025
1991
1987
1956
1934
1937
1925
1912
1987
1954
2008
1987
1975
2094
2032
2038
2065
2067
2109
2164
2170
2092
2108
2102
2011
1998
2026
2017
2006
1210
1173
1146
1120
1089
1061
1061
1000
467
438
455
436
428
422
400
381
313
315
309
292
276
281
273
264
232
251
240
247
224
230
230
193
197
165
154
154
154
163
180
183
168
171
182
186
176
171
185
182
160
342
323
325
326
308
343
308
312
943
965
950
984
988
989
977
991
867
860
891
890
852
836
816
814
777
787
722
764
771
810
818
826
844
820
843
901
902
911
932
929
900
811
814
780
800
792
803
808
835
574
565
537
541
532
543
555
584
457
449
451
457
438
440
434
457
387
381
391
417
420
404
414
440
449
476
453
458
475
488
489
474
483
534
489
495
491
496
496
482
486
629
604
613
601
586
548
543
503
747
722
720
693
678
644
647
627
713
710
658
645
621
606
593
614
606
610
608
629
631
595
552
582
604
519
541
544
578
582
591
583
603
469
481
486
482
481
503
544
578
436
453
509
540
557
552
546
546
384
352
365
359
373
392
365
363
330
338
339
350
348
360
357
356
354
359
351
357
342
364
347
339
322
513
534
532
547
545
535
571
553
1003
1035
1013
1045
1064
1071
1075
1071
1349
1402
1386
1398
1439
1413
1409
1440
1628
1731
1812
1923
1947
2023
2038
2120
2120
1863
1904
1876
1931
1962
1942
1950
1836
1388
1484
1440
1452
1485
1500
1446
1478
1053
1012
1015
1014
1030
1037
1010
1028
687
660
682
688
677
671
651
651
483
534
521
542
520
503
497
470
855
871
870
850
852
826
798
764
732
1449
1488
1481
1450
1442
1446
1434
1400
1602
1521
1496
1543
1538
1493
1496
1485
1614
1553
1573
1594
1585
1542
1499
1499
1564
1557
1526
1544
1602
1601
1558
1476
1219
1212
1226
1200
1203
1256
1187
1192
744
720
711
681
687
653
663
632
600
344
335
359
333
347
369
397
396
369
362
396
431
440
449
424
436
570
585
551
555
572
569
551
554
1286
1294
1349
1378
1347
1335
1336
1399
2071
2047
2105
2194
2213
2154
2090
2074
2072
2204
2167
2094
2067
2052
2049
2028
2021
1514
1480
1474
1415
1338
1291
1225
1199
519
483
472
477
476
473
481
420
281
294
290
279
252
246
224
221
194
181
162
161
150
155
179
170
196
189
186
182
195
181
202
195
195
222
212
209
212
202
211
198
183
947
910
909
878
897
893
865
827
782
810
825
848
841
861
873
869
829
819
826
852
804
852
846
867
963
958
945
1027
1036
1079
1054
1017
1036
1099
1130
1131
1108
1065
1015
982
982
917
932
916
884
918
956
974
1002
663
655
681
642
707
775
835
871
570
589
557
553
537
530
569
544
603
610
608
628
572
587
581
586
563
574
545
555
555
581
564
544
529
732
714
701
692
697
717
702
725
1092
1105
1116
1084
1121
1080
1102
1077
1150
1084
1079
1059
1037
1055
1016
1035
899
903
885
877
866
936
953
954
740
743
781
783
782
775
793
788
600
594
621
612
617
613
597
561
569
548
523
535
512
489
493
485
476
639
659
616
645
628
629
680
648
955
935
928
937
945
898
893
904
1019
984
1009
999
988
969
950
949
899
934
956
934
958
936
897
890
1240
739
751
740
726
722
718
722
678
580
572
604
591
561
573
563
509
471
456
459
452
482
468
455
453
451
447
438
436
455
448
439
435
572
561
553
559
564
562
539
567
531
534
536
520
535
541
518
515
503
632
657
659
646
642
667
723
741
848
871
857
870
884
859
832
839
706
748
705
735
739
758
747
771
675
697
719
701
721
729
743
747
844
790
841
849
853
863
857
845
801
812
836
813
843
830
844
852
850
706
740
726
730
734
704
705
719
867
827
860
846
833
789
752
705
1090
1025
994
962
941
934
965
969
1073
1104
1107
1169
1163
1170
1151
1111
1042
1085
1087
1103
1143
1130
1186
1151
1610
684
679
694
674
710
692
703
688
440
438
464
469
446
467
469
491
405
393
394
406
412
397
405
418
547
534
539
546
537
556
535
559
759
778
780
786
785
783
781
757
1018
1038
1037
1041
1023
1039
1009
1034
1043
1412
1415
1391
1375
1349
1339
1367
1347
1429
1457
1471
1486
1462
1443
1391
1447
1155
1148
1140
1131
1122
1104
1111
1109
703
735
715
686
675
675
660
654
565
543
557
523
547
525
555
520
537
546
557
569
569
584
581
550
544
441
447
441
429
428
447
455
435
508
498
494
483
474
465
452
453
885
849
838
860
875
876
899
884
1085
1056
1081
1048
1061
1095
1084
1124
1126
1136
1156
1169
1184
1177
1212
1237
1097
1084
1102
1077
1074
1068
1021
1063
1077
914
901
940
881
851
890
883
921
569
590
600
616
590
599
589
588
468
471
456
440
427
422
410
395
396
395
414
433
438
442
478
442
707
737
786
817
821
853
867
857
829
1278
1289
1311
1362
1399
1419
1360
1235
1078
1045
1000
936
846
761
688
639
590
572
601
580
582
599
593
584
517
513
529
527
539
565
534
529
430
435
429
440
426
407
426
436
560
534
565
587
620
667
700
729
740
861
866
927
907
890
901
957
975
939
1011
999
1013
1010
1078
1061
1115
1027
1038
1046
1077
1055
1018
995
998
1068
1044
1006
967
923
894
877
835
1033
1002
1001
998
964
944
961
936
1013
1031
1018
987
969
952
971
1125
1359
596
591
639
674
735
751
731
711
302
286
257
248
251
251
250
263
247
249
236
249
262
257
261
242
362
317
311
283
297
295
312
310
485
496
509
519
520
516
532
524
530
913
893
902
894
894
911
893
929
1078
1090
1090
1084
1054
1053
1056
988
878
890
892
879
887
899
866
897
775
784
738
740
746
736
723
702
736
755
756
758
764
763
749
784
716
701
689
682
655
630
611
585
636
955
982
936
899
879
873
885
878
1259
1308
1318
1345
1382
1358
1374
1307
396
401
388
378
381
357
378
356
457
449
441
462
444
422
404
436
1192
1186
1229
1261
1287
1310
1284
1242
1193
744
774
757
741
709
705
713
666
373
361
362
352
326
292
283
257
404
427
419
399
410
387
379
363
515
523
495
520
498
527
551
735
379
439
454
488
536
481
465
464
297
300
303
291
273
231
194
190
159
547
572
557
596
620
589
581
607
958
949
928
1014
1074
1076
1141
1105
529
535
575
613
614
575
543
481
435
398
370
375
369
354
340
334
887
900
814
771
737
748
769
793
876
788
1020
1253
1299
1322
1342
1236
908
363
350
334
312
294
283
268
254
378
364
365
367
344
307
331
348
965
945
999
1001
1010
1102
1228
1241
419
450
471
432
408
399
344
345
233
223
230
252
276
283
305
293
316
366
325
292
331
354
329
312
300
323
307
392
405
399
371
369
347
337
329
309
307
304
321
322
308
339
371
376
371
384
397
425
528
270
260
261
252
242
253
254
289
250
226
190
166
142
111
101
113
105
845
718
625
647
676
652
677
680
530
755
896
804
566
496
464
477
262
241
218
187
202
212
189
181
690
617
551
531
526
608
647
673
630
696
693
727
780
846
939
996
891
479
462
404
417
439
425
407
406
448
441
457
478
469
438
406
418
380
384
400
421
436
436
454
421
483
488
484
458
468
452
487
453
585
594
603
584
628
631
617
623
1823
1808
1797
1723
1829
1845
1889
1839
1862
2201
2132
2064
2010
2002
1981
1803
1687
588
550
555
563
562
545
548
580
526
564
584
610
626
624
650
670
496
535
491
507
546
588
647
697
351
369
369
370
375
365
366
353
348
345
343
331
322
308
306
311
301
411
409
385
396
397
399
384
386
461
476
464
464
466
461
485
462
467
491
493
488
482
478
486
480
431
420
458
429
433