522
532
535
529
502
510
514
507
510
534
494
523
518
548
527
524
531
522
511
546
525
517
529
513
526
526
533
523
566
556
537
533
540
545
538
541
525
530
550
536
537
508
537
541
533
533
518
528
524
528
524
551
553
554
540
551
575
551
543
558
552
545
563
553
564
547
534
531
553
545
533
558
530
545
546
554
507
560
549
557
569
555
581
561
579
535
511
555
531
527
524
537
504
530
537
505
529
517
505
516
527
533
551
521
501
502
532
487
519
508
492
479
485
475
487
475
455
475
479
485
508
488
485
514
508
484
441
456
446
489
452
466
454
452
537
552
526
520
552
553
575
547
742
757
723
740
761
754
773
773
530
556
544
556
545
524
515
515
511
448
435
435
432
446
434
417
452
587
603
596
590
571
582
603
586
744
716
711
712
698
697
689
648
478
502
495
467
472
450
435
443
518
509
472
474
480
469
451
465
535
541
536
524
529
545
534
534
552
482
469
459
457
447
439
441
433
372
404
371
381
363
341
372
380
497
533
539
559
586
609
634
663
533
553
550
558
550
578
575
571
439
458
458
455
448
454
460
462
463
1388
1409
1378
1304
1269
1362
1430
1456
1395
1422
1402
1379
1377
1226
1121
1048
920
954
996
1050
1321
1233
1111
979
954
973
971
990
957
952
1013
1038
1056
975
861
795
827
806
797
815
722
736
740
747
771
796
806
807
829
564
534
522
532
541
569
699
732
696
650
596
594
587
579
545
565
709
695
630
526
482
431
449
469
868
954
1046
1194
1265
1224
1223
1321
1345
1451
1590
1419
1114
1152
1143
1199
819
798
756
827
932
967
962
886
877
621
637
640
625
598
483
452
407
527
552
565
583
622
700
759
835
1060
1139
1303
1315
1176
1210
1212
1123
892
904
915
1026
1149
1220
1222
1137
629
591
528
535
500
516
519
541
579
633
652
598
556
554
562
549
596
1227
1166
1033
936
947
995
1019
1063
1481
1698
1842
1865
1877
1781
1618
1391
951
959
916
857
910
902
937
1043
1288
1273
1127
1109
1051
1054
1026
976
1324
1319
1358
1347
1321
1371
1380
1397
1550
1354
1340
1338
1231
1078
1044
1078
1071
746
785
791
790
801
803
767
799
1317
1298
1354
1332
1375
1416
1400
1430
1330
1372
1351
1404
1370
1382
1398
1420
1398
1404
1403
1409
1409
1452
1401
1398
1309
1323
1305
1208
1113
1082
1051
1053
1042
738
709
671
644
629
599
579
531
503
501
466
466
470
486
465
452
451
409
391
371
363
363
338
343
377
386
411
408
425
443
443
433
421
415
450
419
451
474
500
534
560
485
514
520
535
529
560
538
576
637
645
672
688
703
717
709
633
801
783
780
794
831
854
870
918
823
842
848
851
867
890
890
862
997
937
939
966
962
939
981
976
940
965
984
990
1030
1019
1047
1054
1027
969
1005
1036
1022
1042
1032
1046
1088
996
1041
1063
1117
1144
1119
1129
1093
965
1008
965
934
965
902
919
915
771
739
719
661
638
636
633
623
527
523
545
515
560
547
582
557
678
702
693
700
728
782
781
807
798
996
1005
946
920
924
924
957
983
970
999
983
972
938
905
931
885
914
884
882
891
881
864
823
772
639
611
586
558
535
511
491
462
475
444
446
433
442
414
410
377
375
380
369
360
367
348
377
383
407
417
404
429
438
435
417
432
420
395
421
415
413
430
453
483
508
477
487
506
529
557
570
597
614
597
614
628
629
651
666
668
700
1052
1041
1015
916
882
802
799
765
801
840
857
865
893
884
904
925
908
920
910
935
898
873
859
848
835
888
866
888
896
884
934
965
956
899
924
952
959
979
986
984
990
903
932
925
936
916
932
908
942
914
991
1011
1041
1034
1080
1103
1101
1141
1067
1114
1112
1115
1105
1114
1094
1043
882
904
857
861
841
843
806
761
648
620
595
576
559
562
556
565
620
640
621
660
657
676
661
668
866
887
934
978
950
944
973
965
937
939
970
975
983
986
967
1006
991
988
989
983
961
930
913
941
920
816
839
801
759
706
694
641
621
573
527
533
490
488
474
465
459
495
466
460
452
443
400
383
363
340
325
331
365
402
416
430
437
404
417
405
414
419
393
402
403
423
378
387
400
416
426
454
520
551
535
551
568
562
583
595
588
564
640
646
669
695
727
732
770
787
1240
1201
1089
1044
948
976
1067
1097
1123
1033
1080
1083
1089
1079
1081
1089
1071
1091
1101
1100
1075
1044
1022
1018
1019
1059
1072
1067
1068
1098
1123
1121
1094
1010
1010
1012
1011
1042
1053
1046
1059
938
916
1002
977
1001
1034
1024
1047
1054
1080
1121
1147
1160
1214
1181
1235
1243
1273
1281
1289
1287
1293
1250
1217
1173
954
969
966
960
902
891
834
781
657
683
673
662
669
691
647
678
804
844
868
868
896
911
898
925
1046
1079
1144
1194
1167
1190
1154
1177
1200
1013
988
1009
1047
1018
1026
1042
1033
1027
998
1022
961
965
945
891
868
723
695
696
662
608
600
566
538
511
513
497
482
452
451
438
415
428
416
380
369
357
369
391
394
422
424
426
423
428
435
429
421
414
392
412
409
418
438
427
469
485
467
503
494
518
532
562
553
563
559
523
544
546
557
576
580
620
996
1049
1063
1012
932
823
793
775
881
918
952
953
1008
1046
995
1000
999
883
858
932
925
886
812
849
877
936
922
894
931
947
987
966
965
949
946
958
943
954
926
997
983
885
888
886
915
923
901
1004
987
989
1031
989
1009
981
1080
1108
1102
1176
1212
1211
1172
1217
1216
1206
1205
1125
885
886
864
855
872
880
829
783
648
597
599
548
556
587
598
586
624
626
668
673
676
696
696
731
759
760
781
795
816
829
853
825
854
849
844
875
873
872
879
880
931
901
888
891
851
804
767
729
736
656
652
605
584
574
545
551
501
500
500
483
461
445
408
433
431
439
410
390
368
376
345
312
317
382
401
406
402
421
391
400
413
388
401
412
408
402
405
414
424
453
385
417
455
471
469
505
537
550
492
516
521
539
515
515
521
532
650
659
678
714
723
687
656
605
788
753
715
700
753
754
774
776
749
777
778
767
787
818
816
796
870
811
820
798
804
783
827
805
813
851
842
866
876
896
911
910
949
923
963
960
971
953
973
966
965
1029
1003
992
1024
1003
1035
1098
1082
1061
1104
1093
1098
1133
1080
1115
1081
891
913
867
825
845
836
826
794
772
757
720
693
657
661
666
675
684
790
818
817
831
860
864
898
910
1042
1044
1047
1073
1112
1084
1062
1030
926
856
910
976
987
966
961
902
795
740
753
755
713
731
700
694
614
600
590
561
556
526
519
494
459
452
434
434
413
427
423
390
393
382
374
376
377
353
345
340
323
385
396
412
418
433
417
413
414
452
459
454
460
450
434
439
458
444
450
475
487
500
500
525
554
450
478
517
505
515
515
512
514
543
484
535
525
538
536
511
507
472
543
491
432
389
350
350
378
392
578
599
598
629
631
643
646
638
639
667
670
652
643
627
596
588
698
713
709
725
741
744
768
773
898
899
936
946
928
906
947
953
990
880
877
916
942
938
959
923
938
930
910
935
950
957
992
972
1031
1028
1034
1011
945
926
920
895
862
676
684
657
683
676
641
655
628
595
624
590
623
598
630
662
682
705
862
860
878
892
904
928
919
945
1142
1100
1087
1027
986
971
1018
992
1102
1085
1072
1075
1023
1021
1027
1005
801
814
755
773
696
680
611
598
530
510
496
480
467
420
421
430
423
427
393
392
367
362
347
345
352
373
382
392
377
390
370
413
437
412
435
449
454
495
529
528
528
488
490
504
509
515
520
515
516
535
541
534
545
558
578
603
596
1015
1054
1082
1066
1032
1002
903
873
951
919
982
978
951
973
980
1021
1022
987
951
964
937
931
891
892
934
878
848
829
882
885
928
879
904
945
924
939
957
959
966
985
996
950
990
962
966
989
1035
1049
1079
1149
1187
1147
1198
1204
1172
1201
1201
1147
1082
988
977
977
934
930
906
888
757
693
717
727
699
712
693
683
684
702
710
720
754
744
764
781
1244
1279
1286
1281
1267
1322
1312
1289
1250
1230
1246
1259
1226
1283
1281
1279
1075
1016
974
938
905
888
852
819
772
602
580
560
532
505
502
480
468
469
449
442
436
451
452
423
392
403
384
392
369
371
345
359
353
364
371
397
420
412
449
477
507
472
465
490
486
516
519
522
528
524
510
513
521
520
544
543
541
576
963
1008
1057
1081
1044
994
973
895
1078
1073
1060
1089
1124
1158
1159
1106
1006
1009
997
1028
1015
1030
1001
1000
885
913
911
894
931
903
912
887
819
858
874
910
903
886
928
906
947
921
898
920
940
963
956
963
983
1154
1151
1189
1157
1177
1162
1159
1173
1041
1021
965
920
893
910
887
905
746
761
764
742
731
705
675
711
843
852
882
886
891
913
998
1015
1002
1244
1278
1317
1344
1399
1473
1493
1465
1242
1272
1212
1194
1211
1213
1191
1215
1054
1048
1029
1011
947
860
845
843
700
714
656
598
591
566
542
506
486
479
457
480
460
459
465
437
437
411
385
399
381
372
361
352
348
365
367
390
395
386
407
425
442
426
420
435
449
461
478
488
500
471
501
498
491
507
500
522
540
551
574
571
575
569
613
601
616
1096
1115
1049
1016
942
918
905
882
975
1052
1088
1076
1089
1124
1107
1093
1080
778
770
814
831
830
835
803
862
801
835
840
846
870
878
879
929
905
893
904
891
936
960
944
972
971
945
945
972
1035
992
1007
1001
853
846
824
784
772
787
753
731
746
624
591
588
622
624
610
628
649
875
859
897
953
942
965
955
990
1313
1363
1342
1372
1415
1384
1409
1369
1159
1178
1210
1257
1250
1209
1187
1142
928
857
848
783
768
749
728
746
598
553
533
521
497
467
448
442
418
422
434
430
404
401
377
359
353
372
368
382
371
381
368
381
388
381
415
418
439
425
447
439
459
431
439
457
477
506
502
499
503
491
501
526
489
527
511
521
541
627
648
688
694
716
738
734
780
770
1247
1213
1128
1068
1025
1054
1063
1073
1022
1032
1023
1027
1028
1010
1013
1017
826
815
828
801
825
813
814
812
810
816
795
819
842
826
884
873
798
844
824
800
827
880
900
880
911
904
942
963
998
998
1021
1017
1010
1023
1057
1100
1111
1107
1034
1005
992
799
787
765
730
741
723
702
686
646
657
663
624
640
622
615
625
816
856
903
942
987
986
1036
1040
1247
1330
1386
1359
1301
1303
1338
1333
1284
1315
1262
1219
1263
1280
1253
1228
1217
978
965
924
927
914
886
870
837
629
621
570
546
548
521
491
484
460
430
434
434
432
425
400
377
393
383
375
381
373
377
392
397
415
417
406
433
420
430
444
454
475
454
452
470
492
561
540
552
569
457
473
489
475
508
509
526
532
593
600
578
603
542
483
394
381
611
595
631
649
647
641
649
626
600
629
608
591
576
579
597
604
604
703
704
715
703
706
716
702
770
802
778
802
809
817
856
860
880
827
866
921
934
950
925
903
910
936
943
929
953
922
896
853
825
760
723
716
692
706
672
688
662
745
766
760
795
820
840
827
837
904
1270
1288
1372
1384
1506
1557
1544
1568
1427
1484
1465
1409
1376
1329
1291
1322
1250
1232
1211
1201
1154
1074
1092
1087
841
796
770
754
706
690
708
656
558
541
542
495
485
450
469
479
482
466
443
429
365
367
368
352
360
385
394
358
391
402
390
401
437
440
428
442
423
459
468
499
503
435
441
474
478
487
510
509
513
516
518
518
556
566
550
583
586
727
733
662
591
526
516
529
552
582
622
644
655
657
675
695
674
676
835
823
816
792
818
811
815
824
839
848
832
847
875
904
938
976
872
900
917
963
957
961
1012
999
1072
1087
1067
1064
1106
1115
1097
1072
1021
976
967
909
929
926
895
902
892
769
813
796
766
756
761
790
776
938
963
985
1043
1051
1038
1021
1048
1125
1184
1164
1085
1105
1129
1128
1171
944
915
908
877
801
810
766
722
617
591
603
569
563
559
522
498
486
435
427
408
422
417
411
399
373
404
374
372
359
344
335
340
362
425
427
435
440
441
437
443
465
421
432
424
424
445
462
494
513
436
446
438
475
442
490
486
475
495
528
542
541
538
580
598
593
602
787
743
683
601
604
601
633
612
742
745
799
783
797
817
805
797
882
889
912
885
905
915
936
923
952
984
970
1000
1001
1020
1025
1052
923
950
976
963
1000
989
1025
1054
1098
1078
1100
1147
1115
1172
1137
1150
1173
1150
1103
1079
1019
994
948
958
956
876
817
829
774
786
773
753
752
953
1022
1011
1062
1114
1158
1162
1134
1304
1332
1336
1410
1417
1459
1453
1428
1210
1144
1140
1100
1127
1171
1167
1162
1171
1017
991
939
932
912
852
860
782
662
633
591
560
519
499
467
474
472
470
436
403
409
393
385
380
410
398
430
412
425
456
451
462
448
414
459
488
513
552
616
665
426
439
438
444
465
435
441
408
402
339
334
320
310
283
271
273
241
657
702
658
636
592
591
622
608
996
1019
1018
1054
1141
1269
1441
1595
436
516
552
514
459
404
434
485
321
304
305
290
258
215
194
207
198
476
489
441
411
416
411
393
411
756
743
720
650
607
608
651
801
706
952
1142
1345
1320
1286
1089
811
290
291
304
281
274
268
255
185
188
191
199
203
224
220
222
224
969
855
759
801
1033
1252
1476
1663
1730
678
645
520
418
404
390
373
384
240
236
221
207
191
187
199
192
399
382
354
360
363
370
382
380
461
512
690
961
1225
1463
1664
1794
455
402
368
366
348
343
329
330
262
263
270
266
268
261
221
198
198
386
365
361
375
385
378
379
371
884
1155
1221
1133
1086
878
667
655
339
347
326
341
270
244
246
218
333
315
367
413
456
432
412
399
435
443
438
448
412
417
414
440
459
323
322
282
318
308
304
285
266
377
377
416
432
410
361
358
403
692
716
743
713
680
558
541
535
520
474
480
479
486
516
536
524
390
393
387
401
366
371
351
358
253
253
258
244
250
241
242
231
238
278
259
265
281
263
270
288
267