584
590
596
592
607
579
572
596
571
576
596
569
570
568
587
607
560
590
566
561
573
564
573
554
559
600
587
588
544
588
577
522
535
533
551
552
533
546
533
497
510
522
503
513
518
495
498
508
516
535
501
533
531
505
506
558
518
544
539
516
508
519
536
529
543
557
556
540
573
539
558
563
582
552
573
582
558
583
583
556
572
571
588
571
560
568
564
573
579
592
594
606
610
572
594
587
587
540
575
569
581
581
578
586
590
583
578
576
582
568
583
593
594
572
612
589
555
577
600
581
588
550
553
561
554
539
562
545
540
543
558
526
549
546
544
575
564
603
573
589
607
580
579
577
570
589
611
613
595
601
606
589
607
614
626
594
627
615
600
617
596
619
623
664
638
647
643
673
648
652
633
623
621
614
625
619
617
605
583
582
550
561
535
567
558
561
510
524
519
515
531
495
498
499
499
499
503
473
489
519
497
509
505
484
488
511
511
488
508
509
514
558
574
591
567
583
560
564
573
581
596
588
579
574
583
538
543
508
505
508
483
483
468
488
459
428
444
415
440
429
434
445
435
451
450
451
457
438
463
470
472
523
507
511
516
522
550
506
530
524
556
543
574
553
590
599
604
628
614
643
639
649
668
672
664
688
670
694
669
666
697
657
668
659
622
619
605
615
596
619
611
611
535
522
510
500
498
532
531
546
535
496
500
496
508
490
481
498
496
529
503
534
534
525
534
534
524
573
559
530
545
534
513
490
493
477
470
475
474
485
468
461
445
471
469
477
463
477
453
461
446
422
400
410
390
374
412
392
413
402
426
415
438
400
404
405
390
414
398
422
430
421
418
422
421
427
386
382
381
384
401
399
403
417
372
386
399
398
415
425
387
420
457
442
471
484
486
494
487
518
630
643
662
670
641
665
663
672
653
773
776
787
766
790
762
779
769
890
877
858
886
860
838
864
832
699
705
711
660
672
665
650
655
515
526
522
547
562
601
657
630
633
637
651
651
680
679
657
670
639
624
594
625
603
617
605
616
594
517
507
494
482
433
456
435
421
447
453
464
488
511
536
524
516
674
704
717
702
667
680
681
671
770
761
740
713
693
673
688
690
534
557
538
509
507
490
493
507
515
407
393
382
406
385
423
423
435
574
601
624
597
631
618
597
612
780
762
724
713
728
776
759
764
404
390
406
400
432
446
444
446
359
316
314
304
301
286
292
284
552
562
605
578
566
584
573
598
597
596
610
597
608
618
641
637
650
402
408
402
389
402
398
415
422
367
347
339
332
326
297
327
315
551
546
527
516
535
516
536
508
578
588
597
586
603
589
603
637
371
377
396
405
394
381
377
385
373
299
283
309
303
299
287
284
250
395
398
374
383
368
364
375
369
527
541
567
609
667
694
748
769
379
376
372
399
400
399
401
432
371
369
353
384
416
412
459
470
645
620
592
646
651
648
665
674
741
930
1081
1161
1163
1160
1168
1072
908
878
761
760
732
697
681
649
646
458
439
454
459
442
419
412
409
427
442
433
413
419
467
453
448
586
621
580
588
610
627
661
677
722
557
549
527
524
529
550
583
578
497
496
524
508
504
508
529
511
614
623
612
621
612
572
602
616
897
911
905
955
1073
1195
1355
1414
1053
1066
1049
969
882
757
667
650
632
625
620
589
572
553
533
526
535
385
358
360
355
353
364
356
378
513
501
500
570
548
590
645
739
732
648
604
550
522
579
628
690
535
530
514
513
525
491
492
476
691
788
861
751
727
793
888
771
638
587
595
597
611
728
741
560
698
742
621
625
593
663
665
883
922
449
491
562
529
515
523
528
542
705
684
827
658
643
607
603
679
826
684
612
779
796
630
617
608
651
646
812
613
633
716
544
536
487
506
666
710
544
683
771
699
641
540
567
565
467
575
484
443
411
495
629
507
526
676
518
528
519
468
474
482
482
511
645
485
550
708
565
551
611
687
872
667
909
519
479
457
453
483
523
529
448
683
866
646
600
559
567
634
622
620
474
473
451
441
404
405
421
408
404
388
425
421
479
540
547
557
484
479
498
510
495
480
470
471
477
488
504
483
522
548
563
512
588
485
436
399
419
387
415
441
467
594
589
600
611
629
675
677
726
497
422
400
407
414
398
407
435
655
707
722
713
682
655
590
525
415
408
407
433
459
484
550
576
549
599
598
582
572
538
486
497
462
460
450
443
482
496
568
541
537
629
579
541
522
479
420
398
406
475
526
553
614
703
701
670
611
463
535
494
476
476
450
437
419
579
521
599
668
681
660
622
642
578
533
507
526
502
444
448
491
521
648
713
692
687
648
645
708
738
439
437
405
391
399
410
416
402
897
981
953
872
846
772
774
715
517
516
541
543
545
461
430
395
500
545
587
721
745
712
694
682
453
433
466
494
529
515
470
521
499
533
524
456
442
426
427
412
409
423
430
397
395
381
375
379
364
372
355
371
358
345
365
357
363
393
393
423
429
425
437
460
455
456
463
485
498
505
494
515
530
554
567
583
567
572
560
538
536
527
533
517
520
538
505
514
521
518
613
612
598
606
612
611
610
604
639
638
664
637
646
602
611
628
629
653
615
625
617
615
616
610
637
638
640
604
632
617
631
627
633
611
631
624
611
633
636
635
626
665
649
670
676
675
677
675
667
624
658
662
651
642
636
682
680
616
646
651
627
615
615
628
612
663
659
664
663
672
698
674
705
785
784
767
780
791
783
804
788
824
788
797
803
785
767
721
720
708
693
639
632
596
590
577
566
523
547
531
552
521
514
491
469
441
532
519
468
454
445
413
392
369
534
546
480
440
424
400
351
309
317
284
208
168
165
153
132
112
146
173
184
162
160
165
165
136
131
157
162
170
170
171
148
154
135
182
173
181
192
179
171
188
184
172
176
173
161
166
171
190
185
218
218
223
232
234
187
211
206
207
203
201
202
212
201
193
212
202
209
226
236
218
222
225
222
239
221
224
250
243
249
251
233
249
247
253
259
266
262
251
246
265
256
269
278
266
262
258
281
282
264
257
242
270
276
268
278
278
237
251
273
274
313
312
350
352
339
282
279
306
325
321
305
305
321
284
277
278
289
309
334
372
349
403
402
387
378
367
356
340
285
398
397
363
362
347
327
311
317
388
359
392
366
363
370
373
356
361
339
333
337
320
334
329
303
328
323
341
339
355
384
339
351
389
330
343
336
348
395
414
429
437
378
386
391
383
399
389
395
387
345
336
328
343
349
383
382
387
399
327
332
365
421
417
407
433
387
425
422
404
431
444
427
411
421
435
427
434
457
460
468
468
480
505
511
528
541
566
540
584
589
556
571
573
557
588
607
636
626
613
599
665
698
677
673
724
720
856
889
881
941
978
993
1045
1112
1154
1255
1315
1444
1498
1637
1712
1871
1997
2032
2100
2321
2489
2659
2835
3076
3272
2957
3039
3218
3245
3347
3387
3503
3464
2843
2803
2866
2947
3023
3056
3108
3088
2826
2907
3010
2999
2959
3013
3062
2981
2751
2813
2825
2845
2817
2925
2889
2983
2936
2652
2723
2706
2718
2799
2804
2890
2978
2828
2906
3035
3150
3124
3190
3193
3258
3160
3148
3204
3207
3164
3153
3099
3144
3148
3204
3178
3219
3188
3152
3127
3138
3111
3131
3145
3143
3129
3142
3098
3150
3144
3158
3116
3079
3066
3119
3056
3069
3065
3101
3079
3019
3095
3120
3094
3087
3083
3122
3159
3140
3171
3095
3102
3034
3098
3047
3056
3013
3038
3001
3029
2997
2976
3015
3035
3036
3030
2942
3024
2987
2989
2991
3036
2989
2997
2984
2911
2917
2921
2870
2991
2945
2920
2862
2855
2945
2867
2822
2873
2904
2882
2864
2866
2857
2797
2785
2913
2944
2818
2934
2852
2904
2835
2797
2769
2773
2819
2725
2748
2799
2787
2796
2976
2963
2926
2935
2926
2917
2904
2833
2906
2894
2876
2925
2841
2851
2745
2809
2824
2936
2937
2984
2937
2947
2937
2931
2884
3066
3045
3080
3081
3040
3025
3135
3090
3169
3050
3069
3135
3045
3116
3078
3089
2905
2894
2897
2884
2911
2855
2834
2850
2652
2741
2770
2777
2768
2811
2941
2909
2769
2765
2739
2846
2840
2814
2825
2763
2846
2685
2688
2682
2707
2681
2703
2671
2607
2616
2606
2625
2611
2615
2651
2639
2575
2621
2613
2646
2669
2645
2666
2704
2677
2678
2637
2611
2604
2649
2657
2616
2604
2650
2654
2659
2645
2669
2695
2689
2705
2668
2725
2734
2717
2698
2712
2747
2805
2803
2817
2845
2820
2798
2787
2785
2777
2770
2737
2742
2743
2795
2737
2769
2722
2769
2755
2746
2778
2796
2739
2763
2739
2756
2713
2718
2751
2778
2793
2809
2750
2737
2810
2810
2776
2795
2853
2894
2835
2826
2784
2768
2760
2843
2858
2837
2841
2892
2912
2898
2875
2936
3009
3003
2939
2975
2933
2936
2978
2933
2949
2896
2907
2907
2910
2920
2944
2909
2899
2897
2930
3018
3036
3066
3096
3108
3115
3124
3105
3108
3058
3000
2974
3031
2911
2944
2842
2850
2869
2857
2893
2968
2955
2941
2925
2969
2943
2898
2932
2914
2913
2900
2838
2905
2879
2898
2910
2868
2915
2867
2898
2858
2883
2874
2844
2908
2912
2977
3001
3055
2973
2978
2944
2978
2956
2958
2986
2982
3016
3077
2956
2940
2989
3019
2963
2999
3047
3021
3046
2991
2988
2947
2928
2928
3010
2988
3006
3022
3010
3031
3029
2985
2986
3005
3018
3057
3072
3085
3056
3070
3007
3055
3005
2989
2978
3000
3006
3028
3001
3029
2994
3025
3064
3011
3081
3100
3165
3158
3136
3096
3089
3098
3124
3097
3135
3153
3162
3109
3088
3038
3004
3054
2951
2935
2936
2928
2881
2945
2877
2924
2922
2937
2895
2850
2819
2823
2832
2874
2832
2857
2872
2951
2952
2877
2821
2839
2825
2789
2805
2886
2903
3012
2962
2906
2911
2887
2837
2859
2795
2803
2747
2773
2808
2773
2777
2739
2736
2731
2762
2804
2923
2941
2994
2931
2977
2920
2869
2893
2839
2886
2899
2924
2910
2898
2853
2839
2840
2822
2912
2915
2935
2972
2974
2977
2898
2881
2845
2919
2865
2900
2991
2966
3045
3044
2977
2961
2952
2974
2973
3030
3032
3031
3026
3064
3038
3015
3033
2982
3044
3020
3022
3007
2984
3022
2986
2905
2947
2982
3033
3006
2948
2944
3064
3034
3013
3013
2949
2950
2928
2958
2989
3016
2956
2913
2936
2837
2836
2845
2832
2929
2900
2879
2940
2951
2917
2942
2937
2924
2921
2937
2881
2856
2960
2870
2932
2847
2824
2901
2864
2893
2885
2941
2990
3021
2935
2915
2973
2914
2865
2812
2909
2895
2925
2931
2957
2899
2874
2877
2868
2895
2869
2991
2975
2992
2848
2778
2810
2733
2777
2825
2799
2858
2769
2769
2660
2633
2679
2659
2647
2763
2778
2803
2783
2753
2715
2647
2634
2618
2697
2701
2696
2659
2651
2734
2687
2671
2679
2684
2689
2724
2796
2743
2866
2914
2899
2822
2736
2710
2724
2652
2663
2602
2740
2709
2703
2667
2664
2574
2667
2607
2605
2627
2650
2712
2607
2613
2619
2622
2567
2610
2641
2661
2665
2669
2666
2610
2563
2492
2544
2599
2570
2578
2529
2516
2545
2505
2428
2425
2393
2397
2461
2402
2470
2414
2458
2374
2396
2400
2425
2385
2383
2303
2334
2304
2267
2254
2260
2255
2299
2328
2413
2436
2346
2366
2350
2367
2360
2427
2472
2423
2443
2448
2460
2451
2412
2413
2389
2376
2415
2391
2484
2490
2451
2529
2513
2494
2532
2518
2576
2598
2563
2538
2538
2453
2436
2408
2561
2589
2551
2409
2458
2380
2283
2292
2377
2772
2678
2699
2790
2798
2654
2662
2574
2900
2955
2811
2787
2645
2594
2579
2573
2738
2680
2604
2627
2615
2595
2557
2521
2446
2382
2361
2236
2275
2262
2231
2100
2102
2050
2028
1923
1779
1688
1682
1603
1547
1441
1210
1019
995
1007
975
970
974
885
890
857
847
879
869
892
909
845
809
852
834
882
883
904
931
892
893
934
978
979
1027
1018
1043
912
913
959
967
1031
1039
1126
1192
922
908
978
1032
1037
1010
1028
1104
1125
813
837
865
877
923
916
934
975
827
820
859
893
948
994
1022
1067
950
992
1008
1030
1033
1016
1071
1068
994
1011
1029
1051
1026
1041
1014
996
965
960
932
953
941
981
951
906
951
950
934
970
956
985
986
978
1025
1022
1011
995
981
998
1000
966
982
1001
1009
1029
1029
1028
1053
1017
1001
1007
1032
999
1019
1044
1056
1080
1017
1097
1054
1009
1021
1039
1079
1085
1082
1060
1048
1027
1058
1084
1048
1090
1099
1109
1092
1101
1133
1133
1152
1103
1140
1145
1149
1131
1151
1164
1152
1125
1066
1113
1090
1106
1091
1145
1135
1186
1104
1146
1217
1163
1172
1156
1166
1159
1160
1170
1231
1169
1205
1199
1163
1177
1190
1170
1179
1205
1194
1187
1169
1133
1183
1168
1144
1175
1153
1170
1159
1203
1198
1148
1188
1147
1169
1175
1160
1186
1226
1229
1219
1230
1201
1218
1218
1161
1161
1247
1190
1199
1186
1197
1230
1244
1228
1223
1203
1222
1194
1271
1278
1246
1299
1296
1292
1268
1268
1292
1297
1282
1318
1334
1317
1295
1319
1308
1290
1268
1283
1326
1340
1332
1424
1402
1426
1407
1411
1422
1380
1425
1384
1363
1423
1473
1488
1522
1444
1432
1488
1482
1508
1547
1579
1564
1613
1620
1661
1664
1662
1682
1705
1784
1730
1744
1756
1806
1809
1857
1842
1915
1877
1884
1867
1903
1864
1874
1927
1933
1941
1918
1927
2033
2008
1963
2004
1997
2022
2004
2063
2111
2120
2127
2161
2149
2145
2209
2237
2158
2102
2143
2076
2057
2043
2108
2108
2019
2087
2127
2114
2099
2088
2066
2096
2102
2155
2092
2134
2098
2114
2064
2079
2066
2034
2001
1983
1978
1936
1919
1932
1916
1845
1887
1858
1904
1896
1877
1935
1976
1841
1802
1753
1703
1690
1608
1647
1619
1597
1531
1503
1462
1482
1482
1419
1434
1460
1440
1471
1400
1353
1375
1394
1370
1373
1285
1266
1263
1248
1225
1220
1243
1216
1177
1161
1172
1140
1136
1119
1141
1158
1154
1132
1126
1142
1142
1135
1179
1151
1114
1142
1144
1179
1169
1187
1242
1236
1201
1242
1271
1252
1287
1284
1274
1261
1304
1255
1264
1282
1288
1317
1277
1275
1375
1323
1348
1330
1396
1372
1376
1430
1401
1383
1383
1401
1384
1398
1387
1427
1428
1468
1485
1453
1465
1488
1460
1473
1437
1472
1474
1521
1494
1477
1535
1575
1570
1534
1502
1528
1539
1567
1597
1572
1599
1646
1584
1601
1643
1625
1631
1630
1600
1642
1643
1658
1674
1700
1696
1712
1702
1749
1783
1773
1851
1811
1837
1852
1867
1916
1907
1930
2000
1986
1925
1944
2020
2024
2017
2050
2098
2096
2082
2135
2154
2176
2238
2267
2281
2313
2266
2327
2432
2435
2398
2440
2445
2465
2441
2556
2473
2578
2600
2687
2743
2763
2792
2873
2819
2865
2957
2931
3017
3070
3073
3053
3120
3128
3206
3245
3309
3328
3356
3324
3421
3450
3454
3475
3503
3502
3535
3509
3614
3603
3690
3658
3741
3759
3760
3804
3759
3825
3835
3888
3879
3930
3878
3964
3862
3868
3797
3788
3764
3794
3811
3870
3881
3911
3865
3892
3788
3812
3815
3768
3755
3796
3831
3813
3754
3675
3474
3388
3383
3368
3328
3335
3299
3229
3222
3183
3110
3054
3021
2913
2935
2931
2906
2867
2821
2764
2583
2546
2463
2399
2454
2361
2376
2372
2325
2241
2213
2120
2068
2005
1981
1925
1922
1896
1842
1845
1752
1616
1622
1522
1539
1596
1577
1520
1542
1548
1562
1511
1426
1393
1411
1410
1403
1371
1385
1339
1304
1238
1176
1182
1192
1191
1195
1202
1207
1209
1190
1195
1122
1132
1182
1186
1205
1235
1172
1155
1149
1138
1125
1105
1123
1096
1125
1133
1153
1137
1156
1157
1161
1159
1101
1145
1120
1114
1133
1134
1148
1138
1099
1107
1165
1154
1104
1153
1170
1144
1124
1138
1140
1162
1184
1162
1149
1174
1156
1144
1177
1143
1143
1132
1149
1142
1128
1132
1198
1146
1110
1144
1107
1136
1115
1140
1129
1122
1120
1088
1141
1109
1105
1113
1092
1087
1073
1093
1114
1080
1115
1100
1086
1095
1054
1054
1083
1111
1095
1097
1145
1093
1113
1100
1075
1081
1078
1065
1095
1051
1023
1065
1013
1043
980
952
991
992
1033
1008
1013
1013
1006
985
992
1005
998
1011
1015
994
1050
1019
1035
1018
1038
1075
1076
1072
1065
1119
1100
1151
1087
1080
1069
1098
1061
1094
1082
1096
1130
1122
1128
1147
1133
1136
1076
1124
1137
1098
1105
1092
1141
1066
1117
1098
1109
1115
1136
1145
1181
1160
1182
1170
1149
1151
1206
1214
1196
1174
1219
1240
1215
1255
1248
1256
1291
1266
1256
1310
1257
1280
1281
1269
1254
1275
1237
1275
1264
1233
1275
1263
1258
1270
1225
1255
1219
1217
1187
1175
1149
1128
1124
1171
1112
1088
1112
1108
1152
1119
1125
1125
1118
1135
1115
1149
1161
1117
1137
1153
1119
1177
1135
1189
1171
1148
1174
1160
1160
1150
1136
1185
1142
1124
1127
1130
1126
1097
1171
1188
1197
1164
1175
1178
1140
1141
1132
1153
1129
1111
1152
1135
1150
1138
1123
1129
1138
1106
1135
1135
1109
1131
1133
1174
1170
1189
1160
1116
1144
1054
1073
1079
1036
984
1014
989
983
961
980
1019
1031
1054
1054
1035
1071
1071
1033
1034
978
971
958
913
874
906
820
881
877
879
893
883
901
917
947
946
958
938
945
949
966
960
960
904
879
910
884
885
897
873
895
903
928
923
923
960
912
967
943
968
965
942
932
936
935
955
924
920
951
935
931
943
979
936
979
961
975
965
927
966
933
942
927
895
869
851
851
829
836
807
804
811
883
895
909
959
973
944
961
956
931
897
909
954
927
942
913
920
908
955
921
941
940
945
994
977
972
998
995
980
1055
1063
1089
1042
1038
1003
958
971
941
916
923
911
885
880
919
885
899
848
889
847
923
903
876
824
867
858
849
847
865
840
846
863
839
855
827
833
831
828
858
883
868
900
844
874
848
861
838
868
875
863
856
864
849
854
871
861
868
888
842
895
891
899
896
924
877
850
856
857
857
840
829
835
842
847
806
835
818
843
867
844
856
886
878
942
903
842
858
848
852
859
877
850
861
843
835
858
869
871
848
851
892
862
898
878
860
865
884
870
876
832
862
845
887
879
828
879
845
888
878
859
908
899
890
927
917
962
923
871
914
881
888
859
899
875
841
887
938
909
972
969
1021
953
969
1031
1007
996
947
980
948
923
914
892
933
928
920
914
934
949
969
949
976
945
946
955
964
940
916
960
912
927
905
918
920
884
890
902
909
953
964
989
1002
998
1018
1043
1052
1011
998
1012
997
998
967
982
956
978
966
980
964
970
945
993
950
963
1021
989
1031
1021
1025
1053
1018
1018
1001
1007
968
961
1013
974
987
964
1030
1020
1081
1079
1042
1056
1055
1095
1061
1070
1026
1041
1019
1018
1011
967
1006
990
974
1019
996
998
999
1025
991
1087
1080
1070
1040
1057
1059
1030
1047
1042
988
1011
1023
1031
1016
1009
976
1023
991
1026
1016
1042
1024
1075
1059
1065
1101
1049
1007
1046
1041
1034
1064
1037
1034
1034
1003
1028
1069
1081
1048
1058
1094
1080
1059
1120
1149
1135
1118
1111
1090
1069
1076
1035
993
963
960
967
999
1047
1049
1053
1072
1051
1094
1101
1105
1112
1107
1085
1059
1091
1086
1069
1030
1004
1021
1019
1043
1029
1039
1050
1120
1127
1104
1114
1145
1132
1159
1127
1127
1145
1066
1078
1083
1069
1078
1097
1079
1138
1125
1159
1149
1195
1220
1227
1185
1206
1212
1204
1177
1182
1187
1193
1137
1151
1111
1130
1072
1139
1165
1172
1156
1200
1200
1259
1256
1282
1247
1242
1235
1283
1248
1308
1259
1258
1230
1217
1246
1228
1255
1267
1254
1245
1323
1303
1257
1296
1249
1216
1164
1131
1141
1147
1157
1161
1149
1133
1193
1208
1225
1219
1234
1225
1228
1232
1234
1222
1286
1260
1232
1211
1234
1219
1270
1282
1263
1240
1199
1263
1285
1348
1317
1350
1369
1370
1419
1417
1440
1451
1451
1408
1418
1436
1409
1430
1437
1457
1417
1416
1395
1404
1464
1439
1475
1466
1517
1520
1545
1535
1536
1544
1550
1546
1559
1593
1575
1554
1611
1559
1592
1601
1613
1643
1648
1667
1651
1710
1714
1703
1743
1766
1740
1775
1758
1767
1856
1771
1842
1877
1923
1831
1872
1856
1884
1912
1920
1960
1943
1993
1988
2030
1963
1998
2032
2072
2012
2020
2025
2064
2081
2067
2100
2080
2112
2132
2102
2175
2157
2189
2209
2265
2266
2265
2298
2264
2244
2249
2199
2237
2236
2257
2232
2222
2213
2250
2244
2250
2237
2240
2295
2325
2298
2310
2333
2319
2392
2329
2413
2352
2357
2374
2383
2381
2419
2411
2405
2430
2411
2428
2446
2454
2396
2433
2469
2409
2379
2456
2404
2363
2418
2392
2367
2403
2409
2321
2318
2328
2344
2354
2412
2317
2342
2408
2408
2369
2431
2414
2417
2381
2372
2409
2395
2401
2379
2405
2356
2370
2409
2374
2409
2446
2428
2413
2399
2411
2457
2451
2415
2410
2445
2439
2419
2488
2475
2436
2474
2452
2454
2488
2458
2522
2481
2495
2525
2560
2593
2538
2632
2619
2584
2591
2600
2672
2612
2676
2676
2641
2693
2652
2676
2716
2726
2768
2787
2786
2846
2880
2824
2857
2888
2885
2849
2826
2868
2841
2769
2782
2810
2772
2767
2771
2828
2757
2827
2878
2756
2807
2855
2880
2845
2836
2880
2828
2824
2822
2774
2779
2792
2828
2783
2784
2762
2763
2796
2751
2743
2772
2806
2842
2845
2809
2760
2797
2696
2699
2656
2657
2665
2662
2594
2593
2660
2570
2588
2545
2598
2601
2641
2602
2570
2591
2597
2682
2616
2637
2529
2530
2519
2479
2497
2457
2548
2585
2586
2596
2632
2605
2651
2556
2574
2591
2618
2594
2681
2639
2599
2560
2554
2528
2529
2473
2494
2473
2493
2516
2462
2505
2529
2524
2549
2493
2571
2606
2598
2595
2601
2569
2545
2525
2506
2498
2478
2458
2454
2476
2498
2504
2503
2508
2437
2502
2446
2473
2549
2511
2572
2520
2557
2507
2488
2439
2429
2466
2405
2388
2377
2378
2425
2390
2392
2387
2404
2364
2366
2418
2403
2414
2390
2434
2347
2375
2350
2371
2336
2315
2326
2359
2322
2384
2367
2431
2445
2363
2416
2435
2435
2476
2507
2478
2454
2406
2376
2364
2395
2368
2368
2359
2418
2381
2415
2420
2485
2440
2435
2485
2493
2494
2482
2509
2541
2452
2501
2472
2457
2410
2425
2465
2456
2429
2395
2419
2425
2451
2427
2466
2444
2462
2471
2428
2554
2465
2507
2436
2438
2401
2381
2433
2434
2432
2405
2406
2469
2466
2504
2501
2491
2489
2512
2536
2532
2536
2549
2486
2455
2463
2453
2432
2435
2404
2451
2485
2523
2543
2564
2586
2581
2588
2569
2624
2600
2640
2636
2662
2619
2648
2571
2587
2521
2531
2545
2540
2574
2570
2557
2620
2620
2644
2653
2669
2722
2723
2807
2737
2707
2648
2633
2671
2614
2603
2571
2590
2602
2574
2595
2563
2609
2654
2689
2740
2657
2726
2713
2675
2707
2747
2683
2712
2687
2664
2712
2761
2722
2720
2734
2757
2836
2862
2822
2868
2913
2867
2934
2930
3024
2975
2935
2905
2914
2909
2867
2804
2766
2732
2797
2740
2848
2854
2838
2749
2790
2844
2796
2812
2889
2884
2772
2737
2597
2605
2621
2586
2531
2514
2455
2515
2589
2615
2597
2562
2482
2418
2420
2397
2381
2388
2357
2321
2297
2200
2208
2183
2221
2153
2027
2102
2121
2125
2118
2061
2077
2065
2072
2103
2089
2066
2082
2084
2060
2071
2051
2036
2074
2040
2009
2037
2021
2040
2057
2126
2096
2166
2148
2162
2177
2205
2156
2133
2146
2098
2100
2085
2110
2126
2077
2104
2081
2085
2108
2152
2114
2169
2136
2112
2151
2175
2207
2238
2245
2201
2178
2187
2124
2143
2107
2084
2074
2060
2088
2145
2194
2169
2179
2192
2155
2188
2166
2153
2138
2154
2174
2151
2103
2093
2076
2084
2050
2024
2061
2059
2043
2098
2039
2100
2121
2160
2143
2204
2231
2189
2206
2239
2137
2139
2122
2116
2116
2098
2121
2137
2164
2200
2155
2173
2178
2164
2187
2191
2195
2261
2230
2237
2258
2259
2240
2178
2216
2201
2248
2262
2312
2311
2280
2312
2361
2385
2398
2445
2483
2500
2528
2505
2465
2418
2460
2419
2428
2405
2397
2463
2405
2405
2421
2463
2420
2446
2460
2504
2459
2452
2457
2474
2406
2348
2376
2351
2319
2295
2322
2266
2261
2251
2292
2276
2302
2275
2247
2268
2270
2298
2274
2345
2286
2292
2229
2240
2241
2227
2226
2201
2207
2205
2218
2356
2285
2287
2284
2345
2328
2334
2292
2355
2334
2298
2282
2305
2281
2247
2288
2313
2249
2283
2267
2225
2218
2174
2258
2230
2198
2246
2262
2215
2228
2149
2116
2091
2102
2035
2161
2142
2166
2117
2171
2174
2124
2186
2183
2216
2200
2229
2212
2202
2236
2196
2185
2172
2140
2186
2254
2226
2180
2146
2152
2182
2208
2204
2245
2219
2238
2238
2273
2270
2195
2251
2255
2204
2124
2092
2127
2145
2071
2075
2128
2163
2207
2195
2244
2234
2239
2226
2210
2223
2186
2187
2173
2142
2140
2103
2080
2061
2067
2077
2072
2053
2043
2059
2089
2086
2116
2139
2194
2184
2166
2250
2176
2099
2109
2066
2085
2070
2054
2101
2136
2077
2072
2054
2032
2038
2115
2101
2028
2062
2111
2122
2099
2134
2099
2022
2059
2068
2112
2088
2108
2120
2107
2157
2142
2109
2151
2146
2174
2175
2204
2262
2256
2231
2227
2207
2176
2175
2169
2173
2129
2166
2166
2168
2176
2217
2233
2258
2207
2228
2320
2326
2283
2349
2233
2180
2210
2175
2171
2150
2150
2153
2130
2147
2156
2156
2189
2224
2230
2291
2318
2308
2315
2329
2306
2297
2261
2272
2264
2221
2188
2236
2211
2211
2249
2261
2237
2311
2352
2368
2334
2331
2307
2385
2325
2275
2290
2269
2307
2276
2340
2256
2268
2299
2297
2315
2269
2357
2371
2381
2337
2415
2432
2443
2375
2331
2358
2352
2338
2390
2377
2313
2382
2357
2390
2375
2364
2361
2410
2415
2457
2453
2475
2473
2474
2446
2342
2364
2332
2376
2369
2338
2327
2280
2321
2298
2255
2287
2253
2261
2212
2276
2312
2330
2293
2252
2235
2192
2143
2136
2113
2115
2100
2048
2024
2001
1993
1955
2010
1991
2101
2142
2100
2140
2173
2165
2050
2026
2048
2069
2057
2055
2011
1956
2003
2010
2065
2007
2053
2066
2131
2122
2120
2131
2170
2142
2101
2103
2135
2143
2121
2130
2082
2079
2066
2047
2092
2112
2029
2112
2112
2100
2164
2141
2168
2197
2194
2144
2102
2057
2120
2092
2105
2048
2023
2002
2031
2030
2062
2061
2084
2140
2191
2140
2146
2145
2151
2140
2163
2129
2140
2115
2132
2094
2061
2094
2151
2111
2112
2147
2164
2168
2214
2225
2253
2308
2322
2287
2230
2221
2243
2269
2198
2220
2254
2247
2231
2267
2314
2255
2287
2332
2292
2335
2342
2386
2382
2387
2364
2330
2356
2286
2332
2309
2330
2270
2357
2292
2373
2372
2363
2356
2397
2435
2407
2360
2363
2372
2341
2331
2357
2328
2299
2287
2237
2238
2216
2254
2222
2217
2293
2242
2237
2279
2362
2351
2366
2392
2389
2345
2278
2273
2298
2243
2232
2271
2287
2300
2288
2307
2325
2342
2358
2350
2335
2360
2376
2413
2384
2383
2330
2361
2352
2347
2333
2267
2353
2358
2352
2356
2365
2381
2398
2408
2502
2465
2456
2459
2400
2450
2427
2481
2488
2527
2495
2518
2555
2535
2549
2581
2621
2556
2609
2584
2608
2638
2617
2625
2689
2654
2720
2744
2667
2723
2639
2650
2662
2686
2675
2677
2744
2742
2689
2732
2728
2787
2801
2798
2795
2805
2803
2815
2774
2770
2705
2759
2729
2746
2717
2647
2750
2685
2681
2743
2735
2769
2773
2788
2799
2804
2776
2735
2733
2683
2726
2700
2699
2696
2716
2733
2777
2758
2741
2781
2754
2659
2746
2720
2819
2778
2800
2759
2807
2778
2722
2674
2717
2638
2656
2720
2700
2704
2717
2746
2779
2775
2777
2787
2817
2826
2837
2817
2831
2838
2848
2821
2784
2791
2791
2852
2821
2820
2891
2841
2982
2885
2954
2899
2941
2972
2896
2892
2875
2874
2867
2837
2857
2837
2803
2809
2825
2833
2895
2904
2873
2921
2915
2918
2902
2880
2913
2883
2900
2842
2796
2894
2850
2886
2900
2852
2941
2963
3038
3023
3077
3131
3145
3167
3191
3197
3227
3168
3140
3166
3163
3186
3229
3210
3211
3125
3105
3158
3235
3221
3320
3379
3310
3354
3376
3321
3362
3453
3437
3407
3446
3463
3403
3478
3436
3575
3578
3587
3630
3600
3557
3604
3582
3635
3719
3819
3840
3822
3783
3818
3852
3779
3778
3753
3706
3703
3562
3525
3615
3580
3624
3605
3584
3589
3555
3649
3671
3641
3653
3630
3676
3679
3690
3632
3605
3583
3592
3572
3578
3559
3543
3596
3575
3544
3546
3606
3696
3753
3728
3811
3822
3798
3813
3870
3875
3920
3961
3793
3778
3780
3785
3708
3775
3850
3923
3891
3886
3905
3800
3844
3837
3916
3855
3867
3881
3846
3806
3804
3725
3824
3695
3677
3676
3636
3679
3678
3590
3531
3508
3563
3480
3436
3502
3463
3435
3467
3477
3400
3434
3391
3343
3317
3278
3264
3269
3222
3198
3214
3115
3121
3115
3102
3070
3067
3039
3096
3122
3053
2998
3010
2945
2927
2901
2842
2879
2900
2921
2899
2845
2813
2844
2796
2796
2780
2800
2726
2742
2751
2749
2707
2757
2749
2730
2637
2600
2653
2641
2717
2662
2676
2648
2604
2562
2676
2670
2665
2632
2527
2618
2600
2572
2661
2619
2544
2516
2603
2604
2581
2588
2570
2604
2540
2536
2511
2521
2569
2563
2585
2613
2569
2601
2626
2583
2618
2567
2547
2611
2601
2688
2652
2700
2683
2646
2738
2687
2700
2733
2763
2740
2731
2680
2654
2688
2693
2718
2747
2795
2797
2793
2807
2827
2838
2780
2804
2743
2770
2720
2722
2725
2760
2753
2762
2792
2757
2734
2737
2698
2728
2703
2751
2808
2840
2817
2779
2855
2837
2887
2809
2897
2832
2787
2831
2852
2867
2884
2917
2916
2972
2912
2854
2885
2879
2909
2863
2859
2936
2946
2931
2913
2927
2914
2945
2968
2912
2961
2986
2941
2913
2937
2949
3052
2946
3085
3067
3074
3078
3096
3121
3036
3057
3077
3084
3059
3025
3013
2944
2954
3082
3066
3028
3043
3091
3098
3182
3167
3202
3205
3290
3243
3275
3356
3338
3334
3337
3332
3387
3358
3416
3509
3456
3469
3425
3478
3406
3451
3438
3484
3516
3542
3552
3546
3528
3496
3492
3475
3516
3498
3520
3513
3510
3617
3601
3606
3535
3565
3597
3649
3711
3707
3813
3810
3739
3764
3820
3836
3881
3894
3877
3932
3975
3972
4025
4051
4161
4076
4107
4076
4095
4111
4168
4218
4294
4346
4432
4489
4441
4456
4550
4578
4650
4689
4698
4724
4726
4745
4782
4855
4881
4859
4920
4983
5004
4957
5071
5092
5051
5105
5138
5169
5187
5239
5253
5349
5335
5337
5405
5389
5505
5466
5508
5518
5596
5605
5542
5571
5718
5707
5805
5782
5744
5794
5848
5892
5997
6019
6006
6017
6019
6081
6073
6074
6124
6200
6255
6349
6241
6296
6250
6318
6272
6266
6232
6377
6464
6361
6353
6413
6322
6351
6464
6368
6421
6526
6611
6513
6586
6595
6569
6556
6426
6421
6547
6586
6622
6698
6626
6646
6606
6616
6584
6527
6569
6570
6662
6643
6701
6658
6521
6514
6537
6408
6568
6513
6552
6590
6473
6546
6471
6536
6367
6421
6383
6339
6306
6303
6296
6250
6266
6230
6293
6297
6223
6227
6222
6225
6184
6245
6173
6169
6200
6100
6106
6092
6120
5994
6100
5975
6010
6005
5797
5756
5577
5621
5624
5490
5406
5338
5313
5332
5371
5204
5073
5041
4982
4826
4856
4705
4671
4529
4410
4302
4119
4092
4051
4053
3992
4055
4115
4191
4056
3920
3818
3686
3627
3592
3473
3418
3356
3315
3219
3140
3168
3183
3130
3067
3123
3099
3145
3127
3138
3044
3090
3035
2998
2962
2964
2940
2931
2971
2912
2864
2849
2864
2783
2837
2812
2765
2752
2823
2797
2852
2784
2766
2811
2787
2809
2748
2737
2796
2825
2804
2805
2850
2797
2826
2845
2856
2831
2838
2875
2885
2873
2876
2890
2949
2873
2983
2978
2966
3004
3021
3050
3026
3080
3058
3114
3086
3032
3129
3132
3114
3126
3173
3164
3233
3256
3228
3270
3307
3314
3356
3377
3298
3296
3311
3340
3331
3330
3323
3408
3422
3405
3407
3409
3465
3492
3500
3477
3528
3519
3591
3559
3574
3556
3566
3576
3499
3469
3537
3493
3503
3518
3459
3395
3438
3442
3376
3391
3426
3369
3375
3372
3395
3329
3379
3406
3421
3411
3376
3402
3375
3388
3408
3369
3354
3291
3188
3183
3137
3064
3138
3122
3129
3114
3121
3095
3110
3054
2929
3006
2908
2915
3016
3109
3034
3063
3009
2959
2895
2898
2887
2861
2844
2863
2902
2913
2838
2853
2760
2722
2681
2703
2754
2761
2754
2821
2786
2844
2721
2678
2620
2645
2603
2595
2635
2676
2649
2634
2662
2614
2516
2472
2538
2544
2510
2559
2570
2619
2552
2603
2457
2455
2476
2470
2421
2417
2421
2457
2379
2323
2415
2399
2376
2325
2346
2358
2325
2373
2379
2418
2385
2378
2373
2361
2388
2425
2429
2435
2368
2378
2342
2338
2312
2253
2251
2206
2250
2235
2254
2275
2334
2346
2355
2371
2349
2382
2390
2412
2468
2383
2421
2394
2351
2373
2333
2316
2325
2329
2315
2399
2391
2442
2410
2387
2377
2444
2497
2495
2538
2462
2431
2425
2416
2384
2382
2329
2372
2336
2360
2402
2380
2367
2367
2422
2380
2478
2421
2489
2412
2477
2460
2475
2408
2364
2326
2294
2324
2298
2331
2257
2337
2311
2346
2312
2289
2295
2314
2333
2322
2340
2358
2355
2325
2299
2226
2200
2214
2123
2166
2145
2158
2178
2193
2271
2303
2300
2282
2354
2268
2348
2337
2365
2355
2283
2285
2302
2272
2279
2247
2327
2319
2306
2350
2337
2299
2339
2342
2372
2376
2361
2415
2393
2341
2346
2299
2312
2323
2262
2293
2323
2305
2308
2331
2289
2267
2285
2269
2270
2336
2390
2434
2369
2413
2391
2375
2350
2308
2313
2311
2324
2305
2264
2274
2340
2302
2288
2311
2356
2350
2339
2323
2338
2310
2356
2277
2244
2242
2199
2192
2117
2161
2146
2203
2221
2238
2255
2266
2255
2203
2208
2251
2236
2316
2363
2252
2317
2288
2252
2274
2297
2272
2287
2308
2287
2326
2327
2372
2280
2315
2354
2328
2372
2370
2351
2361
2364
2295
2307
2295
2262
2256
2219
2274
2279
2258
2292
2289
2268
2239
2178
2262
2231
2306
2353
2368
2334
2370
2323
2325
2304
2290
2234
2210
2199
2262
2245
2331
2280
2300
2281
2182
2200
2224
2252
2287
2306
2280
2253
2263
2247
2166
2165
2130
2141
2197
2202
2328
2326
2382
2368
2329
2365
2313
2393
2448
2416
2401
2344
2334
2265
2194
2201
2210
2206
2193
2185
2243
2242
2273
2218
2228
2108
2170
2134
2160
2214
2267
2266
2281
2280
2365
2306
2292
2245
2223
2259
2314
2302
2299
2293
2307
2330
2324
2323
2387
2405
2343
2286
2310
2269
2274
2208
2231
2208
2226
2238
2235
2218
2242
2296
2271
2265
2295
2285
2395
2343
2314
2331
2297
2328
2254
2198
2250
2208
2267
2218
2197
2249
2274
2235
2199
2203
2166
2231
2214
2227
2249
2289
2264
2250
2169
2172
2144
2176
2146
2131
2146
2164
2186
2119
2166
2169
2173
2145
2195
2189
2198
2260
2199
2177
2170
2121
2085
2118
2115
2115
2107
2142
2170
2189
2160
2157
2174
2229
2228
2261
2224
2241
2242
2203
2195
2139
2132
2102
2010
2051
2033
2041
2096
2085
2080
2018
2022
2048
2005
2029
2037
2012
2067
2051
1999
1975
1920
1924
1900
1856
1871
1888
1966
1926
1963
1940
1976
1963
1932
1978
1983
2011
2038
2068
2034
1981
1927
1932
1890
1848
1921
1911
1916
1959
1984
1935
1936
1950
1956
1914
1960
1928
1986
2000
2000
2020
1919
1941
1922
1955
1915
1925
1941
1935
1953
1967
2026
1954
1961
1959
1973
1993
2026
2054
2069
2060
2014
2002
2026
2015
1990
1988
1975
2002
1941
1968
1960
1971
2002
2005
2053
2006
2084
2033
2046
2027
2067
1984
2054
2049
2027
2031
1981
2002
1972
1957
2062
1998
2068
2067
2082
2059
2054
2093
2116
2120
2133
2179
2148
2179
2161
2148
2156
2227
2191
2162
2193
2199
2133
2161
2173
2114
2157
2174
2168
2223
2205
2145
2159
2171
2140
2163
2152
2117
2134
2177
2181
2147
2176
2119
2176
2139
2169
2136
2164
2087
2205
2221
2201
2166
2155
2154
2130
2125
2075
2110
2134
2093
2088
2098
2100
2119
2161
2089
2168
2111
2187
2161
2190
2183
2103
2161
2053
2074
2054
2047
2024
2069
2084
2065
2091
2053
2042
2014
2070
2011
2057
2047
2035
2073
2038
1996
1957
1934
1989
1987
1936
1976
1992
2025
2025
1987
1989
1989
1964
1993
2018
2024
2039
1985
1952
1990
1989
1988
1988
1983
1973
1980
1957
2020
2034
1991
2054
2016
1991
1977
1991
1969
2000
1973
2005
2015
1973
1994
2022
1952
1922
1978
1959
1923
1972
1991
1971
1990
1959
1959
1981
1990
1958
1973
1955
1897
1941
1938
1919
1965
1946
1902
1941
1952
2034
2003
1968
2005
2011
2020
1990
2025
2021
2057
2025
1989
2014
2006
2002
2031
2002
2043
2036
2024
2071
2045
2074
2054
2054
2049
2053
2016
2078
2118
2133
2065
2107
2067
2088
2088
2075
2143
2151
2146
2107
2097
2122
2141
2110
2112
2107
2079
2163
2131
2132
2144
2086
2118
2111
2128
2090
2119
2107
2071
2094
2138
2142
2120
2078
2117
2123
2123
2103
2116
2188
2208
2222
2190
2150
2150
2164
2153
2150
2178
2161
2186
2165
2200
2161
2194
2142
2157
2108
2204
2247
2202
2224
2211
2202
2197
2211
2218
2224
2215
2203
2273
2237
2291
2234
2257
2274
2256
2233
2236
2254
2257
2261
2234
2194
2272
2194
2206
2193
2185
2152
2206
2175
2241
2208
2246
2204
2253
2267
2284
2263
2189
2225
2213
2211
2158
2141
2157
2163
2035
2046
1999
1984
2005
2004
2029
1960
1935
1924
1895
1868
1865
1827
1838
1831
1888
1911
1862
1831
1842
1796
1789
1760
1847
1867
1831
1860
1826
1820
1862
1834
1868
1845
1836
1783
1807
1807
1726
1731
1875
1877
1847
1844
1806
1835
1783
1779
1954
1966
1969
1948
1981
1958
2034
2026
2034
2062
2064
2056
2022
2081
2075
2099
2117
2083
2075
2124
2178
2190
2216
2207
2372
2340
2424
2472
2476
2555
2591
2651
2731
2721
2792
2913
2949
2970
3001
3042
3090
2908
2951
3037
3065
3159
3243
3310
3325
3119
3042
3110
3115
3131
3065
3125
3175
3253
2973
2947
2933
3040
3028
3000
3130
3142
2981
2980
3000
3002
3087
3077
3053
3059
2872
2876
2889
2903
2920
2895
2927
2876
2754
2758
2776
2760
2660
2669
2660
2644
2560
2558
2589
2556
2512
2500
2520
2539
2454
2445
2440
2480
2455
2491
2471
2455
2509
2484
2441
2494
2505
2498
2534
2492
2492
2518
2494
2458
2504
2466
2506
2553
2508
2509
2449
2492
2564
2537
2498
2497
2502
2484
2514
2487
2425
2470
2444
2488
2483
2522
2544
2531
2484
2499
2549
2518
2523
2542
2540
2535
2490
2481
2477
2502
2535
2574
2457
2474
2376
2337
2301
2288
2281
2245
2205
2143
2165
2124
2151
2142
2131
2126
2153
2110
2144
2150
2107
2131
2141
2157
2071
2079
2084
2018
2007
2083
2008
1986
2127
2111
2110
2110
2084
2082
2129
2118
2132
2086
2059
2123
2170
2117
2120
2107
2105
2078
2080
2062
2011
2052
2022
2037
2052
2011
2032
2073
2010
2045
2110
2041
2058
2048
2065
2076
2085
2021
2017
2057
2017
1980
1978
1995
2012
1980
2025
2007
2019
2038
2016
2072
2017
2061
2024
2019
2036
1959
2020
2056
1980
1998
2062
2046
2051
2025
2071
2019
2012
1988
2019
1991
1984
2030
2006
2074
2089
2065
2041
2025
2055
2061
2096
2083
2035
2092
2124
2160
2105
2115
2097
2105
2076
2113
2130
2140
2142
2109
2083
2050
2108
2076
2094
2067
2111
2071
2126
2094
2048
2064
2042
2061
2048
2078
2054
2063
2159
2237
2161
2149
2157
2112
2121
2121
2064
2095
2090
2108
2125
2142
2148
2154
2209
2186
2128
2142
2177
2223
2205
2198
2197
2253
2187
2154
2156
2147
2187
2160
2165
2136
2183
2162
2204
2171
2146
2141
2129
2156
2176
2172
2118
2067
2145
2137
2140
2160
2168
2194
2200
2203
2232
2241
2215
2200
2182
2217
2234
2196
2224
2190
2203
2193
2221
2207
2254
2241
2180
2145
2147
2156
2121
2139
2163
2129
2118
2135
2190
2164
2185
2149
2180
2146
2126
2186
2220
2102
2122
2172
2114
2185
2169
2151
2120
2102
2146
2151
2187
2139
2190
2137
2257
2222
2187
2284
2237
2181
2197
2189
2147
2105
2077
2055
2105
2079
2104
2090
2052
2075
1991
2042
1997
2050
2055
2037
2035
2005
1992
1971
2018
1982
2020
2020
2062
1980
2028
2003
2017
2020
2002
1985
2006
2011
2033
2006
2035
2046
1992
2006
2016
1978
2040
2000
2021
2027
2011
2018
2045
2099
2051
2060
2093
2051
2097
2045
2093
2095
2149
2097
2110
2087
2077
2097
2070
2097
2039
2059
2078
2052
2081
2033
2073
2061
2032
2085
2072
2044
2040
2059
2079
2007
2046
2066
2033
2086
2068
2079
2025
2085
2095
2126
2112
2128
2113
2132
2145
2142
2123
2133
2125
2111
2074
2099
2100
2104
2113
2136
2113
2136
2159
2147
2171
2158
2173
2159
2173
2170
2199
2198
2161
2182
2189
2102
2125
2196
2174
2156
2135
2149
2144
2184
2138
2132
2159
2178
2228
2209
2180
2223
2186
2202
2197
2166
2155
2158
2197
2224
2194
2196
2185
2159
2212
2157
2172
2186
2200
2241
2205
2218
2229
2205
2205
2198
2169
2191
2224
2212
2228
2199
2246
2206
2218
2165
2155
2189
2171
2196
2192
2195
2109
2161
2150
2200
2204
2124
2114
2113
2134
2106
2152
2176
2097
2144
2169
2119
2110
2089
2084
2024
2047
2139
2015
2011
2035
2010
1957
1980
1979
1932
1942
1985
1930
1918
1953
1964
1949
1994
1981
1977
2001
1931
1943
1916
1940
1915
1871
1905
1929
1936
1945
1926
1908
1927
1913
1882
1899
1880
1922
1960
1946
1943
1938
1912
1920
1950
1957
1953
1959
1904
1911
1962
1961
1945
1990
1955
1996
1972
1991
2030
1982
2041
2002
2029
1988
2013
2021
2009
1954
1967
1976
1974
1970
1986
2008
2000
2032
1980
2014
2023
2001
2016
2009
2065
2049
1964
2005
2067
2058
2019
2062
1994
2052
2046
2061
2101
2043
2075
2098
2125
2090
2080
2176
2155
2127
2171
2128
2176
2120
2169
2199
2167
2125
2155
2163
2153
2103
2112
2089
2087
2115
2087
2170
2154
2162
2193
2134
2146
2157
2208
2147
2195
2207
2252
2228
2188
2229
2237
2181
2203
2203
2227
2231
2222
2251
2212
2218
2278
2223
2210
2245
2232
2260
2285
2264
2269
2256
2230
2283
2285
2247
2307
2259
2316
2323
2303
2238
2268
2345
2322
2327
2351
2347
2343
2379
2290
2395
2325
2387
2390
2340
2392
2333
2361
2280
2324
2325
2336
2348
2319
2362
2327
2366
2368
2358
2366
2396
2402
2314
2389
2387
2350
2308
2383
2371
2320
2328
2304
2374
2276
2301
2244
2265
2245
2209
2245
2214
2235
2268
2226
2226
2232
2218
2268
2276
2273
2294
2248
2237
2262
2217
2222
2207
2232
2252
2275
2242
2291
2294
2248
2296
2340
2326
2295
2392
2378
2395
2387
2401
2412
2381
2370
2396
2386
2294
2333
2321
2296
2328
2289
2350
2311
2298
2313
2373
2361
2318
2335
2342
2284
2275
2224
2280
2224
2190
2183
2214
2252
2238
2196
2275
2239
2349
2294
2315
2361
2353
2389
2305
2393
2326
2276
2177
2146
2126
2176
2135
2163
2228
2280
2261
2191
2242
2208
2221
2211
2193
2254
2205
2271
2293
2244
2199
2200
2181
2168
2108
2190
2272
2280
2226
2232
2275
2222
2228
2220
2262
2282
2279
2274
2292
2258
2192
2174
2154
2143
2134
2138
2164
2195
2230
2271
2248
2252
2284
2233
2270
2230
2298
2314
2265
2275
2293
2264
2211
2220
2230
2210
2264
2213
2280
2299
2277
2285
2273
2262
2233
2232
2260
2247
2280
2314
2224
2199
2228
2138
2132
2139
2092
2100
2075
2097
2081
2060
2083
2079
2066
2092
2052
2135
2101
2135
2131
2090
2101
2083
2041
2012
2032
1972
1975
1985
2006
1996
2024
2009
2002
1977
2027
2041
1980
2022
2029
1952
2001
1987
1957
1897
1957
1925
1903
1975
1929
1872
1910
1956
1907
1906
1865
1823
1866
1840
1842
1855
1866
1799
1826
1773
1777
1767
1782
1780
1793
1809
1782
1773
1836
1821
1769
1795
1811
1795
1784
1805
1801
1855
1827
1861
1805
1806
1840
1822
1804
1809
1847
1786
1835
1795
1791
1779
1761
1818
1851
1855
1890
1844
1827
1889
1863
1836
1843
1846
1794
1840
1846
1856
1854
1838
1862
1862
1838
1884
1865
1858
1901
1873
1883
1875
1859
1861
1852
1799
1834
1799
1819
1840
1804
1810
1808
1855
1896
1885
1916
1879
1886
1890
1922
1874
1923
1896
1951
1915
1924
1895
1897
1890
1914
1902
1867
1894
1925
1923
1921
1929
1938
1959
1937
1985
1919
1978
1976
1979
1957
1976
1917
1914
1909
1928
1959
1931
1938
1949
2012
1968
1967
1965
1983
2022
2014
1991
1965
2015
1995
1929
1966
1990
1960
1980
2010
2038
2003
2038
2025
2061
2064
2040
2072
2096
2031
2077
2069
2079
2104
2101
2166
2051
2167
2133
2122
2115
2138
2122
2148
2140
2178
2177
2204
2153
2165
2199
2137
2202
2195
2180
2207
2241
2303
2242
2192
2258
2207
2271
2232
2290
2287
2251
2298
2294
2304
2289
2281
2288
2368
2325
2365
2373
2368
2343
2347
2284
2305
2277
2324
2217
2266
2345
2277
2288
2275
2291
2249
2254
2365
2343
2269
2295
2225
2198
2221
2193
2222
2210
2185
2195
2185
2196
2200
2242
2269
2235
2236
2248
2230
2262
2195
2216
2161
2187
2224
2218
2207
2237
2246
2257
2234
2297
2302
2312
2290
2310
2332
2315
2316
2349
2408
2407
2438
2539
2491
2489
2626
2574
2608
2585
2666
2667
2671
2745
2676
2795
2836
2785
2812
2817
2843
2856
2877
2980
3028
3023
2983
2956
2967
2961
2937
2948
2954
2899
2975
2962
2929
2820
2758
2755
2777
2768
2762
2744
2681
2696
2630
2556
2499
2430
2362
2361
2323
2367
2312
2288
2334
2313
2257
2193
2206
2166
2136
2127
2130
2221
2099
2096
2011
1997
1973
1971
1977
1915
1931
1875
1843
1844
1835
1731
1771
1775
1761
1723
1708
1694
1663
1656
1651
1658
1656
1607
1604
1597
1574
1629
1578
1635
1611
1595
1609
1617
1614
1648
1648
1629
1600
1596
1583
1560
1593
1596
1578
1621
1592
1599
1617
1579
1585
1606
1643
1617
1582
1685
1676
1736
1715
1738
1657
1728
1595
1581
1588
1593
1567
1581
1537
1580
1622
1624
1614
1665
1662
1654
1667
1665
1705
1721
1690
1676
1748
1717
1715
1734
1735
1708
1698
1724
1738
1782
1784
1722
1775
1797
1771
1789
1760
1751
1774
1813
1786
1786
1824
1782
1756
1799
1720
1846
1873
1828
1862
1825
1829
1854
1861
1842
1875
1803
1879
1801
1783
1846
1809
1806
1810
1851
1857
1860
1919
1901
1935
1894
1818
1850
1895
1868
1849
1875
1875
1857
1898
1896
1901
1952
1896
1924
1911
1904
1909
1898
1880
1884
1873
1819
1780
1744
1744
1716
1731
1761
1723
1747
1755
1758
1739
1717
1708
1692
1701
1774
1722
1731
1739
1735
1739
1667
1642
1659
1624
1655
1664
1636
1615
1615
1578
1595
1546
1579
1569
1606
1673
1665
1646
1557
1527
1463
1501
1567
1500
1540
1546
1484
1562
1550
1537
1481
1481
1510
1482
1509
1463
1476
1519
1500
1485
1489
1428
1457
1479
1443
1487
1461
1500
1481
1427
1444
1460
1407
1464
1491
1530
1492
1458
1509
1483
1534
1551
1570
1555
1514
1525
1498
1539
1515
1489
1504
1540
1485
1452
1447
1422
1473
1481
1454
1490
1575
1554
1563
1582
1597
1600
1606
1578
1580
1596
1547
1614
1597
1584
1587
1608
1575
1655
1632
1616
1621
1633
1601
1674
1662
1677
1655
1703
1667
1689
1679
1681
1651
1639
1626
1635
1589
1670
1728
1718
1691
1718
1675
1720
1751
1734
1704
1732
1684
1657
1708
1669
1648
1686
1674
1648
1632
1645
1657
1680
1625
1618
1594
1594
1630
1578
1595
1624
1526
1561
1537
1530
1494
1485
1464
1538
1472
1479
1503
1452
1453
1462
1456
1483
1494
1459
1477
1485
1471
1511
1436
1470
1438
1416
1415
1389
1402
1411
1379
1340
1380
1311
1349
1300
1280
1287
1258
1239
1266
1259
1243
1209
1220
1224
1232
1180
1226
1193
1212
1179
1194
1180
1191
1103
1143
1119
1138
1126
1107
1079
1067
1120
1076
1101
1039
1059
1059
1073
1106
1081
1080
1125
1123
1098
1085
1112
1084
1070
1060
1117
1095
1131
1131
1088
1077
1099
1110
1116
1123
1160
1177
1136
1156
1175
1169
1169
1193
1217
1230
1231
1219
1202
1237
1258
1258
1220
1204
1263
1244
1308
1326
1326
1290
1345
1311
1307
1331
1338
1377
1358
1343
1367
1399
1375
1387
1405
1441
1483
1523
1554
1576
1609
1569
1629
1637
1631
1708
1688
1681
1665
1734
1711
1726
1687
1656
1643
1644
1641
1662
1656
1653
1604
1663
1627
1624
1603
1587
1589
1601
1560
1546
1531
1555
1581
1533
1532
1507
1521
1515
1551
1505
1537
1502
1556
1468
1547
1501
1501
1533
1523
1553
1530
1560
1531
1561
1509
1510
1472
1517
1500
1523
1486
1500
1468
1460
1440
1442
1435
1416
1403
1446
1441
1417
1408
1458
1438
1418
1422
1446
1401
1431
1434
1448
1437
1408
1421
1376
1434
1462
1437
1434
1457
1420
1461
1417
1412
1414
1411
1443
1451
1415
1424
1395
1418
1421
1446
1498
1475
1463
1464
1481
1408
1421
1412
1428
1388
1381
1411
1352
1353
1356
1375
1324
1351
1307
1354
1390
1421
1450
1449
1440
1439
1437
1454
1452
1391
1423
1403
1415
1394
1387
1392
1434
1426
1402
1419
1453
1440
1413
1434
1420
1469
1481
1481
1451
1426
1492
1436
1453
1474
1445
1422
1405
1416
1440
1439
1421
1470
1461
1475
1453
1473
1485
1487
1492
1528
1430
1459
1420
1451
1456
1456
1454
1424
1466
1468
1474
1520
1474
1521
1515
1485
1486
1506
1514
1555
1533
1534
1532
1496
1555
1541
1533
1539
1507
1549
1569
1538
1549
1577
1552
1561
1596
1574
1580
1584
1563
1533
1533
1560
1535
1548
1533
1512
1537
1513
1474
1467
1467
1473
1492
1451
1484
1537
1489
1500
1507
1517
1512
1477
1471
1446
1441
1407
1420
1420
1416
1455
1423
1381
1399
1351
1357
1417
1377
1365
1354
1354
1352
1370
1349
1300
1356
1349
1306
1342
1360
1374
1351
1333
1350
1319
1384
1328
1341
1322
1376
1360
1362
1396
1351
1379
1347
1330
1354
1385
1368
1360
1390
1379
1337
1323
1353
1390
1343
1368
1319
1337
1363
1316
1296
1304
1279
1280
1308
1265
1299
1320
1273
1340
1345
1307
1318
1283
1314
1347
1352
1314
1317
1310
1349
1352
1352
1332
1323
1326
1314
1316
1293
1282
1324
1332
1337
1345
1340
1407
1399
1383
1347
1349
1359
1346
1398
1385
1378
1358
1434
1402
1399
1380
1421
1403
1368
1376
1392
1325
1355
1352
1384
1357
1383
1359
1352
1342
1387
1388
1392
1366
1387
1367
1386
1339
1361
1397
1379
1357
1343
1380
1374
1293
1366
1355
1348
1368
1384
1347
1361
1367
1332
1326
1310
1320
1302
1315
1295
1309
1303
1266
1311
1311
1259
1303
1392
1341
1340
1298
1305
1315
1317
1287
1315
1329
1302
1273
1276
1275
1301
1347
1334
1302
1333
1329
1334
1351
1337
1345
1316
1325
1314
1306
1313
1292
1296
1290
1324
1341
1330
1353
1444
1334
1313
1355
1353
1384
1333
1329
1339
1364
1324
1329
1333
1308
1342
1369
1326
1326
1326
1304
1343
1332
1327
1371
1355
1344
1331
1348
1363
1365
1336
1372
1322
1277
1325
1306
1293
1313
1340
1324
1290
1349
1344
1355
1372
1380
1384
1350
1362
1366
1372
1379
1366
1333
1337
1369
1366
1388
1393
1366
1338
1365
1366
1386
1399
1350
1370
1395
1404
1412
1391
1355
1355
1374
1358
1376
1343
1344
1355
1327
1387
1361
1386
1380
1399
1388
1397
1407
1385
1398
1393
1438
1427
1416
1412
1379
1444
1418
1388
1398
1387
1387
1420
1436
1411
1417
1429
1400
1402
1331
1357
1368
1360
1343
1384
1339
1336
1362
1298
1338
1319
1325
1338
1362
1364
1324
1321
1350
1336
1330
1401
1300
1379
1377
1297
1323
1328
1322
1336
1320
1349
1319
1352
1343
1286
1368
1382
1319
1324
1381
1330
1324
1324
1391
1363
1443
1468
1461
1530
1563
1552
1502
1507
1541
1529
1485
1446
1429
1434
1429
1413
1380
1430
1443
1429
1433
1471
1463
1428
1470
1484
1517
1465
1451
1438
1492
1481
1492
1456
1518
1478
1482
1479
1562
1529
1581
1565
1545
1620
1585
1648
1593
1664
1664
1625
1639
1611
1666
1619
1617
1600
1564
1668
1601
1601
1616
1674
1725
1730
1692
1731
1739
1687
1718
1731
1740
1741
1758
1734
1739
1746
1759
1782
1784
1810
1779
1821
1833
1819
1837
1839
1859
1880
1887
1793
1845
1855
1813
1839
1788
1819
1791
1819
1825
1872
1873
1914
1919
1892
1858
1902
1870
1878
1885
1917
1892
1905
1924
1948
1978
1938
1967
1969
1976
1951
2001
1958
2036
2027
2009
1980
1997
1991
1977
1992
1959
1955
1994
1963
1991
1961
1988
1958
1917
1901
1906
1942
1986
1948
1983
1994
1979
1965
1949
1983
1971
1965
2009
1995
1968
1965
1967
1985
1950
1936
1930
1850
1939
1941
1979
1998
1956
1955
1927
1889
1883
1836
1898
1909
1864
1890
1801
1815
1788
1737
1722
1691
1709
1646
1715
1658
1685
1670
1670
1674
1642
1585
1614
1622
1602
1594
1574
1558
1591
1565
1539
1533
1497
1586
1520
1559
1576
1596
1597
1598
1590
1584
1538
1552
1573
1570
1567
1505
1505
1573
1638
1571
1530
1527
1561
1541
1547
1572
1590
1628
1581
1577
1581
1604
1620
1658
1682
1694
1642
1614
1617
1568
1558
1532
1558
1501
1574
1606
1605
1654
1696
1652
1644
1627
1651
1662
1675
1680
1688
1702
1714
1687
1699
1674
1653
1615
1622
1652
1637
1609
1509
1610
1584
1599
1600
1580
1570
1611
1613
1601
1585
1556
1551
1576
1539
1577
1518
1531
1603
1597
1566
1541
1555
1547
1588
1553
1568
1572
1536
1537
1547
1513
1573
1578
1571
1599
1594
1583
1611
1584
1609
1563
1531
1597
1583
1606
1605
1626
1641
1666
1579
1606
1607
1618
1623
1668
1613
1607
1609
1623
1596
1634
1600
1602
1638
1603
1562
1635
1611
1585
1606
1585
1649
1689
1669
1629
1619
1611
1592
1600
1604
1612
1588
1603
1606
1634
1544
1569
1576
1610
1622
1674
1656
1699
1644
1636
1638
1578
1567
1608
1588
1539
1586
1594
1615
1628
1629
1591
1632
1641
1662
1633
1672
1632
1594
1639
1604
1622
1625
1623
1632
1640
1595
1633
1641
1648
1679
1637
1585
1632
1587
1616
1603
1600
1597
1601
1620
1595
1539
1558
1520
1543
1510
1495
1459
1499
1489
1525
1554
1566
1558
1585
1567
1605
1643
1613
1576
1566
1562
1548
1489
1450
1538
1492
1480
1530
1491
1533
1513
1571
1660
1629
1672
1640
1628
1641
1554
1550
1539
1572
1537
1512
1505
1520
1503
1508
1570
1542
1523
1536
1513
1564
1558
1598
1555
1517
1576
1522
1513
1526
1518
1529
1512
1515
1523
1506
1534
1498
1482
1503
1470
1544
1543
1558
1620
1607
1577
1589
1566
1601
1618
1618
1636
1595
1590
1646
1654
1623
1600
1638
1688
1622
1641
1662
1633
1632
1628
1616
1611
1648
1637
1640
1611
1590
1607
1666
1639
1635
1648
1595
1634
1650
1647
1621
1655
1639
1640
1644
1605
1609
1640
1600
1636
1603
1592
1572
1592
1609
1675
1579
1526
1551
1555
1510
1569
1567
1599
1587
1596
1593
1544
1547
1549
1510
1526
1556
1523
1545
1577
1525
1556
1565
1529
1566
1500
1538
1505
1561
1553
1478
1501
1559
1568
1538
1494
1510
1483
1451
1462
1402
1388
1356
1397
1399
1403
1435
1392
1334
1359
1416
1396
1331
1373
1345
1334
1337
1289
1311
1316
1311
1337
1311
1346
1371
1345
1348
1356
1346
1353
1410
1385
1410
1392
1367
1346
1348
1339
1320
1351
1325
1384
1381
1412
1372
1364
1375
1422
1387
1376
1401
1386
1370
1399
1355
1400
1387
1412
1339
1346
1358
1360
1384
1389
1345
1359
1339
1402
1352
1317
1362
1439
1396
1412
1385
1393
1402
1353
1402
1381
1371
1372
1372
1411
1400
1382
1378
1394
1389
1387
1339
1362
1430
1417
1426
1413
1404
1457
1390
1397
1399
1417
1416
1429
1452
1477
1474
1485
1462
1479
1491
1468
1488
1521
1525
1525
1520
1508
1533
1545
1469
1480
1496
1463
1449
1490
1505
1439
1457
1507
1490
1510
1523
1509
1531
1554
1523
1519
1475
1534
1533
1521
1502
1513
1521
1513
1484
1588
1570
1622
1569
1581
1589
1584
1574
1655
1613
1660
1635
1557
1604
1584
1575
1539
1700
1680
1692
1668
1702
1704
1634
1633
1660
1692
1676
1709
1697
1670
1674
1679
1656
1651
1697
1589
1574
1567
1544
1536
1620
1647
1647
1632
1623
1602
1597
1558
1516
1488
1527
1489
1499
1403
1428
1401
1411
1366
1366
1379
1373
1311
1343
1340
1354
1321
1333
1342
1339
1357
1309
1366
1396
1395
1417
1405
1372
1406
1374
1346
1395
1312
1272
1297
1306
1308
1322
1280
1307
1334
1380
1346
1341
1366
1372
1425
1431
1440
1414
1414
1425
1427
1444
1396
1392
1336
1313
1325
1347
1356
1358
1357
1348
1336
1381
1331
1348
1408
1387
1339
1346
1301
1350
1341
1369
1335
1402
1341
1450
1413
1381
1386
1436
1389
1404
1369
1395
1422
1400
1418
1439
1418
1388
1392
1419
1424
1401
1410
1417
1455
1393
1449
1417
1401
1490
1499
1538
1530
1542
1588
1559
1603
1623
1629
1661
1665
1688
1674
1703
1760
1759
1794
1867
1904
1950
2007
2087
2137
2185
2267
2272
2298
2367
2366
2416
2393
2380
2468
2445
2522
2558
2554
2572
2655
2676
2707
2703
2679
2735
2764
2796
2785
2797
2714
2812
2870
2876
2855
2932
2967
2962
2999
3002
2980
2983
3017
3038
3062
3054
3067
3013
3026
3082
3009
2984
3023
2974
3094
3091
3096
3145
3176
3254
3164
3244
3265
3242
3274
3279
3201
3231
3207
3152
3127
3042
3038
3001
2959
2951
2929
2960
2944
2889
2853
2840
2834
2906
2863
2820
2753
2722
2670
2590
2581
2551
2547
2517
2484
2323
2266
2312
2221
2196
2251
2240
2225
2205
2214
2167
2081
2085
2072
2038
1994
1998
1902
1847
1836
1732
1674
1594
1557
1568
1565
1526
1515
1504
1571
1642
1664
1721
1808
1785
1792
1721
1757
1785
1733
1731
1640
1536
1470
1465
1493
1508
1497
1492
1515
1564
1565
1591
1616
1582
1624
1603
1598
1589
1644
1634
1666
1614
1632
1639
1654
1635
1605
1603
1600
1590
1580
1612
1577
1627
1610
1633
1664
1609
1594
1613
1703
1695
1647
1691
1714
1720
1644
1685
1692
1701
1683
1662
1670
1692
1690
1660
1687
1694
1725
1700
1661
1763
1761
1743
1729
1748
1762
1733
1709
1669
1656
1617
1675
1653
1691
1656
1757
1713
1760
1763
1761
1710
1755
1767
1744
1747
1788
1782
1777
1736
1687
1679
1680
1706
1765
1774
1768
1771
1800
1789
1863
1799
1869
1879
1932
1887
1913
1832
1848
1804
1783
1803
1824
1758
1746
1838
1843
1845
1884
1881
1887
1967
1966
1945
1975
1989
2037
1999
2005
2033
2001
1973
1955
1982
1957
2004
1966
1947
2014
2036
2094
2088
2062
2087
2128
2157
2103
2086
2070
2067
2182
2182
2139
2111
2086
2121
2098
2050
2103
2138
2123
2111
2141
2146
2200
2213
2240
2278
2238
2252
2281
2335
2244
2244
2161
2142
2140
2137
2133
2173
2210
2158
2213
2203
2243
2272
2268
2300
2280
2275
2295
2287
2284
2239
2183
2233
2168
2124
2139
2100
2105
2073
2013
2008
2038
2104
2058
2094
2089
2097
2161
2151
2221
2094
2056
2000
1974
1938
1873
1867
1863
1853
1865
1880
1884
1909
1927
1925
1950
1989
2020
2051
2081
2088
2105
1938
1951
1851
1761
1707
1667
1720
1708
1738
1766
1776
1810
1880
1869
1929
1864
1926
1957
1983
1897
1910
1925
1884
1865
1835
1801
1824
1750
1760
1781
1730
1773
1781
1756
1804
1862
1901
1889
1901
1857
1927
1938
1940
1909
1870
1855
1864
1851
1868
1845
1815
1872
1864
1918
1879
1870
1929
1907
1891
1915
1923
1943
1946
1999
2018
1993
1985
1964
1947
1931
1928
1936
1862
1840
1854
1867
1988
1958
1962
1949
1961
1974
1962
1989
2022
2047
2008
2025
1993
2034
1987
1994
1989
2038
2022
1997
1973
1985
1998
2039
2093
2045
2061
2064
2081
2077
2102
2064
2036
2106
2116
2178
2113
2150
2135
2109
2167
2119
2053
2110
2114
2073
2131
2148
2102
2171
2162
2155
2177
2216
2261
2238
2233
2225
2181
2239
2155
2163
2234
2192
2262
2351
2313
2367
2390
2373
2450
2356
2389
2419
2412
2437
2434
2415
2426
2441
2468
2402
2420
2374
2400
2387
2431
2395
2424
2420
2530
2498
2576
2535
2550
2554
2563
2610
2604
2631
2603
2572
2560
2635
2615
2608
2555
2554
2563
2560
2589
2535
2578
2593
2574
2649
2559
2599
2627
2646
2633
2619
2593
2572
2528
2610
2473
2534
2567
2523
2523
2526
2539
2525
2553
2474
2505
2496
2491
2434
2465
2435
2403
2392
2391
2326
2300
2302
2244
2176
2184
2225
2240
2224
2249
2330
2341
2325
2393
2329
2359
2372
2329
2244
2299
2201
2213
2119
2076
2052
2056
2067
2043
2033
2085
2131
2150
2197
2119
2211
2221
2239
2228
2233
2240
2224
2233
2216
2158
2153
2130
2128
2078
2083
2122
2084
2115
2125
2067
2133
2188
2156
2221
2131
2066
2084
2078
2066
2064
2042
2020
2022
1990
2004
1999
2016
2032
2001
2056
2047
2038
2036
2067
2027
2064
2070
2025
2028
2034
2118
2072
2082
2024
2066
2013
2005
2047
2118
2130
2102
2111
2103
2133
2150
2099
2084
2095
2072
2027
2047
2049
2039
2016
2138
2082
2085
2069
2050
2091
2118
2078
2141
2165
2147
2148
2164
2173
2204
2177
2142
2204
2192
2157
2133
2142
2225
2184
2178
2209
2177
2211
2185
2259
2224
2291
2250
2247
2286
2239
2260
2262
2235
2248
2306
2261
2282
2266
2256
2236
2231
2304
2311
2317
2326
2341
2349
2377
2346
2385
2360
2404
2305
2257
2297
2320
2327
2311
2303
2309
2281
2345
2321
2376
2424
2420
2422
2456
2541
2493
2529
2590
2607
2613
2690
2685
2652
2605
2597
2554
2611
2597
2570
2604
2582
2637
2649
2644
2645
2661
2638
2650
2709
2683
2700
2680
2725
2685
2667
2679
2565
2633
2643
2592
2640
2667
2602
2650
2609
2624
2645
2661
2679
2759
2713
2696
2646
2681
2627
2516
2535
2561
2568
2575
2578
2567
2635
2607
2679
2619
2695
2644
2735
2626
2647
2601
2601
2593
2533
2505
2468
2466
2464
2413
2397
2448
2414
2403
2464
2549
2544
2543
2580
2585
2630
2560
2481
2403
2373
2365
2361
2310
2262
2191
2250
2255
2186
2203
2119
2151
2194
2214
2226
2218
2252
2232
2207
2195
2157
2110
2046
2038
2039
2015
2073
2010
2030
2054
2053
2023
2086
2095
2116
2096
2111
2066
2114
2104
2122
2130
2138
2148
2118
2131
2136
2136
2170
2140
2216
2232
2211
2160
2212
2263
2206
2285
2279
2290
2314
2297
2292
2292
2306
2325
2242
2310
2325
2276
2295
2290
2327
2420
2391
2433
2426
2425
2430
2435
2493
2513
2499
2583
2530
2502
2513
2492
2470
2494
2512
2403
2514
2449
2531
2454
2505
2521
2504
2567
2531
2519
2473
2488
2527
2598
2535
2543
2523
2529
2514
2515
2584
2488
2464
2603
2595
2604
2601
2573
2598
2627
2578
2630
2635
2629
2664
2624
2694
2647
2569
2576
2630
2691
2763
2803
2851
2796
2772
2846
2843
2846
2886
2815
2863
2779
2848
2838
2849
2812
2810
2847
2835
2842
2816
2859
2789
2852
2860
2911
2912
2943
3001
2958
2909
2861
2839
2815
2733
2798
2730
2784
2723
2663
2649
2648
2625
2653
2676
2666
2750
2676
2725
2743
2741
2741
2628
2567
2548
2489
2435
2330
2324
2326
2239
2271
2350
2320
2334
2373
2381
2390
2391
2428
2374
2419
2302
2214
2164
2072
1974
1903
1877
1872
1836
1866
1888
1952
1982
1962
2010
1989
1966
2049
2068
2064
2012
1998
1974
1932
1932
1844
1776
1791
1843
1891
1933
2019
1992
2033
2022
2067
2060
2130
2134
2198
2158
2159
2122
1984
2068
2019
1999
2005
1954
1978
2013
2019
1993
2067
2055
2192
2193
2149
2111
2098
2116
2152
2105
2087
2125
2068
2119
2070
2035
2096
2016
2034
1995
2040
1989
2013
2000
2029
2017
1997
2036
2046
2034
1994
2002
1962
1940
1837
1840
1813
1825
1824
1777
1776
1796
1813
1745
1779
1789
1775
1726
1755
1723
1761
1609
1679
1642
1652
1630
1612
1629
1625
1627
1680
1706
1674
1658
1657
1676
1635
1659
1648
1643
1605
1706
1675
1646
1642
1552
1530
1566
1597
1599
1553
1572
1616
1650
1647
1635
1651
1680
1747
1717
1742
1762
1708
1755
1719
1704
1682
1685
1668
1659
1587
1677
1689
1690
1696
1748
1708
1756
1749
1797
1751
1828
1787
1785
1797
1810
1781
1762
1785
1773
1772
1849
1795
1845
1884
1842
1844
1922
1860
1942
1904
1922
1959
1906
1941
1935
1940
1848
1898
1895
1860
1941
1959
1974
1937
1971
1930
1974
1948
2029
2050
2081
2082
2098
2112
2125
2152
2113
2148
2151
2162
2187
2191
2216
2206
2304
2278
2282
2313
2355
2316
2355
2385
2445
2446
2467
2515
2489
2429
2513
2498
2412
2426
2473
2468
2537
2471
2494
2537
2636
2588
2578
2561
2523
2609
2569
2548
2593
2583
2582
2529
2657
2631
2619
2609
2668
2703
2660
2663
2657
2602
2604
2643
2607
2561
2562
2462
2431
2466
2426
2460
2461
2419
2449
2466
2425
2493
2509
2451
2373
2332
2287
2292
2266
2231
2196
2197
2151
2157
2160
2119
2125
2131
2035
2095
2043
2026
1982
2043
1939
1955
1923
1854
1882
1840
1880
1893
1899
1890
1928
1951
1949
1920
1892
1860
1874
1919
1885
1914
1941
1889
1930
1942
1945
1914
1895
1939
1919
1936
1950
1942
1959
1972
1932
1992
1980
2037
2007
2019
2018
1985
2032
2108
2014
2070
2071
2163
2195
2166
2185
2191
2152
2200
2183
2238
2191
2180
2271
2207
2195
2263
2221
2317
2300
2303
2365
2304
2351
2402
2380
2388
2426
2442
2433
2510
2538
2574
2489
2555
2532
2503
2597
2642
2644
2633
2681
2812
2720
2750
2796
2817
2815
2876
2822
2814
2801
2909
2890
2924
2951
2882
2987
3061
3065
2994
3083
3091
3018
3076
3178
3130
3121
3138
3155
3165
3198
3273
3294
3362
3400
3440
3521
3564
3647
3634
3610
3631
3677
3656
3715
3570
3488
3507
3577
3531
3413
3439
3396
3429
3389
3408
3395
3381
3386
3471
3411
3363
3389
3325
3315
3306
3200
3133
3159
3085
3084
3058
3048
3069
3013
3009
3017
3042
3089
3068
3155
3015
2968
2995
3001
2921
2840
2775
2799
2790
2738
2677
2643
2636
2662
2688
2686
2684
2707
2713
2759
2726
2731
2657
2694
2659
2645
2707
2705
2737
2661
2677
2680
2680
2762
2713
2686
2685
2727
2742
2715
2695
2746
2691
2670
2708
2725
2656
2709
2708
2716
2734
2701
2708
2684
2685
2684
2664
2641
2668
2707
2688
2760
2766
2735
2737
2810
2805
2855
2834
2837
2823
2803
2820
2816
2834
2847
2901
2853
2822
2869
2889
2867
2863
2846
2803
2818
2805
2804
2835
2861
2870
2896
2980
2992
2964
2868
2855
2868
2867
2882
2704
2797
2755
2685
2756
2781
2714
2728
2771
2732
2782
2806
2778
2796
2766
2765
2707
2705
2742
2645
2603
2570
2576
2603
2559
2684
2656
2666
2625
2600
2666
2618
2663
2629
2586
2555
2541
2628
2594
2545
2540
2595
2653
2582
2634
2576
2582
2542
2456
2501
2483
2561
2510
2524
2575
2538
2411
2492
2361
2393
2414
2348
2306
2432
2410
2297
2449
2483
2439
2494
2524
2507
2502
2569
2567
2614
2536
2545
2562
2528
2551
2623
2525
2602
2559
2615
2611
2635
2610
2565
2666
2632
2688
2694
2643
2678
2689
2708
2682
2698
2641
2757
2718
2782
2750
2780
2848
2829
2792
2793
2782
2797
2839
2801
2809
2798
2765
2817
2729
2780
2844
2848
2835
2825
2799
2831
2835
2814
2775
2815
2788
2879
2934
2916
2949
2973
2994
3009
3032
2916
2998
2918
3005
3065
3136
3044
3100
3220
3217
3226
3238
3220
3165
3240
3217
3331
3279
3346
3365
3385
3385
3342
3353
3293
3343
3293
3394
3380
3335
3390
3461
3394
3495
3486
3500
3516
3572
3546
3610
3580
3566
3590
3634
3586
3653
3619
3677
3734
3777
3821
3776
3817
3878
3919
3908
3938
4143
4039
4133
4168
4167
4225
4231
4227
4312
4374
4445
4403
4444
4424
4408
4513
4653
4649
4706
4617
4675
4749
4732
4742
4781
4840
4904
4948
5006
5033
5218
5196
5243
5349
5357
5429
5479
5549
5528
5475
5600
5603
5660
5749
5770
5764
5847
5934
6000
6125
6077
6160
6202
6365
6308
6371
6259
6381
6334
6416
6423
6358
6408
6385
6522
6498
6572
6622
6600
6719
6599
6615
6519
6538
6600
6624
6623
6551
6495
6462
6205
6188
6216
6212
6193
6096
6149
6131
6155
6256
6193
6229
6238
6239
6337
6304
6253
6422
6262
6266
6294
6144
6184
6184
6255
6276
6320
6331
6408
6442
6440
6441
6373
6458
6556
6607
6606
6599
6532
6561
6601
6589
6565
6656
6670
6627
6764
6680
6673
6675
6545
6666
6647
6658
6757
6783
6790
6784
6901
6898
6814
6837
6817
6779
6799
6714
6636
6685
6666
6712
6637
6673
6634
6463
6470
6563
6572
6562
6598
6528
6428
6360
6356
6242
6283
6252
6135
6158
6244
6190
6154
6228
6185
6253
6117
6136
6251
6114
6133
6068
6094
6096
6123
6151
6146
6148
6247
6290
6221
6240
6282
6371
6330
6334
6446
6542
6552
6543
6549
6619
6637
6650
6732
6772
6823
6946
6962
7010
7043
7108
7164
7219
7251
7325
7391
7447
7457
7387
7503
7636
7623
7687
7657
7748
7717
7702
7765
7811
7795
7910
7861
7909
8041
7931
7923
8065
8041
8136
8163
8184
8370
8335
8239
8238
8396
8299
8334
8455
8488
8400
8403
8508
8586
8545
8582
8514
8462
8404
8382
8409
8348
8459
8506
8438
8461
8337
8404
8378
8431
8345
8170
8151
8011
8029
7977
7863
7788
7874
7959
7912
7924
7906
7828
7713
7702
7674
7751
7702
7658
7583
7567
7448
7340
7332
7307
7381
7505
7512
7424
7370
7385
7438
7416
7380
7317
7301
7295
7240
7249
7273
7292
7324
7319
7342
7339
7316
7373
7279
7365
7238
7272
7127
7124
7181
7126
7096
7134
6934
6902
6997
7003
7033
7041
7026
7015
7041
7047
7057
7058
7054
6982
7017
6949
7078
7009
7104
6969
6847
6833
6912
6904
6866
6779
6736
6695
6733
6668
6682
6571
6591
6468
6529
6607
6537
6621
6666
6593
6673
6626
6607
6673
6613
6602
6602
6596
6687
6593
6751
6819
6726
6754
6767
6784
6808
6787
6826
6838
6965
6915
6920
7028
6935
7146
7033
7061
7072
7098
7129
7225
7108
7146
7145
7156
7122
7102
7028
7054
7145
7113
7103
7060
7093
7159
7195
7209
7271
7282
7296
7355
7308
7299
7299
7276
7278
7439
7506
7506
7627
7528
7583
7600
7632
7587
7657
7643
7711
7753
7754
7806
7774
7784
7813
7713
7654
7690
7677
7749
7821
7795
7847
7864
7805
7846
7812
7764
7796
7840
7761
7714
7720
7633
7644
7624
7518
7587
7468
7390
7450
7415
7466
7359
7360
7467
7412
7350
7269
7416
7407
7414
7423
7424
7415
7238
7329
7281
7300
7347
7256
7326
7245
7210
7203
7266
7276
7156
7160
7100
7123
7181
7226
7122
7047
6964
7098
7202
7262
7158
7205
7109
7106
7166
7247
7368
7259
7187
7267
7162
7174
7121
7154
7232
7159
7086
7176
7312
7454
7434
7247
7173
6932
6992
6974
7050
7208
7238
7067
7108
7093
7227
7123
7207
7171
7208
7349
7328
7251
7338
7277
7125
7085
7153
7107
7045
7095
7066
6957
6985
6933
6955
7012
6982
7046
7101
7187
7230
7341
7266
7284
7282
7233
7473
7471
7502
7560
7554
7628
7743
7761
7808
7792
7733
7847
7878
7960
8005
7912
7936
8052
8047
8028
8088
8215
8200
8280
8263
8244
8319
8259
8200
8249
8175
8130
8173
8231
8190
8096
8078
8086
7989
8130
8040
7989
7912
8005
8063
8161
8042
8066
8084
8209
8110
7981
7992
7916
7984
7961
8000
8021
7991
7996
7849
7843
7784
7840
7878
7817
7765
7742
7836
7949
7928
7902
7770
7832
7903
7900
7932
7881
7861
7839
7779
7610
7640
7584
7616
7562
7633
7666
7562
7553
7681
7707
7554
7512
7662
7581
7585
7573
7593
7593
7637
7696
7612
7620
7429
7407
7411
7255
7303
7281
7361
7394
7360
7381
7339
7446
7410
7435
7460
7558
7571
7443
7366
7479
7423
7430
7471
7560
7649
7598
7520
7509
7582
7499
7504
7579
7430
7413
7470
7492
7579
7467
7531
7451
7487
7555
7506
7681
7725
7728
7667
7722
7592
7681
7598
7676
7655
7651
7785
7852
7848
7863
7821
7847
7769
7759
7780
7882
7874
7987
8000
8030
7892
7810
7795
7851
7820
7859
7822
7857
7955
7961
7989
7893
7998
7931
7977
7823
7868
7846
7964
7849
7785
7874
7876
7907
7851
7805
7837
7848
7884
7908
7872
7946
7739
7684
7696
7627
7701
7807
7755
7783
7853
7772
7894
7755
7837
7893
7772
7735
7864
7885
7921
8057
7986
8058
8028
7973
7936
7936
7964
7957
8061
7967
7995
8009
8114
8052
8108
8115
8035
8038
7975
8091
8056
8079
8176
8215
8233
8211
8201
8193
8183
8198
8312
8262
8241
8112
8102
8046
8110
8127
8165
8161
8220
8193
8293
8288
8081
8065
8072
8136
8149
8194
8216
8206
8175
8179
8237
8285
8196
8153
8088
8185
8183
8247
8226
8232
8311
8158
8324
8193
8261
8317
8331
8355
8342
8278
8336
8425
8295
8229
8197
8226
8108
8182
8251
8363
8439
8426
8363
8361
8382
8544
8560
8601
8551
8449
8469
8476
8405
8371
8318
8257
8253
8222
8296
8305
8323
8439
8438
8392
8250
8273
8270
8341
8479
8369
8406
8447
8437
8323
8378
8412
8390
8419
8394
8456
8467
8467
8411
8382
8417
8301
8368
8250
8400
8335
8405
8346
8415
8259
8125
8038
8104
8176
8161
8186
8195
8219
8339
8368
8141
8158
8116
8176
8201
8270
8258
8316
8276
8191
8085
7964
7986
7944
8019
8054
8143
8211
8141
8165
8233
8137
8066
8145
8101
8156
8170
8157
8188
8081
8055
8191
8162
8128
8105
8151
8304
8224
8278
8218
8309
8190
8202
8257
8189
8202
8293
8274
8332
8276
8286
8219
8127
8120
8145
8224
8119
8058
8095
8147
8346
8258
8303
8210
8339
8420
8355
8293
8258
8209
8383
8441
8448
8420
8357
8405
8303
8236
8274
8326
8368
8384
8269
8292
8172
8263
8406
8429
8441
8376
8363
8387
8319
8178
8101
8168
8031
8210
8211
8283
8370
8280
8362
8201
8217
8154
8079
8175
8252
8225
8200
8121
8074
8004
7972
7926
7980
7963
8154
8153
8016
8150
8181
8102
8074
7982
7968
8093
8126
8105
8091
8021
8019
7865
7852
7903
7824
7837
7899
7878
7937
7836
7950
7872
7852
7773
7691
7677
7726
7648
7640
7652
7837
7703
7712
7673
7672
7721
7711
7615
7627
7725
7781
7748
7649
7470
7329
7323
7314
7343
7357
7310
7258
7232
7154
7187
7185
7102
7056
7083
7014
7100
7158
7201
7094
7101
7158
7080
7026
7006
6982
6740
6726
6716
6825
6913
6888
6814
6876
6874
6990
6988
7047
7010
6982
6899
6804
6704
6540
6450
6627
6558
6585
6504
6430
6419
6482
6409
6275
6378
6214
6232
6127
6157
6154
6021
5988
5915
5893
5869
5946
5954
5845
5839
5806
5690
5648
5488
5429
5441
5433
5511
5502
5451
5452
5401
5350
5241
5219
5186
5161
5205
5168
5242
5098
4984
5067
4979
4946
4832
4814
4788
4829
4829
4837
4758
4804
4758
4569
4423
4330
4325
4393
4456
4530
4286
4240
4125
4032
3926
3854
3860
3780
3772
3809
3886
3787
3737
3595
3434
3443
3403
3358
3398
3459
3393
3404
3270
3230
3129
3163
3208
3299
3433
3422
3493
3423
3285
3133
3003
2967
2960
3013
3050
3066
3025
3142
3152
3190
3051
3004
2851
2807
2836
2853
2925
2958
2830
2872
2861
2755
2757
2752
2757
2765
2748
2753
2671
2647
2592
2689
2603
2546
2566
2572
2623
2650
2598
2555
2565
2553
2625
2586
2629
2680
2682
2775
2599
2616
2666
2675
2656
2594
2617
2659
2609
2601
2618
2635
2629
2550
2576
2595
2530
2560
2635
2568
2590
2522
2556
2541
2527
2505
2535
2529
2488
2485
2506
2523
2481
2489
2464
2458
2448
2410
2428
2349
2370
2353
2257
2231
2174
2168
2148
2107
2087
2095
2088
2136
2137
2163
2134
2071
2126
2041
2017
2065
2044
2001
2020
2058
2032
2049
2034
2056
2056
2071
2074
2040
2050
2057
2025
2056
2013
1968
2023
1980
2015
1990
1995
1984
1990
1983
1982
1928
1879
1982
1929
1900
1924
1918
1885
1925
1932
1860
1863
1797
1812
1813
1843
1820
1852
1820
1830
1805
1810
1789
1849
1854
1934
1932
1959
1909
1951
1935
1927
1852
1820
1797
1849
1808
1779
1819
1770
1811
1800
1794
1771
1797
1846
1801
1796
1745
1779
1780
1714
1698
1686
1667
1642
1686
1713
1715
1707
1720
1757
1726
1703
1729
1684
1708
1674
1664
1712
1678
1655
1579
1549
1552
1547
1599
1600
1679
1668
1631
1617
1648
1623
1622
1634
1669
1677
1683
1652
1622
1560
1570
1580
1596
1619
1554
1604
1565
1559
1594
1613
1616
1551
1538
1645
1614
1575
1598
1585
1571
1606
1616
1565
1561
1502
1542
1555
1518
1537
1527
1514
1563
1517
1502
1533
1487
1522
1470
1473
1531
1504
1537
1515
1491
1472
1480
1468
1472
1496
1477
1484
1529
1510
1508
1515
1563
1550
1574
1565
1537
1512
1562
1550
1556
1573
1539
1542
1543
1519
1514
1507
1560
1512
1567
1572
1567
1615
1568
1583
1608
1608
1638
1620
1629
1643
1639
1672
1697
1737
1769
1750
1718
1692
1731
1708
1713
1664
1727
1698
1681
1684
1718
1702
1658
1678
1708
1664
1675
1641
1700
1665
1665
1653
1650
1681
1715
1732
1701
1725
1802
1794
1825
1800
1862
1833
1857
1868
1896
1940
1968
1981
1972
2046
2148
2183
2236
2213
2278
2314
2337
2396
2472
2490
2405
2418
2349
2206
2193
2091
2086
1995
2005
1984
2010
1999
1987
2003
1989
2041
2022
2037
2008
2007
2033
2004
2019
2025
1984
2025
1980
1978
2023
2006
2062
2081
2074
2090
2169
2117
2110
2107
2173
2185
2187
2154
2167
2146
2131
2107
2134
2136
2121
2095
2099
2124
2146
2144
2139
2218
2172
2160
2162
2154
2106
2173
2154
2080
2142
2156
2073
2109
2101
2078
2125
2133
2132
2134
2129
2164
2144
2161
2156
2082
2033
2045
2065
2031
1998
2005
2035
2082
2058
2070
2035
2040
2057
2009
2037
2197
2214
2201
2235
2216
2184
2200
2191
2242
2181
2252
2253
2231
2215
2200
2184
2179
2180
2123
2171
2138
2168
2173
2111
2224
2229
2197
2169
2198
2145
2076
2030
2005
2028
1985
2070
2039
2076
2067
2077
2042
2102
2077
2111
2101
2150
2134
2153
2166
2108
2172
2165
2116
2082
2134
2103
2021
2090
2076
2061
2080
2048
2040
2044
2021
2116
2086
2122
2123
2038
2076
2056
2029
2035
2069
2049
2024
2030
2008
1961
1943
1944
1953
1945
1926
1947
1881
1887
1923
1923
2022
2085
2011
1891
1921
1885
1866
1879
1910
1907
1863
1844
1822
1815
1834
1863
1838
1838
1896
1880
1882
1808
1871
1823
1854
1810
1832
1831
1860
1874
1857
1929
1955
1924
1885
1900
1864
1814
1814
1797
1845
1854
1825
1822
1816
1782
1806
1813
1787
1821
1755
1817
1787
1830
1878
1768
1751
1833
1788
1795
1836
1776
1828
1808
1779
1899
1877
1929
1901
1878
1890
1885
1851
2010
1980
2051
2059
2045
2020
2046
1989
2032
2046
2060
2105
2083
2153
2127
2095
2137
2130
2123
2095
1992
1986
1993
1988
2021
1962
2026
2060
2005
2082
2060
2058
2055
2008
2075
2039
2012
1989
1963
1894
1915
1900
1937
1880
1866
1869
1951
1980
2035
2035
2053
1978
2071
2108
2120
2143
2093
1980
2026
2019
2046
2063
2046
2024
2042
2043
2068
2025
2110
2071
2066
2089
2090
2057
2082
2065
2052
2040
2106
2116
2074
2013
2210
2157
2187
2232
2241
2210
2242
2142
2198
2157
2116
2085
2097
2142
2109
2146
2098
2085
2074
2114
2179
2183
2183
2171
2259
2209
2168
2162
2210
2220
2175
2175
2175
2321
2259
2275
2243
2217
2288
2240
2282
2404
2312
2279
2240
2321
2354
2383
2351
2418
2350
2340
2315
2242
2222
2200
2138
2107
2109
2071
2088
2062
2105
2092
2091
2103
2046
2045
2067
2072
2003
1998
1996
1985
1979
1988
1959
1947
1917
1877
1918
1872
1940
1869
1824
1833
1826
1821
1773
1739
1889
1801
1809
1807
1777
1741
1735
1693
1649
1576
1583
1519
1501
1523
1489
1488
1699
1716
1657
1655
1635
1612
1544
1536
1788
1771
1699
1625
1546
1475
1426
1383
1566
1535
1458
1475
1474
1493
1518
1497
1939
1881
1811
1789
1686
1632
1560
1586
1497
2049
2017
2015
1924
1917
1950
1852
1698
1776
1616
1524
1497
1350
1327
1225
1121
1276
1243
1221
1193
1232
1253
1249
1265
1345
1387
1385
1418
1455
1434
1465
1508
1501
1501
1529
1555
1645
1663
1684
1632
1563
1561
1588
1570
1608
1658
1738
1795
1830
1689
1692
1768
1780
1818
1876
1933
1943
1864
1925
2010
2041
2146
2202
2288
2311
2158
2219
2320
2398
2401
2479
2507
2586
2380
2351
2387
2440
2438
2504
2576
2649
2479
2491
2531
2595
2653
2583
2548
2613
2581
2516
2530
2497
2528
2523
2563
2543
2509
2515
2488
2483
2444
2469
2523
2512
2536
2591
2613
2572
2558
2513
2522
2505
2527
2544
2523
2569
2606
2521
2553
2531
2523
2633
2580
2609
2614
2633
2642
2622
2629
2552
2570
2652
2661
2717
2714
2770
2751
2769
2661
2670
2615
2655
2633
2612
2647
2657
2641
2640
2703
2711
2662
2698
2709
2764
2722
2777
2769
2714
2691
2643
2613
2560
2574
2547
2645
2663
2649
2564
2571
2568
2567
2626
2608
2661
2706
2746
2775
2782
2761
2776
2720
2699
2641
2681
2699
2725
2753
2816
2793
2753
2709
2717
2709
2742
2708
2759
2743
2742
2726
2690
2661
2664
2586
2600
2603
2631
2683
2735
2690
2676
2712
2665
2591
2634
2567
2658
2690
2696
2788
2773
2758
2788
2720
2711
2699
2716
2731
2706
2794
2793
2776
2758
2759
2766
2727
2765
2796
2818
2815
2786
2820
2801
2739
2711
2710
2628
2703
2709
2764
2831
2797
2825
2809
2840
2823
2830
2820
2938
2877
2906
2889
2829
2867
2828
2867
2757
2733
2759
2801
2830
2861
2878
2876
2896
2889
2869
2868
2862
2832
2855
2848
2828
2830
2776
2752
2662
2635
2625
2641
2647
2714
2702
2754
2723
2730
2689
2736
2699
2689
2734
2776
2807
2771
2800
2734
2662
2658
2625
2611
2608
2622
2665
2664
2737
2685
2715
2637
2656
2593
2606
2634
2742
2720
2683
2632
2675
2662
2713
2692
2693
2752
2757
2749
2631
2607
2573
2601
2496
2532
2503
2585
2575
2524
2555
2531
2526
2492
2473
2485
2522
2550
2582
2521
2524
2554
2496
2556
2492
2525
2498
2486
2497
2526
2619
2584
2532
2546
2540
2519
2511
2509
2528
2521
2572
2627
2559
2594
2589
2623
2581
2560
2582
2579
2594
2556
2607
2588
2582
2506
2460
2500
2506
2485
2508
2469
2485
2525
2540
2539
2576
2552
2596
2635
2620
2708
2637
2671
2698
2688
2688
2638
2683
2719
2701
2680
2754
2740
2722
2801
2815
2873
2813
2812
2797
2765
2769
2682
2666
2668
2613
2581
2545
2522
2518
2533
2553
2525
2521
2527
2547
2507
2473
2431
2473
2461
2456
2395
2480
2434
2499
2507
2470
2495
2477
2481
2484
2518
2522
2479
2520
2486
2529
2620
2539
2556
2592
2557
2536
2558
2564
2591
2541
2494
2566
2574
2600
2609
2540
2549
2544
2578
2587
2598
2604
2601
2533
2585
2562
2531
2594
2623
2676
2641
2566
2532
2493
2499
2475
2440
2465
2442
2526
2426
2442
2435
2469
2401
2448
2440
2466
2433
2430
2343
2463
2490
2509
2510
2513
2499
2484
2531
2471
2510
2492
2484
2521
2493
2428
2478
2394
2404
2432
2449
2466
2456
2483
2472
2442
2467
2495
2495
2574
2482
2445
2464
2442
2391
2375
2372
2327
2360
2317
2279
2294
2300
2317
2295
2292
2280
2309
2302
2288
2263
2260
2278
2278
2236
2226
2266
2195
2260
2263
2263
2229
2214
2207
2203
2237
2227
2259
2229
2297
2338
2334
2346
2387
2406
2406
2394
2336
2349
2314
2330
2329
2296
2269
2263
2305
2328
2262
2296
2274
2301
2350
2353
2382
2396
2414
2415
2438
2388
2329
2347
2364
2354
2311
2352
2301
2350
2357
2337
2361
2401
2344
2320
2332
2372
2353
2329
2336
2324
2280
2328
2271
2230
2248
2205
2181
2119
2160
2188
2198
2186
2151
2185
2169
2252
2216
2176
2225
2189
2168
2143
2217
2200
2152
2165
2113
2148
2118
2151
2156
2143
2209
2169
2177
2197
2221
2248
2199
2240
2229
2243
2275
2266
2199
2235
2223
2248
2213
2200
2228
2216
2209
2201
2231
2257
2281
2265
2340
2326
2392
2414
2340
2331
2384
2395
2400
2423
2459
2434
2430
2428
2454
2496
2453
2465
2473
2486
2513
2517
2546
2558
2665
2638
2624
2640
2586
2604
2575
2555
2564
2541
2572
2472
2499
2505
2504
2455
2447
2488
2463
2475
2419
2494
2428
2499
2482
2499
2497
2476
2470
2414
2418
2434
2372
2425
2377
2369
2405
2430
2394
2384
2412
2438
2395
2357
2356
2424
2375
2339
2378
2401
2409
2314
2371
2431
2360
2358
2365
2356
2347
2315
2290
2266
2257
2210
2194
2180
2174
2129
2148
2140
2126
2072
2152
2134
2164
2143
2183
2173
2156
2139
2135
2179
2114
2117
2172
2141
2111
2111
2077
2031
2066
2046
2039
2073
2044
2074
2152
2097
2125
2108
2105
2113
2095
2049
2029
2049
1978
1986
1968
1977
1986
1956
1936
2001
1974
1997
1944
1983
1975
2050
2037
2049
2029
2016
2028
2093
2104
2134
2153
2150
2088
2106
2133
2130
2095
2134
2165
2099
2119
2168
2197
2206
2250
2209
2270
2250
2255
2254
2272
2199
2180
2170
2138
2152
2153
2145
2117
2153
2136
2197
2188
2233
2239
2274
2225
2284
2279
2278
2228
2206
2216
2162
2201
2253
2260
2296
2151
2125
2112
2147
2129
2139
2115
2099
2128
2152
2101
2101
2171
2157
2217
2243
2290
2333
2283
2332
2394
2402
2414
2431
2478
2439
2410
2381
2365
2363
2351
2372
2363
2392
2460
2477
2470
2448
2466
2439
2413
2360
2326
2342
2292
2284
2315
2292
2300
2269
2302
2281
2289
2310
2329
2342
2324
2489
2478
2491
2445
2461
2432
2424
2470
2460
2476
2442
2476
2474
2487
2414
2465
2534
2533
2585
2598
2601
2620
2641
2650
2659
2739
2695
2695
2688
2727
2746
2667
2691
2667
2629
2651
2685
2657
2632
2678
2686
2684
2686
2752
2774
2824
2831
2830
2835
2666
2672
2638
2668
2682
2707
2751
2724
2635
2667
2620
2664
2756
2740
2701
2712
2773
2801
2884
2905
2835
2898
2966
3012
3023
2946
2938
2994
2976
2981
3046
3014
2997
2947
2970
2963
2981
3001
3003
3009
2980
3048
3058
3073
3041
3116
3063
2996
3003
2999
3101
3113
3054
3030
3062
3072
3125
3057
3077
3057
3146
3145
3135
3147
3168
3126
3122
3052
3095
3080
3104
3114
3091
3038
3135
3209
3210
3170
3169
3143
3139
3170
3015
3016
3006
2946
2941
2936
2971
2905
2907
2949
2840
2804
2808
2795
2810
2824
2736
2735
2678
2734
2706
2661
2704
2726
2717
2687
2720
2656
2680
2630
2638
2586
2552
2543
2560
2501
2480
2508
2456
2445
2367
2495
2421
2366
2339
2335
2367
2334
2384
2473
2496
2420
2403
2300
2272
2271
2221
2349
2267
2235
2262
2166
2150
2121
2056
2074
2116
2090
2102
2092
2122
2093
2043
2156
2149
2104
2056
2024
2020
1998
1939
2049
1987
1936
1955
1949
1877
1845
1914
1836
1888
1898
1893
1824
1791
1747
1755
1723
1913
1797
1673
1622
1479
1360
1174
1060
1070
942
808
664
631
576
549
495
460
442
326
323
321
298
299
298
290
244
227
236
232
238
220
246
242
268
281
264
244
235
212
197
191
167
148
154
128
131
124
114
133
136
118
100
91
81
84
82
76
168
161
169
158
154
154
135
143
164
167
165
157
192
194
210
204
191
172
182
182
197
178
173
179
170
183
166
174
169
184
190
184
184
282
311
306
308
325
339
346
365
688
670
664
654
630
636
606
592
661
608
570
531
546
531
526
504
490
457
437
395
359
365
359
383
348
391
353
334
275
328
331
323
343
319
303
301
308
306
328
319
308
297
312
279
313
307
308
340
343
311
264
325
355
343
354
356
353
303
345
325
330
300
299
294
339
281
271
279
279
340
321
274
299
219
218
223
213
232
221
207
210
222
201
222
208
221
214
204
203
205
197
195
192
189
180
174
167
162
190
200
189
177
168
147
122
106
209
177
197
199
208
205
204
197
254
244
255
249
269
270
272
253
261
261
275
275
286
267
255
240
242
262
258
286
260
266
273
269
286
290
310
272
303
283
298
281
297
302
318
315
301
322
307
342
325
303
319
319
325
321
361
350
342
359
375
377
382
400
401
423
430
393
405
383
396
412
409
423
428
451
384
401
413
430
435
458
445
467
392
385
383
392
382
378
417
390
312
300
305
300
330
295
322
328
245
252
245
260
249
265
262
255
195
207
211
197
199
218
212
205
207
193
183
189
194
202
218
213
223
217
221
233
233
244
236
230
223
232
250
237
243
247
257
254
228
229
229
209
218
194
209
205
204
190
188
196
196
217
213
205
202
236
241
249
260
247
266
240
229
242
232
240
271
281
311
305
348
369
361
385
413
421
436
443
486
540
513
515
527
545
589
646
693
707
590
630
653
669
736
789
815
837
556
565
563
573
565
567
594
569
534
564
601
591
569
565
574
559
605
577
596
583
573
544
559
553
549
590
580
565
570
544
569
538
552
561
511
534
496
506
510
486
499
464
449
457
442
418
402
422
423
403
421
426
432
425
461
459
455
404
394
363
372
351
336
354
343
334
298
298
287
283
289
309
320
338
394
379
395
407
435
471
444
464
484
495
555
559
564
563
564
583
513
535
506
468
457
412
418
401
322
308
301
288
283
296
299
287
355
331
320
345
383
384
383
389
423
449
462
460
475
525
531
568
590
591
563
552
549
566
573
561
586
416
415
375
371
356
362
389
413
430
423
465
485
469
526
531
537
826
819
825
838
807
791
734
690
701
653
647
634
638
624
618
607
444
433
433
432
443
447
442
490
500
454
491
504
488
519
555
600
591
847
841
804
717
707
705
654
629
571
557
527
513
474
481
479
491
274
281
295
273
291
317
321
377
520
512
522
540
569
546
534
538
513
659
638
606
561
493
493
516
520
380
380
364
356
388
386
377
374
272
268
278
265
271
268
265
289
571
599
603
627
644
636
604
614
842
794
744
726
742
728
745
726
601
598
587
612
622
590
571
565
575
399
383
370
365
340
356
344
360
402
390
420
428
453
477
517
505
567
562
598
616
607
596
612
598
726
779
773
812
799
879
912
911
757
799
779
868
860
852
876
844
1014
976
930
936
939
890
878
877
846
818
774
733
723
712
680
590
553
397
392
415
403
402
392
396
420
476
496
516
503
509
539
541
544
522
517
521
530
530
526
541
555
547
512
520
529
515
548
544
579
551
586
606
619
646
675
664
676
677
907
898
860
841
829
822
784
739
701
636
639
600
554
571
539
526
496
485
453
406
420
380
374
368
341
345
348
381
378
373
379
405
445
463
483
500
511
527
528
539
543
533
547
526
513
504
537
562
537
528
544
522
537
596
579
589
626
682
720
781
803
835
793
754
745
717
663
662
609
614
579
572
537
447
412
413
430
395
365
372
377
345
355
399
418
438
474
475
454
471
501
503
545
528
555
512
500
467
451
451
458
482
477
485
509
525
414
450
456
421
395
370
412
446
631
652
689
626
628
600
589
560
582
596
552
522
517
534
488
474
493
464
436
448
459
440
419
412
290
286
287
273
288
313
304
321
327
362
376
380
408
410
382
383
380
309
271
296
291
307
294
284
275
251
242
253
247
259
238
260
273
446
492
474
465
482
479
479
475
466
439
474
468
501
524
478
471
454
344
328
320
311
296
283
299
293
335
337
342
328
350
322
348
353
375
353
354
329
334
324
314
306
348
336
354
363
354
351
358
373
377
401
395
406
416
416
455
466
425
436
454
456
444
457
462
466
453
429
425
432
434
430
452
442
451
472
465
469
458
458
461
424
412
493
513
539
531
531
552
539
510
539
539
536
571
609
646
644
650
862
912
902
947
986
997
1001
978
1296
1244
1190
1133
1052
1025
963
896
855
427
408
392
390
369
368
342
373
318
350
386
421
421
401
411
390
704
724
729
748
770
735
758
685
675
730
724
739
746
679
642
608
334
322
333
314
338
316
300
294
318
324
345
357
388
384
401
417
467
877
856
818
827
804
809
802
828
590
574
549
547
498
490
472
457
425
461
410
410
407
432
469
491
424
399
426
437
439
465
437
398
486
477
430
412
396
476
427
428
394
416
424
445
421
428
443
390
403
404
406
376
396
450
423
422
508
456
423
420
454
446
389
417
389
447
413
431
428
439
399
464
477
382
411
409
405
452
422
364
347
446
426
442
444
446
456
401
450
386
392
385
360
375
342
314
334
336
364
389
361
405
349
381
409
395
437
418
359
356
344
340
349
341
396
426
473
514
578
635
654
657
652
623
591
580
553
583
637
654
698
681
655
619
567
538
561
495
431
433
445
554
559
600
685
809
822
794
812
798
779
766
844
901
997
1018
1021
988
951
864
844
775
746
587
580
508
505
490
468
484
554
481
550
566
574
591
608
501
482
505
491
455
452
438
422
407
381
370
313
326
323
320
265
286
297
263
361
380
405
433
440
447
463
448
387
406
420
449
448
418
394
367
361
325
380
376
383
434
487
491
523
494
468
431
385
372
382
378
433
456
500
542
548
529
580
627
619
580
601
616
630
642
591
589
624
469
481
459
417
413
386
395
380
434
428
370
400
344
401
332
353
354
355
360
372
390
431
469
456
485
460
464
454
474
466
448
435
614
554
524
516
470
466
444
465
532
511
504
552
586
554
569
574
570
621
605
641
557
535
576
569
616
570
604
660
661
668
650
664
649
615
659
608
576
580
587
639
673
601
634
620
626
671
609
578
550
522
526
523
520
517
501
482
471
459
432
438
436
434
463
458
531
569
511
533
557
557
520
475
405
389
516
483
491
496
496
526
493
498
246
246
231
233
260
233
225
239
332
333
333
322
343
353
382
379
384
420
433
437
478
491
513
595
613
385
383
388
387
396
373
348
353
382
375
379
340
335
303
301
280
269
258
269
250
260
262
290
299
386
383
428
432
452
499
490
514
479
546
561
577
608
610
624
632
622
741
726
684
661
648
649
616
585
522
480
478
471
477
456
443
453
353
342
350
344
325
331
311
343
386
381
429
476
495
500
517
508
508
509
527
522
534
524
516
502
548
528
529
543
550
540
546
543
557
495
518
510
532
515
505
487
512
439
443
458
438
431
441
419