470
443
448
458
464
457
474
467
474
468
468
499
471
489
513
496
498
493
507
489
509
500
494
507
500
521
502
504
523
510
517
498
514
522
520
523
502
504
498
513
509
497
506
501
512
514
487
527
510
490
491
487
506
515
500
505
510
486
512
509
512
500
542
548
494
521
516
533
523
529
555
546
546
530
540
559
533
542
531
535
550
535
519
561
537
508
519
526
500
521
530
517
529
525
540
501
520
519
522
523
508
507
539
505
513
514
516
530
529
508
502
500
501
472
505
519
496
518
501
544
513
506
483
530
507
473
513
490
503
498
463
473
483
451
462
473
468
470
465
488
489
493
404
387
389
396
389
404
379
388
392
396
406
385
383
396
385
387
741
741
771
779
792
805
818
805
828
856
857
833
855
872
841
909
884
532
558
561
571
569
593
564
569
522
516
537
501
524
491
471
514
861
839
857
853
833
860
850
848
1242
1267
1226
1234
1264
1263
1321
1324
1318
1177
1148
1174
1123
1184
1117
1164
1141
692
703
706
680
642
638
638
622
492
498
509
472
474
469
428
459
758
760
750
739
751
768
743
730
752
750
750
771
754
714
747
741
413
421
403
403
395
411
417
425
416
368
358
348
351
347
339
337
335
358
380
363
354
370
365
354
361
478
492
484
479
473
469
498
460
533
509
522
508
524
529
515
537
443
440
458
451
468
441
445
452
464
470
492
489
482
518
521
514
521
679
652
672
671
723
722
741
748
640
641
644
625
677
634
665
705
509
511
506
525
517
493
478
471
547
551
540
535
543
519
524
528
1161
1180
1149
1167
1160
1140
1090
1087
1082
1166
1121
1094
1156
1118
1098
1171
1142
914
903
889
906
917
914
942
945
695
680
690
664
695
680
682
687
844
846
850
841
811
838
893
869
869
837
832
845
829
774
770
742
504
511
508
496
464
472
434
438
431
506
482
477
484
493
485
509
519
565
559
584
597
600
602
638
676
549
543
538
527
562
536
516
512
457
409
385
375
393
390
411
415
452
493
519
612
646
637
634
599
573
656
656
645
601
555
496
514
524
1017
1248
1415
1330
1215
1050
994
912
601
568
577
601
602
543
500
449
672
643
667
717
739
841
1118
1050
822
755
784
816
861
996
1026
1052
793
750
716
697
686
708
662
696
835
1003
906
837
739
716
704
693
663
442
453
454
423
418
386
349
347
521
511
445
441
449
465
468
521
498
507
531
552
568
588
592
637
468
458
462
460
425
453
451
455
474
378
380
365
344
322
333
335
314
911
910
844
857
821
838
855
843
1069
1088
1096
1093
1132
1122
1109
1142
423
414
423
415
404
397
402
382
336
325
337
320
309
313
310
320
529
531
543
573
602
595
602
614
654
412
423
429
419
452
445
434
433
476
443
454
474
442
430
412
441
893
893
895
894
926
895
916
946
627
642
654
685
661
653
634
606
433
426
406
388
374
365
362
344
288
637
623
591
557
564
518
488
470
702
655
683
708
778
793
797
899
768
875
912
919
888
940
985
951
438
436
410
419
435
431
447
472
408
430
394
425
423
414
424
423
745
734
742
746
742
686
687
691
694
608
628
597
615
621
615
622
594
473
481
487
499
497
474
502
521
608
630
618
639
669
725
687
696
624
641
647
638
639
626
661
669
1172
1187
1212
1249
1240
1169
1191
1164
1371
1381
1400
1320
1203
1186
1168
1110
1177
1149
1169
1114
1091
1072
1056
1057
1079
1098
1121
1116
1127
1138
1188
1217
1208
1405
1376
1441
1450
1550
1578
1530
1572
1661
1624
1609
1623
1597
1583
1563
1407
963
927
912
834
737
660
599
479
427
601
593
640
659
668
689
705
692
623
639
616
639
652
680
707
693
791
836
886
875
894
906
922
937
833
804
783
786
765
751
713
748
619
675
667
656
681
696
712
697
680
645
557
469
386
373
367
361
351
443
432
470
491
514
553
565
608
541
561
545
555
570
558
612
647
566
578
606
612
639
634
675
702
573
577
628
620
664
731
745
729
1179
1156
1153
1144
1250
1234
1226
1196
1334
1305
1295
1309
1273
1286
1239
1214
1162
1135
1106
1104
1048
1010
1010
949
975
1017
1038
1093
1124
1128
1155
1165
1179
1172
1198
1237
1232
1286
1281
1302
1284
1398
1405
1396
1438
1355
1368
1343
1350
1017
1029
1017
976
935
908
858
802
510
501
429
415
382
362
318
331
308
460
474
511
513
531
535
529
554
728
734
771
770
754
773
826
818
912
919
938
923
978
964
915
941
732
727
705
703
724
738
715
765
628
657
662
670
688
690
642
592
489
403
386
397
404
417
432
420
428
468
487
494
507
509
521
530
552
488
458
508
501
517
532
544
557
510
515
527
545
542
575
607
588
568
593
588
620
658
679
695
705
1271
1262
1271
1292
1296
1320
1299
1317
1319
1171
1206
1204
1169
1127
1105
1104
1108
1052
1042
975
978
951
878
906
933
1061
1014
1001
997
911
913
943
945
951
974
984
982
998
1023
999
1039
1112
1083
1127
1152
1188
1242
1252
1276
1292
1226
1200
1152
1118
1127
1028
946
896
487
434
418
411
392
366
334
328
183
190
204
183
184
187
198
220
242
230
224
225
219
262
285
300
614
596
608
609
614
607
595
596
700
695
726
731
712
734
762
772
756
640
646
670
668
655
667
696
683
614
621
621
614
615
599
589
568
631
612
601
566
509
483
417
371
346
355
379
398
413
430
486
479
463
487
540
520
540
551
575
615
646
676
732
766
758
795
836
881
870
1184
1212
1223
1226
1300
1372
1450
1420
997
1003
1023
1013
1034
1037
1088
1091
810
784
829
864
878
912
925
954
1464
1452
1389
1267
1280
1263
1232
1163
1302
1271
1175
1125
1017
993
987
968
921
920
887
890
909
915
902
927
950
1197
1237
1256
1310
1321
1389
1385
1430
1226
1266
1273
1262
1244
1231
1283
1321
1279
1302
1331
1381
1335
1319
1310
1178
1082
1023
937
850
791
758
704
637
263
268
230
233
253
297
348
352
357
429
491
484
502
520
542
547
572
695
655
662
669
710
651
670
681
697
718
703
740
748
788
797
846
827
840
883
863
888
877
821
827
847
796
759
743
713
697
698
744
744
764
774
769
850
915
962
964
972
940
952
953
908
894
916
930
926
902
918
930
907
867
853
882
872
882
894
901
923
896
873
852
825
557
556
560
537
577
555
614
641
544
554
555
573
574
546
526
499
478
600
586
596
587
579
557
517
534
741
770
795
834
802
820
820
834
1028
1053
1025
1001
966
1019
979
976
941
864
889
917
975
1040
1066
1059
892
899
892
924
910
895
870
829
840
846
883
940
947
984
989
1024
1036
850
866
883
909
863
846
795
773
990
985
846
704
592
515
488
516
616
684
706
708
756
793
799
847
414
346
293
286
300
299
281
313
255
246
227
257
253
276
309
331
319
395
385
388
405
418
431
444
431
714
722
666
605
579
594
578
591
536
571
569
562
574
668
676
707
597
599
608
592
579
556
560
570
561
580
639
657
654
688
708
646
531
597
511
429
436
451
535
615
667
691
737
740
755
758
742
770
857
784
744
719
739
744
688
686
674
832
808
786
810
820
786
834
885
939
1013
1026
1120
1156
1164
1192
1065
859
879
806
846
828
875
800
843
824
922
947
952
1004
1086
1142
1144
1109
1007
1013
942
874
887
938
928
909
1110
1131
1144
1086
1099
1105
1034
998
976
914
892
853
842
803
734
730
766
833
918
931
984
1064
1116
1121
1450
1438
1381
1314
1369
1380
1408
1543
1660
1517
1521
1462
1417
1329
1264
1211
1104
883
806
782
724
688
617
562
566
578
579
592
549
557
565
572
565
575
561
559
549
555
536
537
544
512
524
530
502
500
494
494
508
502
500
488
492
492
455
437
402
415
429
464
409
405
396
392
437
470
471
511
552
597
628
661
726
723
916
929
994
994
1019
1010
1023
986
642
644
640
593
607
582
568
592
1013
998
1005
1002
1032
1037
1069
1087
1059
1247
1178
1082
1033
1096
1093
1080
1030
604
636
632
632
680
680
700
689
1149
1182
1165
1178
1176
1154
1202
1242
1223
1263
1367
1384
1520
1569
1648
1628
670
646
669
721
747
746
774
795
854
878
872
886
868
891
922
883
850
1311
1256
1202
1204
1242
1231
1277
1310
557
567
610
648
661
710
720
778
734
714
734
729
775
770
808
731
1648
1557
1406
1237
1164
1084
1100
1148
1166
1221
1193
1206
1217
1157
1061
1069
626
645
628
590
598
540
542
520
509
942
992
993
1005
968
995
952
963
1440
1591
1626
1711
1650
1715
1664
1589
1009
1001
1047
1071
1089
1082
1086
1066
1518
1431
1377
1342
1320
1247
1202
1129
1142
1098
1059
1010
976
909
884
887
895
838
798
832
831
802
835
871
919
669
742
771
825
842
853
800
798
505
518
496
490
461
459
515
495
719
696
687
686
680
665
707
714
1439
1413
1511
1523
1467
1375
1391
1296
1258
1191
1268
1289
1286
1243
1171
1141
1116
539
507
493
470
429
386
366
397
708
722
722
734
780
744
729
767
921
889
861
913
1002
1184
1389
1518
638
754
756
747
708
627
598
613
466
501
506
520
514
510
480
478
474
812
813
757
749
727
711
704
647
818
840
827
831
778
762
822
838
465
477
483
459
445
383
393
364
423
421
409
392
383
339
342
346
648
704
687
672
700
731
864
1095
804
893
952
998
984
987
908
765
592
423
401
361
352
359
364
325
269
434
483
524
543
548
571
633
658
923
962
1028
1000
965
958
942
928
568
546
538
524
499
495
482
444
332
291
256
256
268
263
304
266
353
354
386
379
388
408
430
432
467
784
759
758
752
738
799
798
844
813
915
941
1002
969
907
748
633
467
463
370
259
181
166
209
217
312
357
408
433
508
548
559
628
739
890
993
1043
1046
1091
1130
1139
1124
1148
1170
1195
1215
1212
1245
1255
1242
1075
1090
1139
1096
1085
1127
1102
1158
698
699
741
767
763
784
811
725
693
691
680
663
674
706
739
748
605
615
563
531
511
471
441
411
691
666
647
650
616
612
588
592
555
802
815
835
823
855
823
804
808
640
680
683
718
766
769
774
769
566
586
606
602
613
640
674
694
630
669
672
580
537
544
524
521
821
880
871
870
873
869
872
869
873
1066
1030
1004
1085
1282
1349
1404
1392
776
705
707
690
722
734
747
736
705
722
691
659
599
626
638
635
788
798
774
815
813
847
841
815
604
578
586
592
610
622
628
653
483
498
472
463
460
444
412
378
378
634
626
616
616
602
600
580
604
478
479
486
489
477
486
487
482
614
627
631
656
683
707
735
709
753
734
749
710
660
624
584
638
610
657
668
726
756
762
785
820
876
926
1006
1004
1039
1062
1103
1096
1089
1119
1150
1061
1083
995
958
951
893
852
884
842
832
855
798
801
834
764
785
793
799
779
773
770
742
704
688
705
659
682
660
654
678
826
856
888
968
978
990
1039
1077
1130
1269
1227
1184
1115
1084
1051
1053
969
887
839
829
782
764
742
759
746
826
861
868
879
905
902
910
950
667
654
666
630
633
658
653
606
635
660
693
721
746
811
805
844
958
961
1003
1037
1036
1085
1066
1053
1041
904
918
911
936
892
896
864
851
729
721
726
765
753
753
766
748
921
934
928
940
899
859
849
856
603
583
577
583
577
558
573
577
372
396
411
410
407
404
436
415
353
515
542
547
560
564
524
477
539
1096
1142
1229
1380
1539
1673
1520
1261
573
547
561
569
570
585
550
527
736
717
741
698
750
717
661
671
632
683
726
822
901
965
1002
972
790
784
687
661
652
578
549
565
548
614
677
581
601
593
635
668
728
787
777
829
847
871
886
850
812
722
690
722
689
673
676
695
736
748
770
857
895
888
862
784
736
647
594
568
506
473
456
611
788
667
583
575
553
542
517
495
496
499
473
461
452
468
428
415
420
432
371
293
261
295
351
402
450
479
518
549
584
603
615
651
687
708
506
521
564
576
548
534
504
511
629
639
619
625
619
609
574
575
648
641
633
622
624
576
535
559
531
391
380
362
342
353
334
350
456
447
453
475
485
498
549
601
578
652
667
610
608
623
611
639
673
579
519
562
563
638
679
656
704
782
776
791
775
804
751
749
751
718
772
742
692
712
691
685
633
594
503
539
478
451
438
378
361
367
325
303
281
270
266
301
308
350
403
396
330
319
365
386
423
456
586
643
706
732
745
750
784
773
996
1051
1005
1025
935
911
820
792
721
596
574
524
516
503
496
548
636
716
754
713
720
752
726
695
718
753
733
718
698
604
573
580
589
381
389
402
420
428
463
453
446
666
674
716
704
701
700
698
748
1080
1088
1088
1228
1302
1428
1437
1528
1517
593
573
543
539
513
475
463
450
977
1013
1008
1052
1129
1150
1192
1172
1360
1417
1403
1420
1454
1391
1443
1415
1003
1026
1027
1038
994
970
999
996
910
937
904
918
894
835
791
751
750
659
669
634
610
599
583
566
556
454
454
402
398
385
382
351
355
333
336
328
316
308
340
363
390
469
497
481
497
491
502
500
455
424
424
401
394
383
395
361
380
308
290
291
285
296
302
345
338
355
683
741
743
802
862
833
852
878
936
957
950
964
932
882
821
861
547
578
586
593
560
531
492
485
588
534
506
503
477
463
450
425
613
601
577
567
562
536
513
500
502
487
517
511
543
534
558
591
630
367
390
409
412
446
484
502
517
452
404
355
350
320
368
344
383
1038
1074
1112
1143
1125
1141
1213
1185
1103
1111
1012
987
1019
984
967
959
708
721
720
704
725
736
753
718
705
549
536
504
517
484
472
466
441
408
417
408
396
407
390
390
384
315
291
298
294
319
302
285
291
333
309
317
329
335
311
316
309
294
289
296
301
301