6.5
8
11
10.5
9
9
9
9.5
11
15.5
11
6.5
4
3
2.5
3.5
3.5
3
2
2.5
0.5
1.5
0
1
2
1.5
2.5
2
3.5
8.5
6.5
5
9.5
7.5
6.5
6.5
7
5.5
7.5
6
6.5
8
9
6
9
5.5
2
4.5
4
3
3.5
3
3
3
3.5
2
2.5
3
2.5
1.5
1.5
3
3
2.5
5
5
7
6.5
9.5
13
14
15.5
13
11.5
8.5
6.5
4.5
2
0.5
2
1.5
1.5
2.5
2
3
3.5
6
6.5
7.5
7.5
8.5
7.5
6
5
6.5
7
7.5
9
10.5
12
15
18.5
21
20
22
22.5
23.5
22.5
23.5
24.5
23.5
21
20.5
18.5
17.5
14.5
15
16
14
12.5
12.5
10.5
4.5
5
8
8.5
8.5
9
12
13
14
14.5
13.5
13.5
13.5
12
12
11
11.5
12
12
12.5
11.5
9.5
8.5
8.5
7
8
5.5
4
6
4
5.5
7
8
10
12
12
17
21.5
24.5
25
28
30.5
29.5
29
28.5
27.5
26.5
26.5
26
26
26
26.5
25.5
23
22.5
21
19.5
16
16
12.5
9
14.5
17
19.5
17
17
15
16.5
19.5
20.5
22
20.5
22
24
22
23
24.5
26
27
27.5
28.5
30
30
31.5
32.5
31
31.5
30
30
31
30
30
29.5
30.5
30
29.5
32
30
31
29.5
29.5
27
27
27
26.5
25
27.5
27.5
28.5
29
29.5
30
27.5
27
27.5
27.5
26
27
24.5
21.5
23.5
20.5
20.5
18.5
18
17.5
17
15.5
12.5
15
16.5
15
12
12
12
8.5
10
10.5
9.5
7.5
5.5
5.5
6.5
7
7
7
8
7.5
7.5
9.5
8.5
10.5
9.5
7
7.5
8
8.5
7
6
6
6
8
6.5
8.5
10.5
10
10.5
12
15
15
20
20
18
19
20.5
17.5
16
17.5
19
21.5
21
22.5
26.5
29.5
29.5
29
29.5
26.5
25
23
23
25
24
22
19.5
16.5
13.5
13
12.5
14
14
13.5
15.5
18.5
22.5
27
25.5
25
23.5
23.5
20.5
22
22
22
21.5
23.5
22.5
21
18.5
18
16.5
19.5
20
20
20
24
26
25
25
25.5
23.5
24.5
23
23.5
19
18.5
15.5
16
15.5
16.5
16.5
15.5
13.5
12.5
11
9.5
8
5.5
5
4.5
4.5
4.5
6
9
10
10
10.5
11.5
11
11.5
14
14
16
16.5
20.5
21
23
28.5
32.5
36.5
38.5
42.5
48.5
47.5
51.5
53.5
50.5
49
49
49.5
50.5
48.5
48
50
49
45.5
40
36
33
28.5
27.5
24
21
20.5
21
21.5
22
28.5
29
25
20.5
18.5
15.5
15
11
10.5
9
9
7.5
5.5
6.5
13
13
12
10.5
9.5
10
9
8.5
7
7
6.5
6
7.5
11
12.5
10.5
8
8
8.5
11.5
14.5
17
16
14.5
14.5
18
17
18
20
24
23
22
24
23
21
21.5
21.5
22.5
22.5
22.5
22
22
22.5
20
19
19
19.5
18
19
20.5
20.5
22
20.5
18
17.5
17
16.5
16.5
17.5
18.5
14.5
13.5
14
12
10.5
8.5
7
7.5
8.5
8.5
9.5
10.5
11
14
10.5
6.5
3.5
2
2.5
2
2
1.5
1
0.5
2
3
2
2.5
3.5
3.5
6
7
7
6
4
5
3.5
4.5
4.5
5.5
7.5
7.5
4.5
4
4
4.5
6.5
8.5
9
8
7.5
6
6
6
5.5
4
5
5.5
5
5.5
6
8
9
10.5
8
7.5
5.5
5.5
5.5
7
5
7
9
9
8
6
4.5
4
3.5
4.5
4
7
5
4
4
6
5.5
4.5
4
4
3
4.5
4
4.5
5.5
6
5
6
7
9.5
13.5
12
14.5
15
15
12
9
9
10
9.5
13.5
13
15.5
14
13
14.5
12
10.5
9.5
6
4.5
2
4.5
3
6
8.5
10.5
11.5
11.5
11.5
10
9.5
9
7.5
5.5
4.5
3
3
2.5
3.5
4.5
5
6.5
8.5
11
9.5
8
7
7.5
6.5
4
3.5
1.5
2
2.5
3
3.5
3.5
4.5
3.5
4
5
4
4.5
4
3.5
2.5
1
1
1
1
0.5
0
0.5
2
2
1.5
2
2
4.5
9.5
12
13.5
16.5
16
13
12.5
12.5
10.5
11.5
11.5
12
15.5
16
17.5
16.5
18.5
20.5
24.5
26.5
27
28
30
34
33.5
33
31.5
32
26.5
24
23
21.5
19.5
18
17.5
20.5
23.5
19
13
11.5
8
8.5
7.5
5.5
3
1.5
0.5
0
0
0
0
0
0
0
0
0
0
0
0
0
0
0
0
0
0
0
0
0
0
0
0
0
0
0
0
0
0
0
0
0
0
0
0
0
0
0
0
0
0
0
0
0
0
0
0
0
0
0
0
0
0
0
0
0
0
0
0
0
0
0
0.5
0.5
0
0
0
0
0
0
0
0
0
0
0
0
0
0
0
0