13.5
14
17
17
16.5
15.5
14.5
12
10.5
9
6
5.5
5.5
4
2
2
2
1
0
0.5
0.5
1.5
0.5
4
3
1.5
3
1.5
1.5
2
2
2.5
3.5
5.5
6
4
7
8
6
7.5
10.5
7
6
6.5
8
8
10
8
9.5
8
6.5
8
9
12.5
13.5
12.5
14.5
15.5
13
12
10
6.5
9
8.5
8.5
7.5
9.5
9
7
8
7
6
7
8
8.5
5.5
6.5
12
11.5
8.5
6
6
4.5
7
6
7
9.5
7
11.5
14.5
14.5
17.5
20.5
22
23
29.5
34
30.5
31.5
23.5
21.5
20
19
17.5
15.5
16
14
14
14.5
15
13.5
12
11
12
9
10
14
15.5
17
15
17
17
23
22
26
26
25
24.5
26
26
25.5
27
25.5
25.5
23
19.5
22
18
24.5
28
26
28.5
28.5
29.5
30
29
28.5
19
16.5
13
14.5
16.5
17.5
17
15.5
18.5
19
20.5
22
25.5
20.5
28
29
31
32.5
35.5
36.5
36.5
38.5
32
32.5
33.5
32.5
30.5
27.5
30
29.5
27
26
19.5
15.5
10
2.5
1
1
0
0
0
0
0
0.5
0
0
0.5
0
0
0.5
0.5
1.5
2
3
4
3.5
5
4.5
4
4
3.5
3.5
1.5
1.5
0.5
4
5.5
3.5
3.5
3
3
2
1.5
1.5
2
2.5
2.5
3
3.5
6
7
7.5
7.5
4.5
4.5
4
4.5
4
5
5.5
5
4.5
4.5
4
5
5.5
5.5
5
6
7
6.5
8
9
8.5
10
11
10.5
11
11.5
12.5
11.5
12.5
14
12
12
12
10
9.5
12.5
14
14.5
15.5
14.5
16
14
14
14.5
16
16.5
15.5
18.5
18.5
18.5
15
15.5
15
16
15.5
13.5
12
12
9
9
11.5
11.5
7.5
8
8.5
10
11
12
13.5
13
14.5
3.5
14
16.5
14.5
18
18.5
20
22.5
22
22.5
20
17.5
17.5
17.5
17
14.5
15.5
14.5
12
12
14
14
17.5
17
15.5
12.5
10.5
10.5
15
22.5
24.5
25.5
26
23.5
23
24.5
22
24
22
20
19
15.5
11.5
11.5
9.5
8
9.5
13
17
19
18.5
14.5
10.5
11.5
10
14
17
12
11.5
11
10.5
12
13.5
15
19
23
28.5
27.5
25
27.5
28.5
28
27
29.5
30.5
29.5
32
32.5
28
28.5
25.5
22
18
15
13.5
12
13.5
12.5
13.5
16.5
15
18.5
24.5
24
22.5
26
26
20.5
21
21.5
23
25.5
30
27.5
24.5
25.5
28
26.5
22.5
29
30
34.5
34
34
30.5
28
27
30.5
29.5
27
29.5
29.5
29.5
26.5
28.5
31
31
32.5
30
26.5
24.5
22.5
17.5
15
13
15
14
15
14
16.5
15
19
20.5
22
19.5
22.5
22
20
22
23.5
25
24.5
23
21.5
22.5
25
25.5
24.5
26
22
22
25
29
27
30
23.5
24
23.5
26
26
23
22
18.5
17.5
19.5
16.5
15
16.5
20.5
23
21.5
22.5
22
22.5
20.5
19
20.5
21.5
19.5
16
18.5
20.5
21.5
21
24
27
27.5
25.5
21.5
22.5
26
24.5
24
26.5
24.5
18.5
18.5
18.5
17
16.5
20.5
20
20
19.5
17
14.5
21
20.5
20
16.5
12.5
12.5
13
14.5
12.5
7.5
9
5.5
5
5.5
7.5
8.5
8.5
13
14.5
17
17
17.5
13.5
6
7.5
9
8.5
8
6
4
4
6.5
8
10
17.5
19.5
21.5
19
20
16.5
15
16.5
17
17.5
12.5
9.5
6
7.5
11
6.5
8.5
7.5
4.5
7
4.5
4.5
3
10
11.5
12
13.5
14
16.5
22
18
20
20
15.5
12.5
9.5
13
12
12
9.5
9
10.5
9.5
7
10
15
14
12.5
20
24.5
25
27.5
22.5
23.5
18
16
22
23
21
22
21
19
20.5
19.5
16
18.5
21
18
11.5
10.5
9.5
7.5
8
9
11
11.5
11.5
13
17.5
21
18.5
20
23.5
21
24
24.5
26
26
23
21.5
23.5
20.5
17.5
14.5
13.5
13
10
9
8.5
7.5
7
6
7
9.5
10.5
12
12
10.5
9
8.5
7.5
8
5
3.5
5
7
8
6.5
6
5.5
7.5
10
10
11
12.5
13.5
15.5
16.5
17.5
17.5
15.5
15.5
16.5
14.5
16.5
18.5
18.5
20.5
21
16.5
13
9.5
13
14
11.5
12.5
8
6.5
10
9
12.5
15.5
13
12.5
10
13
9.5
12
6.5
14
16.5
18.5
16
16.5
16.5
19
15.5
12.5
10
8.5
6
8
8.5
9
9
11
11.5
13
14
17.5
17.5
17.5
20
22
20.5
20.5
21.5
20
19
17
18.5
19.5
20.5
20
19.5
16
15.5
15.5
17
20
21
25.5
22.5
18
12
5
7
9
11.5
13
8
0.5
2.5
5.5
11.5
9
7
9.5
8.5
10
13
13.5
14.5
17
19
20.5
20
22
26.5
27
26.5
26
27.5
28
27
27.5
22.5
24.5
22.5
18
19.5
17.5
15.5
14.5
13.5
12.5
13
17
12
13
14
18
23.5
21
19.5
17
16.5
11.5
16.5
22.5
22.5
29.5
28.5
27.5
27.5
25.5
22
22
22.5
16.5
14.5
12.5
13.5
15.5
16
19.5
23
24
24
23
21
23.5
24
22.5
23
24
25
20.5
24
20
12.5
11
7.5
10
11.5
10
8
9
8
5
2.5
0.5
2.5
5.5
8
6
5
3
2
6
4
6
6.5
7
9
8.5
7
7
7.5
7.5
7.5
5
6
5.5
6
7
9
7.5
8
7
5
5
4.5
6.5
10.5
8.5
7.5
7.5
9
10
9.5
12
11.5
13
14
10
11.5
9
8
11.5
8
9.5
3.5
2.5
0.5
1
4
9
9
8.5
6
3
4
8.5
6.5
7
8
9
10
10
10.5
9.5
11
12
10
9
7
5.5
8.5
9
7
8
7
10
12
11.5
10.5
13
16
16
12
8
6.5
5.5
4
4.5
2.5
1.5
3
2
0.5
1
0.5
2
1
1.5
1
3.5
8
13
12
13
13
11.5
12
15
21.5
24
25.5
20
19.5
17.5
17
13.5
11
10.5
11.5
14.5
14
16
11.5
14.5
11.5
12
9
6
7.5
5
10.5
10.5
8
6
5.5
4
3.5
7.5
9.5
13
11
12
11.5
10
7.5
8.5
7
8.5
14
15.5
15.5
16.5
18
24.5
27
27.5
28
26.5
28.5
29
31
31
31.5
31.5
31.5
33.5
33.5
32.5
31
31.5
35
33.5
26
24
22.5
20.5
22.5
21
18.5
21.5
23.5
22.5
21.5
22
25
25
24
24.5
24
24
22
22
18.5
18
19.5
21
22
21
21
17
16.5
13
11.5
11
11.5
10
10
8.5
5.5
4
5
7
5.5
8
8.5
10.5
14.5
15
13.5
13
14
13.5
16
15.5
15.5
16.5
17.5
21
20.5
17.5
18.5
13
13.5
15.5
13
13
14
13
9.5
6.5
11
4.5
4.5
7.5
7.5
7.5
7.5
9
9.5
8.5
6.5
5
4
3.5
4.5
5.5
7
9.5
10
9
8.5
8
7.5
5
6
5.5
6
5.5
5
6
5.5
4
2
2
2.5
2.5
5
7
10
10.5
11
12
11.5
9.5
9
8
7
7.5
8
7
7.5
7.5
9.5
9.5
11.5
9
7
7.5
5.5
8.5
7.5
7.5
8
8.5
12.5
14
15
12.5
14.5
12
12.5
15.5
17
18
21
20.5
22
21.5
25
24.5
22.5
22
19
21
28.5
23
18
17.5
18
17
23.5
10
8
6
6
3.5
3.5
11
5
15.5
9.5
13.5
13.5
9
6
6.5
2
7.5
7
7.5
3.5
3
3
5
6
3
5.5
8.5
10
10
6.5
4
5
9
7.5
9.5
12
12.5
12.5
15.5
16.5
16
16.5
16
18.5
15
18
17.5
18
16.5
19
26
25.5
28
30
30.5
31.5
34
31.5
28
24.5
23
22
18.5
15
14.5
13
11
9.5
11
7.5
6
3
7.5
10.5
13
13
15.5
17
15
13
12.5
7
7.5
5
9.5
7.5
6
6
5
4
6.5
7
7
6.5
9
13.5
13
10.5
7
11.5
10
10.5
8.5
8
8
11.5
12
11
8
13
10
11.5
10
9.5
8.5
6
4
6.5
6.5
5.5
5
10
9
10.5
6
6.5
3
4
7
8
8.5
9.5
8.5
10
12
13
14
16
17.5
17
14.5
12
12
13
11
11.5
11
9
9.5
9
11.5
14
12
6.5
4.5
5.5
4.5
4.5
1.5
1.5
2.5
2.5
3.5
4
4
4
4
3.5
5
6
9.5
5
5.5
8.5
8.5
8.5
11
11.5
7
4.5
4
1.5
2.5
7.5
6.5
2
1
3.5
8
8
11.5
11
15
19
10
9
11
13
3.5
11
7.5
14
12.5
10
14.5
14
16.5
15
13
13.5
15
13.5
18
21
28
27
24
21.5
22
13
4
5
3.5
11
6
5
1.5
1.5
1
4
2
7
12
21
22
19
12
14
22
25.5
24
28
26.5
26.5
26.5
31
30.5
25
22
27.5
21.5
20
17
19
24.5
27.5
24.5
28.5
30
20.5
19
18.5
22
26
23.5
27
26
28
28
27.5
27.5
28.5
27.5
28
28
27
27
28
25.5
25.5
25
22
20
17.5
15.5
20
21.5
19.5
18.5
19.5
19.5
20.5
20.5
18
17.5
18.5
17.5
17
16.5
15.5
14
13.5
16.5
16
12
12
9
7
7
5.5
4
3.5
4.5
2
1
0.5
0
1.5
1.5
2
4.5
3
2
3.5
5.5
6
3.5
2.5
1.5
2
2
1.5
1.5
2.5
3.5
5
6.5
9
9
10.5
9
7.5
5.5
6
3.5
3.5
6
9
4.5
8.5
8
10.5
9.5
10
8.5
7.5
7.5
6.5
6.5
7
8.5
6
6
5.5
5.5
6
4.5
4
2.5
2.5
6.5
4.5
3.5
2.5
1.5
4
3
6
6.5
7.5
7.5
8
11
11
10.5
12
13
12
12.5
13.5
13
10.5
14.5
11
4.5
2
3
0.5
0.5
1
2.5