118.244
118.285
118.408
118.364
117.774
117.991
118.254
118.294
117.935
117.704
117.819
118.048
117.544
117.979
117.918
118.046
118.174
118.112
118.083
117.725
117.994
118.61
117.552
118.251
118.13
118.212
118.068
117.716
118.047
117.936
118.281
118.029
118.562
117.893
118.379
118.662
117.933
117.628
118.444
118.366
118.525
118.617
118.245
117.936
118.496
118.038
117.615
118.267
117.736
118.179
117.958
118.013
117.918
118.019
118.189
117.759
118.775
117.949
118.308
117.682
117.608
117.697
118.524
117.519
117.861
118.254
118.128
117.945
117.922
117.848
116.662
117.41
118.447
118.121
118.023
118.579
118.522
117.827
119.94
119.695
121.099
123.802
123.668
120.429
111.439
105.641
104.935
105.182
102.108
99.0195
97.2782
96.9678
95.5722
93.2553
94.7315
96.3105
95.3288
93.1903
92.7385
92.9473
92.7147
91.2643
102.044
98.8635
97.7687
100.921
100.812
101.484
93.3037
98.6154
100.897
95.0787
94.486
97.7924
101.397
105.702
107.567
110.018
111.201
112.361
112.994
115.556
115.894
115.345
114.727
112.001
108.413
104.053
102.445
98.56
95.2367
94.0153
90.9242
88.8911
89.4832
93.4098
90.441
90.1418
94.1824
90.8985
90.7582
92.0322
97.6654
97.3047
93.3315
95.4627
96.5051
94.3757
101.539
103.53
104.539
107.067
108.269
108.575
109.783
109.686
110.213
111.367
112.467
113.765
113.435
111.057
108.181
106.299
105.159
103.801
100.645
97.3944
93.7787
90.8805
88.1619
85.9616
84.6512
84.0778
85.3831
80.8203
79.6992
79.2945
80.0472
78.2689
79.481
78.5506
79.4914
80.6993
79.5201
80.4095
83.0628
80.6938
80.8829
85.6049
82.1696
81.2317
79.7352
84.9534
85.2944
80.789
79.8933
81.115
76.3579
75.718
76.0801
78.2545
81.2699
83.5892
84.0489
88.8122
88.0267
86.1961
85.2232
84.9
87.4818
86.7902
85.2097
84.7696
81.7779
81.4824
87.6516
86.2286
86.2963
92.2088
90.4241
88.9091
83.584
91.6071
95.2277
88.936
81.9851
82.4075
77.2883
76.2594
78.5312
77.3866
81.0746
80.8297
85.7451
89.6191
92.1271
95.6402
94.8879
92.7326
90.7769
87.7684
87.3755
85.6632
87.2546
87.3527
87.4696
85.7115
82.8418
80.0091
78.9272
78.7769
83.7092
80.9127
82.675
83.7722
84.7179
84.4107
84.4939
84.8631
84.0196
84.5482
85.2819
83.9047
83.793
83.2585
83.8758
83.5842
83.4668
82.9905
83.0581
83.1018
83.5807
83.5532
83.0731
83.1439
82.9928
83.3544
83.5615
83.3088
82.9355
83.1204
83.2216
82.976
83.3374
83.154
83.1713
83.0254
83.2383
83.7509
82.6353
83.235
83.3606
83.1931
82.9304
83.0711
83.1773
83.3088
82.6512
82.9125
83.3895
83.2206
84.116
83.4026
83.0628
83.1096
83.0524
83.6726
83.0537
83.1304
83.5225
83.2234
83.2108
83.1442
83.1104
82.4426
82.8926
86.9407
81.2905
82.9243
88.7074
80.878
83.0766
80.7038
83.0731
83.6961
84.6434
83.9398
92.624
84.9155
82.1924
82.0185
83.1614
82.9202
82.1446
82.4535
83.5364
83.1534
82.6479
83.0279
82.9884
82.8186
82.7874
83.0952
83.7911
83.3252
82.6381
82.8219
83.0039
83.1022
83.5835
83.4564
83.1076
82.1221
82.3205
82.7953
83.9428
82.2698
82.5434
82.0561
82.1693
83.2643
83.225
82.8483
82.8945
82.7472
82.559
82.8473
82.9552
83.202
82.422
83.151
82.7899
83.0506
83.3781
82.0146
82.5806
82.875
82.0828
83.0533
82.6719
82.3849
82.6316
83.3416
83.1122
82.8707
82.8381
83.3488
83.0326
83.376
83.0351
82.729
82.6628
82.9849
82.311
82.5499
82.5112
82.7623
82.9768
83.0619
82.3293
82.5846
82.3093
82.2488
82.4222
82.3012
82.2259
82.6581
82.793
82.6615
82.6978
82.86
82.893
82.6808
82.4071
81.6096
82.6276
84.0978
83.8389
84.427
81.1527
79.3436
77.9639
75.5118
75.8078
73.9142
72.4618
82.8568
85.0537
85.7879
84.3482
86.0877
84.8059
78.0865
76.5226
79.6074
79.3433
81.0835
81.1389
81.6045
80.605
80.6274
78.0325
78.5255
85.8796
80.9086
80.389
90.3372
82.2987
82.6104
83.7982
83.5307
84.3452
84.4395
83.978
83.9238
83.2244
83.4099
83.9947
85.1334
84.3928
84.446
87.3419
84.3526
84.9065
84.0007
85.2953
85.1979
85.172
86.3433
85.7493
86.7715
88.6496
89.1829
87.8165
87.9653
86.483
86.0445
86.751
86.9002
94.9974
85.3132
85.3248
85.7955
84.361
82.9051
82.7443
83.0409
82.7634
91.5254
82.2909
81.5247
82.3454
81.7894
82.6566
82.8422
82.7875
82.494
86.7054
82.8383
83.2146
87.7705
84.2491
84.632
84.8057
84.7867
85.0303
84.035
83.4399
83.4775
83.3603
83.5242
83.4721
83.9044
84.0451
84.8507
91.0836
85.9648
86.9606
94.5692
86.3887
87.0244
87.6012
87.8037
88.2874
89.2321
89.6198
89.9563
92.2328
88.5517
88.6778
91.9371
89.3913
89.6955
93.591
91.299
91.7825
91.5669
92.1773
92.9353
93.6985
92.2654
92.489
94.3212
93.9232
94.0234
94.9761
92.9642
93.2471
95.0815
93.2766
93.8947
96.5346
93.6894
93.4062
95.7594
93.3068
93.9828
94.5412
94.0341
94.0082
92.8729
92.5333
92.1311
91.8558
91.8319
91.7039
90.9933
91.009
90.4574
90.7361
90.8563
91.1049
91.7347
92.0567
92.2313
92.7242
93.163
92.6608
91.9273
91.5286
92.2801
92.0338
90.7732
91.0243
91.3123
92.4462
93.3245
93.8141
93.9575
93.8049
93.859
94.2848
94.1741
94.4047
94.2004
95.332
95.3002
95.0351
95.5475
95.3972
95.6386
96.1689
96.7148
97.4774
97.261
98.0838
98.3094
98.8933
99.3333
99.7109
100.747
101.036
101.237
100.966
100.957
100.321
100.259
100.478
99.5392
99.4017
98.6855
99.1428
99.2873
99.7197
99.539
99.7771
99.6594
100.664
100.746
100.596
101.09
101.511
101.933
102.239
102.389
101.984
101.384
101.22
101.271
101.042
100.338
100.249
100.095
100.15
100.443
100.37
100.897
99.9543
99.5714
99.3534
98.9553
97.6199
98.1609
97.1179
97.5009
96.5779
96.1461
96.1458
95.7574
95.2669
94.025
94.7221
96.1147
95.8033
96.0097
96.5017
97.4062
97.5313
97.1404
97.2122
96.7118
98.0487
97.9872
98.8716
99.983
99.5863
98.9603
98.4066
97.2525
97.5505
97.1643
97.537
98.0496
98.3965
98.6111
98.5132
100.911
101.194
101.366
100.834
99.6314
98.9155
97.129
97.6281
97.2245
99.7313
99.3792
99.7705
96.2278
95.9326
96.915
97.5832
98.5182
98.0426
97.2688
96.4043
95.3627
94.5945
93.1484
92.0974
91.5127
91.0771
90.7337
90.1162
89.5026
90.1051
89.4148
89.6887
90.165
90.068
90.2205
90.1931
90.5242
91.1192
90.4681
89.5074
89.1952
88.6048
87.8399
88.0458
89.0602
88.9033
89.6934
89.1318
89.4872
90.0578
90.4211
90.2972
90.942
90.7902
90.9589
91.0746
90.5848
89.6569
89.4972
88.6577
90.4248
90.1608
90.1216
90.8428
89.2794
89.2871
90.0315
89.9537
89.8805
89.2952
90.9507
91.2372
91.7887
90.1373
90.377
90.6512
90.9338
90.7301
91.1337
91.1142
91.0746
91.3623
91.252
90.8403
91.4757
93.0499
93.6029
94.1421
94.9005
96.4247
95.3085
95.1173
95.6839
95.9473
94.6844
94.6886
94.1799
93.5664
91.2747
90.9713
89.8869
89.0453
87.8397
86.7166
85.679
85.6227
85.5716
85.32
85.3825
85.2596
84.7166
84.8645
85.4546
86.0097
86.6935
86.4999
86.6725
86.4445
86.5034
86.6506
86.9149
85.8005
85.3732
85.975
86.0494
86.4114
87.477
86.7646
87.0689
85.5044
84.9123
84.361
83.1691
83.0706
82.3043
80.7653
80.7711
80.404
79.8486
78.5535
78.4945
77.3542
76.7198
76.0775
76.9159
77.0279
76.8508
77.0206
76.6688
76.8904
77.5393
77.3374
77.4911
77.4818
78.3284
78.5198
78.2307
78.7834
78.7459
79.4131
81.5099
82.0516
84.0969
86.0172
87.4463
88.0866
89.0153
89.3246
89.987
89.7316
89.9053
90.3936
91.744
91.1467
90.5489
90.9977
90.7484
92.5678
91.6276
92.7193
92.9873
93.1888
92.7629
92.7384
91.7917
91.0509
90.296
89.8883
89.4306
89.5891
90.139
90.0733
91.1945
91.2697
91.1956
90.7209
89.8645
91.3733
90.339
89.8512
90.0886
89.9114
89.5686
89.24
89.7968
88.7991
89.374
87.9441
87.1235
86.7894
86.4431
85.7806
88.4211
90.2949
94.7401
95.0825
98.654
98.8501
100.014
100.331
101.414
101.809
101.196
98.8055
98.7285
100.169
99.6858
100.429
101.732
100.426
100.617
100.642
100.098
99.9778
102.949
98.9278
98.6283
98.0863
97.2466
98.151
98.4396
98.5092
97.4126
98.7585
95.0503
94.7411
103.935
116.639
116.815
96.2652
95.9109
94.4895
102.978
93.3647
92.8611
105.41
92.4602
90.8926
90.2106
88.7857
88.54
98.1811
87.5864
88.0253
91.3381
92.1796
92.2799
92.7228
88.3596
89.8976
90.4793
90.7511
91.373
95.1892
92.8829
92.5964
100.54
93.7167
94.1362
120.079
93.3759
94.7207
113.486
96.9407
97.3958
95.8548
95.298
95.2157
94.1268
94.293
92.4157
91.7971
92.6626
94.1277
93.9067
92.6554
92.9081
93.6049
92.2678
91.3312
90.3168
89.5742
88.6606
88.6857
89.6281
89.6692
90.4965
91.468
92.3826
90.8777
91.7119
90.9122
91.2016
90.1623
90.4302
89.2868
89.76
90.1801
90.5772
90.905
91.5637
91.9788
91.8766
91.5826
92.1344
91.8944
91.3291
92.0179
91.8853
92.166
92.1595
92.4051
92.8396
92.728
93.2083
93.2578
93.2818
93.5114
93.7327
93.9537
94.6328
94.1042
94.2359
94.25
93.6857
94.465
93.6611
93.2641
94.2759
93.2094
93.5651
93.5674
93.5364
93.9155
93.8861
93.5405
94.0879
94.637
93.9258
93.9137
94.2872
95.4803
94.1563
94.479
94.0169
95.2425
95.0471
98.2798
99.5819
99.738
100.385
100.121
100.268
98.6108
96.8191
93.7375
92.5689
90.3985
89.5687
89.1252
89.1349
88.5866
88.8302
88.4338
88.5095
88.5657
89.6089
89.1918
89.3443
89.3322
88.7469
87.6474
87.3274
86.4432
84.1196
81.625
79.584
77.2061
74.896
72.4029
71.0479
70.4167
68.3351
66.1995
65.5343
65.0744
63.2431
62.2994
61.2689
61.05
59.9692
59.6713
59.2017
58.5535
58.7043
57.8923
58.4025
57.5525
57.2224
57.6491
56.4481
54.8406
53.786
53.2574
52.577
51.2072
50.8897
50.3208
49.7912
48.8426
48.8277
51.1762
55.9823
60.3781
66.1275
68.4365
68.3393
69.7687
72.4139
71.5873
72.4368
74.2416
73.7768
74.7769
73.2391
73.8801
76.9514
78.4282
78.4755
79.2855
78.1283
79.5026
78.3232
79.1428
79.2333
80.8292
80.6448
81.5464
81.5839
82.9858
83.0696
83.4534
85.4611
84.6868
82.7636
85.178
83.5401
84.7475
81.7259
81.0197
80.6505
79.6314
77.6685
79.7399
82.7026
81.6966
82.3264
83.279
84.0157
81.3556
82.4362
80.7374
77.1456
77.0093
75.5518
75.6325
75.4544
76.8312
75.4734
75.837
77.2313
78.046
80.0203
78.8564
79.259
77.1929
76.6438
76.7953
75.8989
74.0659
74.7218
74.8965
74.7383
74.7306
75.6836
75.7461
73.9508
73.3758
74.0499
73.6974
72.8737
72.4149
72.6604
72.1971
71.371
73.1616
73.8073
74.1081
72.3549
71.8392
70.8737
70.7614
71.4075
70.7592
70.927
71.112
69.8505
70.6056
69.0701
68.6173
67.9603
70.029
66.2901
67.86
66.7898
66.0845
66.8912
67.9898
68.4728
70.6718
73.6101
77.4581
77.2656
76.2325
74.3547
74.5507
70.5096
71.315
70.1553
69.6197
69.6592
67.8318
61.9333
55.4736
52.6957
51.0335
53.4593
48.4019
48.1764
47.5805
50.1231
50.3883
48.7365
47.9696
50.5307
54.1621
56.0233
57.7726
58.9938
59.5713
59.6926
59.9054
58.4032
59.2504
58.1226
57.7968
57.1514
56.4496
55.6035
54.3215
53.9128
52.7932
52.4662
52.1755
51.885
50.6426
51.8213
50.6593
50.9425
49.4911
49.9626
49.0742
48.8958
49.4124
49.9332
49.9397
50.2734
50.3127
50.9812
50.8208
50.2495
50.0046
49.9412
50.0352
50.2589
50.2852
49.9029
51.3104
51.2362
51.6938
51.8794
51.8558
51.9271
51.9528
52.4814
52.9261
52.1542
52.5723
52.8089
52.9341
52.6234
52.5142
52.8206
53.0871
53.6126
53.0476
54.1909
53.8228
52.6475
53.9046
53.2171
53.8132
53.5453
53.6162
53.8055
52.6017
51.9288
52.8247
51.4809
50.5195
51.1013
52.0604
51.304
50.7239
51.3573
51.1298
51.5178
54.8477
53.7562
53.6707
54.3448
55.2092
54.3369
55.0648
54.5784
54.4958
54.2573
53.7497
53.6566
54.3225
53.7813
53.2229
54.4228
54.233
55.1932
55.9948
55.3921
55.8291
56.6885
57.0479
57.9928
58.159
57.7694
57.2484
56.1123
55.778
56.0096
55.8308
54.6526
55.4206
54.5766
54.2127
54.0602
53.8487
54.9988
55.3823
55.6531
56.7629
56.1353
56.5498
57.0691
55.4827
56.6532
56.4342
57.3263
57.4516
58.2453
58.3489
58.9821
59.9099
59.3827
60.2513
60.5426
61.7191
61.2898
62.1689
62.9038
62.9255
64.1678
64.1811
65.0583
65.6344
65.4583
65.3788
65.0888
64.0513
61.9734
61.7613
61.7642
61.6722
63.2395
62.8037
64.0285
63.9866
64.5422
64.8304
67.2643
65.0075
66.9185
68.7081
68.9543
67.9829
68.9015
69.7401
69.3818
67.6145
69.4754
70.2087
69.4374
71.1055
69.7387
69.9976
71.2236
71.2556
71.2134
71.0046
71.176
71.0803
71.2251
71.7382
70.5525
70.6454
70.8929
70.3329
71.5618
70.9089
68.9675
70.2918
69.2666
71.3177
70.9617
71.6455
71.3051
71.728
70.3929
70.6534
70.2657
70.4518
69.8284
69.9528
69.8703
69.3624
69.6609
68.6446
69.9547
69.7378
70.3544
71.9095
71.3118
72.5485
72.4485
72.1967
71.5724
72.2729
71.7084
71.4591
71.3623
71.1716
71.3184
70.2959
69.8409
70.2956
69.458
69.1308
69.1566
68.7306
69.2217
67.5127
69.2687
69.2451
70.0725
69.5253
69.2778
67.9157
66.9703
67.6085
66.7141
66.1443
66.4102
65.8221
65.4463
65.369
65.141
64.6349
63.7721
64.2718
64.1924
64.1739
63.8039
63.2579
61.6932
60.9853
59.6653
58.9581
58.1177
58.2644
57.6405
58.581
59.3364
59.1965
59.6105
59.3229
60.2265
61.2316
60.3343
59.2169
59.3419
59.4205
58.9376
58.0274
58.5302
57.5638
58.8027
59.4866
60.3437
62.046
61.5771
61.8204
61.7911
62.0965
62.088
62.1145
62.0529
62.391
62.3461
62.8812
62.3919
62.7337
63.0474
63.4134
62.798
64.2406
63.1047
63.2899
63.2368
63.3151
62.4076
62.2319
61.8374
61.5055
60.7392
61.0356
60.92
59.1311
58.3195
56.4931
56.3618
56.8935
56.2397
57.0253
57.5843
57.6899
59.2051
59.7372
59.5165
59.442
59.3173
60.0357
60.7848
60.7227
60.8079
61.6464
62.8228
63.7894
64.4249
65.0923
66.5985
67.8882
69.4141
69.3965
70.1997
72.3508
74.6444
75.9702
77.6429
79.7556
80.3463
80.61
81.4473
82.6698
82.2812
84.3746
86.0077
88.4766
91.1737
93.5467
95.4998
95.6713
96.3287
96.6262
95.3478
96.2692
97.0418
97.8523
98.7578
96.8341
97.1999
97.6333
99.5899
99.0917
98.6599
100.06
99.9505
100.184
99.4429
97.8357
97.5813
98.3881
98.076
97.6937
96.8813
95.7335
94.9337
93.4336
91.9151
91.5186
90.8467
90.6197
89.4768
106.313
107.479
88.5224
101.587
101.82
94.4868
100.509
99.1182
103.098
109.197
111.071
95.5298
95.8691
95.9865
95.2071
93.2641
91.8518
90.0492
89.0737
88.0978
87.6668
89.3013
90.4147
89.121
88.6214
86.023
83.757
97.3234
96.5079
83.8227
96.4142
96.5847
85.2793
94.0734
93.4043
88.2582
86.5617
86.4234
88.6962
83.9437
83.2334
86.9669
85.8858
85.6029
87.9257
86.5106
87.0498
86.0008
85.2101
85.2132
86.2415
88.275
86.7791
84.7001
84.4616
84.6217
84.5224
84.6763
84.0129
83.4135
85.6576
87.0248
86.435
88.4169
88.4421
87.9553
87.3489
85.2817
84.5324
83.9824
84.1881
83.3165
82.0894
81.3827
81.1562
80.6602
80.561
79.1133
77.1584
75.8579
75.9409
75.4934
76.5395
76.8985
79.0002
80.7656
80.5858
79.4571
77.6305
77.4093
76.183
76.4514
77.3803
76.8479
76.6406
77.2702
77.4697
77.939
78.2979
78.2665
78.6257
78.568
78.7288
79.73
80.1248
80.5399
81.0854
81.5096
81.4174
80.7107
80.5316
79.4905
79.0453
79.4298
79.5906
79.742
80.6591
81.7283
81.1964
80.8865
80.9645
79.9344
81.1523
81.2865
81.6054
82.4065
82.1918
81.9216
82.0171
81.7138
81.6
82.3098
83.4335
83.1898
83.2246
83.9228
84.3354
84.6106
84.3152
83.5389
83.5941
83.8126
84.2097
86.0752
87.3665
88.5227
88.554
88.5541
89.2139
89.9063
89.3749
89.6765
90.5618
90.3101
89.7554
90.4431
90.312
89.2095
89.514
88.4052
89.0405
89.3417
89.3331
89.9159
90.4397
90.7365
89.9539
88.4184
87.9372
86.9021
85.4569
85.455
85.9301
85.6749
88.7162
89.4071
89.0893
89.538
90.1215
85.8862
87.7029
88.3341
88.9669
89.4342
90.5559
90.7243
91.8828
92.1156
92.1002
92.4735
93.1124
92.5879
91.9475
91.6231
90.9456
91.6302
91.1556
90.3384
90.4056
90.0215
89.7981
89.2784
90.0266
90.1805
90.4916
91.5595
90.9665
91.4842
90.8999
90.7926
90.8317
90.4824
89.7964
88.7383
88.5218
87.8719
87.6845
87.4253
87.5964
88.6442
88.0256
87.6578
87.9785
88.9724
88.7903
88.8142
89.1364
89.5256
88.7006
88.0634
86.7676
86.4157
86.0335
86.1591
85.0469
84.7851
84.2282
83.8321
84.1813
85.5421
86.5021
86.0637
85.6579
85.4376
84.817
85.1422
84.4239
85.1364
85.1127
85.5182
85.2576
85.3232
86.4057
85.8845
86.6487
86.0672
85.8411
86.3288
86.9667
86.9965
87.4335
87.5339
87.5435
87.4717
86.4344
86.9536
86.0355
86.1891
86.1347
85.8974
86.2591
86.9653
86.9
87.2366
86.3931
86.4133
85.9493
87.1668
87.2918
87.3142
88.0145
87.1104
87.1064
85.4769
83.9429
83.4272
82.6855
82.3715
81.2039
80.9438
81.3466
81.6493
81.094
80.691
81.1104
80.9589
79.5088
78.309
78.0302
77.7547
76.9077
77.5816
77.1113
76.2522
76.8294
75.5586
74.5603
74.9281
72.5889
75.3178
75.4423
76.4615
75.2
76.4539
84.5873
76.5619
75.8453
84.6693
76.2852
77.1865
85.7489
81.182
81.2091
77.3925
77.3335
76.5902
76.5106
81.8315
82.1778
77.7309
78.6661
79.6958
79.9215
80.6857
81.2455
81.2767
80.5625
81.194
81.2501
82.5075
84.7531
84.3665
83.5336
84.4949
83.183
82.9336
83.1699
82.1615
82.5599
82.1564
81.4992
83.7892
83.588
84.3446
83.5687
83.142
82.7113
82.2558
82.0322
82.4955
82.7584
82.8921
85.5184
83.2617
83.7251
84.8952
85.9091
87.1758
87.3382
87.4797
88.219
87.8742
88.6072
88.7353
88.5493
88.686
88.4171
85.2685
88.3284
88.0445
85.6171
85.5881
86.5527
86.9158
85.0239
84.7217
88.9508
84.6458
85.3217
93.9246
85.4605
85.0924
94.7583
88.001
88.3555
94.2952
89.3829
90.591
91.0529
91.0487
90.4722
91.2337
91.1905
91.0774
90.698
91.5181
91.194
90.6458
91.2228
90.8594
90.9104
90.3366
90.3578
89.9878
90.1137
89.7825
90.6571
89.9743
89.8026
90.3653
89.5595
89.7022
88.803
88.5317
87.8281
87.9434
87.224
87.3228
86.8542
86.8495
86.8499
86.9147
86.4782
85.4658
85.5427
85.9311
85.3772
84.7167
84.615
84.4993
84.5793
83.9865
84.7032
84.4035
84.3196
84.7587
85.6314
85.6693
86.6302
86.77
86.5837
87.1099
85.8685
85.4424
84.8002
84.3976
84.527
83.3435
82.5821
82.6981
82.7572
82.5769
82.0634
82.8329
82.5036
83.198
83.704
84.1738
84.8598
85.3383
84.7804
85.1067
84.976
85.0945
85.337
85.1318
85.267
84.7673
84.012
83.6574
83.9154
83.4396
83.3212
83.9629
83.5788
84.2362
83.7915
83.8219
83.5394
82.915
83.0121
82.2371
81.486
82.1517
82.7048
82.1548
81.2358
79.9573
79.8593
78.2901
78.1693
78.2738
78.1924
79.0166
79.4062
79.1641
80.0814
79.4997
79.9529
79.4697
79.0357
78.8707
78.6621
78.1622
78.1961
77.4945
77.259
77.3138
77.6615
77.6634
77.3999
77.4765
77.9127
78.0752
77.721
78.2151
78.0614
77.0802
77.1683
76.4431
75.792
75.2999
74.9143
75.291
75.6319
75.2992
75.5568
75.6694
76.588
76.7405
76.7157
76.4274
77.1732
77.2142
76.9807
78.0243
77.5922
78.1481
78.8073
78.5809
79.13
78.804
78.6536
78.7473
79.2356
79.1923
80.0485
81.4563
81.3283
81.8159
83.3557
91.0891
93.3491
84.6465
90.8016
87.9653
83.6233
96.8709
97.7455
85.0393
90.4635
91.3463
87.7794
88.6412
86.7674
85.2465
85.724
86.9383
86.894
88.6181
88.9032
89.4811
94.5675
97.0119
97.1985
96.6218
96.8017
97.5631
97.9124
96.9714
99.0311
100.375
100.143
96.8817
97.074
100.734
100.141
102.263
99.3014
97.7638
91.7317
94.1419
93.5012
90.5762
92.0371
99.227
107.858
112.575
116.761
124.212
122.264
111.065
100.647
96.7205
109.367
118.147
128.992
135.831
113.484
117.615
116.146
116.58
115.736
106.15
105.95
106.138
105.986
107.146
105.836
107.669
106.179
105.692
105.722
106.581
105.891
105.925