88.2292
88.6584
82.5549
84.4087
83.7283
86.9425
85.6474
85.8891
86.4683
85.3421
87.2801
85.7055
89.4647
88.8718
84.184
85.0425
83.529
84.3682
81.8625
80.3464
85.0315
89.7943
88.5448
89.884
83.3247
84.1273
85.7182
88.4797
88.5268
85.6543
88.1401
88.1388
88.6879
86.048
85.6661
85.9789
86.1195
86.2713
84.5947
85.6873
85.6248
86.5329
86.835
87.1633
88.4408
84.998
83.8674
83.3087
85.4499
86.0557
85.3584
85.6957
86.5362
86.0529
84.9253
85.7487
88.8694
88.3801
87.9368
85.1711
85.0434
85.0674
87.2438
87.3196
87.6838
86.8665
87.2299
86.892
87.7245
88.4257
89.3449
89.9729
89.5487
88.2159
85.6272
83.0847
83.9508
76.7465
73.5002
69.467
107.303
62.6094
62.1009
62.9093
64.9502
64.6169
63.9991
64.0297
63.7271
63.8226
63.7716
63.7363
63.4815
63.9938
63.3644
63.5005
63.4725
63.4938
62.7724
62.6802
62.6108
62.6733
62.1573
62.3288
65.0637
62.4754
62.5031
62.4983
61.0823
61.3807
69.8084
66.2054
66.2431
68.3374
68.1551
67.6792
67.8873
67.7011
67.3599
66.7299
64.1968
63.7671
61.9984
67.7274
66.887
106.194
65.2251
65.6305
82.6992
61.1018
61.2228
59.6877
58.5779
56.2518
61.8645
56.48
56.8184
67.94
58.7525
58.486
72.837
60.5329
60.0543
60.6684
58.4318
58.5873
60.9213
59.8185
59.5179
57.0686
57.8475
57.6492
56.3481
56.2135
55.7444
55.1712
56.6667
57.7201
56.6501
58.2391
59.8763
61.1785
66.4334
67.1672
67.3181
66.7821
66.4364
65.7876
65.5411
65.1606
60.4885
60.203
59.7451
58.9805
61.3983
60.4736
54.3206
53.7761
53.8961
53.7233
57.046
56.9987
57.1887
55.1414
54.1313
54.0308
54.291
53.6303
53.0041
51.4
51.7124
51.3041
49.9854
48.8339
48.5561
50.3049
50.7277
51.6923
58.9445
60.3395
61.5726
69.5245
70.9062
60.0864
66.1028
65.7954
61.2887
61.583
61.8931
61.5584
64.7993
63.4169
60.5062
60.656
60.1744
59.4358
60.0315
59.6102
59.6246
60.6027
61.9274
61.1042
64.7624
65.2731
72.0414
74.7168
75.8425
70.3295
72.3828
72.8428
70.8529
70.4176
70.362
69.4542
69.3433
69.0262
67.7799
67.6814
67.3047
62.3225
66.3018
66.1302
66.2687
66.2166
67.227
67.7053
69.3501
67.8485
67.9837
68.5434
67.2096
65.5285
64.0303
61.7896
61.3322
60.383
59.2582
57.2485
56.9177
55.1058
62.2135
57.3006
56.2903
60.2843
62.7127
63.8886
65.9186
60.8263
61.6134
60.831
63.4409
68.1094
72.0905
76.1415
74.2079
71.1675
65.2426
58.8591
57.4847
54.3765
53.876
52.3945
52.4221
52.7379
54.3379
56.0428
58.3736
64.3162
58.6554
60.842
72.1234
65.5426
66.0696
60.9091
66.7371
67.0397
66.0752
65.9649
67.568
66.8839
65.4329
62.3607
61.655
60.4251
58.1918
57.765
55.0849
54.7545
54.1422
87.2117
87.4261
52.8472
82.4389
81.6182
51.0021
66.2671
66.4936
72.3802
55.7469
55.5584
55.4359
55.6348
56.0538
56.3988
60.6862
61.5954
55.2913
69.7419
70.4438
70.0948
73.5536
72.8721
72.7215
72.1832
72.4806
63.0522
64.7685
64.3203
64.4227
64.0153
66.1709
66.8315
67.7286
68.494
63.6237
63.907
64.7323
65.0782
65.275
64.9641
63.4726
63.3846
63.4042
64.9154
67.1733
67.9226
71.3669
69.9221
68.9496
67.9518
79.3946
77.9047
78.848
66.4372
66.9106
66.7952
68.1308
67.1378
66.222
65.3504
64.3717
63.4047
62.7369
62.1772
63.7885
64.8465
65.1894
65.4024
66.5311
65.8126
64.3281
61.9267
60.3177
62.1652
58.2945
57.6443
57.2401
57.2898
57.1286
56.9022
56.8947
57.2433
57.6428
57.8789
59.0706
58.4562
59.2485
59.0544
59.6022
60.0221
60.6541
61.8348
63.7897
64.7493
67.3854
66.4067
67.1801
68.1722
68.7485
68.0775
68.0647
68.5239
67.248
66.6842
66.8727
65.2324
63.8556
63.8287
63.0964
63.1338
64.0478
63.8134
63.0922
63.242
63.5713
63.6533
63.6873
64.7521
64.0938
65.4523
63.4235
63.1301
62.965
61.7401
62.7488
62.0814
61.0404
60.7528
60.6225
61.4277
61.4714
61.4308
61.1928
61.5673
61.8191
62.072
62.7192
62.344
62.0679
62.553
62.448
62.4007
63.0514
63.8024
63.092
61.9846
63.0321
62.5735
63.0989
63.4443
64.1043
64.822
65.9151
66.4825
64.0721
69.178
67.9584
68.5335
68.8841
69.1682
61.9168
70.6242
68.5939
61.3995
73.6639
72.917
63.1174
72.9737
71.2595
69.5848
69.9186
68.966
69.3317
68.5171
68.1225
65.9885
63.7193
63.1782
63.9592
63.1162
63.8338
65.3865
65.0393
65.2243
65.7009
61.1178
62.2058
64.4552
62.7513
62.8429
61.9956
63.2412
61.7313
61.9373
92.9904
91.5729
97.2599
60.3195
60.8629
61.1755
60.958
62.1295
73.3768
71.4223
70.3763
70.6511
70.6396
71.7425
76.649
58.3851
57.7015
68.3003
55.621
54.996
53.9124
66.3173
65.5543
70.9404
63.2936
62.1332
60.8225
52.0195
54.8245
85.8066
84.505
84.8116
69.0812
65.8029
66.34
66.1239
63.8249
64.7031
65.0293
69.1836
69.8167
75.8825
73.1282
71.8513
70.3824
74.1321
74.2279
71.2661
76.7862
76.372
68.9865
73.6509
72.9599
72.958
70.917
68.8693
106.651
82.2311
82.1
72.5379
81.09
78.8879
86.8223
69.7837
67.8866
67.9285
69.0052
67.0571
74.1735
68.2027
71.6096
74.1351
74.9817
77.4996
77.8642
78.6736
79.9188
80.6493
83.9219
83.6621
84.1618
84.7752
85.0893
84.9443
82.827
82.2008
80.5912
77.4931
76.6757
76.4044
76.2803
75.3926
73.384
72.8376
72.2887
72.7637
72.1542
73.2245
73.394
73.4276
74.2497
75.704
63.5369
64.8908
67.6142
68.927
71.3413
73.759
75.1574
77.6561
78.3772
79.133
80.106
84.3032
81.5227
81.6751
82.2543
80.6342
79.4111
78.8348
78.7631
78.1012
75.6797
75.004
73.136
71.7793
70.7712
69.4155
67.1644
66.1599
65.4286
68.6113
77.3892
76.6167
64.4474
63.4364
63.6296
63.8054
64.3406
64.8802
64.518
64.4664
63.975
63.5837
63.9135
64.4429
64.8183
65.8216
67.1263
65.3124
68.7661
67.2775
72.139
65.3497
63.7799
81.3051
61.9762
60.3311
68.8313
65.7881
68.2396
71.4818
71.8901
75.7378
77.3295
77.6346
77.0124
75.5002
76.0766
75.0633
75.2021
72.8704
73.2361
72.1381
70.8633
69.0573
67.0969
65.5947
64.7743
62.3585
61.5823
61.6037
60.278
60.6896
60.2538
60.3561
60.7185
60.5161
60.4392
60.2599
60.2504
58.9933
59.3882
59.4312
59.5839
62.9821
61.5475
57.9719
59.183
58.9688
57.2634
59.9942
60.383
57.0452
59.2301
59.3566
57.8616
56.6885
56.9871
61.0636
56.9869
57.6764
57.3862
56.0345
56.4245
56.3475
55.3309
55.0425
55.1783
58.4203
57.2045
54.7475
56.4653
58.2566
55.5879
63.6546
66.0687
69.1861
67.8128
69.9048
56.0481
57.9359
57.8908
57.4302
58.0429
57.6905
57.1308
57.4011
56.4217
57.4549
57.3098
56.2051
87.6079
55.0441
55.9234
66.7417
68.0877
69.0132
67.7071
57.7999
58.6539
67.1164
100.729
99.3009
62.4381
57.4153
58.5254
58.9796
56.6855
54.8153
52.2118
55.1498
52.3209
44.9637
45.4148
42.9063
37.8288
39.967
40.5222
40.1772
44.1341
43.5307
42.4458
40.4288
39.3949
45.179
37.2336
39.8624
47.0506
48.0599
46.0538
51.5187
51.2185
51.8735
51.8023
55.688
57.7107
61.583
62.5565
64.3978
50.3396
54.8688
56.417
57.6273
51.5344
51.1314
51.1996
50.5607
50.8434
57.6433
49.2803
49.4415
50.0235
54.8272
54.6733
44.1374
49.0181
49.0136
43.351
48.1281
48.3182
43.0787
54.8896
51.9175
46.6364
55.7084
54.8274
48.3974
52.6002
52.1906
50.2547
54.2529
54.2478
54.0669
53.9642
53.7007
49.6312
50.0826
49.548
48.6005
48.4831
48.4935
52.9847
52.2212
52.068
52.7643
51.3117
52.0096
51.542
50.0597
50.1177
50.004
50.0823
49.3769
52.9553
52.7849
52.2842
52.0869
55.0546
55.3954
56.1024
51.6609
53.3454
56.3809
56.717
49.808
50.0362
50.0521
55.0262
55.0432
51.7025
66.6753
51.7178
53.1698
62.5593
64.2982
52.0742
53.07
54.4122
56.5185
57.109
53.0367
53.2711
53.5061
53.2516
53.6816
54.5373
55.4923
56.7165
58.0544
58.464
59.0249
59.3589
60.8332
61.5838
61.5929
62.0097
61.2613
61.1786
62.1417
62.8475
62.8962
63.2912
63.4275
63.8797
64.0549
63.5833
63.2601
63.1662
62.9408
63.3218
62.3141
61.2717
59.9573
59.1429
58.2622
57.138
56.3926
55.8466
55.4392
55.5939
55.2144
54.9211
54.1309
54.1979
53.769
53.4159
53.338
53.0846
53.516
52.5915
51.5746
53.3734
52.9381
51.6851
54.3608
49.6346
48.5186
49.8598
48.546
48.454
49.5269
47.727
47.8141
48.9935
47.6466
48.3915
49.1985
52.0712
52.6944
51.1746
54.0104
55.2168
56.0558
56.5418
56.3591
56.3464
56.6175
55.9725
58.1652
54.6465
54.4296
57.237
55.022
55.5563
55.4965
57.2761
56.5481
55.2304
57.0242
57.5151
55.2833
55.088
56.0867
56.1922
58.374
58.5516
56.9206
58.1537
58.6795
55.695
59.4909
58.3674
55.2768
59.1129
58.9429
54.7422
55.3189
55.5532
57.5478
57.2748
58.5328
59.4858
59.4601
60.2458
62.3524
63.7241
66.495
69.2888
70.1256
69.6267
83.1913
82.7912
82.4476
93.7157
81.4187
82.3167
93.7654
82.4058
79.7323
89.4716
67.099
68.2059
77.6628
64.0197
63.8298
62.7987
62.1022
60.914
100.143
62.5133
61.5196
76.261
70.5048
72.1852
73.3723
62.974
64.4095
71.9054
62.7807
63.1469
64.5055
65.2559
66.439
67.3208
68.6953
71.0293
73.2349
73.3166
73.0808
76.5121
76.1563
75.7863
75.9996
76.3144
76.6669
76.1331
73.6479
73.0676
72.1112
71.5597
72.3612
73.8957
74.3661
73.7979
71.8658
73.2732
73.8777
74.3488
75.2715
76.6152
77.6283
78.1056
77.1533
77.3671
78.1178
76.7452
77.7262
77.599
76.0132
75.749
76.8425
75.3278
66.8902
68.1372
66.55
66.9153
68.1251
69.6536
74.1848
74.1656
72.1261
71.2686
64.9229
61.5965
63.1579
62.8308
65.7832
72.2098
75.5871
79.7421
81.8722
80.3081
78.8977
73.728
71.9733
72.3903
73.8608
72.7762
70.91
71.4655
68.4421
69.2282
70.6591
70.3618
72.3844
68.0935
68.1308
69.883
72.0919
75.3743
77.1494
76.2206
74.3039
70.519
70.7405
71.1017
70.8331
72.0638
80.2248
80.6248
78.5458
77.5568
78.3039
74.7136
72.6778
71.6971
83.3253
69.9587
74.7338
84.3297
84.769
82.8063
83.9683
82.8214
82.5254
84.3842
81.2099
79.9441
81.5912
83.3541
84.9618
87.5504
88.0782
87.5427
77.1422
76.9817
74.9017
72.3412
72.2815
71.6319
82.6041
83.4867
85.5781
88.1196
87.1805
85.7841
85.8805
82.5504
80.3644
79.4794
81.1104
84.5527
86.2485
88.0377
88.8129
75.3414
73.5822
73.5312
81.6271
83.3019
86.0125
88.4104
89.4307
89.9323
88.7217
88.871
87.3002
81.6983
81.2038
78.7895
80.187
78.8127
78.4401
78.8495
80.1201
79.6741
78.1563
77.2784
78.3809
77.0042
76.5361
75.3467
71.9033
71.5584
72.3322
70.7185
70.7191
68.7431
67.9833
65.1154
64.1681
62.7087
60.2538
59.2824
88.6687
60.7428
61.8879
65.5732
61.4585
61.9549
62.3116
62.1019
62.4561
63.7045
63.4513
62.7182
71.3246
61.3004
60.9079
60.8347
61.7807
63.3498
69.7779
64.2193
63.2748
79.3283
65.2598
64.1104
71.3718
65.7912
65.8864
66.0679
66.7834
65.0393
62.0221
63.3636
61.3827
70.1384
59.507
57.6474
78.6148
59.7309
60.4928
60.9825
59.1143
59.3831
64.2859
56.1932
55.2788
57.9093
58.0293
56.4831
58.9491
56.9073
58.3092
58.6847
58.7062
58.3103
58.4813
58.0954
55.6343
54.4994
52.4754
51.3918
67.6514
53.0828
53.32
54.6997
65.7476
66.4991
58.904
62.2951
64.1595
64.5718
67.6917
70.7157
71.1389
70.754
71.1207
68.9959
70.7966
70.1824
69.6692
70.107
71.2859
71.5716
73.1153
69.7085
66.2037
69.1242
67.2803
63.8416
66.6691
66.5392
65.1919
64.6185
64.0905
66.1815
62.6945
61.6133
64.8749
63.8523
63.9372
64.0058
63.9265
63.3124
62.8143
63.037
62.6317
61.5287
61.9226
61.926
62.2635
61.7493
61.8561
62.4677
61.6043
60.4152
59.6738
60.4416
59.675
58.9481
58.5057
58.1242
57.9682
59.6567
59.0402
58.2282
57.3146
56.7773
56.682
56.9679
56.9869
56.9949
56.8393
56.6328
58.5228
57.5897
57.808
58.1866
58.3851
58.0233
61.1058
58.8363
58.8669
59.0802
58.5926
58.1881
60.1452
62.0374
61.9888
60.7814
61.0637
61.318
61.4416
61.0627
59.937
58.4546
56.2058
55.9529
57.2069
55.4612
56.0519
56.5858
56.1354
56.0927
54.407
55.201
54.6626
53.5886
57.6666
56.7582
53.2697
54.7887
54.4878
54.6236
54.6546
53.6852
53.3773
53.0482
52.5842
52.0373
51.9724
52.0584
51.3383
51.5303
50.4187
49.2974
48.0441
46.6208
46.3731
45.7258
46.1529
49.9693
44.3137
45.5309
53.2402
46.2478
47.6027
52.5575
49.0699
49.1042
48.9611
48.6782
48.6576
48.1097
51.157
52.6909
50.7352
56.502
55.7543
51.9254
52.8563
54.4576
55.7143
56.5661
57.1736
55.5459
62.8259
61.6546
56.9048
63.5918
63.3826
59.3585
64.3476
64.3615
61.1854
66.9735
66.8127
64.0182
65.8089
65.7176
64.996
64.7898
65.3691
69.7905
65.7118
65.6965
62.3907
71.6433
70.0021
61.5748
63.2643
62.4991
61.6495
61.5319
61.4986
61.3348
59.1321
59.2488
59.2141
59.8586
60.1212
60.4569
61.116
61.7222
61.9457
61.6429
61.7531
62.9815
63.2948
63.7027
62.798
67.9067
68.306
61.5756
61.8639
62.1172
62.3776
61.9334
60.4246
59.4013
59.6703
59.1961
55.1202
58.5238
57.7949
57.3585
56.3334
55.3707
54.8983
49.2321
51.1132
51.6
55.5438
55.5745
52.4322
53.206
54.1827
54.1543
54.9166
54.9729
57.6619
58.0118
57.9587
57.6853
57.0341
57.0431
54.8334
55.1689
56.2653
59.405
60.5799
62.197
63.3887
64.1269
65.9536
75.3773
67.4733
68.2929
70.4334
79.7745
82.5299
75.6964
65.6624
65.7357
65.4316
64.5757
65.2617
65.3695
64.1237
63.075
62.3616
61.8791
60.7102
59.3745
59.3401
58.9902
65.2853
59.1052
59.8305
61.787
61.6302
62.177
63.6457
63.9617
64.0413
63.9539
63.309
63.2629
70.6164
76.7117
73.4719
60.5787
60.8536
60.0927
59.5032
57.6563
57.35
63.752
56.9696
58.3054
58.7162
57.8175
57.621
58.7205
59.7234
61.2763
63.0003
64.6142
64.7309
66.3329
66.1683
65.9562
64.4307
64.4674
65.2684
65.7378
64.7541
64.9982
66.2979
63.4515
62.6043
63.6338
64.1488
63.4455
64.2995
65.4424
66.51
65.4024
64.5903
65.4958
65.5749
66.0783
65.3771
66.3238
66.3399
64.4301
64.636
62.4596
63.1236
68.032
66.1161
67.0621
64.1033
65.485
66.9495
83.0586
74.5112
79.619
66.5571
66.8749
66.213
84.3147
79.4652
78.5757
62.4478
61.9694
63.1939
63.2545
63.5032
62.7694
62.5911
61.8352
61.7438
62.8027
60.2625
62.0901
60.5548
62.4994
62.7125
63.6988
66.8729
65.471
64.5104
63.2515
62.1948
62.1399
62.4345
64.1327
62.2119
63.4966
63.0764
60.8855
59.6215
59.0999
59.8748
58.4504
57.3932
57.4322
57.0831
57.0049
59.2387
57.9957
57.1041
54.8017
58.3303
57.4101
57.3701
57.4112
57.3699
57.8701
58.6744
57.2873
58.5211
56.4335
56.6604
56.8585
55.0526
55.3279
54.7498
54.4409
54.48
54.5901
54.2197
54.232
56.0701
57.0091
57.2493
57.7058
58.3251
59.1932
60.7444
62.4484
63.0039
62.6627
63.7956
64.5037
65.7574
67.3744
69.4285
70.2616
73.1166
71.3157
68.8154
67.2311
64.9627
63.0374
64.6271
63.4742
58.8427
62.4548
61.0394
60.7195
60.3651
61.0467
61.137
61.5438
61.7399
63.4114
61.2931
60.1365
58.8993
58.922
58.8106
58.5369
58.9368
58.4797
59.358
60.0537
59.7516
60.4535
61.0897
61.7119
63.0894
61.036
61.7829
64.3842
67.8595
70.7016
69.5085
70.3304
71.2552
71.165
69.0844
68.0272
66.3988
65.3129
64.7218
63.386
62.5962
61.8415
56.2261
60.7531
60.5561
57.9766
61.0403
61.8814
60.2183
61.6168
61.4843
60.6997
59.7283
59.9139
59.5956
59.4281
59.5828
59.0091
59.6549
59.7566
60.216
58.471
58.258
62.3691
60.8041
61.3117
63.1244
62.443
63.2156
65.1129
68.1064
69.7312
66.8631
70.3262
71.0703
63.82
67.6212
70.7199
68.2074
63.8769
63.6952
62.5249
92.4193
93.4256
61.2607
70.3717
69.9869
87.9433
74.9628
70.9318
86.946
68.5173
67.3912
64.3389
61.7802
62.4809
63.6427
64.9482
65.8643
82.4499
62.9036
61.42
60.6972
59.6078
59.255
60.6275
58.7047
58.8432
58.6994
59.0393
58.5496
59.1249
60.2019
59.8857
60.1579
58.6594
57.2446
56.659
55.5845
54.7048
54.8618
53.305
54.4554
59.3831
56.4962
56.0856
57.7436
55.5381
55.2346
56.9236
56.4272
56.3291
57.3322
54.9712
54.9903
54.4678
54.5695
54.3495
61.4983
52.7001
52.4632
85.5038
52.9631
53.3971
53.194
53.5314
53.0926
53.2873
53.3195
53.396
53.3891
53.2732
53.1738
53.0083
52.7407
53.0826
53.8442
52.7519
52.9748
56.208
53.8097
53.8021
54.9396
54.4138
54.1187
55.5117
56.6282
57.4125
56.5839
56.7078
57.6313
58.5056
62.4838
64.0806
58.6962
62.8965
65.5199
60.1124
71.6332
65.4017
61.98
77.6658
76.8309
66.9841
74.5177
73.6887
73.7137
74.6085
75.7297
75.6325
76.6463
75.5632
73.5321
74.796
73.6384
69.6123
71.3186
69.7665
62.3407
66.0869
65.7736
56.4525
63.664
63.245
62.3423
62.0374
62.895
63.7499
65.2378
68.4142
64.596
109.372
110.95
59.3138
66.4796
67.1827
62.1804
75.2445
75.0008
73.9617
73.9314
73.6284
73.324
72.4211
72.8243
71.6406
63.7607
62.1278
61.2658
60.9662
60.6216
60.1011
59.9576
59.483
59.5795
54.7395
55.9191
56.8448
55.1406
56.2623
57.73
57.155
58.8335
60.6475
63.883
67.3356
92.174
94.3012
91.3728
63.9159
64.8129
64.2585
63.6173
61.8043
61.2976
63.328
60.9199
60.8719
62.7176
59.2631
57.601
61.1855
57.5019
56.9057
57.4235
56.3368
54.8546
54.7236
55.2032
55.1078
56.404
59.187
59.8031
62.8806
59.5779
60.607
60.555
60.8149
62.4891
62.2818
69.3846
68.3506
65.2623
69.9113
70.5603
71.5307
69.5382
68.7146
71.8202
69.8643
70.4226
71.3803
70.9527
70.8252
67.7029
66.8115
66.7703
64.9457
63.949
64.1391
64.5833
62.3733
62.2099
63.5147
63.4044
63.3823
62.7637
63.5651
63.2804
62.2252
61.2263
61.4684
63.0158
75.5017
75.2644
61.8826
78.8483
76.816
61.7592
62.2871
62.0542
61.9609
60.9076
59.4207
60.1373
59.2257
58.1105
59.4613
56.3421
55.5696
55.7367
55.0922
54.9929
54.8763
55.4613
55.4782
55.3231
55.198
55.4627
55.3256
54.5197
54.508
54.3006
53.5068
52.7427
53.1389
53.4531
53.8174
53.681
53.3423
54.2798
54.298
53.9952
53.7514
56.9779
54.4425
54.5464
55.4378
54.1502
53.7
54.3468
55.2843
55.441
57.1163
54.9026
54.2312
56.9387
55.451
55.4533
65.9384
55.829
55.4544
57.8468
59.4227
60.2496
58.303
59.4555
57.4354
57.1989
56.4375
56.1799
58.8856
56.3815
58.3928
57.4916
57.4503
56.2995
56.412
100.008
98.6284
100.323
62.9907
64.5511
58.6894
61.0723
60.2614
61.154
61.0109
60.2818
57.8209
59.5248
60.6217
59.0147
61.3407
62.8167
64.79
63.428
65.1422
90.7535
66.2369
65.889
65.9206
104.219
101.558
102.358
89.6008
91.6583
94.5809
58.0393
58.7019
60.4286
108.793
106.771
56.3156
56.6566
57.6355
99.6593
61.2989
59.489
66.0297
61.8139
60.7368
88.0227
59.7213
60.4556
61.811
115.697
112.474
112.684
106.121
107.784
69.7002
73.2548
75.5804
91.3124
63.673
64.4067
64.5906
75.0102
76.9678
80.5515
74.7274
74.0042
105.619
66.5726
70.4124
77.1698
64.3647
64.082
80.1838
64.3238
64.2381
84.2758
63.1174
61.5086
62.6549
62.1498
62.8908
73.9494
75.4758
74.4272
63.1791
97.9886
93.4478
90.6418
91.027
89.8944
62.1879
76.3224
76.428
64.14
61.5349
64.1101
96.6633
66.897
67.4636
84.8347
71.9965
72.675
88.0186
66.9205
67.2321
69.7687
63.0407
63.3461
100.872
68.5635
69.7594
67.695
68.2835
67.6874
66.9682
67.2713
67.3762
67.849
66.0375
65.2788
65.4932
63.9377
61.581
61.8808
60.4672
59.0411
60.9037
57.3235
57.0817
59.5995
57.5703
57.8346
58.3725
59.9894
60.2582
57.897
56.3855
56.309
56.4031
55.672
55.3178
55.7546
53.6455
52.4345
67.7449
52.5709
52.2464
51.7278
61.2155
61.3765
64.5898
61.9075
62.0183
62.1452
65.6349
64.2073
56.1033
61.4231
61.8022
63.3102
65.5564
66.6083
84.5346
64.5971
64.1546
66.54
66.1654
66.8869
70.4171
72.3423
73.1636
75.2711
75.0395
74.1976
75.8791
77.0317
77.196
81.0403
84.3861
90.6629
94.8771
94.0496
89.9439
84.2703
81.2818
81.3406
81.4162
89.3177
95.1067
96.7732
96.7163
92.7496
92.9681
94.6767
94.9138
99.0047
101.803
108.586
109.73
104.868
98.1667
91.6082
86.2842
84.8938
83.4567
81.6912
83.1989
82.8498
96.8821
92.1503
87.0343
85.6241
85.764
81.9062
78.0525
87.6387
83.5989
84.0557
85.6561
87.5306
86.7425
83.1032
83.5348
83.2144
83.0102
83.6188
83.9451
83.4143
83.884
83.6376
83.2626
83.82
82.3119
82.93
83.4479
82.7299
83.9618
82.1538
81.9273
82.1921
83.3731
82.1849
81.3467
81.8886
81.5468
83.611
84.2078
82.034
83.645
84.6105
82.1977
83.3468
85.2339
81.3011
84.2321
86.5514
84.3536
82.972
82.2414
82.3547
82.9513
82.0073
82.3588
83.5328
84.5443
85.315
84.694
82.8485
83.8679
85.7555
82.5832
85.0592
82.8235
84.752
82.7359