73.5319
73.9254
73.4741
71.2995
70.3249
70.1919
68.2526
72.066
72.4303
72.2911
72.1554
72.5376
71.7554
73.2175
74.6424
74.711
75.7399
74.9568
73.6886
74.9217
74.3055
74.1176
73.9852
73.1364
74.0942
72.1984
71.2085
71.898
71.9534
70.8948
71.356
71.9241
74.031
74.3949
74.3461
75.4706
74.3995
74.2638
74.8501
73.55
74.331
75.9273
76.865
76.5573
75.3827
75.1413
73.8739
75.4206
74.2961
74.5132
74.3139
75.2646
74.855
74.5336
71.2217
72.5364
72.4026
72.4439
71.8448
72.3848
71.7443
72.5467
73.737
74.4503
75.2909
75.6555
75.6209
74.453
73.8728
74.3035
74.5542
75.1188
76.3651
74.9296
74.9869
74.2228
75.1008
74.6068
73.0474
74.443
75.3184
74.9967
74.9555
73.7862
73.0839
73.1589
73.6913
71.8717
72.6653
71.4909
71.8812
73.3183
72.685
71.9648
72.5212
73.2582
76.2724
76.3427
75.7939
75.4263
75.8772
75.2098
76.3991
75.4269
75.9008
74.7389
73.6656
75.1832
74.0604
76.7543
75.7615
75.6048
76.0211
75.4301
73.3893
73.6879
72.1738
73.2153
72.1378
71.9698
71.1383
70.6348
74.0696
73.8617
74.2557
72.9995
72.9825
73.7475
74.4536
75.757
75.8855
74.8107
74.4733
73.9618
74.3018
75.545
73.4777
73.3018
73.8762
74.5144
75.051
75.1462
75.8836
76.0232
76.0198
73.4424
72.5997
72.1088
72.4742
72.92
72.3501
71.6924
70.1863
69.7152
71.5465
72.4193
71.5254
73.8482
71.9107
68.9272
70.5016
71.4555
74.0682
75.988
76.6786
76.1969
75.9277
76.3982
75.9373
75.597
75.8964
74.7035
74.5399
74.3785
75.4679
74.9192
75.0598
75.7521
76.8426
78.3292
79.3116
79.2037
80.6843
81.7678
80.3322
81.4751
81.1442
81.9174
82.1485
82.4125
82.9747
82.5484
83.1742
82.618
82.59
82.1723
82.3256
83.3666
83.0061
82.5478
81.3732
80.8808
81.5181
81.8832
81.8075
82.3679
82.2756
82.046
81.4115
81.4383
81.9002
81.541
81.4444
81.9237
81.8596
80.9128
82.3305
81.2359
80.9807
80.5222
80.5951
79.9108
80.1182
77.3925
78.2666
78.8871
75.9963
75.839
76.6554
78.2761
76.3864
75.2258
77.4721
76.1119
75.1529
76.5825
76.0506
78.1683
80.2012
81.5748
81.8096
81.1359
80.5309
80.1541
80.855
82.1455
82.5735
82.4084
81.7332
81.8283
82.0542
81.9756
81.3482
81.2388
80.4474
80.3814
81.1831
81.0203
77.0845
75.9044
74.8468
72.6363
74.2196
75.9396
76.0862
77.0518
77.4484
75.7435
78.562
80.3385
79.011
75.5669
74.9277
73.0733
71.8184
69.4461
69.3959
71.9133
74.5553
75.3337
76.1905
74.5889
71.8131
69.5478
70.1578
70.0494
72.3593
72.5769
73.7121
76.2052
80.127
78.4245
75.4405
76.0092
79.2322
76.1347
75.3029
72.5313
71.9718
73.111
73.3673
75.7093
77.6652
79.1021
79.2147
79.8
80.8966
80.3885
80.3187
80.11
79.9545
79.4327
78.8984
79.6367
79.0243
76.7168
72.8423
73.0324
72.555
74.7579
75.1774
78.5193
78.996
76.2038
76.0792
76.1328
77.0908
75.1621
73.6191
74.3902
74.5403
74.8847
73.2007
74.2055
74.8364
74.8586
73.6444
73.884
75.1002
73.8243
73.8555
72.2951
73.336
75.4848
75.5728
73.9434
71.3071
67.4313
66.9207
70.5452
72.7429
74.7023
76.0286
77.9517
79.3604
78.5677
75.5476
73.7928
70.8827
70.2535
71.5689
74.407
76.162
77.3385
78.6072
79.9573
77.745
75.8828
74.6221
74.433
77.2009
77.7913
77.4743
74.871
76.8921
74.9712
76.0359
76.2009
77.0786
76.4425
75.6966
75.0929
74.0686
72.6748
74.2887
79.8658
78.1809
71.0053
72.6381
78.2582
78.4333
77.6133
80.04
75.9523
80.7055
76.3465
72.6223
69.8873
69.5515
69.8545
72.0214
74.9441
76.947
77.5654
75.3804
75.0016
77.2
77.5587
77.5472
77.4207
77.9799
79.1212
80.1059
75.5818
74.0582
75.0395
73.667
71.7314
73.7946
75.3501
76.5571
75.1684
76.0628
75.8901
76.6458
76.1753
76.4017
75.8242
77.0464
79.1721
76.9386
76.9723
78.3006
78.2107
75.4956
74.3254
72.7863
73.2438
71.5604
73.6917
74.1833
74.475
74.4175
74.3976
74.3072
73.0347
73.9235
74.0944
73.52
73.6221
73.3164
73.4082
74.2223
77.3553
79.128
78.8615
76.1053
74.5166
74.26
72.5385
72.6305
74.9145
77.3147
78.6356
77.1776
77.4468
77.4666
78.4211
77.6167
78.1375
77.1612
75.1063
73.441
73.3362
74.8322
76.1055
74.7365
75.8013
74.6213
73.3529
72.9063
73.5067
74.5164
74.6131
74.816
73.9053
73.886
74.0066
72.8734
75.3867
74.1041
73.942
73.2513
72.7209
73.2895
75.0519
76.0079
77.1139
76.0257
75.263
77.0636
77.8399
76.6492
76.9628
78.4025
76.6299
76.0806
76.2054
77.1389
76.5064
78.6408
79.2218
77.6788
79.2856
78.4362
78.8939
78.2874
77.3103
79.3786
78.5822
77.4617
78.65
77.5987
78.3945
78.5477
78.4089
77.0147
77.9896
76.8986
75.8706
77.2878
78.5847
77.1969
77.7912
77.686
78.0065
78.1145
78.1884
76.7264
77.4204
78.7021
78.7385
78.1469
78.6817
78.0945
77.8222
78.0412
78.3703
77.3756
78.2457
79.8141
79.419
78.198
78.9481
78.8297
77.7408
77.8173
78.307
78.3003
77.9038
78.5671
78.5759
78.7909
78.7708
77.623
77.6154
77.472
78.1956
77.5379
77.5605
78.5606
78.3364
79.9879
77.8417
78.7822
78.9135
78.5508
78.6555
78.0515
78.6372
78.1546
78.5446
78.3765
78.1211
78.2243
77.9828
78.8162
79.1325
78.4672
78.8402
78.4768
79.4097
78.876
78.1331
79.5826
78.0832
78.1031
77.6198
77.7824
79.2573
78.5252
76.9731
78.4422
76.7778
79.2901
78.5039
78.0711
78.1997
78.6732
77.9575
78.3968
77.7251
78.9673
77.6654
78.8812
79.511
77.86
79.3666
79.1561
79.7287
79.5693
78.9421
78.6141
79.5513
78.7628
79.9617
78.4747
78.2196
78.1262
79.0567
78.982
78.6571
77.4783
78.3687
78.5653
79.4039
77.9675
78.5453
78.338
79.2816
79.5733
79.5657
78.4111
80.0161
78.9382
79.6114
78.5497
79.2735
79.2947
78.9182
78.8067
77.7831
78.4149
79.0201
77.8856
77.0777
78.4115
79.1308
79.3873
78.2025
78.2666
78.8728
78.5875
77.5696
78.473
79.754
77.8167
77.3911
78.42
78.1745
78.9814
78.2278
79.4405
78.159
78.1495
77.9713
79.1165
79.744
78.5299
78.6401
77.0704
77.7061
77.9457
77.3701
76.7557
79.5136
77.118
78.0504
77.1126
78.4556
78.753
78.8825
78.0997
78.5563
77.6767
79.3403
77.9757
78.4581
77.3899
77.9896
78.7031
77.6677
78.6225
78.1684
77.6111
77.5387
79.2176
78.1061
78.0375
78.758
78.0711
77.9813
78.513
76.944
77.9035
78.3151
77.6842
78.0791
79.0176
78.3641
78.6054
78.8238
77.9715
78.1768
77.7674
79.065
78.3454
77.8741
79.1615
78.031
78.4148
78.4524
79.7057
78.0782
79.4515
78.4784
78.6871
78.7032
77.7817
78.9213
78.1197
77.4848
78.6282
78.3761
77.7399
78.3316
78.6979
78.0137
78.5401
79.4838
77.587
78.885
78.6049
77.3482
77.7031
78.4998
77.4852
76.8325
77.9676
77.9066
79.4668
76.9958
78.4256
77.5859
78.4783
78.3002
77.9553
77.0977
79.4697
77.6702
78.1968
77.6185
76.4026
79.2621
76.238
76.5345
78.1057
79.6779
78.6519
76.981
75.8315
74.1075
76.3376
77.0025
73.8568
73.0361
75.2583
73.7269
74.5993
73.4879
73.183
72.4095
74.2028
74.6465
74.6307
76.6342
76.2889
76.7422
76.6538
76.0665
76.7243
75.847
75.964
76.4013
75.0018
74.0611
74.3636
74.2143
73.1323
73.1717
74.879
74.2764
73.0909
72.9924
71.5747
72.1067
71.4362
68.3679
69.282
68.2669
69.887
71.6001
71.8866
71.6779
71.5995
71.8089
71.7742
71.355
70.0038
69.7458
69.5216
69.5156
71.3226
71.311
71.889
72.2291
71.3197
71.4174
72.1599
72.1802
71.344
71.1368
70.6782
72.0179
71.7106
71.5263
71.6952
71.3178
70.4503
70.755
71.6032
70.7711
69.6797
69.971
70.272
71.5125
69.9915
69.7473
71.6885
71.505
71.1659
70.5816
69.7011
68.7264
68.0562
67.3621
68.0131
68.592
66.8806
68.676
67.7996
66.6753
65.997
67.3627
66.822
65.6502
65.014
66.6395
66.994
65.9153
66.7815
67.8419
67.9629
68.2967
67.3306
64.9853
65.9941
67.2812
67.2839
66.9931
66.4854
65.7995
66.334
66.0723
67.6562
65.522
65.0108
64.3651
65.2812
63.8589
66.0222
65.621
65.8209
65.7762
64.1773
64.9297
64.6285
63.9301
65.0713
65.1056
64.5276
65.0889
64.4062
64.5642
63.6176
65.0459
63.4812
64.9163
63.2184
65.0423
65.7204
65.8652
65.2371
65.5267
65.21
65.0096
65.3539
64.772
65.7453
64.7455
64.8844
65.6324
65.2555
65.6007
65.6312
64.9725
64.6376
63.9768
63.4123
63.9085
64.8292
64.72
65.1694
64.1555
63.4872
62.6629
63.9364
63.531
64.1975
64.8985
64.0796
62.8546
63.6973
63.0145
63.3848
63.4007
63.4915
62.7714
63.0826
62.8785
63.1895
63.0808
63.6159
62.7373
64.5085
63.8999
64.9171
63.8164
64.4426
64.4445
64.5505
64.4954
65.2785
64.8111
64.6344
64.362
64.1864
63.3599
63.2229
64.6426
63.7749
62.92
62.9776
63.9211
64.2563
65.5142
64.2395
66.8457
65.449
66.2389
65.9871
66.1817
66.4429
67.4466
66.0431
66.5672
64.514
64.7622
66.8414
66.8647
65.8483
64.5624
66.309
66.1996
66.725
67.4204
65.9101
66.6117
68.0546
69.4837
69.1589
69.7632
69.5311
70.4619
71.7917
72.0274
72.0047
71.9373
72.4384
72.2589
73.134
71.6614
71.7812
71.0909
71.0523
71.6196
71.4229
70.9041
68.8741
70.011
68.9612
69.2389
68.0599
68.875
66.898
67.3263
67.4837
67.3013
68.082
66.4563
67.3378
66.761
65.7581
65.5366
65.8275
67.0099
67.1197
65.9919
64.985
67.5527
66.1491
67.5055
67.6732
66.8529
68.0502
66.5498
67.2798
66.1699
66.5441
68.3334
68.5448
66.1858
67.5782
66.2653
66.6639
65.2602
63.6723
65.4449
65.5608
65.0174
65.4173
65.5124
66.4008
66.5462
67.2869
66.1275
66.7259
65.735
65.0413
64.7878
64.4585
63.6906
62.2658
64.5195
65.4237
63.8776
64.4876
64.7383
64.6556
62.0593
64.8603
65.4464
63.8784
63.1322
63.8222
64.1694
62.3107
63.7278
62.0129
62.5462
61.7377
62.6053
64.0966
63.2379
64.4545
64.114
64.1161
64.8377
62.9606
63.7334
62.876
63.0395
63.818
62.4513
63.9654
65.4964
65.0696
66.0206
64.8735
65.9323
67.0573
65.3876
65.3881
65.6001
65.4304
65.3053
65.058
65.704
64.7354
67.0441
65.9263
65.4281
64.8108
64.9593
63.2207
64.6711
63.1697
63.4118
63.074
62.9556
61.2094
61.0045
61.5483
61.2614
61.6233
62.8426
63.8379
63.9512
63.857
63.4471
63.6039
64.3155
64.9026
64.1192
66.2127
65.3509
66.4034
66.6726
65.193
65.1541
66.0324
64.8226
63.7602
64.0423
63.7831
63.4535
62.8473
63.7257
63.0244
63.5387
62.9411
62.2369
62.5026
62.2249
63.1914
63.6142
62.1054
61.2695
62.5911
60.5373
61.3901
61.7954
61.1845
61.1693
61.6439
62.194
61.308
60.9494
61.8002
60.7377
61.7223
60.3566
59.4143
60.6623
59.7599
60.9215
58.7271
59.7027
59.4963
61.128
62.1544
60.6685
59.7341
57.9726
57.5022
56.434
55.8522
57.8652
58.3203
58.406
56.7349
57.9731
56.1938
57.5538
57.018
56.4121
56.3615
56.4042
56.3805
58.0895
57.8721
58.1963
58.6737
58.2516
58.5509
59.2296
57.554
56.7473
58.6975
58.7879
58.0301
58.7959
57.5346
57.8033
58.3262
60.1493
59.9469
58.8515
59.5899
58.9843
59.9654
59.7937
59.6515
59.5986
57.8978
59.21
58.0059
57.3842
57.9301
58.3833
59.1563
58.4179
57.8102
57.0797
57.848
59.2255
59.0754
59.0959
58.4537
57.5134
57.1637
58.3737
59.1676
58.5273
59.6318
57.9083
59.0164
60.2264
59.1723
59.8216
61.1901
58.5025
57.9262
59.317
58.4176
57.4561
57.7296
57.381
58.197
59.4013
57.0819
57.1307
58.8903
58.6726
58.8686
58.5662
61.1191
60.8602
60.4654
59.2342
58.9291
60.7015
60.7885
61.3568
61.3017
61.092
59.8833
59.3836
59.9339
59.4135
59.0446
57.7746
57.7244
57.9526
57.9867
57.9578
58.3333
57.8771
57.4967
56.8753
56.9249
57.9077
58.2783
58.0795
58.8657
57.7184
57.5036
57.4981
57.5546
58.0696
59.0311
56.8853
57.9709
56.8511
58.2696
57.7292
58.3884
59.5743
58.8727
59.0434
57.9926
59.6733
60.5456
59.8099
60.4634
58.5847
59.4297
58.5605
59.4829
57.5932
58.0894
57.498
57.7568
56.61
56.8866
60.109
60.964
59.5315
58.1968
58.5044
57.6916
58.123
56.8737
56.6856
56.3092
57.5913
57.9516
58.8896
56.8516
56.1957
57.2401
59.1396
59.8141
58.7674
58.5384
58.7139
58.5838
57.578
58.1153
58.1824
59.105
59.0804
60.3038
61.5076
61.6727
59.8539
61.9948
62.3903
61.1943
60.9329
61.414
59.8503
60.9813
59.9588
59.9956
59.1123
58.9125
58.4159
59.0385
58.5431
59.7284
58.8522
59.9162
61.6251
59.2651
59.7123
60.6263
60.1923
60.9741
60.1441
60.156
60.3364
60.2625
60.0622
58.6773
59.7081
59.6772
60.7719
59.8651
58.9834
59.3062
60.7349
59.8146
60.5577
61.9704
60.1862
60.7939
62.5192
59.7406
59.9277
59.1542
58.4935
58.4543
57.34
59.1797
58.7052
59.5115
60.4041
60.0756
61.3206
59.6292
58.9376
60.5261
59.7348
58.5179
60.0633
58.4232
57.9382
57.3962
58.5923
58.5404
58.9226
59.0082
59.9738
58.9517
59.6843
61.6514
61.6127
63.5905
63.4706
60.2328
61.9649
63.0047
63.251
63.0407
61.4882
61.0308
61.3112
60.7025
60.1261
57.1889
58.2769
57.5526
58.6913
57.155
59.7563
60.602
61.9339
61.0104
62.6561
61.7441
60.6715
61.8437
60.6362
59.7981
62.403
61.9946
59.0813
62.9302
61.8546
62.8499
60.8123
61.6781
61.4041
59.7836
62.6567
62.4982
62.596
62.3442
62.9605
63.5078
64.0121
64.212
62.0699
61.7904
61.7852
62.9623
62.5977
61.8286
63.5046
65.2665
64.1104
64.238
65.8875
64.8813
65.1584
64.8926
65.8596
65.8889
66.4183
66.5706
66.2385
65.3484
64.1065
65.0845
63.2766
62.8494
63.2053
62.2647
61.0526
61.4837
61.8705
60.8381
62.3922
61.7226
61.3447
62.1239
59.8103
61.037
59.9625
61.2504
61.4032
61.2456
61.6486
61.5433
61.143
62.6929
62.3435
60.7872
61.158
59.9673
60.5678
60.5447
59.8394
62.18
60.2532
59.8631
60.4993
61.649
61.3269
62.7691
61.3342
60.9056
60.2558
58.9859
59.5117
59.45
59.9696
59.5794
59.1497
59.7187
59.991
58.4461
57.2167
58.9252
59.9087
58.3614
59.5216
59.6948
58.9767
58.1334
58.2132
57.2728
58.9937
58.0906
57.7814
59.6149
56.382
57.939
59.1645
58.9638
58.1714
57.922
59.4357
59.4868
60.5352
59.8397
58.8806
59.1309
58.8872
58.0821
58.5005
56.6464
57.1009
58.8988
57.6346
58.0844
57.7437
57.8256
55.7358
56.3929
56.1855
57.45
56.5002
56.6579
57.3974
56.0061
58.6201
59.3658
58.0149
57.7189
58.8741
58.7275
57.3839
58.1677
59.1784
60.1921
58.1123
59.7571
58.9188
60.3017
60.1794
59.3069
58.7522
57.0839
57.6318
56.1821
58.1977
56.7991
58.5407
56.3552
57.4583
57.4499
57.5297
56.5856
57.3398
56.6945
59.3792
57.3987
57.2882
58.8623
55.6357
56.4392
56.6748
54.3904
54.1339
54.8875
51.6739
53.2763
53.4918
52.8471
55.6563
55.3656
55.1859
55.6105
57.1277
55.7099
54.3189
54.0263
57.8206
54.2531
55.8104
55.4945
53.8957
57.1136
53.8426
56.0153
57.177
55.2467
57.1773
55.8534
54.4114
56.6372
56.0499
55.26
56.7689
56.3622
56.2918
57.2871
55.4895
54.7987
54.8717
55.2244
54.6088
54.4289
54.9751
55.0062
53.7509
52.1156
53.5921
53.3452
54.5089
53.9737
54.4389
53.4053
55.85
55.1797
54.0647
54.6528
55.8288
55.0681
57.0184
59.2966
56.6952
56.4939
57.4247
57.9513
55.0519
56.0541
56.0685
55.8133
55.7261
53.7345
53.325
53.445
53.1606
54.2731
53.9755
54.0114
57.0052
57.6398
54.8347
52.8202
52.4608
52.465
54.4122
55.5073
53.4502
54.9164
54.8926
54.7858
54.4931
56.5783
56.8604
55.4621
56.068
56.0095
54.352
56.7757
56.2362
55.3551
55.6558
56.7981
55.6037
55.6109
54.8067
56.5359
57.7552
59.4137
57.1391
57.8314
58.0044
57.312
56.6609
56.6378
57.3686
57.5965
56.9815
58.8132
56.0938
58.2781
60.4975
59.3522
59.8161
58.5124
57.4015
60.0747
59.0633
58.9469
58.1452
57.3332
58.0444
56.3557
56.8542
56.2378
54.3155
52.5185
54.3924
55.5767
55.4626
56.8344
54.4982
56.5296
56.3387
55.5531
55.206
56.7672
55.2701
55.3007
55.1305
56.583
54.6831
56.679
55.3799
54.3756
55.7508
54.5748
56.0604
56.2598
54.2141
54.5118
55.326
55.7221
55.9528
57.6801
57.3726
54.6158
55.5898
56.1497
55.0296
55.1276
52.1711
53.5116
53.3304
54.7051
53.6759
54.9731
54.9788
54.9056
52.7135
54.9528
55.178
52.8521
52.744
53.7586
50.7909
49.833
49.0368
49.8576
49.624
50.0504
47.3089
49.8807
47.7829
47.9724
50.4786
47.9724
49.9873
48.4415
46.8598
46.1869
47.2284
47.0631
49.8481
47.1188
48.0571
48.9621
48.4923
48.9865
48.389
52.3879
50.0329
49.4177
46.4238
48.3187
47.772
49.3222
47.6947
48.9592
48.7161
47.894
49.0929
49.5674
50.016
48.1462
49.6135
49.5936
48.7904
50.9863
52.4882
53.8149
53.2952
54.3514
56.9681
61.503
61.2185
58.6902
58.3238
59.414
56.6355
56.9016
57.5459
57.5593
56.598
54.7159
54.9546
53.1744
50.642
51.196
46.8069
50.3577
48.5385
49.4501
46.8786
47.234
47.6473
46.0181
47.4599
47.3766
44.9394
42.5253
41.871
44.3344
41.551
42.7453
42.3456
44.3339
43.2866
46.6287
47.3594
46.3936
47.3814
48.9005
47.4863
45.1644
47.1182
47.1824
48.4843
50.2265
49.1114
50.2289
53.8424
52.2835
53.4313
51.9813
52.2076
51.8425
51.8274
49.4728
51.5357
51.9991
48.6376
50.2298
50.3903
52.4421
54.3278
54.4017
52.7732
54.2363
56.5392
57.35
57.7074
56.5673
55.617
56.779
57.5795
59.3843
58.2938
58.4879
59.3611
57.917
59.2834
55.8456
57.1388
56.2079
57.0312
56.0918
56.3673
57.2578
57.8475
60.0747
60.5802
59.2571
60.8335
62.8741
61.8685
62.3944
60.6016
61.9016
61.0571
60.2746
62.5709
61.4185
59.046
59.6796
58.8075
57.33
58.2863
56.7816
57.121
58.4449
58.3857
60.2477
61.9388
61.6851
62.2167
63.4585
62.8486
62.8173
60.6179
60.3864
59.6154
59.3842
60.4743
58.6294
58.761
58.3325
56.9996
56.5904
58.0236
56.7659
56.6548
55.6931
56.9095
56.3875
57.0893
57.4463
55.9681
57.3314
55.6948
56.166
55.3241
55.4356
58.6659
58.8748
56.8162
58.0544
58.2789
58.2114
57.505
57.5519
57.6414
58.5554
57.296
59.3065
58.6057
58.9022
58.7768
57.3165
57.9118
58.3736
58.1937
59.2317
59.1238
58.4909
58.1173
58.6211
57.7722
58.9104
58.8163
59.1029
57.5785
56.8225
54.8686
55.8383
54.3827
57.3397
58.2198
58.2941
59.2258
58.8453
60.7806
58.6386
57.3985
58.9368
58.5492
58.1851
58.8969
57.0997
58.3175
59.0433
58.1757
59.2797
58.5916
58.3469
60.9548
59.7837
60.1643
58.754
59.6932
59.153
61.8653
62.4574
62.9376
61.1433
60.5687
63.6782
61.6099
63.2053
63.7755
62.5964
62.9888
63.039
62.587
61.8173
61.2996
61.8875
61.5673
60.4739
59.4649
59.9945
61.9075
60.4635
60.222
60.4329
60.5431
60.4219
60.0282
61.6958
59.5959
59.7586
59.8698
59.8539
58.3346
58.5477
58.8898
61.5394
61.2208
61.379
61.855
61.0268
60.6436
59.387
58.2782
60.1567
60.3148
59.7646
61.634
62.2502
62.3322
60.5244
62.7245
62.4536
61.5764
63.5673
62.4872
64.5472
65.0879
64.5789
64.6331
65.8585
66.4667
66.1282
66.1302
65.1521
66.6127
66.8647
66.4851
65.9496
63.7862
64.0829
64.7406
63.9308
63.7701
64.0969
64.2176
63.3253
62.6137
61.352
61.2146
62.5769
61.2839
61.1392
61.1824
62.7371
64.2039
61.3366
60.6601
63.2295
62.4383
62.6889
61.5598
62.6017
62.7933
61.4679
60.9102
61.4104
60.8925
59.4583
59.6513
60.9061
61.8178
59.6373
60.0199
58.9769
60.3428
59.6271
59.3162
59.28
58.6791
59.6042
58.2774
56.8388
58.919
58.8438
61.3532
59.3976
59.7131
61.1177
61.18
60.8083
60.4013
59.8149
60.2341
61.109
60.1164
60.4323
60.6259
61.2382
60.8522
60.6044
61.7495
59.9044
60.9126
58.7875
59.3492
61.0519
63.451
61.6803
60.2047
60.9581
58.0849
59.4399
59.0175
61.2733
60.6004
59.3693
60.1725
60.28
60.714
61.7217
61.8314
62.5232
63.3596
63.6551
62.9257
62.4263
61.7148
63.2245
62.8344
62.8939
62.9921
62.9914
63.6794
65.9215
65.627
63.4539
64.214
62.8016
62.8796
60.4538
60.3098
61.5981
64.2089
64.705
64.2423
64.9866
66.2296
65.5788
66.5093
67.1441
66.9303
66.9637
67.1745
67.6488
66.1902
68.1215
67.7491
65.3735
66.9086
69.2572
67.2063
65.7948
64.3812
65.3721
64.8298
65.642
66.4016
63.9005
66.2503
66.6006
66.3304
65.4433
65.4392
65.4659
66.1926
65.5386
66.3338
65.3682
66.399
66.4297
66.0238
66.6273
65.5604
67.5015
66.2726
66.734
67.6826
66.3106
66.1632
65.4204
65.3601
64.9198
64.8422
64.5193
62.9776
64.3308
66.0945
65.6016
64.6909
65.1717
64.9852
65.095
65.4911
65.4418
64.3822
65.1226
65.6716
65.6591
64.8652
65.3759
66.7521
67.3625
66.1763
67.3573
67.8791
69.08
69.1586
69.0266
67.6564
67.5144
67.6281
68.6172
68.6993
68.6984
68.652
67.1037
68.2503
66.6738
67.2655
64.8209
64.4227
63.7989
62.3953
61.4576
61.0092
61.7591
61.5077
63.1319
59.8608
61.1917
60.3058
61.6734
60.8265
61.5778
62.4736
61.8881
61.4421
60.7615
59.008
58.0458
58.6455
57.6531
60.453
61.3824
62.4264
60.9935
61.369
59.8972
58.2297
55.4517
55.018
52.7674
55.079
53.7217
52.2722
52.4313
53.4269
52.5066
54.5388
51.8947
52.4465
52.3741
51.5143
53.0293
54.5541
55.3425
53.5779
55.0734
53.0651
55.7175
56.2243
53.8334
54.4028
55.1059
55.4566
54.487
54.7461
52.1747
53.6136
52.7111
53.0568
52.2277
52.1254
53.1091
52.5023
53.6715
52.5747
53.2383
54.5156
53.8034
53.6684
50.9309
49.4217
51.2057
51.8326
51.9733
50.5675
51.6613
51.5316
51.1713
52.5215
50.5296
49.6754
48.9819
51.1934
50.0194
50.2059
49.5416
50.1297
49.5606
50.0497
49.1925
49.2463
50.6566
51.1744
50.2813
50.6573
50.9757
51.4155
52.3951
51.2741
50.1244
51.4769
50.9357
51.7848
51.2701
52.4265
51.0434
50.9259
51.7135
51.8405
51.6036
52.7405
51.6587
52.4779
50.8205
51.9871
49.5702
52.3335
52.6215
54.0408
51.03
51.3024
53.703
50.7787
53.7819
52.7168
53.5173
52.2575
53.9342
51.0721
50.422
50.1913
50.9069
50.373
50.4495
52.2426
49.7975
50.1768
48.2049
49.8604
47.8413
50.8787
49.8399
51.6632
50.8209
51.144
48.2219
52.2293
50.888
51.5164
52.0211
50.302
51.3141
50.5602
51.8308
51.7787
52.0415
56.6122
55.9768
55.9001
55.998
55.5836
57.6868
56.2887
56.2405
54.596
55.0408
54.5936
55.1794
55.0914
54.9767
51.7397
53.7928
55.1947
55.6205
55.73
52.7478
54.7826
54.6524
52.7435
55.0013
56.4019
54.6986
53.1797
54.9047
55.6496
53.993
55.1939
54.8068
54.2952
53.2698
57.0347
55.4304
54.3962
56.0472
57.3228
55.8295
56.7941
55.1605
55.4698
55.5899
57.2361
57.541
56.1431
54.3203
55.7625
55.7945
55.2054
58.179
56.7772
59.7778
58.3774
59.7173
59.0167
57.9212
60.5192
61.3179
60.8869
58.5269
59.8827
60.6042
59.8676
58.9622
58.8191
59.9046
59.3992
57.7424
58.8574
58.1112
58.1278
58.7973
57.5593
58.2195
58.1923
59.4119
56.8932
57.789
58.2432
58.1143
57.9317
56.5386
58.3349
61.1264
58.1537
59.1135
60.4676
60.4795
60.5483
59.9831
61.7272
59.7639
59.3142
62.7207
62.295
61.5243
60.5112
58.2401
60.2051
59.4248
58.3756
59.3282
61.7576
60.3562
60.5043
60.1799
60.442
59.4454
59.8034
59.0626
61.0032
60.5866
61.4239
60.699
59.2083
60.8124
59.3411
58.4849
58.9857
60.4383
60.6582
59.2824
60.4712
59.2212
59.4205
59.3936
59.4131
58.0117
61.1783
58.926
59.3355
61.161
60.6158
59.1176
58.8127
58.31
57.9247
59.0126
57.2586
57.2771
57.8814
58.5242
60.6433
59.639
59.567
58.5671
60.2274
58.9312
58.667
58.9925
59.645
58.9541
59.9788
59.7678
60.2827
58.7155
59.3482
60.655
60.082
58.1256
58.5472
59.0108
59.8725
57.0902
58.7663
58.0832
58.1236
58.3311
59.4165
58.1482
56.2141
56.9233
58.2157
57.7052
58.0084
58.1617
58.3936
57.7908
58.3241
57.5592
59.1956
58.9366
57.4891
56.939
56.8276
57.7618
56.7421
57.4051
55.1406
55.746
54.1856
55.3295
56.8601
56.3496
54.3254
54.6141
54.0669
54.9304
53.7618
55.976
55.7727
54.0119
54.7241
56.3275
57.585
58.817
56.2133
56.7036
57.2211
55.9231
56.7266
57.3208
58.7048
59.3714
59.8227
60.7035
60.7366
60.385
59.2497
59.8316
62.3766
61.5027
60.2555
59.623
59.9781
60.1796
60.6087
60.1562
60.1324
61.3543
58.2574
59.216
58.3787
58.8662
58.7165
56.4504
57.9668
57.4449
57.8854
57.042
56.9462
55.8133
54.9358
54.4569
54.7491
53.3908
52.9643
53.1691
53.1772
53.4971
56.2392
53.1349
55.2954
54.475
56.094
54.6944
55.0436
54.032
56.1661
54.1403
55.9125
54.3635
55.9282
56.0704
56.8543
56.9568
56.9942
58.1658
59.2153
60.1758
61.1323
61.1938
60.7147
62.1666
63.5681
61.9345
62.6197
64.2329
64.0885
64.6931
63.8192
64.4977
64.8031
65.551
65.5625
65.803
65.033
65.9424
65.6815
65.1795
66.2389
64.6344
63.0502
64.9807
65.1435
66.1935
64.1307
64.1212
63.9465
64.7651
64.1996
64.4065
65.0493
64.0793
64.4074
63.3819
65.6596
63.5935
63.6275
64.215
63.9055
62.838
63.4356
61.8426
62.0861
61.2306
63.4126
62.4224
62.0677
62.5798
62.1687
62.7895
62.4845
62.0325
62.752
63.0251
64.1549
64.1284
63.8809
63.7229
63.9737
62.2032
62.8229
61.9339
62.0611
62.5518
60.7705
62.4254
62.454
62.4559
61.6397
62.4995
62.6721
62.8864
61.8825
61.9859
62.9867
62.2015
62.3096
63.9662
61.0403
62.5342
62.4186
63.4945
61.8078
61.3617
64.0151
61.2379
62.2994
62.9607
63.2205
64.5973
64.6853
64.4554
64.2779
64.9316
64.4722
63.5027
64.2198
63.5788
65.4551
66.1483
65.4726
64.4591
65.1128
64.1915
63.3368
64.893
64.5126
64.1037
64.9166
63.4125
62.9906
63.0502
60.6877
61.9866
63.0785
61.8465
62.0806
62.1797
62.0776
61.6971
62.3321
63.1466
61.8965
62.315
61.1428
60.2532
62.422
61.7336
62.0139
61.6227
63.3573
63.5831
64.8472
66.7324
67.9457
69.956
69.7983
69.0151
68.6897
68.4287
68.8292
69.5706
70.667
70.1502
72.0893
73.8982
72.9039
74.4757
74.2424
73.6532
74.1122
74.8124
72.6399
70.3548
69.6072
69.7777
71.2222
69.7719
68.6971
68.8164
67.9705
68.6503
68.2207
69.0973
70.22
69.0733
71.3626
70.2426
70.7272
71.5462
71.9895
71.6233
71.5951
69.9587
71.8178
72.074
72.355
71.4485
70.4909
72.3597
71.8912
72.4534
72.3703
71.8328
71.4548
72.6557
72.2742
71.9786
72.5011
73.0497
72.1102
73.1841
72.9618
72.7967
73.5984
73.5562
73.7342
74.1024
74.5792
73.8367
75.2549
76.2958
77.3076
76.6694
76.0656
76.4681
75.6693
76.5015
75.7911
76.1611
75.4054
75.0811
75.199
76.0804
74.8614
75.2272
76.9085
76.1911
75.5491
73.9346
73.4096
74.2454
73.7117
73.9496
73.7332
73.6141
74.2064
74.6482
74.0286
73.7605
71.8354
72.0733
72.6142
72.5296
74.0614
73.9197
73.1511
72.188
72.7142
72.3675
72.9099
74.6076
74.6334
75.3363
74.5626
73.3423
73.2403
75.0478
73.6909
75.0368
74.1468
75.6486
75.8623
75.6476
76.9204
73.8418
72.5163
73.4598
73.8188
73.212
71.193
71.8613
72.089
72.6178
70.9517
71.5931
71.1908
70.9026
72.1737
72.375
71.458
70.8061
69.5501
72.024
70.1595
71.3786