0.00141406
0.00126028
0.00115633
0.000938416
0.000785112
0.000630379
0.000476122
0.000324249
0.000170231
1.50204e-05
-0.000118494
-0.000272274
-0.000426531
-0.000578165
-0.000733376
-0.000887632
-0.00104046
-0.00119352
-0.0013442
-0.00149941
-0.00165105
-0.00180531
-0.00196052
-0.00211239
-0.00226521
-0.00242043
0.00248909
0.00233507
0.00218105
0.00202799
0.0018723
0.001719
0.00156903
0.00141239
0.00126982
0.00111365
0.000959396
0.000804663
0.000652552
0.000497818
0.000344515
0.000190496
4.95911e-05
-0.00010252
-0.000256538
-0.000410557
-0.000565529
-0.000718594
-0.000873089
-0.00102544
-0.00117946
-0.00133181
-0.00148582
-0.00164104
-0.00179315
-0.00194597
-0.00210118
-0.0022552
-0.00240898
0.00246239
0.00230956
0.00215411
0.00199938
0.00184631
0.0016942
0.00153828
0.00138521
0.00128412
0.00110412
0.000949144
0.00079608
0.000641108
0.000489235
0.000334501
0.000180244
2.36034e-05
-0.000130653
-0.00028348
-0.00043869
-0.000591516
-0.000745296
-0.000899553
-0.00105262
-0.00128841
-0.00144219
-0.00159621
-0.00175023
-0.00190353
-0.00205731
-0.00221133
-0.00236511
0.00243664
0.00228357
0.00212836
0.00197577
0.00181961
0.00166821
0.00151348
0.00135946
0.00120425
0.00104737
0.000810146
0.000656605
0.00050211
0.000349522
0.00019455
4.05312e-05
-0.000111341
-0.00013113
-0.000285149
-0.000440121
-0.000592947
-0.000746965
-0.000900984
-0.00105309
-0.00120807
-0.001297
-0.00145006
-0.00160408
-0.00175691
-0.00191092
-0.00206399
-0.00221777
-0.00237083
0.00246191
0.00230694
0.00215364
0.00200009
0.00184488
0.00169182
0.00153923
0.00138402
0.0012064
0.00105119
0.000898123
0.000743151
0.000590086
0.000435829
0.000283241
0.000130177
-2.40803e-05
-5.84126e-05
-0.000213623
-0.000365734
-0.000520229
-0.000673294
-0.000828505
-0.000981331
-0.00113535
-0.00123906
-0.0013907
-0.00154495
-0.00169897
-0.00185394
-0.0020082
-0.00216103
-0.00231385
-0.00192285
-0.00207686
-0.00223112
-0.00238585
0.00247788
0.0023241
0.00217009
0.00201702
0.00224757
0.00205183
0.0018971
0.00174379
0.00158978
0.0014379
0.00128293
0.00112867
0.000913143
0.000757217
0.000605106
0.000450134
0.000298262
0.000144005
-1.00136e-05
-0.000163794
-0.000896454
-0.00104976
-0.00120354
-0.00135732
-0.00151038
-0.00166225
-0.00181746
-0.00197053
-0.00212431
0.00235105
0.00219727
0.00204349
0.00188828
0.00173926
0.00158238
0.00142717
0.00127435
0.00141478
0.00116134
0.00100875
0.000853539
0.000700474
0.000546455
0.000392437
0.000239372
0.000221968
6.91414e-05
-8.46386e-05
-0.000238895
-0.00039053
-0.00054574
-0.000697851
-0.000852823
-0.00144362
-0.00159764
-0.00175047
-0.00190353
-0.00205755
-0.00221157
-0.00236464
0.00249839
0.00242352
0.00226855
0.00211549
0.00196195
0.00180769
0.00165367
0.00150061
0.00134754
0.00187635
0.00172257
0.00156879
0.00141573
0.0012629
0.00110769
0.000953674
0.000801802
0.000647545
0.000779867
0.000625849
0.000472784
0.000319958
0.000164986
1.19209e-05
-0.00014019
-0.000295162
-0.000966072
-0.0011189
-0.00127196
-0.00142598
-0.00158
-0.0017333
-0.00188684
-0.00204086
0.0022366
0.00208354
0.00193071
0.00177598
0.00162172
0.0014677
0.00131583
0.00116062
0.00112796
0.000922918
0.000770092
0.000616074
0.000463963
0.00030899
0.000154734
1.66893e-06
0.000306845
0.000152826
7.15256e-07
-0.000153542
-0.000307322
-0.00046134
-0.000615358
-0.000767946
-0.000921965
-0.00134492
-0.00149894
-0.001652
-0.00180483
-0.00196004
-0.00211287
-0.00226569
-0.00242019
0.00223088
0.00207806
0.0019238
0.00176907
0.00161576
0.0014627
0.00130773
0.00115466
0.00104475
0.000889778
0.000737906
0.000584841
0.000429869
0.000277758
0.000122547
-3.02792e-05
0.000637531
0.000484467
0.000331879
0.00017786
2.38419e-05
-0.000130177
-0.000282288
-0.00043726
-0.00108647
-0.0012424
-0.00139546
-0.00154853
-0.00170135
-0.00185561
-0.00200868
-0.00216365
0.00221443
0.00206137
0.0019083
0.00175738
0.00159907
0.0014472
0.00129247
0.00113821
0.000990152
0.000955343
0.000802279
0.000648499
0.000495195
0.000341654
0.000186205
3.45707e-05
-0.000120401
-0.000199795
-0.000353575
-0.000507832
-0.000660419
-0.00081563
-0.000967741
-0.00112247
-0.00127459
-0.00159097
-0.00174403
-0.00189734
-0.00205016
-0.00220418
-0.0023582
0.00250506
0.00235105
0.00230885
0.00215673
0.00200176
0.00184894
0.00169659
0.0015409
0.00138807
0.0012331
0.00108266
0.000870228
0.00071764
0.000562429
0.000409365
0.000256538
0.000101328
-5.14984e-05
-0.000204563
-0.000138521
-0.000292301
-0.000445604
-0.000600576
-0.000752211
-0.000907421
-0.00105953
-0.00121546
-0.00160766
-0.00176144
-0.00191379
-0.00206733
-0.00222254
-0.00237632
0.00248861
0.0023334
0.00210309
0.00194955
0.00179625
0.00164127
0.00148845
0.00133538
0.00118113
0.00102639
0.000831366
0.000678301
0.000524282
0.000372648
0.000217438
6.4373e-05
-9.05991e-05
-0.000243664
0.000298738
0.00014472
-8.34465e-06
-0.000162363
-0.000316381
-0.000470161
-0.000623226
-0.000777245
-0.0012114
-0.00136423
-0.00151825
-0.00167251
-0.00182509
-0.00197935
-0.00213242
-0.00228739
-0.00244045
0.00200057
0.00184751
0.00169373
0.00154042
0.0013876
0.00123382
0.00107861
0.000936508
0.00107074
0.000915766
0.000761747
0.000608683
0.000455856
0.000301123
0.000146866
-5.24521e-06
0.000336647
0.000183582
2.74181e-05
-0.000123501
-0.000278711
-0.000431538
-0.00058651
-0.000739574
-0.00168538
-0.00183964
-0.00199342
-0.00214672
-0.00230074
-0.00245237
0.00240946
0.00225544
0.00239968
0.00224662
0.00209284
0.00193763
0.00178766
0.00162959
0.00147772
0.00132298
0.00162387
0.00140476
0.0012517
0.00109768
0.000943661
0.000790834
0.000636578
0.000483513
0.000329733
-0.000486135
-0.000639915
-0.000794172
-0.000948191
-0.00109911
-0.00125527
-0.00140929
-0.00156093
-0.00131226
-0.00146508
-0.00161839
-0.00177193
-0.00192499
-0.00207925
-0.00223303
-0.00238729
0.00238228
0.00222754
0.00207424
0.0019207
0.00176644
0.00161362
0.00145841
0.00130844
0.00106645
0.000912428
0.000759363
0.000606298
0.000451326
0.00029707
0.000145435
-9.77516e-06
-0.000352859
-0.000506878
-0.000660896
-0.000814676
-0.000967741
-0.00112247
-0.00127554
-0.0014298
-0.00159049
-0.00172901
-0.00188398
-0.002038
-0.00219226
-0.0023458
-0.0024991
0.00236487
0.00221205
0.00223327
0.00208139
0.00193071
0.0017736
0.00161958
0.00146532
0.00131154
0.00117517
0.00112915
0.000975847
0.000823736
0.000668287
0.000514984
0.000361919
0.000207901
5.50747e-05
0.00033164
0.000178337
2.3365e-05
-0.0001297
-0.000284672
-0.000436783
-0.000589609
-0.000744581
-0.000400543
-0.000554562
-0.00070715
-0.000863075
-0.00101542
-0.00116849
-0.00132227
-0.00147653
-0.00103283
-0.00118589
-0.00134087
-0.00149393
-0.00164771
-0.00180173
-0.00195575
-0.00210977
-0.00218773
-0.00227714
-0.00243115
0.00242996
0.00227594
0.00212407
0.00196886
0.00181603
0.00166297
0.00142789
0.00127268
0.00111961
0.000965834
0.000812769
0.000659704
0.000506163
0.000351906
-3.19481e-05
-0.000184774
-0.000338078
-0.000491858
-0.000645876
-0.000799894
-0.000954151
-0.00110698
-0.00158715
-0.00174141
-0.00189519
-0.00204706
-0.00220227
-0.0023551
0.00250578
0.00235271
0.00209594
0.00194192
0.00178909
0.00163484
0.00148177
0.00132704
0.00117493
0.00101995
0.0011096
0.000956535
0.000801563
0.000647545
0.000493288
0.000341654
0.000186205
3.33786e-05
-0.000119448
0.000542641
0.000388622
0.000235558
8.27312e-05
-7.34329e-05
-0.00022459
-0.00037837
-0.000532627
0.000735521
0.000582218
0.000429392
0.00027442
0.000123262
-3.24249e-05
-0.000185728
-0.000309706
-0.000470638
-0.000624418
-0.000777483
-0.000931501
-0.00108433
-0.00123858
-0.00139236
-0.00154662
0.00200582
0.00185275
0.00169969
0.00154567
0.00139165
0.00123882
0.0010848
0.000929832
-0.000186205
-0.000340223
-0.000493288
-0.000646353
-0.000801325
-0.000952244
-0.00110722
-0.00126123
0.000430346
0.000276327
0.000124216
-3.0756e-05
-0.000180721
-0.000337839
-0.000485897
-0.000646114
-0.000713825
-0.0022521
-0.00240517
0.00245595
0.00230193
0.00214887
0.0019958
0.00184178
0.00168777
0.00131059
0.00115752
0.0010047
0.000850677
0.000696659
0.000543833
0.000388622
0.000236511
-0.00115967
-0.00131178
-0.00146461
-0.00161982
-0.00177288
-0.00192666
-0.00207973
-0.00223279
-0.000833035
-0.000987291
-0.00114107
-0.00129414
-0.00144672
-0.0016017
-0.00175476
-0.00190806
-0.00238514
0.00247598
0.00232387
0.00216866
0.00201702
0.00186205
0.00170875
0.00155497
0.00140071
-0.00110006
-0.00125408
-0.00140834
-0.00156212
-0.00171423
-0.00186944
-0.00202107
-0.00217605
0.000327826
0.000175714
2.16961e-05
-0.000131369
-0.000285625
-0.000438452
-0.000592232
-0.000745058
0.000410557
0.0002563
0.000103712
-4.93526e-05
-0.000203609
-0.000358343
-0.000511646
-0.000628471
-0.000210285
-0.000363111
-0.000516176
-0.000670195
-0.000824213
-0.000977516
-0.00113225
-0.00128555
-0.00143838
-0.00159192
-0.00174618
-0.00189924
-0.00205112
-0.00220728
-0.00235939
0.00250173
0.00139499
0.00124288
0.00108767
0.000934839
0.000780821
0.000626802
0.00047493
0.000320673
0.000165939
0.00122619
0.00107336
0.000920296
0.000768185
0.000613451
0.000459194
0.000307083
0.000240564
0.00247598
0.0023222
0.00216913
0.0020144
0.00186205
0.00170803
0.00155401
0.00140095
0.00222826
0.0020752
0.00191998
0.00176811
0.0016129
0.00146008
0.00130725
0.00115418
0.00174665
0.00159264
0.00143862
0.00128651
0.00113273
0.000977516
0.000823975
0.000671864
-0.00121665
-0.00136852
-0.00152349
-0.00167656
-0.00182962
-0.00198388
-0.00213766
-0.00229073
-0.00128198
-0.00143409
-0.00158811
-0.00174212
-0.00189519
-0.00204921
-0.00220323
-0.00235629
0.00250697
-8.79765e-05
-0.000241995
-0.000394583
-0.00054884
-0.000701904
-0.000855684
-0.00100899
-0.0011611
6.65188e-05
-8.7738e-05
-0.000239134
-0.000394821
-0.000545979
-0.000700951
-0.000853777
-0.00100589
-0.000181437
-0.000336409
-0.000489473
-0.000643492
-0.000795364
-0.000949383
-0.00110269
-0.00122547
0.000473022
0.00032115
0.000166178
1.3113e-05
-0.000141144
-0.000294924
-0.000447989
-0.000601053
0.00158238
0.00142741
0.00127411
0.00112033
0.000967026
0.000813007
0.000660181
0.000508308
0.000353098
-1.14441e-05
-0.000165462
-0.000318527
-0.000472546
-0.000626564
-0.000779629
-0.000932455
-0.00108647
0.000458717
0.000304699
0.000153542
-2.38419e-06
-0.000155449
-0.000306368
-0.000462294
-0.000540257
-0.000213623
-0.000368834
-0.000520706
-0.000674725
-0.000828743
-0.000981569
-0.00113583
-0.0012877
-0.00127673
-0.00143075
-0.00158358
-0.00173759
-0.00189185
-0.00204372
-0.00219679
-0.002352
-0.0023365
-0.00248861
0.0023725
0.00221968
0.00206661
0.00191355
0.00176048
0.00160623
0.00115323
0.00100017
0.000845432
0.000692129
0.000538111
0.000385284
0.00023222
7.9155e-05
-7.36713e-05
-0.00095892
-0.00111175
-0.00126481
-0.00141811
-0.00157285
-0.00172496
-0.00187778
-0.00203276
0.00198841
0.00183415
0.00168252
0.00152826
0.0013752
0.00122237
0.00106812
0.000915289
0.000277996
0.000122786
-2.88486e-05
-0.00018096
-0.00033617
-0.000488997
-0.000643015
-0.00079608
-0.00108075
-0.0012331
-0.00138378
-0.00153875
-0.00169182
-0.00184584
-0.00199986
-0.00213695
-0.0021522
-0.00230622
-0.00246024
0.00240278
0.00224876
0.00209594
0.00194383
0.00178862
0.00163698
0.00212836
0.0019753
0.00182128
0.00166821
0.00151515
0.00135994
0.0012095
0.00105429
0.00179195
0.00163937
0.00148606
0.00133204
0.00117922
0.00102496
0.000871897
0.00071907
0.00169349
0.00154042
0.0013876
0.00123429
0.00108218
0.000926256
0.00077343
0.000679493
-0.00241685
0.00244403
0.00229001
0.00213718
0.00198507
0.00182986
0.00167727
0.00152397
-0.0019629
-0.00211573
-0.00226855
-0.00242281
0.0024395
0.0022862
0.00213218
0.00198054
0.00232887
0.00217462
0.00202084
0.00186896
0.00171471
0.00156188
0.00140882
0.0012548
0.00110173
0.000948668
0.000794888
0.000639915
0.000487804
0.000333786
0.000181675
2.76566e-05
-0.00012517
-0.00135279
-0.00150681
-0.00165987
-0.0018127
-0.00196576
-0.00212002
-0.00227284
-0.00242591
-6.74725e-05
-0.000220537
-0.000374317
-0.000526428
-0.000680208
-0.000833273
-0.000986338
-0.00114012
0.00230742
0.0021522
0.00200033
0.00184727
0.00169325
0.00154042
0.00138927
0.00123405
-0.000430346
-0.00058651
-0.000737667
-0.000890255
-0.00104332
-0.00119638
-0.00134945
-0.00150251
0.00241613
0.00226307
0.00211096
0.00195718
0.00180387
0.00164986
0.00149727
0.00134301
0.00118995
-0.00215077
-0.0023036
-0.00245786
0.00240541
0.00225329
0.00209832
0.00194526
0.00179338
0.00204492
0.00189185
0.00173974
0.00158691
0.0014329
0.00127959
0.00112605
0.000972748
-0.000910282
-0.00106311
-0.00121617
-0.00137019
-0.00152326
-0.00167608
-0.00182891
-0.00194693
-0.000776529
-0.000931263
-0.00108361
-0.00123429
-0.00138927
-0.00154352
-0.00169516
-0.00184846
-0.0023222
-0.00247359
0.00238848
0.0022347
0.00208163
0.00192857
0.0017755
0.00162244
0.00235581
0.00220251
0.00204945
0.00189781
0.00174379
0.00159168
0.00143671
0.00128365
0.00113082
0.000976562
0.000824451
0.000670671
0.000518799
0.000364542
0.000211716
5.8651e-05
-2.16961e-05
0.00174212
0.00158906
0.00143695
0.00128198
0.00112987
0.000975847
0.000823021
0.000669956
0.00165248
0.00149941
0.0013454
0.00119352
0.00103951
0.000887632
0.000733376
0.000580311
0.000509739
0.000357866
0.000205755
5.07832e-05
-0.000101089
-0.000254393
-0.000407457
-0.000560045
0.000819445
0.00066638
0.000513315
0.000360489
0.000207424
5.43594e-05
-9.94205e-05
-0.00025177
0.0024271
0.00227404
0.00212193
0.00196815
0.00181508
0.00166082
0.00151014
0.00135493
0.00120306
0.00224805
0.00209379
0.00194097
0.0017879
0.00163484
0.00148201
0.00132895
0.00117493
0.00136805
0.00121593
0.00106525
0.000910044
0.000756979
0.000604153
0.000452042
0.000297785
0.000850439
0.000697613
0.000544548
0.000391483
0.000239611
8.44002e-05
-6.7234e-05
-0.000222683
0.000632524
0.00047946
0.000326633
0.000174761
2.0504e-05
-0.000131369
-0.000285387
-0.000437498
-0.00243998
0.00242329
0.00227118
0.0021162
0.00196528
0.00181103
0.00165844
0.00150537
0.00135326
-0.000438929
-0.000591755
-0.000743628
-0.000896692
-0.00105071
-0.00120282
-0.00135493
-0.00150752
-0.000436783
-0.000589609
-0.000741959
-0.000894785
-0.0010488
-0.00120187
-0.00135493
-0.00148487
-0.000852823
-0.00100565
-0.00115752
-0.00131178
-0.00146246
-0.00161767
-0.00177073
-0.00192142
0.00139475
0.00124288
0.00108981
0.000936747
0.00078392
0.000630617
0.000476599
0.000325918
0.00127459
0.00111961
0.000967741
0.00081563
0.000662804
0.000509739
0.000358582
0.000203609
0.000595331
0.000441313
0.000288248
0.000134468
-1.35899e-05
-0.000169754
-0.000323772
-0.000477552
-0.000572681
-0.000341654
-0.000494957
-0.000647068
-0.000799894
-0.000952959
-0.00110579
-0.00125766
-0.00141191
-0.00215554
-0.00230932
-0.00246239
0.00239944
0.00224853
0.00209451
0.00194263
0.00178981
0.00222707
0.00207543
0.00192237
0.0017693
0.00161624
0.00146413
0.00131011
0.00115919
0.00110054
0.000948191
0.000794411
0.000641346
0.000489235
0.000336409
0.000188589
3.12328e-05
-0.000646114
-0.000883102
-0.00103593
-0.00118804
-0.00134206
-0.00149417
-0.00164795
-0.00180197
-0.00195193
-0.00195384
-0.00210714
-0.00225997
-0.00241303
0.0024488
0.00229692
0.0021441
0.00199103
0.00229359
0.00214028
0.00198746
0.00183463
0.00168157
0.0015285
0.00137639
0.00122333
0.00108981
0.000936747
0.000782728
0.000629663
0.000477791
0.000324488
0.000172615
2.07424e-05
-0.000135183
-0.000288248
-0.000441074
-0.000594378
-0.000746489
-0.000899315
-0.00105238
-0.00120521
-0.00135922
-0.00151134
-0.0016644
-0.00181746
-0.00197148
-0.00212216
-0.00227642
-0.00242829
0.00243378
0.00227952
0.00212741
0.00197482
0.00182176
0.00166869
0.00151682
0.00136256
0.00121069
0.00105691
0.000905752
0.000752926
0.000598669
0.000445604
0.000292778
0.000139713
-1.43051e-05
-0.000167131
-0.000320196
-0.000472307
-0.00062418
-0.000778437
-0.000932217
-0.00108409
-0.0012362
-0.00209618
-0.00225067
-0.00240254
0.00246143
0.00230742
0.00215435
0.00200129
0.00184846
0.000781536
0.000627518
0.000475407
0.000321627
0.000169516
1.52588e-05
-0.000136614
-0.000287294
0.00140023
0.00124717
0.0010922
0.000941038
0.000788212
0.000635147
0.000482321
0.000328302
-0.00221086
-0.00239062
0.0024724
0.00231934
0.00216627
0.00201344
0.00186038
0.00170732
0.00155449
0.00037837
0.000226259
7.22408e-05
-7.96318e-05
-0.000231743
-0.000386953
-0.000537395
-0.000692606
-0.00103354
-0.00118756
-0.00133967
-0.0014925
-0.00164557
-0.00179982
-0.00195026
-0.00210476
-0.00218248
-0.00233531
-0.00248718
0.00237584
0.00222254
0.00206852
0.00191689
0.00176144
0.00234079
0.00212693
0.00197268
0.00182056
0.00166774
0.00151467
0.00136161
0.00120902
0.00105643
0.000903368
0.000751257
0.000597239
0.000445604
0.00029254
0.000139236
-1.45435e-05
-0.000166655
-0.000566959
-0.000720024
-0.000872135
-0.00102496
-0.00117779
-0.0013299
-0.00148392
-0.00163579
-0.00216413
-0.00231791
-0.00247097
0.00239301
0.00224018
0.00208688
0.00193477
0.00178099
0.00157547
0.00133467
0.00118279
0.00102901
0.000877857
0.000723839
0.000571728
0.000418663
8.44002e-05
-6.96182e-05
-0.000221252
-0.00037241
-0.00052619
-0.000678301
-0.000831604
-0.000985384
-0.00120568
-0.00135875
-0.00151038
-0.00166345
-0.00181651
-0.00196838
-0.0021224
-0.00227356
-0.0023911
0.00247097
0.00232291
0.00216675
0.00201368
0.00186062
0.00170779
0.00155282
0.00140381
0.00117993
0.00102687
0.000873804
0.000721931
0.000567913
0.00041461
0.000261784
0.000109673
-0.000234365
-0.00038743
-0.000539541
-0.000692606
-0.000844717
-0.000999689
-0.00115132
-0.00130439
-0.00155735
-0.00170946
-0.00186229
-0.00201416
-0.00216722
-0.00232124
-0.00247335
0.00238967
0.00230074
0.00214863
0.00199461
0.00184155
0.0016892
0.0015347
0.00138283
0.00122952
0.00109768
0.000944853
0.000790834
0.000638485
0.000485659
0.000332594
0.000179052
2.76566e-05
-0.000102758
-0.000279903
-0.000432014
-0.000585794
-0.000738859
-0.000893116
-0.00104475
-0.00119781
-0.00134993
-0.00147247
-0.00162554
-0.00177741
-0.00193048
-0.00208354
-0.00223637
-0.00238943
0.00247431
0.00235152
0.00220156
0.00204372
0.00189161
0.00173879
0.00158548
0.00143147
0.00127983
0.00112987
0.000950813
0.000799656
0.000645638
0.000492811
0.000339746
0.000187635
3.38554e-05
-0.000137568
-0.00028944
-0.000442743
-0.000595808
-0.000749588
-0.000901461
-0.00105453
-0.00120568
-0.00135875
-0.00151157
-0.0016644
-0.00181842
-0.00197148
-0.00212359
-0.00227547
-0.00242925
0.00243449
0.00235033
0.00219727
0.0020473
0.00189233
0.00173807
0.00158405
0.00143242
0.00127935
0.00109053
0.000881433
0.000728607
0.000575542
0.000421524
0.000269413
0.000115395
-3.62396e-05
-0.000214577
-0.000367641
-0.000519991
-0.000673771
-0.000826836
-0.000980854
-0.00113177
-0.00128675
-0.00141191
-0.00156474
-0.00171781
-0.00187087
-0.00202394
-0.00217605
-0.00233006
-0.00248194
0.00245214
0.00229907
0.00214577
0.00199318
0.00184011
0.0016911
0.00153327
0.00137997
0.00113964
0.00107265
0.000834465
0.000682592
0.000526667
0.000374317
0.000221491
6.81877e-05
-8.46386e-05
-0.000296593
-0.000449419
-0.00060153
-0.000755787
-0.000908613
-0.00106072
-0.00121474
-0.00136852
-0.00124979
-0.00140381
-0.00155592
-0.00170755
-0.00186086
-0.00201392
-0.0021677
-0.002321
0.00236869
0.00221682
0.0020628
0.00190997
0.00175595
0.00160384
0.00145078
0.00129795
0.00102663
0.000873566
0.000720978
0.000565767
0.000413656
0.00026083
0.000107765
-4.43459e-05
-0.000102282
-0.000255108
-0.000407219
-0.000560999
-0.000713825
-0.000865936
-0.00101924
-0.00117302
-0.00138807
-0.00154233
-0.00169492
-0.00184703
-0.00200009
-0.00215292
-0.00230622
-0.00245929
0.00240493
0.00237465
0.00222087
0.00206757
0.00191879
0.0017612
0.00160885
0.00145459
0.001302
0.00112748
0.000970364
0.000816822
0.000664473
0.000510454
0.00035882
0.000204802
5.14984e-05
-1.78814e-05
-0.000173092
-0.000325203
-0.000479698
-0.000632048
-0.000784159
-0.000938177
-0.001091
-0.0012989
-0.00145197
-0.00160599
-0.0017581
-0.00191092
-0.00206494
-0.00221705
-0.00237083
0.00232506
0.00217128
0.00201893
0.00186586
0.00171304
0.00156021
0.00140595
0.00125313
0.00110626
0.000990152
0.000798941
0.000647068
0.00049305
0.000340223
0.000187159
3.40939e-05
-0.000117779
-0.000246048
-0.000398874
-0.000553131
-0.000705004
-0.000858784
-0.00101089
-0.00116515
-0.00131702
-0.00140381
-0.00155687
-0.00170994
-0.00186205
-0.00201392
-0.0021677
-0.00231981
-0.00247288
-0.0023725
0.00249052
0.00233889
0.00218487
0.00203156
0.00187778
0.00172567
0.0015738
0.00142741
0.00134897
0.00112247
0.000968456
0.000815392
0.000662565
0.000509501
0.000356436
-3.71933e-05
-0.000190496
-0.000343561
-0.000496387
-0.000648499
-0.000802517
-0.000955343
-0.00110912
-0.00126052
-0.00155187
-0.00170565
-0.00185871
-0.00201154
-0.00216365
-0.00231671
-0.00246954
0.00239444
0.0022831
0.00213099
0.00197673
0.00182605
0.00167084
0.00151896
0.00136614
0.00121188
0.00119138
0.0010407
0.000885487
0.000733376
0.000581503
0.000427485
0.000275373
0.000121593
-3.86238e-05
-0.000191689
-0.000344753
-0.000497818
-0.000650883
-0.000803947
-0.000957727
-0.00110865
-0.00106859
-0.00122166
-0.00137353
-0.00152755
-0.00168037
-0.00183368
-0.00198555
-0.00213742
-0.00219893
-0.00235176
-0.00250554
0.00235701
0.00220394
0.00205207
0.00189781
0.0017457
0.00159216
0.00116801
0.00101542
0.000861168
0.000708103
0.000554323
0.000403166
0.000249386
9.63211e-05
-0.000200748
-0.000351429
-0.000504494
-0.000658751
-0.000810623
-0.000964642
-0.00111771
-0.00127053
-0.00127411
-0.00142694
-0.00158
-0.00173211
-0.00188613
-0.002038
-0.00219107
-0.00234389
-0.00214338
-0.00229645
-0.00244856
0.00241351
0.0022645
0.00210738
0.00195456
0.00180149
0.00178981
0.00165296
0.00148463
0.00133157
0.00117803
0.00102592
0.00087285
0.000719786
0.000565767
0.000543833
0.000391722
0.000238419
8.58307e-05
-6.81877e-05
-0.000219584
-0.000373363
-0.000525475
-0.00101638
-0.00116944
-0.00132132
-0.00147438
-0.00162745
-0.00178051
-0.00193334
-0.0020864
-0.0024004
0.00246382
0.00231099
0.00215697
0.0020051
0.00184989
0.00169683
0.001544
0.00133038
0.00122714
0.0010252
0.000871181
0.000720024
0.000566244
0.000413179
0.000259161
0.000204325
5.126e-05
-0.000101566
-0.000254869
-0.000407696
-0.000560522
-0.000713587
-0.000865459
-0.00084281
-0.00099659
-0.0011487
-0.00130272
-0.00145555
-0.00160766
-0.00175977
-0.00191355
-0.0020678
-0.002424
0.00243759
0.00228453
0.0021317
0.00197864
0.00182748
0.00167274
0.00152159
0.00125241
0.00117946
0.000946522
0.000794411
0.000640154
0.000487328
0.000334263
0.000181437
0.000164986
9.77516e-06
-0.000141382
-0.000296116
-0.000448227
-0.000602484
-0.000754356
-0.000907183
-0.00101566
-0.00116968
-0.0013237
-0.00147557
-0.00162864
-0.00178242
-0.00193572
-0.00208783
-0.00227952
-0.00243235
0.00243092
0.00227761
0.00212479
0.00197077
0.00181842
0.00166559
0.00147939
0.00132847
0.00117326
0.00101948
0.000866413
0.000714302
0.000560522
0.000409365
0.000255108
5.26905e-05
-0.000100136
-0.000253201
-0.000405312
-0.000560045
-0.000712156
-0.000864983
-0.00101709
-0.00117993
-0.00133371
-0.00148582
-0.00164008
-0.00179267
-0.00194573
-0.00209999
-0.00225067
-0.00237393
0.00248957
0.00233579
0.00218153