34.9501
35.0457
35.1369
36.3403
36.0968
36.0685
36.1937
36.0006
36.0501
36.3098
35.8237
38.6785
38.4729
38.3787
38.399
38.1756
38.1995
38.0608
38.0555
38.9376
38.8138
38.8921
38.6333
38.6333
38.5034
38.467
38.2886
38.1659
37.0722
37.3626
37.3601
37.1448
36.9493
36.8992
37.146
37.0198
36.7992
36.53
36.5456
36.6163
36.3659
36.559
36.3873
36.5027
35.2593
35.3045
35.3558
35.1259
35.26
35.3428
35.3392
35.3182
36.9063
36.9084
37.1786
36.9081
36.9506
37.0718
37.0902
37.0127
37.2096
37.5022
37.3214
37.3936
37.4741
37.6402
37.4178
37.5612
37.7222
36.4801
36.4473
36.6493
36.7596
36.6794
36.871
36.767
36.9314
36.843
36.9369
37.2616
37.0991
37.2959
37.2501
37.4144
37.4474
37.6303
37.5096
37.6323
37.6816
37.9886
37.7491
37.865
37.914
38.1124
38.1758
38.1435
38.1675
38.3194
38.2294
38.35
38.484
38.9891
39.2391
39.1831
39.2319
39.2285
39.2997
39.2532
39.162
40.1088
40.059
40.1861
40.027
40.1326
40.4513
40.2954
40.1249
40.152
40.3176
40.611
40.3099
40.6748
40.4859
40.6929
40.4552
40.7358
42.2846
42.1058
42.2199
42.3634
42.5218
42.5873
42.5324
42.5557
43.3335
43.656
43.4815
43.4631
43.3872
43.4771
43.6235
43.4518
41.5224
41.3496
41.4426
41.274
41.4894
41.3084
40.8917
40.8118
36.1864
35.854
35.9269
35.7182
35.6315
35.5221
35.5627
35.3334
33.7621
33.8131
33.4668
33.5426
33.3102
33.421
33.4887
33.0059
33.1639
39.751
39.5671
39.476
38.949
38.9797
38.9628
38.4977
38.5721
43.6244
43.4869
43.4393
43.2497
43.3853
43.085
43.0445
42.8878
43.6649
43.504
43.8034
43.5507
43.4205
43.383
43.098
43.357
36.2663
36.3029
36.2593
36.1604
36.444
36.3199
36.4793
36.627
32.3055
32.3651
32.6942
32.863
32.8851
32.6856
33.1093
32.853
33.0049
37.8533
37.6171
37.5847
37.7967
37.9298
38.0196
38.189
38.1827
47.8029
48.195
48.3225
48.3254
48.5368
48.8141
49.0258
49.3966
45.6161
45.6904
45.9456
46.1809
46.396
46.6096
46.7323
46.8418
35.3556
35.2651
35.3615
35.2254
35.3272
35.2099
35.0751
35.0836
32.9368
32.8801
32.7455
32.6518
32.5187
32.3561
32.2289
32.1398
38.9248
38.7914
38.5327
38.5725
38.0392
37.9194
37.8966
37.4595
37.4417
44.1802
44.0005
43.7823
44.0738
43.6882
43.7926
43.6775
43.8073
39.0633
38.948
39.1199
38.8086
38.6286
38.6385
38.7093
38.5642
37.4822
37.1324
37.4701
37.2685
37.0183
36.7555
36.9036
36.4644
37.2846
37.1124
36.7794
36.7555
36.4853
36.2761
36.0744
36.0931
35.0184
35.0865
34.9944
35.08
35.0972
35.0497
35.4111
35.1871
35.7364
36.0233
35.8425
36.0138
35.7425
35.7832
35.5602
35.5991
35.7977
39.5524
39.324
39.3742
39.2542
39.1292
39.2235
39.3462
39.2222
36.62
36.6702
36.6224
36.7484
36.7937
37.1487
37.1432
37.4646
31.7189
31.9746
32.2737
32.3429
32.5673
33.0071
32.773
33.1708
35.7227
36.0041
36.0935
35.7878
35.3511
35.0301
35.305
35.5165
57.4175
58.1082
58.6641
59.3028
59.3744
60.1325
60.6254
60.9907
61.9554
62.5083
62.8145
62.7009
63.1503
63.3916
63.5581
63.4864
63.6032
43.1937
42.6801
42.5608
42.4579
42.3134
42.0718
42.1498
42.0902
56.3472
56.3692
56.2602
55.5745
55.1849
55.2742
55.2475
55.8365
67.92
68.4993
68.6089
69.1269
69.2696
69.3675
69.5953
69.802
50.4013
50.5037
50.6449
50.9286
50.9585
50.9765
51.0176
51.338
34.2234
34.2666
33.84
33.6704
33.47
33.5538
33.1871
32.8933
32.6474
37.9887
37.9184
37.6027
37.3274
37.216
37.4184
37.3168
37.4191
53.7214
53.6661
53.5124
53.2496
52.9803
52.7138
52.3975
52.2037
36.8809
36.6423
36.8562
36.6042
36.2706
36.126
36.277
35.9202
33.5066
33.3095
33.3344
33.2913
33.282
33.0511
32.7923
32.8534
35.5111
35.4081
35.6597
35.5042
35.4163
35.2874
35.107
34.9546
39.7763
40.3598
40.0591
39.9961
40.3759
40.1568
40.113
40.1444
40.305
43.111
43.2506
43.328
43.4362
43.8257
43.7577
44.0702
44.2662
38.47
38.6523
39.0685
39.1657
39.6814
40.3411
40.92
41.2396
39.8508
40.3058
40.2388
39.5032
39.8041
39.5767
39.4506
39.1188
42.8597
42.7431
42.3204
42.0825
41.9432
42.4657
42.8036
42.8104
50.8804
50.5551
50.1013
50.1564
50.1852
50.0627
49.8157
49.9813
49.5179
50.2483
49.9282
49.7054
50.0284
50.1545
50.619
50.8686
51.7528
46.1507
46.1345
46.318
47.6562
48.7103
49.3835
49.9867
50.3393
62.5363
62.4348
62.5462
62.5735
62.3866
62.2051
61.5663
61.0292
43.7392
43.3859
43.0882
43.1326
42.7062
42.2904
42.3888
42.1318
44.4355
44.4328
44.8254
44.9934
45.152
45.2443
45.6312
45.8035
45.0138
45.411
44.976
44.8573
44.4546
43.959
43.6528
43.4843
43.0943
38.5068
37.7808
37.4448
37.252
37.2508
37.1714
37.8286
37.3968
35.7894
35.8107
36.1711
36.0562
35.8826
35.9642
35.7524
35.783
31.3699
31.4035
31.0845
30.9908
30.9228
31.4573
31.4903
31.2829
28.7563
28.2298
26.4896
25.4316
24.6008
24.5107
24.6811
24.6538
61.7934
63.4385
65.0536
64.7968
64.4669
64.2302
63.7533
63.6684
36.819
36.5925
36.644
36.6597
36.9471
37.3458
37.0348
35.7879
33.6811
28.654
28.7798
28.5775
28.4228
27.9482
28.0813
28.6885
28.4229
68.2587
67.8774
70.161
71.1763
70.9531
71.078
71.0121
71.2794
44.3632
44.485
44.6906
45.3036
45.2993
45.956
46.6088
47.0896
30.3595
30.0179
29.8204
29.3681
29.7542
29.908
30.0839
30.0006
39.4465
39.1367
38.5759
38.5001
37.9799
37.7868
37.3856
36.9837
36.4369
36.6729
37.5427
38.8761
39.148
39.6948
39.6802
40.1775
40.9447
51.2126
51.6671
52.2253
52.7202
52.4159
52.1579
51.8612
51.4829
39.121
39.2656
38.8329
38.7218
38.342
38.5662
38.4822
38.408
28.7829
28.8405
28.8805
29.0889
28.9198
28.9389
29.4984
29.3322
25.2715
23.0376
22.9142
22.9039
22.2914
22.2493
22.3937
22.9239
66.7997
66.6812
69.1437
69.9994
69.9402
69.4432
69.3941
69.4657
69.5678
39.6577
39.564
39.6288
39.4995
39.5925
39.6004
39.5282
39.7158
28.6963
28.5973
28.5936
28.3434
28.0295
28.2124
27.846
27.9789
40.3508
40.3139
40.2154
39.7874
39.638
39.3225
39.06
38.9842
36.1657
36.1475
35.6463
35.5151
35.3988
35.4067
35.0676
34.9154
37.409
37.0321
36.5018
35.8524
35.6832
35.2236
34.723
33.9236
41.9119
41.2432
41.0145
40.4863
39.9901
39.6013
39.2122
38.8378
38.4262
45.7308
45.1373
45.1427
44.4921
44.1712
43.8694
43.2902
42.8333
58.407
57.0364
56.144
54.9631
53.828
52.4718
50.7982
48.9493
50.5609
47.4715
44.3565
40.3338
36.179
32.659
30.9512
29.8543
30.8263
31.1741
31.1482
31.7502
32.7836
34.2063
35.5648
36.8308
33.6883
34.3968
35.3516
35.5574
36.5163
37.2949
38.2919
38.6413
36.259
36.6832
37.2291
37.836
37.756
37.4499
36.9441
36.6847
35.8108
51.0647
50.086
48.8307
47.5215
46.7536
45.666
44.8929
44.1745
63.6807
62.7104
62.0443
61.5724
61.0998
60.853
60.6121
60.5375
61.7133
61.7814
62.3409
63.0621
63.0331
63.4469
63.9898
64.8475
57.5011
58.4815
59.5586
60.7226
61.7004
62.4333
63.9009
64.8821
52.9986
53.8759
54.4489
55.368
56.7383
57.8152
58.7044
59.5038
60.0832
48.4091
48.7354
49.6114
49.7879
50.3102
50.2143
50.2525
50.2393
45.1378
44.9674
44.9638
44.355
43.9495
42.8451
42.2508
40.8951
49.5511
48.4699
47.1831
46.0536
44.7579
43.2297
41.9853
40.9873
59.1143
58.2366
58.243
58.2439
57.9286
57.5681
57.4395
57.3606
47.7047
47.8464
47.8629
47.7708
47.4133
47.36
47.1675
46.8616
30.3465
30.3293
30.3735
30.0807
30.6238
30.5741
31.0867
31.5103
31.7285
25.5588
26.0552
26.4843
27.1667
27.6852
28.3967
28.844
29.6138
28.8967
29.6436
29.7023
30.1987
29.8464
30.3187
30.6697
30.3595
34.9566
33.8686
32.7123
31.4452
30.1701
29.2577
28.5235
27.7751
38.3091
37.6146
37.4749
36.7338
36.5116
36.1549
35.9825
35.7828
45.4088
44.9899
44.8689
45.0609
45.2218
45.4285
45.2926
45.847
46.0831
53.9382
54.7479
55.308
56.1379
56.4876
56.754
56.786
56.823
57.3964
57.6169
57.5933
58.006
58.3277
58.5353
59.4219
60.2788
55.1781
56.1392
57.7149
59.0371
60.541
61.9785
63.7506
65.1579
50.5981
52.1197
53.2031
54.4356
55.9735
57.0162
58.2864
59.5328
44.3314
45.0041
46.3421
47.3144
48.3486
49.4158
50.5712
50.5056
39.4101
40.0316
39.988
40.0558
39.8725
39.6634
38.9966
38.8445
38.6689
36.2396
36.0524
35.8788
35.6399
35.363
34.644
34.3386
33.4583
32.2307
31.4008
30.4437
29.6637
28.6216
27.8063
26.9789
26.158
32.6212
32.2063
31.8442
31.497
31.1412
30.5219
29.9059
29.6926
54.9729
53.688
52.976
52.038
51.9947
51.6251
51.4464
50.6437
69.6863
66.7202
63.4465
60.7641
58.3234
56.0437
55.1788
54.7675
52.2098
52.5238
52.8158
52.9729
53.0251
52.8873
52.5928
52.4682
51.8071
49.3761
47.9332
46.657
45.112
43.2938
41.4084
39.6927
38.2207
58.6931
56.6753
54.2594
52.7385
50.8802
49.4703
48.2089
47.0898
60.974
60.2154
58.9654
58.2543
57.3339
56.7105
56.2338
56.1159
57.6766
57.1181
56.6956
56.7308
56.6543
56.9708
57.4304
58.0067
58.4324
58.6154
58.863
59.2917
59.5987
60.2395
60.7199
61.3237
61.5238
61.2747
61.064
60.8284
60.4797
60.0477
60.0874
60.8951
61.1831
61.5449
62.4337
63.0033
63.0798
62.2834
62.6421
62.3398
62.6941
57.936
58.7397
59.3135
59.4338
60.1393
60.8519
61.1407
61.0298
56.4326
55.7842
55.1947
54.5671
54.3652
54.2514
54.1105
54.0472
53.725
54.2734
55.067
56.1806
57.6454
58.9708
60.2388
62.3442
63.7658
65.6853
67.9775
70.0373
72.0194
74.212
76.1124
78.3728
79.8052
57.8705
59.1829
60.8013
62.0136
63.7168
65.5626
67.3615
69.3711
38.6035
39.6276
40.6266
41.8608
43.1533
44.5175
45.755
47.0684
30.3351
31.0309
32.1321
32.4904
33.0502
33.6651
34.2044
34.9063
27.2261
27.4022
27.3831
27.4453
27.2951
27.3507
26.8496
26.662
26.7643
26.363
26.1234
26.0429
25.9335
25.94
26.2031
26.2498
31.7692
31.2576
31.1546
30.5891
30.0885
29.4492
28.6699
28.1289
28.0747
43.0533
44.2322
45.249
46.1785
47.2482
47.9965
49.0979
50.1654
45.019
45.8527
46.6304
47.1382
47.8639
48.0913
47.2972
46.214
45.1414
43.6091
41.9129
40.276
37.5783
35.3501
33.141
31.1151
46.8846
43.9272
41.3434
38.7747
36.9599
35.142
33.8747
33.8872
59.2558
60.8581
62.8036
65.0588
67.5791
69.8839
72.585
74.3327
90.2294
91.8858
92.8346
93.6324
94.0564
93.99
93.5268
92.4006
91.0445
82.4295
79.4057
75.4486
70.4305
66.0612
61.376
57.1325
54.4089
61.3909
60.0293
59.543
58.9081
58.4426
57.6605
57.1462
56.2613
65.7431
64.5419
63.058
61.3828
59.3284
57.3055
55.6813
54.6442
53.1592
52.1259
50.9638
50.1548
49.2939
48.4996
47.921
47.7992
48.1526
48.4782
49.5334
49.8144
50.6932
51.3559
51.9573
52.6975
53.4533
53.7489
53.9957
53.5231
53.0802
53.173
53.4826
53.0493
52.4404
51.7318
51.1971
50.7074
50.3154
49.4717
48.7272
47.7712
47.4314
46.8199
46.6864
46.2988
46.2139
47.1172
48.334
50.4036
53.1519
56.5264
60.1483
63.9575
67.4919
69.9939
70.4148
70.6144
69.6687
68.4551
67.3676
66.2033
64.5164
62.2683
60.2085
58.5209
56.5452
54.9997
53.8696
53.0125
52.2492
52.2026
52.7619
52.9188
53.9198
54.8679
55.6601
56.6804
57.816
59.0906
60.5541
61.5959
62.6232
63.6006
59.1176
59.6797
60.4658
61.4143
62.5112
63.7134
64.799
66.107
55.6157
56.8172
57.9395
59.1069
60.5881
62.071
63.5836
65.2811
53.8833
55.4302
56.868
58.3545
59.8191
61.668
63.0439
64.8609
50.9826
52.4918
54.3637
55.8447
57.7981
59.4585
61.4335
63.3012
48.9281
50.3086
51.2352
52.6778
53.7123
54.6609
55.7085
56.7687
57.7588
45.6228
46.0215
46.4676
47.1933
47.4203
47.8149
48.1636
48.0205
42.3957
42.1239
41.4657
40.7687
40.5595
39.8434
39.225
38.4518
47.5115
46.2801
44.6357
43.1891
41.454
40.0258
39.2332
38.7566
60.2889
60.5777
61.2213
61.8463
62.5218
62.9186
63.7486
64.266
54.2604
54.2443
54.4918
54.2538
54.3631
54.2104
54.2873
54.9513
55.8036
36.9823
38.3847
39.3552
40.6376
41.4803
42.5682
43.9714
45.1978
35.6005
36.4707
37.7128
38.5691
39.5768
40.7078
41.4271
42.5438
34.3419
35.3476
36.2624
37.1793
38.0716
38.9997
39.3718
40.0113
36.7223
36.2931
35.4596
34.9828
34.8623
34.4883
34.942
34.8741
42.1011
42.405
43.2476
43.2318
43.4441
43.5838
43.5015
43.6535
40.4009
40.4775
40.3986
40.2597
39.7997
39.6279
39.4752
39.4815
39.9637
41.6589
42.1021
42.1642
42.1932
42.1694
42.2606
42.1631
42.1455
48.732
48.5312
48.0829
47.8822
47.7637
47.6126
47.5972
47.2256
51.2482
51.2992
50.5235
50.578
50.97
51.3373
51.4076
51.2263
54.6076
54.056
53.0379
52.2613
51.7882
51.5111
51.306
50.9957
52.6747
52.4035
52.1544
51.6291
50.7914
50.4502
50.1479
49.7791
49.5727
45.3713
44.98
45.0741
44.7913
44.5827
44.6159
44.3546
44.1735
38.6769
38.4593
38.6364
38.318
38.3114
38.1436
38.1097
38.1732
36.0983
36.4958
36.9113
37.1749
37.2973
37.5329
37.104
36.8764
33.7635
33.6935
33.5507
33.8639
33.987
34.2879
34.6275
34.8402
35.5818
36.7633
37.418
38.5806
39.5929
40.4426
41.5696
42.8031
46.4542
47.064
47.3712
47.2976
47.3468
47.783
47.6674
47.9174
48.0949
51.4716
51.7356
51.8531
51.4636
51.197
50.6711
50.1136
49.4698
44.4266
43.5799
43.3945
43.1891
42.937
42.8767
42.6193
42.8383
44.1619
44.2671
44.1714
44.5663
44.5752
44.7938
45.127
45.3324
43.8177
43.6038
43.5841
43.8815
43.7196
43.8945
44.0824
44.2863
41.6628
41.2521
41.1499
40.1996
40.0824
39.994
39.8688
39.9906
42.2998
42.4357
42.554
42.6598
42.1564
41.7324
41.2353
40.8019
40.4062
40.6231
40.2655
39.8207
39.4287
38.9634
38.5807
38.1456
37.229
35.6599
34.7571
33.8989
33.2387
32.3491
32.0339
31.1933
30.2327
38.7754
36.7539
34.7585
32.6492
31.2987
30.0956
29.0521
27.8802
59.2878
57.2943
55.6239
53.8008
51.8601
49.4381
47.0818
45.2078
48.795
48.4981
48.5829
48.6747
48.476
48.3547
48.8138
48.7909
44.8056
44.5479
43.7057
43.2149
42.0718
40.5509
38.2836
37.3154
37.2879
48.5815
48.8598
49.3908
50.3646
51.0057
51.5135
51.8951
51.984
43.0906
43.1248
42.9872
42.8287
42.8193
42.6186
42.5417
42.8199
34.568
35.0701
35.8548
36.4843
37.7435
38.9586
40.1849
41.3498
35.0668
36.1123
36.733
36.9943
37.3593
37.8019
38.2987
38.7776
44.067
44.2982
43.7781
43.3563
42.6042
41.8791
40.8315
39.8707
38.4664
59.0976
56.8754
54.8095
52.5519
50.0558
47.9502
45.8909
43.9995
68.1581
65.0887
62.6946
59.9211
57.6958
55.3094
53.1502
50.9301
60.1401
57.81
55.8167
54.1399
52.4228
50.9122
49.6547
48.2358
46.5737
44.8951
43.4003
41.9892
40.0402
38.3077
37.8078
37.422
37.0951
36.9637
37.6556
38.0217
38.4435
38.7871
39.1442
39.7026
40.1977
41.22
41.9274
42.68
43.4471
44.1533
45.1826
46.301
47.3746
48.0596
49.1332
50.0877
51.3323
52.5592
54.3093
55.8573
57.5756
58.9206
60.8188
62.6159
64.4935
66.1889
67.8588
69.1219
70.4034
63.1328
64.1975
65.4905
66.4413
67.1441
67.8304
68.0883
68.1642
63.2543
63.5676
64.1462
64.6551
64.3927
64.6639
64.6713
65.6721
56.8
58.5072
60.2606
61.8121
63.0119
64.0361
65.8772
67.4903
45.5914
47.2604
49.3181
51.3289
53.4661
54.8604
56.0449
56.8328
57.1866
34.0141
34.1466
34.6365
34.4488
34.7747
35.3442
35.4072
35.4542
24.2082
24.1333
24.0472
24.2022
23.8829
23.8255
23.9047
24.0106
19.9803
20.056
20.2693
20.4891
20.4255
20.3965
20.2015
20.1703
21.2992
21.3285
21.164
21.3161
21.4255
21.362
21.9304
22.1271
30.9498
31.7602
32.122
32.3269
32.1032
32.2396
32.5084
32.3373
32.5425
40.3148
40.9371
40.989
41.1305
41.6071
41.6201
41.753
41.6442
41.6032
41.0945
40.6754
40.186
39.921
39.6342
38.8335
38.3617
30.8317
30.3897
29.8955
29.1284
28.7495
28.4941
28.2003
27.3535
20.1606
20.0665
19.9156
19.6782
19.4228
19.3714
19.2201
19.1756
19.0103
18.9795
19.003
18.6391
18.9905
18.9629
18.8279
19.0684
30.0561
30.1319
29.9642
29.6859
29.7134
29.9013
29.8923
29.9104
29.9683
47.3568
47.0059
46.4924
45.9765
46.1916
46.7896
47.0312
48.3051
43.5014
44.7442
46.2407
47.5915
49.1692
50.3116
51.2038
52.4619
44.0792
43.9554
42.7247
41.7352
40.2626
39.5849
38.3962
37.5613
52.9936
51.7991
49.9621
48.4018
47.0163
45.1874
43.3303
41.5726
56.7893
54.0776
51.3058
48.916
47.3169
46.1525
44.4567
43.1675
41.8065
50.0196
48.6636
46.9439
45.8925
44.5371
43.0658
41.8192
40.5965
53.2317
52.218
51.0062
50.1809
49.7624
49.6147
50.5484
52.0179
53.6431
54.9942
55.4355
56.4464
57.3096
58.0538
58.5348
59.2235
59.2905
59.6155
59.4302
59.3987
60.2923
60.9609
62.3424
63.9139
65.3921
67.0874
69.2569
71.0636
73.1729
75.4073
77.1941
79.3969
63.6633
65.2807
66.6993
68.6643
70.2803
72.0576
73.9531
75.7253
77.7374
58.5945
60.0135
61.6113
62.8697
64.277
65.0316
65.9705
66.36
47.9438
48.3042
49.1748
50.0711
50.9399
51.933
52.8165
54.0312
39.409
39.5875
39.4663
39.6341
39.8786
40.1706
40.3824
41.4527
33.3628
33.7198
33.9928
33.6651
33.6398
33.4146
33.4215
33.248
28.8854
29.5051
30.609
31.5176
32.0933
32.2771
33.0652
33.3878
28.6731
29.3613
29.9169
30.9821
31.16
31.8352
32.6081
33.2868
34.1617
33.6955
34.0682
34.0492
33.891
34.0649
34.3919
34.2806
34.7801
47.9651
47.9243
47.6972
47.6306
47.6208
47.5186
47.4456
47.1472
44.2535
44.2185
43.9767
44.0154
43.8049
43.6175
43.5886
43.9117
37.4048
37.0544
37.2708
37.3863
37.4975
37.5823
37.8937
38.2304
35.4471
35.3812
35.7192
35.9867
36.2008
36.449
36.6893
36.4679
36.3816
33.4825
33.2816
33.3047
32.9098
33.02
32.9163
32.4588
32.1091
35.5079
34.8836
34.2849
34.3037
34.7478
35.7461
37.3546
38.6535
46.0311
46.4608
46.5931
46.7221
45.8306
45.242
44.4079
43.5942
40.333
39.9362
39.0559
38.9336
39.1628
39.3854
39.4923
39.6245
43.5848
43.8994
43.7334
43.6309
43.484
43.2087
42.6401
42.6996
41.4277
41.3312
41.2148
40.8303
40.4391
40.6812
40.4412
40.2649
40.2291
35.2262
35.0876
34.6715
34.7396
34.408
34.2913
34.0266
33.8027
30.4799
30.3129
30.0418
29.301
28.9471
28.8824
28.2124
27.7071
29.1564
28.678
28.0379
27.3193
26.8017
26.5045
25.6131
24.9122
31.1087
30.9842
30.9814
31.2158
31.5121
31.7739
32.54
32.5454
51.2529
51.805
52.5543
53.3715
53.9162
54.5305
54.3769
53.65
66.5314
64.6237
62.7641
59.9328
57.9011
57.1378
56.721
56.7481
57.1535
69.5233
70.1227
70.5574
71.2728
72.5123
73.369
74.4429
75.4665
64.1127
65.6464
67.1905
69.6725
72.2624
75.2117
78.6241
82.156
57.6034
59.8248
62.5184
65.0496
67.3533
68.9234
70.355
71.4029
49.0032
49.0512
48.4762
47.7531
47.0216
46.5534
45.9769
45.7256
36.3019
36.2643
35.5552
35.3462
35.1882
34.6767
34.3724
33.9554
31.5826
31.2999
30.5512
29.9072
29.246
28.6408
27.9479
27.5875
26.8903
29.1948
28.6784
28.2826
27.8945
27.5255
27.0145
26.4305
25.6179
38.8437
37.4066
35.824
34.3903
33.085
32.0109
31.2651
30.0085
45.5808
44.7986
43.9834
43.4803
43.1672
42.5068
41.8536
41.3812
33.6203
34.0115
34.4032
34.9128
36.2059
37.8328
39.0036
40.5143
32.7868
33.5604
34.5611
35.5098
36.0374
36.7361
37.4002
38.1232
38.8082
35.2076
35.5091
35.9808
36.242
36.7575
37.6175
37.7929
37.5667
42.1455
41.7521
41.2094
40.456
39.5791
38.853
38.0216
37.3432
51.7311
50.4461
49.4879
48.2743
47.6603
46.9666
45.9678
45.314
62.2651
61.1579
60.3706
59.9639
59.0236
58.7438
58.4355
58.2566
60.7813
61.0291
61.3612
61.8264
62.7277
63.3618
64.2136
65.3943
57.2278
58.4937
59.5878
60.5655
61.8601
63.2908
64.1794
65.3923
66.7647
53.3285
54.3729
55.5198
56.4681
57.8031
58.7452
59.7498
60.9066
48.2831
49.2101
49.8475
50.0309
50.3785
50.6089
50.2713
50.1504
45.5392
45.2968
44.8995
44.3545
43.4873
42.6003
41.9493
40.9925
51.7157
50.4633
49.8403
48.3921
47.2298
46.3317
45.698
45.0474
59.9983
59.491
59.2474
58.8866
58.8516
58.7341
57.5804
57.1971
37.4309
37.5474
37.7897
38.5086
38.4721
39.2923
40.1238
41.0566
42.6669
29.2437
30.4283
31.5913
32.858
33.5236
34.8175
36.8904
39.0546
30.8849
31.5088
31.6575
31.5266
31.3125
30.981
30.9067
30.989
28.6392
28.7246
28.6548
28.3409
27.913
27.5372
27.14
26.6858
28.1432
27.7206
27.5724
28.1216
28.5361
29.0344
29.9382
30.8779
31.058
31.385
30.9302
30.672
30.58
30.1669
30.0982
29.7234
29.5966
32.0625
31.5609
30.8588
30.499
30.0609
29.4982
29.2578
29.0721
34.7233
35.3383
36.0482
36.9604
37.3599
38.4929
39.2138
39.1991
37.3957
37.1493
37.0621
36.7664
37.4503
37.7411
37.8666
38.3373
33.4333
34.0311
34.525
34.9252
35.2121
35.0477
34.386
34.0183
29.7141
29.3747
29.194
28.3164
28.1534
27.0869
26.7763
26.055
25.4597
25.5203
25.9396
26.5809
26.9581
27.4887
27.0848
26.1637
26.107
31.0303
31.6068
31.8255
32.6732
33.6572
34.4659
35.6222
36.785
36.7246
37.7573
38.8269
40.0385
41.3038
42.1292
43.0351
44.1293
42.877
42.6193
42.3027
41.9031
41.6063
41.1347
40.8015
40.3766
42.5046
41.7653
41.178
41.0022
41.1143
41.3428
41.4508
41.5308
38.5621
38.7142
38.7874
39.0385
38.7984
38.8505
38.4168
38.0895
37.736
35.8815
35.5472
35.3511
35.1561
35.1399
35.461
35.6388
35.8461
33.0212
32.8959
33.0228
32.8327
32.8508
32.7797
33.2293
32.9851
30.5023
30.3584
30.3631
30.3028
30.2733
30.4634
30.4994
29.9603
32.3258
31.0797
30.3619
30.1032
30.0508
29.8792
30.1099
30.0501
38.6773
38.7028
38.7662
38.6032
38.5247
38.4464
38.0501
38.1507
37.0446
36.766
36.4779
35.8052
35.3699
34.9804
34.4242
33.9487
33.4666
29.8816
29.6644
29.6475
29.6284
29.4386
29.6102
30.167
30.149
32.4745
32.7944
33.3596
34.2956
34.9905
36.0115
36.7503
37.6521
44.8277
46.0189
47.1565
48.7647
49.3162
49.6385
49.9804
50.0739
55.776
55.845
55.5329
55.3137
55.2174
54.5411
54.3565
53.9162
51.308
51.3246
50.7909
50.2559
49.6471
49.4255
49.1475
49.2635
42.7305
43.2725
43.6772
44.2899
44.6859
45.2742
46.0051
46.8696
46.9056
42.916
42.9324
42.7483
42.5652
42.5956
43.0517
43.3067
44.5356
43.4341
44.6867
46.1231
47.2007
47.7971
48.1219
48.3488
48.0758
53.9488
53.7281
53.1183
52.461
51.5383
50.9048
50.3836
49.9199
44.2113
43.431
42.5654
42.0513
41.0866
40.4453
39.6419
38.9454
38.2948
36.4375
35.1041
33.7207
32.5417
31.4821
30.6829
30.114
36.9252
36.1505
35.5572
34.2667
33.6102
33.1397
32.5044
32.1126
31.9609
46.6907
46.7296
46.178
45.2563
44.4425
44.141
43.6717
42.8952
53.2014
52.3279
51.192
50.7057
49.5744
48.2654
46.2472
44.0205
42.1173
40.2721
39.5305
39.4868
39.6369
40.1674
40.27
40.9857
38.208
38.2677
38.4019
38.6171
38.9698
39.2052
40.3889
40.6732
48.6346
48.7158
49.1777
49.2557
49.1171
48.5914
47.8194
47.0441
45.2796
37.8844
36.3876
35.7113
34.8383
33.4221
32.1178
30.7045
29.6977
31.3034
29.7454
29.2854
29.2464
28.9516
29.1113
29.2393
29.3874
59.9338
60.5954
61.679
62.696
63.2166
63.5093
64.2176
64.978
58.2867
58.071
57.6038
57.2176
56.5009
55.6418
55.4163
54.6191
52.7726
53.0606
53.1208
53.2336
54.0118
54.2645
55.3464
56.212
51.2612
51.9503
53.2263
54.5056
55.62
56.1668
57.3672
58.3298
59.542
28.9867
29.5011
30.3501
31.3509
32.4697
33.5726
34.5724
36.1853
27.8729
28.9792
30.2737
31.3064
32.391
33.168
34.0541
35.0313
29.4115
29.8277
30.3897
30.8761
31.122
31.5903
32.125
32.5751
29.3718
29.9266
30.3843
31.0028
31.6658
32.172
32.4644
32.3365
38.887
39.3416
40.0191
40.8428
41.2256
41.8295
42.5493
43.2806
55.9376
56.6282
56.9415
57.4301
57.7939
58.1977
58.9174
59.1999
59.0982
53.7829
53.6819
53.8428
53.991
54.0633
54.9435
55.5563
55.8284
48.8811
48.8847
49.2286
49.2693
49.38
49.8534
50.3775
49.7182
47.7959
46.6568
45.6402
45.2415
45.3695
45.7429
46.5511
46.772
47.3339
46.7973
46.0779
45.4423
44.9016
44.3474
43.7103
43.1535
37.8199
37.8368
38.0145
38.3095
38.8735
39.2547
39.7378
40.125
40.5932
42.5089
42.8872
43.2841
43.4759
43.8377
43.5483
43.3158
42.712
41.3932
40.8408
40.6832
39.9261
39.8679
39.1955
38.9009
38.8107
44.3655
44.393
44.3196
44.0238
43.9812
43.5435
42.9087
42.4494
47.3973
46.9355
46.9306
46.5881
46.0278
45.7042
44.7575
44.4208
42.8022
42.6537
42.6841
42.4081
42.1199
41.9026
41.5467
40.999
38.3261
38.5624
39.1149
39.5577
39.5984
39.92
40.011
39.9606
39.6767
37.2611
36.7762
36.0537
35.5692
35.4026
35.236
34.8887
34.7655
36.2255
35.9937
35.5317
34.9644
34.3096
33.9087
33.3903
33.2564
39.7873
39.7674
39.4568
39.0781
37.9397
36.6989
35.5809
34.0835
50.1465
47.5976
45.4422
43.3661
42.192
41.032
39.6991
38.1201
58.4201
55.2857
51.9116
48.5534
45.1452
42.0341
39.2347
37.4367
36.7661
52.249
51.5239
50.6886
49.5223
48.1816
46.9591
46.4156
45.7771
61.5809
60.7652
59.9282
59.3168
58.2957
57.6156
56.602
55.5289
61.4071
60.5245
60.0388
59.7877
59.6729
59.5023
59.311
59.1774
59.4023
59.6003
59.9508
60.4099
61.1404
61.539
62.5074
63.3882
57.3318
58.207
59.2296
60.2982
61.4255
62.5733
63.9506
65.099
56.9306
58.1335
59.3714
60.6915
62.0164
63.4656
64.9009
66.6256
68.2037
54.9331
56.5214
58.2961
60.383
62.4703
63.9408
65.7215
67.0788
51.8394
52.9249
54.22
55.3536
56.2562
57.4778
58.7942
60.0214
45.6115
46.6957
47.889
48.6091
49.5484
50.5067
50.5931
50.7977
41.1197
41.0938
41.0249
40.2745
40.0563
39.7662
39.4041
38.0617
45.1357
44.1684
42.4504
40.8729
39.33
37.9079
36.5591
35.0136
52.2186
50.9211
49.2137
47.8073
46.8215
46.0559
45.4633
45.0546
45.3027
55.206
55.8364
56.8495
58.4348
59.2531
60.5212
61.6459
62.725
56.4538
56.9398
56.8768
56.8714
56.9068
56.7478
57.1557
57.5781
48.995
49.795
51.283
52.2255
53.7321
55.0797
56.3005
57.4739
43.9235
45.0164
45.8483
46.7255
46.6507
46.8762
47.1424
47.0081
33.4458
33.5981
34.3641
34.7796
35.0567
35.4699
35.7705
36.3403
29.8633
30.2331
30.6233
31.3425
32.5255
33.98
35.5165
36.7599
37.6413
32.4706
32.8884
33.3165
33.6406
34.3714
35.0569
35.8593
36.4156
31.2434
31.4361
31.8522
31.8215
31.9886
31.9793
31.4286
31.1712
35.2979
34.6705
35.3556
36.0603
36.5194
36.9959
37.3257
37.6641
55.5755
56.3859
56.4698
56.373
56.0551
55.7136
55.0885
54.0681
51.4137
50.9691
50.8961
51.0159
50.8185
50.6719
50.4792
50.3199
51.4087
44.0678
44.644
45.2265
45.1598
45.2792
45.3884
45.6193
46.045
38.7499
38.7843
38.8712
39.2301
39.4249
39.5001
39.6691
39.8215
32.8274
32.8179
32.8623
33.2278
33.0291
33.0673
33.2626
33.5199
40.7888
40.3497
40.0276
39.0564
38.5766
37.8247
37.5493
37.4055
55.0143
55.0507
55.1185
55.6097
55.9628
57.2572
58.7604
60.5123
50.2095
51.1745
51.9765
51.6971
51.8714
51.7168
51.3555
51.2317
51.1906
43.0722
42.8337
41.9932
41.1948
40.3797
39.9378
39.2666
39.0855
46.013
46.0313
45.9768
45.7865
45.7408
45.6487
45.3931
45.3884
42.3695
42.517
42.7491
42.7688
42.649
42.5873
42.757
42.6107
37.9418
37.9494
38.4608
38.3951
38.6636
38.7409
38.8785
39.2987
35.4428
35.2907
35.1373
34.7215
34.5113
34.847
34.7728
34.8037
35.8868
36.2833
36.6515
36.8353
36.6876
36.2834
36.033
35.9308
35.9321
41.3993
41.6083
41.7164
42.1361
42.6393
43.4192
44.0417
44.6396
46.3507
46.7304
47.0187
47.0974
47.3956
47.5356
47.844
48.3506
44.7595
45.1745
45.435
45.4829
45.4945
45.3317
45.1493
45.251
47.2878
47.0689
46.6749
46.4953
46.0234
45.9512
45.2857
45.0859
49.4233
48.821
48.1367
47.1608
46.5032
46.1241
45.8315
45.8235
45.4034
50.8387
50.2251
49.3466
49.095
48.8318
48.6273
48.9225
48.788
47.1497
47.8838
48.3223
48.7596
49.1204
49.6344
50.436
50.7984
46.1984
46.4807
46.3691
46.2475
46.1139
45.639
45.4849
44.6047
41.1648
40.3915
39.8087
38.6435
37.6806
36.7741
36.132
35.8522
35.3333
35.2222
35.137
35.6936
36.2298
36.0581
35.7853
35.349
33.4691
32.8102
32.3442
31.9203
31.6709
31.0928
30.9925
30.6141
30.2558
40.8125
40.1392
39.3358
38.5098
37.6973
37.1991
36.5409
36.4504
51.4304
51.3387
50.934
49.5407
48.6786
47.1462
45.3871
43.4512
35.807
33.6983
32.0775
30.8143
30.4366
30.524
30.8106
31.2159
28.4651
28.7395
29.1171
29.2965
29.3628
29.2279
28.9261
28.0751
37.7258
36.8284
35.3109
33.857
32.455
31.9956
31.4002
31.5968
53.3416
53.7754
54.1235
54.2919
54.6092
54.5626
54.7865
54.7765
54.9429
53.4017
53.2885
54.0043
55.2949
56.7853
58.1063
59.7307
60.9754
45.5603
46.6862
47.233
47.2241
47.2512
47.3454
47.4479
48.0709
35.4209
35.7877
36.2701
36.6336
37.2794
37.4459
37.7234
38.0673
28.9167
28.8727
28.8025
28.995
28.8478
29.2269
29.3158
29.6749
24.0131
25.0381
26.1207
27.0076
27.815
28.5825
29.3003
30.0606
30.6583
25.2665
25.7408
26.5255
26.9455
28.0092
28.3386
29.0886
30.1823
29.7067
30.7005
31.9719
33.1364
33.9543
34.1169
33.7491
32.7043
37.6835
37.0134
36.9503
37.4171
37.432
37.8235
38.0719
38.3124
50.3689
50.2773
50.1161
49.6229
49.2772
48.7841
48.138
47.6383
43.257
42.9761
42.796
43.0556
43.0392
42.9505
43.006
43.2885
39.0847
39.1976
39.5048
39.8204
40.211
40.5737
41.2676
41.3636
41.4739
33.9128
34.1089
33.9168
33.9405
33.9763
34.277
34.3319
33.8857
33.1233
32.7227
32.7043
32.9432
33.3984
33.5432
33.4226
33.9507
39.5086
39.4327
39.1015
38.8116
38.3852
37.9131
37.3611
37.2321
43.0806
43.1968
43.6224
43.8052
44.3394
44.6116
44.8392
44.7545
40.4498
40.6446
40.8528
41.3494
41.1621
41.089
41.1184
41.4066
36.9757
36.418
35.1605
33.9792
33.2528
32.2613
31.6062
31.1409
30.5168
28.8557
28.4951
28.2099
28.0296
27.2876
25.4371
24.2321
23.3153
29.0989
28.6938
28.4107
28.1267
27.7104
26.9247
26.0625
25.2169
49.918
47.8894
46.1745
43.7002
41.8776
40.9677
40.4458
39.1289
51.992
50.1647
48.9368
47.4775
45.8815
44.219
42.901
42.4477
40.3826
40.7391
40.9431
40.9941
41.8741
42.108
43.1184
43.7199
45.4303
37.2617
38.2991
39.1668
40.2943
41.3871
42.5341
43.7415
44.6361
37.7465
38.427
38.8604
39.317
39.5406
39.6503
39.7286
39.5778
38.5436
37.9446
37.1684
36.5258
36.1123
35.6599
35.1179
34.4868
39.4866
38.2161
36.9177
35.7396
34.6814
33.678
32.9322
32.0503
50.014
48.5963
46.4896
45.3681
43.8074
42.6259
41.0409
39.7137
65.7265
63.8312
61.9903
60.5067
58.7804
57.3347
56.2211
54.7921
53.0129
64.7145
63.0772
62.0019
61.0566
60.1981
59.7807
59.6759
59.6131
63.3693
63.4265
63.6653
64.1277
64.6828
65.0252
65.2348
65.9624
65.3517
66.0402
67.2146
67.8886
68.907
70.1687
71.0957
72.4265
66.5561
67.7895
68.8191
70.1492
71.7902
73.371
75.1761
76.5045
68.7429
70.3334
71.8729
73.832
75.6529
77.2353
78.5235
79.5732
67.3367
67.8883
68.258
68.4534
68.7341
69.0835
68.9745
69.0543
69.4403
64.2377
64.6274
65.6364
66.355
67.0284
67.427
68.0629
69.0861
63.3097
63.9939
64.603
65.2548
66.3196
66.8633
67.7341
68.8285
58.9027
59.9214
61.2086
62.2871
62.6604
62.6845
62.4816
62.8391
48.7157
49.7199
50.5037
50.6293
50.383
50.3113
50.4302
50.703
37.6173
38.2245
38.9027
39.6362
40.0328
40.8088
41.318
41.1697
30.2505
30.1931
30.4608
31.1722
32.0383
33.6092
34.9523
35.8947
36.8162
28.8557
29.3056
29.7029
30.0975
30.6895
30.834
31.2555
32.095
27.9925
28.2436
29.2502
29.5293
29.9515
30.7945
31.2532
32.2333
38.953
40.0648
40.7517
40.092
39.4606
39.2068
39.4631
39.8623
54.6768
55.091
54.8517
54.0801
53.4123
52.0454
51.4063
50.6746
47.026
46.5842
46.044
45.857
45.8527
45.5383
45.7677
45.9189
46.107
41.9206
42.5858
43.2124
43.9045
44.6487
45.1759
45.9035
46.8232
46.5425
48.1955
50.1268
51.6223
52.8867
53.7781
54.7376
54.6712
54.8432
55.2905
55.302
55.0652
54.6005
54.1783
53.9685
53.5063
45.8625
45.3276
44.6935
43.9905
43.8575
43.1157
42.868
41.8331
39.5314
38.9285
38.1895
37.613
36.9779
36.304
35.8254
35.179
39.4121
39.0553
38.7237
38.2968
38.0392
37.8249
37.822
37.7485
37.5763
43.0641
43.1821
43.3459
43.4571
43.6873
43.7323
44.0881
44.2507
44.5087
45.0657
45.3329
45.7609
46.1976
46.6273
47.1669
47.7388
42.4745
43.0424
43.6895
43.7351
44.0205
44.6208
44.7147
45.4103
39.8852
40.4309
41.0414
41.3854
41.3154
41.3974
41.5114
41.6461
38.2784
38.1642
38.0253
37.7467
37.9939
37.7823
37.662
37.637
37.6823
38.7448
38.4334
38.395
38.3908
38.3046
38.5384
38.638
38.3522
47.9762
47.392
46.5433
46.5519
46.3383
46.5089
46.0458
45.3146
51.5355
50.8732
50.198
49.3865
48.308
47.527
46.3041
46.2232
39.0958
39.1658
38.8586
38.6242
38.4293
38.5231
38.7563
39.3798
36.7603
36.8361
36.2341
35.5731
33.9908
32.9826
31.8473
30.852
35.1737
33.887
32.5895
31.1763
30.1334
28.5642
27.4548
26.6231
25.4933
51.7904
50.6903
49.0666
47.644
45.9958
44.7426
43.2719
42.3225
58.0438
56.6729
55.2162
54.0845
53.3581
53.6173
53.8523
54.2505
46.7755
47.11
47.7566
48.1134
48.1277
48.8053
48.6815
49.1322
46.7176
47.2738
47.9335
48.6767
49.9007
50.6998
51.2971
52.0379
51.3487
52.2677
52.8383
53.5514
54.3735
55.1002
55.8995
56.6096
39.1115
39.4086
39.9279
39.9573
40.2267
40.8154
40.9384
41.398
41.4955
42.2633
42.2889
41.9695
42.2426
41.73
41.1973
40.3027
39.8313
50.8391
49.8917
48.5698
47.385
46.2907
45.2766
43.944
42.6179
57.9028
56.1351
55.2427
54.3555
53.1103
52.3521
52.0512
51.4395
63.8271
63.411
62.7619
62.4099
61.7669
61.1993
61.0205
60.9727
59.1181
59.567
59.7153
60.3158
61.0858
61.8612
62.8848
63.4888
64.3724
55.3824
56.1729
56.8885
57.8951
58.786
59.8757
61.0452
62.1066
48.3794
48.9063
50.1956
50.8416
51.6361
52.3012
53.0366
53.5476
42.4978
42.6923
42.7818
42.5356
41.7606
41.5917
40.6264
40.0543
39.2449
38.1005
37.2882
35.8394
34.6029
32.8432
31.9132
31.1809
44.0776
43.5281
43.5658
43.5265
43.7648
43.8038
44.1052
44.1023
51.9452
52.1856
52.0287
51.7157
51.8574
51.6422
52.4323
52.7626
53.8857
34.5681
35.1393
34.9014
35.3185
35.5711
36.561
37.2333
38.3002
26.8836
27.4089
28.526
29.2145
30.1405
31.4647
32.317
33.0048
26.254
26.8904
27.3004
28.3044
28.7666
29.4814
30.348
31.2344
26.986
27.8936
28.7266
29.2022
29.8298
30.5138
30.952
30.5453
32.4424
31.2479
30.6881
30.5786
30.8889
31.3252
31.7937
32.0022
47.8579
47.7296
47.5114
47.5141
47.5331
47.5237
47.5321
47.5271
47.5415
39.495
39.5741
39.6886
39.9959
40.3903
40.6562
40.7052
41.0612
34.4532
34.8963
35.4363
35.893
36.509
37.1608
37.6121
37.9484
32.5067
32.9724
33.1338
33.004
33.0475
33.0732
33.2538
32.9244
34.0848
33.7648
32.9292
31.7459
30.8271
29.5555
29.1167
28.9935
42.4864
43.1347
43.4504
44.0658
44.0236
44.0937
44.0709
43.9097
41.449
41.2525
40.3362
39.4343
39.0917
38.2562
37.6293
36.9982
36.7875
35.4886
35.3163
35.468
35.5431
35.5762
35.7962
35.6788
35.9053
42.3754
42.4225
42.2314
41.808
41.9608
41.9611
41.8382
41.5916
39.1546
39.1935
39.0505
38.8863
38.4361
38.1988
38.3379
38.2809
31.7351
31.8781
31.8856
31.8041
31.7766
31.8594
31.9503
32.0626
27.3776
27.2321
27.0733
26.7954
26.8327
26.6595
26.0149
26.008
26.1242
24.9926
24.8718
24.6198
24.2425
23.4505
23.308
22.9516
22.9219
31.2047
31.4788
31.8463
32.051
32.2872
32.5111
32.8959
33.1402
49.2154
48.9888
48.0521
46.8982
45.7321
44.6746
43.9513
43.2085
58.5788
58.1144
57.982
58.1349
58.584
59.1928
59.2596
59.7011
61.0642
61.7438
63.173
65.0903
67.2345
69.9665
72.1492
74.6119
59.4588
61.1376
63.7212
66.1117
68.8233
70.4938
72.0258
73.1684
74.6457
54.9634
54.8365
55.0144
54.4723
53.4368
52.1126
50.3428
49.1537
37.2078
36.5998
35.9127
35.255
34.4622
34.0933
33.6636
33.5376
28.8755
28.4325
28.1588
27.9258
27.5616
27.2924
26.6968
26.0411
30.4879
30.1088
29.4405
29.2578
28.99
28.6873
28.5228
27.8259
44.5307
43.221
42.1066
40.681
39.6262
38.6867
37.5382
36.3761
52.7917
49.9883
47.2002
44.0369
41.7733
40.7779
40.9522
40.428
40.4821
37.5983
37.6777
37.6006
37.0527
36.7098
36.1428
35.361
34.5398
38.7392
37.6756
35.9829
34.6637
32.9986
31.3921
29.5228
28.8661
55.6063
54.0556
53.41
53.2921
53.5629
53.3719
52.9202
52.25
58.7525
57.9271
57.5921
56.8023
56.0638
55.3262
54.5722
53.7084
52.9652
51.8084
50.7599
49.5146
48.407
47.0885
46.4076
45.6585
44.5892
43.0778
42.3231
41.156
40.4192
39.6106
38.972
38.3417
37.7176
37.5602
37.2266
37.5586
37.8925
38.0053
38.5359
38.9084
39.7422
40.2197
41.3062
41.7535
42.4919
43.4424
44.4055
45.6153
46.6608
47.8955
48.7832
50.1517
51.4784
52.9598
54.2557
55.7632
57.5471
48.8783
50.9885
53.363
56.4378
59.857
64.0726
68.4972
73.224
54.3077
56.5759
58.1651
59.6243
61.4088
63.6661
65.7801
67.7834
69.9289
50.2176
51.2342
52.6336
53.9274
55.2552
56.9173
58.1399
59.1134
43.5473
44.3394
45.3595
46.2266
46.7518
46.9045
46.5991
46.3204
36.4304
35.6052
34.6073
33.6635
31.6376
30.3074
28.7014
27.0625
31.1684
30.3259
30.0436
30.202
30.1051
30.0959
29.5945
28.7766
41.7936
41.0643
41.0908
41.297
42.2248
43.9991
45.1461
46.2529
46.8968
56.8928
57.0608
57.385
57.7339
57.8666
58.2772
58.8426
59.8693
53.7989
55.2739
56.5538
58.1481
59.4694
59.9988
60.1907
60.3799
46.0647
46.6294
47.5315
48.3178
49.2391
50.43
51.5749
52.6982
36.6716
37.1269
37.2752
37.7774
38.156
38.9435
39.7781
40.8651
28.2155
29.4867
30.6048
31.6189
32.4167
33.1005
33.9791
34.8713
27.6859
28.3665
29.3206
29.8578
31.1267
31.9658
32.4058
32.6275
32.6801
29.1243
28.9997
28.5238
28.264
28.0631
28.2419
28.2932
28.5538
33.8374
34.0801
34.6306
35.1184
35.592
36.0273
36.1814
36.2696
36.9427
36.7217
37.032
37.4182
37.4483
37.8959
37.8543
37.6017
38.3556
38.0788
37.6623
37.4263
37.2799
37.126
37.013
36.9987
44.3292
44.3039
44.3348
44.1928
44.0476
43.7834
43.5945
43.4866
53.2644
53.1271
53.1389
53.0043
52.9622
52.9825
52.704
52.3942
52.4291
54.8474
55.3093
55.9848
56.6678
57.5877
58.7971
59.7937
60.1278
49.7114
50.2508
50.6873
50.786
50.8412
50.8246
50.2132
49.5469
44.2911
43.5565
43.106
42.4993
41.9524
41.5395
40.6993
39.4942
38.2343
37.2554
36.0539
35.2092
34.2867
33.2661
32.3479
31.4203
38.3358
37.272
35.368
33.6735
32.0575
30.094
28.6115
27.5402
57.9728
56.1699
54.0474
52.0627
49.8166
47.9538
46.3102
44.4151
42.7083
54.109
52.9357
52.3196
52.6329
52.7962
53.1405
53.1251
53.794
40.0524
40.7835
41.6765
42.7241
43.5577
44.4407
45.1379
45.3237
36.7563
37.4567
37.8792
38.9279
39.834
41.1533
41.7003
42.5157
37.1615
38.0974
39.1576
39.7386
39.6717
39.5392
38.9455
38.1952
44.8948
44.2922
43.0567
42.0534
40.7078
39.6373
38.0298
36.6045
33.8997
54.9478
53.1207
51.478
49.7838
48.4141
46.4453
45.3311
43.5763
65.6827
63.1572
60.6729
58.4235
56.4367
54.2368
51.7977
49.4363
63.3488
61.2214
59.9701
58.4164
57.306
56.8626
56.4949
55.7783
61.0845
60.8712
60.7417
59.9602
59.6762
59.53
59.5046
59.4832
59.2699
59.4336
59.8294
60.2733
60.591
61.37
61.7701
62.6542
63.4404
64.6044
65.6814
66.6438
67.741
68.6903
69.7438
70.9549
72.3077
64.1694
65.7404
67.4673
69.6836
71.2917
72.5156
73.7874
74.508
61.4512
62.7943
63.6314
64.3685
65.6066
66.9324
67.8518
68.858
57.886
58.5334
59.7241
60.2423
61.6848
62.8575
64.4064
65.9728
58.1314
59.0962
60.4793
61.7517
63.044
64.6149
65.9162
67.038
53.5898
54.8757
56.3896
57.6909
58.9515
60.9552
62.5386
63.9787
47.4198
48.1934
48.9211
50.2051
50.8795
51.8785
52.6499
53.3377
53.488
43.3031
43.192
42.7281
42.144
41.4936
40.8679
40.6456
40.3306
44.3813
43.3881
42.4575
41.2778
39.7716
38.6972
37.8829
36.9053
51.7608
50.5999
49.6372
48.5938
47.6197
46.207
45.4539
44.4931
62.9013
62.5571
62.1551
61.7742
61.2631
61.3416
60.7607
60.3113
59.5794
59.6896
59.6418
60.2187
60.9496
61.2929
61.907
62.9638
64.0645
54.1864
55.0184
55.8299
56.8071
57.9533
58.4081
59.8381
60.7093
46.9668
47.5178
48.3335
49.0617
50.0118
50.642
50.9096
51.3599
42.4385
42.1995
41.9602
41.3965
40.9239
39.842
39.1704
37.9979
44.7873
42.9372
41.1991
39.8281
38.5941
37.5273
36.2548
35.1488
52.8169
51.3217
49.944
48.4997
46.6596
45.108
43.2673
40.702
58.9679
57.2787
55.9788
55.2092
54.5424
53.9904
54.0032
53.9958
54.1796
70.1421
70.7552
71.0036
71.1475
71.2647
71.7821
72.9218
73.4402
73.1349
74.2763
74.9291
75.9599
76.4057
77.0105
77.8038
79.2433
40.142
41.556
42.2888
43.0287
44.1568
45.1253
46.4507
48.3933
26.7492
27.6764
28.5444
29.7432
30.7141
31.6061
32.7338
34.2722
24.2293
24.7479
25.4003
26.1438
26.6627
27.4676
27.7957
27.9374
27.9246
27.8879
27.6677
27.408
26.86
26.4581
26.0898
25.2594
24.552
28.4272
27.4667
26.8121
26.3735
25.638
24.94
24.3806
23.7612
26.2226
25.9
25.6511
24.8638
24.4292
24.4268
24.468
24.4758
39.9717
40.4422
40.2228
40.6819
40.887
41.4636
41.5961
41.5868
50.5016
51.5377
52.2374
53.4433
54.1841
55.1892
55.5397
55.8541
62.8867
62.4156
61.6323
60.75
59.2956
57.8734
56.3459
54.6525
53.3274
54.3405
53.2712
52.5818
52.0836
51.5301
51.5974
52.1295
52.4577
52.3211
53.8609
55.1665
56.4768
57.8809
59.8269
61.5561
63.6526
57.6928
59.7066
61.6037
63.2433
65.0291
66.5338
68.1705
69.3188
45.5998
45.9891
46.6008
47.207
47.8823
48.1658
49.0712
49.8293
29.2029
29.6603
29.9673
29.8284
30.3041
30.3332
30.045
30.1757
23.8262
23.6952
23.3967
22.7785
21.7756
20.9375
20.2439
19.0863
18.7041
21.0724
20.5563
20.1345
19.8176
19.5553
19.4155
19.433
19.7882
36.145
36.3633
36.4754
36.6792
36.6728
36.7875
36.9441
37.305
53.2696
53.576
53.6916
53.7371
53.4156
53.5726
54.0613
54.7554
43.0529
44.2021
45.23
46.1977
47.1511
48.0235
48.6118
49.6334
31.1097
31.4499
32.0872
32.5686
33.399
33.5582
34.2956
34.7974
35.0509
30.029
30.0505
29.4398
28.6125
27.1936
25.2685
23.6618
21.1259
20.4869
18.6398
17.3395
15.7489
14.5948
14.1624
13.9379
13.5336
34.0539
33.6988
33.4871
33.6959
33.7173
34.1119
34.2939
34.4321
72.6248
72.9499
72.7811
73.225
73.4226
73.5404
72.8671
72.4234
63.3663
62.69
61.6871
60.7386
59.4516
58.2792
57.2316
56.6852
60.64
59.3735
58.0078
56.3991
54.6119
52.652
50.6766
48.5353
45.8218
62.4697
60.0739
57.4851
55.7134
54.1937
53.5175
54.1267
54.4778
59.4189
59.1002
59.038
59.1749
59.0088
59.2458
59.2338
59.6794
60.1237
60.7857
61.4826
62.4332
63.2837
64.7026
65.7288
66.8329
62.9141
64.3476
65.6616
67.1424
68.8196
70.3187
72.0503
73.5401
52.4342
53.3076
54.2703
54.8216
56.4169
57.0327
58.2196
58.9391
46.3093
46.9887
47.5928
47.838
48.5383
48.9875
49.9122
50.8209
51.7183
40.7746
41.5618
42.0459
42.486
42.6635
43.0351
42.9083
43.1254
41.9326
41.8178
41.8635
41.6357
41.1438
40.1323
39.2
37.5745
41.1517
39.5946
37.2119
34.3971
31.763
28.9394
26.5634
25.1108
38.7952
37.8075
37.0623
37.1154
37.0275
37.0598
37.419
37.5069
54.5445
55.518
56.2247
57.2094
57.9214
58.5406
58.7791
59.0279
59.4638
59.9827
60.745
61.8454
62.8339
64.4963
65.4951
67.2032
68.3787
68.7141
69.8583
70.9689
71.8663
72.9165
74.2705
76.3075
78.7336
64.3402
66.3469
68.5187
70.7915
72.1774
73.0193
73.5036
73.621
57.8681
57.9617
58.4177
58.5021
58.3213
58.3068
58.9664
59.4797
53.016
53.3949
53.3526
54.3346
54.9788
55.9026
56.6717
57.4871
50.5006
50.6475
49.7723
49.1509
47.9961
47.2382
46.9237
46.6836
51.2534
51.0797
50.4281
50.0181
49.1915
48.4909
47.2354
46.4545
44.9375
65.5748
64.1405
63.0919
61.9782
60.8422
59.9449
59.2475
58.4898
63.2879
62.5516
61.8218
60.7604
59.9354
59.4519
58.8498
58.2846
61.8803
61.2065
60.1766
59.3578
58.3926
58.1244
57.9356
58.0225
60.7299
61.1517
61.9793
62.5096
62.8635
63.3775
64.5162
64.8788
60.8207
61.1132
61.5376
62.1416
62.6494
63.8885
64.6313
65.9616
67.7681
62.4803
64.6912
67.3655
71.0568
75.4174
80.1751
84.7086
89.0206
60.7572
62.3621
64.1328
65.4574
66.6866
67.5496
68.6542
69.1773
44.4514
45.05
45.4938
45.8191
46.1645
46.429
46.5353
46.9159
31.5408
31.8527
32.4099
32.7989
33.4888
34.0557
34.6635
35.3663
25.5897
26.2716
26.5711
26.7667
27.0745
27.3249
27.411
27.3725
27.2148
27.1067
27.2024
26.8148
26.5196
25.9892
24.8181
23.1997
21.2798
32.4684
29.0947
26.3753
24.1389
22.7945
22.1117
21.525
21.081
58.1324
55.693
53.882
52.6338
52.0517
51.4917
51.3548
51.5605
68.0548
69.4755
69.7209
69.055
68.2308
67.3961
66.4042
65.4841
64.6135
63.4484
62.2677
60.9072
59.9071
59.4814
58.6439
57.4881
62.6095
61.7406
60.9852
60.7263
60.1524
59.7496
59.6066
59.1086
58.8189
58.6118
58.6827
58.577
58.4393
58.6404
59.1125
59.9927
60.5736
61.5494
62.7602
63.8306
65.1204
66.5862
67.3293
68.1581
69.066
66.0067
67.1133
68.4925
69.7288
70.9433
72.0967
73.0403
74.0045
62.2118
63.7646
65.4055
67.4317
69.2784
71.7186
74.5777
78.5728
72.6655
76.6588
80.6467
84.6238
88.9919
93.3622
95.6892
96.9111
67.4981
68.0324
68.2382
68.5957
68.6225
68.7106
68.6712
68.638
68.2552
45.0461
45.4723
45.2132
45.4714
45.7051
46.1933
46.2678
46.8243
29.1587
29.77
30.1883
30.8044
31.427
31.5923
32.3925
32.9228
24.7052
24.5294
24.8988
25.1398
25.4092
25.7174
26.1927
26.0059
23.8734
23.7915
23.8245
22.8602
21.4979
19.8195
18.4121
16.8125
28.1313
24.5109
22.3629
21.1748
20.0757
19.0657
18.1554
17.8824
59.8684
60.5229
61.1728
62.6882
64.5191
66.4898
67.4815
68.3087
69.7859
65.89
67.0245
67.0223
67.3471
68.0961
68.8014
69.8439
70.6503
58.6913
59.5458
60.1923
61.0442
62.2132
62.9748
63.7383
64.8742
51.2284
52.0366
53.3145
54.4704
55.9452
57.4003
59.2428
61.1509
44.7453
46.2682
47.1308
48.3928
49.45
50.294
51.3352
52.0952
38.552
39.8831
40.9791
41.7625
42.812
43.7678
44.8535
46.4286
47.7748
36.8984
37.5532
38.4179
39.6751
41.3633
43.5648
45.227
46.777
34.7017
36.141
36.9729
36.745
36.1023
35.8202
35.9661
36.4055
34.4476
34.2199
33.6603
33.3371
32.8165
32.4743
32.2853
32.3199
65.6638
65.8874
66.1776
66.2513
66.1875
66.2417
66.4408
66.3959
75.3572
75.1241
75.259
74.8767
74.5393
74.1094
73.8572
73.8274
63.9755
63.6528
63.3053
63.8509
64.2175
64.7199
65.412
66.4608
67.2794
53.0838
53.9971
55.3556
56.4134
57.6026
58.5433
59.0034
59.0916
39.2012
39.2982
38.8871
38.8234
38.9281
38.8396
38.7804
38.4577
30.2269
30.1704
30.0199
30.5019
30.925
31.63
31.7711
32.0534
27.9422
28.2458
28.724
28.9132
29.0567
29.0098
28.9784
28.9125
34.8125
34.6322
34.6211
34.5816
33.9704
33.4267
32.9102
32.6103
31.4049
32.8838
32.8637
33.0534
33.4521
33.9541
34.386
34.8289
34.8279
33.7457
33.7041
34.0125
33.6842
33.3478
33.7481
34.0957
34.0579
48.8193
47.7374
47.4484
47.2497
46.288
45.8298
44.928
44.0298
34.579
34.5565
35.0086
34.6619
34.6827
34.1695
34.4927
34.9147
33.219
33.5733
33.9818
34.3018
34.3465
34.4295
34.4748
34.1762
32.7273
32.8062
32.313
31.8389
31.847
31.2368
31.0929
30.6503
33.3663
24.7214
24.9118
24.9698
25.2087
25.6764
25.7291
25.8865
24.5776
22.6114
22.4723
22.4352
22.4548
22.3835
23.0141
25.8257
25.9415
71.4576
70.9101
69.9161
68.1199
66.1579
65.8459
66.1062
66.8255
22.3925
22.6647
23.4769
23.8187
24.1766
24.1252
24.3022
24.3198
27.4121
27.6795
27.4257
27.6963
27.7825
27.758
27.5487
27.4793
33.3379
33.3388
33.3288
33.5238
33.6101
33.7412
33.9128
34.0426
34.1553
33.1345
33.2004
33.4454
33.4982
33.1664
33.192
33.1617
33.219
35.6026
35.4059
35.8493
35.8394
36.1295
36.0685
35.9008
35.8262
36.322
36.4626
36.5372
36.3843
36.1974
36.0864
36.1514
35.9277
37.5016
37.4794
37.2292
37.5386
37.5608
37.6765
37.5932
37.6202
35.1761
35.1271
35.473
35.6869
35.6269
35.909
35.9514
35.8632
39.507
39.6361
39.5208
39.4324
39.6684
39.5704
39.0319
39.2807
38.9447
37.5312
37.6748
37.5644
37.4028
37.4521
37.5042
37.3151
36.8875
36.5664
36.3559
36.3153
35.7722
35.6129
35.5216
35.4152
35.4018
29.8381
30.0959
30.15
29.6872
29.8448
29.8625
30.4643
30.6314
34.1832
34.5462
34.6289
34.5917
34.9928
35.0624
34.8371
34.8417
39.1613
38.6402
38.2135
37.6429
37.1807
36.801
36.1604
36.2919
35.8045
35.5113
35.594
36.0261
36.4796
37.0722
37.0941
37.3862
37.5884
34.2935
34.4176
34.2701
34.4381
34.3952
34.1554
34.0571
33.7836
47.851
47.3016
46.9315
46.8222
46.8213
46.7014
46.8397
46.8913
39.5077
40.0276
40.5432
40.6305
41.073
41.0342
41.1388
41.2456
46.1999
46.4705
46.1129
46.4451
46.5296
46.6035
46.487
46.1644
49.5066
49.315
48.6237
48.3518
48.4408
48.7618
48.7829
49.1711
49.5708
40.8323
40.9559
41.1554
40.8055
40.7559
40.9197
40.762
39.9076
58.2066
58.1576
58.4024
58.5693
59.0198
59.0199
58.6515
58.0457
60.8608
60.3744
60.1264
60.4216
60.4371
60.8487
60.9064
60.8463
46.5515
46.8025
47.4599
48.1794
48.4546
49.1398
49.6156
49.8312
51.8289
51.8867
51.8313
51.8351
51.9611
51.7557
51.2821
50.8115
40.5521
40.3411
40.5557
40.3648
40.4957
40.6409
40.8364
40.897
41.0845
40.5174
40.3422
40.5389
40.1163
40.0139
39.8478
39.841
39.6884
37.3183
37.2326
37.2312
37.2487
37.4469
37.4298
37.2845
37.3939
31.4429
31.5254
31.6014
31.5842
31.4025
31.2532
30.9384
31.1178
39.6767
39.5902
39.0808
39.058
38.7933
38.4396
38.4528
38.0091
41.774
41.7075
41.061
40.7123
40.4979
40.297
40.0464
39.6653
39.295
37.3322
36.9353
36.7844
36.5955
36.4093
36.5649
36.3495
36.3172
28.8456
28.9513
28.8549
29.0094
29.0995
29.0621
29.0492
29.0645
27.5163
27.3267
27.636
27.7253
28.2241
28.1017
28.3092
28.3448
27.0752
27.2783
27.3042
27.3347
27.3622
27.7002
27.8469
27.9784
37.7648
37.5803
37.8458
37.989
37.8377
37.5751
37.7784
37.5634
41.5011
41.7294
41.677
41.6353
41.5173
41.5068
41.2448
41.1517
40.9579
35.3351
35.1187
34.9139
34.9002
34.9983
35.1008
34.7387
35.0625
34.9308
35.4242
35.3152
35.8538
36.0994
36.2783
36.6284
37.0765
40.128
40.5697
41.1422
41.7934
42.1269
42.5266
42.8736
43.2202
31.8053
31.8238
31.8109
31.756
31.6392
31.7463
31.6681
31.4789
31.4158
31.6887
31.3647
31.3782
30.6381
30.5788
30.442
30.531
54.7672
55.1093
55.2055
54.9785
54.9075
54.7621
54.2892
54.2953
53.9694
48.9828
48.9101
48.669
48.5642
48.4168
48.2321
48.606
48.3369
31.8311
31.7785
31.6603
31.8401
31.9357
32.2542
32.4517
32.4725
33.281
33.2858
33.3867
33.2259
33.2372
33.2384
33.1352
33.1468
49.6321
49.4948
49.4019
49.2065
49.0673
48.8478
48.5219
48.2469
49.2039
49.3332
48.975
48.9442
48.9141
48.9433
48.7378
48.9205
48.9446
38.8848
38.9885
38.7754
38.8355
38.8921
39.0015
38.6625
38.6536
49.4988
49.6578
49.4141
49.3504
49.3849
49.4501
49.2267
48.9992
48.6263
48.4411
48.323
48.3909
48.4511
48.2345
48.424
48.476
49.6827
49.6556
49.6036
49.5186
49.767
49.4597
49.5438
49.7812
49.7902
49.5709
49.8036
49.6711
49.6129
49.7266
49.7351
49.9078
49.623
49.8847
49.6245
49.5275
49.7156
49.6711
49.7697
49.6295