36.627
36.7549
36.6936
36.2913
36.2537
36.3328
36.2603
36.1304
36.0366
36.0395
36.0934
36.8664
36.5275
36.7725
36.8217
36.6182
36.5421
36.8337
36.8748
36.7681
36.8259
37.2109
37.0999
36.9122
36.857
36.9289
37.0223
36.9388
37.9083
37.764
37.7556
37.7036
37.7516
37.8546
37.798
37.8057
37.4147
37.6547
37.6129
37.6797
37.2945
37.6143
37.5432
37.6553
37.581
37.2049
37.3608
37.095
37.2971
37.5005
37.3982
37.5007
37.9815
38.3487
38.1402
38.4576
38.0803
38.4147
38.1153
38.2132
38.3406
38.0902
38.1836
38.2419
38.1367
38.2805
38.0818
38.0145
38.2045
38.1897
38.2036
38.3872
38.3052
37.9673
38.4044
38.1117
38.2431
38.9558
38.8883
38.906
39.0377
39.2891
39.0182
39.1519
38.9735
37.4247
37.4624
37.5828
37.5461
37.8498
37.9502
37.5898
37.5649
37.6674
37.8394
37.7696
37.8032
37.9258
37.9998
38.0077
37.9524
39.8063
39.8976
39.9142
39.6737
39.879
39.8683
39.9039
39.86
40.1654
39.7787
39.5014
39.5982
39.8957
39.8682
39.9523
40.0155
39.9418
40.2777
40.2443
40.3888
40.4672
40.2284
40.4404
40.1659
40.1458
36.7721
36.5492
36.5136
36.3498
35.9691
36.0784
35.9683
35.6522
39.7682
39.5192
39.4118
39.3679
39.3779
39.234
39.4351
39.0994
48.008
47.8439
47.7825
47.5346
47.4701
47.3247
47.0842
47.1775
34.554
34.5008
34.245
34.0095
34.006
33.9704
33.8615
33.7326
33.6865
29.6427
29.2969
28.9601
29.0761
28.8587
28.6239
28.3685
28.3814
34.4846
34.8105
34.3537
34.1855
34.3284
33.894
34.1052
33.9478
39.0893
38.9668
38.823
38.9011
39.0529
39.0235
39.5092
39.5926
32.348
32.6949
32.9065
32.9823
33.0071
33.0881
33.2855
33.5455
38.6216
38.9588
38.8662
39.4418
39.8023
40.2417
40.7004
41.3788
48.9083
49.2171
49.0724
49.1113
48.9224
49.0234
49.0488
49.162
48.9132
41.7045
41.5879
41.4362
41.4389
41.4798
41.475
41.9054
41.7174
36.3063
36.3724
36.6392
36.5081
36.4778
36.8442
37.1515
37.1604
47.3989
47.6038
47.8565
47.9747
48.2788
48.3657
48.6594
48.6237
41.8985
42.0461
42.3274
42.2327
42.0959
42.2174
41.8159
41.3907
34.4802
33.4961
32.7705
31.799
31.3397
31.0143
30.9245
31.0072
31.5145
68.0178
68.4728
69.1029
69.4709
70.2558
70.8118
70.8455
70.7591
68.9643
68.8591
68.6936
68.2775
67.5822
66.8442
65.3131
63.8973
54.512
54.6759
55.0422
55.6722
56.1301
56.2424
56.5619
56.5364
60.1463
60.4069
61.182
61.2121
61.3781
61.7688
62.3624
62.9366
61.2859
62.0039
62.5595
62.8286
62.4281
62.2474
62.4056
61.5523
52.3387
52.0531
51.5275
51.5362
50.9759
50.6236
49.9315
48.9357
48.0017
35.3061
35.2546
35.1401
35.419
35.3851
35.366
35.4632
35.5054
35.6348
35.776
36.2609
36.4286
36.8996
37.3478
37.4598
37.2966
44.0979
44.5683
44.4892
44.2172
43.1683
42.4563
42.7799
43.1177
68.484
69.3983
69.8668
69.426
68.8823
67.5965
66.5098
66.17
62.5518
61.6651
61.2331
60.9519
60.6255
60.6224
61.1348
61.0475
44.2884
43.8265
42.7908
42.5987
42.2413
42.4299
42.3857
42.7725
43.0426
35.4368
35.797
36.2273
36.8236
36.8887
37.0029
37.2574
37.5303
50.9199
51.336
51.0846
50.6629
50.7128
50.9345
50.4289
50.3089
63.3486
61.9396
60.3204
59.1569
58.9285
59.2808
59.9136
60.2521
49.5417
49.0805
48.7739
49.1909
49.8987
50.537
51.1474
51.6527
38.1455
38.531
38.4832
39.0155
39.3915
39.4502
39.8133
39.9515
40.0431
37.9781
37.3559
36.9767
35.9091
34.2059
34.2043
33.9902
33.6724
57.1417
56.3998
54.6884
53.0858
52.2816
51.9257
51.636
51.5025
65.6064
66.2429
66.5764
67.7194
68.7748
69.7162
70.0996
71.2157
51.1803
51.7497
52.4067
52.7725
53.0599
53.3349
53.4966
53.2394
57.4093
56.4612
55.0739
53.7959
53.1132
52.5005
51.114
49.679
69.7514
67.6379
65.8926
64.1713
63.2536
62.6303
62.3553
62.4568
63.0589
53.8679
55.369
57.1937
58.4025
60.8116
62.6587
63.7247
64.176
46.3917
46.4813
46.4884
46.7182
47.1363
47.3226
47.5599
47.8371
73.5995
73.9095
73.9911
73.9464
73.9816
74.3469
74.3939
74.5226
72.4334
72.0022
72.1735
72.0654
71.7139
71.9465
72.5831
72.982
71.8145
72.2745
72.4834
72.8079
73.34
74.2105
74.9291
75.729
71.4421
72.3113
72.1222
71.9394
71.8058
71.4348
71.4011
71.3063
71.2119
56.8672
56.8711
57.0327
57.1297
57.3196
57.0253
57.2053
56.9227
55.8397
55.643
55.4331
55.2244
54.9723
54.991
54.7268
54.4234
59.1657
59.0665
58.7872
59.0262
59.1476
59.3945
59.7966
60.0347
65.7793
65.9702
65.985
65.6923
65.571
65.8054
66.0909
65.7979
56.3032
56.2179
55.8213
55.6559
55.4296
54.5861
54.2515
53.9961
53.7989
42.9073
42.6976
42.4242
42.329
42.1287
41.9135
41.6217
41.2604
44.2161
43.1421
41.5813
39.7797
38.9844
38.1624
38.133
38.509
52.0037
52.0305
52.5214
53.1582
53.7452
54.2949
54.5227
54.4733
51.0728
51.1343
51.4619
51.782
52.0136
52.5362
52.8386
53.1053
59.0708
58.7978
59.0555
58.7806
58.5041
58.0271
57.7251
57.5305
54.8702
54.5206
54.404
54.1602
53.8356
53.7327
53.3482
52.9735
52.4495
49.4527
48.9739
48.9264
48.7264
48.8244
49.1556
49.2419
49.4587
48.1931
48.827
49.3514
49.8887
49.9231
50.2563
50.4485
50.2767
45.7813
45.6048
45.2041
44.5543
43.8725
43.8415
43.8145
43.8071
39.5916
40.3832
40.6034
41.0251
41.3457
41.844
42.2153
43.0011
38.8545
39.5608
39.785
40.1689
40.7699
41.0561
41.0389
41.0678
47.562
47.9362
48.5782
49.175
50.0019
50.923
51.8034
52.6147
53.0833
62.1576
62.2198
61.763
61.6513
60.9881
60.5518
60.0622
59.413
59.6941
59.3643
59.4296
59.4995
59.4695
59.403
59.7097
59.7469
59.1388
58.9852
58.9131
58.5683
58.5089
58.2238
58.1668
58.0493
52.7704
52.5519
52.5623
52.0707
52.2597
52.1349
51.8786
51.8563
52.448
52.2965
52.1229
52.2493
52.3539
52.3867
52.7348
52.6921
52.7548
61.543
61.8915
62.3302
62.3527
62.7185
62.4191
62.45
62.2261
63.7833
63.822
64.0763
64.2968
64.2282
64.589
64.9888
64.6948
56.1882
56.0786
56.0369
55.9906
55.4528
55.3794
54.9172
54.7278
45.14
44.8265
43.9495
43.7545
43.34
42.7652
42.6637
42.2595
42.3867
41.698
40.5427
39.548
38.6617
37.3044
36.7065
36.1763
50.0709
49.9577
50.2069
50.251
50.4662
50.5494
50.3327
50.413
50.4667
51.8528
52.3032
52.7434
53.1374
53.4984
53.8882
54.075
54.4322
53.5504
53.5128
53.9114
53.9668
54.2527
54.4748
54.6677
54.8124
57.1324
56.6775
56.7497
56.3858
56.0186
55.619
55.4702
55.0337
52.7769
52.6845
52.5985
52.5077
52.1172
51.8106
51.1861
51.2034
48.0026
47.4366
47.1396
46.8047
46.4683
46.1923
46.0262
45.9975
46.0332
47.5604
47.892
48.2859
48.914
49.3856
50.2282
50.7931
50.9335
50.1306
50.0919
50.1045
49.7927
48.9009
48.6426
48.1685
48.0714
41.9479
41.9305
41.7795
41.867
42.2164
42.4364
42.9191
43.4954
39.8755
40.0953
40.3427
41.1841
41.5157
41.8622
42.1916
42.4059
44.7111
44.8257
45.1363
45.6383
46.0444
46.4484
46.4516
47.0552
58.4195
59.7773
60.7571
61.8495
62.5369
63.3002
63.4848
63.1409
63.012
61.4951
61.3706
61.1348
61.2028
60.897
60.7699
60.7457
60.2193
58.8935
58.8371
58.6103
58.5388
58.471
58.7681
58.5495
58.1187
54.46
54.0711
54.1634
53.8247
53.7143
53.5959
53.4661
53.0903
49.9649
49.7767
49.8172
49.5647
49.5482
49.7687
49.7315
50.0617
55.4661
55.6288
55.7732
55.9624
55.7905
55.8546
55.9739
56.0213
56.31
58.616
58.8631
58.9897
58.8131
58.9012
58.955
59.0903
59.3612
60.4607
61.218
61.6669
62.2443
62.4547
62.7082
62.6876
62.6067
54.2705
53.7776
53.7535
53.3773
52.8242
52.2347
51.5552
50.9035
44.3083
44.2751
43.7193
43.7683
43.5926
43.5492
42.6152
42.0505
47.1885
46.5059
45.3749
44.3926
43.5141
42.6657
41.7748
41.6843
59.9087
59.7339
59.9036
60.0056
59.8121
60.2035
60.984
61.5931
61.9901
57.5272
57.7388
57.5971
57.4846
57.5947
57.8148
57.9238
58.1945
59.1898
59.9453
60.5546
61.408
62.0798
62.3797
62.453
62.4934
63.3147
62.856
62.6926
62.3887
61.9589
61.8388
61.3457
61.2926
57.0374
56.7217
56.6063
56.0929
55.6251
55.3914
54.9825
54.5859
51.5141
51.0984
50.7509
50.2741
49.8754
49.8548
49.254
49.0832
50.5897
51.0721
51.4819
51.5042
51.9383
52.0894
52.1486
52.6062
52.9186
54.3302
54.9903
55.1898
55.4341
55.8638
55.8983
55.3423
54.6928
47.8601
47.8213
47.8036
48.2723
48.9108
49.6836
50.0489
50.5771
44.3371
44.8974
45.0434
45.4106
45.6286
45.9938
46.31
46.5064
56.5759
57.2279
57.9245
58.9192
59.9012
60.6443
61.868
63.2488
69.907
70.7689
71.5051
71.364
71.2433
71.3728
71.1671
71.1362
71.4218
64.1549
64.135
64.0108
64.1352
63.825
63.4093
62.8115
62.7934
63.2072
62.9443
62.8521
62.7149
62.3759
61.9643
61.4472
61.0554
56.0455
55.6336
55.5256
55.5286
55.3265
55.2226
55.3329
55.146
53.9742
53.7349
53.7512
53.6892
53.5392
53.3989
53.4881
53.3876
58.2191
58.0527
57.8989
57.943
57.836
57.9344
58.1147
58.4654
62.6681
62.624
62.3637
62.8084
62.8709
63.1441
63.714
63.9588
64.515
58.3493
58.3045
58.2829
57.8663
57.961
57.373
57.0859
56.9141
46.6258
46.3526
45.6708
45.3452
45.1605
44.7827
44.4112
44.3337
42.17
41.8466
41.2678
40.8337
40.3086
39.4001
37.944
36.8638
53.1795
52.7611
52.7921
52.788
52.8818
52.8229
52.5075
53.0807
55.9832
56.5931
57.1081
57.1641
57.6718
57.8557
58.2225
58.2707
58.4079
54.3743
54.6249
54.7812
55.3122
55.7965
55.9932
55.9387
56.1323
57.898
57.4604
56.9701
56.6796
56.2011
55.8046
55.6847
55.3985
53.6345
53.4017
53.2258
53.367
52.8835
52.4495
51.9468
51.5237
47.9456
47.6121
47.2429
46.9164
46.633
46.3966
45.9703
45.5341
45.7351
46.1006
46.4583
46.8995
47.5242
48.1243
49.0983
49.7774
51.7683
52.3033
52.2485
52.42
52.3392
52.5722
52.0394
51.8733
51.6277
42.5972
42.2402
42.2004
42.3041
42.506
42.8458
43.3945
44.0803
39.7523
40.2839
40.5618
41.2992
41.7468
42.3005
42.6838
42.9484
46.4436
46.942
47.5908
48.2176
48.7966
49.0695
49.5161
50.3411
51.8151
52.578
53.0754
53.475
53.758
53.8724
53.8142
53.5349
56.8446
56.5409
56.3837
56.3057
56.1254
55.7779
55.2937
55.0319
57.0908
56.8583
56.8671
56.921
56.9451
56.9017
56.7528
56.5783
56.4427
51.8027
51.6235
51.5041
51.2285
51.0249
51.0585
50.8392
50.6314
50.2645
50.0989
50.3236
49.8888
49.7553
49.87
50.0888
49.8302
55.8675
55.8577
55.9118
55.8213
55.9139
56.0519
56.109
56.061
61.4729
61.5055
61.5738
61.7436
61.8488
62.0217
62.2383
62.2333
57.8177
57.8369
57.7328
57.5789
57.5673
57.2842
57.0358
56.8354
58.0366
44.2745
44.0868
43.7645
43.6594
43.1587
42.7441
42.5111
42.3068
37.056
36.9569
36.6839
36.5993
36.4594
35.9366
35.439
34.6517
40.2588
39.6097
38.6918
37.57
37.1654
37.1809
37.1917
37.6499
49.8284
50.0302
50.2157
50.3083
50.7365
51.1707
51.4561
51.8109
49.3283
49.6191
50.156
50.0538
50.501
50.5955
50.7056
51.0379
53.0093
53.2224
53.6696
53.4363
53.3535
53.6949
53.1622
53.1679
52.8157
52.5623
52.6095
52.2263
52.0729
51.9629
51.5802
51.4492
51.1137
50.3646
50.0404
49.6538
49.497
49.191
48.8154
48.5219
48.3912
48.3147
48.433
48.3561
48.5263
48.7545
49.5339
50.0733
50.2652
50.3552
50.6269
50.813
50.942
51.0431
51.0506
51.1139
50.5077
44.9173
44.3404
44.3258
44.4908
44.4886
44.9111
45.6008
45.6864
44.5874
45.2923
45.8475
46.6716
47.3661
47.8448
48.1707
48.5626
49.0562
54.383
55.1058
55.5246
55.7132
55.8402
56.3388
57.1885
58.2481
63.5778
64.2131
64.8776
64.8945
64.6206
64.4925
64.333
64.103
58.8077
58.527
57.4796
57.4506
56.4865
56.1702
56.2246
55.9286
50.0777
49.8594
49.5742
49.3159
49.3432
49.381
49.3099
49.4969
45.8081
45.3569
45.8237
46.1014
46.2931
46.2523
46.1069
46.0107
42.9533
42.7062
42.6989
42.591
42.6482
42.8373
42.5903
42.89
43.0034
44.9682
44.8819
44.8241
45.0353
44.8601
44.9279
45.2201
45.3653
54.3756
54.3788
54.1929
54.1781
53.9665
53.5041
53.327
53.2003
57.0912
57.2465
57.1037
57.2396
57.3669
57.2835
57.1674
57.1579
45.4645
45.9322
45.8841
45.7074
45.709
45.5831
45.5065
45.2497
31.7216
31.5997
31.5157
31.4165
31.5008
31.2833
31.3423
31.1741
30.7545
27.5288
27.2377
26.9552
26.7349
25.8011
24.8243
24.479
23.8503
30.8635
30.0452
30.1426
29.7071
29.6368
29.7881
29.9324
30.6092
38.1221
38.7346
39.1428
39.5873
40.2079
40.1023
40.6173
40.8207
41.9981
41.7642
41.8951
41.9492
41.8247
41.9095
41.7192
41.6961
46.0656
45.9996
45.9257
45.6018
45.243
45.0163
44.8182
44.4726
48.6541
48.2274
47.8559
47.5618
47.3666
47.0877
46.9267
46.7167
46.5856
42.4858
42.3876
42.4775
42.6364
42.6171
42.6882
43.5878
43.9836
42.9165
43.5121
44.0692
44.1704
44.7618
44.9944
44.8456
45.0176
45.8891
45.9463
45.7179
44.8894
44.6822
44.9559
45.2563
45.4253
38.8015
39.0409
39.5396
40.0476
40.8331
41.2873
41.9882
42.746
42.2647
42.4198
43.1863
43.7615
44.2762
44.6419
44.7042
45.1039
45.7573
52.825
52.8371
52.8799
52.935
53.5743
54.1581
54.7572
54.8617
61.7992
61.777
61.7377
61.7809
61.74
61.6678
61.0106
60.4769
64.3978
64.7425
64.3197
64.1398
64.0676
64.005
63.9874
63.8561
56.233
56.0535
56.2994
56.2993
56.0897
55.8678
55.8234
55.7335
50.2
49.9558
49.853
49.5952
49.4465
49.4769
49.3648
49.3313
52.8258
52.8617
53.2067
53.0821
53.3967
53.6319
53.5263
54.1351
54.1197
60.8885
60.9273
60.9767
61.1464
61.2632
61.3627
61.1498
61.3019
56.6115
56.7485
56.4359
56.3361
56.4235
56.3612
56.2024
56.1836
44.6244
44.6511
44.7196
44.5391
44.226
43.7068
43.7298
42.9225
43.0538
42.6787
41.939
41.1647
40.61
39.9179
38.9184
37.7364
53.3545
52.2668
51.6755
51.5728
51.7445
51.6984
51.6339
51.8349
53.8644
53.9812
54.2499
54.7511
54.9709
55.3464
55.7841
56.3008
56.9865
56.4844
56.7652
57.7818
57.9752
58.0306
58.1179
57.9959
58.1376
52.9725
52.5769
52.3552
51.9271
51.4403
51.0893
50.3378
50.1367
49.9377
49.791
49.6961
49.601
49.823
49.4436
49.2416
49.0248
47.6565
47.5723
47.9226
48.0258
48.4042
48.5929
48.8307
48.9714
51.0832
51.3093
51.5065
51.8407
51.9726
51.9743
52.4368
52.022
52.0486
48.4115
47.8437
47.6044
47.196
47.1666
47.4326
47.9777
48.5653
41.8363
42.2397
43.0747
43.8956
44.2109
44.7
45.3187
45.9188
46.3793
46.3666
46.5248
47.2683
47.7458
48.3658
48.5305
48.8065
69.5494
70.5406
71.984
72.5759
73.3904
73.4314
73.1492
73.278
71.7604
71.6122
71.7373
71.0563
70.7461
70.306
70.1006
70.1481
61.9834
62.1225
61.9181
61.7151
61.4913
61.3121
61.2478
61.013
60.9479
55.0241
54.8694
54.3593
54.2544
54.239
54.1364
53.9502
53.9729
53.3038
53.2899
53.2048
53.033
53.3212
53.5903
53.7649
53.8931
58.9207
59.1879
59.1504
59.5692
59.7794
60.0336
59.9995
59.8971
61.817
62.0371
62.3162
61.9301
61.7547
61.7258
61.6082
61.4593
48.9021
48.8657
48.7453
48.6697
48.6379
48.2327
47.8343
47.4312
46.8474
43.7859
43.1749
42.7074
41.3443
39.701
38.1639
37.2494
36.8256
54.568
53.9598
53.4148
53.5236
53.191
53.0582
53.0697
52.676
59.9004
60.1359
60.4287
60.6465
61.142
61.9518
62.4308
63.2557
58.6629
59.1701
59.4726
59.5387
59.4128
59.0882
59.3987
59.1426
53.613
53.3829
53.1047
52.5667
52.2645
51.9652
51.6293
51.1564
47.3224
47.2388
47.0385
46.9678
46.5903
46.5129
46.3314
46.1519
46.2544
44.5477
44.5203
44.6254
44.7765
44.8747
45.2268
45.2727
45.62
49.8139
50.2299
50.4026
50.3592
50.8198
51.1343
51.3541
51.288
48.0727
47.5961
47.0222
47.0367
47.0687
47.5321
48.1203
48.6726
43.5849
44.3138
44.5867
45.2353
45.7145
45.7275
46.0378
45.8282
54.6998
55.2552
55.6794
56.1009
57.2007
57.7409
58.5773
59.3059
60.6322
76.285
77.7433
78.9094
80.2622
81.0281
81.1486
81.1383
81.349
71.3554
71.2688
70.9091
70.9069
70.3943
70.3002
69.6374
68.9318
61.8373
61.8064
61.7489
61.3744
61.4895
61.1901
60.757
60.2273
52.4704
52.4247
52.0731
51.8808
51.6436
51.5246
51.4495
51.449
50.1584
50.2568
50.264
50.32
50.4077
50.24
50.2951
50.181
53.9182
54.103
54.2404
54.5086
54.4646
54.5918
54.5328
54.6918
54.8063
58.4052
58.46
58.4594
58.4273
58.6132
58.8441
58.6569
58.7385
52.5389
52.7111
52.3928
52.2924
52.2697
51.9452
51.9348
51.7385
43.9157
43.5509
43.3666
43.0524
42.8704
42.355
41.9896
41.9343
42.1535
41.5002
40.5563
39.6044
38.5587
37.4345
36.8381
36.3198
57.3184
57.0841
57.0353
57.1183
57.0509
57.0992
57.5088
57.9616
60.5181
60.8697
61.3821
61.9717
62.9119
63.4781
63.901
63.8433
63.7978
51.4979
51.5457
51.1196
50.8916
50.6401
50.1234
49.8798
49.5381
48.2877
47.8858
47.699
47.5763
47.2562
47.2188
47.1313
47.153
45.5616
45.4098
45.0523
45.3895
45.516
45.6157
46.0185
46.4205
45.5187
45.8927
46.2336
46.5701
46.7434
46.7436
46.9806
46.983
42.951
42.8258
42.201
41.7286
42.0222
42.3787
42.8016
43.3988
43.8245
39.1197
39.6847
39.858
40.3643
40.605
40.6365
40.9289
41.2649
52.8802
53.7776
54.6341
55.2036
56.3023
56.9409
57.9048
58.5013
76.3576
77.163
77.5661
77.5956
77.5152
77.3714
77.3182
77.3268
66.6178
66.4471
65.89
65.4927
65.1232
64.6976
64.5403
64.3052
56.041
56.0084
55.8725
55.6145
55.3809
55.0701
54.993
54.7658
48.1889
47.8402
47.8155
47.668
47.7327
47.6442
47.6776
47.6832
47.4348
49.3611
49.2872
49.3501
49.47
49.5666
49.7094
49.8159
49.6971
57.5199
57.9429
58.2935
58.3184
58.5202
58.3544
58.2508
58.5412
58.0062
58.2487
58.5425
58.3478
58.5487
58.835
58.8424
58.7365
48.9866
49.078
49.0512
48.8948
48.764
48.7853
48.5104
48.2673
42.127
41.8071
41.4422
40.9333
40.8581
40.6136
40.3434
39.4734
47.2328
45.7638
44.6736
43.358
42.1683
41.4678
40.5671
40.2039
39.8971
60.8553
61.3285
61.3618
61.2384
61.1947
61.9859
62.7348
62.6983
57.145
57.4454
58.4895
59.2673
60.1781
60.6988
60.8652
60.7039
51.5981
51.0315
50.7797
50.3218
49.9261
49.6944
49.1038
48.8608
46.9253
46.7911
46.6302
46.5226
46.4707
46.1858
45.9647
45.8137
42.4439
42.2578
42.1145
42.1675
41.8132
41.8554
41.7111
41.521
42.0747
41.714
41.8654
42.4557
42.63
43.0668
43.7712
44.0779
44.3514
46.1852
46.5751
47.0467
47.1404
47.3506
47.2313
46.9627
46.2916
39.5848
39.5621
39.8794
40.1971
40.553
41.1935
41.2986
42.001
39.8858
40.5812
41.1349
41.8517
42.3058
42.583
43.0252
43.085
55.1849
55.7365
56.6303
57.7854
58.5088
59.6554
60.4209
61.4133
70.3877
71.2328
71.9908
72.5612
72.8301
72.958
72.6902
72.5647
72.7602
71.1178
70.7258
70.5311
70.0572
69.4711
68.8563
68.3659
68.3353
60.7787
60.5503
60.3775
60.378
60.0616
60.1133
60.1014
60.1282
52.7523
52.7642
52.707
52.521
52.1542
52.218
51.9102
51.9182
51.723
51.8126
51.4658
51.5413
51.501
51.5897
51.7986
51.7524
58.7454
58.9476
59.7125
59.7995
60.0417
60.6282
61.2134
61.4497
64.0303
63.849
63.9943
63.9117
64.1575
63.8116
63.6001
63.1808
62.4591
50.4764
50.1681
49.9738
49.6061
49.3557
48.989
48.5135
48.2181
35.6217
35.7088
35.5717
35.3969
34.8308
34.3356
33.8663
33.6222
35.9436
35.7455
35.5075
34.743
34.2655
33.4304
32.4521
32.4005
42.2518
42.5638
42.976
43.6123
43.7155
44.2454
44.3543
44.2249
41.9086
41.7721
41.8079
41.6058
41.5958
41.3815
41.1419
40.866
40.2812
43.1756
43.0404
42.5571
42.0957
41.7962
41.73
41.651
41.483
42.369
42.3978
42.2089
42.0373
42.2637
42.2256
42.2154
42.0112
40.5986
41.0674
41.2967
41.7966
42.3845
43.3365
43.5824
44.278
44.6865
45.1351
45.1784
45.5969
45.3036
44.705
44.5509
44.3421
41.0742
41.5692
42.0678
42.3249
42.733
43.1497
43.9573
44.4584
49.8038
50.188
50.1343
50.5386
50.8966
51.5649
52.2387
53.3919
54.3169
75.3212
77.0927
78.6845
79.7612
80.8466
81.777
82.141
82.3131
76.0977
75.8748
75.7095
75.7816
75.7757
75.0974
74.9343
74.5444
68.5964
68.2273
68.018
67.4748
66.9758
66.9469
66.7109
66.2736
56.9494
57.164
56.605
56.574
56.4697
56.3281
56.1531
56.6263
52.0943
52.484
52.4038
51.9894
51.9876
51.6981
51.7101
51.7862
55.1123
54.9398
54.7731
54.6082
54.7366
54.6456
55.0745
55.3204
55.3071
62.4672
62.713
63.0629
62.7048
62.9108
63.07
62.8662
62.6605
58.0939
57.9068
57.6875
57.397
57.1579
56.8789
56.6611
56.3605
42.1496
42.1249
41.7127
41.607
41.2428
40.8875
40.5664
40.4183
38.3004
37.8103
37.5993
37.1605
37.0348
36.7477
36.2532
36.0734
42.7937
42.4774
41.236
40.421
39.8935
39.9112
40.2831
40.7472
40.8193
42.5582
42.506
42.8962
43.1614
43.4345
43.7933
43.3328
43.0941
47.8905
47.7686
47.3797
47.1168
46.7994
46.3239
45.9126
45.5579
46.353
45.8724
45.615
45.626
45.7879
45.6436
45.98
45.8568
44.0012
43.9081
43.7545
43.75
43.6378
43.9372
44.1737
44.2493
46.5475
46.9657
47.3806
48.0809
48.3267
48.6842
48.9895
49.3487
48.29
48.0754
47.7696
47.392
47.6158
48.2624
48.7303
49.3978
50.1127
45.7986
46.4228
47.4097
47.9547
48.6689
49.072
49.807
50.7434
59.8708
60.4267
60.8128
61.7295
62.0633
62.8618
63.1292
63.5505
69.6788
69.3703
69.247
69.1104
68.8419
68.5913
68.3113
67.805
58.785
58.2943
58.2054
58.077
57.997
57.9198
57.5261
57.554
48.1267
48.1105
48.1335
48.2024
48.1534
48.0989
48.247
48.2692
48.1556
43.8834
43.4771
43.4688
43.6445
43.8949
43.9529
43.994
43.6809
50.0002
49.9077
49.8595
49.641
49.7534
49.9856
50.053
49.964
60.0894
59.7511
59.6602
59.4295
59.3275
59.0928
58.9989
58.7546
50.7954
50.8619
50.9295
51.0049
51.0749
50.9006
50.9946
51.0649
38.0027
37.8398
37.6251
36.981
37.3267
36.7759
36.7879
36.7622
37.481
37.4721
36.6203
35.8795
35.251
34.5149
33.634
33.5032
33.2339
43.6655
43.3097
42.8617
43.0698
43.2973
43.3064
43.7732
43.5264
47.9599
47.9948
48.1961
48.39
48.8794
49.2072
49.0279
49.189
53.8229
53.7871
53.616
53.4884
53.2088
52.7732
52.6721
52.1945
52.6707
52.5475
52.239
51.8608
51.511
51.1832
50.861
50.678
46.8604
46.5875
46.7165
46.313
46.3678
47.0891
47.4763
47.788
48.7099
49.1217
49.2269
49.8204
50.0209
50.2437
50.5975
50.4548
50.1919
48.9451
48.7796
48.4238
48.2468
48.1611
48.3516
48.5986
48.7289
46.9092
47.6402
48.1643
48.81
49.4287
50.1091
50.6197
51.0173
62.4525
63.1284
63.8753
64.7436
65.4481
66.046
66.9262
67.9299
74.4359
76.3307
77.7082
78.7782
80.1676
81.0844
81.4209
81.4447
73.2611
73.4247
72.739
72.1861
71.3052
70.2382
69.9986
69.6579
69.4857
62.8183
62.6003
62.3125
62.3241
61.8679
61.4218
61.372
61.3182
54.6997
54.2597
54.1318
54.0229
54.1101
53.9225
53.647
53.4899
55.5815
55.653
55.5482
55.573
55.6397
55.7301
55.737
55.8264
61.9485
61.9054
62.2048
62.0987
62.0519
62.3659
62.6447
63.2222
55.7458
55.9523
56.0924
55.813
55.4729
55.1307
54.6384
54.4277
33.2087
33.1479
32.9655
32.5257
32.7423
32.5687
32.4996
32.2524
32.0724
25.4324
25.4358
25.2051
24.7398
23.6743
22.7295
22.2719
21.3108
45.124
44.5144
44.4945
44.4553
44.6289
44.6244
44.6592
44.8913
62.2511
62.0754
61.7958
62.3471
62.171
61.9097
61.9523
62.3272
32.6996
32.7405
32.8103
33.0056
33.278
33.305
33.8484
34.6035
24.5704
25.272
25.2882
25.5172
25.1663
23.9995
22.353
21.4955
20.7389
44.1622
44.0425
44.0277
43.7558
43.6043
43.5804
43.9888
44.0428
84.1298
84.7298
86.0487
87.04
88.0555
89.3769
89.2053
88.7555
56.4665
56.884
55.8252
54.9497
53.8745
53.1925
52.282
51.9396
23.0574
22.698
22.914
22.7764
23.0145
23.048
22.6956
20.719
21.0775
20.5119
20.668
20.6972
20.7337
20.5951
20.3639
20.4386
56.4247
55.9771
55.8384
56.1724
56.6785
57.1561
58.3238
59.0343
59.8581
30.3509
30.7564
31.2768
31.7585
32.1846
32.6915
33.3101
33.4975
22.1193
22.0488
21.9879
21.1367
19.7921
18.3578
17.8914
17.4981
44.9566
45.154
45.9451
46.7382
47.5565
48.3519
49.3273
50.3403
71.3497
71.2782
71.0723
71.4448
71.1397
69.4616
67.9419
66.8074
26.8464
26.4962
25.9074
26.0165
25.5795
25.53
25.2273
24.9048
20.7058
21.0134
21.3432
21.5827
21.6977
20.8104
18.6432
17.2004
17.48
28.5325
28.3312
28.9514
29.2787
30.8533
33.3036
33.4126
33.4641
64.0216
64.2039
64.8978
65.2542
65.5708
65.7872
64.8599
63.7803
26.2434
26.0094
25.7133
25.2576
25.1484
23.9257
23.3667
22.8967
29.0337
29.0442
29.8578
31.2222
32.2084
32.9526
33.2271
33.4744
35.7558
35.6225
35.5132
35.4403
35.405
35.5202
35.6335
35.6935
36.1004
25.0602
24.858
24.7512
24.7404
24.5368
23.6885
22.3449
21.8247
27.2681
27.1168
27.4722
27.6334
28.1138
28.3385
28.5562
27.5199
43.6895
44.2216
45.0975
45.7893
46.8929
47.7528
49.146
49.6438
50.9822
51.6496
51.7619
51.4918
51.3831
51.0595
50.6314
50.2002
32.6656
32.6551
32.3565
32.6396
32.3991
32.2969
32.383
32.2894
24.0393
24.1172
23.9602
23.9794
23.9754
23.999
23.9725
23.8688
23.898
27.837
27.8349
27.7523
27.6421
27.7275
27.6519
27.7747
27.7047