75.2802
75.3241
75.5658
75.6098
76.4228
76.0272
75.9833
75.7416
75.2362
74.9725
74.2474
73.0828
73.0169
72.6434
72.7532
73.3685
73.0389
73.1488
73.5882
74.577
75.2142
75.3241
75.1923
74.9286
74.7967
75.4559
75.7196
74.9725
75.8515
75.5438
75.8075
76.0053
75.8954
76.8183
76.7524
77.873
77.2138
77.7631
79.1694
79.3452
80.312
80.9712
80.6416
81.1031
79.8066
79.7407
78.1586
76.9281
75.8295
75.3241
74.9506
75.2142
76.5766
77.1039
78.3784
80.5757
82.1578
82.9708
81.4986
80.0923
78.1806
77.7851
78.0708
78.8838
78.664
79.1914
79.4331
78.3564
77.851
77.9389
78.1367
78.4004
78.3564
78.0927
78.2685
78.4004
78.1367
78.7519
78.9497
78.5102
79.0376
78.686
78.4443
77.5434
77.4775
77.829
77.5654
77.3237
78.3344
77.5654
78.2465
78.0927
77.873
78.1806
77.6752
78.8398
79.2573
79.1694
79.521
78.9277
79.5649
78.2026
78.9936
78.4882
78.5981
78.1367
77.829
77.06
75.7855
75.4999
75.412
74.4891
73.1488
71.6106
71.9622
72.2039
71.8743
72.5994
73.1268
72.7752
73.4564
74.4672
75.412
76.3129
77.038
77.3237
77.6752
77.2138
76.9721
76.269
75.5658
75.3681
74.4012
73.8299
73.5223
72.4456
71.7864
71.3909
71.2371
71.4788
72.3138
73.9178
75.5219
77.4555
79.2353
79.2573
79.3452
79.2793
78.5761
78.9497
79.6309
79.4331
78.7299
77.7631
76.4008
76.225
75.6317
76.8842
77.3456
77.6972
78.2465
78.0708
77.2358
78.2905
80.0264
78.5761
77.038
75.7855
74.6649
73.9178
73.2806
72.8851
71.9183
71.5887
71.347
71.4348
71.6985
71.9183
72.5555
71.9183
71.7644
71.5227
71.0393
71.3689
70.6438
70.2483
70.0286
70.7757
72.1819
73.742
76.0053
78.8398
82.5533
85.6076
86.5744
84.5528
82.9268
85.6295
85.2999
83.5641
81.125
79.2134
79.499
81.8062
80.9492
80.2022
78.4223
78.5981
77.9609
77.5873
77.7631
78.2026
78.5981
77.3676
78.5761
78.1806
76.3788
73.8739
73.0828
72.6653
73.1488
73.6102
74.2474
75.0604
75.5878
76.3349
77.4116
78.0268
77.9169
77.4995
77.6752
77.3237
77.082
76.203
76.5766
76.3568
75.8954
75.5658
74.9506
75.412
75.2142
75.2802
76.3129
75.7855
75.1703
74.9506
74.599
74.4672
74.599
75.0165
75.412
75.5658
75.9613
75.7416
75.434
75.2802
75.0385
74.9506
75.0604
75.1263
75.412
75.7636
75.9613
76.0932
76.6645
77.895
78.4223
78.8838
79.6528
80.0703
80.2241
80.3999
80.1143
79.7187
79.499
77.873
77.1918
76.6864
76.0932
76.0712
76.7963
75.9394
75.5219
75.434
75.1923
74.4672
74.3793
74.4891
75.6537
76.8842
78.0268
78.4882
79.6748
80.2241
80.7295
80.4878
80.0923
81.4766
80.7735
81.8501
82.1138
81.5645
81.4986
83.1905
82.3555
80.6856
78.7739
77.5214
77.1918
73.4564
72.7093
73.1048
73.3026
73.9178
74.2694
75.1483
77.06
76.9721
75.8515
73.7201
71.5008
70.7317
70.7317
70.7317
70.5779
70.8635
71.2591
72.0721
73.1927
73.4564
74.2035
74.3793
75.4559
75.8515
76.3568
76.3788
76.4667
77.2358
78.2905
78.4663
78.3125
76.7084
76.5326
76.7524
77.038
76.3568
76.7084
75.8954
76.269
76.5985
76.9281
77.2358
77.3676
77.7631
78.4223
77.9829
76.5985
76.3129
75.6757
75.9613
77.2577
77.4775
77.5214
78.1367
77.851
77.6972
78.4443
78.4004
78.1367
78.4443
78.0268
76.8622
75.9613
75.412
76.0492
77.06
76.8403
75.6976
75.1923
77.038
77.1699
77.6313
77.6752
79.3891
82.9049
83.586
82.0479
81.0591
82.0259
81.125
81.125
80.8174
80.6416
81.3448
80.0923
78.9717
79.1694
78.7739
78.708
79.4551
79.5649
79.0815
79.8506
79.7407
78.4443
77.1479
77.3017
76.5546
77.082
77.1699
76.5546
76.9281
75.3241
74.9725
74.7967
75.0385
75.2802
76.1591
75.8075
75.4779
74.4012
73.8958
72.973
73.1927
72.0501
72.5335
72.5115
72.4676
72.5994
73.3685
74.2254
74.9506
75.1044
75.8734
76.6645
77.9829
78.2685
78.4223
78.5542
79.2353
79.8286
79.6748
80.0483
79.543
78.1147
77.4116
76.8403
76.1151
77.9169
80.0044
81.0811
81.147
81.2569
79.521
75.0824
72.4236
72.8631
72.8411
73.3026
74.2474
75.412
77.3456
78.0048
78.1147
77.9609
77.9169
76.6425
76.247
76.225
75.5658
75.8075
75.5878
74.8846
74.555
74.3353
74.2254
73.2806
73.9837
74.577
74.7967
75.7855
76.7524
78.4443
78.6201
78.5761
80.0923
79.4111
80.0923
80.5977
83.0806
84.5089
88.1564
90.5955
88.1784
86.0031
85.1901
84.4869
81.938
81.8721
83.0587
79.5649
72.138
71.281
71.1053
71.3689
71.6546
73.0609
75.8295
79.7187
85.6076
93.2762
90.7273
89.8484
90.8592
90.9031
90.5735
89.7165
89.4748
89.5627
92.5071
92.3533
91.8699
92.4412
91.7381
91.4305
91.1448
91.7601
91.0569
92.4632
91.7601
92.0897
91.3865
89.0574
87.2995
82.773
77.3896
76.4008
76.8183
77.6533
78.9936
79.8066
82.5972
86.7941
87.717
87.717
84.3111
81.3008
78.1367
72.929
71.1053
70.9075
70.5559
70.3801
69.9626
69.9187
70.1384
70.468
70.9295
72.0501
72.2039
72.7972
72.2698
71.5667
70.3801
70.2483
70.1604
70.1165
70.1384
70.5339
71.5667
73.5003
78.3125
81.125
81.5645
73.9398
74.6869
75.5219
75.8734
75.3021
74.9725
76.0272
76.6425
73.9398
74.3353
75.39
77.1918
76.269
75.5219
75.1263
74.6429
75.5658
75.8954
77.3237
77.9829
78.0268
78.3784
78.0708
77.873
77.016
77.1699
76.9062
76.8183
76.8403
77.2797
77.5214
77.4775
78.0708
79.3672
80.3999
81.0371
81.147
80.9712
80.6416
80.1362
79.2353
78.7739
78.4004
78.0927
77.5654
76.8842
76.6205
76.6645
76.6645
77.016
77.06
77.2577
77.3896
76.9721
77.2138
76.9281
76.3349
76.0272
75.7196
75.8734
75.9833
76.0053
75.7855
75.5658
75.8734
75.8954
75.8075
75.9613
76.1811
75.5658
75.6537
76.0053
76.0492
76.4447
76.4667
76.269
76.4667
76.4667
76.5107
76.7084
76.7084
77.4335
76.8183
76.3788
76.225
76.3349
76.225
76.6645
76.7084
76.8183
77.3237
76.5985
76.225
76.6425
76.7743
77.3456
77.2577
77.7631
77.5873
78.0488
77.5873
77.5873
77.5873
77.4995
76.203
76.3129
76.0272
76.1151
76.6425
76.1151
76.5107
76.269
76.5985
77.2797
77.7412
78.0927
78.5542
78.0927
78.5981
79.1474
79.521
79.9604
79.8066
79.0815
77.6752
76.8622
75.6757
75.0385
73.9618
72.8851
72.7532
72.7972
73.1048
73.8739
73.4564
73.0389
73.0169
72.8192
72.8411
72.2918
71.6106
71.5227
71.4129
71.5447
71.3689
70.9075
71.2151
71.5447
71.7864
71.6546
71.8304
71.7205
71.9622
71.8084
72.2479
72.6653
70.9295
71.0613
71.281
71.8304
72.7972
72.8192
72.8411
72.8631
72.2479
72.16
72.2259
72.9949
74.2254
75.434
76.247
76.9501
77.895
78.7739
79.7187
80.2461
81.5425
80.9712
80.8174
81.0811
80.6416
81.2349
80.5098
79.7407
77.1039
75.1703
74.2694
73.4344
74.4672
72.6873
71.2591
71.2371
71.325
70.6218
70.512
70.9734
71.3909
72.116
73.1048
73.3245
72.8192
72.4896
71.1931
70.0945
69.9626
70.1165
70.4461
70.3801
70.8196
71.1492
71.7864
72.116
72.5555
71.6985
70.8855
71.0833
70.9514
70.0505
70.0725
70.0725
70.1384
70.2922
70.3582
70.4021
70.2263
70.1384
70.2703
70.7317
71.2371
71.8304
72.5335
72.7313
73.3026
73.4564
73.5662
73.4124
73.6541
73.786
73.9837
74.1815
74.7748
74.6869
74.577
75.4559
75.4559
76.8842
77.895
78.7299
77.8071
77.7851
77.1039
76.8183
77.06
77.5654
78.0048
79.3013
79.499
79.543
79.6309
80.2022
80.5098
81.4766
81.6304
81.96
82.7071
83.4322
83.3223
82.6851
82.9488
82.795
82.3775
81.125
80.0044
80.0923
80.4878
80.1143
78.6421
78.0708
77.7412
77.9169
78.0708
77.6533
78.4223
78.7299
79.8066
79.9824
79.5649
78.0268
76.7963
74.3793
73.808
74.0497
74.1595
74.555
72.2479
71.8084
71.2371
71.1931
71.0613
71.5008
72.6873
73.8739
74.6869
74.5111
72.9949
72.6214
73.1927
73.808
75.0604
76.1371
76.9062
78.7739
79.6528
81.5425
83.0367
82.5313
82.6412
82.7071
82.4434
83.3443
84.5968
84.7726
86.047
88.3322
87.717
85.8932
81.8941
77.873
79.2573
74.7748
72.7313
73.6541
72.4896
71.8523
71.5227
70.8196
71.281
71.1492
71.3689
71.1712
71.4788
71.9842
72.4236
73.2367
74.2694
74.6869
74.6869
75.2802
75.6098
76.1591
77.2797
78.664
80.5537
80.4439
80.2681
79.521
79.3013
76.9281
77.2797
77.9169
78.8178
77.7631
76.0053
74.621
73.3465
73.2586
73.0609
72.973
73.2147
73.1927
73.3465
74.0277
74.2035
74.4891
75.0165
75.5878
76.7963
76.6645
76.4228
76.0932
75.39
75.0385
75.5878
75.4779
75.7196
75.9394
76.203
76.1591
75.7196
75.9833
75.7196
75.8075
75.9613
75.4559
75.5658
75.6317
75.2582
74.7748
74.9286
74.2474
74.1815
74.3573
74.3793
74.1815
74.3573
74.3573
74.2254
74.599
74.4452
74.2694
73.742
73.5662
73.2806
72.929
72.4017
72.138
71.8743
71.6766
71.6326
71.5887
71.0833
71.0393
70.9734
71.303
71.4348
71.9622
71.9622
71.7205
72.116
72.8411
72.929
73.3245
73.742
74.1815
74.4232
74.2474
74.6649
74.8407
75.1923
76.0492
77.4555
78.3564
78.4223
77.6752
77.9609
78.686
79.8506
80.8833
80.4439
78.2026
78.1367
78.9057
80.9273
80.8174
75.8734
74.4891
74.7748
74.6869
73.8519
72.7972
71.7644
70.5999
69.8088
69.8528
70.5339
71.3689
73.5662
76.6864
77.851
76.6864
77.5654
77.7192
74.4012
72.6214
75.5438
76.4228
76.9281
77.082
75.6976
72.2698
72.951
73.2586
74.1815
74.9506
75.39
75.5438
74.0716
73.8299
72.929
72.6653
73.5003
74.1595
75.2582
73.8299
72.5555
70.7317
70.9514
71.281
72.0062
72.4896
72.8851
73.1488
73.8299
73.6322
72.7752
71.5447
71.0393
70.9075
70.8855
70.8416
71.1272
71.303
71.6546
72.094
72.5775
72.8851
73.3245
73.8739
74.1156
75.0165
74.7967
75.39
74.4012
74.4452
75.0165
75.8954
76.7304
77.016
77.2138
77.4116
78.2905
79.2573
79.0595
79.0156
78.5981
78.1367
77.7412
78.0048
77.5434
77.4775
77.5434
77.3237
76.7084
76.5546
76.3568
76.4008
76.4887
76.1591
76.1811
75.7196
75.3681
75.2362
75.1483
75.0385
75.0385
74.8627
74.9945
74.8407
74.9066
74.8407
74.9286
74.9725
75.1483
74.6649
74.6649
74.9066
74.6429
74.6429
74.8627
74.621
74.599
74.6429
74.2474
74.5331
74.2914
74.4672
74.4012
74.2914
74.1156
74.2914
74.2694
74.3133
74.0057
74.2035
74.3573
74.4012
74.4232
74.2694
74.4452
74.1376
74.3133
74.3353
74.555
74.555
74.3133
74.3793
74.3133
74.2694
74.4452
74.2254
74.1156
74.2914
74.1156
74.0057
73.9618
73.8299
74.0936
74.1376
74.0936
74.2914
74.1595
74.1595
73.8519
74.3573
74.1156
74.1156
73.9837
73.8958
73.764
73.9398
73.8299
74.0277
73.8739
73.764
73.6322
73.4784
73.6102