78.0268
77.873
77.8071
78.1586
78.4663
78.4882
78.3344
78.3344
78.3784
77.6533
77.4116
77.082
76.5985
75.9833
74.8187
73.764
72.8851
72.138
72.116
72.116
72.0281
72.5115
73.0828
74.0277
74.6429
75.7855
77.5214
78.5102
79.4551
79.6748
79.477
79.8726
79.1914
78.1586
76.5326
75.2802
74.7528
73.8739
73.1048
72.5775
72.2479
71.9622
71.7425
71.5887
71.4568
71.7864
72.3358
73.3026
74.1156
74.8407
75.6098
76.1591
76.247
76.1371
76.5766
76.6864
75.8075
75.9174
75.6976
74.9286
74.1595
73.8958
73.7201
73.3905
74.4672
75.8075
75.1923
74.7089
75.0165
75.4559
76.1811
75.9394
76.3788
76.3568
76.4887
76.269
77.082
76.4228
76.6205
75.8295
75.8734
75.6757
75.8515
77.1918
76.9721
76.5546
75.9394
76.0712
76.3568
76.5326
76.8622
77.829
76.5107
76.6205
76.7084
76.4228
76.3788
76.1811
76.0932
75.7636
75.5438
76.4447
76.7963
77.1259
75.3021
75.0604
75.0604
75.4779
75.2142
74.8846
74.2694
74.8846
73.8739
74.2254
75.5219
75.8734
76.269
76.9721
77.2577
76.4228
76.1811
76.4447
76.5766
77.4116
78.4443
78.2905
78.664
79.0376
78.8398
79.3232
78.6201
80.1143
82.3116
81.982
82.795
82.7291
83.0587
83.4542
81.8282
78.2246
75.0824
74.4891
74.8846
75.412
77.6533
75.9613
75.8515
76.7743
78.5542
80.9932
83.5201
85.3659
86.2448
86.4865
86.8161
87.0138
87.5412
85.3659
85.4318
85.3439
85.7614
86.1569
86.2668
86.8381
87.8488
87.7609
88.3982
88.3982
87.8928
85.4537
84.9923
84.5089
83.9156
82.2896
81.2129
81.0371
80.3779
79.0595
77.851
76.2909
74.599
75.0824
75.9833
76.7524
76.5107
75.434
75.0385
76.0272
77.7412
81.147
83.2784
84.9923
84.8385
86.069
86.6403
86.5964
86.6183
87.695
87.7829
86.047
84.465
82.2237
81.0591
79.8726
80.5537
81.7183
83.1905
85.1901
85.1022
84.7506
84.5309
84.2232
82.9927
82.3775
84.5748
85.8712
86.7282
87.0358
85.9372
84.2452
83.0587
82.9268
84.0694
84.7506
84.3771
84.9044
84.9923
87.0138
88.2224
88.4641
87.8049
86.8161
86.3766
87.2116
86.3546
87.4533
87.3654
86.9699
85.1241
82.8609
80.8613
80.0703
80.7735
81.169
82.4874
84.465
85.7394
85.1022
84.1573
82.6632
83.6739
85.212
86.2228
85.8932
87.5412
88.7717
89.4748
90.156
89.8484
89.6946
89.8484
88.2443
87.0798
86.3766
88.3982
88.2663
88.1345
88.7717
88.1784
86.5744
85.8932
84.3551
82.5313
79.9385
78.7739
78.5981
77.6972
76.8842
76.1151
74.621
74.2694
74.4012
75.0604
74.9945
75.0604
76.6645
77.7192
78.686
79.1255
79.6089
79.1694
78.8838
78.9057
78.4223
78.7739
78.4004
78.2465
78.0927
78.2465
77.7192
78.3344
77.9609
78.0268
78.1367
77.7851
78.2026
78.686
79.1914
79.3013
79.5649
79.6528
79.8066
80.1802
80.7954
81.6744
81.8721
82.2237
81.938
81.7842
81.0811
80.356
79.8286
78.4663
77.9609
77.4116
76.1811
75.2142
74.2474
73.9398
74.9945
76.3129
78.0708
78.8398
79.7627
79.7407
80.4658
79.9824
78.5102
76.9721
75.8954
74.8846
74.4891
74.1156
73.5662
73.1488
72.3797
72.2039
71.9402
72.0281
71.9183
71.7864
71.7644
72.094
71.9622
72.1819
72.1819
72.2259
72.2698
72.4896
72.7093
73.2586
73.6102
73.2147
73.5882
73.9178
74.1595
73.6761
74.1156
74.2474
74.4012
74.6649
74.9066
75.3021
75.3461
75.8954
76.0272
74.8846
74.5331
74.9286
74.9066
74.9945
75.0385
75.5878
75.3681
75.4559
75.4559
74.9506
74.8407
74.2035
73.9837
73.5223
73.0828
73.0828
73.1488
73.0169
72.6873
72.5994
72.8851
72.7752
72.7532
72.6873
72.5994
72.2259
72.0062
72.116
71.7644
71.4348
71.6546
71.8523
72.3358
72.951
73.0609
73.5003
73.4564
73.6981
73.4124
73.1488
73.3245
72.929
73.1927
72.7532
72.2039
72.0501
71.7205
71.4568
71.8743
72.1819
72.9949
73.5882
73.8299
73.8519
74.3353
74.4232
74.621
74.8187
75.4999
76.3129
76.9062
77.5434
78.3344
79.9385
80.6196
80.8833
80.5318
79.0376
78.7959
78.9717
79.0815
78.6421
78.1367
78.6201
78.664
78.4004
78.8398
79.0595
78.9936
79.0156
78.4443
77.9609
77.3676
76.1591
76.225
76.269
76.6205
76.4667
75.9833
76.1811
76.0272
75.4559
75.9174
76.0053
75.6757
75.7196
75.1263
74.8627
74.7748
74.4452
74.5331
74.4012
75.8734
76.5766
77.6752
78.1586
78.8178
79.1474
78.9057
78.4004
77.2797
76.0932
75.6317
75.6976
76.7084
76.5326
77.1259
76.7743
76.3568
75.4999
75.3681
74.5111
74.3353
73.786
72.929
73.3465
72.7972
72.8851
72.8192
72.7313
71.9622
71.347
71.303
71.347
71.0613
70.9295
70.6878
70.6438
70.5999
70.3801
70.2483
70.3801
70.3362
70.5559
70.7537
70.9075
70.9954
71.4129
71.6546
72.138
71.8084
71.0174
70.6878
70.5999
70.9075
71.0174
71.5008
71.5447
71.8523
72.4896
73.2586
73.8519
75.0385
75.7636
76.203
76.5766
77.2797
77.5654
77.1699
76.1811
75.0385
74.2914
73.1488
72.3577
73.4344
73.6981
73.808
74.577
74.9506
76.0492
77.2138
77.082
76.5326
76.6205
76.1151
76.5107
76.0712
76.7304
76.5985
76.6864
76.1591
75.39
74.9945
74.1815
73.8519
74.3353
74.3353
74.2254
73.9398
72.7532
72.138
72.0501
72.138
72.094
72.1819
72.094
71.6546
71.6985
72.4676
72.929
73.4784
73.1048
74.3353
73.9837
74.7967
74.0936
73.4784
73.1268
73.1048
73.9398
73.8299
74.7967
74.2254
73.6102
73.5443
72.8411
72.5775
72.7972
72.4896
71.5887
71.9402
72.6653
72.6214
72.5555
72.4456
72.4017
72.4676
71.7205
71.3689
71.325
71.3909
71.8304
72.094
72.8192
73.1488
73.6322
73.9618
75.0604
75.8515
76.5766
77.5654
77.3017
76.5546
74.621
73.0609
71.7864
71.7425
72.2039
71.9183
73.1488
75.8954
76.9941
77.1918
76.8842
76.5985
76.3349
76.247
76.0712
75.8295
75.9833
76.225
75.8515
75.7196
76.0053
75.8295
75.8515
75.9174
76.1591
76.4667
77.6972
77.895
77.4775
76.6205
76.269
76.8403
76.7963
76.8403
76.8622
76.9062
77.038
76.8842
77.1039
77.038
77.3237
77.5873
77.5214
77.6533
76.9501
75.5438
75.412
76.0272
76.9721
77.2577
76.9281
77.1259
77.2138
77.1699
77.1699
76.9941
76.7524
76.7743
76.6425
76.8842
77.5654
76.9501
76.5107
76.7963
77.1699
77.082
77.1259
77.016
76.9281
76.9721
76.9501
76.9941
76.8183
76.8183
76.9941
76.7963
77.016
77.016
76.9062
77.06
77.038
76.9721
77.038
77.038
76.8183
76.8842
76.9721
77.016
76.8622
77.2138
77.2577
77.2577
77.4555
77.895
77.895
78.3344
78.708
79.2793
79.3891
79.2134
79.0156
79.6309
79.477
79.8286
79.477
79.0815
78.2026
77.873
78.1147
77.873
78.0268
77.8071
77.7631
77.6093
77.5214
77.7412
78.1367
78.4663
79.0815
79.7407
79.9604
80.0923
79.4551
78.3784
77.7851
76.203
74.8846
73.5662
72.5335
72.2918
72.16
71.7205
71.9402
71.9402
72.2918
72.2259
72.8192
73.1488
73.2586
73.3465
73.0828
72.9071
72.7972
72.3577
72.2039
71.8304
71.9183
71.9402
72.094
72.0281
72.094
72.7093
72.3797
72.2918
71.9183
72.0062
72.2259
72.4456
71.9842
71.5667
71.8743
72.0501
72.16
72.138
72.1819
71.8743
71.8304
71.9183
72.4236
72.951
73.0828
73.1707
73.5662
73.3465
73.3465
73.4564
73.5882
73.0828
72.7093
72.6653
72.4456
72.2039
71.7864
71.5887
71.8304
71.325
71.2371
71.1272
70.9075
70.7757
70.9734
71.5008
71.9402
72.4236
72.4017
72.16
72.2918
72.7313
72.8631
73.0169
72.6434
72.4236
72.116
72.2698
72.5775
72.2039
72.5555
73.0169
72.973
72.7972
72.7093
72.8411
72.6214
72.5335
72.3358
72.2259
72.0062
71.3909
71.2591
71.1931
71.4348
71.5227
71.7205
71.8743
72.116
72.8192
73.1268
72.951
73.6541
74.0057
74.2254
73.5003
72.7313
71.8743
71.9183
71.8963
72.094
72.2479
71.9622
71.7864
72.5115
72.5775
72.7972
73.4344
73.0609
72.9071
72.3797
72.6873
72.4676
71.7864
71.6985
71.5227
71.8523
71.6766
72.0062
71.8743
71.7864
71.7205
71.7205
71.8304
71.7864
71.8084
71.5008
71.2371
71.281
71.2591
71.5447
72.0281
72.6434
73.2147
73.5662
73.9618
73.808
74.3573
74.4012
75.1044
74.7748
75.0165
75.4999
76.269
76.247
76.1591
76.6645
77.8071
78.7739
79.0156
79.3672
80.312
81.4107
81.8941
82.3116
82.2017
82.9488
83.1026
82.3775
82.3336
82.3775
81.2349
80.7515
80.1802
79.7627
80.334
80.5098
81.4986
82.6632
84.443
85.0582
84.9703
83.7618
84.1573
83.1685
83.5641
83.1026
82.3775
82.6632
83.1685
83.0806
82.9488
83.3443
84.1573
85.234
85.9152
85.6076
85.1681
84.7286
84.0475
84.2452
83.1685
81.8721
82.4434
83.0147
83.4762
84.0035
84.6627
83.8936
83.3883
82.2457
81.4986
81.5865
80.1362
79.477
78.8838
79.0595
79.6968
80.8613
81.982
83.6519
83.5641
83.5641
83.4981
83.2125
83.4762
83.5201
83.9376
83.2784
83.2125
82.4654
82.5753
82.6851
82.7071
82.751
82.5533
81.7403
79.9385
78.2685
76.4887
76.225
75.9613
75.6757
76.247
76.6205
77.5654
77.7631
79.0376
79.2353
78.8178
78.4004
78.0268
78.4223
77.829
78.1586
78.1806
77.873
77.4995
77.1699
77.5873
77.7192
77.4775
77.895
77.6972
77.7851
78.4882
78.9497
79.3013
80.1582
80.4878
80.6416
80.5757
80.2022
80.312
80.312
80.2022
80.2022
80.0703
80.0264
79.6309
79.6748
79.0595
78.8178
78.3125
77.5654
77.4335
76.5546
75.5438
74.9286
74.4232
74.3573
74.2035
74.2254
74.621
74.7308
75.1483
75.4779
75.3461
76.247
76.5107
76.9941
77.2797
77.5434
77.6752
77.8071
78.4443
78.7959
78.9497
80.356
81.0371
81.2349
81.9161
82.1358
82.1138
83.1466
83.4542
83.8497
84.3551
83.6739
83.9376
84.421
84.2672
84.9264
85.0582
85.1901
85.7833
86.3327
87.673
86.7941
87.0138
86.8381
86.3986
86.5524
85.5856
85.9372
85.1241
85.6295
85.6076
84.9703
85.2999
85.256
85.0363
85.0582
85.278
85.7174