82.4654
81.9161
81.3008
80.9273
81.0811
81.1909
80.6636
80.1802
80.1362
79.4331
79.0376
79.6089
79.5649
79.8286
79.8286
79.7407
79.8286
79.477
79.2573
79.8506
80.3779
80.1362
79.6528
79.9385
79.6528
79.3452
79.1694
78.5542
79.0595
79.0156
78.8398
78.8618
79.1474
79.0156
79.6968
79.3891
80.2461
80.1802
80.6196
80.334
79.543
79.0595
79.4111
78.9277
79.9824
79.5869
80.6636
80.7954
81.2569
81.6744
81.3667
81.4766
81.6304
80.4219
80.6636
81.1031
80.2461
79.3672
77.895
77.6533
77.4775
77.7412
77.7851
77.6752
78.1367
79.0815
81.0371
80.4439
81.4546
82.0479
82.5313
83.608
83.4981
83.4981
83.5201
83.1026
83.0367
82.6851
82.2237
81.147
80.7515
80.6416
80.4878
79.8066
80.1362
79.7627
80.9932
81.8282
82.0699
83.4762
83.3223
83.5421
83.2125
81.7183
81.8282
81.0591
80.5537
80.8394
81.2569
81.982
82.0479
81.169
80.9492
81.4327
79.9165
79.0156
78.5102
79.5869
79.477
80.2461
80.1143
80.4219
81.147
79.8066
78.4443
78.7959
79.8945
81.0152
81.2129
81.3887
82.2017
81.7403
81.7403
82.2457
83.5641
84.0255
84.7946
87.5632
87.2116
85.0143
85.5197
85.3659
86.3986
86.3546
85.6955
86.0031
87.6291
85.4098
85.2999
86.3546
86.6403
86.882
86.3107
87.9807
87.0798
86.4425
87.0798
86.5524
86.2228
84.4869
82.9268
84.3331
82.4874
81.0591
79.6089
78.9277
77.8071
77.7631
77.1699
77.082
76.203
75.8515
75.3461
75.2362
74.8187
76.0272
77.06
78.4223
78.9717
79.4331
78.6201
78.9497
79.0376
78.664
79.2134
78.7299
79.4551
80.2241
81.0371
81.8282
81.2349
82.6192
83.6519
83.4762
83.7838
83.1905
83.1246
83.1026
82.6192
84.7067
84.1134
83.608
83.2125
82.0259
80.5977
79.2573
79.543
78.1367
76.8842
77.1479
77.5434
78.1147
77.2797
78.3344
78.2905
78.5542
77.6972
78.3564
79.1474
78.4443
76.7743
78.5761
78.9057
79.5869
79.4331
79.543
79.521
79.3672
81.1031
81.169
80.2022
79.7187
80.3779
81.2349
80.7075
80.0044
79.6309
79.3672
79.5649
80.5977
81.3887
80.5977
79.477
79.8726
80.2461
80.4878
79.2573
81.125
80.5977
80.312
80.2022
80.7515
80.9492
81.2569
83.1026
83.8936
83.608
84.421
85.234
86.1789
86.047
86.5304
88.486
88.8156
89.2551
87.9147
86.2448
84.443
81.982
81.9161
82.7291
82.9268
81.4986
80.2241
79.6089
78.2026
76.2909
75.5878
76.9062
77.082
77.2358
77.1259
77.016
76.2909
76.8183
77.3237
77.9169
78.7739
79.2353
79.499
79.9824
80.2461
81.1031
81.5865
81.8721
82.4874
82.9927
84.421
83.7179
85.0143
85.0363
82.7291
85.4537
82.8609
81.4986
81.0591
81.8282
81.5205
80.2461
80.2241
79.7187
79.543
79.4551
79.5869
80.0483
80.8833
81.6304
81.0591
80.9273
82.6632
80.9053
80.1582
79.5649
79.6748
79.8506
79.7847
80.356
81.5205
81.7403
82.3336
83.2564
83.8058
84.5089
86.5524
86.926
86.9699
85.9372
85.7833
84.6188
83.9815
84.1354
83.4542
82.6851
81.3887
79.8066
79.2573
78.9497
78.0708
79.3013
78.686
79.1255
79.6309
81.8941
82.3116
82.817
83.1246
84.0914
85.1022
86.2448
87.1237
88.1784
89.8484
89.6067
88.2883
87.4313
84.2672
80.6196
78.9497
77.8071
75.6537
76.7084
77.3237
78.664
78.3564
78.5102
77.3017
77.082
76.5546
78.664
78.7299
78.1806
77.9169
77.5873
78.3125
77.6533
78.5322
78.9497
79.6748
80.1143
80.2681
79.2353
78.708
78.8398
79.2793
79.0815
77.9389
80.5537
79.8945
79.4111
79.0376
78.5761
78.0708
77.895
79.3013
79.543
80.6636
82.2896
83.1246
84.7506
85.3878
85.0363
85.1901
85.8932
86.5085
87.3215
87.4313
86.7062
85.7614
85.8932
85.212
85.0802
84.0255
82.0479
79.7407
78.4223
76.6645
75.3021
77.2797
79.1474
81.2788
84.1134
86.1349
85.8932
85.1461
83.0147
81.4766
79.4331
77.9829
78.5102
78.4443
79.2573
79.1914
78.4223
77.829
79.0376
79.4551
80.2681
79.9385
81.5425
81.5205
82.8609
83.5201
85.0582
87.2116
88.5959
88.0905
86.1569
86.3546
85.9152
87.739
87.3654
87.9147
86.3986
87.8928
86.1349
86.5085
85.4098
85.212
85.4977
85.256
85.0363
84.9264
84.6188
84.1354
84.0914
84.1573
84.0914
84.0255
83.608
82.9268
82.9268
82.1138
81.0152
80.312
80.2022
78.8398
78.4223
77.2138
76.2909
75.3681
74.9506
74.4452
73.5003
73.6322
73.4784
73.1268
73.6322
74.0936
74.4452
74.8846
75.7855
76.203
77.016
77.4775
77.8071
77.1699
77.6533
77.3456
76.6864
75.9833
74.3793
73.2367
71.8963
71.3909
71.1931
71.9842
72.6434
73.2367
73.3465
74.0716
73.4564
73.9618
74.5331
74.4012
74.3353
74.7308
74.3573
75.0824
76.0272
77.2797
77.3676
77.5873
78.9277
79.4331
79.2573
79.0815
78.3125
76.7524
75.6317
75.4779
75.0824
75.2582
75.8734
75.4999
76.9062
77.3237
76.9281
76.2909
76.203
77.038
77.06
77.4116
77.2358
75.4999
72.8851
72.6653
72.5555
72.4896
72.8192
72.6434
72.9071
72.7752
73.742
75.0385
76.4887
77.3456
78.6201
78.2465
77.7192
76.5326
75.3021
74.4232
73.742
73.9837
74.8627
75.8515
75.5878
75.5438
74.8627
75.412
75.1044
74.2035
73.4564
74.2474
74.0497
74.4891
75.412
75.4779
75.6098
75.3021
75.8734
75.7636
75.7416
76.4887
76.8403
78.0048
77.851
76.9941
76.6425
76.6864
76.5326
76.4228
76.0712
75.8734
75.4999
75.0604
74.8846
74.5331
74.7967
74.3793
74.9066
74.5331
74.4672
75.1923
75.3681
74.9725
74.5111
74.3573
74.9725
75.8734
76.4228
77.2138
76.9281
76.6864
76.1371
75.5878
75.9613
75.2142
75.39
74.577
72.929
72.2039
71.5447
72.0062
72.7972
72.929
73.3685
73.6981
73.3905
73.8299
74.2914
74.9286
74.1595
73.4784
73.0169
72.4676
72.8851
72.9949
73.3685
74.1156
74.6869
74.8187
73.9837
73.1927
73.4124
74.1815
75.0385
75.5878
76.5985
77.829
78.5761
78.9936
79.6089
77.6093
76.7304
75.5878
75.6757
76.5326
77.1039
76.8183
77.5654
78.9936
79.521
80.312
80.5318
79.6748
77.4775
77.4335
77.6093
77.6093
78.0708
77.9829
75.9613
74.1595
73.742
73.9618
74.0936
74.2694
74.599
75.3241
75.6317
75.5219
75.6976
74.8627
74.3353
73.8299
73.2806
73.0169
72.6653
72.3577
72.5555
72.5555
72.6434
72.8192
72.6434
72.6214
72.7972
72.3797
72.0062
71.7425
71.5447
71.6326
71.4129
71.5447
71.7205
71.9402
71.9183
72.16
72.0281
72.16
72.2698
72.1819
73.3685
73.4564
74.4452
75.1703
75.2362
75.7416
76.5326
77.6313
79.3013
80.0483
81.7183
82.5313
83.8277
84.5748
85.1241
84.9264
84.9044
83.9156
83.1246
82.6851
82.2237
81.96
81.8941
82.3336
82.0479
81.169
82.0259
82.6192
83.4322
84.0255
84.6847
85.4098
86.6623
86.4425
86.3546
86.069
84.8824
85.4098
85.9591
85.7833
86.025
86.6623
86.6403
88.4201
87.2775
87.6291
87.2555
86.7721
85.7174
84.6847
84.2452
83.7618
83.1905
82.9927
81.7623
81.3448
80.7954
81.4986
81.1031
81.1909
81.7623
82.2017
81.8721
81.938
81.7183
81.5865
81.9161
81.3228
81.3667
81.3448
81.4986
81.4546
81.5865
81.1909
80.5098
79.7627
78.8398
78.1586
77.4775
76.4887
75.9174
75.1263
74.9725
75.2362
75.9833
76.269
76.7963
77.6313
77.8071
77.6533
78.3564
78.664
78.1367
78.5102
78.6201
78.9277
79.5869
79.5649
79.5649
79.2134
79.2793
79.4551
79.8066
79.7627
79.8066
78.9057
77.5214
75.9174
75.6317
76.6425
77.9609
79.3232
78.2685
77.3896
76.7524
76.0932
76.5326
77.3017
77.5214
77.6313
77.5434
78.3784
78.2685
79.1914
79.2793
79.7627
79.3891
78.0048
78.3784
79.477
81.2129
83.6959
85.0143
84.8605
84.2013
83.3663
83.9596
83.7179
83.2564
82.7071
81.3228
78.4882
77.5214
77.4995
76.4008
76.5107
75.412
76.1811
76.4667
76.7963
76.5107
74.5331
72.4456
71.4348
71.9842
72.7752
74.7967
77.7192
78.3784
77.7192
77.2358
76.5546
76.6864
77.7192
79.9824
81.7183
82.5972
83.0367
83.2125
80.7295
79.477
77.895
77.9829
78.7739
78.3784
78.7519
78.4882
78.4004
77.1039
76.1591
76.6425
78.0708
78.9717
77.9169
75.6976
74.0497
72.6214
71.7864
72.0721
71.8963
71.9183
72.0721
71.9183
72.0501
72.4017
72.5994
73.1268
73.764
74.3133
74.8627
75.1263
75.4999
75.3241
76.3129
77.6093
78.2026
78.686
78.2905
77.5654
77.4116
77.9609
77.9829
77.3896
77.4995
77.9169
76.5766
76.4447
75.1703
74.6869
74.555
77.1039
79.9604
81.3448
80.8833
79.4111
79.1255
78.708
79.3891
78.9497
77.2138
75.6976
75.8734
76.6864
78.3344
80.5977
79.8066
80.3999
80.5977
80.8833
81.147
81.6304
81.9161
81.9161
81.125
80.5977
80.9273
81.938
82.6192
83.4762
84.5968
85.6955
84.7286
85.278
85.5197
86.1789
84.421
82.2676
82.7291
82.1138
82.5753
81.7403
81.8941
82.751
82.5972
82.3555
82.9708
83.1685
83.0367
81.4766
81.8062
81.169
80.3999
80.312
79.5869
79.0815
79.1694
79.0376
78.4223
78.708
78.9057
79.0376
79.2793
79.2793
80.2022
80.356
81.2349
81.982
83.63
84.1793
84.9703
85.2999
85.0363
85.6955
85.4977
83.8717
82.5093
80.6856
81.4327
81.4986
81.5205
80.6856
81.0371
81.8941
82.3555
81.9161
81.1909
79.7847
78.708
78.7519
78.5981
77.873
78.0488
78.4663
75.6976
76.5546
77.1259
76.3129
76.3788
76.0932
75.9833
76.8403
77.5654
78.2026
78.4004
78.9936
80.0044
80.4878
80.9053
81.6744
80.7954
81.4327
80.334
80.0483
80.4219
80.7735
81.4107
79.1474
80.356
80.5098
79.0376
78.2685
79.0156
78.0048
77.2797
76.0712
75.8295
75.7855
76.3349
76.8183
76.7304
75.8075
76.1591
76.3788
77.4995
77.7851
77.6533
77.6752
77.1259
76.4887
77.1699
76.269
76.2909
76.3568
76.5107
77.4775
77.4555
77.4775
78.4223
80.0044
80.9492
80.7075
80.4878
79.0815
77.7192
75.7196
74.1815
73.0389
72.6214
71.9183
71.2591
71.325
71.1053
71.1931
70.7976
70.6878
71.1272
71.347
71.6985
72.1819
72.2698
72.6214
72.8851
72.5555
72.094
72.0281
72.2259
72.0062
72.4896
72.16
72.4236
72.0281
72.3358
72.4676
72.2259
72.138
72.3797
72.5775
72.5555
73.0828
73.2367
72.0062
72.4017
72.3577
72.5335
72.4017
72.5775
72.8411
72.6873
72.2479
72.4456
72.8192
73.4784
73.5443
73.808
74.6869
75.2582
75.0165
74.9506
74.555
74.4452
74.599
74.8187
74.2914
74.3793
74.2694
74.1156
74.2474
73.3026
72.9071
72.2039
72.2698
72.094
72.138
72.0501
71.8743
72.6653
72.7313
72.7972
72.8631
72.7313
72.5994
72.5335
72.5994
72.6873
72.951
73.1927
73.1048
73.2806
74.0497
74.8627
74.9066
74.9506
74.1815
74.0936
74.555
74.3133
74.3793
74.1376
73.4124
73.5443
73.5223
73.0609
74.0057
74.2694
74.7967
75.1044
75.39
75.6757
75.9394
74.4891
74.599
73.5223
74.0716
73.7201
73.9618
74.0936
74.0497
74.5111
74.1815
74.0716
74.2694
73.808
74.2254
75.3021
76.3349
76.5326
76.2909
76.225
76.7524
76.4008
76.0712
75.412
75.4999
75.6537
75.5878
76.2909
78.4004
78.0048
77.4335
77.1918
77.4995
76.7524
75.4559
74.1815
73.9618
74.7748
75.1703
75.6757
75.9833
76.1591
76.6425
76.3788
76.8183
76.3349
75.8295
75.4779
75.3021
74.621
73.8519
73.3465
73.3685
73.4344
73.5003
74.0057
74.3133
74.8407
74.3573
74.3353
74.0936
74.5111
74.7089
74.8627
75.3241
75.2142
75.5438
76.5326
76.9062
77.1479
76.6205
75.8734
75.5438
75.1703
75.8954
75.5878
75.1263
74.0716
73.6102
73.6322
73.1488
73.0609
72.2479
72.4676
72.4456
72.6873
73.0828
72.7313
72.5775
72.5115
72.5775
72.116
71.8304
71.325
71.1712
71.0613
71.1053
71.1492
70.7757
70.7976
71.1712
71.1712
71.5227
72.2259
72.2698
72.3577
72.7972
72.5335
72.5335
72.8631
72.7972
72.8411
72.8631
72.5555
73.1048
73.2586
73.7201
73.8739
74.4452
74.9066
75.9394
76.6205
76.9941
77.1918
76.9062
77.8071
77.3676
77.6093
77.9169
78.3344
78.4223
77.829
77.082
75.0604
73.3245
72.6214
71.5667
70.0725
68.4465
66.6886
62.1182
60.9536
60.646
54.2298
52.45
46.2316
44.3639
75.2142
75.4779
43.2213
44.5616
75.434
75.7416
76.4228
77.082
45.88
48.0114
52.9334
52.494
55.6361
54.7792
55.3065
54.2079
52.5819
53.241
51.5931
50.6482
52.2303
55.0868
52.5819
52.472
52.9114
53.7025
49.1321
45.924
44.4298
49.3957
51.2854
54.3617
50.7581
50.4944
47.0666
47.0007
51.637
57.4599
61.6568
63.6344
64.1397
68.3586
70.5779
71.9622
73.5662
74.621
74.2914
73.3465
73.1707
72.973
72.5335
72.5775
72.7972
72.8631
72.8411
72.5335
72.4896
73.4124
73.3465
72.5775
72.2698
72.2698
72.5994
72.5994
72.094
71.9402
71.4348
70.7537
70.6658
71.3689
70.1384
71.5887
70.1824
70.7757
71.4129
69.6111
67.8532
67.0842
67.4357
64.6232
66.7326
64.9528
64.6451
62.7115
61.8545
60.1406
58.3608
57.8994
60.7339
59.5693
60.0088
60.3823
57.0424
55.9218
52.2083
52.9554
49.8352
53.1532
51.2415
51.8567
51.5931
48.5608
52.0325
54.5594
61.2832
63.8321
63.0631
62.4039
62.2501
57.4599
54.8671
55.6142
56.5151
54.8451
56.8666
51.5491
50.9339
53.9222
55.8998
58.4707
59.0639
57.1523
51.4612
44.6495
76.0492
76.2909
76.6425
76.5766
77.3237
46.2096
51.0657
55.2406
58.5586
61.5909
65.546
67.4357
64.9308
67.7434
69.8967
72.6214
71.7205
71.7425
71.4788
71.5887
71.4568
71.0393
70.5559
70.1824
69.8308
69.677
68.9299
69.0617
69.2375
69.5452
68.886
69.1496
65.6559
64.8649
65.8097
63.4366
63.6783
61.459
58.5805
58.185
55.3505
54.5814
54.12
52.9114
52.2523
52.428
55.1088
52.8675
55.0868
55.2406
51.4832
52.5819
51.1316
55.0648
54.3397
56.5151
58.6904
59.6792
61.9424
61.9644
59.7451
54.5375
52.494
46.0998
75.1263
75.5878
76.269
76.203
78.2026
77.6313
47.0886
77.6972
76.9941
51.0437
78.1367
49.22
53.2191
58.5805
59.833
58.4487
58.6465
61.1294
64.8868
67.1061
66.8425
63.92
64.0738
66.6447
61.1734
57.5478
58.6465
60.4263
59.855
61.1294
53.1751
49.3078
46.8908
44.9572
45.3527
45.3527
45.3307
42.4962
74.3353
74.8627
75.7196
75.7855
76.4008
76.3788
76.9941
77.3017
77.06
76.5326
76.8622
76.9941
77.3017
77.4775
77.895
48.1872
51.0877
53.307
54.1859
55.6801
55.5043
56.9325
55.724
55.0428
55.4384
53.4388
55.4384
54.6473
55.768
53.5926
51.5271
52.2303
49.1101
48.8464
48.0773
48.6926
47.7477
50.3845
50.011
50.5164
48.0334
48.0993
48.1433
47.2863
49.9451
50.1209
50.5823
52.428
53.3289
54.7572
56.6689
60.5361
63.9859
63.5684
64.4254
67.4577
69.3254
65.6339
69.7209
72.3797
71.0833
74.6429
75.0165
75.5438
75.9613
76.9281
77.038
77.4995
77.1699
77.4775
79.1035
78.8618
78.4663
76.8842
75.8734
76.6864
76.2909
75.7416
75.9613
75.6537
76.0712
75.8954
76.0932
76.1151
76.5766
76.0932
75.9174
75.8075
76.3788
76.269
76.5985
76.5546
76.7084
77.082
76.9062
76.9281
77.016
77.016
77.6093
77.8071
77.851
77.7192
78.2685
77.4995
77.7631
77.5214
77.3456
77.1918
77.3456
77.4116
77.1039
77.1039
77.1699
76.9501
77.3456
76.3568
76.1151
75.2142
75.1263
73.9178
74.6649
75.2582
74.2035
74.9945
74.5111
74.577
73.3465
74.1376
75.8075
75.1263
71.0393
71.5447
68.6003
67.1061
65.8537
63.898
64.5133
63.898
62.4039
67.4577
70.512
72.8192
72.7532
68.82
61.9424
64.2936
58.8003
57.372
58.3388
56.559
56.9106
57.4379
55.2626
55.9657
55.4603
61.503
66.1173
63.3048
69.2156
70.3582
66.7765
65.8097
69.1716
69.5232
69.4353
66.7765
68.9739
61.5689
67.9191
64.4474
68.7321
65.3702
66.403
68.7761
69.7209
71.1492
69.633
75.412
73.6541
75.3241
74.8407
73.8739
73.3905
73.1488
72.7752
73.8519
74.0936
73.5662
73.1268
72.951
71.8084
71.6985
71.3689
72.7972
73.8519
73.3905
73.2806
72.5555
72.5994
72.5555
73.2367
73.5662
74.0497
73.3465
72.3138
71.8523
72.4896
72.6214
72.5775
71.8084
71.303
70.4461
69.8967
68.7761
70.1824
70.468
70.0286
70.1384
71.4348
70.7757
72.1819
72.4456
72.7093
72.2698
72.951
73.3905
72.7532
73.4124
72.8851
72.7093
72.7972
72.3797
72.7093
73.1927
73.3905
73.6541
73.0828
72.4896
72.3358
71.6546
71.1492
71.3689
71.4788
71.9183
72.16
72.138
72.2698
72.2479
72.5115
72.9071
73.0169
72.5994
72.951
72.1819
72.2479
71.9402
71.6106
71.9402
71.4788
70.6218
71.1492
71.2151
71.325
72.16
72.4236
71.1053
71.8304
71.3689
70.7757
69.6111
70.2922
70.3142
70.3362
70.1604
71.0174
71.8523
73.1707
73.4564
74.3353
75.3241
75.8954
77.082
77.895
78.6421
78.6421
79.3891
79.5649
79.9165
80.29
80.5757
81.4986
81.6963
81.7842
81.5645
81.4546
81.3667
80.7954
79.9385
79.1255
79.2793
78.8398
78.8838
78.2685
79.1255
75.3681
75.0165
75.1044
75.8295
77.06
77.038
74.2914
74.8627
76.1371
75.1044
77.2358
76.247
76.1371
76.203
74.2254
71.8963
72.8411
71.1712
71.6106
72.2259
72.2039
73.5882
71.8963
72.3577
73.3245
71.9622
71.5447
70.6658
73.0169
70.0725
67.4357
71.7205
70.6218
70.8855
69.0837
71.6985
75.8515
75.4779
76.9501
76.6864
77.1918
81.8941
81.2569
80.1802
80.9273
80.2022
79.8945
80.5098
81.169
80.29
79.2573
78.3784
78.0268
76.5546
76.3129
75.4999
75.6317
75.3021
75.2802
74.3573
73.808
72.929
71.4568
71.0393
70.7537
70.0066
69.8088
69.5232
69.1936
68.9958
68.9519
69.1496
69.0617
69.5671
69.9407
70.7757
71.1272
70.468
71.7205
71.3909
72.2479
72.2039
71.7644
71.8084
70.6438
69.3913
71.0833
69.0837
69.9626
73.0389
71.9183
69.9187
69.2815
68.9739
68.6223
69.5012
68.7321
70.7097
69.8748
70.4241
68.7321
71.1492
69.2156
68.9519
67.6115
70.1165
70.0286
70.0286
69.4573
70.4021
69.8308
72.16
70.4241
71.6766
72.094
70.4021
69.3913
70.3142
72.138
72.4676
72.2259
70.8635
68.2048
69.8748
72.6873
77.1699
78.2246
78.1367
77.3237
77.2358
76.7743
76.1371
76.0492
76.6205
74.7089
73.1707
72.3358
71.6546
71.2151
69.8088
67.9851
68.82
67.5456
65.0407
60.646
56.8446
53.5706
52.428
52.2303
52.1644
48.341
80.0264
80.9712
81.3008
48.5388
52.0765
56.4052
57.416
62.0303
64.2057
63.3487
65.9855
64.7989
68.2707
65.0846
66.0075
63.8321
66.6447
65.2824
65.3043
66.8644
64.733
58.0751
59.1738
55.0209
52.6258
83.1905
85.4537
54.7352
56.2294
57.5917
57.8774
60.2505
59.7671
57.0424
55.1307
53.9442
54.2079
54.6693
55.1747
54.9769
52.9993
50.7361
49.5056
49.7473
49.7473
49.7693
50.0769
49.8132
50.011
50.3186
50.5164
50.9339
51.659
51.9886
52.8016
52.8895
53.3509
54.0541
54.2518
52.9774
51.8128
50.4505
50.0769
50.3186
50.6043
50.9558
51.637
51.5271
50.9558
52.0105
52.7137
52.6258
51.7688
51.7908
52.0765
52.2083
53.3949
54.1639
55.2186
56.8227
57.2621
57.5038
57.7895
58.5366
58.1191
57.7236
56.8007
57.372
58.9101
59.833
59.2397
59.0859
58.6904
59.4595
59.2617
60.7779
63.3927
63.3267
64.9088
65.4142
66.359
66.0514
65.612
64.3815
62.7774
61.8326
61.8765
61.3272
60.7339
62.2501
62.6016
62.0523
60.5801
58.0312
56.3832
55.4164
54.8671
54.6254
54.0541
53.4168
53.6805
53.4828
53.6146
54.3397
53.9442
53.7245
53.9222
53.8343
54.0541
53.9222
53.7025
53.8783
53.5487
53.307
52.8455
52.8455
52.472
51.9666
52.7357
54.4056
53.9222
53.5706
54.5155
55.2626
55.2626
56.0316
56.2733
55.9437
55.5263
56.1195
56.537
56.7348
57.0204
56.8886
57.5038
57.4599
58.185
58.8662
60.2505
60.9317
61.2393
60.0088
59.2837
58.5146
58.185
58.4487
58.4926
59.3056
59.811
59.2837
58.3828
57.9433
57.9213
55.1967
53.9442
54.6473
56.0756
56.4711
57.35
57.2402
57.8115
58.5146
58.998
59.1518
59.3056
59.3496
59.6133
58.8003
58.2949
58.2509
57.9213
57.8334
56.9325
56.2074
56.581
57.2621
56.9325
58.1191
56.9545
57.4599
56.3832
56.0097
54.9769
54.0101
53.1971
54.4935
53.5267
54.0101
54.2738
54.2079
55.2406
56.4052
57.0424
57.4819
58.1411
59.1738
59.5034
59.5913
60.2285
61.5249
62.4698
64.0079
64.1837
64.4913
64.5133
65.7218
66.2272
66.8644
65.7877
63.2388
59.4155
58.0092
57.0204
57.2182
57.5038
57.6796
57.7016
58.3608
58.185
57.9653
57.8994
58.4487
58.6245
58.5805
58.8662
59.7012
60.8218
61.2173
62.0743
63.1949
63.6563
64.4913
64.4254
64.8209
65.4142
66.425
67.0842
67.0402
67.9631
67.9631
68.3366
68.7981
68.7102
68.2048
68.073
67.4357
65.9635
64.6451
62.9971
61.437
59.3056
57.8334
56.6689
55.5482
56.581
57.5478
59.2617
61.1953
62.9093
62.7335
61.1074
59.877
58.3828
58.4487
58.6245
58.5146
58.998
59.5693
59.1738
58.2729
58.3169
56.9765
56.9765
56.3173
56.2953
54.889
54.4276
54.5155
54.6034
55.3065
56.0316
56.4931
55.0428
54.7792
56.4052
55.7899
54.2738
53.0433
53.3949
53.4168
52.9334
52.6917
52.3621
52.5599
51.7908
51.7908
51.0437
50.5823
49.6594
50.2307
49.4397
48.7805
48.6926
49.0002
49.3957
49.5935
50.1868
49.989
50.4944
51.2854
51.1975
51.9007
52.8236
53.9442
55.3944
54.6693
54.0101
53.9881
54.6913
54.911
56.4052
56.4931
57.2841
57.7236
58.229
58.0312
57.3061
57.2841
56.9985
56.6249
56.3612
57.1303
57.416
57.6137
58.229
58.9541
58.6684
59.3056
59.3276
59.5254
59.833
58.8662
57.8554
57.5038
57.5038
56.5151
55.2406
55.0428
54.5375
52.9114
52.6258
53.1532
52.8895
52.8455
53.2191
53.8343
54.3617
54.6254
55.1967
55.2186
55.4384
55.724
56.6029
56.2953
57.0864
54.7572
53.5487
52.6038
52.2083
52.7137
51.7908
50.8679
51.0218
50.9339
51.3514
52.0984
51.615
51.9446
52.6258
53.8563
56.2074
58.0092
58.1411
57.1523
54.889
53.8123
55.3065
55.724
55.4384
53.7904
53.3949
53.3729
51.8348
50.7141
50.6482
50.6702
49.198
49.22
48.9123
48.8904
47.9455
48.6047
48.8904
50.3845
50.7361
51.1756
51.659
52.7796
54.2738
55.746
56.8886
57.8994
59.1738
60.2285
61.9864
63.2388
62.8873
62.5577
62.1841
61.1734
60.646
59.7891
58.4267
56.8446
54.9989
53.1312
51.7908
51.5931
51.2195
50.7581
51.0657
51.8348
52.6917
53.3949
53.8563
54.4056
55.0648
56.3612
57.0424
58.4047
58.6684
58.6465
57.8115
58.1411
58.163
57.394
57.7236
57.5258
56.581
55.768
54.4276
52.9993
52.3841
52.0984
51.8128
51.5931
51.2415
51.1096
51.2635
51.3294
51.9227
53.3729
54.2518
56.581
57.8774
60.0088
60.668
60.4483
60.4043
59.3935
59.9648
59.1518
58.0532
56.7128
55.9657
55.4164
54.0321
53.3289
52.6258
51.8567
51.9666
52.7796
53.8783
53.3949
53.4828
52.9114
53.1532
52.6697
52.472
50.9558
50.1209
49.9451
50.2307
50.7361
51.4832
52.3182
52.5159
52.472
52.7796
53.5047
54.098
55.3724
56.2074
55.9877
55.6581
55.6581
55.5922
56.3612
57.4379
56.5151
56.8007
56.4272
56.0756
55.1967
54.5814
54.4056
53.4168
54.098
57.0204
59.02
62.6675
65.0626
65.6559
66.1833
65.3483
64.0958
64.8868
65.0407
64.4913
64.1837
64.0958
63.8761
64.6451
65.5021
65.4801
64.755
65.3702
65.1066
65.612
65.7877
64.5133
64.0519
64.5353
64.5133
65.2604
65.1285
62.4039
60.0308
59.1299
58.4267
57.1303
57.9653
57.0864
57.5917
56.8446
57.0424
56.4931
56.0976
56.0097
55.0209
54.7792
53.9002
54.3837
54.5814
54.9769
55.1747
57.0204
57.8115
58.8003
60.0308
59.5693
60.2505
61.1734
60.69
58.6684
55.8339
52.45
75.1044
51.4392
51.1536
74.1595
73.3465
73.3685
48.5168
48.8025
49.4397
49.5056
49.5715
49.2859
50.011
50.3186
49.7693
48.9343
49.2859
48.5608
48.363
47.8356
47.8137
47.506
46.9347
47.1545
47.3742
47.8576
47.9235
48.1652
47.9675
48.9123
49.198
49.7253
49.8791
50.6482
51.3294
51.5711
52.0984
51.9666
52.1644
52.2523
52.0984
53.0433
52.7796
52.6697
52.6258
52.2083
52.1424
51.9886
52.0984
51.8787
51.7908
53.4608
54.6473
55.8778
53.7904
46.8029
45.9459
45.7921
45.9679
46.2096
46.6711
47.2424
48.0554
49.0661
49.1321
49.3518
49.5715
49.2639
50.6482
50.6482
51.7688
53.5267
54.5594
56.3173
55.9218
55.5043
56.6908
57.1742
56.4711
54.911
53.2191
51.637
51.1096
51.0657
51.1536
51.4832
50.0549
50.3406
50.6482
51.659
51.659
50.7581
52.9334
53.2191
54.3617
54.4715
55.1307
56.3832
55.6581
55.4603
54.1419
54.2079
54.8451
55.7899
54.2518
54.8451
55.8998
57.0204
60.624
59.2617
59.1299
58.4047
58.5146
58.8003
57.8115
56.9106
55.5702
55.5482
55.4384
55.3285
54.6034
53.4168
52.2303
51.2415
51.7249
51.1096
50.4724
50.3626
50.4285
50.2087
49.967
48.5827
48.5388
49.0002
49.5276
50.802
53.1092
54.12
53.6585
52.472
51.9446
51.9666
51.0657
50.6262
51.0657
51.3733
51.6809
51.1096
51.1756
50.5603
51.1316
50.9119
50.3845
50.4724
49.2859
48.7585
47.4621
47.0886
47.6379
48.2092
47.4401
48.8244
48.0334
48.1213
48.0773
48.9563
49.2639
49.198
49.5715
50.7141
50.9778
50.5603
50.3406
50.3186
48.5827
49.0661
49.2859
49.9451
49.6594
49.9451
50.9558
52.472
51.7249
51.3294
51.4832
52.1424
53.8343
53.6146
54.3837
55.2186
55.1088
54.3177
53.3729
53.4168
53.8783
54.4935
54.098
53.307
54.6034
54.6254
55.8998
56.1855
55.5043
55.3065
54.6693
55.1747
54.6913
55.4603
55.4823
56.2953
55.0868
53.9662
56.2953
56.3173
56.4491
57.9433
59.1299
57.8994
55.5043
54.2298
52.8895
54.0541
56.1415
58.6245
61.8985
61.7886
60.2944
58.3608
59.0639
58.8882
59.6352
60.2065
60.7119
60.9317
60.6021
59.9429
59.5913
59.6792
59.5693
59.7231
58.4267
57.8774
56.8886
56.2074
56.4711
56.8007
57.0204
57.1303
57.7016
57.6357
58.3388
58.2949
58.0312
57.2841
58.7783
59.1299
58.229
57.1742
56.537
56.0536
56.3393
56.4052
57.394
57.416
55.8778
57.0204
55.746
56.3393
56.7568
57.8554
57.0424
57.9433
57.9213
57.7016
57.6577
56.8007
57.5917
57.2402
56.6689
56.8007
57.0644
56.1415
54.7792
53.4168
52.9774
53.285
54.4496
56.559
59.1958
60.4922
57.8115
53.6146
52.6697
52.0984
52.5599
53.1312
54.4056
54.9989
55.1747
54.7572
54.1419
52.6917
52.7357
52.6038
53.1312
53.3729
53.9662
53.7245
51.8567
50.6482
50.011
49.5495
49.2639
49.198
48.1872
48.5168
48.6047
48.4069
49.0002
48.8244
49.154
48.9563
48.4729
47.7477
72.6653
72.7752
46.9567
47.7038
48.0114
49.3298
50.0989
50.1209
50.5603
50.3845
51.2195
51.615
52.494
52.1644
52.3841
52.3841
54.3177
55.1747
56.7348
56.9325
56.3832
56.8227
56.581
56.3612
56.0756
56.1415
56.8007
56.6689
57.1083
57.0424
57.5478
56.2514
56.2514
55.3285
55.724
55.8559
56.3173
55.5482
55.6361
55.4823
55.1967
56.0097
55.3724
56.9106
56.1415
56.3832
55.724
56.6249
56.9106
56.9325
57.2182
57.8554
57.0204
57.2621
57.3061
57.4599
57.372
57.7456
57.5917
57.372
56.7128
56.0756
55.9218
55.8119
55.1527
56.3393
55.0648
54.0541
53.5267
52.6697
52.0105
51.2195
50.7361
50.2087
49.8132
49.8791
48.6926
48.341
47.4401
46.9567
46.3195
46.3634
46.737
47.3962
47.2863
48.4289
48.2531
49.5056
49.2859
49.0442
48.8025
48.4729
49.0661
49.8352
49.5056
49.6155
49.4177
49.3298
49.0442
49.3738
49.2419
50.4505
51.1096
52.4061
53.4608
54.2518
53.7025
53.2191
52.0984
52.428
52.0545
52.1204
51.5052
51.3514
50.5603
50.1648
49.1321
48.0334
48.4069
48.3191
48.1433
48.6926
48.4289
49.5935
49.0442
50.4285
52.0325
52.0984
52.6478
53.0653
53.1751
53.7025
55.0209
55.5922
55.3065
55.1307
54.2518
54.3397
54.6034
55.2186
54.098
53.3509
53.4388
51.8567
52.0545
52.8675
52.2523
53.1751
51.8567
52.4061
52.3401
52.1644
51.3733
50.5823
51.2415
51.4392
51.0877
50.6482
50.3186
50.0769
50.0989
50.1648
51.4832
51.4612
51.0657
51.5052
51.9446
53.7464
55.1527
56.3173
56.559
57.35
57.4819
59.3056
60.0747
59.5913
59.1299
58.1191
59.4155
59.7671
60.4043
59.2617
58.3828
55.2846
52.8236
52.0765
54.1859
54.8671
54.3177
51.8567
51.5711
51.5711
51.3953
51.2415
52.2303
52.8016
52.9554
53.241
53.3949
53.4388
51.5931
50.824
50.9778
52.1863
50.4505
50.011
50.3845
49.8572
50.3626
50.6702
49.9231
49.22
50.0989
50.802
52.6038
53.0872
52.5599
52.7137
52.1863
53.7245
53.8343
53.7684
52.8236
51.9666
51.4832
51.1756
52.3182
51.3074
50.4285
50.1209
48.5168
47.5939
47.7697
48.8684
48.385
48.385
49.0002
49.8572
50.6702
50.4285
50.4944
50.7581
51.0437
51.4392
52.45
51.3294
50.6922
50.3406
52.45
52.1644
51.0657
49.5715
47.2643
47.3303
47.7697
47.9675
48.4289
47.6159
47.0226
47.0007
46.4513
45.88
45.3746
45.4845
45.5944
45.8141
45.6383
46.9128
47.7697
48.5608
49.6594
48.6486
48.7146
47.2424
46.6711
48.1213
49.0222
49.2639
50.5383
50.6702
50.7581
51.0877
52.7137
51.7249
51.7908
51.659
52.0765
51.5052
49.9011
50.802
51.7688
53.0653
55.6142
53.9881
54.889
55.0648
53.7904
53.6805
52.7796
51.7469
51.2635
51.8787
52.3841
53.3949
53.5047
53.6585
54.7792
56.1195
56.2953
57.4379
57.7016
59.0859
59.855
58.9541
59.1299
59.5693
60.4263
60.8438
59.02
56.5151
54.4715
50.9558
49.9231
49.8572
50.9339
52.1204
54.12
52.5819
49.5715
47.7917
47.0666
46.5612
46.4953
46.0338
45.902
46.0998
45.5504
44.1002
44.6276
45.089
45.924
46.0778
47.2204
48.4289
49.1101
49.1321
50.3186
49.967
48.6706
47.7697
47.6379
47.0666
46.4513
46.8468
47.0666
47.3083
46.8249
47.3083
48.2751
48.7146
49.3078
50.1428
50.9339
53.1312
53.7464
52.9774
51.9666
51.4612
50.5164
50.4724
51.1975
49.5935
48.5827
47.7038
47.4181
46.4733
46.4074
45.8361
45.7262
45.902
46.9347
45.7482
46.4953
47.0446
46.5832
47.3962
48.5168
49.6814
50.7141
51.1316
49.9011
49.7913
49.6814
51.0218
50.6702
50.2747
48.4289
46.5612
45.5065
46.2536
46.737
44.7814
43.7047
43.8805
44.3199
44.3199
45.2428
46.4513
46.6711
47.7697
47.4841
47.9675
47.0666
47.8356
48.341
47.7258
48.0993
48.6486
48.8244
48.6047
48.2531
48.1213
47.8356
47.528
47.7038
47.8137
47.6818
46.8249
47.0226
46.9567
46.9787
47.4621
47.7697
47.506
47.0666
47.0666
47.1984
48.341
48.7805
50.0769
50.846
52.1863
53.1092
54.6034
55.768
56.0536
55.9437
55.1527
54.8011
53.7245
53.9222
52.7357
49.989
51.0437
51.7469
51.5931
52.3182
52.6258
51.637
51.2854
51.3733
50.1868
49.5715
48.7365
48.0334
45.8361
44.6715
43.9903
43.0675
44.0782
45.3966
47.0666
47.9895
49.154
48.1213
46.1217
44.8693
44.4518
44.5616
45.045
44.8912
45.089
45.5724
47.3962
48.2531
49.3957
50.0989
51.3733
52.2083
52.0325
53.1751
55.5922
57.4379
59.7231
61.459
60.1846
58.8442
55.2186
51.4173
50.2087
49.5056
50.7141
52.1863
53.9442
56.9985
59.4375
60.2065
61.5909
62.8873
63.1949
63.8541
64.5572
64.6232
63.6563
63.107
63.7882
63.4806
62.316
61.9644
61.2393
59.7012
60.69
60.0088
57.9433
56.0536
53.263
55.4164
57.8994
60.3823
60.0967
59.2397
58.2509
56.1855
55.6142
58.0971
60.0308
62.3379
65.4362
66.2492
66.2711
66.2931
65.9196
65.3922
64.5792
63.4586
62.6016
61.0415
59.811
58.4707
57.6796
56.581
56.5151
56.581
57.0864
57.8774
59.7891
61.1074
62.4918
62.3819
61.4151
60.1626
59.5034
61.1074
58.5366
53.6366
50.824
48.385
48.7365
50.9339
53.7245
54.8451
55.6361
56.9765
58.0971
57.5038
56.7787
54.9989
54.9989
56.3612
57.5038
59.5693
62.0962
66.2052
67.5016
67.9631
68.4685
66.9303
65.1945
63.3048
64.0299
63.4146
64.1397
63.8321
65.8317
68.842
68.4685
67.8312
67.4357
66.7326
65.8756
65.8756
63.3267
61.7886
61.8326
61.7447
58.7124
59.1079
60.9317
59.7231
57.5038
54.2518
53.1312
52.3401
51.4832
53.8123
54.5375
55.5043
55.6581
56.2514
57.0424
57.4599
56.6249
54.6254
51.0218
47.6159
48.2531
48.1872
48.4729
48.8684
48.0773
50.2087
50.011
50.9339
51.9886
53.2191
54.7792
57.0644
58.9101
60.0747
59.9868
62.0083
60.7998
59.4155
57.4599
56.2733
55.2406
54.7352
54.2298
54.7352
55.1967
55.8778
54.911
54.9989
53.8783
55.1967
55.4164
56.4052
58.8662
59.1958
59.2397
59.7012
60.4702
60.9097
60.4263
61.459
61.481
61.7227
62.5577
62.8214
62.8653
62.0743
61.7666
62.1622
62.9971
64.0519
65.1725
65.1945
64.777
64.4474
63.5465
63.5684
64.6891
63.9859
64.1837
64.0958
63.8541
63.3267
62.9752
63.4586
63.129
63.2608
64.9747
64.5792
63.8102
63.7442
63.942
62.5797
61.9644
60.2944
58.185
61.9644
61.5689
61.5689
59.1079
59.877
59.6352
56.9765
57.0424
57.9213
55.6142
53.1092
52.494
51.3294
52.8236
54.3617
55.8998
56.6469
57.6137
56.7787
56.1855
56.9545
58.229
57.2621
57.1523
54.955
54.3617
54.6254
54.6913
55.9437
56.8007
57.2621
58.2949
58.8662
60.3384
62.7774
63.8761
62.7994
63.129
62.5137
62.1841
60.9097
60.4263
62.1402
63.3487
62.6456
63.3927
62.8433
63.0191
63.3487
63.8541
64.2496
64.2936
64.2496
64.4693
64.1178
63.6124
62.5797
62.9093
61.7227
60.8438
59.1299
56.581
54.2958
52.7357
51.0657
50.1209
50.7581
51.7469
53.1532
55.1747
56.3612
57.2841
60.0747
59.9868
60.668
61.3931
62.0962
60.2505
57.8334
56.1195
54.2298
52.45
50.5823
49.1321
47.0446
46.8249
46.9347
46.2975
46.2096
45.902
45.7262
45.0011
44.6495
44.7594
44.6715
44.3199
44.276
44.1441
44.276
44.1222
44.2101
44.1661
43.9244
43.7486
43.5509
43.5948
44.0343
44.0123
43.9024
44.0782
44.3858
44.4298
45.089
45.6823
46.2536
46.715
47.1764
47.6599
49.1321
50.9998
52.1204
52.7576
53.1532
52.8455
52.9334
52.6478
52.3182
52.3621
52.0545
51.4173
51.1536
50.9558
51.0877
51.4173
51.2854
51.5271
51.2415
51.2854
50.4065
51.1096
51.0657
51.3074
51.2415
51.4612
51.1536
51.0877
51.1756
51.5491
52.2303
52.6258
53.1312
52.8455
51.8128
51.9007
52.0325
50.5164
49.7913
49.5495
48.2751
48.8244
48.8244
49.5495
48.4289
47.6379
48.363
49.154
50.0549
50.6043
50.824
51.2415
50.7361
49.22
50.3406
51.3514
51.7908
51.659
50.0769
49.7034
50.8679
51.1096
50.3186
50.011
50.9339
52.8455
52.0545
50.78
51.0657
51.9666
53.3729
53.1971
52.5819
52.9554
53.7025
52.8236
50.5164
49.8791
50.5164
52.0105
52.472
52.0105
51.0437
51.2854
51.9227
52.0325
52.2962
52.8895
53.1532
53.9881
53.1312
52.8236
52.0325
50.8899
50.6262
49.7913
48.7585
48.0334
47.2204
47.1984
47.3522
47.1325
47.2424
46.7809
47.3083
47.8356
48.8025
48.9343
49.4836
50.7141
51.615
52.3401
53.3729
54.4935
54.7352
52.9114
53.307
53.7904
54.2079
56.6469
57.6357
60.1626
59.5254
56.4272
55.7899
54.6693
54.9989
55.6361
54.5375
55.1747
55.2626
55.724
54.8011
50.8679
51.1096
52.9114
54.4496
59.5034
57.7456
57.0424
57.9213
58.7124
60.9097
59.1958
59.2617
60.0308
59.1079
56.7568
50.8899
50.8679
51.2635
54.0541
55.5263
56.4711
54.9989
54.6693
55.8778
55.768
54.2298
54.6034
55.6581
57.35
58.0532
56.3393
54.2958
55.9437
56.8886
54.3617
53.1971
51.8128
53.4168
56.0097
58.976
56.2074
53.9442
56.0097
56.2733
58.4926
58.1191
53.9442
52.472
53.4828
53.7025
53.4608
52.6038
50.6702
50.0989
50.846
51.9446
52.1644
51.5711
51.5052
52.8455
51.7908
52.494
52.3401
50.8679
50.6262
50.6482
50.5164
51.7469
51.3953
50.6702
49.4836
49.7034
49.7253
50.1428
51.1316
50.802
50.6043
51.3514
51.7908
52.2962
52.45
51.637
51.7908
51.0437
51.9886
51.9227
51.8348
51.9227
52.3621
52.494
52.7137
52.5599
52.8895
53.1532
53.9662
53.7904
53.5706
53.4608
53.1312
53.1971
52.8675
52.2523
51.7908
50.9998
49.967
49.4397
49.7913
50.4285
51.4173
51.9007
52.4061
53.1092
53.6585
53.7245
53.6585
53.8783
53.3509
53.4168
53.6366
54.2079
53.9002
53.9662
54.076
53.5487
53.9002
53.9442
53.5487
53.5706
53.4828
53.307
52.6697
53.285
53.9002
53.7684
53.6585
53.8563
54.2738
54.6913
54.4496
54.6473
55.0648
54.889
55.3505
56.1855
55.746
56.0536
55.1307
54.2298
53.7904
54.2518
53.5267
53.0433
54.076
54.1639
54.12
53.5267
53.9662
53.5487
52.9993
53.263
53.7684
53.1532
53.4168
53.7464
53.6366
54.0321
53.7245
53.9222
53.307
53.9662
53.5487
53.5047
53.6805
53.4388
53.7904
53.9881
53.8123
53.5706
54.6254
54.1419
54.8231