9.1716
9.13462
9.31953
8.76479
9.24556
8.76479
9.24556
8.98669
8.91272
8.83876
9.43047
9.02367
9.09763
9.02367
9.39349
9.06065
8.80178
8.98669
8.69083
9.06065
8.87574
9.13462
8.9497
9.13462
9.02367
9.35651
9.13462
9.24556
9.24556
9.09763
9.06065
9.13462
9.35651
9.28254
9.24556
9.76331
9.68935
9.83728
9.46746
9.13462
9.68935
9.02367
9.24556
9.43047
9.46746
9.76331
9.09763
9.61538
10.355
10.0962
9.72633
10.2441
10.429
9.72633
9.68935
9.87426
10.6509
9.98521
10.0962
9.83728
10.7618
10.6879
10.6509
11.1686
10.2441
10.9837
10.7618
11.0947
11.2426
11.1317
11.4645
10.9837
11.2426
11.2056
11.0207
11.0947
10.7618
10.318
10.9098
10.466
10.2441
10.5769
11.0207
10.8728
11.1686
10.7249
11.1686
10.9467
11.0947
11.9453
11.7234
11.4645
11.5385
11.9083
11.2796
11.0947
10.503
10.9467
11.0577
10.9098
10.9098
11.2056
11.3536
10.7988
11.2426
10.0592
10.503
10.9837
9.98521
10.1331
10.318
10.2441
10.392
10.0222
10.5769
10.1331
10.2441
10.2441
10.6139
10.1331
10.0962
10.1331
9.5784
9.87426
9.76331
9.68935
9.20858
9.39349
9.35651
9.61538
9.54142
9.39349
9.02367
9.50444
9.43047
8.69083
9.24556
9.91124
9.50444
9.28254
9.1716
9.09763
9.13462
9.13462
8.65385
8.91272
8.76479
8.21006
8.43195
8.5429
8.43195
8.06213
8.09911
8.17308
7.87722
8.09911
7.87722
7.76627
8.28402
8.43195
7.98817
8.39497
7.95118
7.98817
8.17308
7.95118
8.39497
7.95118
8.32101
8.5429
8.57988
8.57988
8.69083
9.43047
9.35651
9.54142
9.5784
9.39349
9.54142
9.65237
9.8003
10.1331
9.68935
9.28254
9.87426
10.1331
10.5399
10.5769
10.7249
11.3536
11.6864
12.1672
11.5754
11.5015
12.463
11.9453
12.574
12.3151
12.2781
12.0932
12.3891
12.574
12.426
12.426
12.3891
12.2781
11.9822
12.0932
12.1302
11.7234
11.7973
11.9453
12.5
12.0562
11.8713
13.2766
13.5725
13.3876
12.7219
12.8698
12.463
12.6109
12.6479
14.0902
14.0163
13.8683
13.9053
13.0917
14.0163
13.6464
13.9053
8.80178
8.43195
8.43195
8.80178
8.65385
8.46893
8.32101
8.46893
6.47189
6.58284
6.54586
6.76775
7.13757
6.80473
6.91568
6.61982
7.54438
7.2855
7.39645
7.24852
7.72929
7.5074
7.32249
7.61834
7.06361
13.3136
13.5355
13.6464
14.1642
13.6464
13.5355
13.4615
13.4615
19.8595
19.6376
19.0459
18.6021
19.4527
18.1953
18.4911
17.6036
16.4941
16.568
16.7899
16.0133
15.5695
16.1982
16.0503
16.1982
10.7618
10.9467
11.1317
10.8358
10.8728
10.8728
11.1317
11.2056
9.46746
9.06065
8.9497
8.80178
8.98669
9.50444
8.87574
9.24556
9.09763
8.61686
8.83876
8.72781
8.72781
8.72781
9.09763
8.65385
8.35799
9.76331
9.61538
9.35651
9.72633
9.94822
9.76331
9.83728
9.43047
13.4246
12.7589
12.1302
12.7589
11.9083
12.2041
11.6124
12.426
10.2071
10.0222
10.5399
10.318
9.94822
10.503
10.355
11.2056
8.46893
8.43195
8.28402
8.06213
8.24704
7.84024
7.95118
7.87722
7.69231
7.69231
7.65533
7.58136
7.2855
7.54438
7.87722
8.13609
7.98817
8.28402
8.32101
8.46893
8.76479
8.9497
8.80178
8.9497
9.09763
11.0577
11.2056
11.5015
11.1317
11.0947
10.6879
10.6879
10.5399
13.2396
12.6849
12.3891
12.6109
12.7959
13.1287
12.7219
12.6109
10.392
10.2071
10.355
9.98521
10.7249
10.466
10.2441
10.6879
8.02515
8.46893
8.21006
8.06213
8.46893
8.21006
8.87574
9.02367
9.02367
7.54438
7.61834
7.84024
7.58136
8.06213
7.98817
7.65533
8.17308
7.72929
8.39497
8.43195
8.28402
8.43195
8.61686
8.43195
7.98817
14.9778
14.645
14.8299
14.4231
15.2367
15.3846
15.8284
15.9393
23.2618
22.966
22.966
24.0385
25
24.0754
24.1124
24.3713
17.8994
17.0488
16.9379
16.9749
17.8624
17.6036
17.3447
17.9734
11.9083
12.1302
11.7604
11.8713
11.4645
11.3905
10.9098
11.7973
11.1686
13.3876
13.9053
13.2766
12.9068
13.2766
13.0917
12.2041
12.1302
18.6391
17.7515
17.3817
18.0473
18.5281
17.8624
17.7145
17.0118
19.1198
19.0089
18.3802
18.1583
17.9734
18.4172
17.7515
17.8254
10.9837
11.0577
10.6879
10.7249
10.429
10.2811
10.318
10.0962
8.17308
8.09911
8.46893
8.09911
8.5429
8.61686
8.98669
8.24704
8.98669
9.5784
9.98521
9.65237
9.76331
9.61538
9.87426
10.1701
9.91124
11.1686
11.2426
11.7973
11.3905
10.7618
11.2796
10.9837
11.1317
13.3876
13.3506
13.5355
12.7589
12.574
12.8698
13.1657
12.6479
13.6095
13.4615
13.7944
13.3506
14.1642
14.3491
14.2751
13.7204
9.8003
10.1701
9.83728
10.2071
9.83728
9.54142
9.1716
9.20858
7.43343
7.43343
7.24852
7.13757
7.72929
7.98817
7.35947
7.69231
6.98964
7.61834
7.87722
7.84024
7.54438
7.32249
7.5074
7.13757
7.24852
9.61538
9.83728
9.09763
9.98521
9.54142
9.20858
9.09763
9.06065
19.8595
19.6006
20.4142
20.0814
19.6376
19.8964
20.0814
19.8595
22.1893
22.6331
22.3373
22.1893
22.5222
22.6701
22.6701
22.818
18.0473
18.0104
18.2692
17.4556
17.4926
17.8994
17.5296
17.7885
10.0222
9.39349
9.54142
9.72633
9.43047
9.8003
9.61538
9.5784
9.54142
7.98817
7.69231
7.61834
7.54438
7.54438
6.98964
7.02663
7.2855
10.9098
11.6864
11.0947
10.8728
10.7618
11.2056
10.6139
10.8728
17.6775
17.2337
17.8624
16.9749
17.4186
16.2722
16.1982
16.3831
15.4956
16.4201
16.0503
15.3476
15.2737
14.8299
14.608
14.8299
11.0207
10.7618
10.503
9.87426
10.7249
10.318
9.87426
10.1701
11.1686
11.4275
11.7604
11.0947
11.6864
11.0207
10.8728
11.1317
10.7249
11.5015
11.5015
11.9453
11.1317
10.9837
10.5399
10.466
10.0222
12.0192
11.9822
12.0192
11.7234
11.6124
11.4275
11.9083
11.2796
13.3136
13.2766
13.4615
12.7959
12.537
12.3151
12.463
11.9453
8.69083
8.61686
8.46893
8.21006
8.5429
8.69083
8.72781
9.09763
7.47041
7.06361
7.47041
7.84024
7.24852
7.95118
7.61834
7.65533
7.65533
7.54438
7.61834
7.95118
7.43343
7.69231
7.43343
7.06361
7.35947
12.7959
13.0547
13.4615
13.4246
12.9438
13.5355
14.1642
13.7204
23.6317
23.6686
25.074
24.963
25.8136
26.1095
26.5533
26.5902
21.8935
22.7071
22.0414
21.8935
22.1524
22.5222
21.6346
21.5607
13.7204
13.6095
14.0163
13.6834
13.8683
13.2766
13.8314
13.8314
10.5399
10.9098
9.83728
10.2071
9.65237
9.43047
9.28254
9.24556
8.57988
14.3861
13.7204
14.3491
13.4985
13.1657
13.5725
13.4615
12.7959
19.4896
19.8595
18.2322
19.1568
18.9719
18.6021
17.7885
18.3802
19.6376
18.3432
18.3802
19.0089
19.3047
19.5266
19.1198
19.3787
12.0192
12.0932
11.7604
11.7973
12.3891
11.3905
11.8343
10.9837
7.80325
7.76627
7.54438
7.98817
7.98817
7.95118
8.13609
7.58136
7.98817
8.21006
8.24704
8.13609
8.39497
8.46893
8.57988
8.50592
8.28402
9.83728
9.91124
10.355
10.0222
10.1331
10.5769
10.2071
10.2071
13.3136
13.3506
13.2027
13.8314
13.6095
13.8683
13.4985
13.8683
15.4586
15.2737
16.0873
16.1243
15.9763
15.5325
15.3476
15.8654
13.2766
13.5355
12.9808
12.7589
12.8698
13.4246
13.4985
13.2396
10.5399
10.0592
10.8358
10.7249
10.355
10.392
10.0592
10.5769
10.0592
8.91272
9.76331
8.98669
9.1716
9.28254
9.20858
9.06065
9.02367
11.1686
11.1317
10.9098
10.6509
11.0947
11.5754
11.4275
11.6864
18.8609
18.6391
18.9349
18.8979
20.0444
20.6731
21.0429
21.2278
12.3151
12.5
12.7589
13.0547
12.9068
13.2766
12.9068
12.7959
8.5429
8.43195
8.57988
8.43195
8.61686
8.21006
8.76479
8.35799
8.35799
8.06213
8.50592
7.84024
8.09911
7.95118
7.54438
7.76627
8.21006
13.7944
13.7204
13.4246
13.6095
14.0902
14.4231
14.7929
15.0888
17.7885
17.7885
17.4186
17.0118
17.2707
16.4941
15.5695
16.0503
12.6479
11.2426
11.2796
12.0932
12.8698
13.6095
12.574
13.1657
11.9083
11.9083
11.4275
11.3536
11.3905
10.7988
11.7604
10.9837
11.5754
11.0207
11.8713
11.9822
12.537
12.574
12.6109
12.8328
12.3891
12.0932
11.7234
12.2411
11.4645
11.1686
12.1672
10.318
10.8728
11.5385
11.9083
13.3136
13.0917
13.2027
14.0163
13.8314
13.5725
12.9068
12.3151
11.2796
12.5
11.7604
11.1317
11.0577
10.392
11.9822
11.9083
12.7219
12.6849
12.426
11.5754
11.7973
11.5385
11.0577
12.3891
12.5
11.3905
12.2041
11.0577
10.1701
10.9837
11.0947
12.463
12.1672
12.2041
13.0917
12.8328
12.8328
12.5
12.6849
12.9068
12.0192
12.2041
11.6864
10.392
10.0962
9.94822
11.2426
11.0947
10.2071
11.3166
10.9837
10.0962
10.2811
10.5399
10.7618
11.1686
11.7234
10.429
10.8358
11.0947
10.0592
9.61538
9.28254
9.94822
9.87426
10.1701
11.3905
11.7604
11.8343
11.5754
11.6124
10.0962
9.65237
9.06065
9.54142
9.68935
9.46746
9.68935
9.87426
8.9497
12.574
12.463
13.1657
12.1672
10.8358
10.429
10.318
11.3166
9.76331
9.46746
9.1716
8.80178
9.8003
9.39349
9.39349
9.87426
8.91272
8.69083
9.50444
11.4645
11.1686
11.0577
11.2796
10.8728
11.0207
10.6139
10.429
11.0577
10.392
10.503
10.355
10.8358
13.5355
12.0192
10.8358
11.0207
11.1686
11.6494
11.0577
11.0577
9.50444
9.20858
9.02367
9.31953
9.76331
9.87426
9.06065
8.76479
10.0962
11.1317
11.2796
10.5769
10.7618
11.6124
11.0947
11.7234
11.3905
13.2766
12.6849
12.1672
11.6864
12.0932
11.6124
10.9098
10.466
10.5399
10.6509
10.5769
10.2441
9.68935
10.1701
9.94822
10.1701
9.43047
9.24556
9.76331
10.2071
9.43047
10.6139
11.8713
12.2411
10.9837
11.0577
11.3536
11.1317
11.2056
11.1317
11.2796
10.7249
13.2027
13.5355
12.9068
12.0932
11.5754
11.4645
12.0932
12.7219
11.8713
9.50444
9.65237
9.54142
9.20858
9.28254
9.35651
9.68935
9.68935
9.1716
8.80178
9.24556
9.1716
9.28254
10.0962
9.61538
9.35651
10.0962
9.68935
10.429
10.0592
10.0222
9.72633
10.0592
10.0592
10.9837
10.6139
10.6139
10.9837
11.5754
10.6879
11.6124
11.9822
13.6834
14.4231
14.0533
14.3121
14.3491
14.608
14.682
14.0163
15.0518
15.8284
15.7175
15.2737
15.6805
15.4586
16.1982
16.3831
15.5695
16.679
16.679
16.3092
16.3462
16.753
16.3831
15.7544
16.0503
16.0503
16.3092
15.4216
14.7559
14.4231
13.4615
14.2012
14.2012
15.9763
14.9038
14.9038
14.4231
13.8314
13.6464
13.2027
12.0932
14.9408
13.6834
12.6849
11.6864
11.1317
10.392
9.94822
8.9497
9.72633
9.20858
8.69083
8.13609
7.32249
5.99112
5.65828
4.84467
4.54882
4.06805
3.21746
3.5503
3.62426
3.47633
3.14349
3.14349
3.18047
3.47633
3.36538
3.5503
3.69822
3.58728
3.43935
3.36538
2.95858
3.80917
3.77219
3.18047
3.14349
3.29142
3.51331
3.18047
2.99556
3.92012
3.69822
3.77219
3.25444
3.36538
3.29142
3.9571
3.77219
3.80917
3.66124
3.80917
3.73521
3.5503
3.77219
3.43935
3.62426
3.84615
3.88314
4.17899
4.14201
4.14201
3.99408
4.10503
4.28994
4.40089
3.69822
3.92012
3.9571
4.32692
3.92012
3.80917
4.43787
3.84615
4.32692
4.28994
3.99408
4.10503
4.25296
4.03107
3.9571
4.25296
3.80917
3.40237
3.47633
3.62426
3.77219
3.69822
4.14201
3.9571
4.06805
3.99408
4.10503
4.25296
4.36391
4.47485
4.32692
4.40089
4.03107
4.36391
4.28994
4.36391
4.25296
4.14201
4.40089
4.43787
4.17899
4.40089
4.25296
4.40089
4.47485
4.77071
4.77071
4.9926
5.43639
5.25148
5.36243
5.73225
5.80621
6.17604
6.10207
6.17604
6.6568
6.21302
6.28698
6.36095
6.17604
6.80473
6.50888
6.76775
6.6568
6.58284
6.73077
6.54586
6.28698
6.36095
6.6568
6.69379
7.5074
7.9142
8.06213
8.43195
8.24704
8.28402
7.54438
7.76627
7.02663
8.43195
7.76627
7.47041
7.54438
6.98964
7.43343
7.02663
7.24852
6.98964
8.02515
8.28402
8.17308
8.17308
7.87722
7.80325
7.43343
7.58136
7.61834
7.76627
7.10059
6.84172
6.91568
7.17456
7.06361
6.58284
6.47189
6.36095
6.28698
6.50888
6.80473
6.73077
6.80473
7.24852
6.80473
6.80473
7.02663
7.5074
7.35947
7.32249
7.2855
6.80473
7.2855
6.80473
7.13757
7.35947
7.54438
7.10059
7.9142
8.17308
8.28402
8.39497
8.21006
8.80178
8.5429
8.61686
8.72781
8.83876
8.76479
8.28402
8.39497
7.9142
8.02515
7.98817
7.84024
8.13609
7.9142
7.54438
7.10059
7.13757
7.43343
7.13757
6.98964
7.5074
7.24852
6.50888
6.39793
7.10059
7.06361
6.69379
6.39793
6.21302
6.84172
5.91716
6.13905
6.39793
5.8432
5.95414
6.39793
6.06509
6.39793
6.25
6.13905
6.80473
6.95266
7.06361
6.84172
7.17456
7.10059
6.98964
7.43343
6.91568
7.72929
7.95118
8.13609
8.5429
8.91272
8.5429
8.65385
8.61686
9.31953
9.54142
9.72633
9.94822
10.429
10.6509
10.6509
11.0947
11.0577
11.0207
11.3905
11.6864
12.2781
13.1657
13.7944
13.3506
13.8314
13.9793
14.7189
15.2737
15.4216
15.9393
16.4941
16.3092
16.5311
17.6036
18.4541
19.5636
20.6361
21.8195
22.7071
24.5192
26.2574
27.6997
22.5222
22.7811
24.8891
26.4423
26.7012
25.9246
26.1834
28.0695
29.0311
29.7337
23.003
23.2988
23.3728
25.3328
25.7027
25.8876
26.1464
26.9231
26.7751
21.7456
27.9956
27.2189
27.4408
21.8935
22.2263
22.0784
22.6701
22.7441
22.6701
22.1524
23.1139
23.2988
23.5947
23.5577
22.929
23.7426
24.1494
25.1849
24.6302
25.5178
25.1109
24.6672
25.1849
27.182
26.2944
27.5518
27.8107
28.0695
28.3284
28.5873
28.0325
27.9216
28.6612
29.105
30.6213
31.4349
31.7308
31.4719
31.9527
30.6953
30.5104
30.6583
31.3609
30.9911
30.5473
31.4349
30.9541
29.9926
30.6953
30.5473
31.9527
31.4349
31.4349
31.6568
32.0636
31.6198
32.0266
32.0636
32.9142
33.284
33.4689
33.5059
32.3964
33.1361
32.5074
31.8787
32.9512
32.9512
32.4334
32.4334
31.6198
32.1376
32.3964
31.8047
31.9157
32.9882
33.1731
31.5089
31.9527
32.2855
32.2115
31.9527
31.6938
32.3225
32.4704
32.9512
32.7293
32.0636
32.1006
32.5444
31.8787
32.5444
33.0251
32.5814
32.5444
33.247
32.7663
33.247
32.8772
33.358
33.358
33.5429
33.247
33.321
32.3964
33.4689
32.1376
32.9882
34.3565
32.8033
32.5074
32.9142
32.6923
32.4704
33.247
34.2825
34.2456
35.318
35.2811
34.6154
34.0976
34.1716
34.9852
33.321
33.5059
33.9867
33.9867
34.2825
33.6538
32.8772
32.9882
32.6183
33.8388
33.2101
33.6538
33.8757
33.321
32.4704
32.5814
32.5074
33.4689
33.6908
33.5059
33.247
32.2855
33.0251
31.9157
32.3595
32.6923
32.4704
32.1746
31.287
30.5843
30.1036
28.9941
29.4009
29.7337
29.142
29.2899
28.9201
28.4393
27.6997
27.9956
27.6997
27.2189
28.9571
27.9216
28.5133
28.1435
27.8476
27.7367
27.7737
27.7737
27.5148
27.9216
27.5518
26.9601
27.7367
28.5503
28.6982
28.0325
28.4393
29.5858
29.3269
29.4009
28.9201
29.3639
29.4009
29.3269
27.5888
27.6997
28.1435
28.3284
28.5503
27.9586
28.4024
28.6243
28.5503
28.6243
29.7337
30.2885
29.6967
29.9926
29.5858
30.1036
29.7707
28.8462
29.253
29.0311
29.0311
27.9956
27.9216
28.8092
27.9956
28.0695
28.6612
28.4024
28.1435
28.3284
28.6982
28.7722
29.5118
30.3624
29.8447
29.2899
29.8077
29.2899
29.4379
29.6967
29.9556
30.2145
28.9941
29.3269
28.7352
29.3269
29.179
28.6612
28.8092
29.4749
28.2175
29.4009
29.8817
30.0296
29.142
29.9556
29.253
29.3269
30.1036
30.3624
30.1405
29.7707
31.1021
29.8077
29.7337
29.142
28.5133
28.8462
29.216
29.3269
29.6598
29.3639
29.0311
28.8092
28.6982
28.1805
28.3654
28.4024
29.253
30.0296
29.5118
29.8077
29.7337
30.6583
29.3639
29.7707
29.9556
30.4364
30.0666
30.3254
29.9186
29.2899
29.105
29.7337
29.4749
30.1405
28.8831
29.5488
29.6967
28.2914
28.8092
29.0311
28.1805
27.9216
29.253
29.9926
29.2899
29.3269
29.6967
29.179
29.068
29.3269
29.5488
29.142
29.8077
28.7352
28.2914
28.1805
28.0325
28.2914
28.1435
27.3299
27.071
27.8846
27.2559
27.5888
28.8462
27.6627
28.3654
28.9571
29.142
28.8831
28.1065
29.179
29.0311
28.9941
27.9216
28.4763
28.5503
27.5148
27.8107
27.6997
28.2175
27.5518
27.8476
27.6627
27.4778
27.8476
27.9586
27.6997
27.8846
27.8476
28.0695
28.7352
28.3284
28.2175
28.3284
28.8092
28.7722
28.3284
28.9201
29.3639
28.8831
28.6612
27.4038
27.3669
27.5518
27.6627
28.0695
28.9571
29.0311
29.0311
29.179
29.5118
29.2899
29.8817
29.8447
29.253
29.2899
30.1405
29.6228
29.5858
29.4379
29.105
29.216
29.6228
29.3269
29.6598
29.0311
28.1435
28.5873
28.4024
28.4024
29.068
29.4379
29.068
28.2914
28.7352
28.2914
28.9201
28.5133
28.7352
28.6982
29.0311
28.2544
27.9586
28.4393
29.216
28.8831
28.8092
28.9941
28.5503
28.5133
28.5503
28.4393
28.8831
27.7737
28.2914
27.9216
28.3654
28.4763
28.5873
27.7737
28.5133
28.5873
28.8831
28.5873
27.8846
27.5518
26.997
27.108
26.4423
26.5902
26.7751
26.8491
26.2944
26.4793
26.2944
26.4423
25.9615
26.1464
25.5917
25.8876
25.1109
24.6672
25.2959
25.3328
25.4438
25.1479
25.5917
24.7411
24.5932
24.6302
24.1124
24.8891
24.4083
23.1879
23.6317
23.2249
22.3743
22.0414
22.7811
22.855
22.4112
22.6701
22.892
21.3757
21.7086
28.6612
28.0695
29.4379
28.7722
28.1435
28.0695
26.4053
25.3328
25.1849
23.8166
25.2219
24.6672
23.5207
22.6331
22.2263
21.8565
20.9689
19.8225
21.9305
19.9704
19.2308
18.6021
18.0473
17.1967
16.716
16.679
17.1598
16.642
17.0858
17.1967
17.1228
17.3447
16.7899
18.0104
17.1967
17.7515
17.3447
17.6775
17.6775
17.1967
16.2722
16.7899
16.4201
16.4201
16.1612
16.4571
16.1243
16.8639
17.1967
18.6021
18.3062
18.5651
19.4157
20.821
21.8565
22.2263
22.2263
23.2988
23.3358
22.966
23.4467
23.0769
23.9275
24.4083
24.4822
24.7781
25.4808
25.074
25.2219
24.8151
19.4157
20.6361
20.0814
20.4142
20.5621
20.9689
20.858
20.932
20.5251
19.8595
19.9704
19.1568
19.0828
18.3432
22.892
21.7825
21.1538
20.4882
20.4142
20.3772
19.7485
19.4527
18.9719
18.2692
16.7899
16.2722
15.4586
15.2367
14.9038
15.0888
15.4216
15.3476
14.4601
14.2382
12.9438
12.0192
11.2796
9.09763
9.61538
8.09911
5.91716
4.17899
2.21893
0.66568
0.591716
0.517751
1.07249
0.850592
1.07249
0.591716
0.406805
0
0.0739645
0.110947
0.184911
0.480769
0.480769
0.406805
0.147929
0.110947
0.221893
0.110947
0.0369822
0.147929
0.147929
0.110947
0.110947
0.110947
0.110947
0.147929
0.0739645
0.0739645
0.33284
0.258876
0.0739645
0.184911
0.221893
0.258876
0.184911
0.0739645
0.258876
0.184911
0.0739645
0.0739645
0.147929
0.33284
0.184911
0.147929
0.184911
0.184911
0.147929
0.147929
0.33284
0.110947
0.258876
0.184911
0.147929
0.147929
0.147929
0.0739645
0.221893
0.147929
0.147929
0.110947
0.147929
0.184911
0.110947
0.184911
0.221893
0.184911
0.147929
0.184911
0.147929
0.295858
0.295858
0.258876
0.258876
0.295858
0.33284
0.369822
0.369822
0.480769
0.33284
0.33284
0.369822
0.33284
0.33284
0.295858
0.369822
0.369822
0.443787
0.369822
0.554734
0.443787
0.369822
0.554734
0.480769
0.554734
0.591716
0.66568
0.739645
0.776627
0.776627
0.776627
0.924556
0.850592
1.0355
0.998521
1.10947
1.07249
1.2574
1.2574
1.33136
1.2574
1.33136
1.44231
1.44231
1.44231
1.70118
1.88609
2.44083
2.81065
3.14349
2.51479
2.62574
2.81065
2.62574
2.2929
2.14497
2.51479
2.66272
2.95858
3.47633
3.99408
4.51183
4.95562
5.2145
5.32544
5.14053
4.47485
3.99408
4.10503
4.91864
6.50888
8.06213
17.5296
26.1464
28.5133
29.253
30.6953
31.3609
31.6198
31.4719
30.5473
22.1524
22.4112
23.1139
23.2249
23.1879
23.1139
23.1879
23.4467
22.7071
22.5222
23.003
22.7071
23.0399
23.1879
23.2618
23.2249
23.5207
23.2249
23.5207
23.5207
23.4467
22.5222
22.2633
22.1524
21.7086
21.7825
21.6346
21.6716
21.8195
22.3003
22.2263
21.8935
22.1524
21.8195
22.2633
21.4127
20.6361
20.4512
20.4142
20.784
21.3757
21.4867
22.3743
21.6346
21.8565
22.5222
22.3743
23.2618
23.2618
23.2249
22.7441
23.1879
23.2249
23.4837
23.7056
23.4467
23.1139
22.892
23.2249
24.0385
24.7041
24.4453
23.1139
23.0399
22.4482
22.3743
22.3373
22.7071
22.7811
22.818
23.5577
23.3358
23.2249
24.1494
23.3358
22.5592
21.8195
21.5237
21.2278
20.9689
21.1169
21.2648
20.932
21.3018
21.5607
21.0059
21.2278
21.1538
21.1169
21.3388
21.5976
22.7071
22.3003
22.2263
22.1893
21.8195
21.8935
22.2263
22.929
22.5592
22.7071
22.3373
22.3003
21.7825
21.5237
21.9675
21.5607
27.7737
21.8935
21.9675
21.7086
21.4127
22.0784
22.3003
22.2633
23.003
22.929
22.7441
23.0399
23.2988
23.6317
23.6317
23.5947
24.4453
24.0754
24.0754
24.1494
23.4467
24.1124
24.1494
23.2988
23.3358
23.7426
23.5207
24.5192
24.1124
24.2973
23.5577
23.8905
23.8536
23.3358
23.7426
24.4822
24.2604
24.1124
24.5562
24.8151
24.0015
23.0769
23.2988
24.0754
24.4453
24.5562
25.074
25.3698
24.4822
25
24.7041
24.7041
24.7781
24.5562
24.1124
24.8891
24.5932
24.4822
24.3343
24.5932
24.7781
24.8891
23.8905
24.0015
23.4098
24.4083
23.9275
24.7411
24.8891
24.7411
25.7027
25.8876
26.4793
26.4053
25.9615
26.0355
26.1095
26.4423
26.5902
26.7382
27.3669
26.8491
27.2189
26.997
27.071
26.997
26.7382
26.997
27.108
28.0695
27.8846
28.5133
27.6997
28.1805
27.9586
28.1805
28.1805
29.4379
28.6612
28.9201
28.5503
28.1805
28.6243
28.1065
28.0325
28.6612
27.8846
28.6982
27.7367
27.8107
26.7382
26.7382
24.8891
27.034
26.1095
25.8876
25
24.7781
25.2959
24.2973
24.5932
23.9275
28.7722
26.9231
26.9601
26.5902
25.9246
26.9231
27.108
26.3683
26.7751
26.1464
25.4068
25.7766
25.1849
25.074
25.1849
24.8151
23.0769
24.4083
24.1494
24.963
25.037
25.2219
25.1849
25.2959
24.5562
24.963
24.7041
24.7781
25.1849
24.7411
25.2589
25.2589
24.1494
30.1405
30.1775
29.8447
28.9571
28.2914
28.3654
28.9201
28.2914
28.2544
28.6243
28.4763
28.3284
28.4024
27.9216
27.6997
27.9216
27.2559
26.8861
27.8107
27.7737
27.4038
27.9216
28.5133
27.3299
27.5888
26.997
27.3299
28.1065
28.0695
28.8462
28.6243
28.3654
28.3654
28.1805
28.5133
27.6997
27.9586
28.5133
29.253
28.0695
27.9586
28.2544
28.2544
28.0325
28.2175
28.4024
28.2175
28.2914
27.8846
28.2914
28.1805
28.0695
27.4038
27.9586
27.5148
27.8107
26.8861
27.071
26.7012
27.6627
27.6627
27.2559
27.2559
27.6627
27.4038
27.7737
27.7367
27.182
26.7751
26.6272
27.5518
27.4778
27.9956
27.3669
27.9956
27.9216
27.5888
27.3299
26.7751
26.997
27.6627
27.8846
27.8846
27.3299
26.5902
27.2189
26.9231
27.3299
26.7751
26.6272
26.8491
27.6257
27.6997
27.8476
27.6997
27.034
27.2929
27.145
26.997
26.7382
27.034
26.8491
26.9231
27.034
26.5533
26.6642
27.108
26.7382
26.5163
26.1834
26.2574
25.9246
27.034
27.145
26.997
26.5533
27.182
26.3314
26.3683
26.2944
25.8136
26.1464
26.7012
26.7382
27.145
26.4423
25.7396
26.0725
25.4068
25.2219
25.5917
25.7396
26.0725
26.8861
26.8491
26.2574
26.8491
26.5533
26.5533
25.5917
26.3314
26.2204
26.2574
26.6642
26.2204
26.1095
26.7751
27.2559
26.4053
25.5178
25.074
25.7027
25.3328
25.7766
26.1095
26.1464
25.8136
26.1834
25.6287
24.7411
24.8151
25.2219
24.8521
24.7411
25.074
25.1849
25.8136
25.2219
24.7041
24.4083
24.2604
24.5192
24.4822
24.963
25.7396
24.926
25.2589
25.7766
25.6657
25.6657
25.5178
25.9985
25.9985
25.7396
25.5547
25.4068
25.5178
25.5917
25.3328
24.8151
25.6287
25.1849
24.6672
24.8891
25.037
25.3328
25.4438
25.5178
26.0725
25.9985
26.2204
25.4808
25.4068
25.4068
25.2959
25.4068
24.963
25.2219
25.2959
24.8891
24.5192
24.4453
25.1849
24.6302
24.8151
25.1479
25.1479
25.2959
24.6302
25.1479
25.7396
25.4068
24.926
25.5917
25.5547
25.2219
26.0725
26.6272
26.0725
25.6287
25.5917
25.7027
25.4438
25.1109
25.7396
25.4068
25.2959
25.074
25.5178
25.5547
25.2959
26.1464
24.8521
25.1849
24.1864
24.926
25.037
25.037
24.4083
24.8891
25.037
25.1109
24.5932
25.2589
25.5178
25.7027
25.5547
25.8136
25.3328
25
25.4808
25.7396
26.0725
25.9246
26.2574
26.1095
26.1834
26.3314
26.9231
27.2559
27.3299
26.7382
26.9601
26.4053
26.1464
27.071
27.8846
26.9601
26.8861
27.4038
27.071
26.6272
27.3669
26.6272
26.7382
27.182
27.3299
27.5518
27.4038
27.5518
27.5518
27.108
27.3669
26.8121
27.7367
27.3299
27.3299
27.8107
27.5518
27.6997
27.182
28.0695
27.3299
27.5888
27.4778
27.3669
26.7382
26.997
26.9601
27.071
27.4038
26.997
26.6272
26.5902
27.2189
26.997
27.071
26.8491
27.071
26.9601
26.997
27.6997
27.4038
26.997
27.7737
27.4778
27.182
27.2929
27.5518
27.5518
27.7737
27.7737
27.8476
28.2914
28.0325
28.2544
28.2544
28.4393
28.4024
22.2633
22.4112
22.2263
22.5222
22.929
22.7811
22.6701
22.5592
22.6701
22.4852
22.3003
22.966
22.5962
22.929
23.2618
23.6686
22.5222
23.2249
22.7071
21.9675
22.0784
22.3373
21.9305
22.5222
22.929
22.4482
22.6701
22.7071
22.4852
22.3743
22.2633
22.0784
21.9305
22.2633
22.966
22.4112
22.855
23.003
23.6686
23.5207
23.2988
23.8536
23.2249
23.1509
23.2618
23.6317
23.0399
23.5947
23.1139
22.966
22.6331
22.4482
22.7071
23.003
22.3373
22.7441
22.5222
22.4852
21.8935
22.2263
23.1509
23.4098
23.4098
23.6317
23.1879
22.7441
23.6317
23.7796
24.4083
23.2618
23.0399
23.5207
22.818
23.0769
22.7071
23.4098
22.7441
23.1509
22.7071
23.3358
23.6317
23.7796
23.8536
24.7781
23.8536
23.8166
24.0754
24.3343
24.4453
23.8536
24.0754
23.4467
23.8166
23.5577
22.7811
23.6317
23.7056
24.0754
24.1124
24.4453
24.2234
24.0385
24.7411
23.9645
24.4083
24.1864
24.1864
24.5562
24.3343
24.6302
24.0385
24.4453
24.4083
24.0754
23.7796
24.2604
24.1494
24.0385
23.3358
24.2604
24.6672
24.5932
24.0015
24.1494
24.8891
25.4438
25.4068
25
24.2604
24.926
24.0385
24.926
24.2234
24.1864
24.4822
24.6672
24.0015
24.7041
25.2219
24.8891
24.7781
25.074
25.2959
25.4808
25.3698
25.037
24.7781
24.926
25
25.074
25.1109
24.4822
24.8521
24.5192
25
24.5932
24.3713
24.5562
24.0754
24.3713
24.7041
24.8521
25.4068
25
25.2219
25
24.6302
24.2234
24.2973
24.8521
25.2959
24.7411
24.5562
24.6302
24.5562
24.963
24.4453
24.1494
23.9275
23.8536
24.3713
24.7041
24.8151
24.4453
24.8521
25.2959
25.5547
25.6287
24.963
25.6657
25.9615
25.4438
24.8521
25.2219
25.3698
25.6657
24.7041
25.4438
24.7781
25.3328
24.4822
24.5932
25.074
24.5562
24.6672
24.2234
24.0385
24.4822
24.926
24.2234
24.926
25.6287
25.1849
24.963
25.2589
24.8151
24.4822
24.1124
24.5562
24.7041
24.4453
24.1864
24.2234
23.8166
24.6672
24.7411
24.1494
24.1124
24.3713
24.8521
24.7411
24.8891
24.926
24.926
24.5192
25.037
24.2604
23.9645
24.0754
23.6317
23.8905
23.003
23.7056
24.1494
23.8166
23.7426
24.0754
24.4083
23.6317
24.3343
24.4822
24.3713
25.074
24.2973
24.3343
24.1864
24.7041
24.2234
24.2973
24.7411
24.1494
23.8905
24.6302
24.5932
24.3713
24.3343
24.1124
24.2604
25.1479
24.963
25
24.963
25.5917
25.7766
25.4808
25.6287
25.8136
25.9985
26.0355
26.1095
26.2574
25.8136
25.3698
25.2959
25.3328
25.7396
25.7027
25.4068
26.1095
26.3314
26.4423
27.108
27.3669
27.6997
27.6257
27.108
27.8846
27.6257
26.8861
27.182
26.5533
26.1464
26.6272
26.0725
25.8876
26.4423
26.1834
25.9246
26.6272
26.5902
26.7012
26.7382
26.7012
26.8861
27.2559
27.3669
26.7012
26.7012
26.9231
27.2189
27.071
26.1464
27.108
26.4053
26.1464
25.6287
25.6657
25.4068
25.1849
25.5917
25.4808
25.8506
26.3314
25.9615
26.4423
25.6657
25.8136
26.0355
25.3698
25.9985
25.7766
25.2589
25.3698
25.8136
25.1849
24.4083
24.1124
24.5562
24.3343
24.2234
24.7781
24.8151
23.8536
25.7027
25.037
25.4438
25.5917
25.1849
25.4068
25.2219
24.8521
25.074
25.1849
25.9615
25.1109
23.9645
23.4837
23.5207
23.4098
22.1524
22.929
23.0769
23.4467
23.8536
23.3358
23.5207
24.1124
23.4098
23.5207
24.1124
24.0385
23.6686
23.5947
30.4734
29.8077
28.9571
28.9201
28.5133
27.8107
27.145
26.6272
26.8861
27.2929
26.8121
27.4038
27.8846
27.5148
27.6627
27.7367
27.108
28.0695
27.4408
27.5888
28.3654
26.9231
27.2559
26.2204
26.6272
25.8136
25.5917
25.9246
25.7396
25.8876
26.3314
26.4053
26.9231
27.6627
27.8476
28.3284
28.8462
28.0695
28.4024
28.9941
28.9571
29.4379
30.1036
29.8077
29.0311
29.2899
28.6612
28.5503
28.9201
29.4749
28.9201
30.3994
30.2885
30.2515
30.6953
30.7322
30.4364
30.9911
23.7796
24.1864
24.0754
24.1124
23.1509
29.9186
29.5488
29.179
29.142
29.0311
28.9201
28.8831
28.5873
29.142
29.105
29.4009
29.253
29.4749
29.9186
29.7337
30.8432
30.2145
30.8432
22.855
23.7056
23.003
30.9172
23.5207
23.1879
28.8831
29.3269
29.253
29.179
23.1879
23.0769
23.0769
24.0754
23.3358
23.3358
23.6317
23.4098
23.3728
24.1124
23.8166
24.7781
23.9275
23.8905
24.1494
24.4453
25.3698
25.5917
25.2589
25.4438
15.7175
15.7175
15.9763
16.4941
16.3462
17.1228
17.7145
17.3447
18.0473
18.0104
18.2322
18.1953
18.75
17.9734
18.6391
18.787
18.3432
19.4896
20.2293
19.8225
19.4157
19.3047
19.3417
18.4172
18.3432
21.7086
22.3003
22.1154
21.3018
21.0429
21.1908
21.6346
21.6716
31.9527
32.5074
31.213
31.5828
31.6938
31.25
31.1391
31.176
31.8417
31.9896
31.5089
31.7308
31.4349
30.9541
30.6953
30.9541
31.9896
31.287
30.6583
31.6198
32.2855
31.324
31.324
31.6938
30.7322
31.0281
31.0281
31.1391
30.3254
30.3624
30.6583
30.2885
31.5089
31.176
31.6568
31.6938
31.4719
31.5828
30.6953
30.8062
31.9157
31.5828
32.2115
32.0636
32.6183
32.4334
31.9157
32.2115
32.2855
32.3595
33.7648
34.1346
34.5784
36.0947
36.6124
36.9822
38.1657
37.3891
37.7219
37.574
37.3151
37.0192
37.6479
36.3905
37.426
36.3536
35.9837
35.7988
34.9112
33.8757
33.4689
32.9512
33.1361
33.284
34.1716
34.9852
34.0237
33.8388
34.2456
34.1716
34.6524
34.5414
35.7249
36.0207
36.1317
36.6124
36.0947
36.3905
35.8728
35.5769
37.0932
37.2781
37.574
38.3506
37.8328
37.2781
37.3891
37.426
38.2396
38.2396
39.1642
39.2382
39.608
40.0518
40.1997
39.1642
32.8402
33.358
32.8033
33.9867
34.0237
33.8757
33.432
33.358
32.9512
33.5429
32.9882
33.5059
33.4689
33.6169
34.0607
33.9867
34.5044
34.0237
34.3565
34.3935
34.4675
34.8373
34.7263
34.7633
34.8373
34.7263
34.5784
34.2086
34.8743
35.318
34.2456
35.429
35.2071
42.0118
42.0118
41.9009
41.568
41.4201
41.9009
42.1598
41.679
40.6435
40.4216
40.2367
39.4231
40.3476
39.0902
40.1997
40.3476
42.1228
42.2337
42.6775
43.3062
44.1198
43.3432
44.3047
44.7485
33.4689
35.2071
35.503
34.5784
35.466
35.392
35.8728
35.7988
36.7604
35.5399
36.2426
36.5015
36.7604
37.6109
37.2411
37.7219
38.6095
38.5725
38.8314
38.2766
38.8314
37.5
37.6109
38.9793
38.2766
37.574
37.7219
36.7234
37.3521
37.0192
36.2426
36.2056
35.6509
37.3151
37.0562
36.8343
36.6864
36.5754
35.5399
35.7249
35.1701
35.503
36.9453
36.3905
34.8743
36.5015
35.466
35.392
35.0222
35.0222
34.6154
34.8373
34.0237
33.6169
34.2086
33.8388
33.5429
33.284
33.4689
33.2101
32.1006
32.8772
33.7278
32.9882
32.3595
32.8402
32.3595
33.2101
33.0621
31.6568
31.8787
31.9896
31.6568
31.25
41.1612
40.0148
40.5325
40.4956
41.0503
40.6065
40.4956
41.0133
31.7678
40.4216
40.0888
39.9778
39.9408
39.4601
39.4231
40.0518
39.7189
39.0902
38.9793
39.1272
39.3861
39.3861
39.3121
39.1272
38.7944
36.7604
36.1686
36.2426
36.8343
36.7973
37.6479
38.0917
38.0917
36.7973
37.426
37.537
36.6124
36.9453
36.9083
37.9808
37.0192
36.6864
37.0932
35.7618
35.6879
35.8728
35.8358
36.2426
35.6139
35.0592
34.0607
34.6893
34.0237
34.2825
35.1331
34.2086
35.503
34.5784
36.7234
36.3905
36.5754
36.3166
36.4275
36.3166
35.6509
36.4275
38.6095
39.7559
39.0902
38.8314
37.8698
37.8698
37.9808
37.7589
38.7574
38.5355
38.8683
39.608
39.2751
40.2737
39.534
39.645
39.0163
38.8314
39.7559
39.0533
39.4601
38.7574
38.4615
38.3876
37.6479
38.0547
37.3891
37.7589
37.0932
36.8343
36.9822
37.3151
38.2766
37.6849
38.3136
37.426
37.3891
37.574
36.3905
36.6124
37.3151
36.2426
37.0562
36.2426
36.9083
36.0207
36.6494
36.2796
35.9837
35.318
36.0207
35.9098
36.4275
35.7618
35.7618
36.0207
36.0207
35.7249
35.9467
35.466
35.2811
35.5769
35.2071
34.8003
34.0237
33.5059
32.8033
32.9142
32.9512
32.1006
32.5074
31.9527
32.5444
32.3595
32.8402
32.6183
33.8018
33.1361
33.2101
33.432
33.432
35.429
35.0962
34.9112
35.5399
35.355
35.503
34.8743
35.318
35.503
34.6154
34.8743
33.247
33.5429
33.4689
31.9527
32.9512
33.395
34.6893
33.5059
33.2101
33.0991
34.4675
33.395
33.432
33.6169
35.9467
34.7263
35.9098
36.3166
36.6864
36.4645
36.5015
36.1686
35.9467
36.5385
36.7973
36.2796
36.6494
35.8358
36.0947
36.0577
35.2071
36.1317
36.1317
35.9467
36.3905
36.4275
36.5385
36.5015
36.5385
36.7234
37.426
36.9083
36.8713
36.8343
37.8328
36.9453
37.0562
36.2426
35.6509
35.0222
34.6893
34.4305
34.2456
33.284
33.2101
34.3195
34.7263
33.8388
34.0976
33.0621
33.6908
33.1361
33.5429
34.8373
34.7263
34.4675
34.6154
33.6538
33.7648
33.284
33.5059
33.4689
32.9142
32.5444
33.1731
32.5444
32.0266
33.6169
32.5444
33.5059
33.1361
33.0991
33.9867
32.9142
33.0991
33.4689
33.6538
33.8388
34.6893
34.7263
35.466
34.5044
34.4305
33.7278
34.4675
34.1346
32.8402
33.321
33.247
32.8033
31.8417
32.4704
32.8772
32.3964
32.9142
33.8388
33.1361
33.8757
33.9127
34.8743
34.2825
34.6524
35.466
35.7249
36.2426
36.6494
36.5754
36.0207
35.7249
35.8358
35.7618
36.3905
36.9822
36.4645
35.7618
35.1701
35.503
35.6139
36.1686
35.6879
36.6494
35.7249
36.0207
36.6124
36.4275
36.0947
37.2781
37.463
37.1302
37.7959
36.5754
36.9083
36.3166
35.9467
36.3905
36.7604
37.9068
36.0577
35.9837
36.4275
35.0962
35.2811
35.8728
36.0207
36.7973
36.0207
36.7604
37.426
38.3876
37.6849
36.8713
37.426
37.7589
37.3151
36.5385
37.8328
37.7219
36.6124
37.426
36.3166
36.2056
36.7234
36.0207
36.2796
36.1686
35.1331
35.1331
35.2071
36.2796
36.0207
35.8358
34.9112
35.7988
36.0947
35.429
34.9112
34.9482
33.8757
34.6154
35.6879
35.5399
35.9098
35.1331
35.2071
35.0962
34.3565
34.5784
34.9482
34.4675
34.7263
34.0607
34.8003
34.7263
36.2796
35.7988
35.9837
35.6509
35.8728
36.0947
35.503
35.392
35.429
35.5399
34.6154
34.7633
35.355
34.3565
34.7633
34.6154
34.6154
34.3935
34.7263
34.4675
34.6893
35.1701
34.4305
34.7263
34.5784
35.0592
35.1701
34.6893
36.2426
34.1716
34.2825
35.0592
34.1716
35.0222
35.0962
34.2456
33.5799
34.5044
33.6169
34.2086
33.0991
33.7278
33.0991
33.8388
32.8772
33.358
33.6169
34.2456
33.6169
34.3195
34.2456
35.1331
34.1346
33.9867
33.0991
32.3595
32.1746
32.2485
32.2855
32.5074
31.4349
30.6583
31.5828
31.8047
31.176
31.6938
31.7678
31.213
31.7308
30.5843
30.6213
30.7322
31.3609
31.0651
31.5089
31.1021
30.9172
31.6198
31.176
31.3979
31.3609
31.8047
31.213
31.4349
31.8787
30.7692
31.9527
31.8417
31.7308
31.5459
31.8787
32.4334
33.6908
34.3195
34.5414
35.7618
36.5754
36.0947
37.2781
37.9438
38.3506
38.6464
40.1257
40.3846
40.5695
38.6464
39.3121
39.3121
39.8669
39.0163
40.4956
39.534
39.8669
39.2382
37.463
37.9068
37.6479
37.9808
38.3136
38.2766
38.7944
38.2396
37.0932
36.2426
36.5385
36.2426
37.6479
36.5015
35.9837
35.8728
34.8373
34.7633
34.1346
33.8388
33.0991
33.2101
32.8033
32.8772
33.5799
33.8018
33.6169
33.5799
33.2101
34.2086
33.8388
33.358
34.0976
33.6538
33.321
32.6553
32.6923
33.0251
33.5059
32.2115
31.6568
31.8047
31.0281
30.9541
31.0651
29.8817
29.0311
30.5104
30.8802
32.1376
31.6198
31.9896
32.1746
32.3964
32.4704
31.5089
32.5444
30.1405
30.2145
28.8831
29.4009
28.5873
28.9941
28.1065
28.5133
29.179
28.3654
28.2175
28.4763
28.4024
28.6612
27.7737
28.5873
28.5133
29.253
28.8831
28.3284
29.068
28.2914
27.7367
27.182
26.997
25.4068
26.5533
25.5547
25.8506
25.4068
24.6302
24.7411
26.1464
25.8876
25.4438
25.4068
25.6657
25.3328
25.4438
25.037
25.3328
24.4822
23.6686
22.929
22.5962
21.6716
32.1746
30.9911
31.5459
30.7692
29.5488
28.5133
29.5118
28.9201
29.068
28.4024
27.8846
26.8861
25.5917
25.4438
25.1849
23.7426
24.0015
23.7426
22.4112
20.3402
19.0828
18.4172
18.0843
16.1982
15.0518
14.1272
13.4985
12.7589
11.3536
10.5399
11.0207
9.87426
9.87426
9.91124
9.43047
8.50592
9.09763
9.28254
8.9497
9.35651
9.5784
10.392
10.5769
10.5399
11.6864
12.537
13.2766
12.8328
13.3876
14.0533
14.3861
13.8314
21.1538
20.6361
21.3018
21.0059
20.5991
19.8964
20.1923
21.2278
24.8521
26.4053
26.7382
28.1065
28.6612
29.4749
29.8077
30.3254
23.2988
23.4467
23.9645
24.1124
23.4098
23.4098
22.6701
30.3254
28.7352
27.9956
27.2189
25.9246
25.7766
24.4822
22.6331
22.0784
20.895
20.5991
19.9334
19.8964
18.9349
18.1213
17.2337
17.4556
17.2337
15.1997
15.6065
15.4956
14.682
14.497
14.0163
14.3121
14.1642
11.2796
10.6509
10.5769
11.1317
10.1701
10.466
9.87426
9.65237
7.13757
7.2855
7.02663
6.73077
6.61982
6.84172
6.95266
6.58284
8.21006
7.98817
7.13757
7.43343
6.98964
6.6568
6.54586
6.06509
5.6213
6.02811
5.54734
5.43639
4.84467
4.62278
4.43787
3.99408
3.77219
4.77071
4.77071
5.2145
5.25148
4.9926
5.28846
5.36243
5.28846
5.91716
6.73077
6.02811
6.06509
5.73225
5.32544
5.54734
4.88166
4.51183
4.40089
4.10503
3.84615
4.28994
4.5858
4.51183
4.10503
5.25148
4.95562
5.17751
5.02959
4.88166
4.95562
4.62278
4.47485
7.69231
7.98817
7.61834
8.02515
7.65533
8.02515
7.95118
7.87722
7.98817
11.2796
10.9098
9.94822
9.72633
9.1716
8.9497
9.06065
8.72781
11.3536
10.7988
11.1317
11.0577
10.1701
10.0592
10.318
10.6509
11.3166
11.7604
12.2781
11.7604
11.2426
11.7973
11.5385
11.9083
11.1686
11.8343
12.3151
11.4275
11.3905
10.2811
9.5784
9.46746
9.39349
8.69083
8.76479
8.39497
8.72781
8.46893
8.02515
8.24704
8.13609
8.02515
8.28402
8.39497
7.80325
7.32249
7.58136
6.80473
6.80473
7.10059
6.84172
6.47189
6.21302
5.73225
5.65828
5.58432
6.36095
6.17604
6.06509
6.21302
5.99112
5.8432
6.13905
5.99112
6.10207
5.51036
6.10207
6.54586
7.13757
6.69379
6.50888
6.58284
6.21302
5.39941
4.88166
4.88166
4.54882
4.77071
4.36391
4.21598
4.40089
3.99408
3.88314
4.17899
4.03107
3.84615
3.69822
3.58728
3.3284
3.18047
3.69822
3.51331
3.77219
3.80917
4.54882
4.51183
4.36391
4.06805
5.2145
4.51183
4.36391
3.62426
3.25444
3.10651
2.81065
2.84763
4.25296
3.88314
3.88314
4.06805
4.43787
4.21598
3.84615
3.99408
4.06805
4.25296
4.62278
4.62278
4.69675
4.43787
4.62278
4.73373
5.25148
5.17751
4.9926
5.28846
5.47337
5.39941
5.32544
5.32544
5.6213
5.69527
5.8432
5.88018
5.28846
5.25148
6.13905
5.58432
5.47337
5.58432
5.65828
5.43639
5.91716
5.76923
5.47337
5.54734
5.8432
4.91864
5.32544
5.43639
5.39941
5.17751
5.28846
5.36243
5.2145
5.25148
5.39941
5.47337
5.51036
5.58432
5.47337
5.99112
5.39941
5.51036
5.47337
5.88018
5.95414
6.28698
5.99112
6.10207
6.84172
5.99112
6.43491
6.36095
6.43491
6.54586
7.32249
7.47041
7.87722
7.5074
8.39497
8.65385
9.50444
10.392
10.0222
11.2426
11.6124
11.9083
10.7249
11.6494
11.3166
11.9453
12.426
12.9438
13.5725
14.4601
11.0577
11.2426
11.9822
12.0562
11.9453
12.0192
12.2041
12.7219
11.3536
11.9083
12.9068
12.7959
13.3506
12.7589
13.7204
14.3121
11.5385
11.7973
12.0192
12.3891
12.2411
12.1672
12.0932
11.5385
12.0562
13.0547
12.9438
12.9068
13.1657
12.574
13.2027
12.6479
17.7515
17.9734
17.8994
18.1583
17.9734
17.4186
17.2337
16.642
16.568
17.1228
17.3817
16.679
16.3092
16.0873
16.2352
16.2722
16.4571
17.0858
17.3817
18.676
17.9364
17.9364
18.787
19.1938
19.3047
13.8314
13.3876
12.8328
12.8328
13.1657
13.0547
12.537
13.1287
10.0222
10.0962
9.8003
9.68935
9.5784
9.28254
8.98669
8.9497
11.0207
10.8728
10.392
10.2811
10.9837
10.6879
10.8358
10.6509
10.1331
5.36243
5.32544
5.28846
5.14053
5.32544
5.51036
5.2145
5.47337
3.88314
4.21598
4.21598
4.28994
4.43787
4.65976
4.40089
4.54882
4.47485
4.36391
4.17899
3.92012
3.77219
4.32692
3.9571
3.9571
5.69527
6.06509
5.76923
5.65828
5.99112
5.28846
5.06657
5.25148
11.7234
11.8713
10.9837
10.466
10.5769
10.1701
10.9837
10.5769
10.7618
11.5385
11.2426
12.1672
13.0917
12.0932
12.7219
12.9068
14.7189
5.39941
5.6213
5.54734
5.91716
6.10207
6.13905
6.10207
5.88018
4.54882
4.69675
4.21598
3.9571
4.43787
3.77219
3.99408
3.66124
4.25296
3.99408
4.17899
3.92012
4.17899
4.14201
4.17899
4.06805
5.76923
6.39793
6.32396
6.25
6.39793
6.76775
6.6568
6.58284
10.8358
10.8358
10.2811
10.5769
10.355
9.94822
10.8728
10.392
10.7988
9.43047
9.76331
9.65237
9.39349
9.02367
9.46746
9.54142
9.1716
10.7249
10.5769
10.429
10.0962
10.1701
10.355
10.6509
11.6124
15.6435
16.605
16.716
16.753
17.5666
17.4926
17.4556
17.6775
13.5355
14.4231
13.6464
14.0902
14.0533
13.3136
13.8683
14.0902
13.0917
13.6834
14.534
13.8314
13.9053
13.5725
13.5725
12.9068
12.8328
13.2396
13.3506
13.2396
13.7944
13.3876
13.6834
14.3491
13.8683
13.1287
12.9438
13.0178
13.1657
13.1657
12.5
12.7589
12.9438
20.5621
20.3402
20.3772
19.6746
19.8964
20.9689
21.7086
22.1893
16.0133
16.9009
15.7544
16.4941
16.4201
17.1598
17.0488
16.642
14.534
14.571
14.497
13.9793
13.7204
13.6834
14.0533
13.2766
15.3476
15.3846
15.5695
15.9763
16.568
16.3462
16.0873
16.4941
14.1272
13.7944
13.9793
13.9793
13.8683
13.4985
12.9438
13.4985
13.0178
17.3077
16.9749
17.2337
17.9734
17.7515
17.5296
17.4556
18.2692
18.6391
19.3047
18.6021
19.5636
20.0444
20.3772
19.6376
19.8964
10.6509
10.9837
10.466
10.6139
10.5769
10.5399
10.7988
10.6139
14.1642
13.2396
12.6849
12.5
11.5015
10.6879
11.3536
10.6139
12.463
12.6479
12.7589
12.9438
12.7589
12.2041
10.7618
11.5015
11.0207
5.43639
5.69527
6.17604
6.06509
6.28698
6.06509
5.91716
5.95414
5.28846
5.51036
5.39941
5.6213
5.51036
5.43639
5.39941
4.80769
6.73077
6.36095
6.28698
6.21302
6.54586
6.39793
6.61982
5.91716
17.9734
18.3432
18.0843
18.3802
19.0459
18.1953
18.0104
17.5666
20.4882
20.747
17.9734
18.4911
18.3802
17.8994
16.9749
16.9009
9.65237
9.61538
9.43047
9.8003
10.466
10.7618
10.466
10.6509
10.2441
5.2145
5.36243
5.02959
5.06657
5.14053
5.25148
5.10355
4.84467
5.58432
5.51036
5.43639
5.58432
6.02811
6.17604
5.99112
5.95414
9.8003
9.50444
9.5784
9.87426
9.54142
9.5784
9.35651
9.31953
12.537
12.0932
12.3151
12.2411
11.4645
11.5385
11.0577
11.7973
10.9467
11.2056
10.429
9.87426
9.98521
9.35651
10.355
10.0222
9.68935
14.534
14.1642
13.9423
13.9793
13.0917
13.9423
13.3876
13.4985
14.0163
13.4615
13.8314
13.4615
14.0902
13.7574
14.1642
13.8683
9.20858
8.72781
8.57988
9.39349
9.39349
9.20858
9.61538
9.91124
9.35651
9.35651
9.20858
8.57988
9.43047
8.39497
7.87722
8.21006
7.61834
7.58136
7.17456
6.80473
7.21154
7.54438
7.35947
8.5429
6.47189
6.84172
7.24852
7.32249
8.02515
8.24704
7.39645
6.98964
5.80621
5.28846
4.9926
5.28846
5.39941
5.14053
5.17751
4.88166
5.06657
4.5858
4.40089
4.25296
3.99408
3.51331
3.92012
3.66124
3.92012
11.8713
12.1302
11.8713
11.7234
12.1302
11.2056
11.0947
11.0207
18.0104
18.8609
20.0444
20.6361
20.7101
19.5266
20.895
22.7441
8.72781
9.83728
10.5769
11.8713
11.4645
11.9083
11.1317
9.94822
8.91272
6.13905
5.88018
6.02811
5.76923
5.54734
5.43639
5.28846
4.80769
5.73225
5.2145
4.95562
4.95562
5.10355
4.65976
5.10355
4.9926
11.2796
10.7618
10.5769
10.2441
10.466
10.2071
10.2811
9.91124
10.5769
10.9837
11.0577
11.1686
11.2796
11.8343
11.4645
12.1672
6.84172
6.84172
6.84172
6.98964
6.69379
7.47041
7.10059
7.35947
12.2411
13.3876
12.3521
12.574
12.426
12.463
12.7959
12.3891
13.1287
13.7204
14.2751
14.8299
15.1627
14.9038
15.4216
15.2367
15.7175
12.0562
11.7234
11.2426
11.9453
12.0562
11.9453
11.9822
12.1672
13.4615
13.7944
13.7204
14.8299
14.0533
14.9038
15.3846
14.9778
12.9808
13.3506
12.5
12.0192
11.6124
11.3536
11.6494
11.1686
12.463
12.2781
12.3521
12.3891
11.9822
11.5754
11.6124
11.1317
14.2012
14.4601
14.497
14.534
15.1997
15.0148
16.642
16.605
17.0118
8.06213
8.09911
7.54438
7.76627
7.5074
7.58136
7.39645
7.80325
12.463
11.9453
11.3166
11.8343
11.0207
10.7618
10.392
11.5015
16.0503
16.753
17.6405
17.8624
17.3817
17.9364
17.7515
17.9364
5.58432
5.65828
5.69527
5.51036
6.32396
6.39793
6.76775
6.43491
4.73373
4.5858
4.95562
4.77071
5.06657
4.69675
4.54882
4.80769
4.62278
4.47485
4.51183
4.62278
4.5858
4.06805
4.54882
4.36391
4.21598
16.1612
16.2722
16.8269
17.4556
15.4586
14.8669
14.1272
13.4615
15.9393
15.8284
15.6805
16.0133
15.7914
15.8654
15.9393
15.5325
5.65828
5.58432
5.99112
5.6213
5.8432
5.6213
5.73225
5.6213
4.91864
4.80769
4.88166
4.95562
4.84467
5.06657
4.73373
4.88166
5.80621
6.02811
6.43491
6.21302
6.54586
6.39793
6.50888
6.47189
6.61982
7.98817
8.28402
8.21006
7.5074
8.17308
7.65533
7.87722
7.32249
10.6509
10.8728
10.8358
11.0207
11.5385
10.9098
11.0947
11.3166
10.7618
10.466
10.318
10.503
10.0222
10.0222
9.31953
9.5784
11.7604
12.574
12.463
12.6109
11.6494
12.0192
11.6124
11.5015
14.0533
14.1272
13.7944
14.3491
14.3491
14.0163
13.8314
13.9423
8.43195
8.76479
8.80178
8.09911
8.57988
8.98669
8.72781
8.83876
8.98669
9.1716
8.9497
8.46893
8.57988
7.98817
8.35799
8.17308
7.39645
7.13757
7.10059
7.13757
7.61834
7.24852
7.54438
8.83876
9.83728
4.65976
4.95562
5.06657
5.02959
5.32544
5.43639
5.2145
5.06657
4.51183
4.32692
4.06805
4.40089
4.5858
4.51183
4.84467
4.40089
4.77071
4.73373
4.77071
4.80769
4.62278
4.69675
4.28994
4.36391
13.0178
12.7219
12.8698
12.8328
12.3151
12.9438
12.9068
12.7959
12.5
16.9009
17.5296
16.3092
16.2722
16.4571
16.568
17.8624
19.0828
6.61982
6.17604
6.84172
6.39793
6.47189
6.21302
6.02811
6.32396
3.84615
4.21598
4.17899
4.25296
3.62426
4.03107
3.5503
4.03107
4.80769
4.88166
4.84467
4.65976
5.06657
5.32544
5.73225
5.2145
12.0192
12.3521
12.6479
12.3521
12.6849
11.5015
10.429
10.392
9.83728
9.39349
9.68935
10.9837
11.9083
11.9453
12.6479
13.6464
13.9793
12.3891
11.7973
11.2796
11.0577
9.50444
9.39349
9.8003
10.2071
13.0178
13.9053
14.3861
14.8669
15.1997
15.1257
16.1612
15.6065
15.4216
14.0902
14.1272
14.2751
13.1657
12.9808
13.8314
15.5325
13.4985
14.1272
13.8314
14.4231
15.4586
16.3092
15.4956
13.8314
13.2766
12.8328
12.1302
10.9098
10.0592
9.65237
10.355
10.9467
11.4275
8.17308
8.72781
8.80178
9.31953
9.1716
9.28254
9.06065
9.94822
8.46893
8.57988
8.35799
7.87722
7.95118
7.06361
6.61982
6.80473
6.6568
6.80473
7.2855
7.65533
7.06361
7.02663
7.5074
7.69231
8.57988
7.72929
7.58136
6.61982
6.58284
6.21302
6.32396
6.91568
8.98669
8.65385
9.06065
9.31953
9.39349
10.0222
10.0962
11.0947
10.8358
9.02367
8.43195
7.95118
7.9142
7.32249
7.5074
7.80325
8.21006
8.21006
9.1716
8.72781
9.28254
8.87574
9.31953
9.1716
9.5784
9.1716
8.72781
9.31953
8.39497
8.65385
8.02515
7.13757
7.39645
7.80325
8.39497
8.39497
8.09911
8.83876
8.46893
8.43195
8.72781
7.95118
7.39645
7.54438
7.5074
8.06213
7.43343
7.9142
7.10059
8.57988
7.54438
7.47041
6.98964
7.5074
7.5074
7.76627
8.46893
8.24704
6.47189
6.58284
6.43491
6.32396
5.6213
5.95414
5.39941
5.73225
7.76627
8.13609
8.61686
9.28254
10.9467
10.318
10.9837
11.7234
11.5754
11.9822
12.7219
12.3891
11.7234
10.9098
10.2811
10.1701
12.3891
12.0562
10.9837
10.392
10.1701
9.09763
8.9497
9.09763
6.25
6.10207
6.80473
6.43491
6.69379
7.13757
7.80325
8.69083
9.13462
10.1331
9.98521
10.7249
10.7988
10.5769
11.2796
10.9467
10.318
11.0577
10.2811
9.35651
7.9142
7.13757
7.47041
7.43343
7.24852
6.21302
5.88018
6.28698
5.73225
6.25
6.95266
6.54586
6.69379
7.80325
8.87574
9.76331
9.8003
10.1701
9.98521
10.0592
10.392
10.318
10.2071
9.76331
10.5769
10.2811
8.91272
8.06213
7.47041
7.21154
7.69231
7.58136
7.2855
7.39645
7.13757
7.65533
8.09911
7.84024
7.43343
6.8787
7.24852
7.32249
8.21006
8.57988
9.13462
8.76479
8.32101
8.02515
8.5429
8.35799
8.17308
7.95118
7.98817
8.24704
9.02367
9.61538
9.39349
9.20858
9.35651
9.5784
9.35651
9.54142
8.91272
9.09763
9.06065
8.9497
8.91272
9.09763
8.76479
8.91272
8.83876
8.69083
8.35799