13.3876
12.9438
12.9438
13.4246
13.3876
13.5355
13.2766
9.91124
9.87426
9.87426
10.429
10.355
9.8003
10.355
10.5399
10.503
10.318
10.429
10.7988
10.2441
10.318
10.1701
10.5769
10.1701
10.1331
10.1331
10.1701
10.0962
10.1701
9.72633
9.68935
9.54142
9.31953
9.20858
9.54142
9.5784
9.50444
9.72633
9.76331
9.5784
9.06065
9.35651
9.35651
9.24556
9.65237
8.80178
9.20858
8.57988
8.98669
8.91272
8.80178
9.06065
8.80178
9.02367
9.06065
8.65385
8.69083
8.69083
9.06065
8.72781
8.5429
8.91272
8.76479
8.91272
9.31953
8.98669
9.24556
9.1716
9.13462
9.39349
8.91272
8.9497
8.83876
9.13462
9.13462
9.65237
9.5784
9.8003
9.83728
9.5784
9.09763
9.54142
9.1716
9.35651
9.43047
9.39349
9.09763
9.02367
8.91272
8.57988
8.46893
8.87574
9.09763
8.72781
9.06065
8.72781
8.98669
9.02367
9.31953
9.09763
9.02367
9.09763
9.31953
9.20858
9.02367
8.80178
9.1716
9.13462
8.98669
8.46893
8.65385
9.28254
9.09763
9.02367
9.06065
9.24556
9.24556
9.31953
9.31953
8.65385
9.02367
8.80178
9.65237
9.50444
9.31953
9.20858
9.50444
9.54142
9.20858
9.24556
9.68935
9.39349
9.06065
9.68935
9.54142
8.98669
9.43047
9.09763
9.35651
9.68935
9.8003
9.65237
9.28254
9.09763
8.91272
9.5784
9.1716
9.68935
9.61538
9.76331
9.35651
9.50444
9.43047
9.83728
9.54142
9.20858
9.5784
9.39349
9.43047
9.43047
9.28254
9.13462
9.24556
8.39497
8.61686
8.39497
8.28402
8.28402
9.31953
8.46893
8.50592
9.46746
8.91272
9.61538
9.13462
9.1716
9.13462
8.76479
9.09763
11.1686
12.6109
12.1302
12.1672
12.3151
12.6479
13.4615
12.3521
14.534
15.1257
15.3107
14.7559
15.4586
14.7189
15.1257
14.571
14.4601
9.8003
9.61538
10.1701
10.318
9.68935
9.94822
9.65237
10.0962
8.06213
7.47041
7.54438
7.65533
7.69231
7.32249
7.5074
7.58136
8.21006
8.02515
7.58136
8.09911
8.06213
8.02515
8.06213
7.72929
10.429
10.6879
11.0577
10.466
10.7618
11.5015
11.1686
11.5754
13.0547
13.5355
13.3506
13.3876
12.9808
13.1287
12.9808
13.6834
10.503
10.9467
10.1331
10.355
10.8728
10.2441
10.9098
11.0207
10.466
9.46746
9.43047
9.65237
9.65237
9.87426
9.94822
10.355
10.2071
10.9098
10.6139
11.0577
11.4275
10.466
10.7988
11.0207
10.5769
12.7589
12.9808
12.2041
12.3521
12.6479
11.9083
12.2411
12.0562
12.5
12.1302
13.0547
13.3136
12.3891
12.537
12.0932
12.3151
10.392
10.5399
10.2071
10.5399
10.466
10.429
10.8728
10.2811
10.2071
10.7618
10.318
10.318
10.9837
10.6879
10.466
10.2811
10.8358
9.72633
9.72633
8.76479
9.13462
9.13462
8.9497
9.39349
9.24556
11.8343
12.3151
11.7234
11.7234
11.9453
12.0932
11.6124
11.6494
11.9453
12.2411
12.1302
12.2411
12.0192
12.0562
12.0932
11.9822
8.5429
7.87722
7.72929
7.98817
8.32101
8.32101
7.98817
8.46893
7.24852
6.84172
7.35947
6.32396
7.13757
7.54438
7.9142
7.61834
8.06213
8.9497
8.72781
8.91272
8.9497
8.83876
8.83876
9.20858
9.1716
21.4127
21.9305
20.4882
21.9675
20.6361
21.5976
21.9305
22.5592
24.3343
24.963
24.2604
24.5562
24.7041
25.5917
24.7411
25.5547
27.145
27.3299
28.7352
29.3639
29.4379
30.3254
30.3994
30.8432
31.7678
31.0651
31.3609
32.3964
31.6198
30.9911
31.4349
32.2115
30.8432
28.7352
28.1065
26.8861
25.7396
25.5917
24.2234
24.6672
23.8166
23.5207
21.8565
21.5976
21.6346
21.4127
20.821
20.6731
19.8964
21.2278
21.2648
20.4882
21.4867
20.895
21.4127
21.3388
21.1169
22.3373
21.3018
21.4127
21.3388
21.3018
21.5976
21.9305
22.2633
21.4867
22.3003
22.1524
21.8565
21.3388
20.895
21.0799
20.3033
19.7485
20.4512
20.5251
20.747
20.4512
21.0429
19.6006
20.1553
10.5769
10.1331
10.318
9.98521
9.91124
10.8728
10.5399
10.355
10.6509
7.80325
7.80325
8.09911
8.21006
8.46893
8.24704
8.46893
8.9497
11.0947
11.5385
10.8728
10.466
10.429
11.0207
11.2426
11.0577
14.9778
15.0888
14.645
14.608
14.7929
15.3476
14.9408
14.682
14.9038
15.0148
15.0148
14.497
14.497
13.9423
13.8314
14.2751
11.5015
11.4645
11.6124
11.0207
11.6864
11.8713
11.7604
11.8343
11.4645
11.6494
12.1672
11.9822
11.3905
11.7234
11.6124
11.8343
12.0932
13.2027
13.7944
13.2396
12.6479
12.7959
12.8328
12.463
12.7219
14.9038
15.0148
14.645
14.3861
13.8314
14.7559
14.682
13.5355
11.3166
11.0207
11.3536
10.7249
10.6879
10.0222
10.2441
10.1701
8.5429
8.76479
8.80178
9.06065
8.57988
8.76479
9.1716
8.80178
9.06065
9.31953
9.02367
9.13462
9.09763
8.91272
8.80178
8.91272
8.13609
12.2041
12.463
12.3151
12.2781
13.6095
13.4615
13.4615
13.4985
8.91272
9.24556
9.98521
9.91124
10.429
10.392
10.1701
10.7618
9.5784
9.31953
9.31953
9.1716
8.72781
8.32101
8.17308
8.17308
20.7101
21.2278
20.5991
20.6731
19.6746
19.8964
19.7115
19.5636
22.6331
21.5607
21.3388
21.2278
21.6716
21.8195
20.9689
20.6731
20.895
11.0947
11.3536
11.6124
10.9098
11.1317
10.9837
10.1701
10.0962
7.65533
7.47041
7.24852
7.2855
7.21154
6.69379
6.21302
6.47189
12.2411
12.3151
11.6864
11.5385
11.5385
11.8713
12.426
12.7219
12.9438
12.3521
12.9068
12.7959
13.0178
13.5355
13.4985
14.0902
9.8003
9.8003
9.72633
9.39349
9.1716
9.91124
8.87574
9.06065
9.87426
10.318
10.1331
10.6139
9.94822
9.76331
10.1331
9.8003
10.0222
15.1257
15.0148
15.3107
16.5311
14.4231
14.571
13.7204
13.1657
12.2411
12.0192
11.5754
11.7234
12.0562
12.0192
12.2781
12.7589
12.2781
12.0192
12.6479
13.4615
12.6479
13.0917
12.9808
13.5725
13.0917
12.7219
12.2041
11.6124
11.3536
11.2796
10.8728
10.6879
9.43047
8.87574
9.02367
9.20858
8.9497
9.1716
9.31953
9.09763
8.06213
7.5074
8.02515
8.09911
8.43195
8.09911
8.65385
8.91272
8.72781
9.06065
8.76479
9.50444
9.87426
9.72633
9.5784
9.61538
9.50444
16.4571
17.4556
16.8639
16.4571
15.7914
15.4956
16.1243
17.2707
10.8728
11.0947
11.4645
11.3536
11.0577
10.466
9.98521
10.466
7.54438
7.65533
7.9142
8.28402
8.06213
7.84024
7.84024
7.76627
13.3876
14.0902
14.1272
13.8314
13.0178
12.9808
13.0178
13.6095
13.0178
16.0873
16.3831
16.3831
16.9379
17.4186
17.6775
17.2707
17.4186
9.5784
9.76331
9.50444
9.68935
9.50444
8.17308
8.28402
8.72781
8.69083
8.72781
8.06213
8.39497
8.65385
8.65385
8.69083
8.5429
12.1302
12.426
12.3891
12.3891
12.2041
11.9822
12.9808
12.3521
17.0858
16.4571
17.2707
16.679
16.716
15.7544
16.4571
16.7899
10.503
11.3166
10.6139
10.503
11.2056
11.5015
11.5385
11.0207
11.7234
12.1302
12.2411
11.1686
11.3536
11.2426
10.355
9.91124
10.8728
11.0577
11.2796
12.1672
12.3151
12.3891
13.6464
13.6095
12.9808
11.0577
10.8728
10.7618
10.7988
10.9098
10.9467
12.3891
12.2781
14.2751
13.7944
14.2012
13.4985
12.6849
13.9793
13.9423
13.6464
10.429
9.83728
10.5399
10.6139
10.6879
9.76331
9.46746
9.83728
9.43047
8.57988
9.09763
8.72781
8.98669
8.76479
9.28254
9.06065
8.61686
8.65385
9.54142
9.09763
9.20858
9.31953
9.28254
9.76331
9.8003
8.43195
8.02515
8.9497
9.1716
9.20858
9.8003
9.72633
9.20858
11.2056
10.7618
11.1317
11.5754
11.0207
10.6509
10.7618
11.3166
19.3417
19.4896
20.4142
19.2308
19.4157
19.1198
19.0828
18.0104
9.20858
9.35651
8.61686
8.28402
8.72781
8.32101
8.35799
9.13462
9.06065
8.32101
8.32101
7.98817
7.87722
7.54438
8.06213
7.84024
7.87722
11.3905
10.6879
10.9467
11.1686
10.9098
11.8713
11.5754
11.6494
9.39349
9.50444
9.1716
9.35651
9.39349
9.72633
9.43047
9.20858
9.35651
9.24556
9.50444
9.8003
9.5784
9.65237
9.87426
9.98521
12.574
12.0932
11.7604
11.9453
11.5754
11.3905
11.7973
11.5015
12.574
13.3506
12.6479
12.3891
12.7219
12.463
12.6109
12.426
12.5
15.3476
14.3491
15.0148
14.0163
14.0533
14.4601
13.7944
13.4246
14.571
14.2382
14.0533
13.3136
12.9068
13.0547
12.2041
11.6864
15.9024
14.3121
13.6464
13.4985
12.2411
11.7973
10.318
9.68935
10.466
9.83728
8.5429
8.50592
7.76627
7.5074
7.06361
6.6568
5.2145
4.28994
3.47633
3.3284
3.06953
3.25444
3.43935
3.5503
3.29142
3.03254
3.14349
2.73669
3.18047
3.69822
3.47633
3.18047
3.10651
3.3284
2.88462
2.99556
2.84763
2.55178
2.21893
2.10799
2.51479
3.40237
3.66124
3.73521
3.5503
3.36538
3.58728
3.77219
3.58728
3.69822
3.92012
4.06805
3.84615
3.88314
4.03107
3.9571
3.92012
3.88314
3.9571
3.73521
3.73521
4.10503
3.99408
3.77219
3.21746
3.25444
3.80917
3.66124
3.99408
3.99408
3.80917
4.10503
4.06805
3.92012
4.03107
3.9571
3.5503
3.51331
4.06805
4.36391
4.47485
4.25296
3.92012
3.92012
4.06805
3.9571
4.06805
3.80917
4.06805
4.25296
3.9571
4.14201
4.25296
4.17899
4.03107
4.36391
4.47485
4.65976
4.40089
4.69675
4.51183
4.54882
4.95562
4.65976
5.25148
5.95414
5.91716
5.73225
6.98964
6.17604
6.21302
6.76775
6.39793
6.91568
6.76775
6.84172
6.61982
6.58284
6.25
6.84172
6.69379
6.91568
7.06361
7.39645
7.87722
7.65533
7.58136
7.80325
7.13757
7.13757
6.76775
7.54438
8.02515
7.35947
8.02515
7.9142
8.61686
8.57988
8.57988
9.1716
9.46746
9.61538
10.1331
9.24556
8.72781
8.5429
8.02515
8.28402
7.80325
7.47041
7.13757
7.69231
7.39645
7.35947
8.17308
8.06213
8.09911
8.24704
8.17308
9.09763
8.87574
8.46893
8.5429
8.57988
8.02515
8.13609
8.28402
7.84024
8.39497
8.69083
8.98669
8.9497
8.83876
9.06065
9.8003
9.8003
10.392
10.2441
9.91124
10.0962
9.02367
8.87574
8.35799
8.72781
8.35799
8.35799
8.21006
8.17308
7.54438
7.98817
8.32101
8.17308
8.17308
7.87722
8.17308
7.87722
7.02663
7.43343
7.61834
8.39497
8.02515
8.21006
8.13609
8.65385
8.09911
8.39497
8.35799
9.02367
9.02367
8.98669
9.28254
9.09763
9.65237
8.72781
8.61686
9.09763
8.9497
9.31953
9.28254
9.43047
9.87426
9.39349
9.35651
9.72633
9.91124
9.94822
10.5769
10.2071
10.9467
9.68935
9.83728
10.9467
10.7618
11.5015
12.0932
12.5
13.3136
12.3151
13.1287
13.3506
13.0547
13.3876
13.4615
14.1642
14.8299
16.9749
18.5651
19.1198
19.6376
21.1169
21.8935
23.0399
23.6686
24.5932
13.7944
15.1997
15.6805
16.1243
16.4201
16.4571
16.1612
16.3462
10.9467
11.1317
11.6494
11.7234
12.0562
11.9083
12.1302
12.7589
19.9704
20.3033
20.4142
20.3033
21.3388
21.6716
21.2278
21.6346
22.5962
23.0399
23.1139
24.1124
24.4453
24.6672
24.6672
25.1849
23.4837
23.9645
24.2973
23.9645
24.2234
25.4438
25.3328
25.5917
28.1065
28.8831
28.4393
28.3654
29.2899
29.253
29.8447
29.5858
30.2515
30.4364
30.5843
30.2145
29.068
29.068
28.7352
27.9216
27.6257
32.1006
32.4334
32.1376
31.7678
30.8432
30.2515
30.8062
30.6953
36.4645
35.7249
35.466
34.9112
35.355
34.9482
34.8743
33.7278
34.9112
33.8388
34.0607
32.9512
33.6169
33.6908
33.9497
32.7293
35.6139
35.9837
35.429
35.1331
36.0947
35.0592
34.7263
34.6154
34.4305
33.8757
34.6524
33.8018
34.6154
33.8757
33.4689
33.8388
33.1361
36.0577
35.429
35.6509
34.8003
34.5414
33.8388
34.5784
34.0607
36.4275
36.9453
36.6124
36.5385
36.2796
36.8343
36.5754
35.7618
36.3536
36.9822
36.4275
36.6124
35.7618
35.318
35.5399
35.8728
37.3521
36.7234
37.6479
36.7604
35.7988
35.9098
36.0577
35.9837
36.6864
37.1672
36.9083
36.0207
36.3166
35.8728
35.6139
35.503
35.9837
35.503
35.6509
35.9467
34.7263
34.5414
33.395
32.4704
33.395
33.1731
32.5074
32.1746
32.1746
31.8417
31.8417
31.1021
30.1775
29.8077
28.5873
28.8831
27.9956
27.9956
26.7012
26.4053
27.182
27.8846
27.6997
26.6272
27.9956
26.8491
26.2574
25.1849
25.2589
25.3698
25.1479
25.5178
25.1849
24.8151
25.2959
25.2219
25.2959
25.8876
26.9231
26.3314
27.2559
26.6642
27.2559
27.5518
27.5888
26.9231
28.2914
26.997
27.9956
28.0695
27.9956
28.1805
29.0311
28.4024
30.5473
29.9926
31.324
31.5089
32.8402
33.5429
34.3565
34.1346
32.5444
32.8033
32.1376
31.3609
30.5843
30.6953
30.4364
30.3994
28.9201
30.0296
29.5858
29.6967
28.9941
28.6982
29.216
28.9941
30.2515
30.6953
30.8432
31.6568
31.9896
32.1006
32.7293
33.2101
32.5814
31.5459
30.6583
30.2515
29.3269
28.9201
29.068
28.2544
28.1435
27.9216
29.105
29.4009
29.5858
30.6583
30.7692
30.8432
30.8062
31.5459
31.8047
31.213
31.5828
31.6938
31.0281
31.1391
30.5843
29.3269
28.7352
28.6243
28.1065
28.5503
28.0695
28.2175
28.3284
29.8077
29.2899
30.4364
30.1036
30.9172
30.5473
31.324
31.1391
30.6213
30.9541
30.2145
30.8802
29.6228
29.068
28.5503
29.253
29.068
29.2899
28.2914
28.8462
28.5133
28.4393
27.8476
27.7737
28.4393
28.2544
29.3269
29.9926
30.3254
31.176
30.4734
31.1391
30.8432
29.8447
29.7707
29.5118
29.6228
28.8462
28.2175
27.4778
28.1805
27.2559
27.9586
27.2929
27.6257
27.2559
27.6257
28.1805
29.6598
29.8817
30.3254
31.287
31.5828
31.8417
32.3595
31.6568
31.5828
30.6953
29.5858
29.9926
29.4749
28.9941
28.2544
28.7352
28.7352
28.4393
28.2544
28.7352
28.1805
28.0695
28.7722
29.6228
29.216
29.8817
28.8462
28.7722
29.3639
29.5858
29.6228
29.3639
29.5488
28.5133
25.9246
25.9615
25.8506
25.9246
25.7766
26.0355
26.3314
26.7382
26.7751
26.5902
27.034
28.0325
27.9956
28.0325
28.5873
28.5503
28.7722
28.5873
28.1805
27.6997
27.145
26.3683
26.2204
26.0725
25.7396
25.8136
26.6642
26.2204
25.6657
26.1095
26.9231
26.4053
27.3669
27.4778
28.6612
28.8831
28.5503
28.2544
28.4024
28.3284
27.8476
27.4038
26.1834
26.4053
27.3669
26.3683
27.4408
26.7382
26.7751
26.4793
26.5902
27.145
26.9601
28.1805
27.5148
28.3654
28.5133
28.5503
29.5488
28.6612
28.6243
28.6243
28.4393
27.5148
26.9231
26.0355
26.2944
26.0355
24.6672
24.963
24.6302
24.4083
24.8521
24.4083
25.5547
26.2574
25.9246
25.5547
25.7766
25.074
25.4068
25.8506
26.2574
25.7396
26.7012
25.7396
24.8151
24.926
25.2219
24.1864
23.7056
23.2988
22.4852
21.8195
21.8195
21.0059
21.3018
20.5251
22.4852
22.4112
21.8565
21.1908
21.3388
29.068
28.4393
27.4778
21.1169
28.3654
27.7737
25.8876
24.8891
24.4083
23.3358
22.0044
23.8166
23.2618
22.0414
21.4497
20.895
20.0074
19.3047
18.75
18.2692
21.5607
21.1908
20.0444
19.9704
19.6376
18.9719
18.3432
17.1967
17.0858
15.8284
15.3107
14.9038
14.7929
14.0902
13.6834
13.0917
13.9793
13.3876
13.2027
12.9808
13.3136
13.3876
14.2751
14.1272
15.2737
15.0148
16.1243
16.642
17.7515
18.3802
17.9364
17.9364
18.1213
18.8609
19.4527
19.4527
20.1183
20.4512
20.821
21.1908
21.5237
22.2633
23.0769
19.7855
20.4882
21.7825
22.3373
23.2618
24.1864
23.3728
24.2234
24.7411
25.4438
25.9615
26.1834
25.8136
25.9985
24.5192
24.4083
24.0015
23.1509
23.3358
23.0399
22.6701
23.5947
23.1879
22.4482
22.5222
21.9305
22.2263
21.7086
21.9675
22.5962
22.2263
22.1893
22.1524
21.9305
21.5237
21.1169
20.821
21.1169
20.5991
20.784
24.5932
20.7101
20.3402
24.7411
20.3033
20.5991
21.0429
21.0059
21.0799
21.8565
22.1154
22.4112
23.0399
22.7811
23.0399
22.3743
21.7825
21.7086
21.3018
20.4512
25.4438
20.2663
25.2959
25.9246
20.4882
21.0429
22.1154
21.7825
23.3358
23.2988
24.1494
24.8521
25.7027
25.1849
25.037
25.2589
24.3713
24.2234
23.4098
22.5962
22.3003
22.5592
22.5592
21.8195
22.1893
22.0414
22.3003
22.1893
23.7796
23.7056
23.7796
23.9275
24.0754
23.7426
23.3728
23.6317
23.0769
23.1509
22.1893
21.8935
20.932
21.2278
26.5533
21.2648
20.1183
20.784
21.1908
21.3757
21.1908
21.2648
21.7086
21.7825
22.5222
22.6331
21.9305
21.4497
21.7086
21.9675
21.5237
21.8195
26.8121
21.2648
21.4497
25.9615
21.1908
26.1464
25.6657
25.2959
25.8506
25.7027
26.5533
27.071
26.4423
26.1464
21.4497
21.7086
21.8565
26.9601
27.4038
26.8861
26.5533
21.0429
26.5533
26.1464
24.8521
24.6672
24.3343
24.7041
24.1864
24.2604
24.5562
25.6287
25.2959
26.3683
21.1538
21.8935
22.1154
22.6331
22.5222
22.6701
21.7456
24.8521
24.8151
25
24.8151
24.5192
24.7781
24.0754
24.1494
25.074
20.7101
21.0429
21.4497
20.895
21.3757
21.4867
21.9305
21.3757
20.5621
20.747
21.1908
20.4512
20.4882
19.8964
20.2663
20.1553
25.1849
25.2219
20.9689
21.1908
20.5991
20.821
20.821
21.4127
21.4127
22.0784
21.7456
21.3388
21.3388
20.6731
21.3018
21.5237
21.5237
21.5607
20.9689
20.9689
20.6731
21.1169
20.6731
20.747
21.5237
20.7101
21.1169
20.821
21.2278
21.3757
22.0044
21.9675
21.7456
22.5592
22.4112
22.6331
23.2618
23.003
23.1879
23.8166
22.3003
22.0414
22.1524
21.8565
21.4497
20.821
21.0059
21.6346
22.1524
22.5592
22.7811
22.929
23.1139
23.1509
23.6317
23.8905
23.9275
23.4467
23.5207
23.1509
23.1139
21.6346
21.4497
20.4882
20.932
20.821
20.6731
21.0429
21.1538
21.0799
21.5976
21.2278
21.8565
22.2263
22.0784
22.5222
22.3743
22.5222
22.2633
22.3003
22.5592
21.8935
21.8935
21.5976
21.3018
21.2278
21.2278
21.0059
21.2648
21.3018
22.0414
22.5592
23.003
22.7811
22.892
23.3728
22.3003
23.2249
22.4482
22.3743
23.1879
21.1538
21.6716
21.4497
21.4127
21.6716
20.821
20.747
20.4882
20.6731
20.5621
19.8225
20.5621
20.0074
20.6731
20.6361
20.784
20.7101
20.5621
20.5251
20.1553
20.0074
19.7855
24.5192
24.4453
24.3343
23.6317
23.9275
24.0015
24.4083
19.3417
19.7115
20.0814
20.5251
20.2293
20.747
20.1553
19.8964
19.9704
19.6006
24.1864
24.5932
24.1864
23.5577
23.1509
23.1879
23.5947
23.4467
23.5207
23.6317
23.8166
19.7485
19.3787
19.0089
19.7855
20.0444
19.9704
20.0814
20.1553
19.5266
20.4142
20.2293
20.2293
20.4882
20.3402
19.9334
20.3033
19.8225
20.3402
19.9334
20.0074
20.6731
20.5621
21.3757
21.7456
21.4867
21.8935
21.8195
21.3757
21.6346
20.5991
21.6716
21.1538
20.6361
20.932
20.2293
19.7855
20.4512
20.5991
20.5251
19.8964
20.1183
19.3417
19.0459
19.2308
19.9334
19.9334
19.8964
20.1183
19.5636
19.6746
20.0814
19.9334
20.3033
20.4882
20.3772
19.7855
19.8964
19.7855
19.6746
19.5266
24.8891
18.9349
25.3328
19.1568
19.2678
19.1938
19.4157
19.6746
19.5266
24.6302
24.4083
24.5562
19.6746
19.3047
19.7115
19.3417
19.4157
24.3343
24.0015
23.8536
23.7056
23.8905
24.1864
19.2678
19.6376
20.1553
20.0444
19.6746
20.2663
20.2293
20.784
20.821
20.858
20.9689
20.4512
20.1553
20.5251
20.0444
20.0074
20.2663
19.6746
24.963
19.1568
19.9704
20.5251
19.8225
20.5621
20.3033
20.5621
21.0059
21.3018
21.5607
22.3743
21.5976
21.9305
22.5962
21.8565
22.3743
22.7441
22.2263
22.3743
22.7071
22.3003
21.1908
21.6716
22.2633
21.7825
21.8565
22.0414
21.9675
21.1538
21.2648
21.4497
21.3018
21.0799
20.7101
25.4808
24.963
24.4453
24.6302
23.5947
23.4467
23.0769
22.3743
21.8195
22.1893
22.1893
22.1893
22.7071
22.4482
22.6331
22.5222
22.4112
22.5962
22.4112
22.5222
22.4852
22.4482
22.5592
22.7441
22.4112
22.7811
23.003
19.1938
19.0828
19.0828
19.6746
19.9334
20.4882
21.1169
21.0799
20.747
20.5621
20.895
21.1538
21.5976
21.5976
21.4127
21.3388
21.2278
20.7101
20.858
20.932
21.0429
21.1538
22.0784
22.818
22.892
22.4482
22.855
22.5222
23.2249
23.2988
23.4098
22.929
23.6317
22.818
22.5962
22.7441
22.4482
22.7071
22.4482
22.7811
22.6701
21.3757
21.6346
21.0059
24.0385
23.0769
21.8195
20.858
20.1553
19.2678
18.4541
17.3447
16.7899
16.0873
15.9763
15.1257
14.1272
13.2027
11.5015
10.2441
8.28402
7.13757
7.84024
6.80473
5.80621
4.17899
3.47633
2.95858
2.58876
1.92308
2.58876
2.32988
2.36686
1.22041
1.36834
0.739645
0.776627
0.480769
0.850592
0.850592
0.961538
1.0355
0.924556
1.18343
0.776627
0.776627
0.628698
0.517751
0.443787
0.369822
0.33284
0.369822
0.406805
0.406805
0.369822
0.221893
0.221893
0.221893
0.295858
0.221893
0.221893
0.221893
0.33284
0.443787
0.517751
0.443787
0.480769
0.443787
0.443787
0.517751
0.517751
0.591716
0.591716
0.591716
0.554734
0.517751
0.554734
0.480769
0.702663
0.517751
0.554734
0.739645
0.628698
0.66568
0.628698
0.591716
0.369822
0.295858
0.184911
0.258876
0.258876
0.184911
0.443787
0.221893
0.221893
0.369822
0.221893
0.443787
0.443787
0.258876
0.33284
0.221893
0.406805
0.554734
0.554734
0.406805
0.33284
0.258876
0.221893
0.258876
0.110947
0.147929
0.147929
0.0369822
0.0369822
0.0369822
0
0.0369822
0.0369822
0.0369822
0.0369822
0.0739645
0.0369822
0.0369822
0.0369822
0.0739645
0.0739645
0.0369822
0.0369822
0.0369822
0.0739645
0.0739645
0.0369822
0.0739645
0.0739645
0.0739645
0.0739645
0.0739645
0.0739645
0.110947
0.147929
0.147929
0.110947
0.110947
0.110947
0.221893
0.147929
0.147929
0.184911
0.295858
0.221893
0.147929
0.184911
0.33284
0.369822
0.258876
0.369822
0.221893
0.221893
0.258876
0.369822
0.480769
0.480769
0.480769
0.591716
0.776627
0.887574
0.924556
1.14645
1.18343
1.40533
1.55325
1.62722
1.99704
1.96006
2.03402
2.21893
2.44083
2.77367
3.14349
3.62426
3.69822
4.21598
3.92012
3.9571
4.62278
4.84467
5.28846
7.5074
9.20858
11.3166
12.7219
13.9053
14.682
34.5784
35.6139
34.3565
34.5414
34.3935
34.2456
33.8018
24.4453
20.858
20.3033
20.7101
21.6716
20.9689
21.8195
21.8195
21.3757
21.5976
21.8935
22.0784
22.0044
22.3743
22.6701
22.966
22.892
23.0399
22.966
22.892
22.6701
22.7811
21.9675
22.3003
22.7441
23.0769
23.6317
23.7056
23.3358
23.2249
22.929
23.2988
22.6331
22.7811
21.1538
20.4512
20.2293
19.2308
19.5636
19.4896
19.2308
18.4172
20.1923
20.4882
20.2293
21.3388
22.0784
22.966
22.966
22.818
23.7056
23.7426
23.9645
23.9645
24.0754
23.9645
23.2249
23.1139
21.8565
20.784
20.3033
19.9334
20.1553
20.3033
20.895
21.8195
23.4467
23.8536
23.1879
21.5976
21.0059
20.0444
19.6006
20.4512
20.4142
20.5251
20.2293
20.4142
20.2293
20.5991
20.6361
21.2648
22.1893
23.2249
23.1509
23.7426
24.2234
23.9275
23.3358
23.2988
23.0769
21.7456
21.7456
21.0799
21.2648
20.7101
20.821
20.4512
20.2663
19.7855
19.6746
20.5621
20.2663
20.1923
20.4512
20.4882
20.4882
20.4882
19.6746
20.3772
20.6361
21.1538
20.3772
20.895
20.6731
21.4497
21.6346
22.3743
21.8935
22.3743
21.9305
22.1154
22.0044
20.9689
21.0059
20.7101
21.3757
21.3757
21.8935
22.0044
21.6716
21.8935
21.7086
21.5976
21.4497
21.4497
21.6346
22.3003
21.7456
21.3757
21.2648
20.895
21.3388
21.3388
20.821
21.1169
22.1893
21.3018
22.3003
21.8195
21.1169
21.9675
21.2648
21.5237
21.6346
22.1154
21.4497
22.1893
22.6701
22.4482
22.1524
22.6701
22.3003
22.4482
21.9675
22.0784
22.0044
21.9305
22.1524
22.5962
22.3003
22.5592
21.7825
22.3373
22.7811
23.003
22.4112
22.5592
23.1139
22.6701
23.5207
23.4467
23.0399
23.3358
22.892
22.966
23.003
22.966
23.5947
23.1879
23.3728
24.4453
24.2604
24.0754
23.7796
24.2234
23.9275
24.0754
24.4822
24.7781
25.074
24.8151
25.037
24.8521
25.3328
24.926
25.074
25.2589
25
25.2219
25.5178
25.3698
25.4438
25.8136
25.4068
25.6287
25.4068
25.5178
25.1849
25.5178
24.7411
24.3713
24.8891
24.6672
24.7041
24.926
24.8891
24.7411
24.926
24.5192
25.6657
25.7766
25.5178
25.2219
25.3698
25.7766
25.9985
26.4423
27.108
27.7737
27.145
27.5148
28.0695
27.9586
28.2544
28.0325
27.034
27.3669
26.7012
26.7751
26.8861
26.4053
27.034
26.9601
26.9231
27.6257
27.145
26.5533
26.6272
26.5163
26.3683
26.9601
26.8861
26.4423
26.7751
26.8861
26.7382
27.2559
27.4778
27.3299
27.2189
26.5533
26.7012
27.5148
26.5533
26.2944
26.7751
26.6642
26.5163
26.997
27.071
27.071
27.2559
26.4423
26.8491
27.2559
27.3299
26.8491
27.182
27.108
26.9601
26.4423
26.9601
26.2944
26.3314
27.3669
26.8121
27.145
27.034
27.3669
27.2189
27.2559
27.7737
27.2929
27.3299
27.6627
28.1805
27.8476
27.7367
27.8476
27.8846
27.7367
27.8476
28.0325
27.6627
27.9586
28.4393
21.6346
28.2175
22.3373
22.6331
22.0784
22.892
21.9675
22.4482
22.2633
22.2263
22.4482
22.6701
21.0799
21.5237
21.5237
27.4408
21.7456
22.2633
21.8195
22.1154
22.1154
22.0784
22.0784
23.003
22.855
22.3743
22.929
22.1154
22.4112
22.929
22.5222
23.1509
22.855
22.6701
22.5222
22.966
22.0044
22.0414
21.8565
22.1154
22.3003
23.0769
22.966
23.6317
23.4098
23.2618
24.0754
22.7071
23.1139
23.1509
23.1879
22.892
22.855
22.3743
21.8935
22.818
22.3003
29.6598
23.2249
22.818
22.4852
23.003
22.5592
23.4837
22.3743
23.3728
23.2249
23.6686
22.3743
22.6701
23.2249
22.5222
23.3728
23.4467
23.7056
23.8905
23.1879
23.4467
23.7426
23.1879
22.7441
22.966
22.5222
23.3728
22.929
23.6686
23.8166
23.9275
23.2988
23.4098
23.4098
23.1509
23.6317
23.2249
23.1139
23.2249
22.855
28.9941
28.7722
22.4482
28.8831
28.8462
28.6243
29.179
28.6612
28.4393
28.6612
28.6982
28.8831
28.5873
28.6612
28.5133
28.9571
29.142
29.4009
29.179
29.4009
28.9571
29.142
29.105
28.7352
28.8831
22.7811
22.855
29.5488
22.855
23.3358
23.1509
23.0769
24.0015
23.7426
23.7796
24.0015
24.0015
23.5947
23.1509
23.3358
23.0399
24.1494
24.0385
23.3728
24.1124
24.4822
24.6672
25.3328
25.4438
25.1849
25.1849
24.926
24.7411
25.1109
25.3698
25.5547
25.3698
25.2589
24.5562
24.6302
24.7781
24.1494
25.2589
25.2959
25.1109
24.6302
24.5192
25.2589
25.037
25.2219
25.6657
25.6657
25.9246
25.7027
26.1834
25.7396
25.8136
25.5917
25.8876
25.7396
25.1109
25.2589
26.3314
26.5902
25.7396
26.6642
26.2204
26.7751
27.034
27.034
26.2204
26.7751
26.5902
26.9601
26.4423
26.997
26.9601
27.2189
26.9231
26.8121
27.071
26.6642
26.1095
25.5178
26.4053
26.7012
27.182
27.2559
27.2559
27.9216
27.145
27.4408
26.7382
26.997
27.4408
28.2544
27.8107
28.6243
27.8107
27.8846
27.7737
27.5518
27.2189
27.3299
26.997
26.6642
26.8491
26.3314
26.8491
26.8861
26.4423
25.9615
25.7396
25
25.7766
26.2204
25.1479
24.5192
25.2589
24.6302
24.5562
24.8521
24.3713
24.2234
23.8536
23.9645
24.1864
24.5932
24.6672
25.5178
25.7396
25.9246
26.3683
26.0355
26.8121
27.2929
27.8476
28.4393
29.3269
27.4408
28.0325
28.3654
27.5518
27.8846
27.9956
28.6243
28.4024
28.7352
28.9941
28.5133
28.7722
28.5503
28.2544
29.3269
29.179
29.0311
28.6243
28.7722
29.105
29.2899
29.4379
29.253
29.8077
29.6228
29.4009
28.8831
28.4393
28.2175
29.4009
29.105
29.8447
30.1775
30.6213
30.4364
30.3624
30.9172
30.4364
30.2145
31.0651
31.3609
31.5828
32.2855
31.6198
30.8062
31.4719
30.4734
31.0651
30.4734
30.2145
30.5473
30.1775
30.2145
29.4749
29.4379
30.3254
30.1405
30.3994
30.3994
30.2515
30.4734
29.9926
30.5473
30.2145
30.8062
29.8817
29.6228
30.1405
29.7707
30.5473
30.5473
30.4364
30.1405
30.6213
29.5488
29.068
28.8831
29.068
28.5503
28.7352
29.216
28.8462
29.3639
28.6982
28.5133
28.1805
28.5873
28.0695
27.6997
27.6627
26.8121
26.6272
26.7751
26.9231
26.9601
26.5902
27.034
26.5902
26.4793
26.7382
25.6657
25.9246
25.6287
25.3698
25.5917
26.1095
26.4423
26.1464
25.4068
25.2219
26.0355
26.4053
25.7027
25.9615
26.2944
26.2944
25.4068
25.1109
25.4068
24.963
25.5917
24.7781
24.5932
25.2219
25.5547
26.2204
25.7766
25.8506
25.3328
25.1109
25.6657
25.5178
26.1095
25.1849
25.7027
25.5178
25.2219
26.3683
25.7027
25.9615
25.9246
26.1834
25.8506
26.6642
26.8861
26.3683
27.4038
27.145
28.0325
28.4024
28.2175
29.0311
29.4379
28.9571
28.2914
29.142
28.3284
28.9941
28.7722
29.142
28.2914
30.0296
29.5858
29.4379
28.8831
29.142
27.8476
28.8831
28.6612
28.5133
27.7367
27.5518
27.2559
27.3669
26.8861
26.7012
26.4793
25.9615
27.034
26.3314
27.3299
27.034
27.2929
27.2189
26.5533
27.034
27.071
27.2929
27.108
27.9956
28.0325
27.6997
28.1065
28.3654
28.2544
28.5873
32.8402
32.5074
32.4704
32.9512
32.7293
32.6553
33.0621
33.7278
33.9867
37.0562
36.2426
36.9453
36.5015
36.6494
36.6124
36.6124
36.5385
37.2411
38.0178
37.426
38.1657
36.7973
37.0562
37.3891
37.463
38.3506
38.9053
39.1272
39.3491
38.9053
39.682
39.2012
39.534
39.497
39.645
39.608
39.3491
39.7189
39.1642
38.7944
39.8669
39.0902
39.608
39.4601
39.0902
39.1272
40.3107
40.5325
39.8299
32.3964
40.3107
40.0518
40.7914
40.6435
40.5695
40.5325
40.5695
40.9024
41.4941
40.8654
41.1243
40.1627
40.2367
40.5325
41.1612
40.4216
39.3861
39.2382
40.1257
39.2382
39.1642
39.534
40.4216
40.0518
40.6435
41.0503
40.8654
40.8654
41.1982
40.4956
41.1982
40.8654
41.716
41.1243
40.9393
42.0858
41.9379
41.8639
42.3447
42.1967
41.8639
41.8639
42.4926
42.8254
43.8979
42.8254
43.0104
44.8595
44.4157
44.6376
34.1716
34.8003
35.0962
34.5784
35.8358
36.0947
36.1317
35.9837
36.9453
35.8728
36.0577
36.2426
36.8713
35.9837
36.7604
37.574
36.9453
36.8713
36.1317
35.8728
35.8728
36.1317
35.0592
36.5385
36.0577
36.7973
36.5385
35.8728
35.9098
34.9852
34.0607
34.3565
34.6524
33.7648
33.8757
35.2811
34.2456
34.2825
35.318
35.466
35.318
35.2811
34.7633
34.2456
33.284
33.8757
32.9882
41.753
33.284
32.9512
32.9882
32.4704
41.3092
31.9527
33.0621
33.284
41.2352
32.6923
32.9142
31.9527
41.7899
40.9763
41.0133
40.5325
40.4956
39.9038
39.608
39.8299
31.5089
32.8402
32.8402
31.7308
39.645
39.7189
38.8314
38.6464
38.0178
38.1287
38.0917
38.0917
36.9453
37.3151
37.0562
37.7589
36.5015
38.0917
38.9423
38.9793
40.0888
39.7929
32.1376
31.5459
32.2115
30.9911
31.8047
39.497
39.645
39.0163
38.0178
37.1302
37.3521
37.7959
37.537
36.6124
36.5015
35.5769
37.0932
37.537
36.2426
37.2411
36.9083
37.6479
37.2781
37.3151
37.0192
35.7618
36.3905
35.8728
35.8358
35.8358
35.9467
37.0932
37.9808
36.6864
35.9098
35.7249
35.0962
35.503
36.1317
36.6124
37.8328
38.6464
37.8328
38.0178
38.0917
38.6095
38.4985
38.1287
38.8314
38.1657
37.6479
38.0917
37.6109
36.8713
36.6864
35.9467
35.8728
34.6893
35.466
36.3536
35.5399
36.3905
36.4275
36.1317
37.7959
36.7604
37.5
36.7604
35.6879
35.6509
35.6509
33.7278
32.0636
31.8787
31.9527
32.2855
32.9512
32.8033
31.9527
32.5074
33.0991
34.0237
34.3195
34.2086
34.3195
34.2825
33.8018
34.0607
34.4305
33.9127
33.7278
33.7278
32.8402
32.3595
31.7308
31.8787
31.213
30.3994
30.2145
29.6967
30.1405
29.6598
30.0666
32.3225
32.9882
33.9127
33.0991
34.3565
34.8003
35.503
36.1686
35.5769
35.7618
34.3935
34.5414
34.3935
33.6908
33.5059
32.6183
32.4704
32.1006
32.5444
32.3595
32.1746
32.1376
31.9527
32.8402
32.6923
32.8033
35.1701
34.8743
34.5044
34.1716
35.2811
33.9127
33.284
34.0607
33.321
33.5059
32.2855
33.321
32.3964
33.1361
32.9142
32.6183
32.4334
33.8018
33.5059
34.5044
34.9112
34.9852
34.7263
34.5414
35.318
34.8743
34.5414
34.4675
34.7263
34.4305
33.9867
33.7278
33.321
33.5799
32.6923
32.5814
32.0266
31.3609
31.7308
32.0636
32.6553
34.1346
34.5044
34.9112
34.7263
36.1686
34.9482
35.5399
34.9112
34.5414
35.466
35.6509
33.9867
33.5799
32.9882
32.0266
31.7308
31.5828
31.7678
29.7707
30.5473
30.7322
30.8802
30.6213
31.5828
32.1376
31.7308
33.1731
34.5044
34.0237
33.8757
33.6538
34.7263
34.3195
35.5769
34.8743
32.7663
32.5074
31.7308
31.0281
30.8432
31.324
31.4719
31.6568
31.6568
32.2855
31.3609
31.9157
31.8787
32.5074
33.6169
33.6908
34.5414
34.3195
34.3565
33.8388
34.4305
34.2456
33.4689
32.2485
32.9882
33.358
33.321
33.2101
32.9882
33.247
33.284
32.9512
33.9497
34.5044
33.5429
34.0237
34.7263
34.9112
35.6139
36.3536
36.6494
38.1287
36.8713
36.6124
37.6109
37.0932
36.5754
34.8003
35.0222
34.8003
33.9867
34.8373
34.6154
34.6893
33.7648
34.7263
35.6139
35.466
36.2056
35.7618
36.3905
36.7604
37.6849
35.6879
35.466
35.6879
36.6494
34.9482
34.6893
34.5044
33.8388
34.8373
34.7633
34.1716
34.3195
34.4675
34.2086
35.1701
34.6524
34.7263
35.466
35.8358
35.8358
36.5015
35.466
36.7604
37.6849
36.8713
35.9098
35.9098
35.9467
34.9852
34.8373
34.0237
34.5414
34.0607
33.9867
33.0621
33.9497
33.4689
32.7663
32.6923
33.5799
33.0251
34.2086
34.6893
35.2811
35.7618
36.0207
36.6124
36.6864
35.7618
35.7618
34.7263
34.8743
34.6154
33.8018
34.2086
34.0607
33.6538
33.8388
33.7648
33.8757
34.1716
33.9867
34.2825
34.9482
34.6524
35.429
34.3565
34.4675
34.9852
34.9852
33.9497
34.0237
33.9867
33.9127
31.8417
32.2855
32.2855
32.5444
31.5089
32.1006
31.8417
32.9142
31.9896
32.3225
32.6923
32.8033
33.0621
33.1731
32.9142
33.6538
32.7293
31.5089
31.4349
29.9556
30.5473
29.6967
29.142
29.4749
29.216
28.8831
29.0311
28.7352
29.5488
28.9941
29.068
29.4749
29.5118
30.0666
29.6598
30.5843
30.6213
30.8802
29.8817
30.6213
29.9556
30.0296
30.1405
30.1036
29.5858
29.4009
30.5473
30.5104
31.176
32.2485
30.9911
32.4704
32.8402
33.8757
33.8388
35.6879
36.2426
36.2056
37.2041
36.7973
37.0192
37.6109
38.2027
38.1287
38.5355
38.3136
38.5725
38.4615
39.571
39.4601
39.1642
38.2027
37.9808
37.9438
37.6109
36.9822
36.1317
37.0192
37.0192
37.0562
37.3891
37.0932
35.9467
35.9467
35.318
35.8728
35.6879
36.3905
35.5399
35.355
33.9127
34.2456
33.284
32.8033
33.321
33.284
33.0251
34.0607
33.8757
33.6538
33.9127
33.6908
34.8373
34.8743
34.0976
33.6169
32.5814
33.5429
32.5074
32.2855
32.4334
31.8047
31.5828
31.213
30.5104
31.324
30.1775
30.5843
30.3994
30.9172
30.2145
30.6213
30.0666
30.0666
30.3994
30.1405
29.6228
29.6228
29.216
29.142
28.9941
27.8476
26.997
26.2204
26.5902
26.7012
26.4793
26.4423
25.1849
27.6997
27.5148
26.9601
26.8121
26.997
27.2559
26.4423
26.3683
27.071
26.6642
26.9601
26.8861
25.9615
26.4053
24.6302
24.7781
25.3698
25.4438
24.5562
24.926
24.7411
24.2973
23.5577
22.818
33.0991
22.7071
32.7663
32.1746
31.8787
30.2515
30.8062
29.3639
28.9571
25.8506
24.4822
23.9645
22.3743
22.0784
20.784
19.8964
18.8609
17.6036
15.3107
13.8683
12.1302
9.5784
9.83728
9.02367
8.5429
8.50592
7.95118
8.06213
7.43343
7.69231
7.17456
7.02663
7.43343
7.54438
7.69231
7.61834
7.76627
7.13757
6.76775
6.91568
7.17456
7.5074
6.95266
6.98964
6.76775
7.13757
6.73077
6.54586
6.84172
6.76775
7.39645
7.13757
7.06361
6.54586
6.69379
7.06361
6.69379
6.73077
6.61982
6.02811
5.65828
5.54734
5.06657
5.02959
4.88166
5.02959
4.65976
4.40089
4.43787
3.92012
3.73521
3.18047
3.18047
2.6997
4.10503
4.36391
4.06805
4.47485
4.36391
4.65976
4.47485
4.14201
4.06805
4.40089
4.21598
4.21598
3.9571
3.88314
4.28994
3.9571
4.03107
5.8432
5.69527
5.32544
5.28846
5.58432
6.17604
6.39793
6.58284
9.43047
9.72633
10.0962
9.8003
9.76331
10.0222
9.83728
9.39349
11.9822
11.1686
11.0577
10.6139
10.1701
10.0222
9.8003
8.9497
10.355
9.98521
10.2441
10.466
10.1331
10.0962
9.94822
9.46746
10.1701
10.5769
10.5769
10.9467
10.5769
10.9837
10.1701
8.91272
8.91272
8.06213
7.80325
7.02663
7.47041
7.13757
7.43343
7.24852
7.06361
7.06361
6.76775
7.35947
6.6568
6.8787
7.10059
7.21154
7.54438
6.61982
6.61982
6.50888
6.61982
6.21302
6.32396
6.47189
6.25
5.47337
5.2145
5.65828
6.17604
5.80621
6.39793
5.88018
6.32396
5.95414
5.88018
5.73225
5.47337
5.65828
5.2145
5.39941
5.28846
4.40089
4.03107
4.21598
3.92012
3.99408
3.99408
3.88314
3.69822
3.51331
3.29142
3.10651
3.10651
3.58728
3.5503
3.43935
3.88314
3.5503
3.80917
3.51331
3.18047
2.81065
2.47781
2.47781
2.47781
2.77367
3.9571
3.84615
4.14201
4.25296
3.88314
4.06805
3.88314
3.77219
4.10503
4.03107
4.21598
4.51183
4.32692
4.69675
4.47485
4.54882
4.51183
4.84467
4.54882
4.65976
4.5858
4.47485
4.54882
4.80769
4.88166
4.84467
5.02959
4.91864
5.2145
5.39941
4.88166
5.2145
4.88166
4.84467
4.43787
4.77071
4.91864
4.9926
5.28846
5.10355
5.10355
5.02959
4.88166
4.77071
5.25148
5.25148
5.43639
5.43639
5.6213
5.32544
5.54734
5.88018
5.80621
6.21302
6.36095
5.95414
6.39793
5.8432
6.43491
6.50888
6.80473
6.95266
7.39645
8.06213
8.87574
8.28402
9.35651
9.94822
10.8358
11.1686
11.6864
12.5
13.3136
10.6139
11.3905
11.5015
11.5385
12.1672
12.5
12.5
13.2396
13.7944
10.429
10.9837
10.9098
11.3905
11.0207
11.5015
11.6864
11.7604
9.91124
10.7249
11.9083
11.8713
12.2781
12.7219
12.426
12.6479
10.2441
11.6864
12.1302
12.8698
13.1287
14.534
14.0902
14.3861
17.0858
17.9734
18.8609
18.0843
17.3817
17.4186
17.0488
16.9009
23.5207
23.5947
22.892
23.8166
22.4112
23.5207
23.1509
23.1139
22.5222
16.5311
17.6405
17.4926
16.753
16.716
15.6805
16.0503
14.9408
8.91272
8.57988
8.09911
7.95118
7.95118
7.54438
7.06361
7.9142
4.95562
5.36243
5.54734
5.54734
5.32544
5.36243
5.88018
5.69527
4.77071
4.91864
4.88166
4.9926
4.91864
4.73373
4.73373
4.62278
6.58284
6.50888
6.13905
6.43491
6.06509
6.13905
5.8432
6.13905
15.7914
15.5325
15.3476
14.7559
14.571
14.0902
14.2751
13.2027
12.9808
12.8328
12.6479
12.463
13.2766
13.7944
14.3121
14.0902
13.9793
8.21006
7.72929
7.39645
7.32249
7.06361
7.02663
6.61982
6.28698
5.43639
5.8432
5.6213
5.43639
5.28846
5.06657
4.84467
4.5858
8.13609
7.69231
8.09911
7.95118
8.35799
7.54438
8.06213
7.98817
6.6568
6.84172
6.6568
7.54438
7.24852
7.35947
7.47041
7.2855
4.77071
5.02959
4.69675
5.02959
4.65976
5.02959
4.91864
4.9926
4.91864
5.47337
5.17751
5.25148
5.2145
5.51036
5.36243
5.51036
5.69527
6.6568
6.10207
6.73077
7.02663
6.95266
6.76775
7.76627
7.58136
10.0222
10.2441
10.0592
9.98521
10.1331
11.0947
10.5769
11.2796
10.1331
10.429
10.2441
10.466
10.7249
11.0207
10.5399
11.0947
10.6509
10.7988
10.9837
10.7249
10.7988
10.318
10.7988
10.1331
9.83728
10.8358
10.355
10.7618
10.6879
10.9098
10.466
9.68935
10.0222
15.6435
14.7559
14.534
13.8314
14.0163
13.4615
13.7944
13.3506
10.8728
11.3536
10.8358
10.6879
11.2796
11.5754
11.8713
11.8713
18.0843
17.5296
18.2322
18.1213
18.0473
18.5281
17.9364
19.2308
32.6553
33.0991
33.7648
36.3166
35.7618
35.0222
33.6538
33.6908
27.182
27.2929
27.3299
26.4423
24.8891
23.9645
22.7441
22.2263
22.5592
20.0814
22.0044
23.6317
23.8536
24.0385
24.0385
24.5562
23.4837
5.69527
5.76923
5.99112
5.65828
5.58432
5.58432
5.73225
5.47337
4.95562
5.58432
5.65828
5.28846
5.28846
4.88166
5.10355
5.36243
7.2855
6.91568
6.84172
6.95266
6.84172
6.84172
6.91568
6.80473
9.02367
8.32101
8.65385
9.35651
8.87574
8.50592
8.57988
8.69083
8.9497
9.43047
9.54142
9.65237
9.06065
8.69083
8.5429
9.02367
8.76479
8.46893
8.32101
8.13609
7.76627
7.69231
7.61834
7.39645
7.43343
6.95266
6.17604
6.6568
6.50888
6.21302
6.21302
6.76775
5.99112
7.2855
7.58136
7.54438
7.39645
7.13757
6.95266
7.06361
7.84024
8.46893
8.98669
8.43195
8.91272
8.9497
8.87574
9.54142
10.5399
5.91716
5.99112
6.54586
6.73077
7.13757
6.58284
6.95266
6.73077
7.02663
5.36243
5.47337
5.32544
4.91864
5.36243
4.84467
5.25148
5.28846
9.54142
9.43047
8.83876
8.43195
8.46893
8.72781
8.43195
7.80325
15.2367
13.8683
14.3491
14.0902
12.537
12.8328
12.463
11.9822
9.61538
9.43047
8.83876
9.09763
8.17308
8.50592
8.21006
7.65533
4.80769
4.73373
4.40089
4.36391
4.32692
4.21598
4.03107
4.17899
4.88166
4.54882
4.5858
4.32692
4.54882
4.73373
4.47485
4.36391
4.36391
7.72929
7.43343
7.06361
7.13757
6.98964
7.47041
8.06213
8.57988
8.61686
8.5429
9.8003
10.2441
9.76331
10.0962
11.5015
11.4645
7.65533
7.61834
7.2855
6.6568
6.76775
6.73077
5.54734
5.58432
5.99112
5.28846
5.43639
5.43639
5.47337
5.58432
5.69527
5.8432
5.65828
5.8432
6.17604
6.32396
6.91568
6.43491
6.36095
6.54586
6.10207
5.95414
5.28846
5.14053
4.5858
4.14201
4.5858
5.36243
5.32544
4.88166
5.28846
4.91864
5.06657
4.9926
5.43639
5.43639
4.9926
4.62278
4.95562
4.77071
4.88166
4.77071
4.95562
4.47485
4.54882
7.2855
7.10059
6.69379
7.13757
6.98964
6.98964
6.61982
6.91568
11.3536
10.9098
10.6139
10.8728
11.8713
13.2027
14.497
14.534
5.32544
5.2145
5.17751
5.54734
4.91864
5.10355
5.25148
4.91864
5.32544
5.06657
5.32544
5.54734
5.36243
5.6213
5.95414
5.54734
5.91716
10.7618
9.98521
9.76331
9.35651
9.68935
9.94822
9.61538
9.13462
9.72633
9.91124
9.1716
9.54142
9.68935
9.61538
9.24556
9.39349
4.65976
4.73373
5.06657
4.77071
4.77071
5.02959
5.2145
4.9926
6.25
6.13905
6.36095
6.32396
5.80621
5.54734
6.10207
5.54734
17.1967
17.7885
17.8994
18.9349
19.4527
22.2263
22.0414
22.818
23.6317
14.645
14.571
13.7944
13.5725
13.0547
12.7219
12.1672
11.5015
11.4275
11.6494
11.4645
11.8713
11.7973
11.9453
11.6494
11.8343
7.58136
7.54438
7.06361
7.58136
7.76627
7.39645
6.6568
6.98964
7.35947
6.76775
6.98964
7.32249
6.98964
7.17456
7.43343
7.54438
6.54586
6.80473
6.84172
6.6568
7.13757
6.69379
6.39793
6.58284
7.65533
7.5074
7.39645
7.02663
7.2855
7.32249
7.54438
7.47041
7.35947
6.6568
6.47189
6.47189
6.58284
6.98964
6.95266
6.95266
6.91568
6.84172
6.13905
6.32396
6.32396
6.06509
6.02811
6.25
6.76775
7.32249
7.32249
7.80325
8.21006
8.46893
8.02515
8.24704
7.76627
8.9497
8.5429
8.32101
8.57988
8.57988
7.2855
7.76627
7.87722
7.24852
7.80325
7.69231
7.5074
7.2855
7.54438
7.32249
7.72929
7.58136
6.36095
6.39793
6.13905
6.32396
6.50888
6.21302
6.13905
6.32396
6.95266
7.35947
7.02663
7.10059
6.91568
6.69379
6.69379
6.43491
6.47189
6.80473
6.91568
6.80473
6.61982
6.61982
6.54586
6.73077
6.73077
6.50888
6.91568
6.91568
6.69379
6.17604
6.47189
6.58284
6.61982
6.17604
6.47189
6.43491
6.32396
6.73077
6.73077
6.47189
6.50888
6.47189
6.32396
6.58284
6.36095
6.36095
6.80473
6.6568
7.13757
7.35947
7.54438
7.54438
7.95118
7.54438
7.61834
7.9142
8.06213
8.28402
8.02515
8.72781
8.21006
7.2855
7.9142
7.32249
7.32249
7.24852
7.39645
7.17456
6.8787
7.06361
7.17456
7.06361
7.5074
6.84172
6.84172
6.47189
7.02663
7.2855
7.06361
7.43343
7.21154
6.91568
7.43343
7.47041
7.76627
8.32101
8.43195
8.50592
8.43195
8.35799
8.72781
9.02367
8.5429
8.46893
8.80178
8.61686
8.5429
8.69083
6.91568
6.84172
7.32249
6.76775
6.28698
6.6568
6.25
6.54586
5.91716
5.54734
5.39941
5.47337
5.6213
5.65828
5.95414
5.54734
5.8432
6.17604
5.99112
5.88018
5.95414
5.80621
5.69527
5.69527
6.13905
6.54586
6.36095
6.25
6.39793
6.73077
6.6568
6.13905
5.8432
5.95414
5.8432
6.02811
6.02811
5.99112
6.25
6.17604
6.36095
6.21302
6.06509
6.28698
6.25
6.28698
6.32396
6.32396
6.25
6.13905
6.6568
6.39793
6.25
6.43491
6.39793
6.54586
6.17604
6.28698
6.36095