116.29
114.628
111.125
110.275
113.803
113.696
109.006
111.21
113.973
113.22
113.48
112.556
116.746
116.723
120.418
117.751
114.65
112.824
113.954
112.762
111.6
108.302
104.004
98.9207
97.0989
91.6486
91.627
89.411
91.4226
91.0092
91.8325
94.1144
99.069
104.147
108.738
115.97
116.709
116.545
119.262
122.899
116.431
115.302
112.016
111.383
111.266
113.851
117.545
119.19
114.645
113.959
111.731
109.157
100.231
98.5718
92.0485
94.0882
91.6109
91.2572
90.7224
93.2791
94.5895
97.4257
100.707
99.5791
101.774
109.718
113.249
114.744
114.228
121.742
122.213
118.861
114.54
109.817
110.823
117.136
118.808
118.798
111.646
110.455
109.219
102.894
102.288
97.6407
95.1882
95.802
94.7561
89.7168
88.798
85.6118
90.8328
94.6043
95.8374
93.2209
97.247
101.686
102.501
107.628
111.809
116.408
118.365
121.823
118.765
112.815
110.014
108.722
113.494
116.613
117.858
116.899
113.286
111.456
104.649
102.906
99.4234
95.0301
94.2856
94.4111
92.4855
90.082
90.2378
89.6391
97.19
97.7573
100.417
100.451
101.754
106.518
107.68
108.531
110.272
112.83
113.743
115.277
118.324
117.345
114.849
111.23
112.166
118.246
115.306
112.017
114.635
113.013
110.537
103.447
99.8845
98.3058
96.0982
95.4264
92.4875
90.9346
88.4835
91.0227
94.4598
94.1022
91.4199
97.6021
95.8681
95.0851
96.9064
100.656
98.7648
103.49
103.919
109.087
110.444
113.79
111.841
113.596
113.865
112.412
112.105
112.361
112.418
112.218
111.902
113.561
112.156
116.96
121.428
123.555
126.637
126.2
130.652
133.039
138.764
138.486
136.333
130.099
130.344
129.824
131.75
129.055
130.137
132.921
129.994
130.565
128.028
126.013
126.709
126.738
127.818
127.786
126.79
128.491
124.917
123.884
123.271
120.678
118.718
121.593
119.796
121.435
119.462
120.139
119.052
119.651
118.551
120.651
119.98
123.377
121.683
121.384
123.839
124.879
117.665
115.018
116.498
121.713
123.84
123.354
125.648
123.815
124.82
128.881
125.19
123.153
120.072
117.955
119.707
122.937
120.926
119.622
121.822
120.977
121.407
119.356
124.328
123.205
123.211
123.531
124.821
123.451
124.591
121.98
120.821
120.824
121.799
125.773
128.447
128.876
125.411
123.751
126.907
127.02
125.776
120.907
123.042
123.524
119.881
118.14
118.534
111.605
110.936
110.548
108.511
114.708
118.651
115.363
114.367
115.019
110.912
108.285
111.109
110.078
111.226
112.738
116.228
123.924
125.414
124.007
117.8
121.829
124.192
127.389
124.732
124.177
130.353
132.511
132.861
129.742
124.257
127.511
129.955
126.948
129.046
125.978
125.308
128.042
128.122
131.308
128.453
127.429
127.203
131.224
133.141
134.333
129.04
124.631
128.23
128.911
125.877
120.483
120.419
128.246
127.965
122.842
117.285
115.045
114.788
109.928
109.517
108.972
110.978
110.421
109.036
113.233
111.472
118.691
125.227
128.484
131.284
121.103
115.358
117.258
119.289
118.813
121.497
123.607
128.231
131.781
132.28
131.84
134.505
132.725
127.324
120.614
118.373
113.327
115.479
118.427
118.875
123.962
121.179
116.79
119.945
120.937
120.311
119.221
120.772
127.942
123.488
132.939
123.499
118.276
113.117
111.399
114.46
114.517
114.911
115.213
110.617
107.948
106.992
113.188
120.489
120.194
105.483
118.419
127.24
127.955
129.895
122.114
122.52
127.752
131.364
124.431
123.048
125.165
133.059
130.953
133.163
130.379
126.901
123.709
125.257
125.191
123.901
127.924
127.59
122.665
123.453
117.65
116.135
121.207
119.387
115.01
114.759
119.151
124.874
119.342
119.286
121.767
118.048
114.662
109.977
112.156
112.825
114.49
112.542
116.958
119.187
121.797
122.027
121.01
116.726
119.269
114.72
118.722
119.605
118.679
118.844
118.14
117.422
117.665
111.135
110.249
109.421
110.797
111.444
113.318
112.96
114.671
112.894
107.733
106.62
105.729
103.707
103.091
100.536
105.188
108.523
111.422
111.664
114.233
116.103
115.263
114.49
115.794
116.974
117.586
113.44
111.649
112.525
113.232
111.527
115.82
116.141
116.143
117.398
116.071
117.311
119.006
121.346
117.642
114.67
112.41
109.38
112.137
105.594
106.442
108.035
104.371
103.526
107.025
106.767
109.008
110.252
106.212
109.19
108.779
105.989
106.637
113.243
108.211
108.097
106.417
110.716
113.61
111.062
109.28
106.763
111.117
111.511
110.136
109.09
107.693
110.96
112.436
107.395
110.381
108.51
108.569
110.377
109.105
106.707
107.742
108.203
107.894
107.123
109.77
107.831
108.071
111.141
107.637
107.935
108.883
106.574
109.712
107.728
109.54
110.986
110.927
108.615
108.533
111.312
107.049
107.479
107.296
109.954
108.21
107.729
110.113
110.9
108.221
109.052
108.34
109.43
108.023
108.428
110.272
110.165
111.475
108.512
108.992
107.856
110.535
109.262
107.283
110.716
108.493
110.477
108.417
109.528
111.005
109.552
107.99
107.134
110.075
109.887
108.361
109.539
110.044
109.41
111.311
108.096
109.452
108.643
107.78
107.066
112.296
108.352
109.381
110.618
108.079
107.17
106.404
108.107
110.752
111.52
112.531
111.642
108.353
112.017
106.6
108.605
109.542
108.642
109.513
107.101
108.127
111.34
108.393
109.173
111.795
110.192
110.36
111.238
108.516
110.265
106.868
107.105
108.134
109.227
109.491
109.546
109.704
110.449
110.346
109.174
110.295
107.791
107.986
109.011
110.384
107.217
109.691
109.831
110.526
108.239
109.591
111.807
109.901
109.892
109.761
108.034
109.718
106.43
108.496
108.941
107.123
107.235
109.056
104.638
105.334
109.753
108.668
107.396
108.777
107.617
108.445
110.512
107.373
108.91
109.185
108.327
107.648
109.58
109.635
110.824
108.9
109.341
108.346
108.082
109.012
109.754
111.137
107.353
107.266
107.422
107.883
108.553
108.623
104.732
107.992
106.882
106.769
105.99
107.383
110.932
109.058
109.262
108.441
108.152
110.971
108.099
106.257
106.783
107.162
112.145
107.491
107.495
109.476
107.975
107.75
108.213
109.758
108.872
106.315
110.27
110.44
106.354
106.544
109.035
108.252
105.936
106.709
108.024
108.578
108.059
108.196
107.1
107.743
109.337
109.628
107.181
109.072
109.888
108.799
109.285
108.903
109.124
110.928
110.111
109.367
107.295
109.48
106.154
108.778
110.255
107.995
108.33
109.832
107.728
106.714
107.826
107.724
107.562
110.981
108.126
111.475
106.07
108.204
107.115
108.879
107.467
107.272
107.556
108.783
109.326
107.451
111.125
110.106
106.381
105.928
106.651
110.265
110.478
105.834
109.204
104.588
107.794
108.627
107.972
110.17
108.255
108.825
112.309
108.634
112.165
109.937
109.944
113.48
105.431
109.035
110.15
106.022
102.755
101.252
97.8187
98.5662
100.076
99.3269
97.5909
95.8206
93.7231
89.9554
90.185
88.0021
89.0129
89.2905
92.1736
88.3931
86.2079
84.3875
82.743
81.7199
82.417
82.9483
86.5371
87.7214
86.6431
86.9351
87.2535
88.7607
88.9179
87.4046
89.9654
88.833
91.2965
92.48
92.8425
91.1963
92.2087
95.3137
94.5459
94.1803
94.7043
97.1793
95.2265
96.4604
98.7873
99.4966
102.084
103.053
101.383
101.06
102.644
103.252
102.264
101.886
101.208
105.594
104.343
103.186
103.885
105.517
105.916
105.512
108.342
107.848
109.25
107.356
107.077
110.999
107.35
106.473
104.675
107.152
105.625
104.917
102.963
100.174
99.0973
100.289
101.054
102.011
99.1106
101.286
102.015
100.064
97.891
101.031
99.4061
97.9774
97.2221
100.195
101.434
98.1986
100.615
100.169
100.491
98.4959
96.1979
94.2262
94.4662
97.2709
97.9115
99.501
97.0258
98.7728
101.247
100.72
102.18
102.335
101.903
100.526
102.3
101.355
102.059
103.654
104.931
104.792
103.143
104.602
105.395
105.351
106.818
106.532
106.644
105.898
105.738
105.546
103.886
104.731
103.26
104.716
103.8
106.122
104.535
105.182
104.845
105.237
102.476
104.227
104.206
103.833
104.133
103.546
103.532
102.845
103.727
103.529
104.755
102.75
101.998
102.016
102.772
102.403
101.141
102.273
102.405
102.537
100.748
99.705
101.286
101.437
102.026
102.995
101.092
100.282
100.523
100.229
99.4186
100.363
98.8285
98.6908
98.3197
97.6885
97.619
99.1243
99.1527
97.3026
99.4223
98.2157
98.0114
96.4173
97.5364
96.3391
97.0932
97.7922
97.1144
98.5965
96.7261
97.1635
97.7756
96.8983
96.8854
97.8899
97.0698
94.8886
93.7109
95.1943
95.1658
95.4172
92.8899
94.1484
92.5194
94.2055
92.6297
91.9542
90.7739
93.2397
91.0742
91.6264
89.1813
89.7576
92.3796
91.7543
89.9082
87.9735
91.0952
89.8221
89.7247
90.4601
88.7292
89.2985
93.4448
94.7954
93.0799
94.8621
94.2869
95.8715
97.1365
97.9213
96.6999
96.3507
95.3367
97.3496
98.8649
96.9046
96.2667
96.5189
96.8707
96.6871
95.1806
94.724
92.4284
94.7451
92.7764
95.9254
94.8013
95.6577
94.2575
94.2671
96.4632
96.2602
96.0387
95.0861
96.7052
95.3706
95.7828
95.5533
95.4145
97.5271
97.4967
96.8118
96.9882
98.6464
97.2943
96.5245
98.3833
98.8276
99.9429
99.261
98.2951
99.1964
98.7617
100.687
101.969
100.84
102.413
99.8275
102.119
100.159
96.5455
99.3333
100.375
99.9488
98.389
100.332
100.112
100.052
100.117
97.5311
99.9425
99.9127
100.933
100.266
100.922
101.73
101.497
105.667
107.525
106.253
107.138
110.473
107.241
104.27
105.911
106.628
103.895
103.878
103.169
104.039
102.309
104.955
101.635
104.028
101.119
100.699
102.328
101.001
103.232
101.438
103.433
101.603
101.256
102.543
102.633
103.713
104.626
101.895
102.659
106.439
102.627
104.814
102.97
103.462
104.299
103.83
102.728
102.72
103.554
103.162
102.581
101.519
99.3171
101.195
99.6868
100.033
99.6024
99.551
97.1568
100.571
98.4909
98.6397
99.0106
99.6177
97.8079
98.7035
98.0924
98.9714
99.2636
100.078
102.013
102.274
100.318
99.033
100.632
100.127
100.866
101.434
106.567
105.888
106.475
107.524
104.917
106.771
106.119
106.456
106.209
108.633
109.384
108.559
107.943
105.904
108.148
107.695
104.869
106.659
107.378
108.031
109.433
108.705
107.007
105.48
106.986
103.625
104.137
103.421
102.436
103.306
102.633
102.396
103.597
100.921
102.482
101.678
102.583
100.93
99.2446
99.7851
98.8222
100.346
97.9592
98.8223
97.3431
100.148
99.2554
99.5452
100.306
98.1828
99.7336
99.3609
97.9101
101.928
100.945
100.862
99.1185
100.482
97.8375
98.8178
97.1835
96.8491
96.4822
95.7118
96.6859
96.4967
95.96
96.8478
96.548
95.2938
95.5907
95.8307
96.994
94.7062
95.6448
95.8859
96.74
95.856
95.685
96.1999
96.605
97.6899
98.4117
96.5299
95.5423
96.5752
97.8791
97.2676
96.9188
96.7154
96.8739
98.5529
96.3098
96.8835
96.3814
99.0508
98.2338
97.0589
96.4626
95.037
96.476
96.086
97.0253
96.4264
96.7638
96.0317
95.415
98.0738
101.536
100.563
100.706
98.9251
99.3925
99.6002
96.1947
98.1118
98.2778
96.4355
96.3622
96.1878
95.3665
94.8689
93.955
93.7276
93.8813
96.4194
93.7205
93.2257
93.1497
94.5922
94.3428
94.895
97.3301
97.0231
97.1085
95.0792
96.3377
98.2178
98.1151
98.4308
96.7455
98.1849
94.3841
95.9409
95.9091
96.0623
95.8884
93.6952
93.5101
94.1872
94.2898
94.2868
95.3992
94.0679
93.7372
93.1099
92.9413
95.7164
94.6924
94.6815
94.2522
94.3806
93.2756
92.2412
94.1013
93.2745
94.3477
93.5591
93.5001
91.8721
95.8117
93.3863
94.2474
97.8041
96.4236
96.2469
93.377
96.2296
96.6517
98.258
96.3986
94.3615
95.5584
96.0358
96.6452
95.1514
96.057
92.1076
94.7683
92.4544
92.7104
95.8462
95.5045
93.476
92.8646
93.0996
92.7629
91.3349
90.1259
91.7464
90.3903
90.648
91.7145
93.3854
90.7781
90.4232
91.6901
92.8568
91.8868
92.7815
92.7921
94.2651
94.2751
93.6376
95.0941
94.3192
94.484
93.9629
95.5237
96.3318
96.7049
94.3699
96.0604
96.6424
93.8237
94.4395
93.4625
91.0908
92.2286
92.3716
91.1627
89.521
90.7698
89.9808
91.008
90.0208
90.5688
90.6481
91.4069
94.2976
90.1036
90.8327
90.1538
90.4688
90.9219
90.0339
91.8608
90.994
91.883
90.0023
89.5069
90.879
88.916
90.621
88.8311
88.3341
87.8772
89.7275
88.5542
90.606
91.6128
89.312
90.4056
92.6797
90.0891
91.0047
88.7429
86.8991
88.1985
86.153
88.2433
87.2583
88.6723
87.4854
89.1141
88.6204
87.8961
87.2538
87.7236
86.7927
85.9733
87.5832
86.2429
84.8456
84.7232
85.7479
88.1817
86.9742
86.1145
87.6764
86.7583
86.7145
89.432
89.9774
93.2736
92.4109
88.6892
92.5321
93.6869
94.3503
93.2713
91.9505
92.5592
93.5501
92.102
90.5873
88.2543
88.6221
87.8556
88.872
88.4413
88.8414
90.7673
92.387
92.4202
94.1424
92.5115
89.3219
92.2452
91.0903
91.1819
93.9396
92.9547
90.6395
93.6466
93.6155
94.7976
92.8469
93.2818
94.9202
92.5141
95.863
95.2525
96.2159
96.5786
97.4586
97.2654
98.25
101.118
97.6829
97.302
97.7264
97.678
98.5541
98.5386
100.703
101.48
98.754
99.2297
100.122
99.9595
101.094
100.737
101.331
102.024
103.421
103.502
106.533
103.634
102.34
103.136
100.489
98.511
98.1748
99.6203
98.0989
100.56
102.445
98.0358
100.755
96.2168
97.496
96.8758
96.1342
96.6644
94.6662
97.6017
96.9208
96.8908
97.9742
99.1063
98.6241
98.9754
99.3146
97.4954
98.8546
98.4138
97.8878
98.3006
96.3692
99.2866
96.897
96.724
97.0206
98.2573
97.3782
99.4522
97.1191
97.3908
95.899
95.2194
94.6899
95.5447
94.8455
94.0382
95.1575
94.9594
95.3959
93.3096
93.5784
93.8517
94.3516
92.0477
94.9238
94.3868
94.2279
93.1192
93.1565
92.0736
94.9569
93.2299
93.0406
95.9093
93.1766
94.5387
97.7374
96.366
96.8163
95.4031
97.2263
96.3851
96.2088
94.2896
93.2961
92.8118
93.9458
94.1083
95.7618
93.6238
93.6753
97.3586
94.6511
93.9195
93.1504
91.6906
90.4354
90.6765
90.2547
91.0759
89.0656
90.533
90.5259
91.2068
94.2141
93.9046
91.5579
91.5684
95.6655
92.5025
92.2606
92.4957
93.5863
93.8002
89.7821
94.0491
92.8765
94.2833
92.5178
93.1047
91.5405
89.4347
89.7621
88.5379
88.5433
85.981
87.9617
85.4751
84.9712
84.9093
85.0832
82.8064
84.1687
82.3051
85.6053
84.6613
83.5615
86.0367
81.9816
82.7428
83.0497
79.0419
77.4769
79.0416
76.4833
78.9733
77.1546
77.3112
78.311
79.4806
78.445
79.7239
80.3941
79.0787
76.8142
76.6899
80.982
76.4132
78.0922
77.6251
75.9709
79.52
76.1183
78.4153
79.1699
77.6561
80.192
78.0255
77.6926
78.4318
78.8192
77.6909
79.9299
79.1127
79.5715
78.9933
78.9768
79.3022
79.2944
78.7844
77.0749
77.9757
78.6356
78.3308
75.6427
78.3338
77.7133
75.8423
76.6643
75.9239
77.2443
77.0214
79.6398
78.089
78.1922
78.1173
77.9805
77.6723
78.4616
80.1112
77.2552
77.9977
77.3716
78.8538
75.5544
78.0946
77.8549
76.5291
75.1517
72.2543
75.1707
76.2576
75.697
76.3656
76.6737
76.5492
80.7261
80.7475
77.5545
76.715
76.4584
76.7956
78.2555
78.8673
77.1233
78.8063
78.8175
77.8185
77.7034
78.8359
80.1486
79.8266
78.381
79.5458
76.5771
78.3663
78.7188
75.9846
76.7466
76.204
75.0459
75.0072
75.2175
75.6696
77.9371
80.0141
79.0063
79.2026
80.0106
79.6617
80.1886
80.686
81.5543
81.6417
81.9773
81.8782
80.4025
82.6252
83.987
82.7747
83.5501
82.2155
81.1746
84.1558
83.645
84.7531
82.559
81.7628
82.2347
78.5536
77.0086
75.1826
72.6418
71.2542
71.9207
74.8183
73.6627
76.2857
74.7449
77.4018
76.6042
75.4445
75.1553
75.6807
74.1849
74.6638
74.2271
75.677
74.9034
75.3659
74.7078
73.1328
74.9858
73.3773
74.2973
74.5605
72.6597
72.5679
74.9755
76.4697
79.215
79.7943
79.5453
77.5643
78.8855
80.6798
79.9951
78.8169
77.3794
78.8341
78.4009
79.2099
78.3922
78.4487
77.9653
78.1416
76.9306
78.2971
78.6149
75.1067
75.3718
76.99
74.4925
73.3645
72.8476
71.9516
72.6498
73.0635
71.1581
72.6036
70.827
71.1756
73.9564
71.1933
72.6203
72.1825
69.7154
69.7647
69.7773
69.6288
72.0962
69.3203
69.0979
69.1091
68.1498
69.638
70.349
72.2086
70.0199
69.7727
66.8565
68.994
68.1444
69.9238
68.0356
68.366
68.6194
67.3266
68.7307
68.01
67.1244
64.8598
65.9723
64.9255
64.6312
66.4778
66.7474
70.4691
67.6304
68.2132
70.4183
74.8493
74.4141
71.4865
71.1337
71.5695
68.0677
66.5316
66.9356
67.2201
65.6733
63.5726
62.1935
60.2554
58.7273
57.5554
55.4676
58.0954
56.4454
57.7642
56.2189
57.0412
56.8564
56.0151
57.5226
56.7721
55.0748
53.1173
53.5737
53.7768
52.3013
53.2629
52.7218
53.8296
52.3741
55.0863
55.7153
55.3488
55.1097
56.5249
55.397
53.478
55.8646
56.9084
57.9505
59.616
60.498
59.555
62.6704
62.4998
62.5022
61.0505
61.2696
59.2819
59.0235
58.1748
59.9619
60.0953
58.6408
59.7278
60.6151
63.376
66.134
66.7141
66.2654
69.4134
70.8702
72.3826
74.2201
73.7833
73.1372
74.5996
77.0927
80.0973
79.7894
81.0139
83.1799
83.0044
84.6841
83.0588
84.1547
85.0684
86.5798
86.5775
86.351
87.7257
89.745
91.438
92.3082
91.612
92.1032
94.6696
93.066
93.1512
91.5065
92.0425
91.0007
89.7466
92.2441
91.3766
91.3276
91.566
89.6829
89.0002
88.963
87.891
87.0629
89.2157
88.0868
90.0601
91.7588
91.6203
93.6062
95.5138
96.2377
95.834
92.3151
91.9991
90.3789
89.7601
90.6769
88.1796
86.736
88.9474
86.4308
86.4325
88.8234
87.103
87.5445
86.0437
87.4926
86.8561
88.1578
87.1624
86.604
88.5733
86.0307
85.6917
85.6765
84.8835
89.2196
90.2874
87.363
88.7424
89.6513
88.5068
88.6324
87.5106
86.7448
86.8588
85.9939
87.9406
87.6197
87.2408
87.1115
87.3971
87.1219
89.3697
88.9654
89.1202
89.975
89.2057
89.8789
89.0888
87.6346
89.4285
89.7119
90.0479
90.1441
87.4323
86.738
88.8026
86.5374
89.8621
91.4591
92.0653
91.7613
93.4261
95.6622
93.4962
91.8348
95.6105
94.8634
93.3906
91.5525
93.0489
94.1068
94.2435
92.653
93.4082
92.9439
91.841
94.5425
93.3141
93.5885
92.1593
92.3671
92.592
94.9903
94.744
95.1397
95.8372
95.0646
96.9766
95.2875
97.487
96.9296
95.241
96.8572
97.2295
95.4171
94.6251
93.8508
94.0398
94.3927
92.9275
91.8982
92.4018
94.4663
92.0519
92.5115
92.1079
91.8242
91.7192
91.942
94.1493
92.139
91.3164
91.8394
91.573
90.4892
88.8973
89.5467
92.4162
90.4132
92.576
93.2483
93.2791
91.468
88.5486
88.5646
88.8815
89.6394
90.5241
91.7095
92.7008
94.6122
93.2851
95.9532
95.1665
94.4572
96.7985
94.4543
96.3212
96.3096
99.0181
100.984
103.11
100.416
98.5373
97.4497
96.469
98.0264
99.8365
100.133
101.643
100.688
107.539
108.807
111.157
109.902
111.315
111.01
109.348
109.591
108.847
108.694
108.2
109.315
108.172
108.679
109.848
113.852
109.604
105.381
107.244
107.281
106.858
105.04
110.096
108.571
105.827
105.115
105.542
104.764
102.378
100.654
101.605
104.05
99.2354
99.3251
96.6803
100.744
100.87
98.2615
100.954
99.7086
99.1985
97.9219
96.9836
98.9414
99.7558
100.268
97.2184
98.5329
101.831
101.629
100.877
99.588
97.3304
99.5409
99.4603
97.3638
99.171
101.986
100.241
98.6275
98.0719
99.5157
96.8146
96.5218
93.6332
93.1917
93.9006
97.2347
95.0876
97.469
98.1742
95.0962
96.6948
97.0588
100.443
97.59
96.2746
95.2367
94.3601
94.5192
93.3841
93.8813
94.2709
92.1603
92.7388
89.9059
91.4022
88.923
89.4791
88.1122
88.3647
88.76
88.3155
89.8816
91.9982
92.7496
89.4906
90.318
87.7709
88.2282
85.0697
85.911
87.8532
89.052
91.911
90.269
89.4625
90.897
89.1804
90.2609
92.2089
89.9774
91.8647
88.8355
88.3459
86.6884
85.4484
87.1142
83.5509
84.9089
88.7871
85.877
85.4032
80.9541
82.9267
81.6339
82.9583
82.1891
79.752
82.6372
85.2132
82.8915
82.4266
82.1317
83.281
83.9405
83.5114
84.3864
84.476
84.6373
84.9109
85.2521
84.8878
86.2206
86.8277
86.7672
87.6839
89.4648
88.1774
88.7483
87.8423
88.8161
85.6536
87.2247
86.1528
85.0409
87.2296
88.4906
89.0439
86.1745
87.8935
88.0846
86.8739
87.3356
87.3928
85.8984
87.7057
88.0117
88.5887
87.5865
89.5619
92.414
93.41
91.5669
94.1991
96.5375
98.5275
99.7914
100.905
103.466
101.201
102.593
101.546
102.239
103.126
103.011
103.708
104.874
103.342
104.099
101.051
98.5155
96.5712
96.2819
94.9268
93.8033
94.8443
94.693
96.2674
92.0672
94.2376
91.8855
93.8384
93.1795
94.1113
95.4205
94.9545
95.0108
93.4383
93.6012
92.3084
93.4896
92.0991
96.6427
95.6339
95.3986
93.7154
93.0923
91.6975
90.9876
89.0793
88.5982
86.2238
88.4118
87.3867
84.9414
83.9583
85.9099
84.5127
84.7324
83.2588
84.1897
84.2936
84.8549
83.678
84.8206
84.923
84.3697
83.8899
84.1187
86.7605
85.3732
80.8689
83.7384
84.1197
85.4042
84.867
84.245
83.3464
83.3069
82.2816
83.4384
82.1041
81.6582
83.2291
81.3073
84.0054
82.567
82.4476
82.4505
83.2225
82.0754
80.2728
78.9147
79.9908
80.8887
80.7733
79.8116
80.4929
79.4497
80.5926
81.1775
80.1021
77.8848
76.9332
79.6303
78.4071
78.4682
77.8355
77.8336
77.115
78.3253
77.3906
78.3203
78.4775
78.8293
77.4304
78.1474
76.6747
77.0115
78.9642
76.8592
75.4558
77.6286
76.7217
76.4833
75.3521
77.0643
75.7601
76.3027
76.1946
76.6262
77.4243
77.6484
76.4384
77.4424
75.7001
76.0856
74.8364
76.657
78.7061
80.1203
76.9994
76.7513
79.2588
76.7322
77.8461
76.5332
78.0739
76.3854
77.8974
74.5128
73.6922
74.2981
72.9496
73.2348
72.6309
73.9971
72.0035
72.4348
70.2487
71.5886
70.3944
73.8289
72.2691
73.8167
72.5625
73.7082
69.7667
72.3741
70.3356
72.2095
73.1497
72.3493
73.8313
74.2547
76.4129
77.1368
77.1249
80.9329
80.4735
81.2405
79.8437
79.6038
81.7257
81.8596
81.581
81.5282
81.4298
81.3925
83.94
84.743
84.4071
84.3407
84.3538
87.4639
89.6469
88.5571
87.2649
87.2421
86.7939
86.8977
89.2636
88.9531
88.8609
87.8821
89.8603
90.5542
88.7538
90.1794
89.5514
88.7321
87.8852
90.6779
89.3819
88.2268
90.1262
90.4961
88.854
87.8059
88.4438
88.8322
88.628
90.1207
89.456
88.152
87.8793
88.3737
88.0179
88.6808
89.6938
90.5928
91.8112
91.1882
92.0267
91.5714
92.2295
93.843
95.3975
95.7863
93.1493
95.1924
94.5144
93.3221
91.8903
92.0092
92.8852
92.9139
90.3966
91.5335
89.9731
89.1054
90.7314
88.1376
88.655
89.6287
91.2728
87.214
87.4036
89.1842
87.9967
87.5773
87.1942
88.6418
89.3078
86.4453
87.5992
89.1308
88.9715
87.8122
89.5092
89.6994
88.9615
88.5282
91.2333
91.5825
91.8024
88.9037
88.0378
88.6456
87.1065
87.6485
88.8582
90.2979
88.4619
88.8738
88.0644
89.6518
86.8244
87.4948
87.5596
90.0791
88.0656
89.3939
89.342
88.3787
89.256
87.1833
87.611
87.5958
89.498
90.3831
88.9054
89.5657
89.7662
90.464
87.8311
89.6078
88.2191
92.4334
90.8058
92.1206
93.6655
93.3275
92.137
90.81
90.8349
90.5678
91.9519
90.0751
90.7893
93.4115
94.5351
94.9865
94.857
94.6219
92.764
95.486
93.7127
94.169
95.27
94.7063
93.1354
94.9938
94.3321
92.556
93.8156
92.9031
94.9004
93.4387
92.6733
92.4471
91.5891
93.0556
90.8441
92.5163
92.8283
90.8625
93.675
93.6225
91.7065
90.2518
90.6117
91.7744
91.5132
93.7165
94.123
94.1679
94.2963
94.7192
94.6524
96.8189
96.0786
94.6413
93.0148
93.021
93.4368
93.2413
93.9816
91.4307
91.8882
90.9725
91.5747
93.898
93.4153
91.1303
90.1242
91.6965
90.2619
89.3515
93.4017
92.6943
90.8121
91.825
92.2441
94.0299
94.9426
91.9097
94.2053
94.1251
93.6033
94.6764
93.2008
95.4693
95.464
93.3383
96.7118
95.4027
96.6061
96.9131
97.6517
98.2488
99.0041
97.1141
98.4266
96.2492
98.1843
98.9355
98.731
99.4388
98.968
93.3357
94.8059
94.8548
95.158
94.3469
92.6395
93.5829
93.9316
94.4813
94.5884
96.3214
93.1903
93.3815
93.7427
91.6464
90.5024
89.8418
90.5645
88.7708
88.6528
91.8302
89.4866
90.5858
88.5715
91.5901
89.3571
89.0717
86.8331
88.7788
85.7978
88.1961
88.1831
89.2485
90.7344
90.2874
91.1864
93.0311
93.6847
94.6741
95.4722
97.0428
96.5923
98.8786
101.646
104.015
102.08
100.086
101.688
102.605
101.737
102.22
101.784
101.075
102.117
102.909
102.793
100.671
103.081
101.161
102.053
103.937
102.505
99.4791
102.177
103.767
103.52
101.675
102.228
100.336
102.727
101.456
102.644
102.306
101.043
102.839
101.211
103.599
102.156
101.023
103.761
102.5
102.396
102.6
101.69
100.232
98.0302
100.256
98.9592
99.7946
100.453
99.4741
101.087
102.218
99.2763
101.211
101.726
102.723
103.056
101.881
101.621
101.514
99.9758
98.9312
100.139
97.8832
99.1029
98.4348
100.305
99.7223
99.8788
98.5895
100.5
99.4599
98.8027
97.83
98.8486
101.375
99.5142
98.6445
100.329
99.0063
99.0973
98.1737
100.581
99.8196
98.3121
102.491
99.2655
98.9112
99.1743
98.2804
100.205
103.602
101.028
101.024
101.153
100.868
102.372
102.42
103.844
103.943
105.608
105.982
102.437
102.931
102.255
99.7697
104.146
103.286
102.341
102.408
101.238
100.387
101.138
99.8434
100.215
103.55
101.336
101.656
102.248
101.774
100.844
101.92
104.049
102.463
101.009
98.9834
100.571
101.808
99.1415
102.375
103.412
105.646
105.331
107.119
106.275
107.415
108.133
105.094
105.156
103.175
101.027
104.583
105.019
107.538
105.151
106.804
108.538
107.968
111.266
113.875
111.183
113.366
109.622
109.451
109.455
109.561
109.633
110.097
109.27
106.915
104
102.656
102.122
100.487
100.882
100.079
97.4329
99.2355
97.9651
94.5362
96.6303
98.4109
97.7216
97.4383
97.6761
100.122
103.144
104.612
106.089
104.758
106.208
105.464
106.801
106.957
105.902
107.117
106.838
103.911
107.461
106.166
108.938
108.622
110.524
112.749
111.803
113.467
114.096
114.214
114.579
112.488
112.29
112.53
116.675
115.805
117.263
115.916
115.8
113.132
112.059
109.666
107.268
107.434
104.993
103.748
107.713
106.384
107.075
109.617
110.437
110.09
109.402
108.683
110.829
111.292
111.166
110.769
112.237
108.272
113.181
108.203
114.018
111.127
114.122
110.44
109.552
112.048
110.556
107.758
105.582
110.909
110.162
112.993
115.57
119.296
121.083
116.865
111.847
113.379
117.189
108.891
112.814
116.492
115.173
116.484
112.696
114.074
108.75
99.0602
103.714
101.59
111.024
108.224
108.587
109.089
108.495
108.11
111.398
108.839
108.72
109.414
111.283
106.937
108.773
105.429
109.22
107.779
108.469