109.877
110.936
110.623
107.553
106.938
108.763
110.643
109.237
108.383
108.947
109.461
110.604
106.671
107.551
108.05
108.304
109.619
110.572
108.547
108.712
107.528
108.017
108.027
108.157
107.801
109.112
108.06
107.721
106.855
107.415
108.645
109.076
108.481
111.147
108.551
109.918
107.848
109.188
108.27
109.303
109.007
110.516
107.691
110.799
107.59
107.874
110.985
108.234
108.509
108.129
109.375
111.01
108.785
108.01
108.994
108.965
106.988
106.985
105.522
103.96
107.917
108.95
107.662
109.473
111.235
110.188
116.491
110.981
117.798
123.406
119.377
116.652
112.786
108.05
104.046
99.6531
99.4166
96.083
94.8051
97.1904
98.3537
97.644
97.9249
101.654
109.026
107.865
115.847
121.999
125.528
123.756
119.603
119.994
121.45
124.268
120.381
127.232
120.156
118.341
122.693
119.464
118.421
111.436
103.89
101.3
97.5496
93.3022
94.5879
93.8296
92.8308
91.4287
94.9923
99.2492
97.4874
99.3752
105.101
114.63
121.67
124.001
124.584
122.019
120.636
123.732
121.603
120.351
120.906
120.864
125.016
118.918
112.063
106.854
102.271
100.46
97.4837
95.6462
92.7091
93.0505
94.085
96.0879
97.6646
98.5287
103.617
107.911
106.118
113.825
119.504
122.756
121.128
118.949
120.969
122.923
124.022
120.607
119.196
123.67
120.468
115.611
107.854
102.269
97.6817
91.5994
90.4777
88.3875
88.6914
91.3507
92.7308
94.0736
94.7278
100.79
104.322
110.402
117.704
122.721
128.576
119.275
120.006
116.973
113.534
117.322
110.199
113.31
108.886
111.888
111.46
114.086
116.919
120.281
120.633
120.657
114.228
116.239
117.61
114.632
115.915
113.603
114.714
115.577
113.015
112.918
111.901
112.534
113.795
113.145
112.213
113.31
112.112
115.71
113.009
113.215
113.294
110.685
114.011
113.229
112.376
112.702
115.394
112.871
113.734
113.246
111.929
112.212
111.594
112.91
111.538
113.134
113.412
113.819
112.763
114.729
110.782
115.135
111.963
112.538
113.849
111.097
110.876
113.259
113.694
113.997
114.218
113.787
113.156
111.955
115.82
113.435
111.828
112.963
114.69
112.533
112.913
110.837
113.834
110.808
110.494
113.6
113.069
112.447
114.272
112.579
113.29
111.732
113.496
110.571
112.8
113.862
112.875
112.671
114.905
116.22
112.77
113.903
116.213
113.242
114.186
113.614
115.193
112.388
112.824
113.3
111.775
110.038
112.715
109.062
114.546
114.27
114.401
111.63
113.202
111.85
116.527
114.761
117.017
113.687
114.248
115.221
115.32
114.155
114.027
114.998
114.998
117.415
113.858
114.439
114.107
115.099
115.086
115.816
116.236
115.482
115.447
116.51
111.513
115.751
115.632
115.286
115.19
115.856
113.678
113.782
115.114
115.351
114.899
114.188
116.564
115.411
115.886
113.371
117.021
113.538
113.234
113.858
113.73
114.059
114.259
115.522
113.501
115.192
113.465
116.49
114.126
115.29
116.397
114.661
115.161
115.087
113.686
116.422
116.204
113.803
115.789
113.001
116.054
113.476
114.46
114.562
112.718
114.658
114.212
114.692
114.888
115.855
112.927
116.631
115.311
114.089
113.763
116.796
113.999
111.83
112.701
112.706
114.875
113.682
114.074
114.109
112.124
113.207
114.911
111.561
112.288
112.432
113.835
114.182
117.96
113.961
116.902
114.554
113.514
116.847
116.533
115.049
119.554
124.33
120.644
117.091
115.135
118.813
116.368
118.932
123.472
123.18
123.571
119.118
119.369
116.995
115.256
111.591
110.265
108.078
104.337
104.617
102.951
100.466
100.441
98.6184
96.4464
98.4113
97.3223
104.816
104.489
104.879
105.35
103.835
103.443
105.174
103.795
101.02
105.163
101.19
102.237
103.006
100.918
102.961
102.269
102.26
102.707
103.175
103.667
103.504
101.213
101.844
103.415
105.717
106.855
106.924
109.704
108.736
108.965
107.35
106.933
105.776
103.263
103.542
102.534
100.207
101.074
100.349
100.965
101.326
101.102
100.32
100.145
99.0096
99.9776
97.6359
99.1778
101.356
99.3296
99.5746
98.7427
98.8548
99.7517
100.643
100.385
99.3714
97.6163
99.9502
99.7269
100.349
101.489
99.5421
100.856
99.7471
99.6015
99.9388
99.2686
97.7161
98.5355
99.388
98.0464
99.7027
100.603
102.226
102.309
101.843
100.426
102.44
100.625
100.633
100.923
98.6055
100.456
98.5433
99.8274
101.692
100.724
101.094
101.724
98.9134
100.95
102.258
102.055
101.14
101.818
99.7118
99.0284
100.665
99.0505
102.785
101.06
104.068
104.377
106.781
104.597
103.966
102.253
103.3
103.058
102.219
100.948
97.6664
94.8773
94.7076
94.281
90.8953
91.893
92.4409
93.3905
95.6052
97.1618
95.9118
94.4743
94.4137
94.4848
93.0729
94.7175
94.7082
94.506
95.5922
93.0231
97.0094
93.7176
93.6071
96.9884
93.4723
94.7004
96.3799
100.449
99.5584
101.479
97.6412
100.784
101.098
102.587
105.477
103.958
103.32
100.548
99.7316
101.101
100.281
98.9472
97.5649
98.3267
99.1059
98.8635
101.27
99.1714
100.66
100.389
101.882
100.341
100.961
100.684
102.229
98.6503
98.8639
97.7034
98.805
99.1488
101.965
105.854
104.699
107.532
106.415
106.071
105.939
107.871
102.527
101.921
101.757
98.9503
103.776
103.223
99.3581
96.9216
95.7793
95.4663
96.2491
94.5119
95.4842
97.5891
97.0198
96.0986
95.038
93.6641
95.1292
94.2212
90.9886
94.2871
96.3156
98.3346
96.923
99.5913
101.542
101.015
99.5794
99.8257
101.665
100.906
102.44
101.546
104.525
102.024
99.8209
102.881
100.675
100.617
101.199
98.4221
97.4816
97.5881
98.9413
98.3647
97.6894
100.038
101.597
102.958
105.405
107.775
106.092
108.021
108.111
104.981
104.021
106.107
105.775
106.543
107.662
105.126
101.829
97.4096
95.5453
92.3826
92.5876
91.9967
96.0943
94.6191
100.191
104.102
106.716
108.16
110.387
109.7
106.062
105.981
100.331
97.9017
96.8063
92.6247
92.6325
92.5579
92.4085
94.2287
90.8789
90.1469
88.8791
84.9363
85.6227
86.4497
85.9261
85.5741
86.7338
87.1969
87.0982
85.702
82.2933
80.9928
77.3815
73.8274
71.0209
69.5548
69.6214
70.577
71.4809
67.1314
68.9142
68.3088
69.5745
68.941
67.2389
67.8602
69.333
68.0798
74.4193
69.3865
71.8904
73.9758
75.3523
76.4182
75.0757
74.458
72.3723
77.4064
76.2482
73.3432
70.3764
73.734
71.045
72.2114
74.2152
73.1555
74.7603
76.3245
71.2855
73.7177
73.6036
73.0922
74.461
75.8576
77.4071
77.3019
76.5445
75.2385
76.3245
74.0722
76.4359
74.9378
77.4645
79.5147
74.3799
77.3675
78.8308
78.3485
80.5678
80.1108
78.5802
78.7344
78.6119
81.0116
79.8676
81.7268
82.9213
82.1355
82.8873
84.115
80.8885
81.5685
80.9422
80.6741
81.7718
82.7802
80.1269
81.9046
82.9966
84.4634
86.4465
87.9311
91.5446
93.7202
96.3185
95.6968
97.2348
97.1822
102.303
102.507
101.483
103.328
100.866
100.238
97.7337
98.9801
97.6328
100.913
99.7664
97.1672
97.7745
102.331
103.874
105.615
99.8521
101.603
101.757
104.956
102.368
105.768
105.296
101.562
96.7326
98.0262
98.6034
99.4455
98.9086
98.874
96.8176
94.9794
94.6945
93.4844
92.3503
92.0171
93.5102
92.7438
92.7417
90.3794
91.39
90.2742
91.5447
92.4912
91.2591
88.827
88.812
88.448
91.6802
93.5481
91.934
96.2396
96.7296
99.0068
101.08
94.1656
93.5008
92.2581
92.9937
89.8323
92.0232
91.3996
92.8089
91.0953
89.0388
88.9375
87.0601
81.9157
81.0364
81.6291
81.3991
80.5015
81.7892
81.3679
80.1809
81.1767
84.9153
84.2056
85.3194
87.8238
87.3759
89.5491
86.0103
88.429
87.42
86.3612
84.3326
81.9652
81.5733
80.597
83.6141
83.9601
88.4509
89.8751
93.6325
95.1246
96.2368
95.8472
100.828
98.9294
104.48
99.4199
100.769
95.5025
94.8701
94.5791
90.2494
87.5127
88.2878
88.1231
85.7854
89.2175
86.8921
88.4737
87.9744
89.8722
91.1281
88.9741
86.4299
85.1609
86.875
87.0015
87.2588
86.4282
88.6122
88.3941
85.1607
86.8245
89.6937
89.3438
92.2467
94.3192
95.4219
99.8671
102.512
99.4933
99.8028
101.424
100.658
102.193
102.385
101.518
101.61
100.166
96.9508
94.156
93.7978
91.6141
93.6381
93.7169
93.6024
94.9694
96.1453
93.9032
91.6244
94.2749
88.1539
90.6158
85.0979
83.249
83.402
83.4409
85.3049
87.2545
88.764
88.1244
93.3148
91.6073
88.9239
84.9705
84.5038
83.6479
81.7714
81.5248
82.727
81.0633
77.3754
76.4026
77.8843
79.5259
78.2471
78.8099
79.5165
80.6082
80.9393
81.3049
83.5543
82.0404
82.0048
82.3966
80.6553
83.1667
82.6713
81.1575
80.9411
81.9431
83.1101
81.0998
83.9538
81.1649
80.8817
80.0297
82.8247
79.0914
80.3706
81.0564
81.8635
84.5054
87.6455
86.3388
85.4121
88.1855
86.4481
92.364
91.4542
92.5089
91.9948
88.5058
81.6937
85.6914
86.2166
86.6536
88.4558
86.8536
87.492
87.195
83.9681
85.4241
83.2008
89.5659
90.3732
88.8304
87.6546
88.6678
88.4496
89.7945
91.0632
95.0959
94.527
93.858
94.438
94.704
91.9161
91.939
88.8841
91.7309
91.9537
89.3062
92.7354
91.0138
93.6885
90.514
91.9904
91.69
92.7599
91.0237
93.3924
95.2891
95.049
95.7917
96.0997
96.8711
97.6844
100.926
99.7955
97.1243
99.0453
103.721
98.9696
101.147
101.782
100.949
99.0032
101.236
101.957
101.487
100.609
98.5838
99.1832
100.62
101.598
101.862
103.691
101.645
101.91
99.2379
101.662
99.6432
101.733
102.52
101.23
100.742
98.933
99.9068
95.198
90.2526
88.3844
85.6067
84.1969
84.039
83.2116
79.5028
79.4373
78.0306
73.9989
74.8429
74.7065
75.4505
76.8314
76.436
76.4206
74.5354
77.2439
77.722
76.3651
74.4519
75.5665
78.3432
77.4675
77.6384
78.2778
78.706
79.8783
78.2822
77.4765
77.5992
77.5952
80.7909
77.8127
78.8708
81.4613
79.7986
81.3605
81.8939
82.5213
82.9052
82.348
83.9637
85.3293
83.7728
86.2054
86.2845
86.8908
87.2904
87.2837
88.8603
89.8018
90.5606
93.6021
93.4703
90.8202
89.1407
90.6046
87.1293
87.5086
85.3714
84.2628
81.4732
82.7219
83.2566
81.7205
85.5163
84.2
83.9291
86.2487
84.3699
83.9751
85.6167
85.5472
86.666
86.4752
86.4504
85.164
86.1426
83.697
85.7035
86.4445
87.6849
87.4709
86.6951
89.4791
87.6225
91.1821
91.8553
92.5265
93.5804
93.3959
89.7932
89.7321
87.4044
85.2404
87.1256
85.987
87.1167
83.0359
87.178
87.531
86.2273
87.5893
87.0739
86.2308
85.1414
82.8426
85.3098
85.453
81.3774
83.2398
87.7112
87.9236
87.3247
88.9729
86.6834
87.8973
88.4781
86.5282
86.5299
84.8234
83.5239
82.8548
79.1962
78.0373
76.6112
77.7588
78.6771
77.0957
80.5782
79.6196
79.4448
80.3316
81.6891
80.4789
80.3365
79.7404
79.6755
79.5958
74.7606
78.6495
78.8327
78.4413
75.5527
72.7229
72.5559
73.328
73.2681
71.367
69.2026
65.5543
66.4676
65.9898
68.1346
65.8437
68.7665
66.9949
68.0959
69.345
68.5291
69.5907
70.5209
65.8855
66.5832
66.2317
67.4781
65.7491
66.8183
68.9345
68.5104
67.8553
69.9108
70.2085
69.4513
68.2198
70.2229
70.4858
72.1196
71.3783
72.0397
73.6517
71.1443
72.8066
72.2822
70.7826
74.2486
72.9785
73.6027
73.067
73.2119
74.8989
76.5744
74.2639
76.2254
74.6414
76.8074
74.4885
73.2586
75.7769
72.4798
76.107
75.4973
74.3352
74.2927
75.814
74.6549
71.6735
73.8334
72.7819
71.7381
71.9947
73.149
72.1635
72.8731
71.531
74.3093
71.7056
73.9257
75.0043
73.5232
76.5836
75.9087
75.767
76.7664
74.7409
75.4753
77.3569
77.4127
77.0361
77.8809
76.0303
78.786
78.9233
79.0932
79.5818
79.4423
80.3405
80.8712
79.9458
80.5241
76.7236
76.8999
76.4352
73.225
74.2954
74.5358
75.3324
74.3589
74.4241
73.3391
74.0513
74.4468
76.4312
75.6847
79.1483
78.8892
85.6804
84.7927
88.3125
87.9741
86.1164
90.1008
88.7961
91.8024
95.2077
98.1964
99.684
101.21
100.679
99.6703
97.9898
100.026
99.4628
98.6754
98.9714
93.2064
94.4727
95.1075
93.3185
93.9447
94.1102
93.5089
93.3803
91.7764
92.1108
93.1523
93.5816
93.3486
94.6291
95.7463
99.8881
101.126
104.119
108.591
107.246
106.759
108.383
108.689
109.368
107.963
107.175
105.788
105.993
106.251
108.897
111.107
115.792
117.608
120.833
120.204
119.118
120.377
118.575
117.228
117.694
116.517
111.777
107.311
106.553
100.116
99.032
101.54
96.3833
96.09
96.8243
100.108
96.1233
96.9154
95.2797
96.7712
96.2216
95.446
95.9551
94.8095
94.2574
93.6371
94.9841
93.2547
93.1622
95.7215
98.9716
96.5155
95.0143
93.8503
94.09
94.5116
94.9461
94.9743
94.0906
95.304
96.8953
95.3262
95.3613
93.962
94.5716
91.855
93.0773
91.0065
91.2036
88.6535
89.5947
90.5303
90.8353
92.7497
91.1361
91.3795
91.8094
96.0503
95.0544
94.9872
93.6199
94.9258
95.0509
95.8665
93.9811
99.9164
96.2415
98.5258
97.6006
97.1509
94.7364
95.6232
94.4057
92.5069
92.2823
94.8212
92.054
93.5945
95.2746
92.3635
92.9922
90.8681
89.6491
87.5924
89.4103
88.4304
88.1273
90.5503
90.7807
90.3916
91.9353
93.9324
94.9736
95.6783
93.334
92.8319
93.4396
92.8507
92.8202
94.2553
92.0841
94.0374
91.5203
91.6347
91.048
90.8734
89.2606
90.5502
89.432
88.0534
91.794
90.6464
89.4255
88.4225
87.9216
88.6611
87.8032
91.0856
88.7542
88.9035
87.1292
87.7688
89.2638
87.522
92.363
91.2605
92.2713
93.4581
92.3138
92.6854
92.0327
93.2279
93.5779
91.2573
92.0429
90.4347
91.0014
91.1959
90.1704
91.5153
93.5788
93.3637
92.5687
93.6482
94.3629
94.2832
94.6026
94.2506
91.9703
93.1288
92.1998
92.2792
92.8933
91.8987
89.9375
88.4126
90.4478
90.7014
88.4209
90.0837
89.5501
87.1729
87.553
87.5825
85.8466
89.1589
89.377
92.7558
92.1091
91.7346
92.2925
93.6399
94.4256
93.5207
91.7613
93.0398
90.4525
89.1266
87.3001
87.805
86.4771
85.5591
87.0351
88.5259
88.8547
88.5709
89.0607
88.9996
87.8886
88.4762
86.0603
85.1948
85.7489
85.0847
84.4007
85.4856
87.2223
86.7643
86.2727
88.2991
87.2236
86.4761
89.0658
85.9946
86.3028
86.6505
87.9097
85.0794
88.5095
87.2907
89.0721
88.5878
89.9824
89.4753
89.3417
88.2286
89.8007
92.5754
95.8863
93.0112
93.6759
91.1499
93.1344
91.0796
90.1769
91.7465
91.0188
89.6046
90.2679
91.1987
90.1138
89.1534
89.6725
87.8621
87.2464
86.3149
87.2718
87.2931
88.1545
86.9204
86.9802
85.1228
86.0801
87.1085
87.9206
85.1262
83.277
82.8942
82.2671
81.1666
83.5272
83.6792
82.9054
83.5699
83.1414
83.4014
81.743
85.1066
83.0395
85.3407
83.3836
83.7515
84.1655
81.4363
82.8494
81.9131
82.0789
81.428
82.0919
83.4312
82.4669
84.6777
84.2935
83.2278
83.8052
83.9565
85.2266
84.6188
85.8178
83.8418
82.0365
82.4086
84.693
86.7608
89.7108
90.6829
93.3475
92.6467
97.0744
93.5868
94.2688
95.8759
94.3284
93.934
92.3538
91.1877
90.3901
91.6628
94.512
92.513
91.7109
92.0039
92.4642
92.1901
94.8144
94.5471
94.8165
94.4988
97.9171
100.45
100.516
102.458
98.5197
100.372
101.304
101.667
100.386
104.189
102.783
104.094
105.905
105.419
105.765
108.661
108.072
103.414
106.081
107.595
104.756
105.166
106.261
107.162
106.415
104.109
102.19
102.984
97.8187
99.9817
99.4066
102.718
103.071
104.596
104.122
105.234
102.436
106.177
107.797
110.257
110.219
110.975
111.254
114.412
114.494
112.034
110.749
107.769
107.007
104.969
103.348
104.018
105.252
103.096
102.897
102.948
101.186
100.258
99.0805
97.7488
101.1
96.1313
96.0714
93.2165
93.9489
98.1681
94.2909
93.4253
90.8438
93.4389
95.7115
93.7656
95.1918
99.0987
95.0067
97.9683
100.646
101.241
100.172
99.1526
99.2008
95.6652
98.4097
97.6223
100.482
98.2527
101.981
101.526
104.605
104.874
106.531
106.388
108.292
108.313
106.646
106.757
109.251
111.659
111.645
112.059
109.111
108.287
109.397
107.649
106.415
107.379
105.297
103.966
103.477
99.7077
99.3461
98.3798
95.5219
92.425
97.2228
96.5118
94.6349
94.9245
92.8672
94.0439
95.5634
91.142
91.84
93.087
93.8741
94.2488
90.3153
92.5606
92.4593
91.8254
92.0997
93.8383
92.1509
93.2587
94.1524
92.0051
90.7307
90.5161
89.0314
92.1989
91.6262
90.2483
93.4842
91.4905
91.8919
91.0699
92.0319
91.9211
92.6454
91.5581
91.7361
92.5038
90.5696
90.5271
91.5326
92.714
90.9536
92.2261
91.986
92.5034
93.0535
94.8884
93.1788
93.2893
92.4539
91.6546
92.4769
90.5986
92.4787
92.4542
91.4766
92.1284
91.7771
91.5829
91.6012
92.0841
91.4644
92.8583
92.8504
92.6521
91.9604
92.8619
91.8656
91.7817
91.2074
92.0525
91.6062
91.0395
90.2177
91.2104
91.5873
90.9224
93.2129
91.4911
91.8316
92.7931
94.0599
91.5454
91.3822
93.0333
92.0305
92.7875
93.4756
91.7233
92.4952
93.0836
92.8344
93.8021
92.1092
91.1921
92.222
93.5691
92.428
92.3972
93.7464
91.1159
91.9217
90.0887
89.317
92.1073
90.0507
90.2727
88.9091
91.0045
87.5042
88.2025
89.7734
91.2221
89.5394
90.5045
88.5626
89.7459
88.6021
85.4288
86.192
87.1804
87.6334
87.7176
86.9267
87.7859
87.0419
87.5204
87.3624
86.4492
86.1758
86.3092
86.507
88.7888
87.9961
86.493
86.9333
86.8305
85.497
87.4748
86.9443
84.9964
85.017
86.1995
85.2545
85.1475
84.5538
85.9302
87.35
86.2942
87.2775
86.7547
85.109
85.8076
85.6273
87.5514
87.646
86.6026
86.3497
85.4439
85.6213
86.7492
85.0187
85.5341
85.6819
86.0011
86.5255
86.0202
86.1617
83.3099
84.8013
86.3813
86.9591
86.9017
85.736
86.3357
87.1952
89.3622
87.6137
87.7178
88.9541
86.107
86.9451
85.8282
83.8985
83.124
84.7067
85.3772
85.3824
85.9657
90.1158
87.6878
89.1674
89.729
88.0021
91.5859
92.1026
93.4459
93.6259
95.7646
96.8541
97.6986
100.143
98.9155
97.5508
95.1177
96.0145
97.5055
97.7864
96.5292
99.1016
99.4152
97.4422
94.815
94.5245
95.0632
93.9596
95.2059
95.0068
96.3824
99.558
100.285
101.926
102.842
103.306
101.875
100.19
97.1121
96.5676
97.4147
95.0705
94.6914
96.7398
98.7276
97.6657
97.615
95.0592
95.5454
92.4758
90.2315
88.664
85.8801
85.6816
84.6316
85.1644
84.5697
82.5439
85.3614
86.5934
81.2261
80.1708
84.0143
84.9088
84.7254
84.4723
81.401
80.0832
79.809
80.2486
81.3675
80.791
82.1071
79.8309
80.0994
80.0206
79.4562
78.1121
81.2968
81.1035
83.2037
81.8456
83.7545
81.9628
85.1286
86.0669
89.872
90.9451
91.5012
90.9323
91.7029
95.7146
93.5681
95.1888
93.745
94.3277
95.8301
97.2545
96.2383
95.4733
95.785
95.0482
94.1307
97.2622
95.1076
91.5656
94.2499
95.1258
96.7204
97.6968
98.6589
99.2396
97.0795
95.3771
90.5595
92.2478
94.1656
93.7376
95.3159
95.0184
94.8074
95.777
95.7932
95.7785
97.7204
97.9525
99.5202
102.921
97.437
96.3211
99.7174
102.105
101.086
101.804
101.933
106.097
103.549
104.588
104.597
103.505
104.744
101.564
102.068
104.534
106.153
106.234
112.478
116.927
114.575
113.196
109.743
105.822
101.361
100.137
99.3628
102.308
105.524
107.979
105.412
105.217
103.537
101.765
98.3025
97.4723
97.7299
97.5696
96.4875
94.5499
95.7948
94.8839
93.1528
92.2835
93.5255
93.7183
92.5234
94.3878
94.4186
95.1883
98.1569
95.4345
95.9562
95.6133
96.5217
95.5412
94.2099
98.2926
97.8712
97.8336
105.06
107.048
108.628
108.488
105.461
104.264
98.5977
92.992
94.824
90.8023
92.1802
87.4679
87.4873
85.2583
86.7115
86.9447
86.6766
87.4494
85.4121
86.3419
85.8477
86.9964
85.8725
83.0076
83.7526
82.6336
82.6239
79.9612
79.6239
78.9477
80.3127
75.2493
74.9298
72.2123
71.791
70.6922
72.2333
70.1455
71.0278
72.0023
71.2252
70.6377
72.6842
73.4721
73.2096
73.8787
75.2012
77.1909
75.5098
75.5667
75.091
72.6569
74.9059
74.5446
75.565
74.3825
74.0287
75.38
77.5885
77.6936
74.8354
79.964
78.6707
79.2148
79.4838
80.3235
82.7
81.9951
83.3529
81.6869
84.0675
82.2634
83.3454
83.1517
82.9874
85.4389
83.8022
82.3473
83.6512
84.5386
85.114
84.9998
85.0654
85.1456
84.3125
86.6358
87.0311
85.285
86.1422
86.2679
86.7238
86.8479
89.8566
89.1993
91.4932
91.8036
90.9274
90.3886
88.4576
89.3699
89.0565
91.1642
91.3671
90.6883
89.8698
92.4905
93.3721
91.3521
89.2544
91.7863
90.6311
91.109
87.8782
91.2248
93.9801
95.5055
96.1357
95.8331
100.321
106.812
105.654
106.767
107.514
107.469
107.673
108.447
111.717
109.579
109.853
107.911
103.579
105.274
104.755
107.261
105.742
104.217
105.374
107.688
105.15
106.262
104.273
101.363
98.8864
98.8533
95.4422
94.467
91.5593
90.5697
90.4174
89.3997
89.8451
93.329
92.942
94.6001
94.0588
90.2
91.7337
90.8302
91.5526
90.4426
94.069
93.2108
97.8285
97.4851
99.0134
93.9477
92.8367
94.1678
92.9797
90.4551
92.3199
88.8365
90.2329
92.7794
90.3676
89.3222
92.3883
92.8968
91.6606
93.29
91.3109
95.4729
92.808
92.6699
90.4316
93.133
91.2445
92.4367
93.9926
95.3877
92.918
93.952
95.1833
92.0323
94.0614
91.8553
94.3029
97.1732
95.3018
96.9302
100.75
101.68
105.391
103.589
101.891
105.331
102.561
101.773
103.988
103.039
103.956
99.2459
99.2585
99.8951
99.0958
98.1002
96.6803
96.3851
97.1711
97.8506
96.4324
101.258
97.8012
98.6239
96.5579
98.627
96.1986
97.5686
99.6827
94.6673
97.0141
97.759
99.4208
97.705
97.8346
101.05
100.11
101.951
99.5586
100.009
100.746
99.4631
98.643
98.6762
99.0882
99.2492
97.9088
98.6163
97.6189
98.7446
99.7386
99.9736
99.1931
102.035
101.598
98.1751
100.042
100.34
99.3054
99.747
101.777
100.854
102.422
99.308
99.5118
99.6296
100.966
100.902
99.3205
100.397
99.538
100.505
98.1416
100.038
100.053
99.3591
100.574
100.041
100.041
97.873
98.4459
98.7566
99.2876
98.3292
100.905
100.335
101.681
102.418
102.706
101.545
101.5
103.426
104.22
100.827
100.723
99.4576
98.506
100
99.6165
101.64
100.876
99.3239
99.5435
97.5494
100.779
100.833
102.654
101.963
100.29
103.032
102.484
103.269
102.661
104.597
101.805
103.562
105.78
105.711
108.316
108.675
105.632
106.073
106.291
106.875
106.017
104.325
104.974
105.791
105.376
104.508
104.286
103.22
103.474
104.483
101.63
102.775
102.183
104.559
104.507
103.338
101.469
104.889
103.096
101.509
99.319
99.4641
96.3986
95.6339
96.5902
97.834
96.8808
96.2827
95.7179
96.5614
98.6485
101.406
102.18
99.8679
101.479
102.739
101.142
101.746
99.5147
96.7839
93.4601
94.9015
99.1503
96.4281
92.5654
90.636
90.7537
90.8053
90.1712
87.3896
85.92
85.6007
85.124
83.0928
85.8282
86.987
87.3674
87.8933
89.3216
87.3601
86.1919
86.9387
86.5639
84.4193
84.8817
83.4098
83.9772
85.912
83.8986
84.373
83.8684
83.2894
82.7348
82.1944
81.5893
81.5205
81.363
81.479
82.502
82.9282
81.7951
82.3476
84.2702
84.1246
82.3299
83.4321
86.3258
88.982
90.8871
90.7769
90.9507
93.9148
94.1022
93.9306
95.6653
98.4848
96.8003
93.8826
94.3064
96.7316
98.7907
102.015
99.1985
98.6003
101.024
101.762
100.85
103.018
107.12
107.214
105.041
105.58
107.985
103.715
109.429
108.371
103.235
100.331
100.672
105.033
102.632
104.515
108.654
114.646
108.036
115.836
112.237
114.371
113.143
112.804
109.987
113.443
112.705
111.125
110.651
111.929
110.806
112.918
108.725
110.585
112.7
110.136
110.306
108.927
109.737
109.794
110.72
110.317
110.214
113.401
109.309
109.609
111.156
111.683
109.215
110.508
108.944
111.689
108.511
112.794
111.317
109.367
110.206
110.278
110.326
109.064
109.762
112.227
110.636
110.452
110.033
110.958
108.176
110.858
109.509
110.372
110.215
110.72
113.839
111.588
110.247
109.21
111.068
110.321
110.984
110.539
111.975