88.2626
89.5043
89.6117
85.3324
90.1697
85.8198
87.9209
83.752
88.264
87.8438
88.1716
89.1012
88.4017
89.8168
84.2172
85.6284
88.4141
84.2849
85.112
89.2581
84.3133
84.1185
88.1022
84.4538
84.6136
89.3508
87.5375
88.2154
88.8272
89.2494
86.5076
84.0583
88.8809
86.94
85.5377
87.2017
85.3023
90.3742
86.7711
85.2502
88.8224
85.4101
88.0023
87.3502
87.162
87.7695
86.1492
90.4747
87.6655
88.3685
85.2013
84.7996
85.7678
86.9814
87.5707
87.6879
90.5671
85.2784
89.0119
87.8613
87.083
90.4816
89.4025
83.2142
86.1276
89.3483
87.5129
90.8449
88.797
83.6938
88.9131
88.6811
87.926
89.4251
89.2572
90.2267
88.8687
86.0558
86.1015
87.431
86.1039
88.3913
87.1877
85.4593
85.3138
83.6596
91.2459
91.2644
87.2606
87.6412
85.8203
84.6258
87.4926
87.4609
88.3541
84.549
87.0662
87.924
87.0512
85.1269
88.0351
86.9956
90.4889
86.6752
86.046
86.5399
90.8312
86.2209
83.3844
89.7094
87.9673
87.7673
87.0565
86.5324
87.808
87.7763
88.4454
88.2565
90.1011
89.3095
86.1272
85.7698
88.9504
88.5169
84.1916
86.8259
88.4116
88.1534
85.4733
86.2094
90.3692
90.8932
86.1245
88.1401
88.1401
86.151
87.3055
86.871
86.6695
87.4377
84.6465
83.0933
81.8803
77.7355
72.6542
70.4185
70.0928
72.653
70.4234
74.9604
67.7762
68.2521
68.2855
68.2019
68.3993
67.6351
65.2535
60.9086
62.6347
64.9745
65.5899
67.6164
67.7061
69.0643
69.2962
68.5943
73.8661
70.7924
72.6549
73.0212
69.5875
66.4124
67.1549
66.2864
65.5007
66.3008
65.2513
64.1122
65.4013
65.714
61.839
61.0867
62.4181
70.5184
74.6608
69.6768
63.631
64.1782
61.643
64.6738
65.575
66.8647
63.9967
65.7415
65.3501
70.3609
68.9884
70.2722
72.4999
71.8124
71.0217
72.4751
66.3864
69.7468
68.14
66.622
68.6832
67.7061
67.3067
67.4922
66.4521
66.2167
65.6057
65.904
69.443
69.6362
68.8468
67.1553
65.9666
68.7423
69.5006
67.0659
69.494
69.259
72.1419
71.2436
72.1184
71.1875
67.938
65.8869
67.9754
69.96
70.0386
71.815
68.9101
67.8073
66.1784
63.6459
65.6987
67.0288
67.3956
68.5129
66.3451
74.0968
73.5371
70.993
68.9483
66.6765
65.566
69.4449
68.0371
68.6103
70.3509
69.2796
69.2172
69.9039
67.9553
65.5881
64.5752
66.2524
66.7101
64.923
66.2348
65.2582
63.5372
64.7174
64.7513
65.5081
66.5834
63.5234
65.1161
67.6116
65.5354
63.2749
63.3373
63.3618
63.7043
62.9893
61.3055
63.0436
59.9825
58.0425
64.3395
62.0917
62.709
61.69
60.8218
59.7751
59.061
58.778
57.5244
59.7952
62.0688
65.4877
70.3316
69.7757
68.8942
91.6377
90.9403
87.8394
71.5523
68.5168
70.9145
72.0479
71.9056
69.7475
69.2621
69.1593
67.9566
65.8461
64.0025
64.2694
63.1547
62.5249
60.7846
59.4969
57.6011
57.7079
58.622
59.1592
55.2772
56.058
58.1015
60.8368
58.9602
62.9544
63.8281
92.5979
97.0425
100.487
64.9631
67.6658
68.2181
64.0828
65.0948
67.9288
66.3991
69.6151
67.5041
69.7243
70.0567
69.9055
68.7589
66.2068
65.4342
65.8002
65.6543
65.147
69.2717
67.5697
69.1084
66.6444
67.298
68.7062
64.9021
65.7583
66.1707
65.5001
64.7659
63.6888
65.2183
66.1006
64.2142
66.1901
66.4014
68.3943
68.5214
70.3335
72.8642
74.7115
72.5569
71.5183
71.8137
72.1052
71.4009
73.3539
71.4251
70.8327
71.4047
71.2959
72.174
71.5845
71.1456
71.2075
69.7897
72.2323
74.811
74.7726
75.1429
77.8583
76.0692
75.705
74.9728
75.6284
76.3353
72.8637
73.8841
71.9683
75.6697
78.251
81.2192
81.5447
88.8357
86.8997
83.5986
80.1414
85.9803
92.2121
92.6842
87.9223
89.4021
83.663
81.4429
85.7328
88.1042
88.3051
90.8635
92.8016
87.6478
91.2785
93.7592
93.7404
94.4593
97.3457
96.7344
97.2551
91.3104
89.3695
87.7994
81.5796
82.0814
81.2304
79.4927
76.5132
76.5538
72.2648
71.0979
71.1532
73.4798
73.5914
77.6064
76.4022
76.9508
78.1101
79.3726
77.9985
76.9636
75.9598
74.4846
75.9818
77.3098
79.536
82.4884
84.6507
82.2193
82.9865
84.3752
84.6125
82.9645
83.8122
81.5328
83.0516
81.31
74.9664
74.3597
68.3167
69.3424
62.3418
64.3939
64.4152
66.5705
66.1163
60.3458
59.4124
56.6151
56.4978
57.3806
57.2124
52.2094
53.1071
49.6329
54.7264
54.3963
55.003
54.3415
56.2671
54.7923
56.756
54.8168
60.1852
62.1165
60.6083
60.8811
60.2978
62.9207
62.276
61.1051
59.6048
61.5173
65.6955
64.2419
68.6749
68.9966
70.1916
69.3365
71.151
73.4173
75.3561
74.1618
74.1969
77.1993
76.0408
78.132
77.4976
76.9511
76.3926
76.4529
78.0533
80.2175
83.4566
81.7127
79.3898
77.5894
74.0215
74.9279
73.7472
77.0415
72.5235
66.6406
66.2825
68.2519
67.4141
68.8115
61.9497
65.4525
68.2165
67.573
66.8537
68.6327
68.4739
69.3758
68.3926
65.7426
68.7909
66.9361
70.5259
70.4538
70.9634
70.8826
73.08
73.9876
71.4099
72.1725
73.3237
77.1359
76.4381
76.9767
74.1747
72.1533
74.6015
73.4638
75.481
74.6266
73.0976
76.3572
78.4073
83.3194
81.4185
82.4253
80.383
82.8246
82.2367
85.1894
83.0861
84.0631
78.4544
77.5982
78.6245
76.548
77.0634
75.457
74.5272
75.2176
77.27
76.5218
75.175
76.2801
77.4902
75.8094
75.5968
77.3151
76.4611
79.1257
80.3226
79.7395
78.1845
83.4921
75.4616
77.1357
77.2873
77.567
84.8694
87.557
94.9244
92.5649
92.0675
89.333
88.0009
88.6162
87.6409
85.652
81.6926
83.2068
82.7536
81.2062
74.6236
73.2907
75.3677
74.9077
73.4151
75.3856
77.9745
76.8346
73.4194
78.0406
74.5091
74.3971
76.2184
74.5095
70.4976
76.306
74.5103
73.4683
72.146
72.5208
71.3844
69.956
69.8233
68.7174
63.3848
67.7657
66.8393
67.0303
68.4527
68.3575
70.9911
68.5944
64.501
66.2772
68.5948
69.0839
63.1832
66.5205
65.1992
64.8297
63.2353
62.2522
64.7716
63.1152
62.5465
65.492
63.4845
65.7652
65.0574
64.4761
64.848
62.1746
64.6194
63.0393
64.5423
63.1432
62.6714
60.4095
61.4724
63.1792
65.8324
63.4867
64.6146
61.7626
61.9167
63.6292
62.191
62.0025
64.1517
63.5472
66.687
65.4722
67.9346
67.8347
65.4284
68.7735
71.3928
67.3441
69.7322
68.2041
67.2952
65.4341
64.9818
64.5311
64.5243
63.3157
63.0212
65.4568
67.9586
68.471
65.2944
64.1357
62.2476
63.7278
63.1681
62.7219
63.2246
61.6143
59.2143
61.0144
61.2126
61.3249
60.6495
60.8879
59.3771
58.8483
59.9865
59.2622
59.3072
57.8894
56.5516
58.0612
56.3512
56.7491
58.0435
59.0114
57.1186
57.5655
58.6722
60.263
58.6477
61.8857
62.1073
61.0749
62.0968
61.3066
60.4704
59.773
58.2996
58.2189
61.4031
60.8979
62.4194
60.6346
59.7158
58.9747
56.9997
58.7178
58.6516
60.1424
61.1816
65.1082
66.2912
65.1488
66.2428
67.182
66.1996
65.1038
66.104
64.4426
66.0554
67.9896
67.9885
68.7067
70.0864
68.7233
69.3233
69.5155
68.4548
66.8663
64.635
63.0886
62.8947
60.7055
61.2714
64.0249
65.3357
64.9292
67.8291
70.1433
74.9462
76.7128
78.8956
77.4473
75.3913
71.262
72.3072
75.1161
75.438
73.1015
77.4721
72.4144
74.8817
75.2144
75.3326
75.1686
72.2003
75.3023
74.959
78.7302
82.2484
83.5389
84.7308
81.8905
81.5495
78.6419
78.313
74.3757
78.9033
80.5499
81.1441
81.0639
80.338
78.1481
78.6468
81.0544
82.3332
84.8022
87.3973
89.1234
87.2979
88.1836
88.4974
81.4254
80.5682
78.4196
78.7147
85.1703
84.0834
83.2645
81.0916
81.5856
82.764
76.2469
74.9917
71.8036
72.6861
72.1096
72.7618
70.8678
70.9244
68.6466
69.0039
67.8614
64.7123
60.3421
58.846
59.4878
58.7067
60.5661
64.8917
60.6051
63.4384
65.0744
63.34
66.708
68.3512
66.8749
66.9055
67.3871
66.369
66.3987
65.8852
70.0815
67.315
68.3483
68.6558
69.504
70.1683
69.1511
67.8575
69.6309
69.8103
70.419
67.2016
70.8307
67.7464
66.7745
67.8686
69.4259
66.0665
65.1515
67.0816
64.9037
64.7099
63.7505
63.3549
63.5696
63.1856
63.6607
65.123
65.3939
65.319
67.3636
67.5564
67.4713
68.8718
69.5967
70.2338
68.4727
69.4468
68.8443
67.901
66.2897
63.8909
65.6579
66.6888
67.4036
67.5167
63.9153
65.2727
63.3646
62.6217
65.8742
65.5419
66.4696
66.5149
68.7406
66.2185
68.4788
69.5416
69.4162
64.671
64.9062
66.589
67.077
72.0542
70.4315
71.0681
72.795
72.0342
71.2024
71.511
70.0963
71.0263
68.7417
65.1667
67.1538
66.5536
65.8347
66.6045
68.7825
72.8296
76.3064
79.5595
80.7245
79.9816
79.2286
74.4521
71.8151
70.46
72.7907
75.5966
75.9986
71.9289
71.6805
70.4467
69.283
69.8271
71.6914
74.6493
74.4601
75.8284
74.9251
74.5476
74.0019
73.2921
72.3151
74.4118
73.5468
74.2425
72.0593
70.1206
68.9269
70.7943
69.8912
68.2266
68.2896
67.199
66.3551
68.4103
66.9602
68.7706
66.5242
67.706
68.8297
69.5799
72.1688
73.2165
71.5881
73.4408
73.7548
73.0847
74.8336
73.4966
74.3649
74.0361
74.5468
73.8247
74.9899
73.3014
72.0617
73.904
73.6955
75.0642
75.4009
76.3381
77.532
75.7249
77.599
78.2722
80.157
80.2049
81.1302
81.5472
81.0463
79.9809
78.9134
79.9704
81.1887
83.6184
80.7495
82.1881
83.3217
82.9793
86.337
88.5403
87.6985
90.031
93.0451
92.3509
92.1658
92.3745
90.8197
87.2417
83.916
82.3234
80.1697
78.8459
78.9526
78.7781
78.3275
77.0637
77.3831
73.7372
73.6545
73.9843
73.035
73.8765
73.8045
72.768
72.4884
75.2415
74.503
73.2285
74.731
75.4705
72.9014
74.8895
73.2326
78.4416
73.8677
74.8513
75.0015
73.5918
72.4294
72.3226
72.935
73.0675
71.1673
68.8035
68.0081
68.8774
70.5068
67.1444
68.1018
67.325
64.8508
66.7331
67.3617
67.853
67.7007
68.3463
71.5174
71.2883
71.5044
74.9315
74.7803
75.5085
77.0392
74.6067
75.0703
73.6293
70.9548
71.6678
68.4391
68.8125
69.0382
67.2575
67.7281
67.2706
67.6843
67.6277
65.2848
67.4698
68.5308
69.2586
70.4883
71.754
71.5384
72.2973
71.3126
70.6582
70.0183
76.7057
71.4188
67.13
66.601
68.183
68.7526
70.3236
68.1657
71.2268
69.34
71.8768
72.7739
69.0832
69.7514
72.466
72.5657
73.743
71.7625
74.1457
75.7419
72.8273
74.5556
71.036
72.4102
75.9129
75.1591
75.9846
77.2395
77.5521
76.0207
76.9265
75.9766
73.9446
69.7851
74.9762
72.3063
72.4757
73.0705
71.1938
71.4375
69.6462
69.4766
70.744
73.0113
69.9702
71.5622
70.5292
71.7821
70.2249
69.7185
69.9302
66.0565
67.1712
68.6095
69.1752
65.8176
67.3316
69.2515
68.1446
67.0145
68.3238
68.134
68.8096
67.4605
71.1918
69.9957
72.5194
70.4958
70.4121
70.5868
72.9156
73.5057
73.0936
74.8074
76.038
77.8729
76.7718
74.5804
74.2598
69.6691
70.6678
70.8608
70.0884
72.977
69.8547
70.5032
68.8391
68.5717
67.7027
66.6097
65.6739
65.604
67.1724
65.905
68.2945
68.6849
70.6905
68.6588
65.4093
67.7119
64.9592
65.3701
69.1812
66.3334
66.979
67.8247
68.417
65.5187
77.4303
83.6172
80.937
74.0643
74.2701
74.6858
71.9095
76.3178
73.6595
70.1616
70.8534
67.0849
67.1726
67.1637
68.7966
70.7347
68.1699
68.7652
67.1644
68.6451
69.5783
69.4542
68.7113
66.5227
66.7638
66.5925
66.249
68.7374
68.3285
66.6853
80.9933
77.3974
79.7238
72.5271
73.6869
76.6761
76.8381
74.8062
75.2122
73.9085
74.1651
74.7882
71.8639
68.5742
67.9864
65.3912
65.3889
67.208
66.5079
67.2343
64.9199
64.7132
63.3785
64.9337
67.6645
67.1689
68.8389
68.1179
69.7159
71.9914
69.2865
67.8657
66.8586
65.3109
65.0574
66.0692
66.1253
65.3635
64.0457
70.5041
71.5338
70.2155
71.8837
71.1658
70.5617
70.8852
69.9852
70.3241
67.8907
65.6659
65.245
66.7844
64.1053
67.7812
70.918
71.2442
73.4382
75.1453
77.1398
78.949
89.7391
88.8458
89.5151
85.4085
84.0135
84.3916
76.1803
76.3798
75.8763
90.9267
88.1985
86.3994
81.9874
80.4449
83.1305
74.8214
76.4396
72.387
74.1882
72.5428
71.2912
71.0028
72.4613
71.9638
74.1043
72.0239
71.9808
73.2451
70.9389
69.8252
67.3616
67.2199
68.0552
67.1812
64.6912
62.8273
63.6169
65.8958
69.7971
68.3693
67.8054
68.776
67.274
66.3866
68.0101
67.6588
67.699
67.2513
67.4163
68.1425
68.9362
71.1836
71.0452
72.82
74.7914
74.1368
74.4755
74.1925
71.2057
75.2513
72.3148
72.2957
75.1943
76.1773
75.5775
77.727
74.5101
74.8359
68.5229
73.9428
73.5103
69.9417
67.6159
68.849
69.0974
68.2629
70.6097
69.2659
71.4539
71.9362
71.5754
72.887
75.0419
72.4844
75.0761
72.5357
71.6742
72.8391
72.4584
70.8012
70.0614
68.8535
69.9649
69.992
73.0636
72.3219
71.4737
67.6869
67.2055
65.8932
67.544
65.3629
69.2927
76.6827
72.6692
73.8576
69.3975
73.0121
70.3439
67.7
68.7213
70.8822
76.9455
77.1792
76.3143
74.7335
74.7055
75.1166
74.6826
74.9009
72.2821
71.8339
70.7838
70.1592
72.1669
72.3984
73.0879
76.1778
74.736
76.9949
80.5263
80.1538
78.9399
77.7285
77.5853
78.3987
77.6272
79.5463
78.7992
79.833
82.6449
88.6213
84.1882
82.1325
81.5686
88.4597
94.1611
91.0629
90.8338
86.7318
89.3217
89.1389
85.2762
79.438
75.9638
77.6387
73.6059
73.271
71.0724
70.1401
67.7999
69.897
66.4575
72.4819
74.9162
76.115
77.9566
81.1438
81.6945
87.0181
93.9511
90.778
92.5132
90.808
90.591
90.4176
90.9182
91.3606
93.162
91.9096
93.4691
93.9942
95.7032
95.7597
98.4641
98.55
96.0016
86.3438
85.4327
82.0142
79.9657
74.7735
75.7672
68.7639
69.4914
73.4816
76.3389
79.5155
86.5851
94.6911
103.49
113.724
108.299
102.974
99.9372
96.4806
97.6103
98.9013
97.3778
93.9622
91.263
92.1684
86.7616
83.2813
78.7594
74.8505
72.8329
75.5032
73.6925
72.6591
77.456
77.4167
81.3155
78.2884
78.8892
78.8535
76.8758
80.1238
82.9788
80.8251
78.4042
83.6309
83.9726
82.2787
77.6908
79.0265
80.2487
82.4649
80.3431
85.0989
86.245
83.7774
84.1558
86.5248
81.8002
81.648
82.5068
83.677
79.6991
82.9207
81.4464
79.8664
80.1473
76.1906
78.6746
81.3809
80.0232
80.7405
77.0936
76.9562
76.9476
73.2533
75.5046
71.1093
72.4535
73.0231
73.1838
72.8207
69.9301
70.4793
70.0557
71.2547
74.2478
81.6005
84.1224
86.8048
86.8687
85.1684
77.3203
73.252
72.9609
71.5666
73.587
74.2303
70.2937
70.3132
69.4508
69.8348
70.3283
68.5706
69.0649
70.3209
71.7922
70.6404
74.293
74.7248
76.5183
76.2639
83.0469
89.9479
89.6242
90.8243
90.0964
87.5105
83.6561
80.5501
79.8475
77.5069
78.6532
77.2427
77.8091
76.7599
74.4007
74.043
73.7781
71.5052
70.9577
73.6828
71.2175
71.3252
69.2125
70.2957
70.5234
70.2834
75.7185
82.8296
85.7907
83.0601
85.1022
85.972
87.0784
88.3726
82.7955
76.471
75.8229
75.3199
75.5529
74.3233
73.0812
71.189
72.1814
72.3143
71.5869
72.205
67.8777
70.721
69.4392
69.5721
72.3866
71.278
70.154
71.5537
69.6984
70.1176
71.8073
77.1269
79.1214
80.1113
81.8733
84.0967
86.6347
88.5142
86.1875
87.2326
83.1079
82.4315
83.4397
81.715
80.8128
78.6159
78.0785
75.2245
76.308
77.6422
75.0864
75.031
70.6577
72.4119
73.0054
75.2006
74.3905
74.1447
74.1199
76.9827
75.3398
76.6129
76.7664
80.4763
79.8469
76.3891
75.8187
79.1994
77.1207
78.3347
74.6683
75.8603
72.9052
72.4254
72.524
72.5702
74.8192
74.7856
70.7323
72.0423
72.1688
73.19
75.0675
74.2686
72.2836
73.857
74.1678
73.2916
74.5542
72.8207
74.0732
73.9273
75.0904
75.709
76.715
76.5114
78.7941
77.7155
75.2108
75.8691
77.1056
76.2813
77.0913
77.7551
77.5469
78.8783
79.3964
77.0978
76.9312
77.9048
77.8933
78.5222
80.6601
81.0247
79.2067
80.7495
79.1425
79.8722
82.6372
82.0877
80.0386
80.7511
83.3662
77.3608
82.9338
80.0489
84.9742
80.8981
82.4752
83.0229
82.4661
86.079
82.1713
78.946
78.4893
79.0749
73.4116
75.9274
78.8433
76.7055
76.9495
74.7304
74.6292
75.6045
73.8671
75.4227
76.3165
75.7698
75.7613
74.3867
76.4776
77.5081
74.8861
74.8407
77.9542
75.5807
74.3177
74.7342
73.4287
76.4085
75.7799
76.0803
75.9713
75.0767
72.9969
71.2513
72.2673
74.6959
74.5522
73.4661
75.6754
76.5632
75.5972
77.1648
76.8959
82.1926
80.6785
86.0228
85.2176
86.0066
82.7216
85.0853
88.5775
87.7306
86.1225
80.675
79.4258
77.9029
81.5526
78.7969
76.9696
77.5321
74.557
73.8761
72.022
71.3937
68.24
69.2913
66.4226
68.1603
68.1599
65.1766
60.989
64.2415
57.6378
60.3614
63.0855
63.4589
62.7958
63.0958
64.1066
66.0117
66.061
64.7164
64.6876
65.5776
65.5308
62.5494
63.4124
63.5378
64.4501
64.932
66.3511
68.5051
69.0989
68.7384
69.7382
69.8229
73.2227
68.3802
69.9735
72.0941
71.0133
70.6852
74.2955
73.0586
70.2163
67.1929
68.033
70.3017
70.1945
71.9714
72.5172
72.509
71.2966
71.1876
71.8387
73.1863
74.4717
74.3772
74.8582
77.7584
74.9076
75.9021
74.5148
74.5738
75.9262
80.4405
79.1697
82.7745
84.7655
89.6766
93.5996
95.8262
97.1161
95.405
93.2454
94.2563
93.5991
93.4738
89.3952
91.0544
86.7131
84.8298
84.479
85.4752
83.682
81.6461
80.2442
76.9914
74.8489
71.4448
69.1123
67.2218
69.5114
74.2186
73.1599
77.8966
74.569
75.3681
76.4108
75.7674
76.1637
75.6675
75.2531
76.5727
79.8942
84.1179
84.758
84.2387
79.63
75.8393
72.8229
71.8034
74.2036
73.9374
74.2354
69.8611
66.0951
60.6721
60.249
60.8909
58.9207
54.7135
53.6657
51.7738
54.4163
52.8434
56.0316
53.3379
53.2377
54.5131
55.3653
56.9782
54.9174
53.2833
55.8514
54.8182
57.3967
63.3714
68.7121
74.1735
72.7143
67.2786
66.6185
64.8851
77.9991
77.2799
76.3423
69.6027
69.0617
65.1034
63.583
64.8723
62.8627
62.4567
63.6217
63.7748
66.1429
65.2721
68.146
67.9308
68.0438
68.1959
66.725
66.8671
68.1584
66.1901
65.7823
64.8057
64.5204
62.4779
64.62
61.9549
64.588
62.9536
62.2927
66.1364
66.6776
65.8259
65.4155
68.13
70.2906
69.382
71.4103
71.9325
69.5821
64.258
66.6752
65.7752
69.0962
67.0952
67.6426
63.033
62.5927
63.3562
64.5462
59.4617
61.2126
61.1081
68.7008
68.7664
68.8124
65.9096
70.3197
68.1023
71.4673
67.2177
71.6017
67.1403
67.385
68.7812
72.2025
70.4728
74.6305
77.5628
77.6842
78.9282
77.8055
73.4342
73.6395
75.9493
74.7852
73.2666
79.6264
72.4579
74.1104
72.717
72.6612
73.139
69.4327
75.4174
72.8737
70.0477
71.86
70.941
67.1938
69.4515
66.4802
69.9212
69.4134
67.7205
72.7073
72.4687
68.0711
68.4163
68.3201
68.3504
75.3487
71.3326
83.5771
82.8244
83.0044
86.7067
88.2572
87.5897
94.6661
94.6022
97.3955
95.4985
93.1198
110.355
104.001
97.2157
100.063
103.18
102.435
100.8
100.436
100.592
99.4784
103.607
102.092
103.394
99.8746
99.7359
105.894
98.3764
98.5102
102.365
101.437
101.243
101.192
102.777
99.9243
101.055
98.1649
101.748
104.226
100.363
104.559
100.904
100.366
104.33
101.854
101.334
100.111
102.247
102.074
105.357
95.4062
100.352
96.7654
102.054
98.6997
103.365
102.048
99.4452
96.6285
96.425
101.125
101.369
102.684
99.7687
102.092
99.0324
104.591