59.7772
61.8184
61.8329
60.9097
61.3557
60.6939
57.4968
59.6151
57.0576
57.769
58.5882
60.9998
62.3602
57.9432
60.8315
58.3458
60.1819
58.8978
54.8985
60.5284
58.2564
58.7367
60.2757
59.0096
61.507
59.0034
60.5466
61.8493
63.1419
65.9309
62.0612
63.0096
61.8704
60.6713
56.4636
61.8954
58.6581
58.1618
60.5001
58.8535
56.5571
61.43
60.8493
60.4253
63.6049
61.2263
63.3318
60.9638
57.9786
57.0577
55.7274
60.2869
56.5934
56.3127
55.2574
58.3722
58.3918
60.6878
61.8778
58.6807
56.4241
55.4269
58.6454
58.7475
60.1439
57.045
58.4726
59.2273
58.887
57.8589
60.6042
56.4118
55.8941
56.2129
54.1752
60.5179
59.3701
59.7049
61.9135
63.4794
55.3432
61.2276
61.9715
60.1713
59.3154
61.509
62.4147
63.6713
62.7687
62.2059
61.702
61.1164
64.1122
63.9046
58.9547
57.0186
63.7446
65.2925
66.1141
64.4336
65.5847
65.7033
64.2082
61.1324
64.1324
62.5908
66.5627
63.129
63.376
62.6481
61.8977
61.0992
58.0793
60.0893
58.4917
62.3821
57.102
55.7362
59.6088
56.0513
59.7081
58.516
65.0087
61.9599
62.6371
60.7358
58.9541
60.3903
59.0897
60.9752
55.9599
52.8106
53.0819
53.4651
52.1787
55.019
53.1755
53.4633
55.8828
51.5284
55.3864
57.0186
58.1836
57.3409
58.0096
58.2236
57.4305
57.2443
56.3205
56.6765
60.2238
54.1799
54.7003
58.0566
58.4745
59.1447
59.1026
60.8377
60.664
58.5443
61.2844
62.194
61.4533
55.8219
61.608
55.7227
61.7764
59.57
59.0905
59.1798
61.2449
61.7038
63.408
64.3645
65.5011
61.9448
60.5622
62.6769
57.9413
58.0369
57.4367
61.6997
55.5013
58.6472
56.7751
56.4583
62.81
60.2335
55.6986
59.5803
60.3794
60.7239
59.0792
54.7541
54.892
54.6165
61.9043
64.9644
67.7436
67.7365
68.4895
67.2829
68.4889
66.5567
67.4004
65.9426
67.2621
66.8865
63.5898
65.0743
66.602
65.0658
66.7701
69.4266
65.7598
63.2428
64.537
66.081
67.3633
61.2544
62.6255
63.1873
61.1463
59.8501
59.2863
57.7623
57.3114
59.7713
56.9296
54.5898
56.3338
56.7029
54.694
53.955
53.2564
52.9223
54.5308
57.1596
57.1224
59.5449
61.2517
58.3545
57.9626
60.8504
58.0314
59.7766
59.7024
60.7534
59.6042
58.2466
53.0917
49.2065
51.1399
51.2187
51.9986
49.7628
49.2469
47.5717
44.6141
42.786
40.3767
44.786
41.4277
43.8401
46.4148
47.4807
45.712
45.3844
49.2752
51.3713
51.5637
52.6696
59.2951
61.4028
60.1634
63.8283
57.6754
54.7674
54.268
53.8097
49.2778
44.5135
45.4999
46.8163
44.2416
42.4688
45.8696
51.0366
51.8689
50.2523
47.5805
49.5762
53.8671
52.8196
57.1891
51.4693
51.2065
48.7856
47.8383
45.5132
50.6272
42.2271
39.5914
36.8366
38.4554
40.5041
40.0294
39.6496
38.5395
37.2978
41.5718
46.9682
40.64
48.7759
47.4364
49.2264
53.4971
59.0397
58.642
63.3348
61.5947
58.8035
56.8181
58.8073
55.0254
46.3713
47.1387
41.4508
48.9257
47.6657
44.9196
43.4167
47.797
48.1247
51.3606
56.5116
59.1205
63.8205
70.0054
64.2429
57.9127
57.8341
61.407
60.4843
58.3392
55.4159
57.821
60.4389
59.8414
55.3458
60.866
59.7165
57.8707
59.7627
56.4538
59.4346
58.1002
66.3571
64.9831
66.1774
63.7242
59.4198
58.075
54.6729
55.2361
53.4561
56.4732
58.9084
55.6817
53.2656
58.0894
60.9257
62.1336
64.339
60.434
56.7781
51.028
54.2192
60.5322
58.949
57.5674
60.2323
62.3376
63.6729
65.8718
60.2229
59.515
58.8735
54.4262
53.5702
49.4515
47.1625
49.1472
44.6707
50.6729
57.1156
54.3334
55.6306
58.8555
61.1286
59.1207
63.796
64.1561
62.5132
66.193
57.5886
58.1969
56.3859
50.9229
49.2303
43.5948
48.3697
47.9763
47.9823
45.2276
46.5327
51.1166
44.6546
46.1386
56.4468
57.9763
61.1479
62.4256
59.3487
57.5658
48.4759
49.3729
49.267
47.456
49.434
56.3361
60.0034
61.1158
56.5281
53.6593
58.7001
57.9919
57.2474
58.1517
52.4252
54.8061
53.3797
56.9677
57.319
53.7514
58.1108
59.7078
58.4501
59.7267
55.0643
54.7601
55.5096
58.3437
59.5897
54.1102
56.9911
57.7623
61.793
61.8437
59.0346
55.4643
50.6449
56.8513
57.1317
57.0672
56.7371
55.5946
57.1475
52.7494
60.8094
65.172
63.0134
62.5605
63.0964
58.558
53.334
53.7777
52.5074
53.9461
53.7704
52.2118
53.8235
51.6354
48.633
52.2045
58.3497
55.1145
57.6713
61.7534
62.3015
62.3534
60.365
55.6013
57.8724
56.5277
60.1853
58.8668
60.8664
60.6307
51.314
49.8663
47.4178
45.0923
42.6253
43.4551
45.0704
49.7849
49.8284
60.5175
59.5184
60.1238
57.75
62.4716
60.446
61.1914
62.9964
52.035
47.3705
47.7661
47.4957
47.4858
48.5195
47.3255
46.2109
49.4481
44.8063
45.2008
45.9747
55.1843
58.6786
59.8997
58.591
56.2572
56.836
55.5754
58.3504
58.8972
56.7338
59.4528
59.4288
58.5043
60.7683
65.9427
65.9056
65.7698
65.5993
63.7453
61.5254
63.4017
61.1769
61.4678
59.7694
63.698
67.6065
65.3573
62.5938
61.8062
61.8837
61.3608
64.3571
66.9927
66.2794
63.3522
66.581
68.2025
66.0906
62.3139
67.6373
65.1735
63.141
59.6012
59.1198
58.3373
58.0019
57.2347
57.7799
59.5739
58.9575
62.4369
60.1149
60.6018
60.0832
59.6111
57.9189
61.9547
60.342
58.4879
61.2874
59.4615
56.7495
59.7952
59.5886
61.8731
60.1163
58.9428
63.0132
63.2319
62.3186
65.2123
62.6963
62.7432
65.0312
64.249
65.1934
63.3727
63.6937
62.6355
61.6497
60.7409
59.196
61.4287
57.5017
53.3378
54.4696
50.8571
51.7457
50.6774
44.9456
47.2782
42.8196
45.3425
42.242
47.1412
46.2485
42.3636
43.2044
44.5146
42.5699
47.3131
44.4977
42.9788
48.218
46.7608
49.4493
50.4372
50.2663
50.5841
49.5716
47.4279
49.7335
47.3296
47.4016
49.6687
49.051
48.2243
49.781
46.8526
46.658
47.2784
50.2479
45.5671
48.6573
47.678
46.2106
46.3681
44.9687
43.7852
43.9533
46.4709
45.3956
44.7913
44.5962
44.4192
43.6445
45.4318
47.7813
49.9019
49.6507
50.0438
48.4546
48.0728
46.6912
47.9353
47.289
46.4944
48.4667
47.8762
51.1197
53.001
51.7144
54.1245
53.7988
53.8995
52.5908
53.1849
58.211
58.0117
59.6387
59.4024
58.9903
62.6666
61.8951
62.5932
60.9204
57.2749
57.2341
59.8897
60.7932
59.5298
57.3834
57.3123
56.6407
55.9205
59.0415
59.3703
59.633
59.7809
58.5898
59.5837
57.4192
57.2398
55.9327
59.1342
57.0751
55.225
55.3041
51.5055
49.7413
50.9785
53.7634
51.0179
56.4086
54.8484
53.6433
59.3444
56.1743
57.6741
58.7476
54.7452
52.4236
53.3605
47.477
50.1435
50.8569
45.2947
47.734
48.1016
49.4762
51.4582
51.1625
48.4182
53.2161
53.5655
54.2913
56.4059
57.8131
59.667
58.4399
60.811
62.4274
66.7323
60.645
59.1891
60.5828
56.9404
59.0198
55.6327
56.896
58.168
56.3404
60.6556
59.7251
60.2726
55.3307
58.4355
59.9288
59.1544
54.8219
58.903
57.4768
57.4427
57.06
56.3394
59.6263
59.516
56.9361
54.9108
56.4566
54.2653
54.3688
57.8142
57.272
54.8276
51.7972
51.0698
52.9587
51.2614
49.668
49.004
48.5873
45.4163
44.4045
46.8789
42.4078
50.0019
45.4893
46.0952
45.0063
42.9417
40.4712
42.5925
36.3495
41.0619
34.4026
36.6667
39.5201
37.9705
33.0438
35.3594
37.4379
39.6369
42.2044
43.5836
44.4767
43.1375
41.5833
41.5217
44.9949
43.0301
43.2216
36.0794
36.2866
37.3858
40.2105
40.8924
43.9263
48.4977
52.3879
52.45
55.8427
49.636
53.3771
54.3613
52.4381
50.7969
52.9289
53.3753
55.0002
54.0466
58.4412
59.3815
61.9915
62.2878
60.8856
62.6198
60.1626
57.8022
58.9316
55.4956
55.3613
55.9328
54.7808
57.6451
51.5379
49.2264
48.5987
48.8046
51.2304
49.7673
50.9858
51.5563
54.4504
51.6834
55.6189
53.5296
58.733
59.444
57.6467
54.9478
61.0201
63.5262
59.538
58.679
61.9088
63.0007
60.098
59.0925
61.9684
62.7408
58.6435
58.3475
60.8414
54.2193
53.3871
50.3452
50.2621
45.8113
48.5716
48.7698
43.3116
42.9578
44.1588
44.0752
44.4668
43.2662
41.3495
40.6815
43.6443
45.7627
46.8496
47.0137
48.4205
49.0858
52.1112
55.6596
53.5797
52.1687
52.3137
54.4344
55.7536
52.0714
54.1422
58.6631
55.6767
57.9344
55.0482
54.7206
54.3234
54.2292
52.7143
51.3539
49.3755
50.193
46.4059
49.3321
51.1075
55.0418
52.5176
49.5888
51.4586
55.7421
55.0138
58.9814
58.0367
54.0729
53.5312
51.5052
52.0517
54.0209
49.6798
49.3829
48.9518
51.2853
45.2952
49.8611
46.143
46.5153
47.1633
45.4084
48.0939
48.325
46.9468
43.2712
44.1817
46.5662
44.7319
46.0587
46.1382
46.2417
45.0693
48.4553
45.6181
51.4725
52.8186
59.0984
54.7865
56.7657
58.4094
56.4788
59.677
59.5679
60.9362
57.8244
61.5315
57.6172
59.1957
59.578
58.0593
51.0639
48.6784
49.4571
50.6567
46.1319
47.5527
49.3384
49.9598
48.0275
48.0476
49.6771
46.8804
50.142
47.2255
49.6321
46.8105
49.9999
49.8424
45.2905
49.156
48.3391
50.538
53.1735
55.756
53.0146
58.6016
56.9041
54.925
55.1721
56.4957
59.9426
57.2897
55.8095
62.0569
57.0933
54.4358
53.0075
57.3882
56.3516
55.459
52.4582
51.2271
53.096
52.8148
52.4024
51.5057
51.7288
53.6398
56.806
56.5418
52.8065
56.9785
56.187
59.8249
60.6945
56.0596
53.7371
50.9872
46.4615
48.8194
47.7784
44.6489
46.9598
47.3457
43.4012
43.3215
47.3765
48.8371
46.1573
47.0465
48.3753
49.3263
51.1104
51.0639
57.3488
56.2314
53.6055
56.8496
59.9866
60.0291
57.8928
61.2706
62.6649
57.626
57.4666
58.4998
58.2775
55.6395
54.0404
55.8196
52.136
52.5695
51.0467
51.8018
53.8174
50.0159
52.1599
50.5101
51.7606
51.6997
49.9959
49.2273
45.1411
46.5899
52.4813
50.9887
53.4111
54.1724
54.7054
51.8676
57.7644
58.806
61.2793
61.5363
58.9455
60.8917
63.427
59.5434
58.8991
58.1004
53.8271
58.8379
55.1869
54.104
57.8374
54.8884
56.747
56.6378
59.3498
58.6781
55.0552
56.145
51.4786
52.2632
51.3464
47.6796
46.5548
44.673
45.9351
45.7231
48.9487
50.513
48.225
50.2399
48.1041
46.568
47.951
49.2864
46.4087
47.0938
46.0553
50.61
46.744
52.3934
56.8521
57.3853
58.4444
52.5912
58.0975
54.6602
54.6141
55.1446
50.6278
53.5441
49.3002
52.5975
54.0318
57.0423
57.8428
55.7857
48.6022
49.3282
52.5741
50.6183
51.2046
49.9459
50.7278
51.2292
53.842
59.3743
55.4865
54.8835
56.9151
56.9898
55.2793
55.3014
56.0386
57.4623
57.191
55.1297
51.1147
50.7448
46.3678
46.4608
44.7878
47.9001
44.5449
46.1486
45.121
45.3767
44.5347
46.0419
47.1155
43.8806
38.1132
51.0588
51.8918
51.2876
50.9845
55.0823
56.8382
58.9722
63.2565
59.5634
60.8435
56.1735
51.1097
54.1978
47.7941
46.952
48.7491
49.4781
52.09
47.6201
49.3185
44.2969
42.5253
42.636
40.68
44.87
44.9188
48.7475
51.854
49.5107
50.9437
50.7954
54.5072
54.2357
57.7636
57.8422
59.1814
60.2064
59.2504
60.9358
58.665
58.2103
60.0638
57.59
59.6371
57.2767
55.9727
54.9058
55.932
53.2785
55.7102
57.2393
56.903
60.5353
61.3919
64.813
63.2911
59.8124
60.3436
64.2958
63.857
64.2304
61.4111
62.6952
60.9971
55.3488
55.9471
51.9053
56.0942
54.3891
53.9961
47.5459
50.1539
52.3395
49.1238
50.5129
52.0612
49.4258
52.4807
47.8063
48.0283
49.0146
48.8755
43.2903
44.5252
46.4613
49.3496
53.4394
56.3234
56.9679
59.634
55.691
57.8585
48.4962
54.926
56.0286
58.5011
55.4156
54.342
53.4021
48.5941
49.0393
50.689
56.466
53.9413
53.4697
50.8776
49.2705
53.3719
49.8659
50.5348
48.6126
50.3464
46.4518
48.9894
52.8536
52.0002
57.1923
56.8297
57.4244
56.99
55.1423
54.729
54.9126
56.2389
57.3415
56.7468
58.2914
56.2589
55.4711
51.8889
55.2631
53.6082
51.1495
53.9489
50.1214
51.1745
52.8432
53.8661
56.7108
53.2014
53.4444
58.042
57.2904
60.217
52.4384
52.5341
49.2803
51.843
51.6986
51.0949
49.476
49.0455
48.4115
49.9315
46.659
49.437
48.1671
51.3489
54.5946
58.893
54.616
55.7973
53.1882
51.6215
47.8785
45.087
43.0691
45.2132
45.8663
44.7443
44.3385
45.5168
48.0073
48.3044
51.624
46.7295
43.0732
43.1255
47.3712
49.2963
53.4399
56.6776
54.6194
61.1064
60.6123
62.0016
59.2539
58.8927
57.067
49.0655
49.4078
49.3655
46.605
47.4658
43.305
44.9175
44.3998
44.3496
48.7915
43.7058
50.5394
51.131
54.6498
55.2529
62.5009
65.2275
67.0764
60.4198
55.9035
57.3196
54.7387
52.4121
42.1195
45.6827
46.3259
42.37
40.8575
42.3873
44.3221
47.4381
42.0655
38.4447
37.177
39.3955
38.6932
37.2304
39.6015
35.4218
43.3483
52.8948
54.7895
48.7931
60.9147
55.1795
49.2898
47.6687
45.9994
41.531
46.0128
42.4188
44.0319
39.5133
41.6271
44.3542
40.1009
44.9902
43.9971
49.5025
49.1369
49.533
53.0279
62.3684
56.5012
58.9272
54.5789
61.1287
61.0875
55.8495
54.1424
52.7976
52.19
48.582
46.4927
45.5744
40.0852
44.5739
41.2928
41.7362
42.8534
36.8332
38.7482
36.565
37.1265
37.9054
37.7841
37.7392
34.968
40.0119
39.91
42.4806
41.4859
45.3256
44.9999
44.9391
50.8246
54.1221
54.096
58.1322
53.9912
58.9678
59.1434
57.3732
47.4618
48.8632
50.5005
50.9914
50.767
48.4734
49.7841
47.8528
51.256
49
50.0423
49.2248
51.0461
54.413
51.3066
50.9185
52.2856
49.5192
49.9245
53.9024
50.7472
53.0447
54.2017
54.7012
56.093
54.9222
54.4781
54.542
51.8365
49.3664
52.8194
47.2928
52.8685
42.0455
37.6401
38.6547
38.2341
37.4779
43.4091
47.5654
46.1174
45.7211
48.2094
48.5575
51.3035
49.5584
50.8705
48.7385
49.9075
56.7647
59.3109
56.7018
56.3601
55.3373
58.0164
59.4838
61.0176
58.5675
58.4838
54.7175
50.7052
49.8157
49.2131
45.5889
45.2328
45.6816
45.4027
47.5857
46.7313
49.8603
51.3874
51.7681
49.9428
43.2517
44.7876
46.9684
47.9575
51.2288
53.6624
53.0957
53.6251
51.9269
52.6381
52.5682
49.6559
49.3992
48.1329
44.5326
46.1421
41.4036
40.6487
36.6643
35.7584
37.5532
38.4863
41.4673
40.7247
38.9517
36.615
37.9172
40.1988
40.3657
46.8709
54.7621
55.2547
54.7146
54.9927
54.8311
57.8958
63.4232
61.0035
53.4129
59.811
60.5775
50.4525
48.664
52.312
53.3823
48.5158
46.5457
44.0341
46.7725
51.1577
45.9266
48.7297
45.6741
46.2571
47.6382
46.4122
47.7882
49.0456
51.6805
56.3524
57.8295
60.352
62.2735
56.6096
55.8922
54.9208
52.5597
52.5489
50.8599
50.7432
49.9017
51.6706
48.6961
54.8657
51.3793
52.5932
49.7259
53.0489
53.0047
46.1295
47.7272
42.0416
40.5853
44.4733
40.1547
39.9677
49.1745
56.6997
63.6919
54.5107
56.348
58.6277
56.3064
59.2254
56.2635
54.4296
46.796
47.4801
49.5842
49.5793
46.3663
48.4855
47.0256
46.4131
45.3632
45.2633
43.786
45.1858
44.4799
47.9752
51.6527
50.7768
54.7282
54.2673
57.7611
57.965
49.1891
49.393
53.7933
52.8121
42.1965
40.0504
42.4266
37.224
34.6711
35.2095
34.9691
38.0692
39.4816
42.4569
43.614
50.4981
51.2872
59.0246
52.6588
53.6606
51.9557
55.9856
59.4496
57.1281
57.1265
53.9955
49.633
50.65
47.0948
45.9112
46.3483
43.8846
45.1213
45.0709
44.7217
42.3785
43.8728
47.0481
48.4227
51.7295
57.5726
56.9647
59.684
61.495
60.8677
61.5934
60.5698
59.8964
60.0941
55.4346
55.361
56.7093
57.6954
55.5564
53.7676
50.7684
51.8351
51.2296
51.6148
52.925
53.9952
56.4401
57.2574
52.9304
57.1009
55.1545
56.9469
59.1824
53.2232
54.3882
53.571
52.1909
51.824
51.2524
46.8752
48.706
49.2575
48.0782
46.9153
47.1389
46.6472
45.4311
48.0613
48.2376
46.1184
47.5993
47.916
50.7259
53.2488
48.697
51.5329
49.159
48.743
50.4068
51.7341
53.2092
55.7669
57.3241
56.3835
60.9258
53.7119
60.615
56.1665
51.8769
51.7362
51.8725
51.864
50.4284
52.6918
47.6242
52.6129
47.4718
51.545
53.2832
52.6054
52.1895
54.0927
53.2089
52.7036
49.0661
49.0995
47.7629
51.4132
49.7008
49.4
49.6278
48.976
49.797
49.5557
44.7511
48.0993
45.9494
46.9866
47.3402
47.5151
46.7906
45.4968
43.1469
41.3507
39.8622
44.8605
41.751
45.9419
46.6902
46.0915
46.8166
48.2005
46.7628
47.568
43.3142
45.3392
41.079
41.9038
45.5055
43.3526
45.3768
47.4691
46.6695
48.3732
52.3369
54.9351
61.7328
62.834
68.1378
61.1425
64.3768
60.881
58.8142
58.571
54.7526
53.8626
52.3141
53.2827
56.3264
54.2079
57.1129
55.4298
59.0914
55.6792
52.3165
52.6291
56.2298
54.2715
53.4708
54.1857
57.2725
56.002
56.0411
54.9282
57.7391
55.1582
51.217
53.8946
52.3257
52.7518
53.29
55.4218
56.4129
55.3021
52.7755
50.3737
48.3151
49.6534
50.8874
45.3157
45.3521
44.8225
44.4683
45.3752
46.5825
42.1801
43.2624
43.8751
41.7205
42.4992
39.4869
41.6668
38.3268
40.7421
40.3572
43.4874
45.4108
44.4819
48.9
52.5654
51.1305
54.7611
53.8416
58.4373
55.5378
55.6857
55.3037
56.0583
48.0184
46.6233
44.8765
44.6621
39.538
42.1728
40.8062
36.9396
38.9614
41.5082
40.7951
46.0462
45.6687
46.399
47.2107
45.6831
47.1183
48.2058
47.5874
46.3119
56.0634
54.7728
52.647
56.9241
53.428
57.5237
55.8574
58.52
54.0563
50.1249
59.6509
54.9341
57.949
51.6131
52.2616
49.4376
45.0618
48.6
47.2602
49.2264
43.4135
49.5938
41.5751
40.0228
42.1281
47.7938
46.3085
43.5698
46.7906
50.8938
55.839
59.6872
57.313
60.4465
59.9445
62.1909
58.7593
58.379
54.8606
55.1505
52.9774
53.0638
53.0503
52.1347
52.9188
52.8838
56.0927
58.5463
57.9675
55.0828
51.8113
49.8601
53.6575
53.7775
51.2782
56.3069
57.9308
64.2515
64.0418
61.5247
60.7108
62.0399
62.2396
62.3281
59.1446
56.3299
56.5276
57.5592
56.8078
55.227
53.4269
52.9884
47.2879
51.7246
56.7582
49.9436
54.3583
52.2413
52.8546
55.705
58.68
61.293
64.4572
61.9334
58.5617
56.2581
55.1618
51.3145
47.5027
42.496
47.4204
45.6439
47.3055
45.6348
47.8394
51.6536
58.5475
56.2759
63.2038
61.1475
61.0184
61.0612
57.0772
58.5335
56.1049
57.3057
50.6002
58.3867
59.4484
60.5372
58.4723
52.8883
47.5998
47.6226
46.5286
47.8017
46.5068
47.6901
52.526
59.1095
58.3593
62.9858
65.0274
62.9877
61.1857
58.5493
55.8195
52.7601
53.8826
48.9831
51.997
50.7033
51.5289
56.8197
58.1437
62.0174
60.3945
59.753
61.6199
61.8018
63.0583
60.516
56.8438
54.6723
54.4601
54.988
54.7078
53.5448
52.5162
51.4812
49.6633
50.1536
50.6286
53.9906
55.7756
53.0378
52.6035
57.2862
55.8301
52.5621
51.0627
51.4302
49.4659
51.9151
53.0753
54.7754
52.7455
51.7493
52.6058
51.7608
53.2469
54.0356
58.9203
56.5013
56.9385
53.5021
56.2157
58.784
57.4369
54.6172
55.7366
54.0604
55.3438
54.891
49.4938
46.2
47.4506
46.9748
43.295
44.923
45.3102
46.0656
49.9206
55.0754
57.1814
57.0083
54.2861
54.9679
54.6484
56.3511
58.6185
53.9592
54.5734
54.6705
56.0996
53.3461
53.2247
52.4553
57.0843
54.4776
52.4316
55.6605
51.5769
51.4302
50.3189
50.2677
49.8486
54.66
56.1237
60.6642
58.0804
60.5987
58.9072
58.3899
59.9993
61.2917
60.9634
60.2862
58.0325
60.7267
54.1718
54.7515
49.2261
52.3004
48.5934
45.5582
44.292
43.3149
42.6532
40.0887
39.8938
38.8914
44.5446
39.5078
39.2182
41.4048
45.6521
45.5143
50.0033
49.6737
51.7465
56.1193
56.1431
56.3203
57.3082
58.2059
57.6313
55.8213
55.725
52.4927
53.2809
55.1064
58.48
57.1826
56.875
60.7011
63.4668
61.4226
59.9686
61.335
62.2372
57.2388
55.0599
54.8812
55.5458
51.1187
55.4756
58.2826
60.4898
56.1789
58.2285
55.5941
55.743
62.3544
65.5388
60.4723
54.9025
54.4387
54.9887
55.9435
50.6062
52.2589
54.4369
53.3977
55.6482
51.6655
58.9565
56.8119
52.2528
56.7631
55.7288
58.8461
55.6345
57.0669
55.3799
59.1792
54.6671
62.648
58.5595
56.5042
59.322
58.3745
50.9464
55.5429
53.9986
54.3614
55.3973
54.3927
51.9747
45.8098
38.4257
43.2777
40.0597
45.2692
42.2743
45.9967
47.9082
43.9633
49.2353
48.3858
45.9899
43.9476
45.6767
47.0845
50.3357
52.8776
57.1464
57.9712
60.4044
62.0635
65.5941
57.5491
62.8351
61.1453
58.593
59.2533
56.7735
58.2509
57.3872
56.4075
54.7422
56.6435
54.7163
55.2115
55.9176
52.8483
53.3031
51.6583
52.3776
52.8643
48.0895
54.7966
53.6089
54.4698
56.5052
62.1548
61.4227
61.5619
56.6495
56.7964
59.6279
63.9766
61.1229
62.2168
59.789
61.2708
56.3032
48.0106
49.4975
45.8068
42.6297
43.2684
45.9832
44.6368
44.796
45.1067
43.0664
41.2268
43.1533
43.8573
43.5126
44.5257
43.3109
44.5411
43.8516
46.2986
44.8136
46.3932
53.8274
48.2676
46.2654
51.2001
51.1162
55.071
54.4984
59.2925
57.072
60.5347
59.8124
57.882
56.256
59.0279
61.6535
62.4501
65.5466
60.29
61.5701
61.5111
62.7018
59.7872
60.0994
56.0772
54.5638
51.9656
48.3217
46.455
46.1203
43.0529
42.0768
42.2014
41.9379
41.0426
38.8299
41.7001
43.5886
40.9304
41.5941
42.5886
43.6259
42.8373
42.8177
42.1426
42.3558
41.7527
43.9831
43.2345
45.1179
46.2299
49.4876
46.5709
45.3874
48.3357
50.173
55.5313
56.6515
56.3346
54.776
50.4385
48.0612
46.0055
44.6191
45.4463
44.4732
43.6538
47.5724
47.7963
46.9159
48.8193
51.5458
54.4978
55.8565
59.8135
62.2902
55.4296
56.1675
55.3044
52.2746
50.7092
53.273
49.2014
49.5524
48.2791
45.1243
48.9772
46.8226
46.6518
49.8998
49.4979
48.8988
52.1708
54.6519
60.2304
60.3107
62.2901
62.6768
58.8963
62.9588
65.5378
62.9612
60.8496
57.7796
59.3551
60.6013
57.8652
54.76
54.3668
51.3174
48.8696
46.1805
51.9099
48.6949
50.2365
54.0135
53.2567
51.1178
54.4471
54.4333
57.4026
57.906
55.0668
54.5689
56.5217
58.8763
62.845
57.2307
56.4789
56.0419
55.7874
56.4583
58.4214
54.3102
56.0155
54.8096
52.3133
51.9805
46.5809
50.3864
51.7036
50.3253
52.7068
54.4022
52.2607
52.4379
54.6863
56.1517
57.1462
60.7974
58.4733
58.9963
56.6269
58.7083
65.6006
63.281
59.0074
60.7516
60.3848
57.1996
54.9493
55.3793
55.4549
59.1747
51.9775
52.5285
51.4546
48.107
50.7559
48.8122
48.0264
47.8482
46.1857
48.7942
49.9328
50.6979
49.6629
50.472
49.6353
51.5653
46.521
51.4854
51.2479
53.7855
56.4465
55.3474
54.8292
53.0048
55.6185
58.3448
51.8873
51.3919
55.6883
52.0493
54.6352
57.3683
56.7596
54.2137
55.8753
51.0107
53.926
52.5502
53.1613
54.2845
53.523
52.9128
48.0113
46.5244
50.0342
49.7331
53.9746
52.7915
57.8455
57.3546
57.5569
58.3564
54.2437
59.8422
59.184
62.975
61.1517
60.1285
55.6344
56.8907
60.1347
60.6607
59.8881
56.9224
61.6142
57.9128
58.6004
57.3139
56.406
55.7379
55.4644
55.0922
53.6382
53.6653
55.3912
54.6323
52.351
49.7995
49.4286
46.314
47.0417
44.8596
42.7011
47.1798
49.7245
50.2499
50.3434
49.9505
57.0195
59.3063
57.2095
52.8638
51.9686
43.0415
41.6762
43.0181
36.0637
34.3561
33.7545
31.733
35.7166
37.1847
37.7414
41.9742
49.1575
55.8206
60.0902
56.0912
59.85
62.6305
61.631
60.6846
58.1347
58.309
52.0072
49.8259
51.0393
47.1978
49.868
51.354
48.3218
53.1152
53.4013
52.1544
51.8525
52.2752
54.3469
58.1606
60.4927
59.3615
54.1861
51.7739
50.7139
44.3926
39.7411
38.7048
38.2844
39.7347
39.4239
39.8582
37.1821
45.8509
43.6636
51.457
53.9442
42.5916
40.668
39.0613
42.4105
46.4825
48.203
50.6407
51.9218
54.534
57.299
57.6752
57.8811
57.4475
58.2163
50.024
44.689
45.6205
48.9188
39.0553
46.0634
47.2511
54.5676
53.702
51.0412
52.0375
58.0076
54.2342
51.9433
52.6096
54.984
52.9974
51.994
59.2613
49.6679
53.808
55.4597
54.0462
51.7295
47.6673
51.3523
48.592
48.863
52.1487
52.3587
50.08
43.9366
39.4139
45.4318
47.8939
43.5074
49.0993
45.623
48.6179
48.4122
42.9131
48.6629
58.4499
58.7396
53.3157
60.1136
56.6875
58.087
58.4451
62.1765
60.0975
58.4826
57.2715
59.8927
57.7775
52.8093
54.8088
56.6348
56.482
56.6281
54.88
54.1883
55.7051
54.6223
51.8772
53.4004
57.2838
53.4493
56.2633
58.615
51.628
49.432
53.3043
51.6402
55.1656
52.3953
49.151
54.0556
55.5538
51.3883
52.1976
53.065
51.1855
51.8413
57.4497
51.3852
53.399
56.704
55.6317
54.0276
52.4986
52.9247
56.8864
57.6412
57.7663
55.9934
56.4127
58.6874
60.1843
55.9968
57.462
60.0873
57.1272
52.1281
55.6182
58.6109
54.8804
53.3101
52.7783
54.0289
58.1987
60.3985
57.621
54.7517
59.8868
55.8561
57.9617
60.7639
54.7858
55.6416
56.6946
58.7905
58.0513
54.5731
64.6671
62.9736
61.5441
58.4953
59.7
58.7028
54.0325
60.2293
55.2698
57.835
56.025
54.6099
50.1659
49.1157
48.7885
51.1536
53.606
51.2427
53.2735
52.7323
51.7793
56.5047
53.493
55.4435
52.4833
55.0373
53.498
54.6337
55.1712
55.2715
57.2282
55.8662
57.5264
51.9107
55.0508
54.4913
54.1741
56.1218
58.9312
59.7319
57.0106
56.0996
58.0793
61.5559
57.0341
54.5141
57.3215
59.9702
59.0917
58.0014
56.3841
57.3278
57.7661
53.8728
57.3604
55.3569
58.9415
55.6967
57.482
56.3247
56.884
58.433
56.4041
57.0264
57.1379
55.9117
54.461
58.3259
51.9335
54.5372
54.8761
56.3444
58.3304
58.3064
54.6563
56.4286
58.1568
56.3083
53.5523
56.1801
57.2308
52.6517
55.8957
57.4511
58.361