55.8834
58.3889
58.7952
54.7159
56.2629
53.5745
53.982
53.1829
54.2469
56.4339
56.1321
57.5794
54.2993
57.1169
56.9859
57.2829
60.7397
52.1264
55.7335
55.4414
57.5179
55.6215
56.0443
57.5339
53.6803
56.6642
54.1224
55.5821
55.4978
58.6178
57.333
55.9294
56.3267
58.816
56.4706
55.7099
54.5182
55.8305
60.8114
56.898
54.7667
55.5827
61.7649
57.259
57.2864
59.7945
60.7073
59.1906
59.7452
62.5303
63.5436
57.6606
60.1929
57.689
57.6041
54.9418
56.0348
58.0186
57.4863
54.567
56.2868
53.0836
53.0367
52.6787
51.4379
51.0205
54.9257
53.4855
54.4381
53.2068
55.7009
56.4714
56.7016
53.6579
52.9587
55.0577
51.4934
54.1828
49.3595
50.6052
50.7483
49.2267
50.8548
48.9618
54.0288
52.0833
50.8625
48.4867
51.1259
50.4901
53.5454
53.4268
51.0498
52.4421
57.9759
50.0248
52.7659
53.077
53.3735
55.3596
56.1432
53.4178
54.8973
52.9503
55.705
54.9795
55.2039
57.2057
57.5618
58.8398
61.3161
60.5896
57.2042
57.0691
62.4972
59.1894
57.604
56.3456
54.0765
54.1988
54.8617
50.5855
54.0946
58.7798
58.2431
62.6728
63.9511
60.8614
60.3653
59.8396
63.4894
62.7591
59.8353
63.3775
62.8824
58.2161
61.8625
66.6588
65.4184
66.9637
66.613
63.2145
62.6597
65.049
65.6526
65.3343
67.8541
64.305
66.0843
66.3264
66.1242
67.5127
67.2153
63.5302
67.5452
69.129
62.7349
61.989
61.6638
57.6374
63.0505
64.1138
60.7224
63.6866
64.1523
64.8968
64.1698
60.6349
60.5879
60.8319
63.7649
60.5341
64.8193
69.5097
64.4863
65.4499
68.9705
64.0361
66.1097
65.6707
66.0175
67.119
64.1636
61.6295
61.0745
62.3481
64.6067
62.3381
60.466
61.5754
59.4164
62.7813
63.5924
63.2635
62.8629
62.4133
61.8506
57.2232
56.8849
58.2891
59.0798
54.2628
55.0506
53.158
56.0082
59.2462
61.0094
57.5617
58.3282
57.5892
56.3248
56.289
60.3898
60.0927
59.1248
59.9703
58.2573
57.9691
54.4537
57.0908
54.9645
53.8609
52.5974
50.8834
46.7214
49.2436
48.6389
50.7062
49.2798
50.116
49.0385
53.9522
50.136
47.178
51.1815
50.0464
48.9102
48.8733
49.6067
53.4777
47.8254
49.4303
50.7183
50.0302
53.6383
46.7058
49.2118
51.1753
53.9011
52.7063
53.3588
57.5188
53.2454
53.7212
52.6746
52.6568
52.3682
52.0541
55.6555
54.4787
59.9081
54.4204
59.9111
57.5788
57.3034
57.765
56.1693
57.0114
55.4439
57.9814
58.2138
57.411
55.1623
54.5086
53.6339
53.5387
55.6746
54.4402
57.5264
55.8318
58.8759
58.176
57.5871
57.7005
56.0943
60.6702
56.642
54.9736
54.6829
54.8856
53.926
56.5061
53.2671
58.9282
59.3229
59.9316
56.3882
52.836
56.2103
59.7022
54.7127
58.8493
59.2315
57.1616
58.741
63.0373
61.0694
64.7934
62.6885
63.7706
62.8988
66.6488
65.2501
64.3331
63.6257
59.6519
61.6544
60.7392
60.8041
63.4452
61.5436
66.6601
63.4082
60.6634
57.8709
59.3046
57.9731
55.3221
59.6861
62.9669
62.5831
61.0537
61.2885
63.703
61.4676
65.2798
62.1991
61.789
63.2544
65.059
61.1559
59.4689
56.7375
63.0022
59.0316
61.1201
62.3741
60.3453
61.225
62.6512
62.1259
64.3027
66.6334
61.551
65.1915
64.0953
64.7895
68.1751
62.831
63.3598
63.6873
61.612
59.929
59.896
61.75
54.9743
52.1857
57.2837
53.744
57.893
54.7796
53.5513
55.6644
57.7787
53.0512
56.327
56.438
57.4553
59.6533
53.3271
51.8081
55.683
57.3798
54.4724
56.916
64.8164
61.4081
63.536
61.7059
63.3896
66.2534
67.1643
67.3459
67.9799
64.7612
64.5394
63.5474
64.4177
59.9342
63.0107
61.4959
61.0266
58.94
60.163
61.2931
60.5804
61.3466
58.4212
55.4104
58.57
59.7983
56.8258
57.8035
55.2441
54.1714
53.369
55.9826
53.2988
54.3234
58.3598
56.894
57.3876
56.8922
60.8244
58.2983
60.3661
56.7901
61.9228
62.9756
63.9207
63.0992
62.6244
62.7267
63.5238
67.3789
63.6473
65.923
65.6983
63.912
63.0437
64.6963
61.7354
64.3554
65.3302
64.0727
63.2816
63.2981
63.0797
61.7488
65.4654
65.1701
63.4273
61.6293
59.4186
58.3672
58.2731
57.7698
55.66
51.2997
53.6082
50.9772
54.6894
57.3562
55.7129
56.6339
58.9455
60.1454
54.4812
58.9554
59.0931
56.8919
56.4027
60.8657
56.0026
56.6839
60.6365
57.4068
57.4431
61.4229
63.0312
60.666
63.1213
60.1573
62.4878
66.2966
64.6565
64.7427
64.8418
65.68
65.4829
66.2357
60.2994
61.9294
63.5662
61.8311
64.4134
60.1156
63.8893
61.7332
61.2987
57.888
56.5767
63.1482
56.9727
55.2897
53.8938
53.7286
55.6922
55.7054
52.1836
56.3955
57.9665
57.1091
60.552
58.2723
51.1127
58.6674
56.7201
53.2759
54.9822
55.9893
54.4586
56.8982
58.9492
55.6745
54.9806
57.1295
55.8376
49.5015
55.2265
54.4219
56.1915
56.033
52.1535
56.3564
59.2553
55.4549
56.3976
52.7448
55.0056
55.5113
55.6882
50.2735
54.5332
54.5405
55.8939
54.922
56.4006
53.613
52.8178
53.6647
56.3155
56.6983
53.1566
48.116
50.7632
52.3602
52.7987
53.6284
57.7343
53.4796
59.113
61.3012
62.1076
61.9595
58.2112
59.8559
59.2653
56.5109
60.6925
58.8889
58.7248
60.3592
59.2079
56.1035
55.6524
55.4509
58.6192
59.7276
57.1993
62.0653
63.6107
60.3549
64.1249
60.5184
63.8594
65.3302
60.6882
65.3334
65.3552
67.5788
63.8005
65.407
64.7545
64.797
64.0527
61.8616
62.8593
63.274
63.123
61.9953
61.228
60.3249
60.7639
55.9586
59.0892
53.4778
58.2692
52.9088
51.5002
53.6627
56.7826
55.8032
54.014
56.7112
57.4201
60.184
58.0862
55.334
56.9954
60.7169
60.0462
64.4243
62.4639
64.6517
66.5247
67.1162
66.4133
67.7941
64.7644
64.7327
65.3659
64.3358
65.2543
63.5033
62.3181
60.6056
62.3536
58.3283
60.342
54.9607
61.6805
59.4863
58.3607
59.3413
59.6281
54.4357
53.4707
53.0389
56.477
59.094
59.016
60.4654
59.8443
59.7204
59.2912
57.7059
61.6916
59.4014
65.4417
62.7038
64.2045
63.6678
64.7157
64.2637
64.938
70.8603
70.451
71.8513
70.6505
73.5473
73.237
69.9825
66.2985
67.4474
61.8626
66.6338
64.2331
64.5954
63.7526
61.1055
56.6986
60.1489
57.7097
56.1308
55.8174
58.5314
53.7991
54.5817
56.4535
57.9874
52.2916
52.1745
56.2101
55.2427
54.557
55.851
58.1159
59.0639
58.514
64.2674
62.7131
62.8106
61.7002
58.5249
62.1737
60.526
62.9354
60.9595
63.1081
60.7314
61.4844
64.5958
64.0334
58.7583
60.1276
61.0731
64.2089
59.2466
61.4056
61.5434
61.8811
60.9193
58.6975
59.3477
62.6626
63.5911
62.9509
59.7125
59.5314
59.272
64.9022
57.5324
60.1781
58.4249
57.3142
59.8641
56.4518
58.0032
55.281
57.4319
54.96
56.9738
60.4171
59.2573
56.8705
59.3228
58.0962
60.1035
60.1353
57.0012
54.409
59.4035
56.2469
61.1369
58.3689
61.5863
61.4862
61.666
63.8702
59.6645
61.6949
62.759
59.4008
63.0044
63.4305
61.841
63.3575
61.3327
63.6144
64.9246
59.7121
57.9017
60.7214
59.332
58.5587
61.395
58.6856
57.9055
57.1222
58.3265
57.9815
56.5907
52.039
52.0742
53.0876
54.2156
56.7432
57.1574
54.1139
55.2206
59.7644
56.0228
53.2119
55.3971
55.3378
59.3604
54.3206
56.5321
57.2954
56.0403
57.9942
53.3699
48.7013
52.697
52.1052
57.8927
57.8264
58.594
54.931
59.9325
60.5169
59.2892
56.6938
57.9586
60.5665
58.8498
62.1436
62.9797
60.3324
57.1263
54.8818
57.0602
55.0571
51.2035
54.2065
56.7461
56.6146
61.7869
63.9233
59.0326
60.3718
58.1795
63.0489
58.2393
61.4263
61.9538
60.2061
61.8451
63.8498
61.2115
60.68
61.2714
60.7705
56.9993
59.1657
58.2968
64.2107
64.8677
61.8765
66.1922
63.9287
65.6975
61.1745
60.3164
57.9944
62.5044
58.3645
50.656
45.8079
44.2376
40.61
43.6252
43.4564
43.2961
43.7825
43.7389
42.1547
43.1855
44.4195
54.3761
64.9365
62.2475
61.375
56.3031
52.0664
48.4111
45.5073
44.3576
47.5587
43.4564
47.1379
49.2379
56.8823
57.0801
60.0966
58.2859
53.9249
48.4594
41.9346
41.8287
43.427
42.802
46.1442
44.3247
44.6449
39.8024
39.6664
43.8095
45.2502
52.9191
59.6255
63.8789
61.419
57.3444
51.3794
51.0023
43.2922
47.0229
48.7763
45.4102
44.3483
50.6136
56.3092
65.6073
62.2771
61.7417
51.2955
46.5112
42.0296
46.413
40.574
44.5601
35.5016
37.8694
33.5646
38.7527
41.5414
41.0932
43.4127
46.3452
50.1371
59.6666
60.7832
60.9768
59.0811
52.7598
50.3575
50.5941
50.9364
49.8831
48.0637
48.7871
51.6267
51.4814
56.1041
61.8843
60.9098
53.8714
53.088
46.3691
42.2979
45.3874
43.5648
44.3451
40.5499
37.8339
38.443
38.1621
45.6505
48.719
40.4998
43.0622
49.3507
49.8014
59.0926
57.8414
59.9102
62.1834
59.5652
60.6911
58.4933
56.3517
58.3201
61.1329
62.3189
57.4052
56.665
52.3943
47.4182
54.1064
52.5658
48.3921
50.496
47.8763
49.9582
56.37
61.008
59.4693
59.5889
62.7805
58.965
63.3515
55.5077
55.5793
54.3885
50.9194
52.9802
55.6015
57.5182
62.9725
60.1645
55.9366
55.0833
57.6634
51.0185
49.6625
48.8658
54.8834
49.7116
50.23
51.5058
56.5029
52.6333
49.2511
55.9881
58.4655
60.7241
59.1619
57.6845
59.3679
59.2534
58.5181
54.1489
59.0959
57.7829
57.7733
57.3983
56.7332
58.3754
57.4738
58.7729
61.912
53.5806
56.2001
50.0238
50.7117
49.9434
52.8512
53.0371
50.5612
52.2898
53.2197
50.2255
53.5144
56.0107
59.6625
57.4901
61.4228
61.2187
60.3065
54.7765
52.9195
53.907
59.6064
54.2061
56.3213
52.3625
52.5556
59.3847
57.2081
60.9634
62.7823
57.9307
57.56
54.2882
50.5529
50.8605
50.6282
47.8043
48.2819
47.0333
46.8509
55.2535
57.0152
56.6681
57.5437
57.3322
58.7945
58.7053
58.0228
57.9966
60.2073
63.7587
61.7706
58.6809
55.6702
56.1929
55.172
59.2
57.1645
56.3032
59.6439
56.169
60.4618
58.6186
62.7025
56.6182
53.0899
53.7633
58.8136
59.8507
61.363
62.9573
55.9896
61.8851
61.8805
63.0315
61.5778
60.2778
58.758
56.6451
58.3417
56.0502
59.6077
57.5253
53.6109
55.5344
53.3414
53.7241
52.5487
56.3376
54.5049
54.6165
54.4623
54.1423
55.1541
54.1672
49.0576
45.5314
44.2893
49.1518
50.406
48.1582
44.4572
48.7541
47.2269
44.1469
46.7799
47.1909
46.9882
45.7688
46.6704
42.791
46.4455
48.4287
47.4311
45.4664
45.2009
40.0752
40.3963
39.1473
39.3832
41.1597
41.2792
42.3272
40.255
42.9279
44.9626
43.4802
45.3229
44.7118
44.3406
43.8896
44.0955
43.3134
42.9095
41.7578
48.4334
49.1823
51.8223
54.2293
47.2862
43.0356
52.6437
47.9366
50.7425
51.963
50.1813
46.8677
49.7821
55.7276
48.6521
46.6066
49.283
51.3763
49.2433
44.8118
43.3616
41.432
43.0951
42.0487
43.302
44.8082
44.2162
47.2996
47.6282
47.0137
41.7856
38.8715
46.2954
45.0524
46.0447
42.7261
45.6941
44.0443
38.7284
37.3394
35.2249
31.5564
34.195
35.9036
37.7065
35.3112
35.1385
31.9869
35.2814
39.0392
36.5406
32.1269
37.0679
38.4561
36.303
32.745
37.3346
35.2552
33.2866
34.5701
38.0156
40.0515
36.0927
39.0692
36.616
38.314
39.8268
39.6414
39.3585
38.8202
39.5831
39.6387
39.9839
41.0968
40.1721
40.0719
39.5543
43.5419
47.0611
43.7303
44.0831
44.9764
41.2279
45.8877
45.3306
46.5869
45.7463
45.7791
48.7241
50.2541
53.8027
52.6142
58.0108
52.1228
53.3756
49.589
52.494
54.4701
57.7923
56.1077
54.6359
58.9789
59.4964
63.8449
59.1406
57.2947
59.8979
60.4142
61.632
56.9908
55.9036
57.2256
55.869
58.0332
56.7811
52.7851
48.2785
50.1365
44.0286
41.0117
41.8573
42.2496
45.4891
42.7608
40.1592
38.6253
36.413
41.6685
44.4548
43.1281
43.5913
44.0141
44.3274
44.9781
41.815
47.1738
44.0225
40.874
44.7916
43.3494
43.9342
46.5168
47.3491
38.6107
43.144
42.8141
46.9169
47.7914
43.8229
43.3336
43.5335
45.1081
46.3563
40.0232
41.4577
39.23
40.8143
40.7717
41.5316
43.0252
41.1971
42.7302
39.3607
40.7524
42.7699
38.5028
41.2973
39.9234
43.8799
41.1884
44.6129
40.4496
39.7379
40.5067
36.9253
41.2519
40.2115
38.1437
37.5009
40.081
40.0372
41.6249
38.5824
42.1692
45.7296
42.1591
48.5228
39.5276
45.5519
45.5312
48.0588
49.6198
45.089
46.0845
42.8743
38.8359
40.0509
40.3492
38.8367
42.9755
33.008
36.6926
36.9798
35.4816
32.81
40.0488
38.5456
39.454
41.823
42.2288
39.1125
37.5473
44.4474
36.9281
39.5986
42.0454
42.9717
39.9201
44.0411
43.574
40.3834
39.3567
39.3005
36.4744
38.2186
36.0974
38.1739
38.474
36.3124
41.6365
38.792
41.8375
44.4567
45.7599
42.4501
43.3388
46.5584
47.5622
45.3794
39.7714
44.0161
42.8814
38.4055
36.6968
33.2153
40.2112
36.8038
42.9301
42.5711
44.537
45.5
49.9865
49.884
49.809
50.8809
49.1837
54.6056
55.6227
52.7129
51.4685
51.8448
51.8736
53.2711
54.804
61.731
60.2727
59.4629
57.9923
63.6459
61.0861
59.3963
61.6298
68.0242
68.9174
65.3125
61.1664
57.66
56.9806
53.7307
53.1885
47.5936
49.922
52.3312
51.169
54.1856
51.8905
49.8044
51.6354
51.9967
51.5631
48.9989
53.6932
51.7393
54.4298
56.5591
53.0791
55.943
54.9295
54.8249
57.1219
56.8575
55.4051
57.5637
54.9168
56.334
55.9401
55.7829
56.1018
58.0289
55.5151
53.7324
53.2074
51.1366
51.7786
51.4306
51.2428
51.8358
56.5417
53.8135
52.974
54.0269
50.6154
50.0711
50.725
49.6356
52.0098
51.6027
52.86
52.7976
50.4434
51.0566
50.2612
51.2726
53.1624
51.186
52.4392
52.9623
53.3453
52.7849
51.9583
52.9317
53.0213
52.568
52.187
51.0537
51.6614
51.6984
49.8448
51.5742
51.4533
52.0253
50.5871
51.1745
50.7159
51.4224
51.1767
50.3838
51.1083
49.8885
49.9469
51.0528
50.6065
50.3539
48.5502
49.2318
49.3635
47.9796
49.9141
49.1825
50.7529
49.2966
50.2413
50.8094
50.2493
49.7854
50.0647
50.4326
49.6962
50.5785
48.9742
48.9929
49.831
50.0069
51.3117
49.6921
50.8431
49.4241
50.2547
49.8884
49.5421
49.0045
50.1984
50.8472
50.1906
51.9494
51.9026
51.3282
49.8789
51.1321
49.3612
50.3447
50.858
51.165
51.9648
51.3678
50.8687
51.1987
51.4128
53.3609
52.4905
53.3928
51.7495
54.2918
52.2271
53.9202
54.3436
52.8744
52.3333
51.3456
52.6418
51.0096
52.3898
53.0376
53.0082
52.6544
50.5832
50.755
51.2184
52.1305
51.5531
50.9265
50.9811
50.3755
50.3904
51.1737
51.5491
53.4771
51.2986
51.3779
52.1833
52.1239
51.0042
51.5677
53.1097
52.6568
53.3891
55.5032
53.835
54.8987
55.8683
55.4548
55.0262
56.6634
57.8377
56.3215
56.7511
58.7708
58.4713
60.1038
60.1414
57.4333
58.5673
59.314
60.0464
60.2039
56.3955
57.1468
57.9833
59.8873
60.5808
61.5522
60.4077
58.1886
56.8294
52.7498
50.8653
51.0001
49.8301
47.4858
45.6689
44.242
41.7001
43.9677
42.2211
40.2306
43.7665
40.9978
43.9908
44.0702
44.1179
46.2192
44.0782
42.6267
41.7964
44.111
42.5322
44.7055
42.632
40.9128
43.4642
44.5362
44.8497
43.0517
42.7865
42.4229
44.9013
40.8597
42.3112
44.773
43.8102
44.7071
46.4709
45.2621
45.4842
45.2223
43.6657
45.3963
45.2212
43.5146
45.6614
43.0317
42.8858
46.3226
43.8588
43.5014
45.0187
46.148
47.172
48.463
46.8139
47.5487
47.8825
45.0413
44.788
49.6391
45.6405
46.2622
47.2912
46.6453
46.4012
45.1529
46.332
44.8139
47.2509
45.8449
45.7667
46.9604
45.5397
46.2135
44.5039
44.232
44.6185
45.3865
48.5854
45.8183
45.8758
45.6252
45.3674
44.2322
43.0315
45.8662
45.9815
43.6639
45.2646
45.5362
43.4949
45.4412
43.6088
45.3741
44.8799
44.3207
47.2051
46.2423
47.6858
45.2551
48.6469
48.9485
47.6615
47.3643
46.8092
47.2211
45.9817
44.1941
46.347
46.0107
45.2885
47.1311
46.661
46.2532
47.8656
49.5659
48.8701
47.4918
46.3673
45.9951
46.8751
47.3388
47.0198
49.6004
46.1045
49.3638
48.1634
49.3926
49.6026
47.5853
47.9865
49.1423
49.9205
50.8067
48.957
49.8275
48.5923
45.2492
46.2492
47.2454
46.458
46.6315
46.8798
48.2658
47.8775
47.8657
47.6938
48.593
47.5818
49.3629
50.484
51.7846
48.4641
50.238
47.0475
49.8245
50.0659
48.6352
47.3071
50.583
48.1871
48.425
50.9415
49.129
48.5433
50.2621
44.6649
46.3588
44.9424
44.7272
46.8181
45.3914
46.5047
46.0494
48.9389
46.9509
46.2078
49.1022
47.9086
52.4571
48.3176
48.129
47.1527
50.0322
49.4204
47.6203
51.464
51.0001
49.5987
49.2963
48.0452
47.9465
47.2763
45.92
47.1602
44.8314
45.4602
46.3408
47.3726
47.2317
49.6461
49.2429
47.1022
46.1897
46.5776
45.945
46.0102
43.5449
44.2953
44.4995
43.2218
43.9545
45.1078
45.0585
44.8149
44.326
42.1731
42.6333
45.0938
43.5138
42.8626
43.5281
43.8325
43.9877
41.7286
44.8738
43.1761
43.8458
43.1961
43.4652
44.5633
44.3197
45.0387
45.2788
43.6256
43.9028
45.6338
42.0615
41.4734
42.4189
40.0726
41.0656
41.4295
43.5045
43.6991
42.1846
42.3447
41.1668
40.0044
43.3743
39.5197
38.6937
39.0814
37.9606
39.968
40.2813
41.6436
39.5618
40.0857
40.5231
37.3417
40.5043
39.5432
37.7309
36.9777
37.31
36.2137
38.0093
36.6008
39.9176
38.7357
41.4064
40.3656
42.475
43.6859
43.9884
44.355
45.6893
46.3723
45.3836
45.0732
47.6553
46.3788
46.0518
46.3014
45.8692
42.5192
45.4637
46.4555
48.808
48.4672
49.8217
54.0121
54.0417
54.9909
55.0494
57.0678
60.1791
60.989
58.9604
58.2867
58.1207
60.4049
58.9954
59.673
61.2252
64.1957
63.6683
60.7303
61.1422
60.7974
55.7641
56.3635
53.0021
53.4611
49.8979
49.0119
44.2201
45.822
45.6475
46.8655
40.643
39.9346
37.7672
40.9844
37.6216
40.8971
40.7572
44.8574
39.8902
38.9525
41.821
41.2419
43.3881
43.2218
43.3904
45.5932
43.0364
42.4647
41.8055
39.4396
37.8099
42.2875
40.0773
41.4334
43.2625
40.538
37.646
38.3509
38.0563
36.4907
38.2823
38.8474
37.0929
39.4211
38.2847
34.831
34.3637
37.2412
39.1531
38.8114
35.4566
35.276
38.8726
37.2968
36.0757
37.0902
39.2693
37.365
40.1896
40.4553
38.3051
42.7334
40.9278
38.529
39.382
39.1092
38.7641
38.8314
37.909
40.5687
38.3098
39.3293
35.6965
36.8296
44.5362
47
46.5391
42.4689
40.2815
43.6322
45.053
46.3421
54.0966
56.3218
59.7234
53.9322
61.91
54.8351
56.0825
66.127
63.115
53.8451
60.8096
51.9894
50.3636
53.7567
60.2217
56.262
62.2206
61.5566
67.9111
69.2612
67.1348
60.6934
62.6529
67.4484
56.0225
68.1912
60.3911
57.1331
57.2606
62.0044
54.2079
56.2707
51.5641
48.1173
54.0903
56.801
56.1112
56.8497
66.6306
62.9548
68.0969
62.5622
57.9308
62.9954
63.7694
73.725
62.6465
67.2797
52.4599
64.7224
67.0319
62.3677
70.0671
57.6739
66.4346
75.5507
74.1683
71.4566
66.8785
77.3895
73.7422
74.8034
71.8361
69.9563
70.5226
71.586
68.7528
71.7088
81.0478
69.4108
78.1661
71.0901
76.939
73.0391
83.2483
72.98
61.4681
69.1028
70.6839
71.6563
76.2326
71.3077
77.5137
74.9845
58.0729
71.7415
73.0656
71.9379
71.4913
64.4762
65.4893
67.4861
68.7261
66.5101
64.5585
65.7474
69.7118
71.7881
70.7597
66.6395
68.0425
66.5133
72.8218
62.1394
69.5125
63.6522
73.1081
59.709
68.4287
68.4741
59.9404
55.9567
56.6102
61.2039
57.0205
63.9664
47.9504
52.4412
59.3387
55.9744
46.1532
58.4946
51.4661
56.6309
51.6826
51.0484
47.3493
58.1828
51.3404
53.0881
54.5589
56.3409
54.1117
59.6835
59.6085
57.8503
56.5204
60.6204
60.3216
67.3014
68.8125
57.8326
57.2129
51.9413
51.7461
52.221
51.1024
48.92
50.5854
49.8136
45.7173
42.5854
45.3139
42.3799
42.2465
45.0895
44.2921
46.1642
43.7245
47.7301
46.4727
45.653
45.1088
45.4505
47.3376
46.2577
48.0047
47.5801
48.3421
48.182
47.5464
47.5891
47.573
47.9786
47.9981
46.2977
44.5757
49.327
46.9654
45.021
46.515
43.3052
44.3378
48.5526
49.0431
45.6597
46.5812
47.2091
45.203
46.1277
47.5224
46.5355
46.8702
43.627
45.6377
45.5554
47.4143
43.2438
44.0641
42.968
40.5591
43.5881
43.9004
45.4593
42.2103
44.1802
44.2991
42.5877
46.5274
43.3784
44.6309
44.4226
45.0741
45.3453
46.8369
46.5264
46.0559
44.2947
45.096
44.5122
46.7405
46.0396
44.5287
43.3514
46.3048
44.7331
45.0237
44.432
44.2026
44.9228
43.728
42.3673
44.1988
45.5005
43.158
42.9014
42.389
43.9727
42.3291
41.7174
42.0499
42.3648
41.5226
43.959
42.7013
42.0616
39.7677
37.9625
38.3023
39.5808
40.0876
39.792
44.28
39.9614
41.5541
41.4895
42.7449
44.2275
43.0642
44.7407
42.7175
39.6625
39.2725
38.8189
40.6195
40.5308
42.2504
41.5759
41.0719
40.1998
41.2526
42.5256
42.3991
41.257
42.3162
41.0942
42.4512
41.1855
41.1378
40.4149
42.2478
45.2211
44.2925
42.0634
45.3159
42.544
43.2115
41.8043
44.7568
43.9225
42.3609
40.7247
41.4954
43.4121
41.8286
44.1952
41.4586
40.3228
42.5772
38.7193
39.6156
43.0106
43.8813
43.0322
40.1402
42.3969
44.9299
43.6952
42.752
43.5753
48.6539
46.3918
47.3081
44.1132
44.2092
44.2818
43.649
48.9383
45.5038
45.6849
49.4501
47.644
43.4305
44.3697
45.6779
47.8701
47.3632
46.5195
46.5937
47.5425
46.2694
48.724
50.5218
49.9471
50.0957
53.0637
52.8704
50.6582
52.2227
50.5196
49.1979
50.2093
52.0508
51.0509
51.2848
52.0487
55.0519
55.6676
53.7771
51.4218
52.8504
53.7959
51.2995
52.589
53.6225
54.1612
55.6494
54.8341
57.7614
58.095
57.9575
58.6012
59.7232
61.5659
64.93
63.7952
66.5926
65.4914
67.0905
65.8436
65.0058
65.0976
61.3293
62.0295
62.9749
60.7239
61.7533
58.6504
59.9557
59.8524
61.9806
61.2626
62.3251
63.0412
61.7632
62.0322
63.8648
65.6558
64.0864
64.9419
66.3863
60.2636
55.4452
53.223
52.6713
48.1265
47.5286
46.6413
46.6769
46.0967
46.4402
47.7984
45.2568
45.5979
44.2018
43.5171
44.5494
44.9633
43.7061
43.7289
44.3362
41.7053
43.373
42.3671
39.1546
41.0361
41.8674
42.5375
44.4012
42.0549
41.74
43.6754
42.1923
39.8786
38.9881
41.7954
42.0404
38.9819
39.6801
41.9144
39.041
40.537
39.2576
40.7194
39.6727
35.9702
38.3307
39.8313
39.5179
38.2003
38.005
37.7047
38.7065
38.2821
38.3653
36.5773
37.4898
39.0574
36.9359
37.8924
39.1722
38.0679
38.4322
37.7551
39.6784
37.4844
39.0716
37.385
38.0222
39.4167
38.2778
39.0242
37.9302
40.0997
38.8844
39.0352
37.8107
37.204
35.4887
37.3389
38.5033
39.358
35.997
37.3976
39.5662
35.5791
37.3766
37.2843
38.3684
38.7884
39.6678
39.9788
39.2794
39.4769
39.0023
41.4638
38.4337
38.4036
39.008
40.323
39.7951
39.08
38.9842
38.3205
39.2399
37.7784
38.3345
41.3349
40.334
38.0001
40.7028
40.8297
39.0211
41.5381
39.781
41.0859
39.1503
41.4776
40.323
39.1247
38.5412
40.7051
39.3637
38.5818
40.0337
38.0941
37.9318
38.961
41.1874
41.4916
39.1462
41.5108
40.413
38.5158
40.592
38.3989
41.0844
37.8656
38.4092
39.7766
39.1275
40.4719
40.8174
39.4835
37.5075
38.1252
37.9564
39.7692
39.3384
39.1626
40.2809
39.7995
38.7117
39.7637
41.3309
40.1906
37.0632
40.5905
39.7163
38.9803
37.0214
38.353
39.4195
38.9575
38.0512
36.6524
37.8965
40.2807
41.7326
39.2715
38.9414
40.212
38.2572
36.7378
40.1923
39.1309
38.9849
40.3975
38.6089
40.8835
41.4773
38.4394
39.1775
40.4207
44.2162
40.6961
40.5157
39.8935
40.0401
37.9361
38.9662
42.1978
42.0426
43.538
43.9764
43.8844
42.1085
41.4508
38.5278
40.6885
41.6214
38.1544
41.2749
39.6156
39.2128
41.1975
40.6818
39.715
41.4911
41.3373
39.5175
39.5712
40.9781
41.6147
41.642
41.0652
42.9718
41.0907
41.2033
40.4392
41.6122
39.8815
42.1441
42.0713
41.6898
41.0744
42.9721
42.62
42.4566
39.6769
41.7844
42.5343
41.2026
43.4239
44.2231
47.5431
45.0821
44.6224
44.2358
45.7592
45.1074
44.4069
44.3109
46.6816
45.0854
43.6458
43.1438
44.1565
46.0023
44.0824
43.3354
42.6213
42.3441
44.0824
43.0612
47.1289
43.028
42.5138
42.7437
42.5715
45.1383
44.6568
43.2677
45.349
43.3448
43.16
46.6141
44.4174
46.7771
43.64
45.5881
47.093
44.9129
43.8287
44.3271
46.482
46.0148
45.7984
45.9031
47.5536
45.5625
46.8853
48.6831
49.0958
47.8917
47.8473
45.2855
44.9181
47.4177
47.1864
46.499
47.5348
48.4001
47.9345
46.7908
46.3078
49.4563
46.927
47.4366
44.4724
45.8735
47.5622
48.1651
43.8876
49.2451
47.5763
46.6105
46.0353
47.8121
46.9207
47.5572
47.5298
44.8054
49.3267
47.6233
48.0136
48.0979
46.9841
46.9372
49.2642
46.8896
47.0434
46.5014
45.5879
45.8832
46.6633
48.4786
45.5084
45.4936
49.2042
47.2577
46.4804
48.1517
47.1441
48.1456
48.7669
47.5764
48.6501
47.3942
50.7108
45.7312
46.3864
46.7893
46.8984
47.9024
48.5159
48.9645
47.5548
47.355
46.4831
47.2661
45.9096
47.6261
48.7918
46.5784
48.3306
47.2831
47.628
45.7659
47.3374
43.6922
44.2558
45.7051
46.3846
41.1488
42.8048
43.1932
41.7399
43.9805
42.203
47.4938
44.8261
44.7814
46.8772
44.5242
44.2038
44.6949
45.8522
46.1995
47.8644
47.8759
47.7928
46.0159
47.8961
44.522
46.8599
46.7304
47.8588
47.9929
45.1071
46.7248
48.6543
48.1983
48.1523
49.2655
46.4179
43.9777
45.9203
47.6795
46.7698
45.2879
47.905
46.4385
47.7479
46.1522
49.537
45.9672
45.2388
50.8308
48.0156
46.3778
42.9464
46.7422
46.639
44.0784
46.5624
46.4662
45.7435
47.1063
45.5891
47.1307
50.258
48.6063
48.6158
47.829
50.3762
50.5783
46.6989
48.2007
50.9074
46.4316
49.783
48.2207
47.4012
46.1153
50.7808
47.419
49.2556
49.4071
48.5738
44.7165
49.63
47.8424
49.4243
50.0646
51.1594
50.0133
49.8976
50.8918
50.2423
51.7537
50.6983
50.0095
49.7583
50.8538
48.5982
48.7143
52.8263
53.8093
52.2184
50.2716
50.67
52.2161
50.2306
50.3685
50.0392
52.923
51.9466
51.2864
50.7801
51.8585
47.6364
46.1092
50.0273
50.3779
48.9717
48.0021
46.93
47.9373
43.8031
46.8261
46.0912
47.9541
48.8555
47.6441
47.9223
47.7076
47.367
48.5622
48.1236
50.7928
46.7795
48.5217
46.4434
46.109
46.8164
46.7013
46.8732
49.8116
47.8821
50.0517
49.3424
47.0097
48.5241
48.6237
50.0549
51.3844
51.4728
53.1149
50.8761
53.1688
50.9381
48.0488
50.6465
49.5827
51.3855
49.401
50.7482
50.0656
48.9757
52.127
49.7753
48.4991
49.0632
50.3661
50.3915
48.9434
50.0799
51.8057
49.5929
51.9398
49.6125
49.2271
51.2646
48.1787
50.6841
48.5187
47.6077
47.0912
48.8381
45.999
47.0169
46.8259
47.4439
45.4024
44.5454
44.8586
44.4064
45.558
46.633
45.5197
44.9089
48.0417
46.2418
43.3851
42.011
45.588
42.8432
43.6768
42.661
41.4431
42.0335
41.6697
44.099
46.9158
41.9568
45.846
43.3198
44.1333
44.2507
44.2714
47.581
45.11
48.6358
45.3305
45.7192
43.2507
46.0439
44.1168
45.125
44.9374
45.7202
47.5739
44.8761
45.9346
47.7967
48.1825
49.9433
51.1611
48.9495
47.8856
50.7606
50.818
49.7053
51.531
51.4644
49.1753
52.1643
48.6744
49.1539
50.2238
49.6263
50.2088
50.8329
47.5068
51.0696
51.4393
52.9597
53.6498
50.4851
50.7663
50.6672
51.3906
51.813
49.0412
49.42
49.3268
51.0883
51.2481
51.1955
49.7293
48.3461
49.593
51.0892
50.5149
46.6396
47.4043
48.4922
47.5271
48.571
48.067
49.0395
49.5806
49.2865
49.3697
51.6031
51.5354
51.7285
51
50.3923
51.3768
51.2023
51.4809
51.983
50.6741
49.4509
50.9809
50.1627
48.3474
49.1667
51.2237
47.663
49.0286
49.376
51.3401
52.8956
53.3518
52.9257
53.7885
49.8804
53.9258
51.5174
51.2001
51.5948
50.6788
51.8057
52.529
50.6112
50.4945
50.0264
51.2428
47.4591
51.3351
52.8257
53.1126
53.7951
53.7007
52.6616
54.5803
53.2143
53.1657
51.4635
52.8187
51.089
49.7135
49.2514
50.2348
50.4806
51.9053
51.3056
49.6946
47.7586
48.5121
49.5499
49.407
49.6502
47.8965
46.4072
49.7665
49.7792
50.7857
50.1665
47.9892
50.661
49.6942
50.9665
48.0989
47.4493
46.9078
46.5621
48.4703
49.0631
51.7041
48.1948
49.256
49.0568
50.5383
47.6517
50.1198
52.4446
50.4289
48.8274
51.213
53.1263
53.8392
52.4205
52.6798
49.0921
49.0719
47.5105
47.7181
46.32
48.3239
50.8455
51.0316
48.9424
49.2935
51.0929
52.6521
49.6567
50.7858
52.0987
50.2638
49.9986
50.0347
48.0996
50.127
50.1697
52.587
51.018
52.4982
50.6718
53.8317
53.6381
51.3324
48.4108
51.833
50.2951
51.4997
55.3906
52.565
53.9953
54.3806
53.5983
52.5772
52.1577
50.5092
52.1985
50.3985
50.9438
49.9381
49.4527
51.0512
51.0429
52.7122
51.3877
49.784
50.8441
52.7625
52.0229
50.0629
52.0741
49.733
51.4438
49.6831
51.8911
51.0217
48.0105
50.818
51.9633
48.6528
50.6049
53.5685
53.8894
53.3553
52.2962
49.3511
48.9224
49.9761
51.4402
50.9119
53.541
52.0054
51.8888
49.6869
48.8637
47.6049
51.2025
50.4783
52.6775
52.0625
52.2967
51.4889
54.414
49.9008
50.6142
49.2458
47.5463
49.0848
54.4945
53.1024
46.5595
51.0748
49.5968
50.0957
52.133
50.4192
51.08
48.7057
46.959
49.0886
47.4305
47.4084
46.0115
45.561
44.5131
44.3829
43.0443
41.5285
39.9394
38.8211
44.264
44.843
45.4839
42.2075
44.098
42.9754
42.5083
43.4738
45.6579
48.684
46.1813
43.5211
46.2977
47.1098
48.1698
48.1962
45.4731
45.325
41.4496
40.6835
43.7591
42.4727
40.3891
42.8089
39.2775
40.7382
40.1546
45.3389
40.1553
42.0214
42.0432
43.1262
43.0618
46.9504
46.3318
48.7186
47.805
48.663
50.0275
47.5879
48.5386
49.3741
49.7899
49.3309
46.6995
49.2157
50.6074
49.3356
46.1241
47.674
46.3523
46.2006
47.7802
50.7612
48.9649
47.4549
43.9027
45.0423
42.834
44.3007
45.0378
49.3478
49.4411
49.9704
49.2338
50.7145
51.4642
50.2395
49.6737
50.7307
52.3101
50.8962
50.7244
50.6889
53.8546
51.9501
55.0643
54.7631
56.8362
57.0379
59.1793
57.8403
60.8122
61.9596
62.6892
61.8795
63.5932
62.1066
64.0331
58.2435
56.8017
57.8664
57.3701
58.6662
57.026
55.3863
55.3118
55.5746
54.7915
54.7028
56.404
51.1262
52.9973
51.2002
57.1696
55.212
54.088
51.2779
53.2685
50.913
54.8577
52.9733
54.8929
54.9631
54.4411
54.1682
54.731
55.5076
52.5783
52.2143
48.8896
47.706
44.9147
44.9881
43.7645
40.6724
39.1364
41.3998
40.303
39.8577
40.4739
39.2319
41.4731
38.4119
40.1456
40.7595
41.0458
44.9299
44.6445
43.7959
42.3819
42.9695
43.8866
43.9831
43.2499
44.5293
44.3602
46.108
45.3873
46.1574
46.687
46.5378
46.7123
47.9081
44.8583
45.7016
47.2958
46.2214
47.2772
46.0656
45.9067
45.8368
45.1583
45.4753
46.7096
47.6722
46.5742
46.5838
48.8843
45.0389
45.0413
42.5629
45.1962
44.0517
41.2722
41.5474
43.418
44.0181
45.0047
45.8151
46.5998
44.424
48.1292
43.555
44.6701
45.768
46.3575
45.4612
44.4045
48.024
45.4246
47.1433
47.9674
46.0795
48.7101
47.4939
49.7042
45.2444
42.8165
43.4503
45.3406
44.6382
44.6058
48.8032
50.2874
51.3918
50.463
49.1898
47.6938
46.6885
47.181
48.6421
47.909
46.7516
45.8804
44.0576
42.6138
43.5617
45.8843
46.2864
43.7136
45.2329
46.6378
45.8117
45.6248
45.6729
47.9457
50.4482
48.5323
51.3305
47.8151
48.376
47.4552
46.816
44.7749
47.2421
46.4945
50.5887
49.8588
50.8964
50.7074
51.1184
50.1263
50.683
52.1219
51.395
49.4174
49.7141
49.356
49.2817
47.672
48.3082
48.6161
47.6922
46.157
50.0045
47.1606
49.8874
54.5973
53.7261
56.6527
55.5491
53.8093
52.0663
52.1936
54.1188
55.7293
51.3663
52.2059
50.7264
49.8482
49.247
48.0429
47.5551
47.8419
46.4295
45.8727
47.149
47.8223
47.3277
48.0481
44.1957
45.7948
47.4032
46.0287
48.5553
45.8653
47.4025
48.1454
47.6791
46.5064
47.2604
46.8113
47.4005
46.0446
44.6223
46.5767
48.5738
47.3669
47.1283
45.5955
45.0992
44.2776
47.7377
45.6632
48.1157
46.8235
47.7988
48.0524
48.1039
46.5247
46.7768
47.2224
45.6491
46.7992
44.9498
47.0743
44.9138
45.7177
44.1558
48.1506
44.0301
45.9272
46.1975
46.9987
44.5239
47.1076
46.0401
47.3175
45.7062
46.2601
45.7802
45.9618
45.9617
45.6723
46.234
45.072
47.2202
47.0087
47.153
48.8127
44.8972
46.2027
46.5044
46.7412
47.5776
47.1889
44.7117
44.6374
45.1574
47.3895
46.7157
47.5892
47.2544
49.0979
47.183
47.5915
47.1145
46.555
46.1287
48.018
45.3295
46.0953
44.1315
44.8836
43.5701
43.0999
43.1469
41.44
41.907
44.6972
44.689
43.7264
44.6285
44.6195
45.2132
46.0081
47.4671
46.6432
48.1295
47.1377
46.5295
46.9182
46.0686
43.3608
42.7733
41.4895
43.5455
44.9184
43.4907
40.8792
42.2685
41.5595
40.525
41.5546
41.8034
42.7133
42.4685
39.8872
40.9004
40.8589
39.5287
39.0201
40.6353
38.7414
37.1988
38.9034
36.5791
36.8558
35.3654
36.6128
35.3201
37.366
36.9878
37.0491
37.0146
35.2698
36.2473
35.8117
33.6653
35.9988
36.0545
35.9549
36.7646
36.8253
35.9171
36.8056
36.6212
38.1921
37.7282
37.2653
36.7229
36.7269
37.5564
36.418
37.6176
38.0297
36.804
39.1265
38.1554
37.9047
38.3433
38.0259
42.3733
38.6116
43.6625
41.9007
39.726
41.1976
40.4585
41.3715
41.8089
41.3531
41.7021
42.6503
40.9354
42.639
45.0106
44.7592
45.7742
43.7665
46.9856
45.2395
43.8907
41.2332
44.0469
42.0484
41.0221
40.4846
42.8573
43.0046
41.7547
41.851
41.5075
42.9914
45.9124
46.2113
44.8415
45.3434
43.0022
39.729
41.7831
42.5879
41.4989
39.9427
41.5013
40.9054
43.2031
40.8352
44.2145
41.739
43.183
43.7059
42.5856
44.1518
41.4268
41.4673
41.5426
41.4336
41.6712
41.4724
40.9935
41.6375
43.2268
44.1393
43.6129
44.0034
44.6552
47.506
45.6878
44.7617
46.5684
46.2673
46.4547
45.7122
47.6778
47.9176
49.318
49.6107
48.7508
46.9126
49.0684
47.0329
46.0161
45.7603
44.9944
44.2757
44.1648
42.9443
44.1696
44.951
43.256
43.7404
42.6931
43.6871
44.229
44.3322
43.1288
43.4935
42.754
44.6452
43.7014
43.4078
42.8888
42.5598
43.8038
40.5412
41.8675
43.2873
45.5389
44.1471
44.5469
46.2582
43.4167
45.3647
45.3771
46.1864
45.9676
47.2693
45.6707
43.7245
44.1705
45.5583
45.6855
44.2734
43.2588
43.1728
43.5511
43.8422
43.4268
43.9701
44.6298
46.9977
45.2717
45.2403
46.3338
45.5902
46.1128
46.2235
44.9045
45.2727
43.8028
44.1514
46.4682
46.949
46.33
47.8215
47.6894
48.2408
48.061
48.1405
48.4239
47.5301
47.7336
48.4462
47.472
49.0446
49.7342
48.3276
49.3693
47.2492
45.4618
46.3387
45.4127
47.4107
46.3892
46.6584
49.0108
49.1032
46.8486
44.6124
45.2589
45.6416
46.7073
44.4415
46.3157
49.2454
49.8827
49.7164
47.2435
47.3899
46.7286
48.5531
46.7936
46.5951
45.6524
45.7183
44.1201
45.2348
46.4209
48.8248
48.5979
43.1706
46.8562
46.464
45.2739
47.4175
45.2562
45.1451
47.8888
47.8485
46.5018
47.0021
44.9695
46.4614
44.2367
45.892
43.8959
45.2585
45.3436
45.0852
46.2524
46.9287
46.5764
48.1084
49.3186
48.172
47.9874
46.3774
48.8331
47.6425
45.5531
45.9256
46.5912
44.3975
46.9873
44.9558
44.6344
46.0961
44.0276
42.6012
42.0315
42.5263
42.8495
41.8126
43.3813
42.6993
43.4984
43.1251
42.4532
42.7892
44.4705
43.8488
42.1624
42.4751
42.0783
43.424
41.9761
40.9473
39.1169
38.3138
38.1001
39.0471
38.7645
40.9337
40.6958
42.232
40.8737
40.6621
37.5358
40.3638
40.3069
39.7458
41.1588
40.0526
40.5998
40.7693
41.0596
41.6518
41.4569
41.504
41.2801
41.4564
41.4144
39.3467
39.8163
42.565
39.846
39.9522
40.8481
39.3132
40.6098
40.2476
43.3808
43.3099
43.973
44.0812
40.8144
41.5789
41.4835
43.5299
43.6641
41.4146
45.0614
43.1562
44.165
43.0844
42.9388
43.6614
43.6945
41.6626
44.2965
47.0854
46.7856
47.9335
49.0276
50.8774
50.4058
51.9599
51.4556
50.3272
50.6433
52.0055
50.6552
52.241
51.6619
52.1875
52.2722
50.9349
54.3005
54.8981
53.9293
52.7611
50.9968
54.2266
54.8207
56.4661
54.6106
55.2537
54.9199
56.2086
55.3983
53.7457
53.359
54.1317
55.3616
55.4411
56.4789
54.1646
54.4317
52.7595
54.8793
56.3082
56.4455
54.2245
55.2057
54.6832
54.35
53.2532
51.9168
53.5402
52.4359
52.7473
53.5429
53.3734
52.401
53.1326
53.2717
52.1754
52.3139
52.8674
52.8776
52.2508
50.5938
48.5542
49.4743
52.3392
51.828
50.9333
52.1325
51.258
50.9655
52.8916
52.2144
51.9147
51.8883
52.4016
52.1707
52.3883
51.316
51.1131
48.8219
50.6004
51.0454
50.1844
51.8824
52.0327
51.2739
52.0553
52.3547
51.6979
51.9023
51.7889
49.3689
50.4888
49.6309
49.7561
50.7092
50.4361
49.579
50.3457
47.0891
46.84
48.4387
49.5284
48.1925
48.1502
47.5882
47.0661
47.0025
49.2168
51.1494
50.2087
48.7194
49.6118
48.7127
49.5548
46.6882
48.1658
44.846
45.4941
45.0342
45.9545
46.0092
43.8958
44.2207
44.3183
44.438
46.5537
46.4407
47.3926
47.8137
49.4334
48.6159
49.0339
49.918
49.3094
48.1318
51.6528
48.8956
48.0581
48.0698
49.7149
50.2315
50.0678
50.1024
50.7084
51.1737
50.662
50.5868
52.0124
52.6252
53.737
50.7681
50.5163
49.518
46.4859
49.2359
47.6978
47.8606
46.7744
44.7223
44.2959
45.0976
39.7774
39.0419
37.5419
35.7113
33.132
35.2621
37.5768
34.4669
35.7126
37.3974
35.004
35.82
34.768
36.664
36.1188
40.7249
39.1218
38.0925
42.3604
44.1011
42.5096
44.8064
45.4086
42.1982
40.5791
40.2215
44.45
42.4698
42.0664
41.8666
39.7126
41.5396
39.8616
40.6593
41.3029
43.7449
42.7447
43.4703
43.9707
47.6576
41.6412
38.0207
39.2548
37.1332
35.488
37.6253
39.7098
37.9426
37.7332
39.8091
42.1473
39.2867
38.9133
36.2849
37.7622
36.8585
35.7845
35.7215
34.6237
35.7799
33.6996
34.9997
33.2822
34.0281
34.1043
36.4945
39.0977
40.0919
39.859
41.0271
38.1655
36.402
43.5744
50.3147
46.481
42.0373
36.9466
38.1533
34.4725
36.5521
32.9103
32.9639
37.9745
31.3835
35.2138
34.6959
36.1167
31.666
34.0467
34.617
36.5246
35.5509
40.7621
37.7173
31.7414
33.1197
31.7914
31.9669
30.1073
30.8918
38.2764
35.3172
33.3129
36.0016
34.157
32.5026
34.2865
37.0496
33.864
35.3467
35.8153
36.4526
35.4349
37.3586
39.2886
42.3135
42.8175
44.1414
46.9179
44.4642
40.9862
36.5083
36.6761
37.2099
36.4552
41.4779
39.1907
40.6821
41.4843
39.6713
39.7904
38.5444
38.9366
42.0405
39.8679
42.3727
43.1055
45.2087
49.5611
44.408
46.808
46.2517
45.823
46.2538
42.2821
39.117
40.8576
39.6656
43.387
42.7515
40.4179
39.2471
44.3187
45.5449
37.5565
40.4918
39.7658
41.4789
36.6612
41.9768
41.3068
40.8299
40.6916
42.8003
44.0642
37.7388
43.8482
43.4976
44.9848
44.8077
42.2216
44.5045
42.9988
41.4361
43.9823
40.2756
42.2655
43.5159
45.122
47.9924
44.4055
48.9312
49.7332
48.7358
51.1825
49.1144
47.0392
50.775
48.4945
51.5648
43.6005
46.2447
51.1461
46.9334
50.9666
48.0791
46.5979
46.2667
43.5281
46.5177
43.2857
48.3315
48.273
47.0785
51.604
44.1549
43.6316
46.2134
41.0827
44.7152
39.0678
38.6188
37.5713
38.5587
36.991
38.7593
34.0158
36.0478
37.7197
37.3761
37.1299
31.72
34.2462
30.5538
34.3294
33.218
37.4347
33.3823
30.8529
35.2059
34.3006
34.5487
28.7025
33.5532
33.5309
32.6274
33.8233
35.0538
35.0648
37.0832
33.7262
32.5629
33.3467
34.7602
32.215
36.3052
36.1766
33.5998
34.2883
35.0063
37.0147
38.6208
38.7298
38.7433
40.5713
42.765
44.7071
43.2821
42.1403
45.5352
50.8431
48.1634
45.5411
50.2226
49.7046
53.4398
58.4087
55.1516
56.5791
49.7609
48.8168
44.5922
44.129
49.4164
45.673
45.2824
42.579
40.9771
46.2954
43.614
42.6964
39.8462
40.8611
42.4967
38.4866
41.7038
42.4235
44.2923
49.8968
52.3678
52.4879
55.9518
57.0375
54.0099
56.8001
50.4057
52.9302
55.7772
49.2362
51.1862
46.7272
50.2374
46.1086
47.965
46.9167
53.2929
52.2464
53.966
51.1401
53.9118
54.8668
51.7616
54.1618
54.9662
55.3221
53.9311
49.2663
51.3694
49.304
50.408
50.8027
50.4483
49.5313
53.1479
50.6506
48.8751
50.5197
49.5653
50.6765
51.1857
53.2419
55.4465
60.2451
58.7824
61.7341
62.1704
61.3454
61.2842
59.2847
60.4496
59.3606
62.1846
60.3287
60.1295
60.9066
59.3815
64.4157
64.0991
65.8714
60.7607
58.5873
59.4789
56.1964
55.6815
53.9618
55.2176
54.8514
57.0307
59.4789
59.5598
60.2881
59.1716
59.5897
62.4585
61.1478
61.8771
62.5476
61.856
62.7621
61.2287
60.7106
59.1157
58.5533
57.8283
59.158
58.8898
59.9372
61.736
65.8752
64.3385
63.8502
63.9438
60.1512
57.4247
53.8487
52.2656
58.3884
58.6606
60.9335
61.5181
64.0023
62.0355
63.2755
59.1801
63.7951
63.8198
62.5154
61.5619
60.1008
62.0876
61.866
55.9378
57.6738
52.4409
51.8867
51.2844
52.5122
50.4675
53.0749
52.6899
54.0199
48.5656
50.6687
51.3206
50.5159
50.8651
50.7849
52.0006
56.3463
52.0442
48.6309
50.6238
46.2163
49.762
48.0496
45.4952
50.431
46.9007
47.1765
45.8446
49.9536
43.2701
52.1117
50.1395
51.1486
51.2775
50.8232
54.3544
54.5733
56.3589
57.4105
57.2873
58.7441
56.7746
53.7603
57.0328
55.173
53.5819
51.856
48.3015
48.6365
49.4299
46.1453
45.9008
46.6294
42.993
43.2591
49.5282
43.9564
46.4681
44.7895
42.8817
42.2657
46.4503
48.6823
49.274
47.6295
50.9252
49.3983
47.2841
50.8197
50.6021
49.0083
51.4938
50.5281
48.0499
47.4104
52.664
52.9093
48.8105
49.365
53.8367
49.8099
55.6532
63.9079
64.3453
65.8548
66.92
68.8669
67.5256
64.3894
63.3425
66.0287
63.0328
63.2026
61.4378
60.1711
60.3091
56.3867
59.2374
58.3557
56.4561
58.1335
60.2568
60.8333
63.9369
58.4911
58.0316
57.5386
51.9499
54.4928
56.1001
57.6387
57.3976
51.495
51.7342
54.401
48.9117
52.6437
57.201
57.1909
59.5542
60.2036
60.0526
60.9078
62.0475
57.4429
60.8928
63.7947
64.5802
64.4542
64.6348
66.3157
67.239
67.7904
69.1404
68.162
66.5098
61.414
61.6662
60.8307
59.0676
63.6654
56.1274
60.4034
57.3067
64.5189
62.0089
63.6999
61.2736
60.2209
57.2057
62.0085
58.7047
61.2873
59.0848
55.7726
58.3389
61.323
57.1293
60.38
56.5146
59.0659
58.8498
58.9458
55.8157
61.8299
59.9806
62.2767
65.2254
63.3046
65.374
66.9175
65.0147
65.3955
72.1852
71.4239
70.7597
68.7423
70.2079
68.9874
69.1623
63.5422
65.135
63.5949
65.2375
65.0086
62.8207
69.5118
67.8984
65.8873
63.582
61.1777
60.8196
61.0699
60.7157
58.2238
57.0228
55.7057
54.6934
55.9666
54.6165
54.1802
56.2168
54.5079
53.8244
50.7278
52.4018
58.4475
60.8894
61.7244
58.4491
56.9346
59.1564
58.0789
62.0289
63.6157
62.4281
62.2279
61.5558
63.5364
65.2449
63.2209
61.7269
61.4524
60.4431
63.4168
60.6912
61.2691
58.964
53.7873
49.0835
52.9195
51.6839
50.3653
53.7653
50.8113
50.1427
47.3339
48.63
44.2782
46.6714
43.9133
39.1348
42.3535
41.9533
44.574
46.9166
49.3596
51.214
50.541
46.5349
47.3759
49.827
48.5216
52.1223
53.4075
54.3778
57.7286
60.1287
61.166
61.732
64.5633
68.1676
62.4714
61.7291
64.3463
59.9378
62.8114
65.2018
62.2067
64.8003
60.2342
57.7634
58.2738
56.9437
55.6653
60.0854
54.7285
51.9859
54.3135
48.777
50.9765
48.5031
44.0422
50.9465
49.6382
50.4758
50.7451
47.8031
52.7247
50.8366
49.4616
52.9922
54.9703
48.3152
57.5624
52.3465
54.1858
58.2614
58.78
61.3601
59.3448
62.8551
61.0874
62.0994
63.4591
60.1926
65.8337
63.8028
60.0716
66.0503
60.787
59.1931
59.0912
56.8749
56.0093
56.454
56.4271
60.3674
58.3579
59.5973
59.0815
61.2022
60.2082
61.5723
59.6895
58.7934
58.3425
59.2318
64.4362
64.7337
63.4991
61.7824
61.1314
60.9422
58.3518
53.2988
57.5575
58.1945
54.0719
55.1894
55.5658
58.0632
60.2359
55.1692
58.4494
56.1808
56.3654
61.1865
60.7358
60.8825
67.9051
60.486
61.7406
61.3784
57.0665
58.9659
60.9563
59.9264
54.0592
58.7647
58.9311
56.855
58.6101
55.5868
53.4135
55.44
57.7926
57.8069
61.7696
58.4378
52.7407
56.754
52.9049
55.88
54.6834
48.3668
48.542
51.1783
47.3494
42.1469
50.0396
53.4708
53.2064
56.8275
60.44
63.9032
62.6307
61.9005
60.1408
60.5425
66.8636
64.4478
59.4693
57.5442
61.0514
57.3915
56.6819
61.2613
54.864
56.6765
53.0169
58.6028
56.6007
52.4596
46.8598
47.9043
48.8392
43.253
46.3213
43.2253
47.8237
43.0981
44.8971
46.0719
41.5329
44.2154
45.5814
46.0883
50.1755
54.8948
55.2873
58.5296
56.6704
55.2723
53.0737
58.2757
56.5056
55.9587
59.5784
60.6558
59.8163
61.9053
62.7354
61.4788
62.492
64.4833
61.0799
62.9281
66.7018
63.0203
63.0843
53.0828
55.6778
51.1128
56.5221
54.0179
54.8318
50.6391
50.3562
51.5809
54.519
50.4533
49.5308
55.3488
52.3891
53.4333
50.2701
53.6244
51.6407
54.9328
52.7785
56.733
57.9773
59.1293
59.9853
57.9031
58.2508
52.1282
57.1724
60.6215
62.1492
62.6352
59.631
61.2039
64.2894
65.9785
64.3558
66.4592
67.2246
66.4048
63.5867
65.2374
67.3578
62.2868
63.4013
62.4226
63.2477
61.2889
61.3686
56.8182
59.3247
57.8
58.4913
57.2967
53.0605
53.1841
53.5984
51.316
51.3
48.1777
51.2933
50.6027
54.0208
51.0768
53.6211
54.6227
56.2051
56.1417
51.893
55.3994
55.1018
54.3031
54.944
58.7026
58.6575
58.5951
58.5615
62.9691
64.3617
61.1326
60.9147
64.1427
63.4881
63.928
59.565
62.1289
61.6762
61.2867
60.991
57.6726
58.3147
55.6182
55.4078
54.272
48.9906
46.716
50.0648
49.8208
46.4554
46.1525
46.7263
44.4193
45.5661
43.9686
41.9599
42.564
47.2661
46.3683
44.2208
45.5615
44.7259
45.7831
43.0853
46.9744
44.2489
45.8627
51.2418
52.4233
52.7425
54.6375
50.7284
60.2879
59.1683
62.2208
52.5599
60.0929
60.6398
65.4195
58.4942
58.5693
60.6314
57.1734
57.0505
57.7516
54.3553
50.2907
48.3607
49.8755
49.8551
48.2691
49.2107
44.4086
48.8232
48.4307
45.3469
50.4649
46.3033
48.9605
47.1831
46.5518
47.2982
51.7863
48.6354
48.9767
52.5357
51.076
48.5329
52.0899
52.0492
49.9406
53.0606
53.7542
58.3084
61.019
54.9178
60.4343
61.0725
65.5445
63.5675
62.4405
65.7557
65.0378
63.3291
60.3236
63.035
59.8209
61.3426
59.6916
62.5161
61.9509
60.425
54.071
53.1097
55.1414
55.3844
57.316
56.4241
58.27
62.2207
63.8059
63.6609
63.3616
62.0916
57.3102
59.3258
56.1409
59.518
56.3295
52.6934
54.2539
54.8186
50.5829
55.6067
51.5603
56.2511
52.4433
56.3781
57.8342
58.0043
57.2911
53.6306
60.5886
62.0014
60.1016
58.0188
57.9411
60.3374
60.127
60.1242
59.1169
61.4414
58.925
58.3641
59.1755
51.4734
57.1603
52.9892
49.3052
53.5022
48.5985
51.4861
45.2194
46.4332
46.354
45.3421
46.0072
45.2515
44.1118
41.4395
44.0613
44.5799
45.806
46.907
49.7877
52.0153
47.3294
49.7172
50.6225
54.773
55.8261
49.7605
49.2894
54.0368
51.0373
55.9179
60.8281
60.9868
58.9146
61.2641
59.7346
59.8624
58.4148
55.7061
55.3328
51.988
53.6081
54.0414
53.0282
52.1364
50.0131
50.5657
47.4845
45.6388
44.6309
44.886
43.3508
41.6772
43.0968
45.3713
46.9674
44.2832
49.3227
46.1046
49.077
48.8372
53.977
55.932
65.1523
62.8713
64.3714
63.5326
54.1691
56.0193
53.8253
43.8841
45.3584
43.5998
41.2201
43.5544
41.9739
39.9761
43.0055
43.8918
44.9701
55.6711
54.2057
61.2135
58.2618
56.4332
54.4249
55.6839
57.8239
58.5465
55.825
54.7185
57.2023
57.8203
61.4866
59.5749
56.305
47.882
41.8016
43.9009
42.8709
42.4682
39.828
38.8068
38.7867
41.5585
43.795
45.9349
44.5288
50.7379
66.242
63.055
59.5076
56.9501
56.0194
52.4735
52.3486
49.7527
49.541
47.5157
48.0817
49.2053
49.8143
47.0137
51.1603
54.0753
60.1137
55.7358
49.5147
46.3315
41.2999
40.8687
38.8765
42.4704
45.257
47.2333
43.7783
46.0517
46.4083
47.3569
45.6598
41.7351
42.7108
44.3957
55.1006
56.6435
57.1987
49.1304
46.3256
45.3371
52.9243
55.0165
45.7888
48.0425
50.6594
51.2938
48.9722
49.4767
47.0169
57.1883
63.7308
54.5263
48.1225
42.2996
44.8359
44.3739
47.8623
50.1623
52.7479
52.7311
48.4528
52.4763
50.8224
48.1625
42.6673
51.1816
52.2717
56.7158
64.1476
56.036
51.9876
51.8905
46.5404
50.7515
50.5119
51.1589
54.7379
52.1934
50.9225
49.1984
48.525
48.6286
53.4691
56.161
58.3505
56.3511
57.142
45.0856
41.9344
39.411
44.1582
46.5058
47.4788
41.6834
41.0884
45.5651
44.45
43.8195
47.2812
45.5797
46.1034
46.5772
39.0181
46.5985
51.6707
52.9781
54.9092
57.2246
51.4534
52.095
47.3081
48.7983
50.1795
50.8529
53.1632
50.0803
54.8731
55.5346
54.3791
52.1051
55.8639
56.8773
53.1428
60.7237
58.1131
61.2141
62.9273
59.1509
61.4639
56.7952
59.3374
62.1493
65.9233
63.9311
62.9679
58.9918
57.2824
57.7131
58.4019
56.7768
57.1401
54.5811
58.8793
59.9655
61.3969
56.0524
57.1517
53.2228
57.7778
55.7167
59.1501
55.4924
55.4265
61.1908
62.479
66.1843
66.6403
65.6829
64.0976
66.7719
61.0202
62.1948
58.5
52.4708
53.7726
52.4651
59.868
59.0403
53.3465
55.9827
52.8109
55.458
53.0023
50.9261
52.0348
53.372
54.5942
57.2616
56.2519
59.6948
63.5631
66.968
61.4861
59.0617
64.5804
69.2343
63.9194
63.9751
63.1277
59.0762
56.509
57.1243
56.2655
60.6254
54.8972
61.6624
55.1262
55.4554
54.5231
56.9461
55.8465
54.2608
51.6875
54.3981
56.8064
54.2354
51.8344
55.2409
56.3586
58.7138
63.0903
63.197
60.0388
59.2664
59.4724
59.2224
54.1918
57.7013
61.381
55.7017
56.8991
57.3961
58.816
58.372
58.9945
57.0413
58.2965
58.7963
57.8953
58.193
60.6372
58.2727
60.2703
59.3195
64.0196