58.5092
54.2745
60.3423
56.8754
59.2692
57.3589
57.1287
57.8401
59.1352
56.8655
60.0872
58.1859
60.6977
61.6026
60.3467
59.2065
59.9928
58.1064
58.4868
59.0393
58.4169
60.8492
60.0851
60.8909
59.1114
57.3898
61.7243
60.4602
62.1156
59.5137
60.8306
59.3465
61.689
61.3705
59.6455
56.3572
59.9213
57.0617
61.159
58.7901
59.9198
59.3692
60.3621
62.0641
57.4983
59.8712
59.7536
58.496
62.2929
58.3886
57.7116
61.6002
58.5846
58.553
57.999
56.4028
56.978
58.6823
56.7282
57.6758
61.6351
56.3502
59.6577
59.1832
60.2989
61.9414
59.6497
59.7767
61.2296
60.0555
59.4823
59.852
57.0334
57.6739
64.014
58.907
61.2766
58.4816
57.6647
58.3365
59.6039
56.9689
58.9508
57.9765
59.5021
58.3374
60.7705
60.0377
57.202
59.763
59.8855
57.038
59.3488
58.2094
59.7908
59.8446
57.8048
59.2262
59.6371
59.444
57.0468
58.3886
58.9562
57.361
57.9828
57.8133
56.9514
57.066
57.7045
59.864
54.5104
59.1525
62.8734
57.8774
60.7518
58.9762
57.9098
62.4218
58.97
60.8654
61.9837
56.5678
58.5559
58.9874
56.1729
61.6005
60.3574
58.9159
54.8763
56.573
57.4362
58.3974
59.5559
61.7158
58.2752
56.3026
55.9153
58.1716
57.1171
56.7187
57.4666
56.0596
55.3436
51.5681
55.9789
55.7076
55.6201
58.6925
60.782
63.8645
60.3588
67.2019
62.9834
65.7658
67.6343
64.7519
62.9151
62.5646
62.83
63.1074
63.7165
63.5757
61.371
60.593
59.6831
59.2692
62.8301
61.0491
64.3496
63.5222
66.0446
65.8077
62.7585
61.936
57.9704
59.3022
57.7644
63.4154
61.9246
61.8441
60.1398
60.0644
56.5861
60.3766
59.2936
56.5371
56.0702
57.8199
56.5464
52.5292
51.3273
48.8855
49.5244
50.0067
48.8058
51.8683
48.1517
50.4935
54.5029
55.3932
54.2067
54.453
55.0221
55.6206
57.2598
52.9024
55.0372
57.9266
58.8786
58.5426
58.9612
63.2412
59.5172
55.5499
56.4966
55.5198
54.9708
61.3799
59.3602
60.1063
60.7763
60.6868
61.3208
60.2547
60.9498
58.0632
60.2828
62.7674
64.2605
60.1124
61.6724
62.2446
62.346
60.902
59.9944
58.7902
57.4115
58.0107
61.27
59.7525
55.4484
56.4155
55.7215
61.1471
56.4987
58.2498
57.9129
55.784
61.4769
56.1219
58.3243
68.8635
66.1607
64.9135
69.3304
70.4412
65.4328
65.313
58.2237
60.9733
62.6564
63.4015
63.2626
63.3672
61.9206
60.7005
63.2947
61.6463
61.0191
68.6139
66.3568
60.4643
59.7118
60.03
61.1201
65.4673
62.2301
60.8226
60.9748
56.0414
60.8311
55.6037
58.058
58.5631
57.512
55.8084
61.3528
59.7682
61.2204
62.8245
59.96
55.0144
58.5101
60.4118
59.6105
62.2859
57.9408
60.5273
61.0189
57.8679
54.7159
59.2274
58.9503
57.6457
59.3297
59.5386
54.2568
53.0795
54.6804
56.6222
56.4426
56.0616
60.9482
53.3834
54.6904
57.1345
56.0395
55.184
57.7049
54.3529
51.7888
55.7506
51.2182
54.5388
50.2874
55.7734
55.1755
53.0698
54.7591
49.9653
47.8137
45.7326
40.5642
41.6624
45.4364
44.3633
43.8933
50.5796
53.8353
54.3855
55.9904
60.4392
63.5612
63.7292
64.579
64.4459
63.8632
61.3782
63.752
62.3843
62.9398
65.3046
64.8769
61.0513
59.5768
52.8354
45.2702
49.498
51.2619
50.6404
51.0843
55.719
56.1316
61.7089
59.9631
58.5732
56.4249
55.2077
56.6137
56.3677
54.2856
57.7685
56.0479
55.4509
55.941
57.5427
58.8014
60.895
59.39
58.2308
53.6195
59.1955
57.0526
52.2652
54.7902
49.991
50.5178
48.9387
49.3353
54.5777
56.3619
54.9076
56.2391
57.2996
61.9293
62.927
67.3206
66.4459
61.6854
64.8296
65.4614
63.6243
61.1298
56.9114
55.6398
54.6764
56.5715
56.8049
56.6708
54.7524
57.3163
56.1264
55.7608
54.1881
60.008
56.1604
56.9319
54.247
57.1566
54.8476
54.0209
53.1021
53.1367
53.013
54.9229
51.3565
53.2279
56.4303
53.2683
57.8554
57.7411
59.5683
58.713
58.9289
60.9199
62.7207
63.1569
63.3565
64.5607
62.5048
62.7008
59.4954
59.1287
59.5787
56.0477
59.1701
52.4713
54.0207
54.8483
50.9105
50.507
52.7699
52.2231
54.9184
53.5736
57.2358
54.0163
55.5407
56.9909
63.7085
60.3822
56.1262
59.7622
56.3448
59.1162
56.5686
53.2858
53.4265
54.0007
57.0392
56.9269
56.5928
60.6209
59.2368
55.9018
59.0893
58.9895
54.3935
57.4252
58.1553
62.4582
59.0056
59.708
55.0981
52.0498
48.9168
49.6288
51.434
45.4258
45.1193
48.4059
47.9956
45.7761
47.7845
48.0072
47.0838
43.5972
43.7102
42.2525
43.1271
39.2523
40.6369
40.8936
43.0556
40.7508
41.0249
41.2641
42.1518
39.1914
41.1314
41.9966
39.8676
39.9299
43.8043
45.1662
49.0759
42.2736
44.7328
44.9141
42.5005
46.0549
43.6133
48.6723
43.5254
41.9589
45.1324
46.3405
51.3002
48.0551
51.5442
51.9525
54.0124
55.9609
52.7212
50.8352
48.8696
52.4733
49.4087
49.3286
47.764
45.2786
48.6462
50.1756
50.0185
52.3393
52.1928
52.2903
53.7302
51.9551
50.1048
49.8102
49.9113
49.3484
49.369
48.2346
44.3393
43.6709
41.0866
44.0361
48.5911
46.529
42.344
42.5525
37.905
36.876
33.5497
32.9741
32.2116
30.086
32.0364
34.939
32.2592
33.2773
35.7139
38.4419
32.8657
41.4572
39.2546
38.0494
37.5575
39.3122
39.3914
39.878
38.9981
41.017
40.5345
40.4525
44.7072
42.2866
40.2047
44.0065
46.2724
43.3438
46.1165
48.3534
52.0752
51.1506
50.718
50.023
45.4115
47.0865
44.2082
44.447
46.5971
48.8958
53.5575
53.5889
48.0386
50.5603
48.1634
48.571
41.6191
41.978
43.6509
44.9004
48.2497
45.4378
46.2342
44.2925
50.5968
50.4979
51.7366
47.6579
50.4333
52.695
53.8722
50.5824
52.635
51.8547
52.0996
50.7287
47.1165
48.617
47.8611
43.1226
44.385
42.5442
48.2571
46.6817
49.4554
47.0594
49.4199
45.3334
47.4734
47.5794
44.0762
42.0857
46.3771
46.7427
42.2971
42.7426
46.4625
48.3127
53.2691
49.6101
48.5383
45.4186
44.2121
39.2297
42.0273
38.7284
43.7854
45.5587
47.1951
50.7916
51.8039
49.3729
52.2375
50.4543
44.5163
44.3845
43.0614
44.4156
43.8694
40.0007
40.065
39.9747
38.4107
39.9117
42.423
39.2213
42.836
41.0476
40.1801
42.2315
42.5624
42.5218
42.3819
45.4262
41.0048
41.1129
41.8285
44.8575
46.0616
45.164
47.8983
51.1668
55.6505
58.2431
56.651
55.8836
55.0513
51.1015
48.8172
46.5645
47.6464
46.3201
46.9071
50.7164
51.8318
50.8394
48.9388
46.3625
42.5989
43.8426
48.3257
45.0232
47.3601
46.0579
48.3519
46.0234
49.96
47.8333
51.3685
50.5011
48.0307
51.0823
50.6303
52.0896
52.269
49.6614
48.9447
45.665
43.8503
48.0459
49.3297
51.2297
47.8198
47.2827
51.2071
48.2658
50.7668
46.8108
45.8676
46.8809
44.766
45.0583
42.3939
46.7441
48.9187
42.5659
49.4813
48.4567
40.358
47.5772
49.0964
51.265
57.4747
58.5553
59.6118
58.6566
58.6482
54.899
50.5694
51.2194
50.292
48.1114
49.5216
49.9355
53.3747
54.3308
56.1734
56.7451
53.1476
50.7958
50.0361
46.6966
44.6859
44.4737
44.1706
44.9496
48.3089
49.1816
51.7402
50.8449
56.8352
51.1733
53.2428
53.5374
52.0033
46.9056
46.3098
41.1807
44.4564
43.1693
42.7804
40.2949
40.4794
41.8276
42.253
41.9926
42.3297
41.803
41.2819
46.9039
42.716
41.1805
46.8984
42.2735
43.4163
39.0479
43.8357
40.6081
42.5143
41.6004
42.3652
41.5647
41.3792
45.7043
41.8092
46.2672
44.1131
43.5996
45.0599
43.4403
39.2739
42.5085
39.5099
39.8044
39.1989
41.4707
37.7718
42.3622
44.3864
38.9037
39.3417
40.0138
37.6053
41.1598
38.0592
41.6723
41.4155
44.3661
43.0063
40.08
40.3176
38.2046
39.0845
32.2002
35.4065
38.9069
43.242
39.8169
40.8201
38.5927
37.0914
41.8217
40.4437
41.5391
38.4048
38.5426
37.8858
37.9957
35.8152
34.6252
38.6588
35.5788
40.1205
39.6866
39.2755
50.1135
48.9857
47.4947
49.7781
49.2122
52.7689
53.7561
55.5709
56.1336
54.7534
57.7156
54.2827
56.3387
56.5177
62.5227
58.2726
56.0897
55.3408
52.3028
52.3513
51.2952
46.1308
45.8787
47.945
43.4794
46.6077
49.4299
47.2044
48.0648
47.4363
46.7396
50.8548
51.5392
54.5492
53.3409
50.804
55.0935
51.8481
47.0275
49.5919
48.6761
47.3155
50.9069
51.0074
46.0792
44.7537
48.299
48.0971
49.2464
48.77
51.2223
46.6905
54.165
50.0218
47.6336
51.9372
49.0419
49.749
48.1795
53.9423
55.2694
53.7116
53.1383
46.5973
48.937
53.468
50.4087
48.9021
48.338
46.3473
50.2225
48.4108
47.0991
44.2033
44.5819
49.1768
51.3029
56.0116
55.1102
53.4864
54.3951
49.8653
51.4831
51.1402
49.9774
49.6345
48.5604
50.4672
50.4148
53.2767
48.4773
49.6708
53.7111
53.5917
51.3845
48.2712
43.4223
41.7377
41.8555
48.5183
45.7083
45.0772
48.7324
47.3671
53.1719
46.9462
43.4247
46.4554
51.874
46.9897
48.7919
51.4809
52.6304
53.114
49.588
47.4741
48.432
47.6905
47.4412
53.969
50.3218
48.0412
49.2981
53.1232
58.9598
56.6643
56.5251
64.275
59.8716
59.9527
58.0567
54.9363
55.3811
54.7152
56.4221
56.5182
50.3886
58.3097
54.0761
52.8772
52.6392
53.894
56.1242
52.2062
50.8627
49.4579
49.8494
51.6608
50.036
47.5431
47.6745
50.3878
48.1536
49.1773
48.2983
48.6319
48.919
44.8373
48.0656
47.3039
47.6743
48.033
46.739
50.2393
47.5542
46.2529
49.5719
53.2782
51.8145
56.5909
57.2962
59.5723
64.2018
59.2237
61.1462
63.311
63.4307
61.9641
57.612
58.5686
58.8504
56.4988
58.642
53.7998
54.9326
53.2756
49.3933
51.3654
55.7982
53.487
56.7352
56.0637
57.6357
58.7163
56.0525
55.928
59.0238
59.2014
56.6995
57.6421
55.1836
53.7696
56.7236
56.9235
56.3413
56.895
57.9155
61.3347
59.0321
61.5366
59.6103
60.1429
59.8281
60.549
67.1182
63.7105
64.5513
62.8728
60.741
59.7184
60.4215
59.0935
60.675
56.2699
58.0016
58.8603
56.9618
58.6384
56.0258
57.8753
55.7892
55.4184
58.7725
57.5849
54.9751
59.6005
57.6821
55.2673
52.9685
54.5386
52.4598
56.0948
58.2388
58.6486
55.3515
50.6671
53.775
53.4323
47.7718
48.8011
48.5153
49.9863
49.1947
51.9635
54.3217
55.4652
52.2559
52.4508
48.8339
47.4539
47.6701
50.8954
53.0613
58.7068
54.1759
60.115
61.2399
62.2981
65.9586
59.5193
55.7278
55.0802
55.5096
54.0755
60.1272
53.4402
60.1081
54.2922
54.1743
53.7563
55.1677
53.8415
52.7428
50.1829
57.2064
56.4128
56.3113
52.4458
55.5195
57.706
54.7552
61.1363
59.17
56.7155
52.9133
54.698
49.306
50.9968
49.2914
48.5523
49.0085
45.1776
48.5816
45.5443
47.3654
48.9568
46.4346
51.3024
50.3336
55.6587
54.6463
55.1039
54.4293
58.8972
58.9619
56.0214
52.2579
54.5019
51.0212
51.1136
50.0677
48.8475
48.1548
43.356
48.7612
51.3814
48.7449
50.914
49.1656
45.9452
44.767
42.5664
44.0618
42.6457
44.1396
42.7716
44.7417
43.5963
40.645
43.388
43.1789
44.6234
44.9018
44.9527
48.4447
47.7179
46.3608
49.041
47.5568
43.7951
39.0788
43.3008
49.7344
51.2184
45.8826
47.6737
44.3745
42.1066
41.411
39.4203
39.3869
42.4469
38.8487
39.8234
38.8065
37.9233
37.6306
37.4775
40.1405
40.6666
46.1575
46.7469
45.9306
48.5535
45.0113
44.1311
43.8645
43.2822
46.0704
40.3443
41.1852
40.0131
40.7682
44.8468
40.392
46.1929
40.6659
38.9088
38.4637
38.0545
41.0535
39.5304
43.9508
44.2712
40.4823
34.0781
38.2865
37.2292
38.3811
35.1363
40.1857
36.1229
35.584
40.119
35.4133
33.8592
35.4813
34.2219
36.8475
37.9156
40.8132
37.8043
38.7783
37.8416
41.5772
40.888
37.7163
40.8132
44.2043
47.0548
45.2861
47.8619
44.4386
41.9804
44.2002
42.5615
43.4826
38.8701
42.9434
44.0764
43.9629
45.7004
47.5727
44.9758
44.5022
47.1874
40.9885
36.3127
36.7613
39.7974
40.4888
42.4719
43.3204
45.3534
45.471
50.9054
51.1528
49.728
49.4362
50.4018
46.2498
47.0583
47.1507
48.9331
50.3753
48.9032
53.7339
54.4104
56.1402
57.5789
62.339
63.1916
56.8487
63.2752
62.5507
60.0438
57.3504
60.335
61.0248
54.0971
57.9188
56.066
48.3868
53.3969
51.5409
54.2438
48.7049
51.9962
53.5311
58.496
56.0143
59.6186
58.4074
60.6292
60.3916
59.6025
57.162
57.4111
54.9218
52.7358
55.4608
52.9754
53.5201
55.0949
50.5467
49.6776
53.4724
55.1664
56.9946
54.5634
49.9246
47.624
47.5813
46.351
45.0788
42.2349
49.6925
42.7672
44.2918
49.7251
55.8532
50.0146
54.119
50.6314
51.9988
54.9113
58.5445
54.8991
55.6309
55.624
56.9854
56.3853
50.3513
53.4874
53.8209
52.6192
56.4161
53.7102
53.1482
53.4093
53.7262
52.6669
53.0431
53.4207
51.4679
52.3275
52.6457
53.1794
55.9177
55.891
52.9903
52.0085
50.8519
52.8903
50.4783
52.8355
54.9597
56.3464
58.0197
59.5423
58.7953
53.0863
49.3572
47.6746
46.3126
44.8597
44.5444
46.7772
47.4068
51.0666
52.0301
50.4671
52.895
50.8243
50.2819
51.9093
50.7664
56.5295
57.9935
55.5516
59.5943
58.1008
58.3822
58.5516
59.0043
57.5188
58.0535
53.3312
51.7395
54.344
52.297
51.3143
50.0923
48.8918
50.0494
45.9309
42.337
43.5448
41.8533
42.6228
41.41
40.6974
40.481
43.4115
42.588
42.204
46.9229
47.9067
44.2502
39.6922
42.1881
41.5032
44.381
46.1615
50.5967
57.7021
53.9718
56.3361
48.1254
54.7503
53.1977
50.6142
45.6678
46.2316
48.4708
47.279
50.4307
49.9844
44.7589
42.7869
40.6048
43.4489
42.7225
47.4808
46.0054
49.834
49.5802
48.0764
51.1335
47.8199
52.2852
49.7759
52.4424
49.9669
49.8014
49.6966
46.9709
50.1243
46.3944
44.7759
40.1582
37.7939
37.5396
37.7868
41.2817
38.0102
41.0043
39.3143
42.6769
44.1542
47.6112
49.7026
48.6761
53.4367
54.6696
55.5286
53.9754
54.8376
53.9259
61.9477
67.3425
64.9969
62.6155
63.3048
59.9236
57.0129
58.8398
56.0893
56.2463
54.9946
51.3219
53.2955
52.2311
51.3637
52.8623
52.021
49.3164
52.207
49.0564
52.6771
52.8907
51.9706
55.3958
51.744
50.6394
47.6461
47.7203
35.1457
40.0764
35.3369
34.2343
36.1241
36.7676
41.6087
46.4011
43.4611
38.3136
43.8465
41.5713
43.5928
43.7005
44.1397
38.9184
38.1787
38.2884
39.5175
43.7648
44.3763
44.171
47.7439
48.0767
48.3333
53.0107
58.2701
54.7839
53.6349
54.9924
52.566
50.6908
45.3717
49.7073
49.5048
48.385
45.8483
49.0185
50.6093
48.0201
48.5484
47.0792
51.6461
48.7987
49.0024
50.4642
51.4729
51.5846
53.7778
54.1335
50.0086
51.4365
49.1031
50.8816
51.2422
50.784
51.0184
46.9929
49.8012
52.444
54.026
56.2493
53.2898
52.9866
51.9397
52.9164
47.2768
52.5403
53.6265
50.7692
49.9299
50.1726
52.3706
48.7757
52.6984
54.8881
52.3276
53.8702
46.7424
50.7944
48.5149
44.9643
49.3716
47.9549
47.248
50.7526
51.4495
52.3359
48.3112
49.6531
46.4601
46.3322
46.5788
46.0949
47.3818
48.2876
45.8771
45.2411
43.3661
46.1574
39.2064
34.1151
39.9983
43.5393
40.3612
42.7561
45.3643
50.7517
51.4159
46.5454
43.6737
43.2686
44.0649
37.7505
37.5323
37.4131
35.0106
39.8736
35.249
36.4127
39.6141
42.5539
41.7382
43.8646
47.4578
42.6649
45.0526
45.2186
46.7423
42.8819
45.8057
42.4236
42.7463
38.801
40.3473
40.933
40.1645
45.0747
47.2296
44.0523
41.3897
44.6497
42.9715
42.5182
41.687
40.5956
44.9479
44.1004
42.9087
46.4528
45.7504
46.986
46.157
48.405
44.8837
42.5548
42.816
41.4575
44.7892
44.0996
41.2726
39.5727
39.3104
40.2404
43.5861
39.2793
42.3345
43.8859
42.6504
42.6381
43.9906
42.37
41.6875
44.9822
41.103
44.2997
43.9454
44.3937
39.605
39.884
41.9652
39.0716
41.3344
43.7159
44.7612
40.3354
44.305
42.0123
41.1093
42.7128
42.846
43.6294
43.4445
43.0312
44.7181
43.2659
42.7536
43.6348
39.9846
40.706
42.867
43.4239
44.509
43.6253
43.108
43.065
42.8654
45.1568
44.9479
43.1793
40.9815
42.1644
41.6928
45.1084
43.5575
43.5144
48.1449
50.3348
53.5852
56.785
58.6752
55.7986
55.4519
52.7378
53.0532
54.3114
51.6008
53.1471
58.0102
57.7296
58.1703
58.1087
51.2777
56.4898
58.0364
55.7327
53.026
52.4704
54.8395
50.4335
52.0255
48.6856
48.155
47.9717
45.3248
45.1049
44.715
44.0971
45.9242
45.8048
45.0393
40.0244
46.624
49.5438
51.9041
58.2626
54.8596
49.5042
48.3562
40.5886
43.6362
45.3328
46.3997
40.1739
40.3071
45.6036
42.7503
43.0943
44.4668
45.3111
50.1914
54.2031
47.8353
49.497
44.8529
49.9642
52.0071
51.0664
47.8608
47.8416
46.723
40.665
38.9004
37.8173
38.7741
38.3529
45.6245
41.1078
40.0062
43.7452
41.096
40.6417
42.1683
46.1045
47.427
49.9291
53.042
47.2
48.7625
51.4045
58.2438
57.9555
59.3908
60.8366
58.9586
61.6617
56.1892
56.8484
59.5748
57.1656
55.3852
53.7766
54.9142
53.0361
49.8603
54.322
48.1029
46.7162
46.3952
46.3715
44.3769
46.2712
44.965
46.1368
46.3828
42.3489
37.0778
44.2003
44.3348
46.2411
49.3817
42.9753
52.6285
50.6964
47.8007
41.8065
41.3441
41.2292
40.5422
45.5726
44.1939
39.1142
37.0711
37.8697
40.2622
43.5043
44.3137
44.3775
41.3857
37.9037
43.6239
41.9618
43.5601
40.1212
40.0125
41.5977
47.2294
49.6797
50.2937
52.157
58.8843
55.4251
50.3114
55.5103
55.2297
47.4941
46.3832
49.7233
43.21
40.6541
44.7012
42.6971
47.0977
53.1202
50.4737
46.5736
45.8817
47.8042
49.2139
52.2198
56.7156
58.0003
57.2515
55.2183
51.5788
52.0841
52.6951
52.5758
48.7586
47.7158
44.078
45.4067
43.8981
43.6495
46.581
41.2671
41.595
37.7446
39.8645
38.5849
38.0344
44.8208
39.396
41.552
43.3755
40.4918
45.5306
50.2871
49.4811
51.1231
54.7672
51.6631
53.1394
53.8651
62.9342
56.6134
46.5562
44.9998
53.7558
53.1526
48.3714
49.8611
49.7037
47.9873
50.8975
49.9208
48.7392
44.0347
44.6414
46.3035
50.6138
39.9221
44.9295
43.1424
42.3492
40.7301
37.4374
44.493
39.8604
46.8677
51.5503
50.039
51.6774
49.0607
45.2304
51.49
53.4282
52.5962
57.2521
51.8505
53.1465
54.6601
50.6109
48.726
48.7245
46.0756
46.2413
43.5155
40.1555
40.2602
40.5298
40.6199
42.0153
42.1611
45.3166
47.2961
49.5441
49.9987
46.7703
46.8466
50.3059
49.7922
52.1014
46.1826
47.4554
48.9473
48.0471
47.5702
44.8072
44.8122
42.5684
42.6327
40.5191
42.3193
42.3648
45.0222
45.7498
46.4435
47.055
48.0034
47.5863
47.3545
47.5695
47.7395
45.5388
41.7585
41.7424
42.7176
43.7236
46.3487
47.6859
48.7807
54.5811
52.4198
49.2468
45.5089
47.8983
46.3826
49.877
51.4301
51.5378
43.0481
49.2631
52.1649
48.4652
44.7029
49.8929
50.0931
47.8726
50.0383
48.4338
49.1201
47.3414
43.4444
47.0544
46.2305
47.6392
47.2939
45.6171
45.1258
47.4852
47.0958
48.1557
46.676
50.1716
47.5687
51.9656
56.0633
54.4989
52.2643
56.9611
54.0457
53.3157
48.8315
49.2121
50.5758
49.5331
48.8673
50.1519
50.0998
43.6396
44.4955
49.7327
45.9984
51.4232
44.4572
44.3519
42.201
36.1491
41.8801
41.6045
43.0238
43.959
45.7255
43.9988
46.9348
50.201
48.2552
47.3147
48.2988
48.2678
49.5826
51.6371
52.8059
46.965
48.8443
49.5563
51.5612
50.2628
48.0533
43.6375
41.2585
39.6096
41.4497
42.3952
40.0607
47.9337
45.758
44.082
48.8839
46.1027
46.6126
46.6154
44.9432
45.21
48.875
48.5645
49.8847
47.7689
49.6894
51.5498
51.5375
51.4072
53.1183
59.239
55.8303
58.1774
62.0782
60.6619
55.3986
51.6723
49.3014
46.2157
46.2563
43.923
46.7591
43.3153
43.847
46.4128
42.3477
43.8666
44.5718
43.2411
41.3637
44.2442
45.8701
44.9492
46.1329
44.2288
44.5165
40.9599
39.751
43.6182
40.0654
41.9763
41.5259
40.856
47.4644
49.9647
40.0022
46.0511
54.8288
49.2312
48.6091
53.1722
48.2964
49.236
45.2182
51.3336
46.4796
51.907
54.6849
58.685
53.0241
56.587
58.5913
58.225
46.6285
44.0725
36.615
39.2599
43.3764
44.1774
43.5612
50.1326
42.2249
38.9899
40.1167
40.8909
43.1015
43.2033
44.4928
53.4172
50.256
45.3544
39.3234
41.2013
38.2708
43.6385
42.1489
39.9961
37.8382
42.9269
42.2672
41.5294
39.2749
42.6946
45.145
41.0718
43.5068
43.8166
40.8715
39.1911
39.4537
41.8508
43.3909
41.9269
37.9962
40.7008
35.3572
38.7842
40.0676
41.447
39.5015
37.8902
40.1714
44.1876
45.0232
47.5228
47.7459
43.5251
41.6149
42.8058
44.7582
42.1892
43.8289
40.1963
43.5335
41.0941
45.8402
42.9877
42.4922
41.6999
39.3123
38.6605
40.046
43.1942
45.8346
41.2579
41.246
41.483
39.6987
43.2294
40.8048
41.1571
44.0903
45.0823
47.0828
45.9609
41.8873
43.9154
41.8647
39.6228
40.7076
43.2038
44.2805
43.4516
41.5885
43.0761
41.6076
42.9061
43.5079
42.3763
38.8767
39.2083
38.9755
39.0253
39.2759
37.9587
36.5957
40.5235
40.0121
42.6832
38.9128
40.3253
39.4389
38.7501
43.8809
42.5862
40.1213
43.2152
42.8286
40.1296
39.4324
40.1802
41.0026
37.3513
37.8915
40.5106
37.8707
40.0788
42.0631
43.9134
46.0458
47.1424
50.4325
52.8553
51.0801
52.7889
57.0128
59.3201
54.9201
55.269
56.9594
59.909
62.0163
61.1089
58.3645
52.5048
51.6676
50.0462
52.725
55.5416
52.0675
60.0373
58.5411
59.5476
56.3056
53.0111
53.608
50.1265
53.837
52.5832
51.6951
53.944
48.6778
43.2996
49.3601
48.2416
51.3489
53.4955
54.4015
56.489
58.6139
58.1887
57.1167
57.5253
57.5751
56.6055
54.7568
57.7692
57.6265
58.7547
55.4942
55.7022
53.265
48.9971
58.9096
54.1211
52.2614
50.6559
54.7964
42.9169
50.066
51.3427
51.4796
53.8514
52.4246
56.9821
59.4134
58.3064
59.287
58.5688
60.7818
59.3809
56.1673
58.9065
55.2424
55.2386
52.1489
48.0814
54.5578
51.4301
47.1514
44.9685
45.1004
46.1948
43.2779
46.2854
51.1085
48.8447
51.496
51.6039
47.6458
53.7627
50.8487
51.6356
51.2867
51.2128
52.3072
54.4251
53.3251
50.7902
50.1226
53.8588
49.0543
50.1726
49.7152
49.9305
50.9925
46.2107
51.4888
48.9897
48.5522
48.1936
44.7231
49.6993
45.2145
47.3547
49.2735
46.5583
49.2736
47.4732
44.0777
42.9289
47.5071
48.0136
47.1422
43.7878
46.2436
47.3802
39.4285
38.6471
40.7364
38.1467
37.7164
38.1615
36.082
40.0765
40.9592
40.378
40.6064
36.3756
38.8193
42.0033
40.3281
41.3463
43.9778
45.0963
48.7542
48.7607
49.5218
45.5482
44.7225
46.8448
46.1607
47.4588
51.1903
49.9921
54.59
54.5633
54.6051
50.6408
54.4161
52.5054
57.673
55.9668
55.5666
57.6714
62.1305
64.0209
62.7538
59.1291
56.8436
53.3416
46.3396
45.8857
48.9859
50.2948
51.7711
47.6742
49.3235
45.8503
47.5421
49.4588
50.3261
49.2892
53.0564
53.5267
54.8771
51.2064
52.7566
53.4895
56.0562
59.7814
58.676
59.2236
55.9534
52.9861
56.4054
51.9206
54.6367
49.1849
55.6584
51.9334
49.1288
48.5845
52.0205
52.0134
52.0838
51.5189
52.8837
48.8239
46.6637
44.3326
47.0596
50.2007
45.9069
48.899
43.0193
44.6966
43.0699
44.7954
45.6102
52.9837
47.9923
50.8646
52.3618
50.094
51.164
49.5046
51.4729
49.5064
44.7521
43.148
43.1516
40.2465
38.6819
37.2701
40.7584
38.3919
34.9545
38.3466
37.4752
36.0957
40.3772
37.4255
37.3966
39.4689
43.2507
46.1585
46.1944
49.9808
52.8993
50.7308
54.7393
58.4218
52.8706
47.9182
52.073
57.3642
57.8516
56.0606
54.0877
49.6697
56.2216
58.5036
57.8783
60.5405
58.5801
57.3074
56.85
53.6994
53.7126
53.7944
51.365
45.733
46.0222
47.3031
49.1593
52.707
55.2635
47.4457
47.6025
49.1556
52.0496
55.1753
53.0772
50.1409
51.2085
53.097
55.9396
48.8905
52.8633
51.7331
54.1534
55.3558
58.5168
56.2101
53.414
53.5247
51.9459
55.4282
56.794
54.7832
54.7906
59.0087
61.9
56.0788
55.444
56.4095
56.6494
61.3772
62.3246
55.9
58.6155
55.0209
56.4046
53.3868
52.2156
50.792
50.2066
47.5265
44.6347
42.9521
46.323
48.7697
48.8593
52.1258
52.3658
49.6445
47.1655
49.0508
52.9505
49.0498
46.7499
51.768
56.3149
54.1845
55.2741
57.3108
56.5496
55.0843
58.2848
61.4906
61.0927
60.9155
61.1289
60.9678
55.394
51.4852
49.9712
47.8621
48.646
45.1384
44.0192
52.0668
45.4735
54.1251
45.0146
47.0103
43.8968
46.5491
49.353
47.8738
42.2708
48.7598
47.4045
45.7589
49.5528
50.4606
45.4357
48.9186
51.6806
51.0724
47.7293
48.3799
52.9354
49.5966
53.0658
51.0216
54.3375
56.2804
48.7262
52.5753
53.6377
58.2268
54.1912
50.6688
51.345
49.8171
48.6845
53.9998
50.0022
47.5076
52.2797
52.1059
50.04
48.3943
48.7715
52.0968
57.1806
55.9151
59.8278
51.5481
47.4321
52.3187
46.6573
48.9736
49.1269
50.9963
49.0048
50.8424
48.7532
52.2069
47.1113
53.4718
50.6755
48.8026
54.2002
58.1328
54.0727
55.8838
55.856
51.3019
53.6934
51.3052
53.7434
58.2958
60.8306
63.4023
63.0018
62.5196
62.7707
61.9333
60.8779
55.3698
53.9873
52.1682
52.2083
54.6718
56.2221
53.2414
52.8888
53.2373
53.4184
52.482
55.5935
54.5936
59.3797
62.5102
55.91
60.3307
60.3633
58.8436
59.2532
60.8598
63.0516
59.3825
62.3342
62.4281
68.6475
59.2979
60.5746
59.0804
59.0963
58.6564
55.807
58.7635
57.7576
56.5042
57.1695
54.6445
55.5641
58.8291
57.8724
54.7308
47.733
41.5305
47.7753
46.6263
49.2354
50.3864
50.5331
47.4042
45.9799
47.1847
41.6624
46.589
43.2619
42.5883
45.5678
41.27
42.579
44.3744
43.6082
45.7654
46.8989
44.1261
44.8541
43.7367
42.8013
45.4028
43.1691
47.1625
43.3588
45.5314
49.2636
52.089
56.4142
57.0111
57.4251
54.8879
54.3357
52.5311
55.7554
56.9517
56.838
58.4435
60.3493
59.7536
59.8987
59.3279
59.5868
63.3267
60.3955
59.6913
61.0065
64.6584
61.2024
60.7203
62.82
66.7651
66.0498
66.0881
64.4692
62.503
60.0512
59.5591
58.9915
60.628
61.7701
60.1215
64.1828
61.4116
63.7394
62.82
63.6388
61.616
63.8475
59.3932
58.1741
58.4055
53.9393
58.1919
54.8162
53.2836
54.8698
55.8789
58.8637
59.6314
55.4301
51.2046
53.5009
59.6399
57.0281
64.0688
62.1777
60.3273
59.361
54.6656
52.9635
56.1697
62.0593
59.6482
60.1617
61.6222
63.5839
59.408
56.1508
58.5348
56.5986
53.9668
46.775
49.3413
46.0482
48.5247
42.9029
44.1554
41.4889
45.9631
46.4613
49.0651
47.7974
47.7251
50.7786
49.5011
46.6533
42.3531
45.4885
46.1249
42.4848
43.3982
45.9767
48.2182
41.5903
40.0198
43.647
40.0857
37.786
35.8197
37.5281
40.2552
40.7632
37.4236
39.5117
38.9651
41.0568
44.8832
44.3359
47.2289
52.5719
49.7914
50.3041
49.4133
52.0746
46.083
46.8372
40.2568
45.4299
42.9528
44.486
44.2072
43.5448
50.7097
49.0785
46.4853
48.9183
48.0287
47.4321
40.8428
38.0024
40.7986
39.7227
41.1588
45.894
43.6662
43.1927
42.2217
38.4071
42.8782
42.0968
39.5868
40.2921
41.1363
44.1933
42.3405
41.8525
43.1438
44.2603
45.4874
47.3154
48.24
49.1467
47.2708
42.9955
43.6971
44.4628
46.5575
43.1782
43.1671
41.4424
42.2227
45.2285
48.7448
49.3306
50.4779
53.6867
54.7452
53.8226
59.8658
58.1688
60.2795
59.701
58.3588
53.3399
51.5511
53.8874
51.8333
55.6274
56.9767
56.124
61.4857
61.9375
58.9986
65.8097
65.6567
68.7695
63.0141
61.2718
61.5025
54.3751
51.1128
53.3829
52.0522
51.4014
54.0408
50.4529
52.7232
50.1387
49.432
54.8529
50.9894
49.2031
44.7402
43.8186
43.6664
48.5585
47.112
44.3978
45.6448
43.9519
39.1899
41.8409
38.6033
43.8382
43.6653
41.5259
49.3021
49.5439
47.8081
48.9402
42.3437
44.0071
46.1001
43.8295
51.9965
48.9415
58.0012
53.3857
49.5511
52.4489
53.9161
51.0065
51.117
57.3635
58.8955
58.3086
64.856
65.0802
59.3584
57.2284
55.2463
57.4214
58.092
58.2839
57.4834
57.5089
60.9896
59.8752
60.3537
59.8414
57.2747
54.4836
59.1968
56.8726
51.372
54.2079
53.2224
49.6463
55.1532
56.7553
52.6279
51.6198
48.3608
49.5554
49.0183
47.2689
48.5064
45.1906
45.3566
50.742
50.0783
48.4001
51.6812
50.8134
51.9499
51.0391
51.2993
53.2224
56.336
51.1433
53.4673
57.5288
60.2167
57.1773
56.173
59.3824
53.8987
58.1192
52.7173
52.395
50.56
47.3074
42.4778
41.4412
44.7912
42.5633
44.0013
44.5122
45.53
42.3593
42.5332
45.9841
52.8192
53.7524
48.1806
43.2116
47.2857
50.0259
51.9484
53.5521
56.4135
56.1577
55.9797
56.4389
55.5566
55.9108
59.354
52.6673
50.784
51.4014
48.2667
50.3969
53.5063
52.3358
49.7589
50.5304
52.245
49.963
46.062
44.44
43.4451
43.1755
43.0809
43.2351
41.8709
44.3153
46.2651
45.4058
40.3214
37.0185
40.6867
39.095
43.0821
45.9478
46.3287
52.0552
47.8278
53.5808
52.0262
51.9706
55.4167
52.7618
52.8285
51.7266
55.5524
50.6062
50.956
50.6086
48.7048
48.2844
47.8754
45.638
44.8513
48.4086
46.1649
43.8618
43.6555
40.7889
42.703
46.8438
44.1245
43.9822
48.1505
47.5491
48.2754
47.9837
52.6939
52.9833
52.6482
45.7528
45.8507
41.1776
38.9702
37.8932
39.8464
38.1453
36.9735
35.4798
36.1912
36.0064
38.174
35.7645
41.5197
38.9454
37.9629
38.6153
39.8793
36.5344
37.6001
38.9257
38.5217
41.0296
41.2494
41.6726
42.2274
41.5199
45.6366
43.0761
47.9205
43.8649
46.0449
39.4162
46.1557
43.1314
40.3115
45.0424
41.9904
43.5664
41.76
41.648
41.3863
41.1079
39.5464
38.1381
39.7297
39.4131
43.067
39.9236
39.5508
40.044
41.2341
41.1354
42.1263
47.1546
48.1342
48.3335
52.0069
49.6422
51.1224
52.6688
50.5835
52.6824
49.7403
47.1161
49.5758
48.5768
43.3723
46.628
44.5304
45.3109
44.4587
47.6518
48.5394
44.9582
47.2755
49.1025
42.8097
44.8524
45.0497
43.7352
47.0781
46.0975
51.8004
52.125
56.1266
53.92
55.8215
58.3358
65.2875
62.5106
63.8678
60.5801
60.9404
58.6054
56.1038
55.6805
54.7799
57.9749
52.6501
51.9248
48.3742
48.566
51.7827
47.1118
46.2884
48.7386
43.8135
47.8317
40.9356
42.5167
43.2378
40.1395
36.8358
37.0713
40.8381
42.4321
44.3157
45.1814
42.6109
40.1434
42.0568
36.4766
37.3372
40.2339
38.3266
36.9853
39.7125
42.1067
37.1677
39.7361
39.6188
44.1744
44.3613
45.4902
41.717
41.4354
43.2363
45.1403
39.794
42.5302
43.3333
43.8615
48.904
51.4424
53.2392
58.0037
57.9746
58.4925
57.0924
60.6469
58.9384
56.3457
52.7108
53.5305
56.8418
58.7861
55.8141
55.6164
55.7724
57.8234
57.5935
57.9847
57.9261
64.5314
59.2919
55.4182
54.9542
48.3183
50.9912
50.6034
49.3155
48.9709
49.5875
49.251
44.1052
44.3176
43.7746
46.2486
45.6053
46.1709
48.1589
47.2921
47.0129
46.6853
46.5471
45.5413
47.7644
45.5563
43.9254
42.7963
44.8264
45.3139
38.9394
43.0261
47.5061
45.6314
42.8871
39.0297
40.1812
44.0864
45.5909
43.8154
43.3328
43.5433
42.137
42.4128
41.5727
40.3457
41.5155
40.4734
40.9437
41.8267
46.6734
40.863
44.6308
46.1865
44.2458
44.943
49.6665
45.398
43.4561
43.4949
43.9639
39.772
41.5452
41.4407
36.1952
39.3946
40.3612
38.5086
36.4168
36.7408
37.053
36.5115
31.2055
34.8343
36.9479
39.344
38.9548
40.1598
41.3236
39.709
41.2404
40.3037
37.9999
39.2092
34.7199
31.873
31.0494
33.6155
38.4018
43.1737
43.7936
43.7525
44.8586
48.261
46.6292
48.7456
53.5615
56.2215
53.516
53.0962
55.7561
57.4771
60.5825
56.3113
60.0921
53.375
48.6833
50.8028
53.2154
53.9056
55.0721
61.7289
59.9825
65.0296
61.4537
60.356
58.1588
62.9067
64.9014
64.0435
63.8749
57.9903
59.0272
53.8968
55.1858
50.1068
50.52
48.8991
39.8486
42.4704
38.1946
38.4827
39.0567
42.1449
41.6154
41.8274
48.5057
48.6864
48.4457
48.787
47.3685
42.8999
45.8287
51.8503
46.2941
48.223
50.5645
47.7246
44.5085
46.7105
45.9912
48.2599
46.4199
48.3064
44.0641
45.2037
41.7512
48.2237
49.1878
48.5111
47.9343
51.3854
47.3349
48.2395
48.2507
49.8204
48.4663
49.0475
50.6087
50.3035
55.1755
54.8841
55.3271
55.2926
56.5317
60.2001
58.6332
57.8454
54.9731
54.4762
54.7641
51.8605
51.109
45.9039
46.0119
42.8964
43.6395
45.0248
43.3428
46.8089
46.7817
48.6321
48.7233
51.8223
49.6061
50.7423
50.2305
51.7047
49.2869
50.6294
47.5497
48.7376
53.4695
53.6101
51.7609
50.8853
49.6095
52.0247
49.4406
50.1901
48.057
49.9517
52.2585
51.7861
52.3215
47.6029
48.2184
43.8807
47.1903
47.7299
45.3472
44.7603
39.3524
38.3744
44.2339
46.4882
47.1555
47.8117
49.5579
47.5117
48.894
50.2886
45.3791
46.5504
44.8929
41.9091
38.0692
42.6482
42.1203
41.1496
41.3744
40.2021
41.0416
42.2633
40.8004
47.8321
52.6686
50.099
47.7814
51.8898
49.5423
50.2785
51.2504
49.1688
48.6052
46.2118
43.272
43.1843
44.7277
38.7388
41.271
43.1983
44.5631
39.8865
42.6458
40.7733
38.8398
41.4231
40.7245
41.569
42.9053
44.2645
40.8839
46.0586
45.2579
44.4072
46.6178
41.1117
37.2381
38.1814
37.596
43.1857
39.7605
34.8942
38.9864
35.4471
34.9184
35.258
38.1867
39.1144
32.6803
34.963
30.3506
32.9681
30.7536
36.0667
32.3041
34.2466
33.1072
37.6986
35.5322
38.3269
39.6819
35.2689
40.0545
38.1727
41.5206
42.6055
39.4069
41.9309
43.0142
44.7731
38.0695
41.3339
42.0423
46.4184
39.0152
39.5557
39.4255
37.6626
35.2324
39.0323
35.5013
34.9012
35.9392
32.3689
38.5031
36.1894
39.0056
37.0427
34.726
36.2528
37.5858
38.3438
40.431
34.398
40.7395
42.7538
47.9634
46.7653
47.0961
47.7443
49.3076
48.6782
47.6109
49.7991
49.0766
53.175
52.2876
52.3585
49.1273
51.4203
52.5857
46.0937
47.6425
48.0088
42.3926
49.6831
51.2503
48.2056
48.6176
50.0169
48.7803
47.4662
43.3768
41.7399
44.4042
39.2472
42.6438
43.8683
41.2017
38.1722
42.2571
41.0921
44.5072
44.4423
43.7745
47.616
42.9404
46.5054
47.9576
49.4084
51.7364
52.6443
48.1441
42.4626
38.1931
43.338
36.6886
40.5255
39.2844
43.4043
45.6086
48.475
48.3531
46.6595
43.0859
43.7851
41.6694
43.3377
40.2644
33.9969
34.1961
35.5329
34.5301
35.7161
37.8035
39.5763
37.6083
37.9412
41.8381
38.4642
40.7987
39.7818
43.2414
41.2685
44.5944
41.0116
42.8415
41.6586
41.1917
43.263
39.0657
40.6939
44.1586
44.4547
44.963
41.1636
42.6925
38.5195
38.9121
45.2199
43.8563
36.4591
40.7816
39.8953
43.0693
41.3165
42.0643
43.0049
51.2704
45.8377
42.5741
47.8269
47.3618
46.5147
43.2592
42.7844
41.5575
39.0209
38.0674
38.057
45.8818
42.4475
44.9069
42.9159
43.3013
45.5383
41.1047
41.8529
41.1862
41.5225
40.7346
44.15
42.1664
37.8852
41.1241
44.6306
41.8831
38.4627
39.0972
38.0228
37.026
37.6171
40.0044
39.4308
41.1978
40.2511
43.3152
42.8926
42.772
43.4931
45.0436
42.4939
44.0901
43.5769
42.4464
41.5509
44.8116
49.4696
49.4924
46.3662
48.5614
47.9146
55.4397
51.9538
45.8337
51.3352
52.4724
49.5039
50.0895
53.2535
51.0352
57.7121
57.5193
61.7158
58.7945
58.6335
54.092
57.2569
57.3133
54.5365
52.3041
50.7083
48.2642
48.0167
45.748
48.3538
50.4273
48.9777
47.5906
48.1138
51.9993
46.7054
47.5114
50.6442
51.609
49.3863
50.5134
43.6568
45.7368
49.4133
43.9753
45.9232
51.3255
53.475
50.9841
52.8905
50.6253
51.4996
52.7946
49.2965
50.0347
49.5936
47.4527
46.6649
44.5711
45.1797
44.2555
48.5788
49.8486
51.6065
51.1495
53.1616
51.4097
49.3454
44.8368
50.8704
48.9925
41.9712
47.4832
45.9486
44.2425
43.6079
42.3032
40.7119
41.4446
45.0568
46.7157
49.8291
49.5655
47.9917
51.4963
49.4325
47.191
47.5808
50.9556
50.3461
52.9638
58.036
56.9308
55.7954
52.3845
48.3005
50.6551
54.0668
55.4612
57.6381
55.9149
53.3994
53.4946
53.8866
52.9347
50.5778
53.8602
54.6744
53.2081
50.7405
46.2992
43.2123
43.7524
49.1523
47.5934
41.8969
44.9405
48.9829
48.3353
45.3021
41.9828
43.8388
43.7754
41.5624
37.932
41.1032
37.6644
42.3033
44.825
43.255
42.0115
45.1149
42.2736
37.9979
38.9776
40.4174
45.7937
44.3403
41.1191
41.889
43.6478
44.9461
48.2735
46.5993
48.5525
49.9494
47.1723
43.8275
44.0402
43.6354
42.6548
41.587
48.4154
43.3262
41.4927
43.8653
46.6573
43.2704
45.3192
40.5103
44.7549
41.209
35.9071
36.3246
35.435
33.8804
39.9439
38.0357
43.2893
42.2247
48.7124
45.0814
50.804
50.8298
47.6991
53.3965
49.814
50.0636
51.8635
48.9743
43.7848
44.5969
44.0344
46.9951
46.22
48.0484
50.4899
54.1422
49.307
47.0707
49.7887
48.8925
48.1098
44.164
43.4936
42.0002
46.259
46.5741
46.1541
49.0858
47.9414
48.1318
45.0751
46.5255
46.3661
48.4033
45.8296
48.9162
47.0701
47.8985
52.4402
51.4582
57.4087
53.9198
50.3197
53.7804
50.8521
54.0412
53.0464
50.2601
54.3444
50.8763
54.2047
46.3149
51.202
51.6438
54.968
57.701
52.4762
52.5131
53.1102
51.6909
49.7962
49.1558
49.2126
47.2271
50.7231
48.7489
47.7945
46.4497
49.3868
47.1345
51.8185
45.7375
47.6649
49.2542
45.9128
47.3203
39.784
40.5486
44.5948
48.7835
47.8702
50.5564
51.3453
50.5788
52.2347
52.723
58.0528
59.7304
63.4067
61.5028
57.0519
59.2123
56.2893
56.4102
56.3831
55.5058
57.7224
52.2728
50.797
57.0526
57.7296
60.3677
57.1634
57.7353
57.3062
56.6258
53.1426
46.8992
40.8834
35.6861
33.2061
36.4593
37.1144
30.5412
31.5655
32.0759
34.2208
32.77
35.5942
33.7501
32.8434
33.8282
33.5652
32.1163
31.352
35.0999
33.1772
35.9876
38.2511
40.7187
40.3601
40.9108
42.9207
47.237
47.7469
42.625
47.0702
41.8299
42.4729
45.9525
43.2381
37.9105
40.697
42.2426
39.6062
39.0828
38.9418
43.6626
44.3568
44.6095
45.6623
48.743
50.543
50.487
54.3517
54.198
54.4954
48.1159
48.8382
52.4057
55.2462
51.0843
52.354
57.3928
57.1401
54.1056
56.6761
56.1941
59.651
64.4554
62.3393
62.1052
61.9522
55.8571
52.2236
52.669
50.7288
55.0883
53.3614
48.8606
50.2313
46.6578
45.4047
40.1971
41.2312
39.6189
34.2766
40.3884
43.5356
43.0203
39.2141
38.8855
44.5319
43.3959
41.08
42.4087
44.0986
40.3579
41.6268
41.918
44.9809
46.3541
48.5618
49.9999
48.4678
43.9938
39.3118
38.8948
43.4978
46.6339
47.2845
47.6151
47.0578
44.7392
45.7851
44.7094
45.6862
45.6863
45.1537
47.7283
45.6399
45.4996
48.2498
48.752
48.0345
49.8228
43.555
43.5263
39.3159
37.6722
37.1819
33.4283
37.474
37.5941
43.9776
45.7227
42.544
47.2612
46.2553
47.1066
46.8564
50.7909
49.0685
46.4063
45.8166
46.6159
45.5774
44.9655
46.1684
48.2992
50.6311
49.1039
49.7225
48.2273
45.639
48.3662
48.0739
46.3818
46.7999
45.6625
44.4319
46.1041
44.1545
40.8007
37.2052
38.6058
35.5098
41.0208
38.2603
47.6296
42.1107
41.5285
44.191
41.2265
43.909
32.835
37.9289
41.8406
35.2847
36.0179
40.4234
39.4242
44.1257
48.2051
45.2802
46.9835
46.405
47.4568
43.7685
49.7645
50.4764
49.1285
48.7888
49.7348
43.4647
40.8645
39.2024
40.5761
41.3073
41.2475
39.7289
39.3018
39.8111
36.6382
38.6162
36.1025
43.6009
40.2657
37.6919
40.2708
35.8823
37.9076
38.6283
37.9046
38.8949
36.2277
34.4685
38.7592
35.6872
35.6828
37.0298
34.2824
37.1502
38.5151
36.98
36.0591
37.4113
41.0744
41.16
47.9343
48.0664
45.1212
41.0111
47.014
42.8725
52.5023
51.4597
50.3328
47.8835
45.0002
38.974
43.3725
38.7514
37.8536
37.5161
39.4369
40.9008
39.72
40.7237
42.0914
43.455
37.7829
38.9952
44.8384
42.9882
39.9661
41.9076
40.8737
42.0705
41.3247
40.7251
42.2819
41.0413
41.8874
39.1757
40.0182
41.0791
38.7618
43.2002
42.4509
49.2082
49.5918
47.2765
50.9903
53.7144
56.6477
59.0841
58.9401
58.5472
60.6506
58.8832
59.4969
54.9426
54.123
52.1383
51.9167
49.1468
50.6313
49.1585
48.7991
44.2867
45.5999
47.8292
46.8074
48.0954
43.1946
43.7011
44.1817
40.4871
41.2739
39.1948
37.2559
41.2332
43.3985
44.8337
42.9478
43.8005
43.7092
44.699
43.8773
46.1429
43.1047
39.4284
39.4234
37.5143
39.2867
36.8803
39.6068
36.3129
35.4071
37.7577
36.4541
41.801
41.3154
42.1091
40.4344
41.5117
40.9206
46.9885
45.1038
48.3659
49.4787
50.8548
53.2596
49.5559
43.5786
42.1365
47.7095
45.1456
39.7169
41.8617
40.0941
40.7013
41.0274
42.6755
43.4161
48.2561
48.773
45.1626
48.4374
50.4352
50.6135
53.017
52.4487
59.6336
60.0249
65.8967
59.6555
59.8285
64.9957
63.2404
59.846
58.2001
53.8472
53.3675
49.9899
47.744
48.3207
43.1565
46.2369
50.0919
46.6354
51.6653
45.0646
48.7897
48.5695
48.7775
48.2421
43.7862
46.6699
43.2557
43.9925
44.7504
45.1838
45.6214
43.4622
48.8653
48.1592
49.8368
50.4106
52.3013
47.9448
50.63
54.0601
52.1439
55.9875
50.3523
54.6097
46.9936
53.9954
50.3157
48.352
45.7232
45.0666
49.0028
44.1068
50.5938
46.8391
46.2542
40.0181
41.1077
42.3813
41.8643
46.6607
46.4006
46.2071
45.3873
44.3785
46.279
41.5523
45.6584
48.2298
43.7365
45.9588
46.9101
46.9432
51.5479
52.9994
53.805
48.081
53.5518
49.9612
48.3005
51.7344
49.1312
55.5043
51.7665
51.5575
48.071
46.3413
49.2583
46.1513
48.5561
50.1233
53.9064
50.8828
48.7848
52.1969
48.4951
51.1613
50.2727
52.6632
52.7361
49.3844
53.5683
57.2643
52.1506
53.7149
49.3404
48.5659
47.5566
47.4086
47.4404
48.1786
50.2231
46.6883
42.0008
40.5837
44.5414
41.3806
41.0887
41.0947
44.132
39.7274
44.6934
45.5182
48.4024
44.4314
42.8659
44.7819
41.9864
46.7063
45.0068
46.4712
43.8743
44.3704
43.489
55.6412
51.0269
49.3001
46.0402
43.7622
42.9362
40.1095
38.2832
35.2433
37.8582
37.1126
38.6834
43.0609
42.0147
40.897
48.9788
44.0558
41.5562
38.5696
38.7508
42.5408
42.5747
45.3152
39.1407
40.3826
40.085
42.5074
42.998
43.3593
45.9929
43.2046
45.1584
47.5457
43.8142
42.0161
44.2247
43.4092
42.2083
47.9466
42.0876
44.9939
46.5547
50.3955
46.8472
45.1437
47.6318
47.5561
48.1588
45.0585
40.6526
40.7307
37.339
40.5677
39.4994
43.1682
38.42
41.5023
41.0147
42.7101
41.8374
40.7476
42.0681
45.373
49.4513
47.1974
49.2003
46.5058
49.1671
50.7276
46.8861
51.5238
48.6875
44.2944
45.7924
42.9754
41.8879
40.3799
38.5317
39.2522
33.1804
32.9475
32.4491
32.0737
34.9791
36.3764
36.6176
40.5308
40.9369
38.7675
44.6469
42.2
41.0172
40.8561
38.326
40.8296
40.2315
42.7509
42.279
42.4523
43.9072
43.4483
43.1085
42.883
45.0448
42.5483
43.9793
46.1801
45.4155
45.7698
43.6404
42.9827
39.1221
41.0197
45.2201
40.094
44.1318
46.4996
41.2975
42.4882
44.8731
46.2697
41.6534
43.6791
48.9738
48.909
50.509
52.2608
52.2715
52.4129
55.4849
48.7261
57.6399
59.4198
58.365
56.6685
56.964
58.0229
58.7875
54.1923
51.3407
54.783
53.5536
52.6483
55.5492
58.7443
55.806
52.0696
47.8039
47.3569
42.1845
44.7462
46.89
43.8309
44.6284
46.7626
49.7543
48.2633
46.2513
37.0673
41.1431
43.0651
43.9618
43.1221
34.8011
35.4865
40.382
41.4534
40.9571
39.3999
48.9118
39.0928
44.5705
38.4222
45.2461
41.3343
42.2072
42.5714
42.8559
41.8887
44.8018
45.4588
45.2795
43.1752
44.792
42.333
44.0876
36.0887
40.7478
42.1473
39.8683
38.7184
48.563
47.0399
46.7661
49.0909
40.7024
39.553
38.6221
41.3994
41.6385
45.4802
42.124
39.4114
41.3105
41.9444
39.5497
39.4949
36.7014
36.8452
35.9873
40.6357
39.3498
35.973
37.0008
40.4781
41.1118
44.1427
41.7926
41.6309
43.0996
41.26
46.1398
48.4688
46.8386
50.0068
54.1155
53.3373
59.0737
61.841
56.5284
59.4185
55.6854
51.5585
54.1941
54.8151
59.1364
54.1141
52.6706
58.5351
57.1864
57.9014
58.2294
49.5991
53.9393
51.7515
49.9868
48.2958
43.8533
43.2498
44.9137
43.8642
40.2148
41.4663
40.9451
45.819
43.0817
41.7275
40.0438
43.2695
46.0459
45.417
45.8893
44.236
46.8205
40.4868
41.6115
42.8915
43.8426
39.3858
38.3827
32.3978
38.4441
34.9592
36.9279
40.9736
34.8893
37.3048
40.1498
38.8767
32.8585
32.9019
38.7275
32.9181
34.73
35.4131
38.8641
33.1343
34.0659
38.6331
39.3794
43.6787
43.1235
41.8087
41.9621
37.9298
46.0319
49.722
48.4291
50.1349
55.3081
45.5432
47.2718
48.4017
48.0509
48.5052
45.2983
41.5595
41.6476
40.269
40.7713
41.1253
44.0889
41.2928
43.4771
39.8863
38.5255
38.3633
39.1721
38.8664
38.4446
37.4582
42.4582
40.5985
40.8164
41.5409
46.8903
45.0577
45.4906
40.6618
39.1416
37.8452
40.8389
39.2498
42.1835
43.3081
43.6779
43.2871
40.1764
37.6619
35.7248
33.0067
33.1424
32.0733
33.5804
31.8517
29.3056
36.8043
35.8612
34.4676
33.5544
39.0507
39.0686
39.547
43.529
43.898
43.2601
43.5496
47.0792
47.2237
44.9827
46.0972
48.8811
43.6663
47.8143
49.3438
46.1216
44.4233
40.7455
45.2425
45.5333
49.4335
47.0388
50.6301
50.2001
51.4502
48.0811
44.3788
47.5013
44.193
41.716
40.4109
42.8517
41.1825
41.1546
38.7077
41.6094
40.7202
39.6905
41.5594
42.2522
41.1508
42.0745
40.5816
41.4314
45.6716
42.6901
45.73
46.4448
51.582
52.3726
53.5224
53.5768
48.9342
53.3519
47.4861
47.3258
46.9897
52.3182
50.1245
48.6109
51.6272
50.47
44.0887
44.4662
42.6022
43.053
43.6825
43.1098
44.6691
43.0575
42.0296
48.2886
46.5219
44.7152
45.6056
42.4243
44.2778
39.7746
42.2585
42.7297
41.4559
42.8838
47.605
47.0385
49.2117
49.944
49.622
48.5676
47.4764
45.1522
43.2607
48.5506
45.3971
43.2509
45.4019
39.8278
39.4507
41.5566
41.3344
36.7352
38.7288
38.6604
38.1012
39.7502
41.6416
44.5593
46.9399
46.0231
47.1545
44.585
47.0261
49.5734
50.0366
50.9868
49.1188
53.5733
55.1393
55.6852
56.7872
55.5598
55.9702
59.9377
55.3514
56.5327
58.0533
58.8169
61.9858
61.5565
59.6547
60.3623
58.2967
54.9025
56.8924
58.6181
59.679
59.6486
55.8694
58.4191
58.3071
54.8815
54.0134
57.2444
59.3681
57.1134
52.69
57.2578
58.9809
57.0944
58.7163
56.8239
60.7921
57.6216
61.0992
59.6194
56.8622
56.691
54.2741
55.6756
59.059
51.6338
53.2528
56.5405
56.411
56.713
56.4487
56.2754
55.353
58.141
57.1492
59.0233
55.9969
55.9773
60.063
58.0719
56.366
53.7093
58.9183
56.0703
53.7927
57.5005
56.6404
55.3305
57.2674
54.9221
52.236
53.4817
52.6881
52.6307
49.2887
52.8986
55.2096
56.231
55.4405
51.8226
51.2981
49.0823
49.4593
47.0911
48.1412
46.1662
42.9618
44.1865
40.4239
41.0586
36.7022
38.0475
36.966
37.8572
39.3138
41.4062
43.8189
47.2061
47.4459
53.123
55.3288
56.8547
54.3693
57.4662
51.8864
53.9052
54.3808
57.8265
57.4056
59.7027
59.2313
50.2424
50.2111
49.3048
49.6413
42.9731
44.7201
43.0928
43.5057
44.105
49.8081
51.0654
54.9284
57.0856
54.3099
52.5659
48.5873
48.8392
48.1243
59.6257
63.7814
59.4039
61.0612
59.9562
55.3993
61.1043
57.9507
58.6234
50.4963
53.0848
50.8539
48.3157
48.9847
47.3655
47.3178
50.3067
47.162
49.8191
54.0021
55.8953
55.1167
56.8971
57.5878
60.6219
58.7878
55.2949
57.0695
58.9611
55.3994
57.066
59.2219
57.2041
56.8619
54.5243
50.8715
48.7703
46.4763
48.858
49.7037
50.5608
52.4649
53.3424
55.7168
57.8859
56.0397
56.2632
59.9694
59.832
57.1526
56.7269
56.0149
55.2383
54.163
53.0097
53.4082
51.6587
54.0983
54.9062
53.3461
51.4423
50.9903
48.3885
48.3668
47.9149
56.8468
55.7499
54.9336
54.6422
52.2731
52.6181
55.3364
56.138
52.8393
52.6198
52.3974
54.3299
48.8594
51.1974
49.6877
47.4265
47.7065
48.9846
49.9065
50.1773
50.9256
50.6312
53.7684
51.2031
49.7407
48.6175
48.0164
47.5209
41.9625
45.6457
47.6107
46.9203
53.2736
52.9003
56.1329
58.1271
56.7318
51.3028
51.0218
50.7966
50.9373
46.857
50.6297
54.1984
52.1174
49.4375
50.9815
49.5481
47.0677
46.6763
50.2281
47.0511
48.8366
50.3276
53.731
47.0735
52.5797
51.673
52.6949
59.4584
56.992
52.2414
51.1081
56.9582
54.3835
55.4793
51.526
53.5362
53.3991
58.6492
55.0264
54.2756
55.0203
54.0872
51.7255
51.1687
50.9814
51.0799
49.6752
49.2397
52.2487
50.3151
51.6701
56.3136
53.0585
53.7622
53.8268
55.142
55.3447
56.8644
54.0781
57.9266
53.4138
57.0009
55.653
53.782
53.9388
46.7973
43.165
46.5648
45.4538
44.5501
44.7749
45.6634
51.2682
50.8564
47.4037
46.8837
41.1532
41.1774
43.5615
45.6114
44.9321
47.5851
52.8742
54.0592
51.6896
56.6637
59.9618
62.7336
57.0486
56.3462
57.8633
59.7735
60.8538
58.5254
56.6986
59.6395
52.8401
49.9317
50.8435
45.3273
40.8285
42.6915
40.5716
38.4263
42.6144
43.0903
47.446
51.5694
55.0764
60.1353
58.0001
60.8263
58.4903
67.0337
64.1921
59.6313
54.7148
56.5528
59.568
58.2679
57.784
59.5956
57.1767
53.2827
50.3898
47.8663
42.6284
39.9613
44.4858
48.999
46.9096
54.8514
56.8128
58.7676
55.7477
53.1128
51.6684
49.5909
49.0699
49.8684
48.9448
53.2104
54.8397
53.3822
49.536
51.6875
51.5304
52.5725
56.145
53.9619
57.0308
56.2596
57.7095
56.2651
55.2559
55.7285
57.8204
54.8921
57.8659
59.4912
59.1515
57.2005
59.8616
59.2821
57.4956
61.2211
58.1755
57.3781
58.3904
58.9109
58.2677
59.4288
57.8177
55.5634
54.8476
57.487
57.1965
57.1464
51.9577
57.0399
55.5524
57.5393
59.633
58.049
59.3052
59.3381
59.5964
57.7992
59.2065
56.4232
60.7559
57.8442
51.7868
50.8315
50.2804
50.9169
50.7822
49.0131
49.7053
53.8137
56.046
55.9565
57.1959
61.3053
54.4827
58.6259
52.2698
51.0636
57.2641
53.7677
57.6654
55.1545
59.4741
56.1951
57.7617
57.7601
54.8677
55.5732
59.2644
56.9779
63.5521
59.3422
59.2028
63.5446
61.1093
59.5093
58.0541
57.1532
54.0268
52.4012
52.5496
52.6772
52.5376
52.2927
52.1787
49.9331
50.2961
47.0117
50.9545
52.3879
47.27
52.847
55.668
55.3794
55.9034
56.6518
52.547
56.4509
55.4236
55.965
58.5409
56.4742
55.8459
58.9067
61.6962
60.0927
59.9971
63.4873
62.3176
60.4827
61.5984
59.0618
56.6212
59.2443
57.3124
56.58
52.52
50.3329
54.7535
56.0844
53.2377
57.3587
59.6287
55.7488
58.1342
55.8671
59.7973
58.0947
56.4683
54.9447
55.9245
55.1492
56.9752
56.5674
57.9755
57.1177
55.7077
53.5048
58.5517
53.3805
55.0402
58.2339
57.3529
57.035
59.1171
56.723
58.661
57.2985
54.0857
47.2898
42.5052
46.3964
46.8994
49.4729
42.9553
46.4023
46.214
44.4765
45.3592
42.9159
48.3627
43.8144
46.7016
45.7595
44.3867
45.7589
49.0262
46.6676
52.1754
51.9407
51.7119
53.1156
53.1601
57.9246
55.4515
60.2755
58.7213
64.3812
60.9181
61.6792
63.1672
61.1381
58.2058
58.0271
54.9771
55.7768
55.6552
55.6458
57.3952
59.0652
60.6927
60.507
57.6381
56.7107
54.5903
57.2164
60.1597
60.4469
59.6626
55.4037
54.7268
52.7649
47.8645
51.2075
48.8882
50.0575
50.9878
51.8978
48.3625
51.0386
50.0106
56.2395
58.0865
53.9563
55.61
55.3881
57.572
59.011
58.7452
61.5465
58.9136
62.3646
59.4768
57.4433
57.7223
57.2183
59.5941
55.1445
54.8094
56.1028
54.6119
55.0482
54.0427
55.6693
56.2826
54.1585
53.4758
57.4231
54.4441
54.705
57.1381
56.1087
56.4735
57.0579
56.2803
56.9532
55.1805
55.9577
55.7008
52.4096
54.6388
54.8837
53.006
56.0147
54.3343
54.7272
57.8954
52.3287
54.1034
55.1009
53.6547
57.4779
60.3792
55.7056
55.5229
56.0596
54.8844
55.3514
55.7996
58.7915
55.6231
54.4377
57.38
54.4609
55.1705
58.3692
54.565
55.1364
52.8277
58.8877
54.6236
57.2183
54.3996
50.9832
56.3679
56.5517
58.1192
57.5411
53.7064
57.8914
57.2646
56.9365
58.1772
55.9542
60.007
55.4371
57.8457
59.6324
58.4425
55.9041
56.326
58.0297
58.6866
53.4899
58.0788
55.9109
56.268
54.2881
55.5158
55.5628
57.1431
56.6189
57.9092
60.3491
56.3642
58.2176
56.1968
56.6024
55.3532
54.5284
57.0173
57.9357
58.375