60.1908
59.3846
58.7185
57.221
61.3669
59.3826
57.6631
58.4669
58.0916
61.3046
59.5879
58.3211
61.1703
59.4648
57.9859
59.9263
56.9563
58.2078
57.6762
59.8593
59.8236
57.6526
58.5849
58.1011
59.2197
54.9965
59.5949
55.874
57.2379
60.2881
59.9206
57.7913
59.1734
54.5807
57.4569
59.8225
53.9689
58.8252
60.7847
57.8218
58.975
56.8253
59.8184
57.5948
59.1294
59.4606
57.4876
57.9032
57.768
55.7173
59.52
56.6698
60.38
55.8517
59.0814
54.8313
56.8342
59.2889
58.2697
58.5842
56.1775
55.8885
55.7003
56.2781
57.6526
59.7015
58.5042
59.428
58.1687
60.4526
59.4005
56.9035
58.5541
58.7133
60.1518
59.5783
57.9503
54.1793
57.6027
55.5178
58.491
59.0498
56.7366
59.1202
60.4836
59.2207
61.4278
58.6147
59.0767
58.6396
54.6937
55.8585
58.4033
56.0801
59.5345
57.4428
59.7098
57.7421
58.6886
59.6686
59.5597
58.3637
62.0064
60.3303
62.6228
63.5272
63.3449
64.2255
66.5509
64.4711
66.3734
66.3994
65.2013
65.5174
66.008
63.7656
65.0736
68.2901
67.6138
68.4188
69.7094
66.5786
68.0053
66.8422
68.6059
67.047
66.4106
66.607
66.4731
63.4693
65.5791
65.5104
63.6399
61.3766
60.5183
63.6132
63.6042
64.1503
65.4843
63.2713
61.403
61.3417
59.315
61.5466
59.9277
62.0902
62.624
61.5998
56.1776
55.6862
54.8806
56.5968
55.7569
48.7312
53.5182
55.0945
52.8614
51.8564
57.6867
54.5986
58.9115
53.692
50.7707
53.0099
48.4475
55.8161
57.9025
54.1616
51.8234
51.9372
52.4173
51.9097
51.8668
56.0447
53.9788
52.4666
54.4494
55.8801
57.8533
59.3521
56.6734
55.6086
55.1355
55.6363
60.6387
60.0577
61.1075
58.4589
59.2111
54.9496
57.732
60.0208
60.5576
63.3525
63.6202
61.2652
58.4688
57.3761
60.2781
58.4367
58.5628
61.2052
62.3493
60.2393
59.9351
60.4011
61.7074
59.8343
63.9452
59.5969
63.2498
60.8619
60.2832
65.9761
62.3483
64.9181
65.7001
61.188
68.3596
66.3905
67.1089
69.1885
70.7186
72.5228
66.3244
68.782
66.7643
67.2809
70.4445
68.9378
69.2485
68.3223
68.9664
67.7806
66.963
63.5998
62.3366
62.5721
63.6391
62.1102
61.6019
62.2552
59.2963
58.4412
67.6692
63.3544
65.4347
65.2775
62.9026
61.7169
60.4994
61.9024
57.3398
59.9997
62.2301
62.1783
63.2973
65.4094
63.2402
62.5238
64.3793
63.6843
62.4017
61.7879
61.1415
60.4036
57.9849
49.2885
48.912
46.6716
43.0783
40.9134
43.5825
40.7599
41.6458
41.3071
41.6505
39.703
44.7267
47.2593
50.6116
51.8008
56.907
56.1103
56.1206
59.6802
60.6205
58.9485
60.6866
65.1155
62.4839
60.424
58.5439
62.2834
55.2755
55.7447
57.4893
59.0393
61.3418
56.2223
49.4583
48.9511
43.7087
44.2496
42.5013
40.9067
44.3028
41.0137
43.5829
37.5963
44.6029
42.8467
42.9392
44.6706
45.8358
49.9206
50.4523
53.5514
58.8957
63.4678
56.4383
60.5555
64.334
62.3163
58.3982
55.8593
55.292
55.09
51.4117
54.3082
54.552
56.0945
54.1463
56.3667
55.689
53.4397
41.0129
45.8627
47.5763
40.4293
39.6109
43.7134
37.6763
39.8848
39.0861
41.5917
42.1754
39.5073
44.4517
45.3711
46.205
44.8118
49.1504
56.6901
61.3499
63.8426
62.7713
62.1213
58.8646
60.7971
59.7557
55.3288
55.3944
53.1447
57.4541
53.8935
57.1231
54.7667
51.9186
51.3615
49.9295
49.0525
45.3445
41.8101
42.0581
36.2231
38.7409
44.0199
45.3938
48.476
49.9539
53.718
58.934
63.1711
58.2982
64.5141
62.9224
58.8874
59.9015
51.06
53.2655
53.724
52.3801
52.6512
48.1554
51.4639
50.5399
54.5046
51.2374
52.7836
48.9294
54.1155
48.6043
44.9285
44.7345
44.8504
42.4299
44.4767
41.2876
42.9145
43.3951
46.7591
49.3124
58.1193
54.4082
58.3209
61.5874
62.2353
57.4263
55.2441
52.7048
47.4906
47.2671
49.6934
50.6161
53.485
48.8756
49.5819
47.2861
48.8165
48.1499
51.8996
45.9476
48.399
46.4648
43.5154
41.1691
44.7604
43.6709
40.5135
44.2313
47.9065
47.5558
51.7434
47.1354
52.2111
56.485
55.8352
55.2505
58.089
61.9959
60.0031
61.7775
55.7241
57.3711
55.66
58.0782
57.9997
60.5086
56.8168
61.4091
59.338
57.5185
56.8268
59.0188
58.3293
59.1343
58.3231
58.5847
57.7615
56.7039
59.9938
61.6847
57.6994
60.2271
61.7938
63.187
64.7559
60.2424
57.769
57.2354
53.0964
58.7338
58.0192
53.2886
56.3791
54.2989
58.8888
54.601
54.124
55.5471
54.6139
56.1441
55.9192
57.3101
54.7834
53.578
53.6084
53.6719
53.499
57.5132
56.3644
55.4589
54.7592
55.2195
55.4636
53.3852
49.7808
48.853
51.991
46.8206
43.9578
48.7796
47.9552
51.4494
51.2915
50.4114
51.7485
53.0264
52.866
56.6378
54.1619
55.5494
59.0515
60.8919
60.3534
60.6073
56.4901
57.6456
57.0436
53.7916
57.8023
54.7582
57.3678
55.5758
53.918
52.8694
52.1404
52.7179
49.9202
53.8306
53.5447
57.0108
54.3123
52.1354
52.4644
51.7857
44.9232
48.7746
49.716
48.7887
53.9615
55.8829
53.476
56.0522
49.3454
52.6929
52.1187
49.4887
49.0941
48.436
51.4448
53.1519
51.7595
49.5393
52.9373
51.4663
50.251
49.0232
49.8214
52.6663
49.0952
52.1624
49.142
48.2198
48.879
47.2834
49.5172
48.4595
50.5879
49.0921
50.6599
44.7216
46.0969
45.5714
51.8226
50.5031
50.2029
53.8467
53.877
53.5541
52.4692
53.2348
51.782
46.9368
49.532
48.1888
48.0094
50.1395
46.5322
51.696
48.6968
47.5913
52.2719
51.5342
48.9852
54.4561
53.2925
57.0143
54.1428
54.3847
56.4965
56.4868
54.5567
56.3252
58.5905
57.9866
57.2711
55.6719
59.7712
56.3187
58.3186
60.7746
60.2117
62.8161
61.6064
59.9818
62.0247
59.2826
52.677
54.0215
55.4666
50.8997
49.401
53.9359
51.5499
55.9979
51.9422
52.828
53.9276
51.6006
54.5919
54.351
53.3483
50.477
52.615
55.5993
53.0028
53.3344
48.7952
53.0456
48.9156
49.3351
47.8807
52.2667
46.679
52.4933
50.0166
50.2985
52.6129
54.483
52.5819
49.9831
51.5295
54.9392
50.091
52.0848
53.2503
47.7126
47.872
47.2092
47.0989
45.9844
45.5987
49.6693
44.943
51.0454
55.5502
55.4881
55.2638
51.5582
52.1739
53.5269
59.2136
55.7389
60.7092
54.3381
57.1525
58.6401
60.7651
62.9227
56.5947
59.165
60.5335
57.7505
57.6693
52.0163
56.3081
55.2047
56.298
57.7723
57.4113
54.4015
58.1483
56.436
52.6848
52.5829
55.6389
55.7539
55.0372
53.3157
56.1647
56.6118
53.533
53.0291
49.6203
56.1822
51.1178
50.9467
46.7869
48.6097
50.8856
54.7921
53.3206
51.2056
51.3541
50.2959
52.1565
46.4893
48.6856
52.0369
51.065
50.7496
49.8463
46.1663
50.7556
49.2657
48.2069
49.6217
52.9296
52.7369
52.4174
54.6598
53.816
57.1737
53.3494
54.1454
54.6444
54.9228
51.4752
52.7135
52.472
51.1727
49.6339
48.3447
46.7165
48.3995
50.4776
49.0841
50.4298
52.4373
52.1706
50.448
51.6326
52.0507
53.257
49.8167
52.4106
52.366
50.3597
50.1709
49.4933
51.0826
46.577
51.7349
54.0943
52.4844
47.6222
47.5861
51.5544
53.2751
54.4972
55.9708
52.2136
54.4178
52.1278
53.6524
54.3121
51.1163
54.4747
54.5924
56.6758
56.1422
57.4531
59.3179
58.9846
56.7765
58.2624
58.1492
62.4767
62.4046
60.8744
57.0203
62.3457
60.6846
59.1645
56.3096
56.7724
57.6783
58.022
53.3782
51.9192
50.2125
57.0207
56.5332
55.443
54.16
55.2148
49.9113
51.8314
52.188
51.3614
52.4569
51.4047
53.1508
54.9703
51.2982
53.4269
50.9988
51.5848
52.7371
46.8822
51.6288
53.9939
55.1982
54.6095
57.7064
58.2711
55.1984
56.9846
51.5715
50.2517
51.5529
50.2807
49.6027
49.8735
50.6248
45.718
47.1635
45.1368
45.6664
44.2063
43.0978
46.5728
48.1418
48.6063
50.4316
48.3706
49.029
52.088
54.977
56.0759
54.2914
48.2371
59.6534
59.5977
60.4442
62.333
67.7833
67.2675
59.4345
62.2255
59.0078
62.8083
55.453
60.3492
57.446
56.6864
57.7992
56.8203
52.4234
50.9675
54.4057
51.6978
53.4724
51.8469
51.426
48.4068
51.0386
52.9923
53.3389
52.9061
53.8155
52.0487
47.0726
44.3892
50.6688
50.8883
50.2528
49.4162
50.389
49.0195
50.2146
50.2626
51.6228
51.588
51.21
49.5793
50.2856
49.7291
51.4947
47.0978
47.953
51.9827
48.8739
47.8549
47.64
47.7014
48.6493
53.87
52.2177
50.1942
57.754
58.4033
57.6403
55.9837
57.702
57.6728
53.8903
53.9342
53.7095
53.2935
50.8202
51.0549
48.7155
50.0021
51.0228
46.4822
49.3629
49.5639
48.2905
46.0214
46.4579
49.2309
48.0139
50.618
53.8021
51.0665
51.5113
46.5827
50.3406
49.0636
50.0193
51.8737
52.8454
50.8683
50.3977
54.0108
51.7604
51.4552
49.5007
49.3202
53.9688
54.3409
53.394
51.2817
53.7214
54.685
52.115
53.2885
54.0206
55.8808
52.7489
58.2389
56.3235
54.6875
61.2448
55.5768
59.5708
60.2777
57.7459
57.7478
61.221
61.3699
56.6877
58.2427
55.543
59.9864
57.8808
57.8633
57.2479
55.9261
54.5808
53.7081
57.6688
49.6387
52.1055
49.2267
52.8601
49.7078
54.7213
50.7422
50.702
52.8815
49.8563
51.2281
50.9428
49.3669
49.2025
52.6355
49.143
51.6824
55.4863
54.4035
55.8986
52.6542
51.067
47.0573
50.6743
50.1831
49.0215
47.586
50.7525
46.4647
48.8786
46.509
45.5934
51.4334
47.1149
50.3183
49.4518
46.3888
55.2065
49.5575
53.7738
55.0069
55.1072
55.7066
55.0006
58.3215
56.6502
60.8774
57.6575
60.024
56.2392
60.4744
55.567
57.0883
56.1771
58.2409
59.0511
56.7961
57.7666
54.8785
58.8839
55.3413
54.425
61.4917
52.152
50.5443
53.0334
50.6518
52.8865
55.4592
55.429
51.6993
48.4003
50.531
49.3397
49.167
48.9509
50.3163
49.3733
49.1382
53.342
52.4368
52.2441
52.7401
49.6903
49.7707
52.8377
51.2394
53.5235
50.1975
53.6741
50.9909
46.5798
49.6484
47.5963
50.4135
52.6984
52.45
49.7007
55.928
57.0417
53.5393
59.1976
55.9669
58.6753
53.3559
52.9895
50.9876
54.0533
51.5897
52.8772
53.7779
53.0822
51.1622
49.2495
49.1287
50.1167
47.4901
47.939
48.6224
50.5494
51.1493
51.408
52.2688
53.7261
56.4081
50.191
49.5864
51.9017
50.044
55.3377
49.948
53.2778
51.1922
50.6378
51.2971
53.445
50.2617
49.7772
52.2899
54.0446
54.8102
55.0034
51.4076
52.1104
54.9106
55.3472
55.7245
51.7891
55.7886
55.7433
59.0027
58.837
59.9946
58.5422
61.3727
55.8546
59.7643
62.6283
58.6287
62.9909
58.7842
59.4398
57.114
55.401
58.8488
56.0652
57.0563
57.8625
56.9552
54.0522
51.6979
53.3561
54.7135
51.2533
53.0031
48.982
52.6937
52.528
53.6435
52.9565
53.0867
50.8815
49.9291
54.6366
54.2332
50.3965
51.6028
52.4129
56.087
55.7627
55.7579
55.176
57.77
52.4218
51.5503
52.6162
53.8692
53.5645
50.5634
53.5425
55.8926
52.7635
45.0835
46.1808
46.9792
46.6409
47.6351
45.5331
46.9678
52.1135
55.3595
53.536
56.8517
57.5588
57.5803
54.1491
61.6334
55.4757
59.6875
59.0243
60.2635
63.6969
59.0136
57.4467
59.9442
56.9836
55.0199
52.118
56.6907
56.834
53.1722
55.164
51.8117
54.0966
50.6657
52.3226
54.5929
52.6266
49.887
56.7214
55.3504
57.1802
53.0995
50.6615
51.1292
49.4153
51.1194
48.3406
48.3754
50.6127
49.6052
48.844
48.1432
46.2158
51.157
49.7689
53.2081
53.6127
50.3405
49.1044
47.8217
51.3951
53.1508
46.5414
46.7425
48.9527
51.2213
54.0296
53.3734
55.252
53.4468
51.3196
51.1071
51.9012
52.1047
55.0377
50.3684
52.3059
53.2801
54.5856
51.8416
52.8068
49.689
50.9508
51.85
46.1898
46.3774
43.9359
46.6325
45.7402
47.3268
46.152
48.7592
47.1691
51.6668
52.1802
50.9586
47.1301
47.4196
51.1588
48.4475
48.4594
51.4547
50.7127
50.0808
50.628
52.6608
49.299
48.3291
48.9371
51.5615
49.8304
53.2557
49.9808
51.4453
55.9569
56.8511
54.3146
53.9032
52.7383
55.658
60.1237
54.7738
58.4277
55.538
58.2156
55.6559
57.8999
57.9854
58.5051
61.2108
61.8713
59.2632
58.2234
55.3368
57.2855
55.5175
55.1199
55.6076
52.3043
53.3633
53.4779
51.1854
52.0724
45.9557
53.4597
50.2026
48.0656
48.1627
53.7164
52.2192
51.0652
45.6166
48.1254
49.6845
46.0458
49.0121
46.6129
47.421
47.0488
48.8593
50.2351
50.7253
49.3704
48.4108
49.004
47.4397
46.3157
44.8742
47.1823
44.1795
44.8575
44.0114
47.8398
46.0824
47.272
46.7642
47.3437
47.4887
44.2529
54.0693
58.6237
54.8893
58.4152
55.5848
58.7054
56.4158
56.5578
57.5809
55.3394
55.2655
55.4384
57.2804
56.5922
55.9317
57.5411
58.6506
56.1326
51.4551
52.9854
50.5201
56.3136
51.4819
50.5626
48.8262
50.8162
44.6315
44.1792
45.0116
45.8596
45.2066
47.833
43.5289
51.0532
51.0461
53.3267
51.1183
54.6299
49.3737
50.8109
52.3854
52.9852
53.0213
50.7138
49.4209
49.7951
53.8384
49.428
49.1219
46.8318
51.0462
48.4516
49.7236
48.9429
51.5039
50.6574
48.2265
49.6577
52.218
51.3939
50.8228
48.2653
48.0011
47.1149
46.8105
47.2784
50.232
50.8
52.2733
54.5519
52.3484
52.0625
48.9338
48.4007
47.4044
50.2707
49.155
49.8772
48.0967
47.1979
44.2262
42.986
43.5358
45.5644
42.062
45.4839
46.1917
47.0149
48.4837
55.5356
52.7107
52.4633
52.4194
50.6937
51.7562
49.7041
50.0628
45.8541
49.2859
50.4204
50.2179
49.3225
47.9635
46.7485
47.2371
50.6178
53.2863
51.6463
49.8522
55.4731
53.6822
56.6102
53.1364
55.0407
56.3985
57.4829
57.5156
57.4836
59.2861
54.7624
55.1216
55.1668
57.3553
58.7441
59.6453
58.0017
56.9236
54.4894
56.1165
54.9793
56.2843
53.8846
57.7098
56.5108
53.9843
50.8876
49.6616
50.3673
54.0042
54.6864
50.94
52.8936
55.1111
51.936
52.4711
49.744
49.2914
50.6006
53.7648
52.7597
52.3278
52.4606
54.9783
55.7678
51.0512
53.53
53.7145
53.9736
52.6953
48.3729
46.8628
46.6925
45.6933
45.9198
45.9471
44.8858
44.1192
46.7691
46.4068
45.7374
45.611
50.7753
48.7764
50.315
53.5914
52.0102
55.0342
56.8399
54.4574
56.4111
52.0508
56.0003
53.9489
57.6563
60.9863
54.2901
52.646
53.7722
52.7805
56.4954
61.6622
57.4782
63.7097
57.8626
59.0611
55.118
52.3263
56.2997
56.4339
51.3767
54.188
50.2479
53.8459
52.9846
55.9188
55.4409
52.2882
55.2421
50.9177
53.1357
53.1719
49.6641
51.3856
52.6121
51.3133
45.9154
48.9733
47.5089
44.2338
46.6211
48.5821
47.8309
48.3366
50.2113
51.8564
48.198
49.411
50.8312
52.0089
49.4799
47.8938
50.5434
51.7358
52.1964
53.6334
53.9423
50.2939
49.8132
50.2134
48.7246
48.6111
45.9193
46.5207
47.7534
46.4833
44.3165
44.1057
44.4814
49.8497
46.3504
48.7226
50.9065
48.7825
47.7694
48.5514
48.2996
45.4233
49.1526
47.977
49.3846
51.6799
53.9039
46.7824
47.786
45.0891
47.9757
48.8481
48.1241
46.8397
53.1769
53.2411
54.2581
56.2379
54.3427
56.6822
56.6288
57.764
55.2865
61.2733
60.7739
60.469
57.0287
57.777
53.6612
56.8403
56.3205
56.4661
55.9847
56.4296
57.9049
56.3075
57.2173
58.3991
55.2085
58.0307
58.1912
52.0624
52.4807
53.238
50.1546
50.7806
51.8192
54.6764
52.8266
52.4732
50.9251
54.2802
56.2654
53.9124
50.7078
54.1621
52.7506
54.9248
53.0703
54.195
57.3234
55.3693
52.3573
54.3023
50.8441
52.7687
49.004
44.4484
46.1778
50.8494
43.3878
47.5934
46.5634
48.6424
45.8967
47.3593
51.4222
49.7017
49.3177
49.9373
50.9684
53.3411
52.2739
56.4297
52.0527
51.208
52.9275
52.6761
56.1817
52.6578
51.4583
56.1095
54.5567
61.454
61.1368
58.3826
58.1693
58.1188
55.4168
51.5
55.7891
49.9239
54.6967
52.9011
50.7689
54.8335
54.2933
56.1137
51.6493
51.1049
51.0273
49.428
49.5334
51.4009
52.4281
54.8151
55.5858
52.9139
54.6913
55.9547
50.6461
49.2786
47.8833
48.6513
47.8335
51.6198
52.0179
54.7559
55.6065
54.2906
52.9311
54.3876
56.211
55.3343
56.4535
51.4731
54.2304
52.7365
52.2045
52.8876
51.3488
52.6113
46.0526
46.2751
44.7662
45.7816
47.3057
51.0562
45.7601
50.1871
47.3464
47.8178
51.9471
50.8879
49.2556
49.1523
50.0762
45.6744
48.3448
50.3951
50.3211
48.4381
49.7454
46.9023
45.4696
44.8599
48.9843
45.8735
47.7212
48.4408
50.7928
52.0741
51.6016
50.8538
51.6962
54.1376
53.2937
60.3992
57.4729
60.465
59.4669
53.2841
56.5205
53.7166
54.9605
57.3362
60.1549
55.5115
57.9641
57.6407
57.164
57.9806
57.8269
59.3544
59.0458
57.1063
57.3022
52.2528
54.2671
56.8084
56.7257
52.6788
53.6552
54.4403
57.0162
54.2521
55.4126
55.0055
54.0771
51.2369
48.8311
50.1249
48.9343
49.8014
54.872
52.3718
53.2891
49.9183
52.1156
50.4159
51.799
49.1236
52.0538
51.0821
49.4881
47.2766
45.7125
46.0453
43.8627
47.7492
44.91
39.7342
49.248
46.7197
44.492
50.2002
50.2841
50.0423
48.9699
53.3871
49.9646
55.0723
48.8567
51.43
55.9415
55.038
50.7254
54.1318
56.1342
54.083
52.7101
56.9981
60.7125
64.3691
60.1101
59.5552
58.9887
55.8998
56.4321
59.4763
60.075
57.1066
54.4083
56.6661
48.6037
50.3459
53.6034
53.6808
54.0844
51.992
51.1142
49.7048
51.1381
53.6705
49.6083
51.7225
54.1937
52.7755
53.6949
51.458
53.1599
52.7021
58.2481
53.6315
55.429
51.6509
54.0858
51.06
54.653
55.6734
50.5593
51.31
48.3564
49.3947
46.842
47.6032
46.3787
45.7925
44.5364
45.7369
45.0284
46.3757
48.0853
48.9557
48.9169
45.3999
45.3077
46.9737
46.4708
47.6117
49.3621
49.249
47.1764
51.0816
48.0044
49.8809
49.2996
48.7593
46.3287
45.9742
46.6366
46.6463
47.2491
46.053
46.4474
46.1145
49.7234
51.6572
53.5135
53.1253
58.3224
59.285
61.269
59.645
63.5728
63.4893
56.7181
59.8436
58.284
62.1463
58.3539
60.0865
56.8065
59.9
60.4197
60.8438
56.1032
62.8408
58.3621
56.6802
53.4813
54.3888
53.9762
58.3178
54.905
57.7402
57.42
52.8561
53.1118
54.0268
51.2342
51.8121
50.3232
49.9761
48.7856
49.8184
51.3043
51.045
52.7068
54.9042
52.8376
50.0815
50.5677
49.3262
51.4626
50.6622
48.7222
45.9023
44.0672
41.6969
43.9034
39.2094
48.8921
47.1889
49.0514
48.7963
43.9728
47.3762
45.015
50.1872
49.2326
49.2774
49.6903
52.915
54.0624
56.6582
53.9401
53.6159
56.28
58.0132
54.2739
54.9281
53.0442
57.2761
62.3523
60.5516
59.6909
60.1294
62.9473
56.1515
50.221
58.3872
58.1364
60.6195
59.439
59.8336
58.9872
58.9984
53.0804
53.4248
54.6598
51.6668
54.3444
56.1381
53.9983
54.852
52.9406
52.6775
50.5651
50.52
49.7032
51.8084
51.0844
47.8441
56.4434
53.438
49.9303
53.3148
50.6626
56.7375
55.7047
54.3052
52.7307
52.1257
49.1279
50.1174
53.3618
53.8304
54.4649
52.5792
54.5029
51.4446
50.6663
52.3076
52.3978
51.1909
51.3688
51.6028
49.2522
47.1223
47.0199
49.2172
44.8311
46.0535
47.0021
47.736
50.1096
50.0137
47.8273
50.8458
50.3217
45.6032
48.8459
48.5796
49.6454
47.3547
48.6085
45.6152
48.206
48.9623
49.751
47.4249
44.7818
47.0071
45.3113
50.0624
45.1334
49.0894
51.3427
51.5746
55.2418
59.0049
59.1369
62.4353
57.5864
57.5944
56.7608
51.401
58.8763
56.4765
57.8728
58.0171
55.2637
57.8984
58.6276
56.4366
59.4896
57.4362
61.2012
59.7533
59.396
61.3435
54.1528
54.364
57.1655
53.7575
49.4512
55.6917
51.7583
53.2861
55.4955
54.5354
51.0905
53.2539
52.1896
55.3686
48.9372
50.4122
52.2457
48.7552
49.442
51.248
49.1419
48.6322
52.1652
51.5216
50.3144
48.955
45.1617
46.7425
44.6198
46.214
46.0923
44.3486
43.5314
48.9942
47.1525
42.9277
41.2638
46.0422
41.0175
44.002
47.2564
48.2973
50.6648
51.0257
52.5001
52.55
53.7802
56.5413
55.79
54.98
56.0221
52.8457
49.4055
56.1858
58.8597
53.8964
57.6414
54.3451
57.2823
52.16
48.9491
54.6955
54.648
57.2941
52.2186
50.3495
58.9144
58.395
53.1344
51.5186
50.0663
54.2669
51.5923
54.9309
52.9115
53.3219
52.2764
56.095
57.8032
57.8336
53.9306
53.0697
55.3136
54.5352
51.4643
55.0112
51.7387
52.4642
51.5676
51.8103
52.4891
52.5493
53.6396
51.0824
53.3547
53.7719
52.7405
49.5262
51.2567
52.6681
51.1172
51.4051
48.6375
52.8679
50.7249
48.4313
47.8897
42.6721
45.4847
46.1052
47.8143
47.7834
49.53
49.428
45.8416
51.081
48.2961
47.4635
46.3011
44.2932
48.661
44.8347
48.7759
45.5635
43.4096
44.2989
41.8179
45.2879
49.5782
49.9438
50.682
51.9887
56.2349
61.8859
61.8666
59.9889
59.9091
58.5681
58.7478
56.8002
56.7593
56.6233
58.7687
59.4856
60.4823
58.698
56.4583
56.0009
54.7587
57.8833
55.9614
58.4475
53.1216
54.9284
54.397
51.5387
53.0784
52.3087
51.6908
52.7338
55.3462
53.3286
54.1706
53.4288
51.9854
54.4275
52.6955
49.7426
53.8658
51.3342
52.2401
48.684
49.9337
53.973
54.4344
54.0132
49.9854
52.449
53.6733
52.9189
53.7696
46.8007
47.1392
43.5315
42.8082
44.3632
44.0134
46.4524
44.5291
43.6763
46.8954
43.4754
46.8623
47.7741
52.8251
53.3677
50.2016
52.029
56.2055
54.6618
61.8796
58.4049
59.7812
57.49
55.858
51.4803
56.9769
59.8204
56.8165
56.6419
56.0207
51.7099
51.6672
54.3235
53.298
57.7764
52.2843
56.0253
51.245
53.0311
55.6347
50.3859
48.9176
57.1218
54.9996
58.078
56.4765
55.2035
56.5679
59.7476
55.9965
61.0161
56.3304
56.344
56.543
58.0389
58.0227
59.0764
55.469
55.3492
52.5105
53.3497
51.0613
51.6593
52.9992
53.2662
54.4094
56.3535
52.0221
52.5256
50.8354
51.8048
52.1527
50.8924
48.6527
51.251
50.2784
50.6491
46.5764
44.8491
47.3544
47.2946
46.8584
46.0672
46.466
47.8026
49.1369
49.3691
48.5587
47.4437
47.8005
45.2081
47.1976
45.8438
49.4484
47.9633
50.5959
47.9256
52.5031
55.264
53.9407
57.3032
55.9885
54.5371
56.8664
57.7045
61.2507
59.7647
59.6015
59.8741
58.8476
59.0123
56.9967
57.6148
60.0821
53.3892
55.5667
58.1962
57.1454
52.7346
54.4868
55.6863
54.2835
55.0857
50.5273
52.0457
49.9912
48.6464
50.0201
50.8941
48.6535
49.5763
45.9541
43.2658
47.6526
55.6858
53.6031
49.1174
53.1944
51.9553
46.2781
48.143
46.8959
48.6271
46.7397
48.3209
49.7918
48.1949
46.2559
49.7813
45.6235
44.2147
45.1629
45.0978
50.9213
53.2637
48.4883
51.8792
51.317
55.392
56.9376
58.5341
55.6271
50.4575
54.6249
57.0741
57.0928
54.1682
56.1441
56.7729
59.7228
56.9468
55.4164
54.3433
59.2274
55.2253
59.3049
56.0778
55.0894
58.2847
55.2197
53.0286
55.8864
54.9977
53.6396
54.7184
53.737
57.2648
55.2859
53.471
56.2709
54.5691
52.0605
53.6096
53.3321
54.2268
52.9841
52.6961
53.9611
56.4867
58.8348
55.0936
53.4712
55.7691
56.5799
52.8318
54.4042
53.1834
57.744
55.4088
51.2782
55.7846
56.0501
53.0998
53.9266
54.9789
52.118
52.8999
49.5982
52.1935
48.8336
47.4593
49.7385
48.6541
49.9592
52.9721
49.209
47.8287
47.0211
46.2108
49.3198
48.7558
49.4493
45.6609
45.9072
44.7985
48.6538
48.6162
50.8323
53.796
50.5866
46.9703
42.5606
45.94
46.9415
47.7037
49.8959
51.0072
54.2095
53.117
54.7175
53.6295
55.159
55.5068
55.2339
55.7637
55.8422
57.5045
56.8481
53.5584
54.3045
54.6755
56.2608
58.8322
57.9475
58.8538
56.4186
53.463
54.5164
56.1782
52.7737
56.9881
54.0062
54.7028
54.0299
53.803
54.1456
55.7837
54.0966
55.2636
55.4705
53.3278
52.6189
49.875
53.6978
50.9441
50.8175
51.7402
55.6579
51.2692
52.0823
48.6134
48.928
51.7788
46.6194
49.7223
47.6646
52.6135
49.4387
49.8819
50.5756
50.7457
51.5122
51.5529
46.7667
49.4331
52.8846
51.2945
47.0226
44.8134
45.4367
41.9401
45.5199
44.5998
46.6144
44.1322
46.0816
48.8907
49.011
50.0287
41.7722
51.8438
53.5931
54.166
47.7606
56.5949
54.5827
56.9074
59.0182
62.9782
60.9193
62.3904
57.1454
58.9423
57.1846
55.9572
59.262
57.8118
56.7247
57.3519
57.6056
55.7944
53.3779
48.8979
48.3294
45.7419
46.8288
45.598
43.5721
46.6204
44.7447
45.6283
48.4755
48.4717
53.2838
56.1914
55.9586
57.0385
59.2526
61.0736
63.4267
66.2505
66.1608
62.0859
60.3276
55.1339
55.9526
57.6602
57.0487
54.6348
54.616
57.6272
50.4175
53.6489
47.0169
42.4325
41.8104
39.0725
38.8272
41.4861
39.0406
38.9717
40.9964
34.3094
37.5852
34.8659
37.948
42.3309
41.803
45.902
48.8602
60.0995
57.4381
58.6032
54.3379
57.4373
61.2353
58.6975
58.105
58.7193
58.2228
62.6177
61.5106
64.3713
58.2495
52.6368
53.322
52.7534
51.0853
46.3493
46.042
44.7641
41.5409
40.529
39.5437
43.9624
49.0934
49.5207
51.1247
49.3239
52.5927
56.4333
57.7484
54.2131
47.5542
52.9803
55.5075
50.1767
54.2972
51.236
52.8323
44.6375
45.8323
43.2952
41.2874
40.8184
39.1845
38.5289
39.5811
42.9415
38.4542
40.7651
34.4329
35.9901
37.5054
35.6486
36.6473
38.843
42.5589
48.468
45.5591
44.3695
42.5065
45.6225
44.6294
49.1993
55.4329
54.8958
54.2927
58.6758
56.3553
52.6781
59.5979
56.605
60.5647
56.1152
49.159
54.8039
52.6136
45.3634
44.6844
45.5748
45.9218
41.5459
43.2902
45.1746
48.6864
52.6023
55.8367
57.7195
60.1154
54.2132
51.8773
53.3724
54.8732
58.4505
60.3071
56.4311
55.4909
58.1143
54.5805
55.8963
51.8288
55.0454
52.62
49.4691
44.5414
46.9805
44.1881
46.6726
45.1376
41.1987
38.5669
37.5826
36.7414
41.443
39.0691
40.6609
48.3769
44.5825
46.9509
50.2989
52.1554
53.2645
54.6932
56.1597
55.7959
61.3732
57.5018
51.7054
47.0503
48.9474
47.3827
50.5312
49.5041
56.7281
57.9806
57.4347
53.3779
53.451
47.9041
44.4868
49.5668
43.098
41.2189
39.6464
41.0503
40.3429
44.1719
42.8535
45.2363
46.2385
45.5616
47.4399
48.1113
47.0091
50.5236
49.7969
48.2714
50.127
51.8983
53.8293
52.0164
50.3967
53.6215
51.0089
51.4863
53.8927
53.483