-5.58238
31.5844
22.8064
16.2866
7.37185
11.6163
13.5942
12.4247
18.0039
-24.9899
-3.91453
-2.67535
-20.6135
-10.5252
32.3395
-18.3015
-35.4861
-29.327
-29.1649
9.36148
14.1518
-14.3662
3.81753
11.0496
15.4228
-2.69618
-0.183084
19.8635
-37.779
14.8255
12.7309
-22.1419
-3.23176
3.28763
20.1542
-13.7063
13.4349
40.2904
15.6946
-1.18393
15.8557
6.39684
-8.13692
12.8226
7.44596
-9.44851
-27.7779
-25.3947
-13.3092
2.82474
9.97908
-17.3455
17.313
14.3815
-47.3329
-34.4015
-0.463308
25.1258
23.3966
33.1622
13.6389
-13.638
-29.9976
-3.53488
-2.13704
-16.7573
-7.65678
0.706644
0.712722
19.7934
11.7214
11.6049
-7.00215
-13.3958
3.4985
13.825
11.9072
25.7391
17.6749
22.6547
7.07667
1.89047
-7.24866
10.5534
12.7742
-2.44484
-5.40406
-7.15467
-16.1541
-19.2399
-19.4319
4.83264
5.14455
-1.64625
-6.84012
-25.1997
-1.60673
7.16716
-7.72018
-1.91108
5.95133
1.01959
-6.41348
-4.13291
-36.1019
-19.6519
-21.8338
-27.8805
24.4123
-2.29876
0.661974
23.3493
-3.87277
-9.61597
6.10409
18.3678
-19.8143
-55.2557
10.024
23.1158
56.3191
0.653207
-24.1115
-24.4705
-23.4547
-4.02176
3.73825
-8.28942
-13.6104
15.1361
46.033
35.6216
1.63468
5.09024
8.81661
-47.7977
15.3773
21.555
22.2917
-0.731219
6.28196
-12.5767
-8.27185
9.97298
3.66824
17.2403
-32.498
-29.2892
-15.3189
-15.0282
-31.2158
-17.8153
33.7416
48.685
43.6766
-39.7714
26.3774
-10.6548
5.98895
1.36755
-49.8102
29.1064
25.958
11.6551
-4.96196
-7.12824
-27.5906
-31.1614
0.148748
41.6267
86.4231
62.6292
-74.3631
-68.609
-16.7142
-31.3239
-21.4805
32.1542
8.83458
-31.0116
-30.765
47.982
3.47248
-47.4862
2.376
15.7151
10.7776
7.0396
-0.630655
10.4551
5.84415
8.15503
8.68279
3.16153
-5.49865
27.9558
-21.5574
-22.5465
-31.296
-26.8553
-24.9305
-21.8562
-5.57087
60.9109
22.9384
77.9666
26.0296
72.2517
23.8578
10.9722
-4.34642
-52.9321
18.3946
9.16241
-4.89851
-6.0138
-18.1979
-35.1085
-29.6929
-13.5364
-56.7195
51.3953
-5.5455
-5.26356
27.4488
-8.33945
85.4161
-40.1241
63.7337
-90.9437
23.6474
-3.26757
32.3243
22.121
20.0844
12.5782
17.4804
-4.89469
-13.4224
4.09025
13.7361
4.22564
11.9047
24.7377
35.9459
63.5318
86.2377
13.0842
5.75399
-39.9707
-46.8266
-42.6255
-35.08
-2.35446
15.6095
-10.1661
-11.0287
1.33989
8.83482
21.7302
-8.98618
-12.1938
-0.742655
8.14845
25.5602
51.635
12.7995
-57.0898
-100.179
-68.3845
-19.3395
-37.3906
-24.9275
-18.8119
1.14856
-1.21172
8.71695
1.81151
6.746
13.9687
29.8059
56.4182
3.45337
-36.0496
-28.4953
-47.1544
-23.6955
34.1104
56.7105
27.3876
-28.0053
-22.1947
-14.109
-5.95264
10.8203
0.185818
-2.24358
-0.867415
11.1286
23.8243
-14.6739
-38.6181
-5.13776
33.4307
4.58396
-23.427
1.19201
-22.3902
3.81897
-2.4589
-8.06599
-21.0925
0.842905
23.2624
10.2959
18.775
21.9231
7.23663
-12.2554
-48.0535
-17.6104
6.56008
-9.96699
22.4549
-36.9475
14.8264
25.332
29.928
-23.5934
30.878
6.26128
7.53493
-34.0413
-34.3839
-15.3946
-6.67066
-8.09034
0.644249
-27.323
-17.2198
12.1039
9.78407
20.0111
67.9293
-32.7547
63.6679
75.202
66.7502
-27.9704
-25.5224
-28.8871
-41.4
-38.9061
11.0771
-20.6564
-62.4242
38.7339
14.8908
3.44805
-0.291081
9.6702
-10.9657
-6.59675
17.2431
-7.8934
-15.0221
6.44088
5.56951
-18.1264
-3.5453
25.8687
2.36381
5.25425
5.63758
-14.8625
-2.06155
-19.9261
-17.0211
3.10684
23.0718
-1.72547
15.0318
22.433
17.493
13.5204
-14.1224
-25.589
-26.5992
-11.9659
3.87232
-19.0285
-27.3479
-7.22769
1.37104
45.0596
39.183
10.2066
1.34646
4.19591
6.03408
5.57742
-3.24837
1.00236
9.17792
7.39205
12.3357
15.5661
14.0116
9.81746
7.8489
12.9424
14.4772
33.1217
31.4758
3.87524
-3.95958
0.598295
8.57774
-0.513882
-9.1271
-10.653
-48.1293
-51.6318
-54.649
6.43735
-114.175
59.0073
-44.1543
-3.44569
41.0645
-11.156
0.393024
-14.1499
-19.2575
-9.70811
19.7858
-5.79334
-2.04227
-41.5351
-8.33387
50.7638
48.9534
28.457
8.73619
45.0148
23.7392
-21.7988
-6.75218
-6.25288
1.92903
2.74828
20.2056
19.8285
-22.6748
-15.1881
-0.767063
-17.9527
-8.36825
-15.9471
-6.26927
3.11569
6.92014
-4.1349
-4.7234
-1.15363
-5.3186
-8.13547
2.12679
-3.47592
-23.0578
16.3936
-43.9767
-11.9704
-4.24278
13.9135
5.34283
-12.5807
-3.64134
21.0311
43.558
10.6226
-2.30602
25.852
32.093
18.6346
13.9072
28.8472
-35.0889
-50.4315
-27.7144
-23.8634
-10.571
4.68601
-31.149
-22.5132
9.81307
22.851
32.4436
14.4373
-30.7066
19.8653
-14.6604
-0.961054
16.143
-4.09773
-15.5525
-5.96902
-4.41783
12.5487
32.6253
31.1116
11.938
-31.5954
-12.4288
7.37513
-14.278
-35.7683
2.80669
19.4137
24.9809
22.8629
12.1039
-0.0847888
-4.33126
11.139
10.7393
0.697218
-3.67225
-2.59965
-3.48819
-5.39276
1.25398
7.72972
-0.324769
-8.35944
-4.01258
-1.05272
-0.630165
-3.97888
-3.23682
-1.35589
-1.28428
0.578014
0.314978
-2.99204
0.0419143
1.59048
0.207194
-0.267256
0.330635
-0.0590798
0.464212
0.987965
0.466684
0.658437
-1.53539
1.2025
0.528345
4.07086
0.333183
2.48951
2.01609
-0.982156
-0.0605494
0.325962
-3.08284
-0.60805
-0.406373
-5.27593
-31.7749
10.2508
-25.2658
3.81845
-4.61416
32.6841
-10.0083
44.4575
3.61577
-11.4263
11.7706
2.36888
-10.6825
-15.274
-24.1382
26.7258
-48.2757
-29.2435
-43.1184
0.317586
5.47311
17.5947
-25.9314
5.29262
26.8585
-16.7723
-9.13301
12.7639
16.3894
21.9558
10.1951
7.72624
-2.44537
-1.7573
-1.56449
2.53114
13.4758
25.1884
25.5589
25.1657
17.4681
9.80532
5.61623
-8.48363
-47.7832
-38.5975
-42.2576
-7.96128
6.16351
11.633
0.530221
-18.046
10.2246
-3.00061
-47.4714
-11
18.9754
39.8217
-39.2702
32.6042
-48.8696
24.6669
19.1737
-35.5038
39.1723
-8.85054
39.5262
-23.8616
1.13474
7.23877
16.0716
11.239
-26.2617
-13.9244
-1.86777
40.573
-24.5736
-3.93701
-9.99701
-0.374493
12.7272
-5.72665
0.705715
-30.2452
-2.19545
51.6175
38.9743
4.12652
-17.7537
-7.94857
4.42038
-18.2845
-10.3273
-24.5799
-10.7032
-1.91587
-13.7635
-6.78419
10.5077
-22.97
19.1361
11.5483
18.0472
23.0926
-21.0395
-11.4988
-12.1297
-1.93754
-3.80489
9.03379
8.98174
-2.14516
11.1473
16.582
25.3976
-3.53674
-21.1959
2.63574
-5.32231
37.5165
-34.1715
19.0206
14.0845
25.6186
28.2711
12.1812
-15.5376
-8.36578
-42.7266
-13.0905
-18.5993
5.70724
-13.3863
21.7841
10.5876
6.42311
-8.32442
-3.94078
7.73467
-0.993221
7.35118
26.4787
-2.9719
8.27993
8.41403
16.6304
-0.793321
9.02023
-15.1399
22.1794
-24.6778
24.0616
-28.8352
29.8096
-41.6489
36.4986
-36.159
25.665
-12.412
-40.0814
54.2738
-20.9967
-44.8255
14.9597
7.68831
-30.4764
19.6366
-40.5114
28.1725
-60.1679
42.5486
-10.7855
-34.7326
62.2771
-33.7988
-26.4396
-31.2865
-9.89964
6.43237
-15.5303
-40.3723
21.625
14.1557
-10.467
35.6458
12.0593
-16.9171
-1.48495
24.444
31.7438
24.6033
-24.4384
-52.5294
-32.2853
-23.9109
34.2339
33.7033
28.2413
-7.34185
1.04136
16.9373
31.0244
20.829
43.3938
0.71317
-18.9189
-51.1837
-8.1892
-17.7526
25.1158
27.3044
-29.3509
-27.4112
-34.5262
-19.8072
-4.97065
3.72557
-0.908636
38.0307
49.1454
31.1072
21.1816
9.51805
0.91497
-27.6529
-60.5783
-16.0542
41.172
4.15797
0.43374
7.13852
2.17983
43.1857
6.44993
-0.723169
-1.44387
11.5492
6.75412
15.7753
-30.2902
-33.6841
-43.2158
-9.31698
-3.01426
-1.71491
5.08247
12.7373
20.1064
7.10749
-24.6806
-5.08403
2.45751
15.6566
14.4946
-14.4545
-6.16167
-1.58887
12.5352
9.33643
6.05484
6.22953
2.01909
3.70429
6.68099
21.9198
3.91863
-6.58782
-1.54804
6.32287
2.13813
9.63486
-9.29307
-0.908151
3.9302
4.19899
-19.226
35.5614
-25.1165
34.3706
-12.438
-2.30725
6.02993
-37.3775
10.5978
-34.8475
-45.2489
-28.2289
-20.0054
31.5978
13.0806
-5.36891
-30.8411
11.3379
33.2439
37.4848
-8.7235
-12.9225
-18.5958
1.86374
22.8038
47.3924
36.2288
28.8193
-42.0712
-38.7203
-22.1818
-5.28608
33.1615
25.4404
4.62582
-34.6694
-34.4527
-17.4764
-65.4087
3.89014
30.2898
-16.642
-23.173
-40.2673
20.6881
2.09101
1.21906
20.0551
-11.1365
-11.8594
45.5379
1.95099
-38.233
8.61959
41.5727
-35.8716
20.6554
-40.6783
-1.48711
40.6659
-0.745636
-29.9541
11.3301
-11.1623
95.9258
25.0893
5.06873
-0.0733369
20.0729
-19.8219
-34.8256
-9.97829
-10.8266
-14.507
-12.6324
12.2451
19.6746
18.5407
14.7864
-10.1215
-28.8474
-34.7408
-28.562
22.4654
44.4355
56.2152
18.6345
-23.1573
-27.7542
-61.379
-2.84462
27.0396
39.4005
5.86809
-8.8853
-14.5979
-10.0788
-5.22645
8.8766
-9.29673
-9.37127
-5.32431
23.9191
-10.7013
-32.7151
-22.1771
-15.0036
35.5211
37.169
55.0667
9.89152
-3.36439
-8.16142
-48.9891
-40.3059
-72.0523
-8.24964
4.57688
9.53073
22.2045
11.9511
17.8481
4.1025
-5.88931
0.515577
-11.7442
-3.85822
13.3966
20.229
18.4875
35.2409
-32.7527
-34.6679
-18.6608
-12.7415
10.5627
21.5676
-46.3504
65.6678
-17.0494
9.29764
13.8869
38.2673
-3.4933
-18.9131
26.4671
-7.86181
-37.2216
-13.0766
10.9277
-4.5423
-9.00511
-44.5915
10.8605
68.7877
12.4131
-0.726746
6.39542
5.82583
11.042
54.6018
-119.865
-46.1774
-29.35
8.4998
32.6829
27.4715
21.6174
6.27029
7.96898
-20.9933
-6.40474
-44.5046
-18.4446
49.9642
62.2976
-27.244
0.399802
44.5178
26.215
-19.6634
-72.193
1.79268
35.3158
71.6463
-15.8161
-43.4848
-13.1861
-39.5836
1.78123
6.10634
-3.55239
-18.0613
78.1496
-19.2805
-23.1599
27.7063
40.2726
88.209
-89.7691
-50.0394
-52.682
14.0338
-80.5687
-22.3845
-8.05468
13.7731
3.34242
31.404
37.7288
41.8843
-4.98806
22.3276
-89.037
-10.4225
-112.722
188.801
44.7119
25.376
-53.3095
38.3379
-63.8294
-38.6448
27.6608
23.3069
-2.44907
-9.01265
2.62658
-19.2838
71.6424
22.6437
17.1714
23.4309
12.6074
31.0853
-23.8739
-25.9624
30.2743
0.950427
-56.6737
76.6349
-60.9295
-26.925
-85.9836
93.6761
2.07745
-43.1261
-16.0247
7.82997
5.92068
25.9873
8.19937
49.2934
-67.7223
71.4156
-57.275
37.5702
-82.1105
121.244
-139.703
83.0111
-56.066
-45.2391
-23.0576
-12.0827
8.24051
13.9822
11.9021
2.0315
-2.61765
-8.04595
-5.90623
-5.70313
4.69237
2.22062
-1.30527
1.44082
3.83524
2.37725
5.1585
7.80512
-0.594051
7.21119
10.1159
-53.0557
-22.8558
-3.97596
20.0115
26.947
44.5758
19.7273
-2.1869
-3.31753
-13.9382
-2.13649
2.59756
19.3835
3.22664
-9.69399
-90.0087
41.9647
15.5374
-34.5296
-27.9432
-14.3185
14.8627
25.2631
8.54856
16.0614
-2.48417
-12.2127
-5.93956
-8.04715
1.93455
-6.94632
9.79951
23.8154
22.4343
0.552553
1.85199
-16.7757
1.59533
3.12511
-9.67828
-2.06715
11.7883
-34.8686
-47.5933
-19.9118
27.5237
23.9726
5.85729
-4.00648
5.08597
13.5469
5.95432
14.4117
14.9796
0.185858
-2.84225
-2.47605
-14.7027
-3.16776
21.4242
22.9706
41.056
-34.2844
-26.4992
-0.14484
-7.75024
-2.4329
-33.012
21.7986
41.5024
-1.4261
-21.945
-17.6502
-5.16278
-16.9679
-18.274
3.84054
13.1604
12.1217
3.97499
8.36771
9.65822
3.66739
6.86461
-0.672914
0.439695
-1.00475
-10.8898
2.87207
13.1404
-1.73907
11.0533
4.34008
-0.234188
-3.17517
-9.0967
26.1424
30.2457
1.02367
-24.145
-19.9442
-38.0299
-29.9594
31.5552
46.6088
21.2937
12.6386
18.6045
7.29403
10.3312
-4.70136
-23.1837
-12.3337
-10.0274
-9.64599
-62.1185
73.8276
-25.0406
-1.55843
13.3001
11.9638
14.8448
8.59183
-3.15656
-2.518
-2.99281
-6.80987
-10.0806
-10.8066
-18.278
-29.2426
-19.8558
-6.46229
4.34621
42.186
27.1303
-6.42011
-7.47135
-16.6937
18.5483
21.5758
-6.92937
-76.4411
-44.6151
-6.06798
9.21145
34.7417
10.222
12.1223
-28.9513
2.01963
7.2347
-18.4092
-6.63828
20.546
35.5351
8.83448
-10.9415
-1.18992
24.7953
26.2659
19.486
11.463
17.2288
-20.4466
-65.356
-13.6111
-31.1156
-26.1715
19.5633
37.1568
22.6385
-0.802562
-6.40825
18.7758
-10.5868
-21.636
-24.7303
-20.8498
35.1433
18.6146
-6.83038
1.77738
8.93617
-42.2238
-17.908
-24.077
-25.281
25.0099
61.2403
60.0312
23.8026
23.547
-25.8087
2.86358
7.39635
-15.6333
-30.9336
0.419793
19.5324
-56.3814
-28.0066
-6.69393
-25.7832
-1.12659
5.16083
29.3681
19.5947
-4.4243
26.6155
-1.65353
2.9194
-2.23039
9.70044
11.1936
42.9535
-16.253
-8.65914
-26.8434
-12.4176
-4.74038
-20.7268
-9.59833
13.3667
3.17392
-17.0595
4.04874
27.988
-1.01126
-40.6395
3.45676
27.0497
12.9316
35.5759
-4.28968
-36.2706
-15.6739
3.97091
-0.87968
5.79652
8.30428
-10.3291
13.8063
-2.25175
-1.6654
-8.38134
-8.12963
-3.39855
0.720086
1.08547
4.0765
9.31167
6.32583
2.6727
5.76345
3.69977
6.86841
2.56298
-13.8515
-18.298
-10.4147
-7.66827
-8.73736
4.74583
0.855002
-5.94467
-7.04113
-18.1429
3.60521
25.4533
19.6093
20.4572
5.68061
-8.86977
10.2494
-11.5436
-2.17673
-5.86117
7.56408
24.6723
31.8585
15.6096
5.68812
-1.45606
-2.46893
-7.04692
-10.892
-15.7966
10.4644
-10.1528
-25.319
-14.0321
-4.22147
-4.25778
21.6565
14.2167
6.59151
-9.28008
-15.7211
-16.8404
-24.5351
-13.2724
7.19795
1.79902
-6.50727
-4.63651
-1.41434
-1.76249
18.3861
2.42101
2.40034
21.7892
10.4823
5.662
-10.5254
24.8735
-6.67444
-59.0636
9.69626
33.4898
28.7289
2.31596
-40.3248
-91.3217
47.5881
8.45178
-8.28044
13.2089
48.3891
49.0126
36.8966
-27.0995
-49.4217
-57.7002
11.3456
-26.9016
28.9277
-5.02453
-5.20696
39.8247
-0.81214
-27.9595
49.4685
19.2647
-47.0362
-100.015
1.51672
55.0743
55.1772
-36.0079
4.74086
52.3269
-21.8581
-14.3103
23.0878
24.7942
-36.7335
-19.3182
-13.2954
60.0526
-14.7701
7.36261
-0.815367
-9.74303
27.7021
-1.81958
-35.8028
-21.9223
11.0026
-45.1413
27.6113
21.2593
2.21869
-20.1677
60.4764
15.8972
27.4328
-43.942
-0.422826
-18.6421
-37.7026
-21.878
-26.6467
9.83815
10.6893
-5.67406
17.6194
-20.4385
24.4523
31.9526
34.1693
-14.5689
4.30209
-4.17452
-30.4987
-5.18619
-24.1742
2.22394
0.0869004
-16.1091
40.8582
24.7606
-49.0988
-19.0421
-20.9605
9.26722
30.1277
-10.1314
1.65121
8.76366
-17.234
21.2385
12.1405
-44.0162
2.33609
5.74462
-6.57682
-8.90859
-10.2311
1.85313
-8.01261
-0.855849
-5.56071
-8.74623
4.0521
12.0067
6.43214
13.4192
-4.93703
41.3811
33.6018
10.0228
1.63022
-18.6199
-21.7133
-11.9562
23.4181
14.3493
-37.3704
72.0367
-40.7965
4.69081
6.75213
17.1472
-17.7094
-34.3717
-52.123
9.36671
29.3874
32.6649
18.8021
9.38614
-9.95441
-40.8628
24.5073
35.4729
4.07185
-10.393
2.63193
-13.4333
14.8993
-15.718
16.9056
-23.3517
-31.6868
-13.3235
-15.5697
-38.408
-8.27706
42.851
46.2956
22.4247
-15.9736
0.44914
14.567
1.0272
-24.7799
-14.314
32.2118
16.5201
-5.59067
-0.804755
-25.2892
-48.3616
28.9989
54.0745
53.9675
34.5548
-63.2155
-43.3622
-44.5629
-17.7696
26.4737
9.40289
-35.7123
1.53833
-13.9273
-37.2905
34.9813
19.2708
7.67402
10.5272
14.1576
17.6839
11.4125
43.87
-30.2115
-11.8673
-10.9269
-35.229
-2.60921
18.9983
38.225
-3.47371
-14.9644
16.4577
33.9988
41.1362
19.2007
-55.1506
-84.8829
-14.8628
1.36837
61.0797
-45.3577
-20.3532
14.8255
28.1568
12.9451
22.149
-3.22201
-63.6258
-36.606
-28.7776
-21.04
-6.14645
9.0779
18.8204
32.1233
23.9243
12.2699
-10.0116
-10.1521
-7.42115
-4.93794
-18.4173
0.25372
22.6607
27.3981
-47.1476
39.2146
18.775
10.2352
-10.8713
-15.1978
3.41161
12.5961
34.2201
22.8803
14.2944
-41.8643
-80.1144
14.9868
-2.53013
7.02549
15.5004
0.866359
3.10421
-8.75949
-3.11828
-6.90472
-2.74291
2.18767
-16.643
-2.54478
1.44217
2.90103
3.0735
-3.21292
-5.78122
-2.16886
8.24268
5.39505
0.809766
-0.429901
-8.54555
-10.1138
-17.579
3.67083
10.3428
11.1652
17.1958
8.74269
32.0917
25.4061
29.938
-1.3759
-20.5678
-9.31414
-66.8519
-11.9806
-13.7153
7.84166
32.143
36.3563
19.3483
-23.8019
-11.8865
-20.0451
-11.7346
-9.96603
9.08897
4.72049
-13.427
-19.0003
-3.65934
-20.823
-9.60524
-11.6725
36.7893
39.8923
19.2373
-18.6176
68.2031
35.5522
-9.6586
-22.2562
-46.6417
31.7004
-72.5556
-1.26134
15.1108
6.20595
13.416
-45.6742
30.5469
-15.1239
39.5581
-14.0315
34.3927
-29.011
-8.54566
3.90266
-14.4512
-4.34285
-11.1123
-6.55897
-3.46592
8.08104
11.8516
5.69799
9.17809
3.17974
11.6526
-5.15444
-6.26882
-1.61505
14.285
3.35496
14.196
22.4066
16.8858
18.1223
20.7638
-38.0993
-50.9381
-20.4283
-19.463
-3.44279
18.432
1.53895
-0.101497
-12.2492
-8.71782
37.5112
44.1164
51.176
64.9684
43.1339
-15.7917
-65.8908
-51.1321
-33.4148
-26.4595
34.6054
-5.25634
-63.0469
-23.6178
9.77414
22.0952
10.5897
-27.8985
-13.5548
-11.9528
15.5841
7.835
-11.5326
23.8348
-45.1434
-34.6253
-12.2608
10.7541
-6.10334
58.4289
115.401
83.7745
6.01983
-25.7908
11.6002
10.1453
0.13626
-18.2352
-6.01997
-21.3524
-43.3865
-27.5169
28.082
-0.87515
-1.72277
-62.0633
91.0079
-22.9391
-20.049
-3.19998
52.5146
-37.221
69.5148
-62.2773
-19.3511
3.62395
-7.96164
-35.3191
-42.2706
-4.93167
-15.4533
16.3113
51.7536
44.9056
14.3198
-9.09162
-61.5976
35.1426
19.0198
6.1246
39.6727
-12.3804
-32.3014
-61.5923
-0.551913
0.540427
69.077
-140.667
-17.1932
79.9269
-6.57518
29.6324
-45.9494
73.9422
-116.955
15.4654
-11.0776
102.178
-91.9903
34.19
-12.759
30.0172
-33.7778
37.7791
-14.1813
-22.6889
75.6955
-9.32635
50.4204
24.8831
32.0985
10.5691
18.9799
8.94582
2.92221
-11.7614
-36.3088
-47.8479
-36.4851
4.81228
-38.2447
63.3548
-27.4311
61.0872
3.79792
-28.0596
42.7314
-33.9182
49.8862
-49.7742
23.6436
-101.253
53.0019
-25.3992
-0.209907
-71.0744
93.8621
-36.459
-19.5442
-1.42028
-7.82733
-5.37417
-3.29676
-4.44956
1.36226
-4.75783
-5.21305
8.54857
-4.49143
-17.0409
9.36097
-9.2662
6.72327
-2.9678
0.791202
13.4023
81.9257
-90.8115
14.4726
12.283
59.6582
-70.9795
31.8085
39.1905
36.5804
-6.30412
-14.6809
-31.2419
-3.70401
18.7487
13.776
-10.203
-3.35955
-13.7095
-8.94267
-12.7067
-9.43602
-17.1923
6.74613
-2.89873
7.72705
13.6886
20.2589
-13.9958
7.6806
-29.4463
34.6212
6.90837
18.3181
24.1813
18.4573
18.3535
1.85219
-18.761
64.2445
-57.5325
27.381
-108.209
74.9779
-53.2488
-15.3269
-9.33567
-60.2253
-24.2975
46.2027
21.5229
-7.85054
-8.8988
1.03509
-79.959
131.236
-9.02715
-1.35915
-6.73106
-12.586
20.8439
-0.676761
-28.6296
6.56362
-11.7247
26.8126
31.8874
-24.0558
1.72437
6.02361
-9.18867
-58.5732
2.18833
11.0728
35.5653
-40.7032
9.42655
33.8742
-4.73836
-25.5126
19.0966
13.8073
5.39335
30.1666
-17.5109
-40.1458
51.1033
16.5109
51.6572
42.4829
-4.68385
31.4247
14.1533
-37.8492
-67.5601
-25.7029
11.3476
-55.6198
-30.3734
-6.99115
-24.3504
-18.3702
-3.7876
27.5009
36.0758
-6.49156
7.37043
-38.6801
-34.3068
50.031
74.3084
-30.635
-70.3671
23.5121
-8.68266
-23.7542
18.4943
23.83
-11.0617
30.4923
53.408
27.2198
-51.7346
-50.019
-26.3083
15.7322
-5.26144
22.6484
34.0365
-22.9068
-1.18145
25.8721
26.5688
7.03056
-9.70187
-27.5401
-12.2506
12.7106
35.748
21.6657
18.302
11.7534
-6.74211
-7.87143
12.0279
6.36578
7.53642
-4.99106
-26.8018
-11.5696
-10.1179
-13.2613
-15.1641
-18.322
-17.2524
-1.32679
5.26608
10.8543
20.58
1.23339
-5.7022
5.15895
8.63903
13.5194
-9.64644
-0.0884568
19.3806
17.7828
33.5458
44.1133
51.5662
25.2179
3.12001
-58.9123
-99.1491
-59.3237
-76.7869
1.11267
14.0682
1.51375
-7.62942
1.70197
-0.589505
22.7121
32.2024
35.0443
33.6574
-16.1393
-14.3586
-8.89705
-2.2556
12.5655
-31.2195
28.488
25.156
0.695793
-0.72677
-21.1701
22.9124
-26.5263
-4.03552
17.0805
-4.03809
-50.7754
-4.2791
21.751
36.2569
11.244
36.0837
18.5633
12.2116
33.6876
-25.9445
-39.1934
-18.5856
-4.20699
-35.5034
14.5042
-14.6583
23.1614
-49.6637
0.731009
-17.5449
45.6727
2.18488
36.4028
-42.2462
13.1432
-26.2843
-17.0237
-52.1445
-40.2739
9.86175
35.0616
48.684
22.9599
-14.3568
-9.98907
-34.8948
7.80385
16.7352
7.28667
9.96659
10.6379
7.01295
-8.85584
8.99916
10.2929
3.07322
10.755
6.00032
-8.54025
-45.173
-8.92873
25.2684
18.3108
3.47753
-13.8475
9.78935
-9.12207
-12.5126
-1.08243
0.368856
-8.56686
-14.7146
-2.17049
-30.3345
48.3319
18.0446
12.0163
-9.50251
-6.47356
19.1822
10.5175
26.5624
-3.52104
18.4366
5.36536
-9.64018
-0.8839
4.06497
9.67953
10.1241
-14.0844
15.8909
0.264245
-9.33711
-4.5242
-5.38508
-1.84025
-14.2132
-12.3626
-12.7357
-8.1244
-2.84839
1.67577
6.27179
7.35253
0.798135
-1.16912
-5.05281
-4.46649
-5.46922
-3.42045
-3.5919
-0.727968
5.31999
9.76535
11.586
-10.5514
-6.95033
0.898298
3.27014
6.16715
0.481926
-10.3709
-16.5589
-8.83313
1.54077
-3.76983
-8.71001
-9.88297
-20.3016
-13.2815
-3.53616
-19.1607
-25.4885
14.6967
18.0858
10.7023
8.6792
18.2086
-11.863
-14.3637
20.0835
40.8375
41.9709
-4.31495
-46.0434
-3.01461
-13.7725
5.30784
11.4143
-18.422
13.2875
11.5298
-16.154
-15.0502
-10.6988
-6.37497
4.90255
31.6176
16.8898
0.942443
16.8494
-9.39093
-16.5466
-1.25019
-4.2113
-14.0067
32.5187
13.5264
1.37991
-11.5504
-28.8051
-23.1288
36.8351
-41.7411
57.5999
-45.5082
10.9105
21.5929
-49.1269
31.5809
-50.1047
35.4077
-37.4138
53.1168
-8.00977
-41.5467
28.6205
-10.1863
-2.02376
6.27303
7.94496
19.0446
-7.0855
-16.5439
0.491291
-9.93644
-8.49992
3.32662
35.2255
19.3299
-9.12785
-24.1724
20.09
16.4707
5.80699
-0.0538963
5.29374
12.688
11.8777
7.88907
-17.5655
-0.499564
23.7818
7.38818
13.4149
-9.37792
-52.5166
-30.2877
7.45601
-18.7938
4.22618
11.3626
27.2721
31.0178
-6.22825
-14.9864
-5.35822
-17.2878
-21.3533
-0.422749
-34.9035
-28.3346
1.13871
1.04581
60.2799
-74.8336
29.444
9.34544
56.9726
-14.6561
6.82102
16.1925
69.0221
35.3638
-17.885
-24.2233
-34.8529
-22.8959
-45.5978
15.8068
15.4458
-21.99
-11.8797
-7.2049
-5.09242
-10.8614
1.72719
19.7899
40.1013
63.5824
-86.5711
32.9708
25.3826
-28.2777
16.4604
37.816
63.3176
14.9822
45.7512
15.1361
29.2669
26.7851
23.9366
35.545
32.1671
42.6938
49.6613
51.0629
47.3214
55.6199
14.8482
-6.20956
6.29569
-6.23377
-14.2917
-17.6105
-0.489817
-0.00418717
-47.7427
-38.4349
-87.8167
-53.7642
-25.9616
-69.7756
-48.6514
14.8073
20.4932
-11.3177
10.6499
-78.2451
-103.725
-43.013
1.58829
-122.246
-5.9153
51.6069
-4.10221
-29.5684
-13.5254
58.8201
48.9665
27.0823
-0.378454
5.34673
1.96824
-1.11058
4.45873
0.0929915
-0.343992
0.0715261
9.27432
-0.418946
0.0864476
17.7659
-4.98827
-16.8227
-25.4305
-15.0573
-2.96826
32.9837
-5.34353
-12.8749
4.35898
-7.33381
9.47818
-7.54943
-8.27733
8.87357
16.1799
-16.9732
-10.4067
-5.10878
11.6038
17.5785
15.7584
-51.1788
16.1072
7.30531
20.0178
18.127
4.16741
-8.42381
-3.54723
-14.4619
50.6396
-6.75627
-57.2321
-32.3892
13.2228
46.7252
21.8055
14.5676
12.9438
1.89105
-40.6793
-27.5736
-14.9506
-0.559952
-21.8342
-4.03894
32.4694
27.6156
-16.0177
7.49477
12.8656
-55.0754
-28.3461
20.7486
-1.11463
-18.382
22.3521
46.0493
30.4348
-21.2815
-36.1079
-58.8611
21.5304
18.4847
-11.7642
0.497934
11.7982
6.74389
15.3893
-10.8457
-1.13215
73.7462
18.4905
-39.9259
-33.181
-34.3989
-21.8594
-25.2246
-25.493
73.2754
96.7401
56.7676
-120.088
-141.763
86.0162
53.4289
-41.6845
-2.11467
33.0419
12.8167
-47.0359
-20.8001
11.8188
17.53
-70.7318
14.7898
70.2386
57.0023
5.27612
-17.448
14.5488
16.3985
7.22659
-17.2769
0.30346
0.579338
28.5783
-41.4209
-38.9628
13.6343
-28.3326
-22.8204
-30.9909
-52.0603
51.4417
46.4578
46.2903
-29.6368
-7.51228
-29.4056
8.94838
26.8834
-11.0798
9.18653
27.5946
5.04033
9.78794
4.29696
-2.26433
-2.37569
-7.81293
-8.6206
-0.535069
-1.91377
0.200056
17.0319
0.522029
-7.39807
5.03232
-11.2176
-7.91781
-22.9827
-21.3897
-19.5723
4.57788
12.0256
14.4087
13.4332
2.80063
3.35295
-29.8548
-8.01995
17.6916
25.3622
-13.5208
0.10068
13.3852
7.13423
44.4256
-12.6279
-5.16481
9.42694
-45.4508
-9.12799
-43.6384
-8.78346
-29.6354
31.5634
35.8156
-7.5824
9.31992
-4.71715
-18.0016
12.7855
20.4328
-26.6798
0.0834503
8.10138
12.3588
42.4544
51.9385
-49.7695
-23.888
22.6123
-3.74881
-3.34153
-4.60721
-3.28419
-7.36776
-5.39848
11.4265
-28.5026
-8.38227
3.82279
-1.54242
23.9424
27.9568
-38.1489
-45.5945
25.4029
43.0515
18.5201
28.0839
19.5954
-33.2299
12.3508
18.425
-39.1269
1.57954
-14.2037
-35.3828
3.91518
6.81847
-16.6174
7.33633
-5.11978
6.97271
9.60969
4.57395
-34.1066
9.71608
31.5988
-4.86975
-5.16698
-7.68869
-14.7528
-39.3107
-23.1923
-0.929111
-33.0911
21.5904
-3.22058
14.6359
-6.94101
25.3625
-1.18471
22.8571
-42.2614
29.9028
-23.2541
-19.0946
51.8658
-15.8076
-3.16089
5.02571
-31.2009
-19.6199
1.5818
-13.7507
23.2415
28.7411
24.0474
2.34769
-2.80343
-14.2791
13.8374
0.936237
18.7299
27.9179
32.5676
-5.77418
-43.976
-37.6836
-19.0902
29.4433
20.818
-22.0364
-8.2516
11.2641
40.2685
4.66288
30.447
3.17677
-3.53897
-19.8983
-73.1437
0.141825
4.82007
76.9455
25.81
36.7105
-30.1657
-4.98796
-62.439
-109.085
21.4718
-80.7285
67.5506
-10.3727
18.1659
17.4192
26.3513
42.2348
15.6485
60.2847
5.26097
-1.25158
3.26997
-38.8501
-37.6417
-19.7237
-13.2228
35.317
-19.1293
59.9188
-105.148
49.6105
-23.6874
-26.6085
78.5072
-90.2854
65.4753
13.0978
3.9962
17.7449
-21.4222
-25.9886
15.1374
25.3718
-11.3657
-34.3401
68.365
-100.264
32.1234
25.1848
54.7642
28.5737
46.221
-35.7492
-84.2871
-83.0885
-62.6142
-33.6049
-19.7223
60.4077
27.5241
61.5886
-90.0337
65.3644
123.943
-100.819
32.5101
39.7046
20.6757
-3.63385
-49.0944
11.381
30.6582
-11.8522
9.6186
3.58457
15.4099
24.2107
-72.2283
70.9273
-100.739
94.2406
-41.9786
-105.045
96.6154
-44.7738
24.4959
2.12863
-0.178756
-18.6026
16.6332
38.4102
-9.14967
-2.11539
22.7419
45.9744
-11.9702
-13.6567
-35.9326
-4.36369
-14.957
-17.8495
-7.80926
-9.88253
28.6228
14.3327
-20.7588
-11.5323
7.85373
5.67304
-12.4552
-16.7336
-16.3791
-17.2402
-10.6195
-9.3157
-2.81452
10.8155
21.9527
22.9301
-2.02903
-2.36719
0.174547
0.120451
1.75281
5.01925
12.4439
16.1727
21.3745
2.9164
14.578
23.7678
3.9561
-22.2996
-14.785
-61.8481
72.0774
-9.94226
-9.13434
-54.9296
84.8384
-12.9102
-14.4393
-2.24181
-13.4013
-9.7312
-6.92257
-17.7646
-16.4338
-25.445
-30.4104
11.22
3.69663
-9.71971
-15.8055
-3.75175
-2.038
1.30352
-4.27164
-18.4603
-8.05171
-3.71966
4.45163
5.46112
1.13445
-1.8064
12.0974
15.7922
8.2144
-8.01468
-14.6332
23.2182
33.1265
33.0451
17.3961
-11.5751
-10.9012
-1.47799
19.4953
-3.04737
-5.20517
-6.94311
-3.27381
-17.4364
4.59364
17.831
26.8619
5.49204
30.2167
-44.1755
-6.84193
12.6445
31.9294
-22.3037
-58.6033
6.54536
-1.60589
-26.9831
12.7832
-2.16233
-12.4565
-17.9996
-0.0526464
17.2676
13.0814
26.6458
13.6977
12.6698
32.5083
26.8342
-0.93967
-73.2185
-86.7747
34.2127
12.7476
23.4498
-30.8172
-23.3785
15.3289
20.8432
49.6411
9.39323
2.73869
8.73317
-16.3711
2.07498
-9.367
-8.53436
0.305943
-13.7325
2.91343
13.5942
4.45789
13.4419
4.53021
14.8193
10.7899
-11.1155
-4.56447
-9.85555
-4.96408
-27.3957
-2.82742
-40.9621
-36.3427
1.63085
-39.3131
-10.2182
-6.14236
7.43316
8.53284
20.2868
60.8444
19.6341
9.58999
27.5645
22.9426
-1.91686
7.81288
11.5496
9.51948
-26.9482
-37.7513
-19.6916
46.3122
22.07
-6.28655
11.183
-23.3819
-14.453
41.2317
-2.39575
-5.76851
26.1845
29.3128
1.35195
-7.87653
-20.4349
-5.81241
9.95344
-26.3929
-30.0828
11.1945
-8.99299
-35.1157
14.9514
17.3507
15.2542
16.2936
-16.0885
1.63997
-24.2091
-2.01436
10.7515
-10.9007
15.456
-2.47351
-0.446391
6.22611
2.09859
-3.53819
25.4053
33.1536
20.6919
28.3455
0.825472
2.94949
-65.922
-49.2256
58.241
17.3493
-19.1025
36.9392
5.62654
-0.835102
11.5853
-5.08177
5.95373
12.1235
-4.33235
-2.87366
17.7736
22.8215
-29.6399
-83.8169
-22.4886
-45.7379
-54.8046
-62.8319
52.2856
45.0247
45.4966
24.9525
1.58547
-13.0102
1.77223
18.9232
8.17121
19.0203
3.77699
7.95656
9.44097
0.533706
6.47118
3.84415
1.59195
0.0217622
-1.64892
-19.3806
-19.0577
14.1448
-4.68894
-19.2445
-4.52519
8.31177
10.8269
-2.49054
15.582
24.6012
-42.3894
-55.9864
-12.3211
-16.2437
3.85451
-3.00645
-11.9206
2.12857
45.3775
-29.3594
4.51283
-2.68151
-38.6333
-9.03313
37.7483
6.97202
-18.0403
-11.4471
-58.5108
13.5715
21.6248
-12.073
17.5598
-11.9787
42.2341
36.3527
12.332
-17.4639
-39.5978
-12.7028
-6.60169
14.953
3.37553
3.97288
-4.01893
4.84051
14.6993
8.13656
10.6132
11.041
25.9173
15.4286
-41.9963
-14.7324
-29.7872
-12.4081
23.0118
-53.5773
29.2417
63.7387
-87.5829
48.1266
-16.3726
31.3424
73.5954
-7.14998
-83.1681
-25.051
-2.03606
-0.20891
44.5067
-16.2055
-13.2349
-9.43164
31.0766
8.63531
-18.8148
14.0249
-8.46752
-12.2623
21.3804
40.5418
41.6379
-6.85642
-53.6775
-34.3579
-1.92483
40.4627
2.02739
-9.97722
-10.7173
0.120187
-3.45548
6.48859
6.99602
-9.06428
-23.3888
-29.9767
-17.1043
10.5709
37.0421
-12.5933
34.0595
-7.76679
14.8264
-5.13634
7.59986
5.50338
-10.5349
-27.272
-12.2368
21.0521
6.98482
-30.7089
12.1115
15.2004
-26.3514
28.4817
-24.8469
5.12418
24.9689
17.9318
-26.5501
1.72875
-50.4438
8.71187
6.56034
31.67
19.9079
57.8361
-82.2415
-30.3515
-29.5134
15.2923
31.2613
48.9375
-4.03481
50.6785
-46.9485
-19.8886
-25.1163
-20.2465
-24.7226
-88.8354
64.547
69.642
84.5727
88.1872
36.4503
145.907
-61.8744
-254.482
-41.8607
-18.7013
-13.2704
80.9285
-15.9002
-3.80223
9.66092
-15.3396
-10.3514
6.33383
22.5811
2.70271
-32.3639
24.7736
22.8546
24.394
-16.4014
-8.40804
-33.7889
-26.6742
-23.5631
-28.8164
-9.26843
-8.75987
-12.1962
-19.0996
-15.3278
26.928
23.4067
42.9416
125.366
-50.0335
-101.684
108.717
-109.521
22.2573
85.0162
-82.4676
87.0581
-91.6598
62.5695
-1.10719
45.6111
36.3182
12.365
21.9566
1.98828
-13.6204
2.01527
4.40264
1.28846
2.14808
19.762
21.6146
17.4122
14.6326
-63.4456
33.839
-74.0385
12.3233
-46.7728
-100.159
78.0548
-9.00974
2.15211
23.9672
34.5081
-11.2575
-15.0684
0.0849575
-78.8304
79.908
-40.1725
0.189817
-33.1791
-35.2291
-0.087544
3.06046
44.7594
-19.4459
-35.524
28.637
36.2772
-10.2792
25.3065
12.0831
47.7157
63.833
-9.97697
-25.2612
-30.4815
-41.1607
-111.352
132.826
-23.4038
-24.056
-19.8652
-5.4895
-8.68967
-8.98224
3.09734
14.8268
38.5325
61.6218
-67.9102
23.982
20.4355
-27.8983
26.2687
49.0886
73.1765
9.70249
48.2836
21.2966
33.2528
26.2471
18.4331
28.4928
21.8892
27.8836
29.4681
32.396
36.5236
25.2951
31.4685
38.8348
36.9982
11.4558
-1.60622
16.5649
6.75105
-17.9954
-23.4688
-25.041
-3.64722
7.45087
-25.8745
-26.2714
-47.6665
-90.5248
-42.0964
-17.0048
-57.9785
-63.1635
-40.6171
29.0358
6.10494
-17.8085
2.18535
-65.7166
-82.7391
-66.9193
27.25
-44.4752
-47.7227
-38.1313
22.8325
41.3715
-14.2246
-25.3025
-24.9357
47.6049
41.8487
31.3243
16.4291
7.18215
-1.37725
7.07713
8.50967
11.2886
9.80933
10.9799
17.9475
10.0514
4.86958
6.19336
21.0849
13.5615
-24.5022
-49.9327
-15.1248
-11.3686
-6.66649
-16.8946
53.6441
-39.77
28.1101
-75.9112
47.0644
-59.1415
-40.27
1.69236
36.5266
-17.1046
5.01648
-6.86604
-25.9496
-13.4643
18.897
13.9532
-38.1868
-16.7941
38.9577
49.6664
29.173
15.8145
53.5896
23.7466
-33.0496
-6.12936
-13.4285
6.82871
8.02534
35.3998
10.0438
-26.6759
-13.6082
-11.29
-4.36463
-14.1291
-18.5702
-6.92843
-0.540385
16.2784
-6.84571
2.45729
-9.31419
-7.62128
2.87135
-7.97968
-35.7104
25.3922
-63.796
0.303732
18.1499
-11.1784
-6.79853
45.8474
40.2877
19.2521
31.9729
15.2914
28.3186
37.7615
-65.1934
-51.3351
-34.0417
3.78074
-19.7398
-33.3575
9.15767
30.0094
32.7826
-23.4665
0.811581
-18.9469
18.5151
-4.27521
-15.0423
-7.86452
18.6791
45.9893
26.893
-40.688
-0.14499
-17.8489
-29.8036
19.344
52.195
21.5814
18.8333
15.7839
2.58886
1.25176
-2.86577
-3.27129
-5.03965
-9.93332
0.0542489
1.44057
-10.8399
-4.25981
-3.57726
2.60269
0.115607
-7.00571
-6.80174
-8.13009
-13.2614
-21.5529
-20.9973
5.67691
14.4528
8.3018
0.659419
41.4761
-9.37461
-8.01267
-3.61766
7.768
-7.05727
-15.4024
20.071
-34.2214
34.9628
-63.1096
-25.44
-20.5545
-12.2315
25.3829
-2.26878
-20.9946
31.8721
-12.8444
-13.0506
7.07886
24.4003
23.0495
9.10475
-2.738
1.80493
1.00835
18.147
16.8909
28.1744
30.3213
18.2538
17.3082
7.86843
-4.72708
-58.3424
-51.0201
-41.4793
-3.50276
5.77463
3.29666
-11.1522
-4.22888
-33.1735
-17.5602
23.8089
40.6151
-37.1008
20.0823
-36.3334
50.6256
-49.5273
42.9595
-5.41665
38.099
-36.8765
15.676
14.495
16.9234
-31.8584
-13.7648
33.7808
-17.438
-1.5058
-2.75292
4.85237
-2.85126
3.90454
-29.2088
31.8967
14.5196
29.4958
-8.96221
1.14113
-7.40318
-19.551
-34.6425
-5.00498
-4.68507
-14.7741
11.0885
-15.2524
-7.99853
39.8363
48.4126
-37.0233
-12.529
-17.0918
2.86672
2.84291
12.2602
-5.9923
18.3607
36.1062
14.3623
-26.2208
-2.68372
20.2701
-19.4286
6.9137
14.4185
29.5455
28.0965
7.14794
-11.7241
-19.1702
-25.5478
-24.5431
-3.42841
-25.2784
24.381
12.1316
5.21379
-0.397329
6.60894
5.38369
8.24128
-9.74631
32.3841
-5.25061
5.92919
-1.85321
33.4998
-9.11348
23.8704
-4.87043
-10.7242
-5.93551
8.68754
-36.778
22.4598
-46.646
31.3239
-42.1094
48.3639
-50.4633
36.0648
-24.3016
-15.1374
39.3833
-55.9695
39.2941
-22.5969
22.3035
-46.1942
33.5354
-48.8666
11.3821
-60.3878
-21.7709
0.018328
12.2668
-37.8908
-12.2543
26.7086
18.2246
13.3641
11.5987
-6.5892
-1.29126
2.00319
22.0151
16.236
23.9411
-24.3865
-51.3721
-40.3569
5.61931
39.8048
32.2741
5.30275
-2.32156
8.0593
34.1415
31.0569
50.8091
-3.07458
-31.231
-39.3846
-21.0907
16.846
29.2782
-43.1569
-34.4451
-36.7723
-4.56121
3.71623
-22.1052
44.723
61.8573
38.5462
30.3347
16.9279
-28.0201
-46.6311
-35.4968
26.0329
10.4643
8.32356
20.0279
28.8062
-16.3306
-14.5775
11.3963
20.4202
27.0026
-37.9289
-42.3762
-53.4766
15.2254
-8.9421
10.2251
21.8119
9.34067
-27.8035
-12.5156
23.0037
18.9057
-8.5997
-6.8812
22.6938
1.85706
7.11738
10.515
8.37456
4.54441
28.5335
-12.5191
-3.47927
2.68687
4.27796
1.5473
3.20365
7.38942
-2.92744
37.361
2.37409
-5.65836
-27.4402
-11.6982
-83.2227
-17.6961
-46.6468
72.3691
-21.686
-18.3643
19.1115
41.6854
-13.2944
-11.8312
5.62441
12.0747
33.6726
54.5994
20.4234
-28.9163
-24.4422
-49.0012
24.4084
33.9504
-30.2184
-39.5812
-35.7359
-47.139
38.8218
-20.1978
-26.1525
-56.4189
32.562
5.21015
1.35035
10.7622
3.46387
17.7425
24.7045
-46.6495
23.3171
21.6314
-25.3343
-22.9325
6.44822
53.3968
-54.8682
-12.8477
73.0782
47.7337
25.7695
13.7849
19.6856
-57.8146
-26.6322
-23.1733
-17.8291
3.92051
26.6895
26.1495
0.907468
-36.4769
-40.2591
18.8161
67.0188
41.4396
-15.203
-63.6516
27.3315
16.7819
16.0234
-3.58506
-12.6211
-47.5905
1.21014
-31.9869
24.5987
13.0496
-49.6169
11.7296
1.20819
25.2415
40.8699
19.3743
-29.107
6.4712
-17.8004
2.78701
-22.3014
-1.0791
14.1715
3.84746
14.9046
-5.61057
38.2778
18.7904
10.3806
5.96922
-49.028
-35.5644
-30.8163
11.7346
16.9402
-9.88031
-9.88496
-12.1054
4.92303
10.0249
22.899
-5.31966
-3.68328
12.928
32.7711
8.68466
8.06429
-1.26217
-89.4498
-44.3437
53.3814
-10.914
14.2967
40.2999
7.484
-8.39585
-22.6368
-12.7497
-4.46081
-4.45821
-0.538834
3.9215
0.0547977
0.770291
2.46917
-5.78963
-8.87355
-4.22294
4.64808
14.9728
-1.17227
-9.17385
2.09847
-12.2956
7.89492
-18.2938
-4.41437
-4.10575
7.38399
-4.37436
2.30337
5.75765
15.2503
-5.32019
-8.06011
-2.90715
6.29389
5.99683
-4.58106
3.71677
-5.56331
1.96335
6.97761
14.8457
17.9442
-10.0061
-15.0365
-2.42969
-1.21068
-2.05046
-0.0647478
0.176541
7.74102
-2.16336
-5.31236
-7.66193
-6.16596
-7.14851
-13.6057
7.34875
-42.3971
35.3689
-23.1919
24.0284
-27.4038
22.2757
-21.2189
51.8741
-0.029224
3.9324
-8.57813
-27.4304
-10.2897
32.616
15.4133
28.2747
12.2789
5.47819
-19.9495
-24.6975
8.75125
27.9281
2.92112
-19.8977
-30.9721
-14.9116
18.8896
22.6402
3.4046
-19.2098
-29.8538
-26.3904
-24.705
-5.11591
13.3717
22.053
18.4291
0.650848
-15.798
-14.5177
-7.09
-8.55712
21.7275
14.668
12.3056
-1.68477
-16.8669
15.2617
-6.48066
-21.1621
-1.70101
8.68322
-20.3642
-15.8237
23.1558
24.6965
37.0404
19.5881
-27.3561
-55.9942
-20.4316
-9.76515
-9.04616
24.4014
17.8706
31.3174
2.76595
-16.4419
-25.4525
9.53938
14.7007
14.3695
14.2261
7.82888
-39.1373
17.1418
10.0814
-43.749
-7.29093
31.1644
28.2838
20.8692
-12.2945
0.854298
-3.39556
-5.92186
-34.5492
-19.5223
-2.51343
-4.26051
-18.3741
-22.9794
-13.4485
5.17165
48.0812
35.717
-9.79373
11.7315
8.34792
-21.9039
-16.0854
-19.9374
21.507
29.8277
-22.0557
-32.7758
12.5926
31.0458
32.8599
-4.89131
-5.6416
-42.5871
-14.5326
4.31917
18.6316
-30.0091
-8.89728
25.7109
28.3368
9.8243
34.3238
-11.7096
19.5012
19.3943
-7.14814
-12.7474
-46.705
-15.4349
-18.2711
-16.5724
14.0892
17.8599
17.602
2.55518
-3.66975
-27.558
10.4096
-7.46037
16.7391
11.2061
15.4704
6.19851
1.02378
-9.34385
0.840381
4.46289
-10.9651
1.55662
1.579
-28.951
-24.9767
-14.0063
27.4558
14.1372
-22.8902
-33.5321
-1.72759
-13.4171
-9.77172
22.9465
-8.93176
14.8826
20.7849
-22.68
11.7796
21.6992
14.1071
-3.42071
16.1121
-7.27339
-10.3847
-7.59179
-19.8941
-14.7511
9.1302
13.7694
0.121318
6.96022
-14.8632
20.8703
-1.23662
30.572
13.8559
18.617
32.6395
18.2453
-10.1797
-22.3854
-32.6935
-29.0941
-16.1948
-0.015494
8.48308
-14.3486
27.7448
42.6531
-36.487
-58.2288
-0.102417
11.8428
9.64606
9.0673
-12.3581
-3.97883
20.8159
19.4402
2.36499
-55.7741
20.6332
-19.4474
-10.0726
28.9242
25.16
35.3271
25.8347
-37.4783
-26.9064
4.45175
29.8761
17.3406
2.23283
-24.0891
1.84411
-13.9166
12.4509
22.5835
14.9118
11.5919
-12.9683
-4.58023
-38.8086
5.90372
-3.89695
18.5242
-19.558
23.4733
-23.3995
-12.102
-25.7317
8.07608
-0.70151
5.85262
13.3872
10.711
-23.8766
6.58957
-15.9329
5.2231
0.726315
8.66685
12.8544
23.4538
12.2484
2.64084
-28.4609
-45.8538
-30.4292
-22.2576
9.9334
15.2905
18.9197
46.374
39.924
-21.0245
-30.5584
-67.0352
-0.886719
39.3343
48.1609
-0.303422
-51.2906
-41.0985
7.83128
16.5601
18.658
22.4957
2.51908
-9.29727
0.731922
0.293434
-6.36258
11.0515
19.8758
37.4168
4.85069
-62.0742
-9.41552
20.3789
29.653
-13.3164
-48.6306
-13.0672
5.85881
9.96423
31.5759
18.6616
-44.4495
-12.7525
14.112
10.6767
-15.1921
83.2092
-0.774075
-44.7095
-10.4787
6.43579
5.22382
-20.8389
9.60543
-6.50602
6.76396
11.5654
4.7377
-8.62602
-10.214
-7.06601
-24.3744
2.27723
19.0907
16.0631
11.0214
31.2884
-28.5114
2.34373
9.17727
6.19369
-20.799
-22.7889
-1.8909
-40.3144
5.85433
2.96657
7.35738
1.79046
19.0846
6.35616
13.4261
12.0328
5.99676
-44.8695
48.4853
-4.39211
15.2517
1.52648
8.62949
8.46537
14.0829
-115.079
-26.8532
38.4524
14.2813
-12.3612
-1.35891
9.33689
-8.8219
17.7697
11.4402
-3.20049
-13.5944
14.4061
-21.4843
-7.77509
-10.3965
0.156346
20.9048
12.2936
0.266152
1.85516
-25.9443
-17.0791
11.9693
4.20654
10.1797
9.98713
-9.97401
-2.09729
-16.9454
-21.1126
-12.1426
20.6876
14.9976
18.9261
-12.8422
6.64321
-6.85925
-10.0915
7.60447
-4.6503
-12.1911
37.3143
-11.8777
49.1581
-3.83745
6.15981
9.09471
10.959
1.67771
-22.3839
-23.8077
-10.9113
-18.6059
13.0448
-17.0099
-18.2073
-9.80611
6.90568
19.2368
26.4316
0.519292
36.4453
-33.2279
-67.9587
26.097
35.8081
2.29861
-17.3555
-4.74263
28.8694
29.4238
13.9545
-19.3809
-73.9927
102.253
54.4636
67.5398
-23.4144
-10.5755
-7.7132
20.3786
-37.4485
24.9077
10.0088
-8.63409
-3.58867
16.6535
4.47349
21.8332
3.92972
-20.6703
-33.5758
67.3478
-28.2153
67.5465
-28.417
-40.3321
57.3312
-102.834
62.8878
-65.6776
-5.83486
-12.9606
-9.80136
-20.455
-6.03699
-13.8311
-16.4858
40.3687
-9.50341
-3.56559
-3.40654
-1.23561
0.500254
-2.55015
-14.85
-1.68604
2.83544
3.81298
4.23453
6.95374
8.26858
2.23476
-2.16084
-8.0645
-6.73674
-5.04142
5.17928
5.08773
3.66642
1.73093
5.89159
7.45634
-1.18456
-4.44189
-6.4169
5.54905
9.82566
12.3463
-0.736842
-2.7473
-18.7811
-4.28121
2.94354
-10.4926
15.8855
-16.5895
10.7641
-19.3049
25.7856
-10.577
9.15532
-28.7266
34.8869
20.7719
5.82181
12.5561
9.43057
17.463
25.5532
27.5898
-14.8232
-18.5783
-22.3237
-34.8029
-15.2508
44.1179
-46.7247
-17.2183
-17.471
-3.21908
-15.1407
-12.5084
-41.5096
27.8936
44.0621
-2.159
-3.30855
-10.2223
4.46159
11.6184
-22.0494
6.81992
-1.58117
-9.9411
22.1288
0.0652443
32.906
22.9901
3.54083
20.1683
5.12095
8.18179
3.21503
-9.4654
-32.6075
-22.0089
-18.5294
1.76397
-9.58713
2.78664
20.1093
-37.4079
-31.8113
5.8557
21.6784
44.4158
27.4196
-16.2107
-29.6535
-2.89505
-20.1735
-10.6721
11.2957
19.3042
12.0096
-2.50404
-4.74328
9.63079
26.586
35.3576
33.7377
20.9355
-9.46227
16.4264
-12.7176
-28.139
-30.7553
3.31987
-0.299929
-47.4172
12.0692
-16.5263
-13.9664
-40.8335
-11.5575
-12.9359
-10.9633
-6.92837
51.333
34.1646
16.4886