-9.66565
-23.4706
-20.571
-17.4222
-21.871
-36.1438
-33.6754
-28.9674
-24.9454
-23.948
-19.1389
4.30842
-41.1259
29.082
-5.41625
-4.49969
-1.46524
-9.29035
-2.74876
6.2558
-1.03533
1.69427
-4.19919
-2.93858
2.46064
0.748814
1.1642
-0.862278
-0.194364
4.19078
3.14363
-0.701209
-10.4553
0.992773
4.47782
3.38679
4.65267
-5.11767
-3.20815
3.47552
-4.73275
1.87734
-2.87154
-4.23447
-1.53082
0.959723
0.442666
-1.6514
-2.41146
0.609757
1.39888
2.64742
-0.875539
-11.6057
-0.388208
-0.43743
0.0103922
2.874
0.305093
4.79609
1.42864
2.04136
1.06895
-1.96843
-2.30551
-0.174026
0.258903
-4.08655
-2.27291
-0.419156
1.308
1.12759
2.14595
-1.68328
-0.129588
-1.98751
-5.20623
4.38987
1.39431
-4.1608
0.504344
-2.46123
-4.35983
-0.277
-2.36702
-8.81335
5.9403
5.651
2.01298
13.885
-16.1396
-24.2447
40.8803
-21.9647
-19.4961
-10.3809
17.1334
32.9531
22.9016
-18.9443
-49.7849
23.1535
53.4305
-39.2278
-15.6631
-1.26858
-6.87971
-12.2138
5.30563
58.6464
3.12275
-34.6123
-3.61567
-10.2614
-6.42174
-6.06724
-5.5377
9.48217
41.4956
11.1429
-21.1094
7.48523
6.77312
-3.87649
4.32727
-6.30124
-9.93084
-0.966503
-5.31686
-12.1149
-18.2204
-10.1963
0.330418
17.6027
14.9724
1.34656
-4.63162
23.5923
9.89624
-26.0958
-12.9539
0.933567
6.12617
1.30485
19.9044
4.8767
-16.8283
-1.75558
-6.51108
-13.3992
11.6868
-10.8712
-8.17988
10.1451
26.9105
-17.4642
-8.4354
-11.8523
1.18232
13.5288
-1.23932
10.0186
1.20657
-2.22939
-5.09138
-7.17242
-4.41406
-3.38776
6.81745
-0.638206
13.2348
3.94678
-13.8106
-2.61777
5.05288
3.63533
-2.88385
6.09085
4.67211
5.30505
-12.835
-19.2036
-0.962738
27.3725
-0.308824
-7.2834
-2.83781
-0.616828
0.913659
-8.08069
1.01469
12.4734
12.0955
-13.3733
-1.38121
-7.79196
1.80128
6.24802
-1.02583
-6.91101
-6.23303
-3.377
-33.2964
67.065
-25.3852
-25.3756
46.7904
0.96261
-5.45192
-16.2669
-5.8593
16.022
-8.77014
1.78584
-2.93441
26.5698
6.01336
-65.508
7.51969
7.77846
19.5195
4.12851
9.45767
-7.68308
-0.8003
-5.018
-7.97747
4.81357
6.19885
3.03831
18.539
-0.564317
-5.24752
-3.46555
2.97829
0.20154
5.12047
-4.6592
-5.76365
-1.57974
-6.19317
-6.6234
-1.98531
-0.89537
-0.771071
11.5772
4.39062
8.4149
-7.15421
-7.28404
-7.63922
4.82477
-4.88342
-8.61113
6.52644
0.646933
4.95688
4.93529
-2.244
-1.86337
-1.51592
5.07226
0.380603
-1.23249
11.8696
0.150888
-8.06209
-8.67899
5.59586
10.3665
-3.79002
5.14253
-10.3238
-12.9167
-6.09521
-5.78188
8.14962
9.53628
6.77156
-1.90112
0.763252
-2.23161
-2.59865
11.405
5.85875
0.385397
2.31721
-8.45566
-3.00035
-12.6472
-16.2827
18.9189
9.91252
-0.135865
-5.4158
-10.2827
-2.28729
-0.0601533
-4.83324
18.7587
10.3544
-0.325962
-13.9791
7.21839
-1.39724
-9.75844
-18.4864
-1.09865
8.23212
-1.53251
10.1212
0.581299
-2.80957
-21.9432
-6.92841
15.7668
-22.0103
-13.6822
14.3663
-8.66574
24.3612
20.888
8.82266
-0.948783
-14.4694
21.5753
4.6669
-26.387
-3.54306
2.62159
5.28208
-1.1643
-22.1036
48.8279
7.0828
13.3883
-20.9585
7.21915
-13.0742
-19.6132
3.34244
18.1329
1.54544
-0.642366
-15.1975
-4.70102
-1.3605
13.1899
8.54127
-6.71082
-3.1427
-2.63467
-8.38705
5.82697
7.40818
-5.10553
9.89004
7.013
-18.534
-18.1951
-1.85547
2.35555
-8.92512
1.42145
1.3718
12.522
22.6112
4.26417
1.86026
-14.2704
-27.7766
3.34695
-3.85748
15.5306
21.188
5.50108
11.3674
8.46262
-24.7132
-12.1235
15.9136
-17.8852
-7.08831
8.23164
26.3877
-24.0966
-5.47306
-15.8824
13.8164
11.1957
-3.74423
-20.4393
6.30323
35.7149
-2.24036
-2.16029
23.4969
-11.5436
-4.56618
-5.91051
1.59522
-0.539936
3.92136
-7.81261
-5.70764
-11.4938
3.8366
8.00716
25.7933
-0.97387
-7.08717
-4.20403
-26.3193
-30.6355
85.0765
4.83418
-6.76219
-22.5609
54.7684
-45.2791
31.3174
-41.781
32.5955
-17.8673
-5.61277
-1.00559
-2.38729
-12.6657
-5.22856
1.76678
-17.3926
-19.1912
40.7774
20.1888
-15.5642
2.53001
33.5247
-78.2802
22.1256
5.37234
-2.69288
-13.5371
5.42208
13.2123
15.0093
10.9038
-9.02183
-17.893
2.25638
-0.861724
9.23482
17.2597
-11.3661
-0.845696
-12.5129
7.12256
-19.0083
23.2675
-4.06346
-0.60565
-6.31197
-8.55996
-5.24847
8.43296
3.98858
3.44421
-0.901152
-1.06681
-4.12093
-2.13506
7.67842
5.43835
-9.31532
-1.26083
6.26962
0.382771
-9.67094
-5.37724
-7.03402
1.03506
5.98362
5.30219
5.56186
-1.08946
2.89296
-6.01488
10.9556
-6.49578
-8.81096
1.3758
6.32185
-1.05381
3.52168
-1.80515
14.6585
7.86522
-16.4252
3.77986
26.3137
-24.7385
-11.5926
-9.26268
8.87494
9.31998
0.429581
3.52292
4.53091
1.2707
0.972508
-22.7511
2.72667
5.91421
-1.52786
-3.76897
-0.852949
8.04473
5.5904
-0.696509
-7.58478
-0.567227
4.08202
1.35743
-9.58764
-4.3116
1.21422
-7.14645
4.46028
-5.48842
6.11141
2.9644
-0.830034
-5.64062
2.00156
-2.14195
-0.0826869
-3.68217
2.36792
9.15185
3.20943
8.79357
-7.03521
6.76197
-0.151427
-1.1129
4.5658
3.62674
-4.85558
-5.86023
4.5994
9.10674
0.676939
-2.82578
-4.6633
3.21709
-2.06811
-0.00178915
5.98831
2.3034
2.53403
-2.1595
-3.70475
12.1022
-6.84035
-7.30583
0.873228
-3.47593
0.584443
7.91602
3.17432
-4.75233
-2.55271
-8.36561
2.88597
7.75245
-2.62218
1.7665
0.823152
6.0584
15.9246
-32.7606
43.2949
-15.2394
-4.65343
2.36376
-7.04733
-40.7516
49.269
-11.2998
-0.363707
-9.2941
10.327
-2.4007
1.45982
3.489
-2.14857
4.35299
-0.561738
-5.20164
-0.125377
3.89824
1.88265
3.92009
-5.07321
0.357903
-5.74067
1.53215
-7.8979
2.77874
-7.13655
9.18683
-1.71963
-0.529854
-2.29838
-5.89951
-0.21044
4.39809
5.43978
5.71639
-0.826179
2.06075
4.01942
-3.5508
-6.44504
-4.22521
-2.82048
13.1171
-5.16348
-8.42886
-55.329
38.1237
136.26
-55.2348
-29.389
-11.612
-3.69822
-6.02072
-2.07683
8.40001
26.8487
2.48938
-111.196
35.4054
19.7928
6.92544
8.64758
7.20355
-0.1071
1.48445
-0.0132554
-9.01076
-45.5386
58.8549
22.2397
-22.433
-23.7148
7.21921
33.3042
-16.7512
-8.17952
-0.061684
0.324187
3.01625
-2.66001
-7.76006
0.473329
-2.77389
-3.83327
-1.53516
-2.69469
43.2837
-19.8379
-4.4148
2.15071
1.78944
-4.52353
-2.57179
16.831
34.8394
-103.033
23.3957
5.97286
-1.1815
13.4813
21.3523
-8.9522
-6.75805
2.76637
-4.06372
-8.07605
-6.21162
2.63404
3.71295
-3.72081
-2.24007
1.307
17.4872
2.52905
-6.29155
-5.25925
-2.42196
2.12532
-12.2011
-6.42186
26.3608
-14.261
-9.7951
-4.32461
30.6025
2.47875
-29.3859
-36.4091
37.9393
77.0191
-36.4732
-17.3593
-3.04848
4.21272
4.87225
-1.96822
5.67106
-17.2921
-18.1328
-26.64
112.942
-32.0915
-13.7329
-8.44242
-5.81673
0.421712
-0.181264
-5.7275
0.821054
-6.00652
-1.79439
2.55917
-4.90575
-0.147661
0.689954
-9.85194
-3.37737
15.1135
1.51278
-3.09007
2.23056
-5.14943
-2.65601
3.45107
-8.98354
6.35369
-16.3329
-6.53655
-1.40898
6.40806
-13.4664
-18.407
97.844
-29.1409
-17.2934
-10.1683
-10.1317
12.9952
10.7059
-0.704734
-3.35065
-4.44671
0.776649
-11.3842
3.82756
17.2311
7.2937
-1.85712
3.76612
-0.511077
-3.34837
-8.15488
4.78629
1.02354
1.70493
0.969703
-0.437281
5.81175
6.11421
-6.04065
-11.1832
-0.386622
1.5456
9.39901
5.59501
-0.861909
-0.316484
-4.72696
-3.36099
7.59632
-0.0776741
-8.76073
-4.81388
-2.34547
-5.77318
9.59314
3.69412
-0.294087
-5.8144
-2.52499
5.31254
0.104693
-0.389194
6.79488
-2.81045
-0.115757
6.98112
-4.2375
-0.744055
-1.34198
-1.72271
1.03344
-2.54371
-3.39906
1.00476
6.43638
-1.53224
1.26237
1.31438
-3.44386
1.45237
-9.72104
-35.6415
91.5345
-11.6084
-20.8861
-10.3092
-5.53893
-1.55665
-4.71063
-1.48976
-13.2492
39.3991
-4.5049
-9.01855
3.10051
1.57936
-3.3927
-1.32916
-0.00214626
-7.03812
-6.73795
-0.881095
2.92361
-3.011
4.80247
3.5673
-2.76643
3.21579
1.5509
-4.30525
1.47834
6.17078
3.40564
-1.0706
-4.01501
-0.839599
-1.53794
3.17163
-0.877817
-3.72921
-3.8416
1.20434
-3.42255
-1.11881
4.19407
0.962084
5.47219
-11.6714
0.101542
-0.316852
-2.956
3.93098
3.046
-3.30011
1.01384
-2.5558
2.11154
4.93227
-0.475012
-0.354902
-1.32957
-2.71698
2.30247
0.0920504
-0.126639
0.269468
4.29825
-4.16192
2.99025
-5.41594
2.17166
2.80089
-13.1927
-11.6814
59.7115
-2.65405
-4.71021
-9.39168
-0.670667
5.38715
27.2344
-46.801
-6.46054
6.40703
3.9534
-11.6673
-1.91087
-16.5675
43.8698
10.7514
-16.1064
0.138222
-1.97275
-0.78843
-4.60152
3.35247
-0.583837
-2.29587
3.29404
-4.06005
-1.97766
0.329887
-7.70994
10.1668
0.751811
-3.89076
-10.1732
3.77518
1.37886
-6.44715
-1.50231
20.8009
-5.16223
-10.2773
0.656226
5.86764
-10.6069
-9.68256
24.206
13.1651
-14.0838
-6.25811
-9.30615
13.1798
1.48646
1.01062
5.62292
21.5309
0.528491
-14.6306
-4.28108
-1.32261
2.74331
-3.30544
-14.9656
0.017528
-10.6917
-15.1875
-15.6021
-10.0865
21.2772
12.4608
0.468252
-2.75482
5.22428
14.2239
-2.32968
-8.05057
-1.82667
3.64489
-3.67068
-11.156
-0.488085
-22.8857
-6.75292
4.09844
8.00597
1.33632
-11.1106
10.932
9.73366
18.6344
6.14614
3.49567
-5.25229
-1.23774
-2.52389
19.2827
1.36498
-3.54923
5.87297
1.03443
15.7597
11.7678
-10.964
-22.0411
-15.4676
3.49678
5.85792
8.58042
-16.9298
-9.83374
-9.77315
-1.35426
16.8905
6.11462
4.50504
-3.82009
-3.63539
1.8588
6.39595
4.47265
0.814939
1.4823
-3.6877
-0.549317
0.110352
1.04415
0.654878
3.48726
0.644012
-2.5451
-6.12588
3.85051
-1.61897
-3.22367
0.343003
1.56892
-3.39213
0.907472
-2.14197
-3.82984
4.10249
5.38969
13.3032
2.75646
-6.39221
-5.86441
0.89616
-1.35737
2.75115
-1.56517
-1.23579
9.31025
-11.0104
-9.76786
1.86787
8.49153
2.50648
7.59913
-11.5609
3.54738
-8.11653
5.9693
5.4679
-6.265