5.25148
5.17751
4.73373
4.84467
4.88166
5.06657
5.10355
5.17751
5.28846
5.17751
4.9926
5.17751
4.95562
5.76923
5.51036
5.28846
5.6213
5.47337
5.54734
5.28846
5.54734
5.28846
5.54734
5.76923
5.17751
5.54734
5.14053
5.39941
5.43639
5.51036
5.6213
5.32544
5.28846
5.32544
5.73225
5.58432
5.51036
5.95414
6.06509
6.10207
6.17604
6.10207
5.95414
6.06509
6.06509
5.99112
5.95414
5.8432
6.06509
5.80621
5.65828
5.88018
5.99112
5.8432
5.8432
5.69527
5.47337
5.54734
5.58432
5.73225
5.65828
5.76923
5.47337
5.51036
5.80621
5.69527
5.8432
5.36243
5.69527
5.51036
5.58432
5.8432
5.99112
5.88018
6.06509
5.65828
6.13905
6.13905
5.69527
5.91716
6.43491
6.10207
6.06509
5.73225
5.99112
6.17604
6.25
5.32544
4.40089
4.62278
4.88166
5.32544
5.17751
5.25148
5.14053
3.5503
3.77219
3.69822
3.73521
3.69822
3.43935
3.51331
3.29142
2.99556
2.95858
2.81065
2.81065
2.73669
2.47781
2.88462
2.95858
5.73225
5.25148
5.88018
5.65828
5.28846
5.39941
5.91716
5.8432
8.13609
7.80325
7.54438
8.28402
7.72929
7.76627
7.65533
7.61834
3.77219
3.92012
3.84615
3.84615
3.92012
3.99408
3.5503
3.58728
3.40237
3.5503
3.14349
3.21746
3.29142
3.14349
3.3284
3.21746
3.21746
5.91716
6.06509
6.58284
6.47189
6.91568
6.98964
7.10059
7.61834
9.94822
10.2071
10.1701
10.6139
10.8728
10.6139
10.7249
11.0577
10.2811
10.0222
10.0222
10.355
9.68935
9.50444
9.87426
9.09763
8.50592
8.87574
8.65385
8.5429
8.06213
8.21006
7.98817
7.95118
6.95266
7.35947
7.47041
7.39645
7.02663
7.58136
7.61834
7.21154
7.72929
9.94822
9.91124
10.2441
10.355
10.0962
10.1331
9.68935
9.46746
7.65533
6.8787
7.10059
6.43491
6.84172
6.6568
7.02663
6.73077
5.14053
5.14053
5.25148
4.84467
4.88166
4.54882
4.62278
5.14053
6.17604
6.06509
5.76923
5.91716
5.76923
6.13905
6.36095
6.47189
5.76923
6.10207
7.10059
6.98964
7.39645
7.2855
7.2855
6.80473
6.8787
7.9142
7.87722
8.21006
8.35799
8.80178
8.91272
9.31953
8.65385
4.73373
4.9926
5.06657
4.62278
4.65976
4.47485
3.9571
3.84615
6.10207
5.65828
5.32544
5.02959
4.51183
4.25296
4.84467
5.02959
7.5074
8.06213
8.43195
8.57988
8.5429
8.91272
9.02367
9.54142
10.503
11.5015
11.9453
12.3891
12.463
11.4645
11.0207
11.2426
9.98521
9.91124
9.8003
9.5784
9.76331
9.43047
11.3536
11.0577
10.9837
5.28846
5.43639
5.43639
5.6213
5.6213
5.58432
4.91864
4.84467
6.25
5.76923
5.95414
5.73225
5.58432
5.80621
5.54734
5.51036
6.80473
7.10059
7.39645
7.2855
7.76627
7.47041
7.32249
8.69083
11.4275
11.3166
12.0192
11.5385
10.9837
10.9467
10.392
10.318
10.9837
10.503
10.9098
11.2426
11.2056
11.1317
11.1686
10.6139
11.4645
7.80325
7.95118
7.80325
8.13609
8.32101
8.61686
8.61686
8.21006
4.40089
4.40089
4.40089
4.40089
4.54882
4.5858
4.5858
4.40089
6.13905
6.28698
5.99112
6.17604
6.06509
6.02811
6.76775
6.54586
6.25
6.50888
6.25
6.02811
6.02811
5.8432
6.06509
5.95414
9.76331
9.54142
9.72633
9.83728
10.2811
10.355
9.72633
9.72633
7.61834
7.72929
7.65533
8.17308
7.61834
8.02515
7.69231
7.76627
7.69231
7.39645
7.47041
7.43343
7.2855
7.24852
6.95266
7.32249
7.13757
7.32249
6.80473
6.76775
6.32396
6.69379
6.91568
6.58284
6.69379
6.76775
6.54586
6.8787
6.95266
6.8787
6.8787
6.91568
6.98964
6.80473
7.5074
7.10059
7.24852
7.54438
7.21154
7.21154
6.76775
4.17899
3.99408
4.17899
4.10503
4.06805
4.17899
4.06805
4.17899
2.66272
2.6997
2.51479
2.44083
2.55178
2.47781
2.55178
2.58876
2.32988
10.429
10.5769
10.7988
11.2796
10.7988
11.4275
11.3166
10.7988
5.8432
5.91716
5.51036
5.58432
5.43639
5.36243
5.73225
5.73225
6.21302
6.54586
6.17604
5.39941
4.95562
5.14053
5.25148
5.73225
6.25
6.02811
6.98964
6.25
6.17604
6.32396
6.43491
5.6213
6.39793
6.61982
6.80473
6.80473
7.02663
7.13757
7.17456
7.39645
7.54438
6.32396
5.51036
6.13905
5.95414
6.06509
5.43639
5.80621
5.80621
5.91716
6.54586
6.69379
6.58284
6.76775
6.43491
6.36095
6.84172
5.80621
5.80621
5.47337
5.25148
5.10355
5.32544
5.51036
5.6213
5.95414
5.36243
5.54734
5.39941
5.17751
5.32544
5.69527
5.10355
6.54586
6.43491
6.02811
5.99112
6.47189
6.17604
6.25
6.39793
6.95266
6.6568
6.8787
6.84172
7.21154
7.13757
6.84172
6.6568
7.02663
8.50592
8.83876
8.69083
8.72781
8.83876
9.02367
8.5429
8.9497
7.80325
8.17308
8.39497
7.87722
7.72929
8.32101
7.95118
8.80178
7.65533
8.57988
8.91272
9.20858
8.87574
9.28254
9.46746
9.20858
10.8728
10.8358
10.318
10.8358
10.5399
11.2796
10.6879
10.355
12.9808
11.9822
11.8343
11.7973
11.3536
11.5015
11.5754
12.1302
11.4645
11.6864
11.5015
10.2071
9.68935
9.76331
9.72633
9.5784
9.20858
9.09763
8.57988
8.61686
8.28402
9.13462
9.13462
9.09763
9.83728
7.2855
7.02663
6.8787
7.02663
6.8787
7.10059
7.54438
7.43343
5.80621
5.32544
5.88018
5.25148
5.47337
5.69527
6.02811
5.43639
6.54586
6.28698
6.43491
6.06509
5.91716
5.80621
5.73225
5.76923
4.32692
4.17899
3.99408
3.62426
3.36538
3.14349
3.47633
3.5503
3.25444
4.10503
3.9571
3.9571
3.62426
3.62426
3.36538
3.62426
3.77219
6.10207
5.58432
6.25
6.39793
6.73077
6.54586
6.84172
6.58284
8.61686
8.69083
9.06065
8.24704
8.39497
8.39497
7.98817
7.76627
7.5074
7.65533
6.95266
7.06361
6.58284
6.47189
6.21302
6.69379
4.5858
4.28994
4.28994
4.03107
4.14201
4.32692
4.40089
4.21598
3.92012
4.06805
3.66124
3.36538
3.36538
3.47633
2.66272
2.44083
2.14497
2.07101
1.99704
2.10799
1.73817
1.92308
2.03402
2.36686
2.47781
2.88462
2.81065
3.21746
3.21746
2.77367
3.3284
3.43935
3.66124
3.92012
4.32692
4.91864
5.36243
5.54734
6.13905
6.76775
7.21154
8.35799
9.02367
9.39349
9.35651
10.0962
10.429
10.7988
11.4645
14.497
14.2751
14.497
14.3121
14.4231
14.3491
14.3121
14.1272
14.4231
14.4601
13.9423
13.9053
13.9053
12.8698
12.426
12.426
12.2781
11.4275
11.7973
10.9098
9.87426
10.1701
9.39349
9.39349
9.68935
8.80178
9.09763
9.09763
9.54142
9.76331
10.2071
10.5399
10.6879
7.76627
7.43343
7.43343
7.21154
7.5074
7.69231
7.61834
7.54438
5.51036
5.54734
5.76923
5.95414
6.06509
6.13905
6.43491
6.58284
6.80473
6.36095
6.43491
6.06509
6.43491
5.8432
5.65828
5.80621
5.06657
3.5503
3.5503
3.40237
3.3284
3.80917
3.58728
3.21746
3.06953
4.5858
4.25296
3.88314
3.80917
3.58728
3.5503
3.47633
4.10503
6.73077
7.2855
7.21154
7.9142
7.61834
7.61834
7.54438
7.5074
8.87574
8.69083
9.09763
8.35799
8.91272
8.98669
8.46893
8.02515
7.02663
6.69379
6.80473
6.28698
6.25
6.02811
5.65828
5.65828
5.65828
4.21598
4.32692
4.17899
4.17899
4.21598
4.17899
4.03107
3.99408
3.69822
3.62426
3.29142
2.58876
2.2929
1.99704
2.10799
2.18195
2.25592
2.07101
2.40385
2.18195
2.36686
2.62574
2.88462
3.25444
3.47633
3.5503
3.62426
4.03107
3.66124
4.10503
4.28994
4.21598
4.65976
4.80769
5.2145
6.13905
6.69379
7.32249
7.39645
8.28402
9.61538
9.46746
10.0962
10.355
11.0577
10.9467
11.7234
12.537
12.9438
13.9793
14.0902
13.9423
13.2766
13.4615
13.1657
13.0547
12.463
12.8328
12.8698
12.7959
12.6109
12.9068
12.2411
11.4275
11.1317
10.8728
10.6509
10.0962
9.76331
10.5769
10.1701
9.94822
9.76331
9.02367
8.91272
8.9497
9.50444
9.28254
9.5784
9.76331
10.0962
7.61834
7.9142
7.98817
7.21154
7.98817
7.95118
7.65533
7.5074
6.25
6.84172
6.80473
7.06361
6.95266
6.76775
7.58136
8.24704
7.65533
7.10059
6.50888
6.58284
6.28698
6.69379
6.25
5.8432
6.02811
4.54882
4.5858
4.17899
3.92012
3.77219
3.80917
3.25444
3.69822
4.28994
3.99408
4.54882
4.5858
4.06805
3.84615
3.62426
3.88314
7.43343
7.69231
7.87722
7.58136
7.69231
7.58136
8.13609
8.17308
10.5769
10.1701
10.2071
10.1701
10.0592
9.5784
9.43047
8.9497
9.61538
8.72781
8.50592
8.98669
8.13609
7.61834
7.43343
7.13757
7.10059
5.43639
5.58432
5.39941
4.84467
4.73373
5.28846
4.95562
4.65976
4.28994
3.92012
3.88314
3.88314
3.92012
3.99408
4.10503
3.73521
3.21746
2.99556
2.36686
2.40385
1.99704
1.92308
1.81213
1.88609
1.77515
1.77515
1.99704
1.96006
2.03402
2.2929
2.32988
2.55178
2.77367
2.9216
2.6997
2.84763
3.10651
3.29142
3.66124
3.73521
3.92012
4.21598
4.25296
4.73373
4.9926
4.9926
5.91716
6.76775
6.80473
7.61834
8.06213
8.61686
8.69083
9.61538
10.5769
10.0962
11.1686
13.4246
13.6834
14.8299
15.2737
14.9778
14.8299
15.1257
15.1997
15.4216
15.1257
14.9778
14.8299
15.1627
14.645
14.3491
14.3121
14.0533
14.571
13.5355
12.8698
13.0547
12.0932
12.0932
12.426
11.3905
11.2796
10.7988
10.9837
10.9837
11.5015
11.1317
10.7988
10.6879
9.1716
9.1716
9.50444
9.61538
9.1716
9.50444
9.02367
9.43047
7.21154
6.98964
7.13757
7.24852
6.39793
7.21154
6.84172
7.13757
5.88018
5.28846
4.91864
5.25148
5.2145
5.65828
5.8432
5.91716
6.76775
6.21302
5.91716
5.76923
5.91716
5.6213
5.69527
5.76923
4.5858
4.03107
3.99408
3.84615
3.43935
3.43935
3.14349
3.62426
3.25444
4.10503
4.40089
4.36391
4.36391
4.65976
4.25296
4.14201
3.58728
5.25148
5.65828
5.47337
5.17751
5.76923
5.28846
5.69527
6.06509
10.2441
10.2071
10.2071
9.65237
9.31953
9.83728
9.87426
9.65237
7.98817
7.5074
6.98964
6.95266
6.61982
6.17604
6.47189
5.47337
4.17899
3.92012
4.03107
3.66124
3.99408
3.77219
3.5503
3.9571
3.58728
3.58728
3.62426
3.77219
3.99408
3.62426
3.77219
3.5503
3.5503
3.47633
3.29142
3.06953
2.66272
2.77367
2.44083
2.51479
2.2929
2.51479
2.6997
2.51479
2.84763
3.18047
3.3284
2.84763
2.95858
3.62426
3.73521
3.92012
4.36391
4.32692
4.73373
4.40089
4.62278
4.77071
4.69675
5.10355
5.54734
6.10207
6.76775
7.06361
7.13757
7.17456
7.54438
7.10059
8.02515
7.35947
8.09911
7.5074
7.76627
9.98521
9.39349
10.1701
9.61538
9.68935
9.54142
9.35651
9.06065
8.76479
5.69527
4.84467
4.80769
4.77071
4.28994
3.84615
4.25296
3.9571
4.88166
5.2145
4.73373
4.88166
4.32692
4.25296
3.62426
3.5503
3.5503
3.69822
3.66124
3.5503
3.40237
3.18047
3.58728
3.47633
4.5858
4.77071
4.84467
4.73373
4.77071
4.9926
4.88166
4.32692
5.73225
6.02811
5.73225
5.88018
5.88018
6.06509
6.10207
6.13905
6.25
7.9142
8.57988
7.72929
8.02515
8.35799
8.72781
9.02367
8.28402
6.95266
8.24704
8.46893
8.65385
9.50444
10.392
10.7618
12.0192
6.32396
6.39793
6.36095
6.54586
6.54586
6.39793
6.28698
6.80473
5.80621
5.76923
5.73225
5.6213
5.99112
5.28846
6.06509
6.36095
5.76923
5.36243
6.10207
5.43639
5.58432
5.17751
5.06657
5.54734
5.25148
5.43639
5.36243
5.73225
5.88018
6.21302
6.47189
6.17604
6.54586
10.9467
10.9098
11.2796
11.5015
11.5385
11.9822
12.3151
13.2396
13.4615
13.9423
13.9053
14.8299
14.2382
14.2751
13.9793
13.7204
13.7574
12.574
12.7959
12.9068
13.3876
12.0932
11.7234
11.6124
10.9467
10.2071
9.5784
8.87574
8.69083
8.50592
7.98817
7.84024
6.76775
6.50888
5.99112
5.32544
4.88166
4.54882
4.06805
3.73521
3.10651
2.84763
3.14349
3.10651
3.03254
2.73669
2.84763
2.44083
2.77367
2.10799
2.2929
2.18195
2.10799
2.07101
2.07101
2.25592
2.62574
3.03254
3.14349
3.10651
3.3284
3.58728
3.5503
3.62426
3.5503
3.62426
3.62426
3.88314
3.92012
3.88314
3.77219
4.06805
4.25296
3.84615
4.10503
4.25296
4.28994
4.21598
4.10503
4.28994
4.10503
5.76923
5.2145
5.91716
5.91716
6.39793
6.6568
6.6568
7.06361
6.58284
10.7988
10.5769
10.0222
10.6879
10.2441
10.5769
11.0577
11.1317
10.9467
11.2426
11.3905
11.3905
10.9467
10.9098
10.9837
10.6879
8.69083
9.06065
9.02367
9.20858
9.50444
9.8003
9.87426
10.2071
7.06361
7.39645
7.54438
7.98817
8.28402
8.13609
8.50592
8.35799
6.13905
6.58284
6.76775
6.84172
6.80473
6.47189
6.8787
7.17456
5.6213
5.54734
5.02959
5.17751
5.2145
5.43639
5.2145
5.02959
5.39941
6.43491
6.73077
6.69379
6.69379
6.6568
6.73077
6.61982
6.36095
5.32544
5.28846
5.10355
4.17899
4.40089
4.84467
4.9926
4.88166
6.36095
6.50888
6.73077
6.80473
6.98964
7.54438
7.80325
7.95118
10.6139
10.5769
10.392
11.6494
12.2041
12.2411
12.7219
12.6849
13.7574
14.682
13.8314
14.0902
13.7574
13.6095
13.8314
14.3491
13.9053
12.9068
12.537
11.9453
12.0192
12.6849
13.1657
12.463
12.426
11.2426
10.5769
10.6879
9.8003
8.5429
8.09911
7.95118
7.54438
6.10207
5.65828
5.43639
5.06657
5.06657
4.77071
4.51183
3.66124
3.40237
3.47633
3.29142
3.29142
3.10651
2.88462
3.14349
2.62574
2.73669
2.2929
2.21893
2.25592
2.44083
2.10799
2.40385
3.10651
3.3284
3.29142
3.40237
3.47633
3.51331
3.77219
3.62426
3.80917
3.73521
3.51331
3.3284
3.58728
3.62426
3.3284
3.69822
3.73521
4.10503
3.62426
3.80917
4.14201
4.17899
4.21598
4.43787
4.43787
4.36391
5.32544
5.43639
5.54734
5.6213
5.80621
5.69527
5.73225
5.54734
9.8003
10.318
10.0592
9.87426
9.83728
9.87426
9.35651
9.1716
9.65237
10.318
10.6139
10.2071
10.6139
9.68935
9.98521
9.87426
9.28254
9.09763
10.0222
10.0592
11.0947
11.1317
10.6879
10.7988
11.1317
6.80473
7.5074
7.54438
8.35799
8.24704
8.50592
9.02367
9.65237
5.51036
5.69527
5.39941
5.58432
5.06657
5.43639
5.43639
5.51036
7.02663
7.17456
6.54586
6.17604
6.36095
5.88018
6.47189
6.13905
6.47189
5.99112
5.58432
6.17604
6.02811
5.43639
5.54734
6.17604
5.8432
6.25
6.39793
6.58284
6.54586
7.17456
7.54438
7.47041
8.17308
11.0207
12.0932
11.8713
12.6849
13.4246
13.4985
13.8683
14.2012
15.1997
15.6435
16.3092
15.8284
16.3462
16.4201
16.2352
16.0873
15.7914
14.7189
15.0148
14.9778
14.1272
13.1657
12.3891
11.8343
10.9467
10.9467
9.98521
9.39349
9.02367
8.17308
7.21154
6.80473
6.02811
5.69527
5.02959
4.06805
3.99408
3.80917
3.84615
3.47633
2.81065
3.03254
2.9216
2.62574
2.77367
2.40385
1.99704
1.92308
1.92308
1.99704
1.73817
2.07101
2.62574
2.9216
3.25444
3.51331
3.66124
3.47633
3.40237
3.58728
3.69822
3.66124
3.62426
3.69822
3.9571
3.36538
3.40237
3.58728
3.69822
3.9571
4.10503
4.03107
4.03107
4.5858
4.5858
4.54882
4.65976
4.88166
4.80769
5.10355
5.14053
7.24852
7.58136
7.69231
8.24704
8.28402
8.17308
8.06213
7.95118
8.43195
11.2796
11.3905
11.7234
11.2796
10.392
10.6879
10.429
11.2796
9.39349
8.76479
9.20858
9.61538
9.28254
9.98521
10.7618
10.8728
7.76627
8.13609
7.58136
8.5429
8.46893
9.06065
8.98669
8.9497
6.32396
6.80473
6.73077
7.24852
6.8787
7.84024
7.47041
7.47041
5.73225
5.8432
5.8432
5.80621
5.28846
5.17751
5.28846
5.39941
7.39645
6.91568
7.17456
6.54586
6.17604
6.43491
6.43491
6.47189
6.80473
5.2145
5.28846
4.43787
4.54882
4.84467
5.2145
5.47337
5.8432
6.95266
6.95266
6.84172
7.35947
7.76627
8.32101
8.76479
9.06065
11.8713
11.9453
12.9438
12.5
13.2027
13.4246
13.9423
14.571
14.3491
14.3861
13.7574
13.7204
13.6095
13.6464
13.4985
13.1287
13.2766
12.7219
12.6109
12.2041
12.574
12.537
11.5385
10.9467
10.318
9.65237
8.9497
8.57988
8.13609
7.76627
6.58284
6.84172
6.28698
5.51036
5.43639
4.84467
4.47485
4.06805
3.69822
3.62426
3.43935
2.99556
3.10651
2.73669
2.84763
2.62574
2.77367
2.6997
2.2929
2.21893
2.18195
1.6642
1.62722
1.84911
2.03402
2.40385
2.55178
3.10651
3.10651
3.62426
3.84615
3.69822
3.88314
3.88314
4.06805
4.03107
3.84615
3.92012
4.32692
4.32692
4.36391
4.40089
4.77071
4.84467
4.95562
4.9926
5.47337
5.39941
5.69527
5.43639
5.47337
5.36243
8.5429
8.02515
8.69083
8.39497
8.32101
8.43195
8.39497
8.83876
12.2411
11.5015
11.2796
11.6494
11.4275
11.9083
11.4645
10.0962
10.6509
10.6879
10.6509
10.9467
10.6509
9.98521
10.2811
10.2811
9.28254
8.76479
9.06065
8.98669
9.02367
9.13462
9.87426
10.1331
7.61834
8.35799
7.9142
8.35799
9.02367
9.06065
10.0962
10.0592
10.6139
8.43195
8.5429
7.95118
7.98817
8.09911
8.98669
8.83876
9.06065
7.21154
6.28698
6.28698
6.95266
7.13757
6.58284
6.25
5.91716
7.5074
7.65533
7.21154
7.2855
7.06361
6.76775
7.2855
7.2855
6.13905
6.17604
6.39793
5.99112
5.54734
5.2145
5.39941
6.21302
6.21302
6.17604
6.61982
6.39793
7.06361
7.10059
7.47041
6.91568
7.2855
10.2071
11.5754
11.6494
11.9453
12.0562
12.6479
12.8328
13.1657
13.4615
14.497
15.0518
15.9024
16.753
16.4571
16.605
16.1982
15.9393
16.1243
15.1997
15.1997
14.8669
14.1272
13.4615
13.8314
12.6479
12.2041
10.7988
10.466
10.0962
9.24556
8.91272
7.95118
7.39645
7.24852
6.8787
6.17604
5.99112
5.43639
5.10355
4.77071
3.88314
4.17899
3.84615
3.73521
3.29142
2.9216
2.81065
2.84763
2.88462
2.84763
2.58876
2.40385
1.84911
1.96006
1.6642
1.84911
1.29438
1.59024
2.03402
1.92308
2.25592
2.36686
2.99556
3.06953
3.47633
3.51331
3.99408
3.80917
4.03107
4.06805
3.99408
4.21598
3.99408
4.17899
3.9571
4.25296
4.43787
4.28994
4.54882
4.32692
4.51183
4.10503
4.43787
4.36391
4.84467
4.80769
5.25148
4.95562
5.02959
7.13757
7.87722
7.24852
7.24852
7.58136
8.21006
8.28402
8.21006
8.24704
11.3166
10.9467
11.6124
11.3166
11.5385
11.5385
10.7988
10.6509
10.0222
9.87426
9.87426
9.31953
9.46746
9.5784
10.466
10.7618
7.84024
7.95118
8.72781
8.76479
9.1716
9.43047
9.65237
9.61538
6.8787
7.5074
6.6568
6.80473
7.21154
7.10059
7.21154
7.84024
5.51036
5.32544
5.6213
5.25148
5.25148
5.02959
5.36243
5.36243
5.06657
7.61834
7.43343
7.5074
6.69379
7.13757
7.10059
6.98964
7.13757
6.43491
5.6213
5.73225
5.54734
5.80621
5.80621
5.39941
6.10207
6.95266
6.80473
7.17456
6.95266
7.72929
7.98817
8.9497
9.06065
12.3151
13.2027
12.8698
12.8698
13.3506
13.6834
13.7944
14.4601
14.3121
13.9423
14.8299
15.1257
15.8284
15.4956
16.0503
15.0518
15.0888
14.2012
13.9423
13.9793
13.3876
12.7959
12.7589
12.463
12.0192
11.2426
11.1317
10.355
9.83728
9.72633
8.80178
8.72781
7.39645
7.10059
6.8787
6.25
5.58432
5.2145
4.91864
4.43787
4.06805
3.66124
3.40237
3.36538
3.03254
3.29142
2.9216
3.06953
2.9216
2.51479
2.44083
2.32988
2.18195
1.96006
2.25592
2.18195
2.25592
2.47781
2.77367
3.06953
3.66124
3.73521
3.73521
3.73521
3.77219
3.73521
3.73521
3.69822
4.03107
3.73521
3.9571
3.99408
3.73521
4.14201
4.21598
4.17899
4.17899
4.47485
4.62278
4.47485
4.40089
4.54882
6.25
5.88018
6.36095
6.39793
6.21302
6.43491
7.02663
7.17456
10.8358
11.7604
12.0932
12.0932
12.1672
12.2781
11.2796
11.2796
11.0577
10.5769
10.7988
10.318
10.7988
10.6879
10.7618
10.7618
8.17308
8.83876
8.9497
9.31953
9.72633
10.503
10.0592
10.0592
13.1287
8.17308
8.21006
8.24704
8.39497
9.43047
8.83876
9.31953
9.35651
7.06361
7.32249
7.43343
7.47041
7.5074
7.2855
7.58136
7.2855
6.76775
6.58284
6.61982
6.80473
6.8787
7.13757
6.61982
6.25
6.95266
6.21302
6.91568
7.21154
6.73077
6.76775
6.50888
5.6213
4.73373
4.84467
5.36243
5.17751
6.17604
5.6213
5.8432
5.25148
9.28254
9.43047
9.98521
10.355
10.9098
11.2426
12.2411
11.9822
12.6849
13.6834
13.4985
14.497
14.2751
14.571
14.8299
16.0503
16.2722
15.1997
16.568
16.1243
15.5695
15.1257
14.2382
13.7944
14.497
13.8314
14.3121
13.6834
13.2396
13.2396
12.6479
12.2781
11.7234
11.5385
11.2056
9.94822
9.24556
8.76479
8.32101
7.43343
6.95266
6.84172
6.32396
5.6213
5.32544
4.51183
4.10503
4.03107
3.5503
3.29142
3.14349
3.29142
3.18047
2.73669
3.03254
2.66272
2.40385
2.40385
2.36686
2.40385
2.21893
1.81213
1.88609
1.99704
2.32988
2.51479
3.03254
3.06953
3.18047
3.14349
3.36538
3.43935
3.36538
3.58728
3.62426
3.77219
3.92012
3.80917
3.77219
3.99408
4.14201
3.92012
3.84615
4.10503
3.9571
3.99408
3.88314
4.03107
4.28994
4.62278
5.69527
5.32544
5.58432
5.39941
5.8432
5.8432
5.43639
5.76923
6.28698
10.318
10.6139
10.9098
11.0577
10.7618
11.0577
11.3166
11.2796
10.6139
10.429
10.429
10.5769
10.6879
10.0962
10.0592
10.6509
8.72781
8.46893
8.28402
8.91272
8.35799
8.35799
8.39497
8.98669
7.69231
7.72929
8.80178
8.24704
9.35651
9.72633
9.46746
10.0962
8.21006
8.24704
9.20858
9.5784
8.98669
8.57988
8.76479
8.98669
9.13462
8.9497
8.32101
8.02515
8.24704
8.46893
7.76627
8.09911
7.80325
8.06213
7.13757
7.02663
6.95266
7.2855
7.06361
6.91568
7.35947
5.10355
5.2145
4.77071
4.91864
5.36243
5.2145
5.25148
5.6213
10.392
9.98521
10.2811
10.1701
10.7618
10.9837
10.7988
11.2796
11.9822
11.8713
11.9083
12.7589
12.9808
13.5725
13.9423
13.9793
12.574
12.7219
13.0547
13.1657
12.7959
12.9808
12.2411
12.1672
11.3536
11.3166
11.3536
11.0947
11.2796
10.6879
10.5399
9.72633
9.13462
7.5074
8.32101
7.06361
6.36095
5.6213
5.88018
5.25148
4.80769
4.43787
4.25296
3.77219
3.77219
3.40237
3.3284
3.18047
3.3284
3.21746
2.95858
3.47633
2.95858
3.21746
2.81065
2.58876
2.77367
2.81065
3.03254
2.88462
3.10651
3.21746
3.36538
3.69822
3.43935
2.6997
2.58876
2.40385
2.6997
2.62574
2.81065
2.66272
2.77367
2.9216
2.36686
2.25592
2.03402
1.96006
2.03402
1.77515
1.51627
1.51627
4.36391
4.84467
4.73373
4.9926
5.28846
5.06657
5.36243
4.9926
6.21302
5.69527
5.8432
5.95414
6.17604
5.43639
5.76923
5.54734
3.18047
3.03254
3.29142
2.66272
2.2929
2.21893
2.2929
1.96006
4.69675
4.62278
4.21598
3.99408
4.10503
3.73521
3.66124
3.69822
4.77071
4.62278
4.95562
4.95562
4.69675
4.91864
4.65976
4.91864
5.25148
3.47633
3.47633
3.77219
3.69822
4.14201
4.21598
4.14201
4.14201
7.06361
6.61982
6.76775
7.39645
7.02663
7.47041
7.17456
6.98964
8.24704
8.21006
8.28402
7.32249
7.06361
6.47189
5.32544
4.95562
4.40089
3.84615
4.21598
4.25296
4.03107
4.43787
4.47485
4.62278
4.06805
3.9571
4.36391
4.32692
4.32692
4.17899
3.9571
4.36391
4.47485
2.66272
2.25592
2.47781
2.55178
2.36686
2.6997
2.99556
2.99556
2.44083
2.73669
2.9216
2.95858
2.9216
3.06953
2.6997
2.40385
6.98964
6.61982
7.17456
7.24852
7.02663
7.54438
7.72929
8.09911
6.61982
6.73077
6.58284
5.8432
5.80621
4.84467
5.36243
4.91864
4.28994
3.92012
3.77219
3.5503
4.14201
3.66124
3.62426
3.69822
4.91864
4.80769
5.14053
5.02959
5.32544
5.02959
5.47337
5.39941
5.58432
2.95858
2.99556
3.29142
3.21746
3.25444
3.14349
3.40237
2.99556
1.92308
1.70118
1.77515
1.73817
2.14497
2.44083
2.44083
2.66272
6.28698
7.2855
8.28402
8.24704
8.24704
8.5429
7.61834
6.8787
2.6997
2.51479
2.9216
3.10651
2.55178
2.10799
2.18195
1.88609
2.73669
2.88462
3.18047
3.43935
3.51331
3.58728
3.5503
4.21598
3.9571
3.88314
3.77219
3.88314
3.73521
3.9571
4.03107
3.92012
3.69822
3.99408
3.92012
4.03107
3.5503
3.58728
3.43935
3.3284
3.69822
3.88314
3.69822
3.80917
3.73521
3.88314
3.69822
3.99408
3.51331
3.5503
3.66124
3.69822
3.62426
3.73521
4.03107
3.99408
3.58728
3.5503
3.92012
3.80917
3.77219
3.84615
3.66124
3.58728
3.69822
4.17899
4.06805
3.77219
3.43935
3.80917
3.99408
4.06805
3.58728
3.69822
3.84615
4.17899
4.06805
4.36391
3.73521
3.9571
3.9571
3.77219
3.29142
3.69822
3.51331
3.51331
3.29142
3.36538
3.3284
3.84615
3.80917
3.73521
3.58728
3.3284
3.58728
3.51331
3.58728
3.3284
3.5503
3.06953
3.40237
3.25444
3.03254
3.14349
3.10651
3.03254
3.06953
3.25444
2.99556
2.9216
3.40237
3.43935
3.06953
3.06953
2.95858
2.6997
2.88462
3.03254
3.10651
2.81065
2.66272
2.99556
2.95858
2.66272
2.62574
2.73669
2.9216
2.84763
2.66272
2.88462
2.62574
2.81065
2.9216
2.99556
3.10651
3.25444
3.18047
3.40237
2.99556
3.29142
3.29142
2.99556
3.5503
3.36538
3.47633
3.36538
3.51331
3.80917
3.58728
3.88314
3.77219
3.69822
3.66124
3.58728
3.77219
3.62426
3.62426
3.69822
4.10503
3.51331
3.92012
3.69822
3.58728
3.73521
3.47633
3.14349
3.21746
3.25444
3.51331
3.21746
3.47633
3.36538
3.25444
3.14349
3.3284
3.25444
3.21746
3.3284
3.3284
3.58728
3.06953
3.43935
3.18047
3.29142
3.14349
3.10651
2.99556
3.21746
3.03254
3.36538
3.10651
2.95858
3.21746
3.03254
2.99556
3.29142
3.77219
3.99408
3.92012
4.06805
4.10503
3.73521
4.10503
3.84615
4.21598
4.17899
4.65976
4.43787
4.40089
4.03107
4.10503
4.28994
4.06805
4.06805
3.99408
3.88314
3.99408
4.03107
3.73521
3.80917
3.99408
3.84615
3.73521
4.03107
3.92012
3.80917
3.9571
4.10503
3.84615
3.80917
3.9571
4.06805