5.28846
5.28846
5.69527
5.51036
5.28846
5.43639
5.17751
5.10355
5.54734
5.58432
5.80621
5.25148
5.10355
5.39941
5.32544
5.43639
5.47337
5.6213
5.51036
5.43639
5.14053
5.25148
5.6213
5.39941
5.10355
5.6213
5.69527
5.54734
5.47337
5.88018
5.47337
5.6213
5.95414
5.32544
5.69527
5.06657
5.58432
6.06509
5.99112
5.8432
5.54734
5.39941
5.39941
5.58432
5.2145
5.43639
5.76923
5.28846
5.54734
5.80621
5.80621
5.76923
5.73225
5.54734
5.95414
5.54734
5.2145
5.06657
5.76923
5.17751
5.32544
5.54734
5.2145
5.51036
5.25148
5.36243
5.54734
5.17751
5.32544
5.14053
5.06657
5.17751
5.58432
5.58432
5.17751
4.88166
5.2145
5.2145
5.6213
5.32544
5.43639
5.17751
5.14053
5.10355
4.9926
4.95562
4.84467
4.9926
5.69527
5.43639
5.36243
5.39941
5.6213
5.39941
5.10355
4.95562
5.17751
5.69527
5.32544
5.54734
5.51036
5.91716
5.99112
6.06509
5.51036
5.32544
5.99112
5.28846
5.73225
5.02959
5.02959
4.95562
5.47337
5.06657
4.77071
4.65976
4.54882
5.17751
5.2145
4.95562
5.14053
5.14053
4.65976
5.06657
5.32544
5.2145
5.28846
5.25148
5.10355
5.10355
5.47337
5.39941
4.80769
4.65976
4.88166
4.80769
5.02959
4.95562
4.65976
5.17751
4.77071
4.80769
4.80769
4.65976
4.43787
4.36391
4.14201
4.69675
4.77071
4.47485
4.25296
4.73373
5.2145
4.9926
4.47485
4.77071
4.36391
4.43787
4.36391
4.32692
4.32692
4.43787
4.54882
4.47485
4.5858
5.14053
5.02959
4.77071
5.2145
5.06657
5.43639
5.76923
5.65828
5.76923
5.6213
5.69527
5.69527
5.80621
5.47337
5.43639
5.54734
5.43639
5.69527
5.6213
5.91716
5.91716
6.06509
5.73225
5.91716
6.17604
6.28698
5.99112
6.32396
6.50888
6.10207
6.13905
6.50888
6.54586
6.76775
6.39793
6.69379
6.54586
6.36095
6.13905
6.36095
6.13905
6.13905
5.8432
5.80621
5.76923
5.73225
6.02811
5.88018
5.69527
5.47337
5.51036
5.91716
5.69527
5.88018
5.6213
5.2145
5.6213
5.28846
5.25148
5.47337
5.39941
5.43639
5.02959
5.39941
5.58432
5.2145
5.02959
5.39941
5.47337
5.54734
5.51036
5.43639
5.58432
6.06509
6.06509
6.47189
6.10207
6.17604
6.28698
6.36095
6.39793
7.84024
7.72929
7.5074
7.61834
7.9142
7.72929
7.87722
7.61834
8.09911
9.43047
9.72633
8.72781
9.50444
8.83876
8.39497
8.80178
8.87574
7.06361
6.95266
6.54586
6.91568
7.02663
7.32249
6.6568
7.06361
5.25148
5.2145
5.25148
5.2145
5.02959
5.02959
5.10355
5.2145
4.5858
4.65976
4.88166
4.51183
4.69675
4.5858
4.80769
4.40089
4.65976
4.95562
4.5858
5.17751
5.28846
5.43639
5.28846
5.39941
5.88018
5.36243
5.73225
6.06509
5.6213
5.91716
5.80621
5.8432
5.69527
5.91716
5.58432
5.76923
5.88018
5.95414
6.21302
6.10207
6.25
6.17604
6.28698
6.32396
6.6568
6.76775
6.76775
6.69379
6.76775
6.28698
6.28698
6.32396
6.02811
6.02811
5.88018
5.91716
5.91716
5.8432
5.54734
5.58432
5.36243
5.69527
5.58432
5.51036
5.43639
5.28846
5.14053
4.91864
5.02959
4.73373
5.06657
5.17751
4.9926
5.02959
5.14053
4.9926
5.39941
5.25148
5.25148
4.80769
5.06657
5.39941
5.39941
4.84467
5.58432
5.36243
5.73225
5.91716
5.6213
5.6213
6.73077
6.69379
6.73077
6.91568
6.91568
6.58284
6.61982
6.8787
9.20858
9.91124
9.68935
9.35651
9.39349
9.35651
9.8003
10.2811
8.9497
9.61538
9.39349
9.28254
8.61686
8.65385
8.5429
8.72781
6.17604
6.54586
7.17456
6.76775
6.8787
6.76775
6.80473
6.80473
6.80473
5.14053
5.10355
5.39941
5.10355
5.28846
5.36243
5.32544
4.9926
4.40089
4.32692
4.84467
4.62278
4.5858
4.54882
4.80769
4.84467
5.47337
5.47337
5.36243
5.28846
5.36243
5.06657
5.58432
5.02959
5.58432
5.69527
5.58432
5.28846
5.80621
5.54734
5.69527
5.51036
5.80621
5.17751
5.43639
5.10355
4.95562
5.6213
5.43639
4.9926
5.32544
5.6213
5.2145
5.2145
5.51036
4.88166
5.17751
5.39941
5.02959
5.28846
5.14053
5.39941
5.39941
5.2145
5.2145
4.80769
4.88166
3.92012
4.5858
4.73373
4.73373
4.43787
4.80769
4.51183
4.65976
3.18047
3.62426
3.3284
3.18047
3.21746
3.29142
3.10651
2.99556
2.62574
2.07101
2.51479
2.2929
2.58876
2.55178
2.88462
2.40385
2.44083
2.51479
2.2929
2.44083
2.44083
2.32988
2.51479
2.44083
2.47781
6.02811
6.21302
5.76923
5.6213
5.25148
5.14053
5.10355
5.32544
8.46893
8.65385
8.61686
8.57988
8.83876
8.69083
8.87574
8.91272
8.83876
9.09763
8.65385
9.02367
8.61686
9.09763
8.83876
8.87574
4.77071
4.77071
4.88166
4.62278
4.65976
4.51183
4.80769
4.54882
2.95858
2.81065
3.14349
2.88462
2.88462
3.10651
3.10651
2.95858
3.14349
3.29142
3.3284
3.3284
2.99556
3.06953
3.25444
3.21746
2.99556
4.14201
3.92012
4.5858
4.10503
4.28994
4.36391
4.28994
4.21598
5.17751
5.65828
5.10355
5.02959
4.9926
4.73373
5.2145
4.80769
7.2855
6.69379
6.73077
6.8787
6.76775
7.02663
7.10059
7.43343
7.06361
6.54586
6.80473
6.80473
6.61982
6.61982
6.8787
6.98964
5.17751
4.95562
4.95562
5.10355
5.2145
5.54734
5.28846
5.17751
4.25296
4.03107
4.06805
4.10503
4.17899
3.99408
3.9571
3.5503
3.73521
3.29142
2.6997
3.18047
2.99556
2.95858
3.3284
3.47633
3.06953
3.66124
3.88314
3.80917
3.69822
3.5503
3.73521
3.77219
3.29142
6.76775
6.6568
6.50888
6.76775
6.95266
6.76775
6.61982
6.69379
9.20858
9.31953
9.76331
9.98521
9.8003
9.39349
9.20858
9.46746
5.65828
5.99112
5.6213
5.6213
5.69527
5.54734
5.54734
5.28846
5.58432
2.84763
3.10651
2.99556
2.58876
3.06953
3.14349
3.29142
3.47633
4.06805
4.17899
3.88314
3.9571
4.21598
4.40089
4.10503
4.65976
4.40089
4.51183
4.47485
4.40089
4.06805
4.40089
4.14201
4.17899
5.39941
5.17751
5.17751
5.2145
5.06657
5.25148
5.06657
5.17751
6.6568
6.69379
6.91568
6.28698
6.39793
6.84172
6.54586
6.17604
6.13905
6.54586
6.25
6.76775
6.36095
6.98964
6.32396
6.32396
5.99112
5.36243
5.06657
4.9926
5.25148
4.77071
4.9926
4.77071
4.51183
5.73225
6.13905
5.54734
5.76923
5.32544
5.2145
5.28846
5.65828
4.69675
4.69675
4.65976
4.73373
4.91864
4.51183
4.65976
4.54882
4.36391
4.14201
4.65976
4.25296
4.47485
4.40089
4.25296
4.17899
5.47337
5.8432
6.06509
5.99112
6.39793
6.91568
6.69379
6.80473
6.73077
8.43195
8.69083
8.72781
9.09763
8.98669
9.39349
9.50444
9.24556
4.95562
4.65976
4.95562
4.84467
4.54882
4.73373
4.54882
4.62278
2.03402
2.25592
2.25592
2.14497
2.07101
2.07101
2.14497
2.07101
2.25592
2.32988
2.03402
1.99704
2.40385
2.18195
2.2929
2.2929
3.99408
4.06805
3.99408
4.03107
4.25296
4.28994
4.17899
4.32692
6.76775
6.69379
7.2855
7.32249
7.32249
6.17604
7.06361
6.47189
6.84172
5.99112
5.54734
6.25
5.54734
5.43639
5.25148
5.25148
4.95562
5.80621
5.43639
6.10207
5.73225
5.88018
6.02811
5.32544
5.54734
6.69379
6.43491
6.58284
6.10207
6.17604
6.43491
6.21302
6.06509
5.51036
6.36095
6.13905
6.21302
6.21302
5.99112
6.17604
5.95414
5.95414
5.54734
5.6213
5.80621
5.6213
5.25148
5.28846
5.06657
5.80621
5.91716
5.69527
5.76923
6.02811
5.65828
5.32544
5.69527
5.28846
5.91716
6.25
6.43491
5.95414
5.95414
5.65828
5.6213
5.91716
5.80621
6.17604
6.10207
6.25
6.21302
5.73225
5.76923
6.17604
5.80621
5.17751
5.51036
5.76923
5.99112
5.99112
5.76923
5.51036
6.54586
6.39793
6.50888
6.73077
6.80473
6.6568
6.91568
7.32249
6.10207
5.8432
5.51036
5.47337
5.54734
5.54734
5.28846
5.69527
5.91716
6.28698
5.6213
5.54734
5.6213
5.73225
5.8432
6.10207
6.17604
6.02811
5.73225
5.95414
5.65828
5.10355
5.17751
4.95562
4.9926
6.10207
5.88018
6.02811
6.32396
6.50888
6.43491
6.61982
5.73225
6.17604
5.88018
6.17604
6.43491
6.36095
6.50888
6.21302
6.43491
5.39941
5.06657
5.69527
5.51036
5.06657
4.40089
4.91864
5.73225
6.28698
5.80621
6.25
5.80621
5.47337
5.39941
5.10355
5.39941
5.14053
5.91716
6.21302
5.99112
5.8432
5.65828
5.06657
4.88166
5.47337
5.80621
5.47337
5.54734
5.51036
5.32544
5.32544
5.28846
6.10207
5.95414
6.61982
5.2145
5.54734
5.51036
5.65828
5.65828
6.13905
5.28846
5.47337
4.88166
5.25148
4.77071
5.28846
5.10355
5.54734
6.02811
5.43639
5.6213
5.47337
5.47337
5.25148
5.76923
5.58432
4.9926
4.77071
5.10355
4.73373
4.9926
4.9926
4.5858
5.2145
5.06657
5.14053
4.80769
4.88166
4.62278
4.51183
4.51183
4.54882
4.21598
5.6213
5.73225
6.06509
6.32396
5.69527
5.6213
5.80621
5.54734
7.13757
6.95266
7.02663
6.76775
6.6568
6.8787
6.32396
6.32396
6.91568
6.98964
6.69379
6.80473
6.50888
6.17604
5.80621
5.47337
6.8787
6.43491
6.06509
5.99112
6.25
6.17604
5.8432
5.36243
5.2145
5.99112
6.39793
5.91716
5.54734
5.47337
5.25148
4.65976
4.65976
4.51183
4.28994
3.29142
3.25444
2.88462
2.14497
1.44231
1.55325
1.29438
1.29438
1.40533
1.14645
1.33136
1.47929
1.55325
1.6642
2.2929
2.03402
2.40385
2.6997
2.14497
2.32988
1.99704
2.03402
2.18195
2.21893
2.18195
1.96006
1.73817
1.88609
1.73817
1.55325
2.03402
1.88609
1.88609
2.10799
1.77515
1.59024
1.73817
1.44231
1.77515
2.07101
2.32988
2.18195
1.88609
1.96006
2.18195
2.2929
2.25592
2.07101
2.14497
2.14497
2.32988
2.32988
2.10799
2.2929
1.99704
2.25592
2.14497
2.18195
2.21893
2.18195
2.18195
2.21893
2.2929
2.14497
2.25592
1.92308
2.07101
2.25592
1.92308
2.25592
2.21893
2.21893
2.10799
2.14497
2.21893
2.25592
2.14497
2.32988
2.44083
2.51479
2.40385
2.36686
2.44083
2.55178
2.25592
2.58876
2.51479
2.44083
2.55178
2.62574
2.62574
2.58876
3.06953
2.73669
2.88462
2.81065
2.6997
2.62574
2.88462
2.9216
2.84763
2.81065
2.84763
2.88462
2.81065
2.88462
2.84763
2.99556
3.18047
3.21746
3.21746
3.51331
3.10651
3.03254
3.03254
3.47633
3.29142
3.80917
4.06805
3.9571
3.14349
3.3284
3.21746
2.95858
3.18047
3.21746
2.95858
2.95858
2.6997
2.58876
2.66272
2.81065
2.77367
2.9216
2.95858
2.95858
3.84615
3.58728
3.80917
3.9571
3.5503
3.77219
3.51331
3.5503
3.18047
3.29142
3.40237
3.29142
3.21746
3.14349
3.3284
2.95858
2.95858
3.14349
3.36538
3.21746
3.43935
3.62426
2.88462
2.99556
2.6997
2.66272
2.88462
3.10651
2.88462
3.03254
2.62574
2.81065
2.73669
2.25592
2.36686
2.62574
2.58876
2.58876
2.58876
2.66272
2.77367
2.81065
2.44083
2.40385
2.40385
2.36686
2.58876
2.62574
2.84763
2.88462
2.88462
3.03254
2.95858
3.3284
3.29142
3.14349
3.18047
3.21746
3.10651
2.9216
3.3284
3.21746
3.18047
3.10651
3.3284
3.18047
3.06953
2.73669
3.3284
3.25444
3.03254
2.99556
2.99556
3.10651
3.21746
2.95858
3.18047
3.29142
2.81065
2.77367
2.55178
2.73669
2.51479
2.73669
2.40385
2.32988
2.36686
2.73669
2.77367
2.66272
2.58876
2.77367
2.58876
2.88462
2.66272
2.9216
3.03254
2.99556
3.25444
3.73521
3.9571
3.69822
3.77219
3.84615
3.66124
3.99408
4.14201
4.69675
5.14053
5.47337
5.28846
5.6213
5.65828
6.06509
5.88018
6.25
5.91716
6.28698
6.39793
6.47189
6.98964
7.43343
7.47041
6.98964
7.17456
7.54438
7.35947
7.43343
7.84024
7.95118
8.21006
8.9497
9.02367
8.83876
9.35651
10.466
10.355
10.6509
11.5754
11.6124
11.7973
12.3891
12.9438
12.7589
12.9808
14.1642
15.1997
15.8284
16.4571
17.1228
18.4541
19.3417
21.6716
21.8565
23.2249
24.3343
24.1494
25.2219
26.3683
25.6657
25.3328
25.6287
26.2204
25.6657
23.6686
23.4837
24.1124
24.7781
23.7426
24.3343
24.4822
25.7766
15.4216
15.7914
15.6065
15.5695
15.3846
15.9763
15.8284
15.7175
15.4586
22.855
23.4098
24.2234
24.5192
24.963
25.4438
25.4068
25.2589
22.1154
23.003
23.4467
24.1494
23.2249
23.3728
23.2249
22.7811
24.7411
25.3328
26.3683
27.108
26.4793
27.6627
28.3284
27.2929
27.5518
28.0325
27.6257
27.6627
27.5148
26.8861
27.6627
27.108
27.8476
27.3669
26.8861
25.8136
26.8491
26.5902
26.6272
26.5902
25.8876
26.2944
25.6657
26.4053
26.3683
26.3683
25.9615
26.6272
26.1095
26.1095
26.4793
26.3683
26.9231
26.8491
25.6287
25.3698
24.5932
25.5547
24.6672
23.5577
23.4837
23.6686
23.2618
22.7441
23.0399
21.9675
22.5962
22.5222
21.8195
22.3003
22.3003
22.2633
21.9305
19.9704
20.2663
20.747
20.6731
20.6361
20.4512
20.0444
19.6006
16.605
16.9009
16.3462
16.2352
16.716
16.2722
16.679
16.679
16.3831
23.4467
24.1494
23.8536
23.4837
23.5207
23.2988
23.1139
23.003
24.2604
24.4453
23.6317
23.3358
23.1879
22.5222
23.4098
22.818
24.0015
24.6672
24.8151
24.7041
24.1124
24.1864
22.6331
23.1139
25
25
25.1479
24.6302
24.8151
24.4453
23.7056
23.9275
26.5163
25.7396
25.7027
26.1464
25.9985
25.2589
24.8521
26.0355
26.4053
25.6287
25.8136
26.1464
26.4423
25.7396
26.2944
26.5902
26.7751
26.5902
26.7012
26.7751
26.7012
26.3683
25.8506
25.7396
25.7766
26.7751
26.7012
26.1095
26.4793
25.9246
26.8861
25.7027
25.7766
25.7027
25.7396
26.1834
26.4793
26.2574
25.3328
25.037
25.5917
27.108
26.7751
27.2929
26.2574
26.7012
26.5533
25.9985
26.9231
26.0725
26.2574
26.3314
26.4793
26.5163
25.9985
26.7012
26.2574
26.4423
26.2204
27.6627
26.997
26.1834
26.8491
26.4053
27.071
26.2204
25
25.2219
25.4438
24.6672
25.2959
25.6287
25.7027
25.7766
25
25.2589
25.4808
26.0725
26.3683
26.7382
26.4423
26.997
24.8151
23.9645
25.074
24.7781
24.4822
25.5178
23.7796
24.1494
23.2249
23.5577
23.4098
23.8905
23.5947
23.8536
24.4083
23.9275
23.5207
23.8905
24.1494
23.7796
23.6686
23.4467
23.8905
23.6317
24.4822
24.1494
23.8536
23.7056
22.855
22.7811
23.1139
22.6701
23.4098
22.5222
23.0399
23.6686
23.6686
23.0399
22.7811
22.7811
22.5962
23.3728
23.4837
22.6331
22.818
22.3003
22.818
22.6331
22.0784
22.5962
23.0399
23.2618
23.3728
23.3728
23.4467
23.003
23.1139
22.7071
22.855
22.892
23.0769
22.966
23.2618
22.5592
22.5962
22.6701
22.818
22.7441
22.4852
22.818
23.2988
22.929
23.4837
22.4482
22.4112
22.5962
22.966
22.5222
22.4852
22.818
23.5207
22.4852
22.3743
22.855
22.2633
23.5947
23.3358
23.7056
22.6701
23.0399
23.7056
23.2249
23.1139
23.003
23.9645
23.3358
23.3728
22.929
22.7441
22.892
22.2633
22.4482
22.855
22.966
23.2988
23.2988
22.7441
21.8935
22.0414
21.9305
22.3373
22.2263
21.8935
22.7811
22.818
21.9675
21.9305
21.4497
22.1524
22.0044
22.1893
22.3003
22.3743
22.855
22.7441
22.0044
22.0414
22.3003
22.855
22.0414
22.5962
21.7086
21.4497
21.8195
21.2648
21.3388
22.1154
22.5962
22.1154
23.1509
22.7071
22.6331
22.5592
23.2618
22.892
22.855
22.4482
21.4867
22.0044
22.892
22.1893
22.1893
22.1154
21.5607
21.1908
21.8565
21.4867
21.8195
21.7825
21.9675
22.1893
22.1893
22.0044
21.7456
21.9675
21.4867
21.7086
21.8565
21.6346
22.1524
22.4852
20.9689
21.3757
21.9305
21.3757
21.9305
22.1893
22.5222
22.3003
22.2633
23.2988
22.1524
22.4482
21.8565
22.892
22.4112
22.818
23.003
22.5592
22.2263
21.7456
21.9305
21.4497
22.0044
23.0399
21.9305
22.929
22.0784
21.9305
21.3757
21.4497
21.9305
21.3757
21.8935
21.8565
22.2633
22.5592
22.818
23.3728
22.3373
22.3003
22.966
23.1139
23.0769
23.3728
23.7796
23.3728
24.1124
23.8536
24.7411
24.3343
24.1864
24.5932
24.5562
24.3713
24.1494
24.2973
24.5562
24.4083
23.7056
23.8166
22.966
23.8905
23.4467
24.2234
24.4453
23.5947
24.2234
24.8151
24.2234
24.5932
24.2234
23.7426
23.8536
24.3343
23.6317
23.2249
23.1509
22.892
23.0769
23.0769
22.6701
22.929
22.3373
22.4482
22.1154
22.7811
22.6331
22.929
23.2618
22.5962
22.3373
22.0044
22.966
22.4852
22.7811
22.0044
23.0769
23.2249
23.4837
24.1864
23.7426
23.0769
23.5947
23.5577
24.0754
23.4098
23.9275
24.5192
25.1479
25
24.1124
24.4822
24.4822
23.6686
24.2604
24.3343
24.4822
24.2973
24.5192
25.7396
24.963
24.5192
24.8521
24.5192
24.7411
25.8876
26.2204
26.8861
26.6272
26.0355
25.7396
25.3698
24.8151
25.2589
25.3328
25.2219
25.9246
26.2574
26.1095
26.4053
25.3328
25.4068
25.1109
25.3698
26.0355
26.7012
27.8476
27.7367
27.6997
27.8846
27.4408
26.8861
27.034
27.2559
27.6627
28.7352
28.0695
28.2175
27.5518
26.7751
27.182
26.7751
26.4793
26.2574
26.6642
27.4038
26.7751
27.108
26.2574
26.2204
26.1095
26.2574
26.997
27.108
27.4038
26.9601
26.997
27.2929
26.4053
26.2204
25.9985
26.2574
27.2189
27.6997
27.6627
27.5518
27.6997
26.7012
26.9601
27.6997
27.9956
27.8476
29.0311
27.4778
27.4408
27.071
26.9231
26.4423
25.9985
25.8506
25.7766
26.5163
26.2574
26.9231
27.4408
27.5888
27.6257
27.5518
28.3654
27.5518
27.6257
28.5873
29.105
28.6982
29.216
28.4393
27.5518
27.182
27.5148
26.6642
27.8107
28.3654
27.071
27.6627
27.8846
27.7737
27.4408
28.0325
27.7367
26.7382
27.4408
26.6272
28.3654
27.5518
27.4038
27.182
25.8506
25.3328
26.1095
25.8136
26.7751
26.3314
26.7751
27.2189
27.3669
26.3314
26.4423
26.4053
26.1464
26.4423
25.9985
26.5533
24.8521
26.4053
25.7396
25.3328
25.5917
26.4793
25.8136
27.4408
26.2574
26.5533
26.7012
27.2559
26.2204
26.6272
26.1095
27.145
27.182
27.2189
26.7751
26.8861
25.8506
25.8876
25.2219
25.7766
25.074
24.8151
25.5178
25.7027
25.2959
24.4822
24.0385
24.2604
23.3358
23.8166
23.6686
24.3713
25.1109
24.963
24.8521
24.8151
24.8891
25.2219
25
25.2959
24.7411
24.6302
24.963
24.2604
24.2973
25.3328
24.2973
23.3358
22.6701
23.6317
23.4467
23.8536
23.7426
24.2973
24.0754
24.6302
24.3713
23.8905
23.6686
23.4098
23.2249
23.6686
24.0754
23.7426
24.0015
23.3358
23.1509
24.4453
23.4467
23.7796
23.6317
23.6686
24.5192
24.963
24.4822
25.5178
25.2589
24.4822
25.4438
24.4822
24.6302
23.5947
24.2604
24.3713
25.3698
25.4808
25.5547
26.0355
26.3683
26.4793
27.034
26.2574
25.5178
25.6287
26.2944
26.7382
27.5518
26.7751
26.5902
24.1494
24.3343
23.8166
22.5592
22.6331
22.2633
24.2973
24.7781
23.7426
23.9645
23.4467
23.7056
22.7071
23.2988
24.6302
24.3343
25.1109
24.0015
23.8166
24.4083
24.3713
25.1109
24.1864
24.1864
23.1139
23.2249
23.2618
22.5592
23.003
22.892
22.7811
21.8195
21.8195
22.0784
22.7071
22.2633
22.0414
22.1154
21.4127
20.784
21.0059
20.932
20.932
21.1538
20.895
20.747
21.7456
20.895
21.1538
21.7086
20.784
20.3772
20.7101
20.3033
19.6376
20.5991
20.5621
19.7855
19.7115
19.5266
19.7485
19.2308
20.3402
19.4896
19.3787
19.3787
19.6376
19.4896
19.3417
19.4896
19.4157
20.1183
19.8225
19.3417
18.3432
18.5281
19.6006
19.2678
19.4157
19.5636
18.787
18.5281
18.8979
18.2322
17.8624
17.6775
18.2692
17.7885
17.8254
17.6405
18.0843
17.1228
16.753
17.1228
16.4201
16.5311
17.4926
17.0118
16.1243
15.3107
15.7544
15.6435
15.0148
15.6805
15.2737
15.6435
14.8299
14.8669
15.2737
15.3107
15.3107
15.4956
15.6805
15.4216
15.6065
14.9038
15.2367
15.5695
15.4216
15.0888
15.6805
15.6435
15.2367
14.9778
16.1243
15.4216
15.5695
15.0518
14.9778
14.682
14.8669
14.4601
14.1642
13.9423
13.8314
13.6464
14.0902
14.2012
13.8683
14.1642
14.3861
14.534
13.6464
14.2382
14.571
13.6095
13.7204
13.4615
13.5725
13.0178
13.3136
12.9808
13.3136
12.6479
13.2396
13.1287
12.9438
13.3136
13.6095
13.1287
13.4246
14.3861
13.4985
14.3861
14.2382
14.4231
14.608
14.4231
14.571
13.7574
13.9793
14.4601
14.3491
14.0902
14.1642
14.7559
14.4231
14.571
14.4231
14.8299
15.0888
14.8669
15.7175
15.6065
15.3107
15.1627
15.4216
15.4956
15.4586
15.8284
15.8654
15.2367
15.2737
15.8654
15.1257
16.0503
15.3476
15.4956
15.4956
15.6805
15.2367
15.6065
16.3092
15.4956
16.3831
16.4571
16.1612
16.3462
16.3831
16.605
16.1612
16.568
16.4571
16.4571
16.3831
16.2352
16.605
16.642
17.5296
16.605
17.0858
16.0503
15.8654
16.2352
16.3092
16.0873
16.3831
16.3462
16.642
16.9379
17.0858
17.1598
16.8639
16.9379
17.0118
17.2707
16.9749
16.642
17.5666
17.4556
17.0118
17.7145
16.605
16.8639
16.7899
16.8639
16.3092
16.679
16.0503
16.753
17.0118
17.2707
17.3817
16.8269
16.716
16.5311
16.9749
16.9009
16.679
16.1243
16.4941
16.7899
16.642
16.9379
16.9009
16.642
16.7899
16.5311
16.3092
16.4941
16.9009
17.4926
16.605
16.3092
16.4571
16.2722
16.679
16.3462
16.679
16.679
16.0133
16.605
16.1612
16.0503
16.4201
16.3831
16.8269
16.1612
16.0503
15.9393
15.9763
15.5325
15.8284
15.7544
16.0133
16.3462
16.1243
16.1982
15.8284
15.3846
14.3861
14.608
15.0518
15.7544
15.6435
15.4586
15.1997
15.0888
15.1997
16.0133
15.7914
15.6435
15.4216
15.7175
15.5325
15.6435
15.4956
16.605
15.7544
15.4586
16.0133
16.642
16.0503
17.0118
16.2722
16.4201
15.9763
16.9379
16.9379
17.1598
17.0858
17.5296
16.716
16.8639
16.605
16.2722
16.2722
16.8269
16.8639
16.1982
17.1967
17.0488
16.2722
16.8639
17.6775
17.0488
17.3817
17.0488
16.679
16.9749
16.9749
16.9379
16.9009
17.0118
16.753
16.9379
17.2337
17.3077
17.0118
17.3817
17.8994
17.2707
17.8994
17.8624
17.2337
17.5296
17.7515
17.2707
17.1228
17.1598
17.4556
18.0843
17.8994
18.4541
18.3802
18.824
18.8609
18.4541
18.75
18.8609
19.0459
18.5651
19.1198
18.8609
19.1198
19.0459
19.0089
19.1198
19.3417
19.1568
19.0459
18.6391
19.3047
18.9719
18.1213
18.3062
18.5281
18.1213
17.9734
18.0104
18.8609
18.3062
18.4541
19.0459
18.4911
18.1953
19.1568
18.713
18.1583
19.1568
18.9349
19.7855
19.7855
19.6006
19.0459
19.8595
19.5636
19.8595
18.9349
19.1568
19.6006
19.0828
19.1568
19.0089
19.1568
18.9719
19.4157
19.8225
19.4527
20.3402
20.2293
19.6746
19.7115
20.2293
19.6376
20.5621
20.747
21.1908
21.1538
19.6376
20.2663
19.9704
19.6376
18.9719
19.1938
18.5651
19.0828
19.2308
19.1198
19.4527
20.3033
19.2308
20.0074
19.6006
19.4157
19.3417
18.824
19.2678
19.4157
19.1568
18.8609
18.713
18.75
18.824
18.2692
18.6021
19.3417
19.5636
18.6021
19.0828
18.4172
18.6021
18.5651
18.75
19.1568
18.6391
18.9719
18.2322
18.713
18.8609
18.6021
18.4172
17.6775
18.4541
18.4911
19.1568
18.6391
18.8979
18.824
18.1953
18.3062
18.3802
18.9349
18.4911
17.8994
17.4556
17.0118
16.716
17.5296
17.5666
16.9749
17.1228
18.0843
17.3817
18.2692
18.2692
18.1213
18.1953
18.1213
17.4556
18.1583
17.8624
17.7885
18.1583
17.3077
17.8254
17.8624
17.1967
17.5666
17.5666
17.7885
17.8624
17.3077
17.4556
17.4556
17.5666
18.0473
17.8254
17.8624
17.6405
17.1228
17.6036
17.1228
17.4556
16.9749
17.8624
16.716
17.1967
17.5296
16.5311
16.3092
16.679
16.8269
17.0118
17.1967
17.2707
16.679
17.0488
17.4186
17.0858
17.1228
16.7899
17.5666
16.2352
16.9749
16.642
15.9763
17.2337
16.9379
17.1598
16.9379
16.8269
16.753
16.4571
16.9749
17.6405
17.5296
17.2337
16.8639
17.1598
17.5296
17.1967
16.9379
18.0843
17.4926
18.0473
17.8254
17.8994
17.5666
17.3447
18.6021
18.5281
19.2308
18.8979
18.6391
19.0828
17.7145
18.0473
17.5666
17.7145
18.4541
17.9364
17.8994
17.6036
18.3432
17.5666
18.0104
17.3817
17.1598
18.0843
18.4172
18.0104
18.4541
18.2322
18.2322
18.2692
18.1213
18.1583
17.5666
18.2322
18.2322
17.7515
17.4186
17.5296
17.8624
18.4911
18.1583
17.9364
18.6391
18.3432
18.1583
18.0843
18.75
18.5281
18.1953
18.787
18.1213
17.9364
18.2692
18.3432
17.9364
17.9364
17.7885
17.8254
19.1198
18.5651
18.713
18.8979
18.4911
19.0089
18.75
18.4172
18.3432
18.5651
18.1953
19.0089
18.9349
17.9364
18.8979
18.5281
18.2322
18.1953
18.0473
18.4541
17.8254
17.8994
18.2692
18.3432
18.2692
18.0843
18.6391
18.6391
18.4541
18.6021
18.75
18.2322
18.676
18.713
18.0104
18.1213
17.9364
17.7885
18.4541
18.8609
17.4186
17.9734
18.3432
18.1583
18.2322
18.8609
18.5281
18.6391
18.75
18.3432
17.6775
17.8994
19.1938
19.1568
18.3062
18.8609
19.3417
19.1198
18.1213
19.0459
18.9719
18.787
18.2692
18.4911
18.75
18.9349
19.2678
18.9719
18.713
18.787
19.0828
19.5266
19.1568
19.6376
19.8595
19.0828
19.2308
19.0089
19.7485
19.2678
19.3787
18.75
19.1938
18.676
18.8609
18.4911
18.4541
19.0089
18.6021
18.75
18.8609
18.8609
18.824
19.7855
19.8964
19.6746
19.6746
19.8225
19.9704
18.787
18.676
19.3417
20.3402
19.6006
19.6376
19.8595
19.2678
19.7855
19.4896
20.4512
19.8225
19.4527
20.5251
20.2663
19.9704
20.6361
20.2663
20.7101
19.8964
20.1923
20.3772
20.0814
19.8595
19.5266
20.5991
19.8225
20.0444
20.5991
19.8595
20.0074
20.0444
20.4512
20.6731
21.1908
20.6731
21.3018
21.1538
21.1538
20.747
21.1169
21.0059
20.4142
19.8964
21.1169
20.895
20.5621
20.747
20.4512
20.9689
20.5991
20.4512
20.2663
20.6361
20.747
20.5621
21.2648
21.0429
20.9689
20.6731
22.0044
21.0799
21.2648
21.7086
20.784
21.0059
20.6361
21.1908
21.6716
21.2648
21.1169
21.1908
21.4497
20.6731
20.5621
21.5607
21.5607
21.9675
20.9689
20.747
21.1169
20.858
21.4497
21.1908
21.5607
21.4867
20.932
20.895
20.858
19.7855
20.2293
19.8964
20.4882
20.7101
20.6361
20.7101
20.2293
19.8964
20.747
20.5251
21.1169
20.4512
21.0429
20.6361
20.9689
20.2293
20.5251
20.1923
19.9334
20.3402
20.1923
20.784
20.858
20.784
19.3787
20.1553
20.2663
20.0444
19.9334
20.858
21.2648
20.5621
20.4142
20.7101
20.5621
20.5251
21.0429
20.3402
20.3033
20.0814
20.7101
20.6731
20.6731
20.858
20.932
20.5251
20.5991
20.1553
19.6376
20.4142
20.5251
20.1553
20.1183
19.7485
19.3417
19.8225
20.2293
20.4882
21.0429
20.7101
20.4142
20.4142
19.9334
20.1183
19.9704
20.2293
19.4157
20.3772
19.8225
19.5266
20.2663
20.821
20.1183
20.4142
20.0074
20.1923
20.9689
20.895
19.9704
19.6746
20.3033
20.2293
20.3033
20.3033
20.4142
20.4512
19.8225
19.9334
20.4512
20.4882
20.4142
20.858
20.747
20.895
20.3772
21.0799
20.9689
21.1169
21.3757
20.3772
20.784
21.2278
20.6731
20.747
20.858
21.1169
20.5621
20.4142
21.1169
20.5621
20.5991
20.0814
20.9689
20.747
20.9689
20.784
20.3772
20.821
20.6731
20.5621
20.6731
21.3018
21.0429
20.3772
20.6361
20.747
20.6361
21.0059
20.932
20.821
20.0444
20.4512
20.3402
20.4882
20.5251
20.932
20.1553
20.4142
19.9704
20.858
21.0429
21.7086
21.4127
21.8195
21.1908
21.1538
21.4867
21.3018
21.4867
22.0044
21.7825
21.8565
21.8565
22.1524
22.4482
21.9675
21.5607
22.2263
22.0044
21.7825
22.6701
22.892
22.6331
22.929
22.6701
23.003
23.3358
23.4098
22.892
22.6331
22.5592
22.5592
22.2633
22.1893
22.2263
22.5962
22.6331
22.966
22.4482
22.5222
22.3743
22.2633
22.6331
22.3743
22.7811
22.1154
23.3358
22.3003
21.9305
21.4497
22.0784
21.7825
21.5237
22.1893
22.1524
22.2263
21.7825
21.8195
21.5607
21.7086
22.2633
22.5962
21.7456
21.8935
22.5592
22.4482
23.1509
22.3373
23.8536
23.2618
22.892
22.5962
22.4482
22.3003
22.4482
22.7811
22.2263
22.5222
21.3388
21.7825
21.6346
22.0414
22.5222
22.0784
22.4482
21.9305
23.1879
23.4837
23.0399
23.5207
22.7811
22.2263
22.855
22.2263
22.5962
22.6701
21.5237
22.4482
22.6331
22.818
21.6716
22.0784
22.2633
22.1154
21.2648
22.5962
22.5222
22.3373
22.7441
23.4467
22.855
23.2988
22.2633
22.1154
22.4482
22.5592
22.0784
22.0784
21.8935
22.0784
22.3373
21.7086
22.1893
22.4852
22.3373
22.4482
22.4482
22.2633
22.892
22.855
23.4837
24.1124
23.2249
23.1509
22.929
23.1139
23.2249
22.4852
22.1524
22.3003
22.0784
22.0414
22.1893
23.3728
23.0399
22.892
23.2618
22.966
23.1509
22.855
23.1509
22.6331
23.0399
23.2988
22.929
22.818
22.818
22.1154
22.1893
21.5976
22.6331
22.7441
22.2633
22.4112
22.892
22.6701
22.7811
22.6331
21.7825
22.2263
22.1154
22.3743
22.7071
22.5222
22.0414
22.3373
22.4482
22.5962
22.4482
22.1893
23.1139
23.3358
22.4852
21.7825
22.5222
22.7811
22.1154
22.3003
23.003
22.3373
23.3728
22.892
23.3728
23.4098
23.5207
23.7056
23.1879
22.929
22.7811
23.2988
22.5222
22.1893
22.3373
23.1139
22.7811
23.003
22.4852
22.2633
22.7441
22.929
23.3358
23.2988
23.6686
23.7796
23.4467
24.0754
23.7056
23.8536
23.9275
24.2973
23.0399
23.3358
23.1879
23.2249
24.0015
24.1494
24.2973
23.9645
23.4837
23.7056
24.2973
23.7796
23.7426
23.4837
23.4467
23.7056
23.6686
23.3728
23.6317
23.4837
22.855
22.7071
23.3358
23.0769
23.0769
23.6686
23.3728
23.3728
24.2604
23.7056
23.9645
23.4467
24.0015
23.5207
23.7426
23.7056
23.9645
24.3343
24.6302
23.6317
23.8905
23.6686
23.3358
23.0399
23.8536
23.3358
23.4837
23.4837
23.4837
23.2618
23.3358
23.2988
23.2618
23.3728
23.3358
23.7426
23.7056
23.3728
23.003
23.1879
23.0399
23.4467
22.7071
23.003
23.5207
23.4837
23.7426
23.003
23.2249
22.818
22.855
22.818
23.6686
23.6317
23.003
22.5592
23.6686
23.6317
23.3358
23.6317
23.4098
23.5577
22.5592
23.8536
23.0769
23.2249
23.0399
23.7426
23.8536
22.7071
22.7811
22.6701
22.7071
23.003
23.1139
23.2249
24.0385
23.7056
24.1864
24.0015
24.1494
24.4083
23.7796
24.2604
24.926
24.5932
24.3713
25.1109
24.5192
24.5932
24.0754
23.4837
25.1479
24.5932
23.6317
24.4083
25.2219
25
24.963
25.3698
25.2959
25.2959
25.9246
25.4808
25.5917
25.3328
25.2959
25.3328
24.8891
24.926
24.926
24.7411
24.963
24.926
25.7027
24.8891
25.037
26.0355
25.037
24.7781
25.3328
25.1109
26.2574
25.9985
27.108
25.9985
25.5547
25.5547
25.074
24.7041
25.1109
24.1864
24.3343
24.1864
24.7781
24.7781
24.6302
24.926
26.0355
25.6287
25.2959
25.1849
25.6657
26.2574
26.2204
26.1095
26.9231
25.6657
25.4808
25.5178
25.4808
24.4453
24.2973
24.8151
24.5932
25.074
24.1124
24.6672
24.2973
24.7041
26.3683
25.9615
26.5902
25.8506
26.8861
26.1095
26.0725
26.2574
25.6657
25.5917
25.4438
24.7781
24.6672
24.8521
24.963
24.1864
25.5178
25.2959
25.9615
25.8136
26.2944
25.5917
25.1849
25.3328
24.963
26.2204
25.7027
25.9246
25.4808
26.4423
25
25.5917
24.8151
24.926
24.3343
24.5192
24.3343
25.037
25.1849
24.8521
25.3698
25.4068
25.2589
24.2973
24.4822
24.4083
24.5932
24.3713
23.6686
23.7796
24.2234
24.2234
24.2973
23.5577
23.6686
23.8536
23.2988
22.1524
23.2988
22.855
23.1139
22.929
23.1139
23.6686
23.3728
23.9645
24.7781
24.2234
25.5917
25.5917
25.7027
25.5178
25.4438
26.5163
24.6672
25.5547
26.2204
26.1464
25.4808
25.8876
25.7396
26.4793
25.8136
26.6272
26.2944
26.1834
26.5533
26.7012
26.5163
26.9231
26.9231
27.5148
27.2189
26.5163
26.8861
27.2189
26.5902
27.6257
27.4038
26.9231
27.5148
26.5163
27.9216
27.5888
27.3669
27.2929
28.1805
27.5518
27.5518
27.5888
28.1805
28.4393
28.2914
27.6997
28.0695
28.8831
28.7352
27.9216
27.7737
28.0325
27.8107
27.8476
28.8092
28.6982
28.0695
28.2914
28.5133
28.5133
28.4393
28.6982
28.5133
28.4024
29.216
29.5858
28.8462
28.8831
28.3654
29.5858
29.4749
28.9201
29.3639
29.7707
29.6598
29.105
29.5858
29.3639
29.4379
29.7707
29.0311
29.5858
29.4749
29.7707
29.4379
29.9186
30.2885
29.5858
29.142
29.4379
29.068
28.8462
28.9201
29.216
28.7722
28.9201
28.4393
29.5858
29.6967
29.6967
29.7707
28.9201
28.5873
29.142
27.5148
27.8476
28.3654
28.6612
27.9586
28.4393
28.4393
28.6612
28.8092
28.3284
29.068
28.5873
29.253
28.9941
29.3639
29.4009
30.2145
30.4734
30.4734
30.4734
30.3624
30.5473
30.6953
31.324
29.105
29.253
29.9186
29.4379
29.105
29.3639
29.179
28.6982
27.9216
28.9201
29.068
29.7707
29.8077
30.0296
29.9926
29.8817
30.9541
30.6953
31.1391
31.9896
32.2855
32.9142
32.8772
32.5074
32.7663
34.0607
34.6154
34.8373
35.0962
35.1331
35.318
36.3166
36.3166
34.8003
35.0592
36.3166
36.1686
35.318
36.2056
35.7249
36.2426
36.1317
36.3536
36.5015
36.6124
36.4275
36.5754
37.1672
37.3151
38.4246
39.3121
38.1657
38.1287
39.1272
38.3506
38.4246
37.426
37.7959
36.6864
35.0592
34.9852
34.2825
34.6154
34.2456
34.0976
33.6538
34.4675
33.6908
33.2101
33.7278
33.5799
33.247
32.5814
32.3964
33.6169
34.1716
33.432
33.2101
32.4334
32.1006
31.6938
31.1021
31.1021
31.8417
31.5089
32.2855
31.5828
31.9157
31.6198
31.9527
31.287
32.1376
31.9527
32.2855
32.3595
31.9896
32.2115
32.7663
33.284
32.4334
32.3595
32.4334
31.6938
32.0266
32.6553
31.9896
31.7678
32.4704
32.8402
32.5814
33.395
32.2115
32.1006
32.7663
33.432
33.395
33.5059
33.284
33.0991
32.1746
34.3195
32.1376
33.5059
32.4704
32.6183
33.432
32.1006
32.5814
33.5799
33.358
32.8033
32.4334
32.8402
33.0991
32.9882
33.0251
33.432
33.4689
32.7293
33.8018
33.6908
33.6908
33.9127
32.7293
32.7663
33.432
33.284
32.5074
32.9142
32.7663
32.6553
33.7278
33.358
32.4704
33.4689
32.2855
32.1006
33.5799
32.7663
33.247
33.321
33.2101
34.3935
34.4305
33.4689
33.6908
33.395
32.9882
33.358
32.6553
32.9512
33.1361
33.7278
33.1361
32.7293
32.8033
31.9527
32.1376
31.6938
32.5444
31.5459
31.9157
32.5444
32.2115
31.3609
30.8802
31.7308
31.4719
31.6198
31.176
31.8047
31.8047
31.8417
32.4334
31.4719
31.7308
31.4349
31.5828
31.1391
30.8062
30.4734
30.6583
31.1391
31.0651
29.7707
29.8447
30.3254
30.5843
30.7322
30.7322
30.8062
31.1391
30.8432
31.0651
31.1391
30.4734
30.7322
30.9172
31.0651
31.324
31.8047
32.5074
31.8047
31.0281
31.6938
31.1021
31.0651
30.9911
31.287
30.7692
32.2115
31.6198
32.0266
32.6553
31.8417
32.2855
32.6923
31.4719
32.1376
32.1746
31.287
31.6568
31.6198
31.213
31.4349
31.324
31.4719
31.9896
31.8047
31.4719
32.2115
31.9157
32.1376
31.9896
31.9896
31.8787
32.6923
32.2485
33.1361
32.8402
32.6923
32.9882
32.5074
32.2855
31.8417
31.8787
31.9157
31.9157
31.3979
32.3964
32.1376
32.5074
32.1006
32.1746
31.9527
31.8417
31.1021
31.6198
31.324
32.2485
31.6568
31.25
31.6568
31.4349
31.25
30.2145
31.324
30.3994
30.7692
32.2855
31.4349
30.8432
31.4349
31.3979
31.25
31.4349
30.9541
30.3254
30.6213
30.7692
30.4734
31.213
31.0651
31.4349
31.8417
31.7308
31.176
31.3979
31.5828
31.3979
31.9157
30.6583
31.287
31.0281
31.1391
31.25
31.5828
31.3979
31.6568
31.6938
32.1376
32.5814
32.3225
32.1376
32.3225
32.7663
31.9896
32.1376
32.0636
32.2855
33.8018
32.5444
32.3595
33.7278
34.0237
33.6908
33.5429
33.7278
33.0251
32.5444
32.5074
32.8402
33.6169
32.8402
31.7678
32.5444
31.8787
31.5828
32.3225
32.4704
32.2485
32.1746
32.3225
32.1006
31.7308
32.6923
32.5074
31.5089
31.9157
32.0636
30.0296
31.287
31.3979
32.1376
31.8787
31.6198
31.0281
30.5843
30.5104
30.5473
30.6953
30.4734
31.25
32.2855
31.8047
31.9157
31.8417
31.1391
31.25
31.4349
31.7308
31.3979
31.7678
31.6938
31.4349
31.8417
32.5074
32.3595
31.5089
32.5814
31.3609
31.0651
30.3994
30.4364
30.2885
31.176
30.8062
29.9556
30.1405
30.2885
31.287
32.6923
33.4689
32.6183
32.5074
33.1731
32.6923
32.9882
33.1361
31.7678
32.4704
32.2485
31.6198
31.7678
32.0636
32.5444
32.1746
32.4704
32.1006
31.9527
31.6938
31.8417
30.8062
30.8802
31.6568
31.1391
32.2485
31.0281
31.6568
32.0266
32.3595
31.7308
31.5828
31.3609
31.8787
31.6568
31.25
31.1021
31.0651
31.25
30.8802
32.1746
30.6953
30.0666
30.6953
30.0296
30.7692
31.4719
31.8417
31.213
30.3254
30.6213
31.287
31.6198
31.7678
31.6938
32.0636
30.8802
30.9911
30.4364
31.287
32.0266
31.176
30.9541
31.6568
32.1006
32.9142
32.8772
32.2855
32.5814
32.9512
32.0636
32.8772
33.358
33.358
34.2456
34.9112
34.8373
35.0592
35.2811
35.355
35.1331
34.5044
34.7633
34.9482
34.9112
34.2825
33.5429
34.9112
34.9482
33.9127
34.5784
35.8728
35.0962
34.8743
35.0222
34.4305
34.5044
34.3565
35.318
34.7263
35.355
35.392
35.6509
36.9083
36.6864
36.4275
36.6124
36.0207
36.6494
37.6109
36.5754
37.1672
36.7234
35.6879
36.4645
36.6864
36.6864
36.6494
37.463
38.4246
37.5
37.3521
36.6864
36.8713
38.0547
36.7973
38.1287
38.1287
36.4275
37.9438
36.8343
37.2781
37.3521
36.3905
35.9467
36.3166
36.1686
36.6124
35.9098
36.0207
35.7988
36.2426
35.6139
35.9098
36.2796
35.7618
36.8343
36.1686
36.7604
37.0562
36.3166
36.3905
37.2781
36.4645
36.6124
36.2426
36.8343
37.537
37.9438
37.463
36.9083
36.9083
37.3151
36.7973
38.0547
37.6849
37.3891
37.537
38.0917
36.9453
37.6849
35.9467
36.2056
37.537
37.1672
37.0192
36.5015
36.9453
37.3891
38.2396
38.6095
39.3491
38.5355
37.5
37.2781
37.0562
36.2796
38.0547
38.3506
38.4985
36.7234
37.7219
37.7959
38.7574
38.5725
37.9068
37.5
37.9068
38.2396
37.5
36.6124
37.2411
36.3905
36.4645
36.8713
36.0577
37.6479
36.3536
37.1302
36.5015
36.5754
37.7959
37.3521
37.426
36.1686
36.5015
36.3905
36.4645
36.1317
36.0947
36.1686
36.1317
35.9098
35.9467
36.2426
35.9098
35.0962
36.0577
36.2056
36.9822
35.8728
35.8358
35.9467
35.8728
35.6139
35.6139
36.0207
35.7618
34.9852
35.2811
35.8358
36.0207
35.7988
35.6509
34.8373
34.1716
34.3935
34.9482
35.2811
35.503
35.9098
35.9467
36.6864
36.0947
35.1331
35.2441
35.355
35.7249
35.5399
34.8003
34.3935
33.6169
33.1361
33.5429
33.6538
32.9142
33.8388
33.9497
33.7278
34.2086
33.7278
33.4689
33.432
32.9142
32.2855
33.432
32.4704
32.9142
32.8033
32.1746
33.5429
33.6169
33.321
33.0621
32.5814
32.9512
32.5814
33.247
32.3225
33.2101
32.7663
33.432
33.1361
33.1361
34.4675
34.8373
33.9867
33.9497
34.4675
33.9497
34.7633
34.2456
34.5414
33.9497
34.2825
34.6524
33.7278
32.8772
33.2101
32.6553
33.321
33.432
33.2101
33.8018
33.6169
33.6908
32.9882
32.8772
33.2101
33.4689
34.0237
33.284
34.1346
33.9127
33.7648
34.1716
34.4675
35.318
35.0222
34.2086
34.8373
35.2071
34.9852
35.0222
34.3565
34.3935
34.4305
34.6893
35.1331
33.8388
35.0962
34.9112
33.247
34.9482
34.9482
34.9482
35.318
35.7618
35.1331
35.318
34.8373
34.9482
33.9127
35.1701
34.3565
34.4305
33.5429
33.5059
33.9867
34.1716
32.9882
33.0991
33.7648
32.9142
33.1361
32.8033
33.432
33.9127
33.7278
34.5044
33.9867
33.6908
33.5799
34.3195
33.8018
33.8757
34.5784
34.0976
34.9482
33.9127
33.395
34.0976
33.5799
33.1731
33.8757
34.1716
34.8373
34.5414
34.9852
34.9852
34.0607
34.4305
35.429
35.466
34.7633
34.7263
34.8373
35.0222
34.6893
34.9112
33.6908
34.8003
34.7633
34.5784
33.9127
33.8388
33.8018
34.3195
33.9497
33.247
33.8018
34.1716
33.6538
33.9497
33.8388
34.2825
33.7278
34.0976
33.7648
33.5429
33.8018
33.8018
33.7648
34.4305
34.3565
34.3195
33.247
34.0976
34.6893
35.2071
35.1331
35.503
34.9482
34.2825
34.5784
34.3195
34.8743
35.7988
35.7988
35.466
35.9837
35.0222
36.1686
34.6893
34.8003
35.466
33.7648
35.1701
34.6154
34.4675
34.8003
35.7249
34.7263
35.466
33.432
35.5769
35.466
36.5385
36.6124
35.0962
35.429
35.7249
36.0207
35.0962
34.1346
34.1716
35.1701
34.3565
33.6908
35.1701
35.318
35.0962
34.5784
35.429
35.0592
34.3195
34.7633
36.0577
36.0207
36.8713
35.8728
35.466
36.5385
36.0947
36.9822
36.9083
36.9453
37.463
37.7219
36.5385
37.3891
37.3151
36.5754
37.2411
37.0562
37.1672
36.3166
36.5385
36.7604
37.9808
38.6464
38.8314
37.6849
38.0917
38.2027
37.6479
36.9822
38.0547
38.2027
38.3876
37.6109
38.6464
37.8698
37.537
37.426
37.2411
36.9453
37.2781
37.2781
38.3876
37.3891
37.2781
37.426
37.3151
38.2766
37.574
37.0192
36.3166
37.1302
37.7219
37.426
36.7604
36.2796
36.0577
36.4275
36.2056
36.3166
35.6509
35.2071
34.5414
35.429
35.0592
35.8358
35.6879
36.7604
36.8343
35.9837
36.6124
36.1686
35.0962
36.3166
36.2056
36.7973
36.5754
38.4985
38.0547
37.3151
38.3136
38.2396
37.537
38.1657
38.0178
37.9068
38.0547
36.5385
36.9453
36.5385
37.9438
37.0562
36.3536
37.2411
37.6849
37.537
37.2411
37.574
38.4985
37.6479
35.6879
35.9467
36.9822
36.7604
35.8358
35.6139
35.8728
35.503
36.3536
35.7249
35.9467
35.7249
35.9098
34.6893
35.2811
35.5399
34.5784
34.2456
33.8757
34.5414
33.5429
33.1731
32.3225
32.9512
34.0976
32.9512
33.4689
32.2855
33.0251
32.6183
33.321
32.8402
32.9882
32.2115
32.3964
33.1361
32.6183
33.5799
33.7278
32.5444
33.395
33.395
34.2825
34.3565
34.9112
35.429
34.8003
35.2811
33.8018
33.9867
33.395
33.395
34.8373
33.7648
33.0251
34.9852
34.9852
33.6908
33.9497
33.247
33.9127
33.6169
32.8772
32.3595
32.9512
31.7678
31.4349
30.9541
30.3254
13.7204
13.7574
13.9053
13.7944
13.9423
14.1642
14.8299
14.608
15.0148
15.0888
15.7914
15.0518
15.3107
14.8299
15.4586
14.608
15.0148
14.534
14.2012
14.0902
13.8314
14.1272
14.4231
15.0148
12.6849
13.0178
13.2396
13.6095
13.9053
13.6464
13.2027
13.5725
13.2396
12.7589
12.3151
12.2041
12.537
11.5385
12.463
11.9822
12.6109
12.3521
12.574
12.7219
12.2041
12.3151
12.3521
12.0192
12.1302
12.0932
12.0932
11.9083
11.9822
11.3536
12.0932
11.1317
11.2426
13.3506
13.7944
13.7944
12.7219
13.4985
12.9068
13.1287
13.2027
12.9438
13.2027
13.5725
13.0547
12.9068
13.4615
12.7959
12.7589
13.3876
13.5355
13.0547
13.0547
13.3876
13.6834
12.5
12.9438
12.537
12.2411
11.9822
11.8343
11.5754
11.8343
10.8728
11.0207
10.8728
13.4615
13.0178
13.8314
13.9423
13.6464
14.0533
14.0533
14.2751
11.5385
11.6124
10.9467
10.7618
10.429
10.0592
10.466
10.2441
25.1109
25.4068
25.1849
24.7781
25.5547
25.1109
24.2604
24.4453
25.9985
26.3683
26.9601
27.3299
26.6642
26.1464
25.6287
24.6302
25.2589
25.7027
25.3698
24.2604
24.3713
24.1864
25.074
23.9645
24.4083
25.037
25
25.3328
25.037
25.037
23.7796
24.2604
24.4453
23.7426
23.5207
23.5947
23.3358
23.003
23.0769
22.5592
22.4852
22.4852
22.5962
22.855
22.5222
22.1524
21.4867
21.4867
21.2278
21.5237
22.6331
21.9675
21.1908
21.0799
19.5266
19.6746
19.1198
19.1938
18.4911
17.7885
17.5296
16.1612
16.3462
15.0888
15.7544
15.9393
16.1982
15.0888
15.4586
15.1257
14.8669
12.7219
12.2041
12.5
12.1672
11.3905
11.1686
10.503
9.61538
8.80178
9.43047
9.13462
9.20858
8.9497
9.13462
8.50592
8.61686
8.39497
9.43047
8.65385
9.46746
9.98521
9.68935
9.54142
10.1331
10.392
10.318
10.6509
10.9098
11.1686
12.463
12.3891
12.537
12.0192
12.7589
13.0917
13.7204
13.6834
13.4985
13.3506
13.7944
14.2751
14.7929
15.3107
15.4956
15.2737
15.3107
15.6065
16.679
15.9393
16.9009
17.0118
17.1598
16.716
17.2707
17.3077
17.6775
17.8994
17.8994
18.3432
18.3802
18.1213
18.1213
18.0473
18.4541
17.6775
17.3817
17.5296
17.8624
17.6775
17.8254
17.1598
18.0104
18.6391
18.1953
17.9364
18.8609
19.8595
20.2293
20.3402
20.2293
20.932
21.2278
20.9689
21.0429
21.0429
20.4512
20.3402
19.3787
19.3047
19.4157
18.9349
19.7485
20.0814
19.0828
19.3787
20.1553
20.895
20.895
21.0429
22.0784
21.7456
22.0044
23.0769
23.7426
23.0399
23.5207
23.7426
23.2249
22.7071
22.892
22.3743
22.4482
23.2988
22.892
23.3728
23.1509
22.818
23.1139
22.4482
22.0784
22.7071
22.4112
22.0784
21.7825
22.3743
22.1524
22.6331
22.6701
21.3757
21.0059
21.3018
20.3402
20.784
20.3033
19.4527
19.8225
19.8225
19.6746
19.2678
19.1198
19.5636
19.5636
19.7115
19.2308
19.4527
19.4896
19.6006
19.7485
18.9349
19.0459
19.2308
19.0828
18.5651
18.4541
17.9364
18.3432
18.2322
18.4172
18.75
17.8624
18.713
18.4541
19.3787
19.4157
19.1198
19.0089
19.9704
20.0814
20.0814
19.6006
19.4157
20.0074
19.8225
19.4157
19.1568
19.1198
19.3417
19.2678
19.0828
19.4527
19.9704
20.0444
20.4882
19.9704
19.8964
20.4142
20.4142
19.8964
20.4882
21.0059
20.0814
19.5266
20.0074
19.1568
19.5636
18.676
19.2678
18.5651
18.2322
18.0473
18.9719
19.1198
19.1938
19.7485
19.1568
20.5251
19.8225
20.5621
20.3033
20.3402
20.1183
21.0059
19.8595
20.0074
20.5991
20.3033
19.4527
19.7115
19.7855
19.3047
18.9349
18.75
19.7115
20.3402
20.4142
20.3772
20.0814
19.7115
20.0814
20.4142
20.3772
20.6731
20.3402
20.3772
20.1923
19.6006
19.3417
19.4157
19.0089
19.9334
19.3047
18.9719
19.1198
19.7485
19.8225
20.0074
20.5621
20.4512
20.0814
20.3772
20.6731
20.6361
20.3772
20.6731
21.1169
21.3757
20.1923
20.3033
19.9334
19.3417
19.7855
19.7855
19.2678
19.7485
19.7855
20.2293
19.6006
20.9689
20.784
20.895
21.2278
22.2263
21.7825
21.4867
21.3757
21.4867
21.3757
20.7101
19.9704
20.2663
20.5991
19.9334
20.821
20.7101
19.9704
19.7855
20.9689
20.2663
20.2663
21.4497
21.5976
20.821
21.0429
21.4127
21.1538
21.7086
20.6361
20.6731
20.6361
19.8964
19.0828
20.5621
20.3402
19.6746
20.6731
20.6731
20.0814
20.3402
20.1183
20.2663
20.0814
20.5991
20.747
19.4157
20.4512
19.7485
19.6746
18.9719
19.0459
19.8595
19.4157
18.9719
19.1938
18.2322
18.8979
18.6021
18.9719
18.4541
18.75
19.5266
18.787
19.2678
19.3047
18.9349
19.6376
19.1198
19.1198
18.9719
18.824
19.1938
18.3802
18.676
17.6775
17.6775
17.4556
17.1228
17.6036
17.0118
16.9749
17.5296
17.5666
17.6036
17.3077
17.6405
16.8639
17.7515
18.3432
17.6036
16.9379
17.2337
17.6775
17.6775
17.5666
17.5666
16.753
16.9749
16.3831
16.9009
17.3817
17.2337
17.1967
17.2337
17.7885
16.9379
17.3077
16.753
16.9379
17.2707
16.605
17.0858
16.9009
16.4941
16.9749
16.3462
16.0133
16.7899
16.2722
16.9009
16.4201
16.679
17.1228
16.8639
17.0488
17.2337
17.1228
16.5311
16.4201
16.3092
16.5311
16.716
16.7899
16.642
16.568
17.0488
15.9393
16.5311
15.9024
15.5325
16.0503
16.7899
16.9379
16.7899
16.8269
16.568
17.1598
16.3831
17.1967
17.0118
16.4941
17.4926
17.3447
17.0858
17.1967
18.0104
17.8994
18.0843
17.0488
17.1967
17.1598
17.1598
18.0473
17.6775
17.8624
17.4186
17.8254
16.7899
17.3077
17.8994
18.1213
18.3432
18.3062
17.7885
17.7515
17.3817
17.7885
16.7899
16.9379
17.3077
17.1228
16.3462
16.3831
16.753
16.2722
17.0488
17.7515
18.676
18.8979
18.787
19.0459
18.4541
19.6006
19.7115
19.5266
19.6746
19.8595
19.0459
18.713
17.7145
17.2707
16.4941
16.4571
16.7899
16.4201
17.0488
17.2707
17.2707
17.7515
17.7145
17.4926
17.6775
17.6036
18.6391
18.5281
18.6021
18.0843
17.1967
17.7515
16.642
16.568
15.8654
15.9393
15.8654
15.8284
16.1243
16.1982
16.1243
16.3831
16.7899
17.9364
17.7515
17.8994
17.8254
17.0488
17.5666
17.6036
17.7515
17.8994
17.7515
16.8639
16.8269
16.716
16.605
17.0488
16.8639
17.8624
17.4186
18.3432
18.5651
18.5651
18.3802
18.0104
18.787
18.8609
18.1953
18.2322
19.3047
19.1568
19.3787
18.9719
18.3802
18.1583
18.1583
18.8609
18.4911
19.1938
19.0828
19.8225
19.1198
18.787
18.5651
17.8254
18.713
18.2692
18.676
18.2322
18.1953
18.0843
17.8254
17.2337
17.3447
17.4926
16.3462
15.5695
15.1997
14.4231
15.1997
15.3107
15.3107
14.682
15.2737
14.0533
14.608
14.608
14.9778
15.3846
15.3476
15.2737
14.571
15.0518
14.571
14.7929
14.3121
13.6095
13.4985
13.2396
13.2027
13.0547
12.9068
13.2766
13.5725
13.9423
14.2382
14.1272
14.534
13.9793
13.9793
14.3861
14.2751
14.8299
14.1642
14.2751
14.4601
13.9793
14.2012
14.0163
13.7204
14.4601
14.1272
14.7189
15.0518
15.0148
15.9763
16.716
16.753
17.7885
18.2322
18.3432
18.3802
19.3787
19.3047
19.8595
19.0828
18.8979
18.9719
18.8609
18.4911
18.9719
18.4541
17.6405
17.6036
17.8254
17.8994
17.4926
17.8994
18.2322
17.4926
17.6036
17.0488
17.0858
17.2337
16.3092
15.6435
16.1612
17.0488
16.0873
16.679
16.8269
16.4941
16.8639
17.7145
18.3432
19.4896
18.824
19.0459
20.1923
20.7101
21.5237
21.4127
22.4112
23.3728
22.855
23.4467
23.9645
25.5547
25.037
25.5917
26.2944
24.963
24.8891
24.7781
25.074
25.8876
26.7751
27.6997
28.0325
27.7737
28.4393
29.4749
28.4393
28.6982
29.105
30.1036
30.0666
28.2914
29.142
28.6612
29.5858
29.3269
29.7707
30.3624
30.2885
28.7722
29.4749
29.3269
30.0296
30.4734
31.7678
31.6938
31.8417
31.6198
31.7308
32.0266
31.8787
32.7663
32.8033
32.4334
31.5828
31.213
31.324
31.5459
30.6583
30.8432
30.8062
29.3639
30.0296
29.8817
30.2885
29.6228
30.2515
30.2145
29.8817
30.3254
29.068
28.8092
29.3639
29.9186
29.3639
29.068
29.9186
29.4379
29.9926
29.9926
29.9556
28.7352
28.6612
28.9941
28.4763
29.7337
28.5133
29.105
29.4749
30.2515
30.2885
30.0666
30.5843
30.4734
30.2515
30.7322
30.0296
29.8817
30.6583
30.2885
28.8092
29.2899
28.7722
28.7722
29.4379
28.2175
28.0695
28.2544
27.145
26.6642
27.145
27.071
27.4038
27.5518
27.5888
28.8462
26.9231
27.5518
28.2544
27.182
27.6997
27.6627
27.5518
27.8107
27.4778
27.2559
26.9231
26.9231
26.7012
27.6627
26.5902
27.2559
27.9586
28.1805
27.7367
27.6997
27.6997
27.5888
27.8846
27.5888
27.6997
26.8861
26.8861
26.9231
26.4053
26.4053
26.5902
27.108
27.2929
27.071
26.5533
27.145
27.2189
27.2559
27.4778
27.4778
27.6257
27.4408
27.7737
27.6997
28.7352
27.7367
27.7737
27.8107
27.034
27.5518
28.1065
28.4763
28.0325
28.5873
28.2544
28.1435
27.9216
28.1065
28.0325
27.9956
28.1065
27.8107
27.6627
26.7751
26.8861
27.2559
26.6272
26.2944
26.6642
26.5163
26.2944
26.3314
26.7751
26.7751
27.3299
26.9601
26.7382
27.2559
27.4778
27.182
26.8861
26.6272
26.4423
27.034
27.071
27.5148
27.4778
28.4763
28.1435
27.9216
27.5888
27.6627
27.5148
27.2929
26.997
26.6272
26.7382
26.9231
26.2944
25.8136
25.4438
25.8876
26.0725
26.7751
26.6272
27.145
26.997
26.7751
26.9601
25.8876
24.5932
25.5917
25.2219
25.8876
24.4083
25.5547
25.3328
25.2589
24.5562
25.037
25.1849
25.7766
26.1095
25.4068
26.0725
25.6287
25.7396
25.8506
26.2944
25.3698
25.1479
25.4808
25.5547
25.3698
25.7396
25.3698
24.926
25
25.074
24.4083
24.1864
24.3713
24.0015
24.1124
24.5192
25.037
25.4068
24.4083
24.963
24.6302
24.5932
25.1479
23.7796
24.1124
24.0385
24.5192
25.1109
24.5932
24.6302
23.2249
24.0385
24.0754
24.7041
24.1864
24.5192
24.926
25.037
24.8151
24.1864
23.7056
24.5932
25.037
25.5547
24.7041
24.2234
24.2604
23.4467
22.2263
22.7811
23.003
23.4837
23.8905
24.4822
23.7796
23.9645
24.4083
24.1494
24.5932
24.926
24.1864
24.2234
23.9645
24.2973
24.7041
24.2234
25.3328
24.8151
25.2959
25.3698
24.8521
24.4083
25.3698
25
25.5917
25.5178
25.9615
25.5547
25.3328
24.7411
25
25.037
24.963
24.8891
25.7396
24.7411
25.037
24.5192
24.1494
24.0385
25.037
24.963
24.8151
25.2589
24.5932
25.7766
25.9246
25.9615
26.9231
26.4423
26.7382
25.9615
26.1464
25.9615
25.9615
25.3698
25.4808
26.3683
25.5917
25.3698
25.2219
25.2219
25.037
25.6287
24.6672
25.8876
25.3328
25.7396
25.9615
25.6287
25.5917
24.8151
24.3713
24.7411
24.6302
25.037
25.7766
26.1464
26.6272
25.1109
24.963
24.963
24.963
24.8891
24.5932
24.8891
25.4808
25.5917
25.6657
25.8876
25.7396
24.926
24.8521
24.5932
24.1124
24.7041
23.4837
24.0385
23.7056
23.8166
22.5962
22.4852
23.003
23.0399
24.3713
23.8166
23.9275
23.2988
23.4467
23.2618
23.3358
22.892
23.8536
23.5577
23.6317
22.3743
23.7796
23.1139
23.5947
22.4112
23.9275
23.1879
22.7811
23.6686
23.4837
23.1509
23.3358
23.4837
24.5562
23.8536
23.8536
23.7796
23.4098
24.0015
23.8166
24.1124
23.4837
25.037
24.8521
24.7411
24.3713
24.0015
24.3343
24.7411
24.5562
24.5192
24.1864
25.074
23.7426
23.6317
24.2604
24.1494
23.4467
23.2618
23.9275
23.6317
23.9275
23.5577
23.2618
23.8536
23.1139
23.8905
24.1124
24.0015
24.2973
24.2604
24.5562
24.7411
24.0385
24.963
23.2249
23.7796
23.3728
23.5947
23.4467
23.9275
23.6317
22.1893
22.1893
22.1893
22.1154
22.4112
23.1879
23.2249
23.4098
23.6686
24.4822
24.1124
23.9275
23.7796
24.5562
23.6686
23.9645
24.1864
23.5947
23.3728
24.4822
23.1879
23.1509
23.7056
23.1139
23.2988
24.4453
24.1864
24.0754
24.8521
25.2219
25.4068
25.2589
26.4793
24.2604
24.1124
24.4822
24.2604
24.2234
24.7781
24.7411
24.5562
24.8521
23.4098
23.3728
23.5207
23.1139
23.4098
23.0769
23.1509
24.8151
24.1494
23.6317
23.7796
23.9645
24.2234
23.4098
23.5207
22.929
23.1139
22.966
23.8536
23.2249
23.0399
23.2249
23.1879
23.2618
23.8536
23.7796
23.7796
23.2249
23.4098
23.5207
22.892
23.2249
22.966
22.966
23.0769
23.1139
22.818
22.4482
22.2633
21.3018
21.8935
22.0414
21.9675
22.4482
23.2988
22.3373
22.4852
22.7071
22.6701
22.892
22.3373
22.7071
22.1893
23.0399
22.966
22.0784
22.4112
22.929
23.8905
23.6686
22.7811
23.2249
23.4837
24.1864
24.1494
24.5562
24.1124
23.5947
24.7781
24.3713
24.8151
24.7781
24.5932
24.0015
23.6317
23.8536
23.7796
23.5577
24.2973
24.0385
25.2219
24.963
24.7411
24.8151
25.4808
25.6287
24.963
24.963
24.6302
25.2219
24.7041
25.4808
25.1479
25.1109
25.037
24.7041
24.7041
25.2589
25.2219
24.1864
24.0385
24.5562
24.3713
24.8521
25.7396
26.2944
26.2944
26.2204
25.7396
25.7766
24.4822
25.1849
24.7781
24.8521
24.5562
25.3698
25.074
25.4068
24.6302
24.926
24.926
25.2959
25.1849
26.0355
25.7396
26.8491
26.4053
26.4053
25.5547
26.2204
25.6287
25.9985
24.7411
25.9615
26.6272
26.4793
26.7012
26.2574
25.6657
25.7396
25.7027
25.1479
26.4053
27.034
27.6257
27.2559
26.9601
26.7382
27.071
27.6627
27.9956
27.2929
27.5518
27.5888
29.179
28.0325
29.2899
27.7367
27.3669
27.5518
28.3284
28.5133
28.8831
29.5488
30.2145
29.7707
29.5488
29.8447
29.3639
28.5133
28.2544
28.5503
28.5133
28.1065
27.9216
28.3654
27.8846
27.4408
27.6627
27.6627
28.5503
29.142
29.5488
30.0666
29.3639
29.4379
27.8846
28.2544
27.7367
28.7352
28.1065
27.5148
27.3669
28.9571
28.1805
27.5888
26.997
27.4408
28.4393
28.2175
28.6612
28.9571
28.9201
28.6982
28.7352
27.5888
27.7367
28.2914
27.9956
28.6612
29.216
29.0311
27.5888
27.5888
27.4038
28.1065
28.2914
28.0325
28.2914
29.2899
28.8092
27.9956
28.8462
27.9216
27.4038
28.5503
28.9941
28.7352
28.9941
28.5873
28.6612
28.5503
28.9201
29.105
28.6243
28.6612
28.9571
28.6243
28.8092
27.6257
27.8476
27.8846
27.8846
27.5148
28.7352
27.4778
27.4408
27.6997
27.8846
27.182
27.6257
27.6257
27.071
28.1065
28.0325
27.7737
27.4408
28.1065
27.7737
27.4778
27.6627
27.5148
27.4038
27.071
26.5163
26.0355
26.5163
26.8861
26.7382
26.9231
26.6642
25.9985
26.3314
26.0725
26.4053
25.9615
25.9985
26.2204
26.8491
26.1095
26.4053
26.4053
26.2574
26.2944
26.5902
26.0355
26.1095
26.1095
26.7012
25.2589
25.9615
27.108
27.034
27.3669
25.8506
26.1834
25.2959
25.6657
26.1834
25.8136
26.1095
25.7396
26.2574
27.182
26.0355
24.7411
25.6287
25.8876
25.5547
25.4068
25.1849
25.9615
25.7396
26.0355
25.7027
24.5192
24.8151
24.5562
25.1109
25.2219
25.4438
25.2589
25.8876
25.8876
25.9985
24.3713
24.8151
24.4453
24.1124
24.5932
24.5192
24.2604
23.8536
22.966
22.7441
22.929
22.6331
23.7426
25
25.5917
24.963
25.6657
24.8891
25.7396
24.3713
24.8151
25.4438
25.1109
26.2944
27.6627
27.2929
26.6642
26.3683
26.997
26.1834
26.0355
25.1109
25.9615
26.2574
26.7012
26.1834
25.1109
24.2973
24.4822
23.6686
22.892
21.3018
21.0429
23.5577
23.7426
22.3003
23.1139
22.5222
21.9675
21.9675
20.6731
23.2988
22.1524
21.8565
22.0414
22.0044
22.5222
23.3728
22.1524
21.8565
21.4497
21.4497
21.2648
21.1169
20.6361
20.4882
20.4512
21.3018
21.2278
21.0799
20.784
21.3388
20.6731
20.6361
20.1923
19.6006
19.7855
19.5266
19.4157
19.4527
19.9334
19.3787
19.6376
19.8595
20.1183
20.1923
19.4157
19.6376
19.6006
19.4157
19.4527
18.713
19.0459
18.4172
18.676
18.2692
18.4911
17.6405
18.4172
17.4556
18.5281
19.2308
17.6775
17.8254
18.3802
19.0828
18.4541
18.4541
18.4911
17.8254
18.0473
18.2692
17.4556
17.8624
17.4556
17.4926
16.7899
17.1228
17.0118
17.0118
16.9749
17.1598
17.1967
17.1598
16.8639
16.8269
16.3831
17.1598
16.4941
16.9749
16.4571
16.7899
16.753
16.2722
15.7544
15.3476
15.7914
15.6805
15.1997
15.0518
15.2737
15.0148
14.4601
14.682
14.497
14.2012
14.9778
13.5725
14.2751
15.0518
14.2382
14.3491
13.8683
14.0163
13.7944
13.3506
13.6464
14.497
14.7559
14.2012
13.1657
13.7574
13.8314
13.8314
13.5355
13.6095
14.0902
13.7204
13.6095
13.5355
13.1657
13.5725
13.4615
13.4985
13.5725
13.7944
13.3136
13.4985
13.2027
13.1657
13.4246
12.9068
13.4985
13.0178
13.0917
13.0917
13.4985
12.8328
13.3506
12.7589
13.3136
13.8683
14.1272
13.7204
14.2012
14.1642
14.2751
13.7574
13.6095
13.3136
12.9808
13.3876
14.2382
13.8683
14.3121
14.2012
13.9053
13.6464
13.9793
14.2751
14.608
14.497
14.1272
14.4601
14.3491
14.4231
14.9408
15.7175
15.3476
15.7175
15.4586
14.8669
15.1627
15.0888
14.9038
14.3491
14.534
14.3491
15.0148
14.645
14.645
15.1257
15.2737
15.3476
15.7544
15.1627
15.9024
16.0133
15.3107
15.5695
15.6805
16.2722
16.3092
15.9393
16.8639
16.3462
16.3831
16.4941
16.2352
16.1612
15.9024
15.9024
15.6065
15.4586
16.0503
16.4941
16.1243
17.0118
16.3831
16.5311
17.1967
16.4941
16.3462
16.5311
17.0118
16.3831
16.8269
16.4201
16.1612
16.642
16.679
17.0118
16.1612
16.1243
15.2367
15.7914
15.8284
15.9393
16.4571
16.2352
16.3092
16.4201
16.605
16.1243
16.679
16.9379
16.5311
16.8639
16.3831
16.4941
15.7914
15.8284
15.7544
15.9024
15.9763
16.1243
16.0133
16.3831
16.8639
17.3447
16.4941
16.5311
16.605
16.1243
16.3462
15.4956
15.9763
15.5695
15.7544
15.6435
15.1627
15.6065
15.1627
15.2737
15.3107
14.7929
15.6435
15.4956
14.7929
15.0148
15.1627
15.4586
15.6065
15.3846
15.9024
16.3462
15.8284
15.8284
15.7914
15.8654
16.0503
15.7914
16.0133
15.6435
16.1612
15.9763
15.5325
15.0518
15.5695
15.2367
15.3107
15.4586
15.3476
15.7544
15.6065
15.9763
16.0873
16.1982
16.1243
15.6065
16.1982
15.6435
16.2722
16.1612
15.6065
15.4956
15.8654
16.3831
16.0873
16.0503
16.4941
16.2352
16.3462
16.4571
16.1612
16.9009
16.5311
16.0133
15.9024
16.568
16.0873
16.753
15.7544
15.9763
15.2737
15.2367
15.4216
15.8284
15.4586
16.3462
16.3092
16.4201
15.7175
15.9763
16.753
16.8269
16.1982
17.0488
16.4201
17.4186
17.4556
18.3062
17.3817
16.753
17.0488
17.1228
17.4556
17.3447
17.0858
16.9379
17.7515
17.2707
18.2322
17.4556
17.3447
17.8254
17.8254
18.0843
17.1228
17.7515
17.8994
17.9364
18.4172
18.1213
18.3432
17.8994
17.8624
17.8624
18.0473
18.0473
17.9734
17.6036
17.8994
17.8254
18.1953
17.6405
18.6391
17.8994
18.9719
18.4541
18.6391
18.787
19.3417
19.5636
19.5636
19.0089
19.0089
19.3047
18.3062
17.8254
18.2322
18.4541
18.6391
19.2308
18.824
18.3802
18.3432
18.5281
18.6391
19.1568
18.824
18.9349
18.9349
18.5651
18.676
19.2678
18.1583
19.0089
18.824
19.0459
18.2322
18.75
17.3817
18.4172
17.7885
18.6021
19.1198
19.3417
19.4896
19.4157
19.5636
19.3417
20.0074
20.3033
20.3033
19.9334
19.6746
18.4541
18.1583
18.4172
18.4541
18.0473
17.7515
18.676
18.713
18.2692
18.4541
18.3062
18.713
19.0089
18.4911
18.6391
18.824
18.3802
18.4172
18.787
19.7115
18.6391
18.676
19.1198
17.9734
17.9364
18.2322
17.5666
17.4926
17.7885
17.5666
17.3817
17.5666
17.0858
17.8994
17.6405
17.7145
17.8254
17.8624
18.713
18.2322
18.2322
17.8254
17.1598
17.8624
17.0118
16.4571
16.568
16.716
16.3831
16.5311
16.3462
16.716
16.9009
17.0858
16.3092
16.4571
16.753
16.5311
16.2722
17.3447
17.0118
17.6036
17.1967
17.2707
17.2707
17.4926
17.2337
16.7899
16.4571
16.7899
17.1598
17.1228
16.4941
16.8269
17.1598
17.7885
17.1598
16.8269
16.7899
17.1598
16.642
18.1213
16.642
17.1967
16.9009
16.4201
16.605
17.1598
16.7899
16.8639
16.9009
17.1967
17.8994
17.7515
17.6775
17.9364
17.7145
16.8639
16.9749
16.716
17.0858
18.1953
17.1228
17.0488
17.2337
17.8254
16.9379
17.0118
17.0118
17.2337
17.0118
17.0488
16.7899
16.9379
18.3432
17.4186
17.6036
17.7145
17.2707
17.4186
17.1967
17.0118
17.5296
17.8624
18.2322
18.1213
18.4911
17.8994
18.1953
18.1213
17.3817
17.8254
17.8994
18.6391
18.1583
18.6391
18.5281
18.5281
17.4556
18.0473
17.8624
18.824
18.8609
18.0843
18.676
18.0104
17.8254
17.5296
17.4186
17.2707
17.7145
17.3817
17.9734
17.3817
17.7885
17.9734
17.8624
17.9364
17.9734
18.3432
16.8639
17.6036
16.8639
17.4186
17.6775
17.6405
17.9364
17.1598
17.4556
17.7145
18.3432
16.9379
17.9364
18.1213
17.3077
17.2707
17.6405
17.9364
17.9734
18.3802
18.4172
18.1583
17.8254
18.0843
18.0843
17.9734
18.3802
18.3432
18.3432
17.7515
18.4911
18.1583
18.9349
18.5281
18.5651
19.1198
18.5281
18.2322
18.0104
18.4911
18.0104
19.0828
18.6391
18.9719
19.0828
18.787
18.4172
18.8979
18.6021
18.6021
18.4541
18.2692
18.0843
17.6405
17.5666
18.1953
18.2322
18.0473
17.7885
18.3802
17.6036
18.3802
17.3077
18.2692
18.1213
18.1953
17.9364
18.0843
18.8609
18.2692
17.6405
18.3802
18.676
18.1213
17.9734
18.0843
18.5651
18.5281
18.3802
18.1953
19.0089
18.4172
17.8624
18.6021
18.4541
18.6021
18.5651
18.4172
18.8979
19.4896
18.1953
18.787
18.5281
18.75
18.8609
19.0828
19.3787
19.5266
19.0089
18.9719
19.3417
19.2308
19.6746
18.9719
19.6746
19.1198
18.713
19.0459
19.8225
19.0459
19.3417
19.1568
19.5636
19.1198
19.4157
19.8964
19.0459
19.3787
19.2678
19.2308
18.9349
20.0444
19.1198
18.5281
19.2678
19.5266
19.6746
19.7115
19.4527
19.5266
20.1183
20.0074
20.0074
19.9334
20.2293
20.4142
19.8595
20.0074
19.8964
19.9704
20.0444
19.5266
19.3787
19.9704
20.0814
20.1183
19.7115
19.7115
20.3402
20.1183
20.1183
19.8595
19.3787
20.0444
20.784
20.5991
20.5621
20.858
19.5266
19.4896
20.0444
20.5251
20.3772
20.5621
20.2663
20.0444
19.7855
19.7855
19.8964
20.2293
19.2678
20.3402
19.3417
19.2678
19.1938
19.6006
19.7115
19.4896
20.0814
19.5266
19.3417
19.6006
20.3033
20.1553
19.5636
20.1553
19.6746
20.4142
20.2293
20.2293
20.3772
20.4882
21.1538
20.5621
20.821
21.2278
20.0814
20.4512
19.4896
18.9719
19.1938
18.5651
19.0089
19.1938
19.5636
19.3047
18.9719
20.1553
19.5266
19.0828
19.8595
19.4527
20.784
21.1538
20.2293
20.1553
20.1553
20.4512
20.1183
20.3402
19.8595
19.1568
19.1938
19.9704
19.5266
19.6006
19.6006
19.3417
19.2678
20.2293
20.0444
19.4527
20.2293
20.2293
19.7115
20.6361
19.9334
19.9334
19.8595
20.1923
19.8595
19.3417
18.824
18.5651
19.0089
18.676
18.6391
18.5281
19.8595
19.3417
18.9719
18.9719
19.6746
19.4157
20.2663
20.2293
19.8964
20.2663
19.5266
20.0074
20.1183
19.5636
20.0074
19.4896
18.787
19.3417
19.1198
19.0828
19.3047
19.3787
19.8964
20.3402
19.9704
19.3417
20.3772
20.5251
19.5636
20.4882
21.2278
20.0814
21.0799
20.5251
19.3417
19.4527
20.0074
19.8964
19.9334
20.0074
21.0059
19.3787
20.784
19.5636
19.8225
19.3417
20.1553
20.0814
20.4142
20.3402
20.6731
20.4142
20.2293
20.0444
19.6376
19.3047
19.4527
20.2663
20.5251
20.0444
20.1183
20.2293
20.2293
20.4882
20.2293
21.1169
20.5991
20.3033
20.4512
20.4512
20.747
20.1183
20.4512
21.6716
21.6346
21.6346
22.2633
21.8195
21.5976
22.2263
21.5607
21.0799
22.0414
22.1524
21.6716
22.1893
22.0044
22.0414
21.6716
21.7086
21.8195
22.0044
22.6331
23.4467
22.7441
23.1509
22.4852
23.3358
21.6346
21.6716
22.4852
23.2618
23.2618
23.3728
22.818
21.9305
22.0044
21.7825
23.1139
21.9675
22.0784
22.1524
22.2633
22.0784
21.3757
22.1893
21.7825
21.6346
21.5237
21.1908
20.5991
21.1908
20.6361
21.0799
21.0429
20.932
22.0784
22.4852
21.5976
21.9675
22.2263
21.4127
22.5592
21.7825
21.6716
22.0414
21.4497
21.2278
22.0414
22.0414
21.1169
22.1154
22.0414
21.9675
22.0044
22.0784
22.5592
22.966
22.1524
22.0414
22.3743
22.1154
22.1893
22.3373
22.2263
21.9675
22.5592
22.0784
22.7441
22.1893
22.7071
21.6346
21.5237
21.6346
21.7825
21.5607
22.0414
22.2263
22.5222
22.4852
23.2988
23.2249
23.0769
23.6317
22.5592
23.2249
23.4467
22.5962
22.5222
22.4112
23.0399
21.8565
21.3018
21.7086
21.1908
22.0784
21.4497
21.1538
21.5607
21.9305
21.8935
21.8935
22.4482
22.0784
21.7086
22.3743
22.0784
22.6701
22.4482
21.9305
21.7086
22.0784
22.7811
22.4482
22.2633
21.5976
22.1893
21.7825
22.1524
22.818
22.2633
22.1524
22.2263
21.7825
22.3373
22.3003
22.1893
22.818
23.1139
22.818
23.3728
22.7071
22.0414
21.9675
21.5976
20.9689
21.0429
21.5237
21.8565
21.4867
21.7456
21.5607
21.8565
21.7456
22.1524
21.7456
21.3757
22.3003
22.4852
21.6346
21.9305
22.892
22.4852
22.1154
22.5222
22.4482
21.5976
21.6346
21.7825
22.7071
22.966
23.6686
22.4852
22.4482
23.1879
23.7056
23.2988
23.9645
23.8166
23.4467
23.6686
22.3743
22.7811
23.0399
22.818
22.7071
22.3743
22.7441
22.5962
23.003
23.1879
22.4852
23.2249
23.4837
23.2618
24.1494
23.6686
23.003
23.2618
23.4098
24.3713
23.003
23.2618
22.5222
23.0769
22.892
22.966
22.4112
22.7441
22.1154
21.6346
22.1154
22.3743
22.2263
23.3358
23.2618
22.7811
23.003
23.2618
23.6317
23.5947
23.2249
23.7056
23.003
22.892
22.855
23.2988
22.3743
22.818
22.2633
23.1879
23.4467
22.929
22.5222
23.1879
23.5207
23.5207
22.855
23.1509
23.6686
23.7796
23.5207
23.3358
24.5562
23.2249
23.4098
23.5207
22.966
23.0399
22.4852
22.7071
22.2263
21.7456
22.3743
22.4482
23.1139
23.6686
23.8536
23.1879
24.0385
23.5577
23.4837
23.2618
22.6701
22.5592
23.003
22.2263
23.4837
23.7056
22.6331
23.003
23.1879
23.2618
23.2988
23.2988
23.8166
23.0769
23.003
22.929
23.2988
23.1509
23.1139
23.8166
23.2988
23.0769
23.1879
24.1494
23.2988
22.855
23.2618
23.7056
23.5947
24.0754
24.3713
24.0385
23.1879
23.3358
23.5947
23.4837
23.8905
24.0015
24.2973
24.5562
24.1494
24.963
24.1864
25.2959
24.7411
25.074
24.5932
24.7411
25.037
24.7781
24.3713
24.8521
24.5932
24.3343
24.7781
24.8891
24.4083
24.1124
24.4822
25.3328
25.8506
26.2944
25.3328
26.4053
26.4423
25.6287
25.7766
26.4053
25.7027
26.0355
25.3328
26.3683
25.5547
26.0725
26.0355
25.5917
25.4808
25.3698
24.926
25.4438
25.6287
25.5917
25.6287
25.9246
26.2944
25.5178
25.7027
25.4808
26.0355
25.074
25.1849
24.7781
24.7781
24.5562
24.1494
24.3713
25.037
25.3328
24.5562
25.4808
25.5547
25.5917
25.7396
26.0355
26.1834
25.8876
26.1464
25.2959
25.2959
24.8151
25.5178
25.4438
25.2219
24.6672
25.1109
25.5178
24.7411
24.2973
24.0385
25.3328
25.5547
24.963
24.7781
25.6657
26.1095
26.3683
26.0355
26.2574
26.0725
25.5178
25.4438
25.074
25.8506
25.1479
24.4453
25.2589
25.8506
25.3328
25.1479
25.4808
25.3328
25.3328
25.1849
25.1109
24.926
25.7027
25.037
25.074
25.8876
25.1849
24.8151
25.5178
24.8891
24.7041
24.5562
24.6302
24.6302
24.6302
24.4822
25.1479
25.074
25.037
25.6657
25.3328
26.4053
25.7396
25.5917
25.1849
24.8151
24.963
24.7781
24.2604
24.2234
24.4822
24.6672
24.1494
24.0754
23.9275
23.3728
24.0754
23.1509
23.5577
23.6317
23.4837
23.1509
23.6686
23.8905
24.4822
23.9275
24.0015
24.3343
25.1849
25.1109
25.8506
25.6657
25.5178
25.4068
25
25.2589
25.5917
25.2589
25.4068
25.9615
26.9601
27.034
26.8491
26.8121
27.182
27.8107
26.7751
27.108
26.8861
27.108
27.9216
27.4778
27.4778
26.9601
27.034
27.4038
26.7012
27.182
27.2559
27.2559
27.2929
26.8861
27.3299
27.4408
27.4038
27.071
27.6257
27.3299
27.4778
27.6627
28.1435
28.1435
27.6997
28.3284
27.8476
28.7722
28.5503
28.8462
28.5873
28.1435
27.6997
27.7737
28.1065
28.4763
28.5133
29.2899
28.7352
28.2544
28.4763
28.6243
28.4393
28.6612
29.5488
29.9186
29.3639
28.9201
28.8831
29.179
29.142
29.3269
29.5858
28.8092
30.4734
29.5488
29.8077
30.3254
30.2885
30.3994
29.8077
30.8062
30.5104
31.1391
31.1021
31.4719
30.5473
29.2899
30.0666
29.3639
28.9571
28.3654
28.9571
28.3284
29.0311
29.6598
29.216
29.179
28.3654
29.4749
29.8447
28.9941
29.179
29.3269
28.4393
28.9941
29.253
28.9941
28.7352
29.4749
29.105
29.2899
28.6243
28.7722
28.8092
29.4379
29.8447
29.7337
30.5473
30.3624
30.8802
30.9172
31.8787
31.3979
31.1391
32.3595
32.0266
31.8787
29.5488
29.142
29.7707
29.9186
29.6967
29.9186
29.6967
29.9926
30.8802
31.4349
32.0636
31.6938
32.1376
32.2855
32.6553
32.0636
32.9142
34.8743
34.8003
35.318
34.7633
35.1331
35.318
35.355
35.9467
32.9882
34.8373
35.0962
35.2441
35.7988
36.4275
37.1302
37.1672
34.7633
34.4305
35.318
34.3565
34.3565
34.3935
35.2441
34.2456
34.1716
34.0607
32.6553
32.1746
30.9911
31.1021
30.2515
30.0296
34.5784
33.6538
32.8402
32.8402
32.4334
32.5444
32.2485
30.5104
31.7678
31.6568
31.6198
30.9172
30.4364
31.213
31.3609
31.7308
34.0237
34.1346
34.2825
34.2825
34.7633
33.7278
34.5414
34.1346
33.6538
32.1746
32.3225
32.5074
33.0251
32.8033
32.5814
31.287
30.9172
32.2855
30.9911
31.0281
29.8447
30.5843
30.8802
30.9541
30.6213
31.0651
31.6568
31.4349
31.3979
31.0651
31.4719
31.1391
32.6183
32.6183
32.5074
32.6923
32.5444
32.4334
32.5074
32.7293
32.7293
32.1376
32.7293
31.1021
31.6198
31.1021
32.2115
32.8033
33.2101
32.7293
32.7663
33.247
32.8033
32.7293
32.3595
33.1731
33.4689
33.6538
32.9882
32.9142
33.247
32.3595
31.9157
32.8033
32.1376
32.4334
32.2855
31.8417
32.7663
32.6183
34.3565
33.7648
32.7663
33.1361
33.5059
33.4689
33.358
33.0991
33.8388
33.6169
32.3225
32.4334
33.0621
33.8757
33.284
33.432
32.4334
32.6183
32.5814
32.5444
32.5814
32.3964
33.0621
33.284
32.9512
32.2485
32.8772
32.1376
31.8787
31.176
31.9896
31.6938
31.7678
31.4719
31.4349
31.0281
30.8432
32.2115
32.0636
32.0266
31.4349
30.7692
30.9541
31.9527
31.213
30.3994
31.0281
30.8802
30.9541
31.5828
31.0651
31.5459
31.324
31.176
30.3624
31.1391
31.213
30.9911
30.8062
30.6953
30.7322
30.4734
30.6583
30.7322
30.6953
31.213
30.8062
31.1021
30.9172
30.9911
32.5444
31.9527
31.324
31.5828
30.5104
30.2515
30.6213
30.3624
30.7692
30.8802
31.213
31.8417
31.213
31.6938
30.5104
31.287
30.4734
30.5473
30.5104
30.7692
30.6953
31.176
31.1391
30.6213
31.324
31.287
31.8787
30.7692
31.176
31.213
31.213
31.1391
30.6213
29.9186
30.9541
31.0281
30.8802
31.6938
31.9157
30.8062
30.8802
31.7678
31.176
31.0651
31.7678
31.1021
31.6568
31.5089
31.176
31.25
30.4734
30.9172
30.8802
31.1391
30.6953
31.6938
31.5089
29.5118
30.4734
30.0296
30.0296
30.8062
30.5104
31.0651
30.9172
31.7308
30.6583
30.3254
30.6583
31.1021
30.7322
30.9911
30.9541
29.9556
30.1036
30.1775
29.142
30.0666
30.0666
29.4379
30.2145
30.2145
30.6953
31.6568
30.9541
30.8432
31.5089
30.5473
30.3624
31.8417
31.8047
31.1391
32.8033
32.1376
32.6923
32.1376
32.0636
32.3595
31.7308
31.8417
31.6568
33.0991
32.9512
32.5074
32.8402
33.1361
33.395
33.7648
32.3595
32.4334
33.4689
31.9157
32.2855
32.2485
32.6183
32.2485
32.3225
32.5444
32.0636
33.1361
32.9142
32.7663
32.8402
33.5799
33.6908
34.0237
32.6923
33.0621
33.0621
33.8388
33.1731
32.8772
32.1376
32.2855
32.2855
32.4704
31.9157
31.4719
31.25
30.5473
30.8432
31.0281
31.176
30.8062
31.0281
30.5104
30.5843
30.2885
30.6213
30.7692
30.5104
30.3994
30.8432
30.8062
31.3979
30.2515
30.2885
29.5118
30.3254
30.5104
30.5473
30.7322
30.2885
29.7707
30.4364
30.5104
30.5104
31.176
30.1405
31.176
31.1021
31.324
31.8047
31.8417
30.7322
30.9541
31.25
31.25
31.25
30.6953
30.8432
31.324
31.5089
31.4349
31.9527
31.213
31.4349
31.5459
31.6198
31.0651
31.287
31.324
31.176
31.6568
30.8802
30.7692
31.1021
32.0636
32.9142
32.1376
32.6923
32.1376
31.324
31.9527
31.25
30.9911
30.8432
31.287
30.1405
30.9911
30.3624
31.9527
31.176
31.1391
30.1036
29.8817
29.2899
30.0296
29.9186
31.0281
30.5473
30.2515
31.1021
31.9157
30.8802
32.2485
31.9896
31.4349
31.4719
31.5828
31.176
30.8802
30.8062
30.4364
30.9541
31.1021
30.5473
30.6213
30.3624
31.5089
30.9172
30.5843
30.2515
31.1021
31.9527
32.2485
32.0266
32.4704
31.9527
32.1376
31.8787
32.2485
31.8047
31.9157
31.9896
32.5814
32.6923
32.2115
32.5444
32.7293
32.2485
33.4689
32.2855
32.6183
32.4704
32.7663
32.8033
33.6908
33.6169
32.9882
34.9482
34.1716
34.3195
34.0237
33.7278
34.2086
34.7633
34.8003
33.5059
32.8033
32.9882
33.6908
34.4675
34.0607
34.9482
34.9112
34.9482
34.7633
35.2811
34.3935
34.8373
34.5044
35.0592
35.8358
35.8358
35.503
36.4275
37.2411
37.7589
37.7589
37.426
37.0932
37.3521
36.2426
36.2426
37.0932
35.466
35.5399
35.2441
36.0947
35.7249
35.6139
34.6893
34.5414
35.0962
34.6524
35.392
34.8003
35.503
35.2071
34.8003
34.9112
34.9112
34.7263
35.5769
35.9467
36.7234
36.8713
36.1686
35.9837
35.6509
35.466
36.2796
36.7234
37.6109
36.1686
37.3891
36.3905
36.8713
36.5754
36.1317
36.6124
36.3166
37.3521
36.9822
37.574
36.5385
37.0562
37.1672
37.574
38.6834
37.5
37.8328
37.9068
37.8328
36.4275
36.7973
36.2426
36.3536
35.8728
35.318
35.392
34.9482
35.466
34.9852
35.0222
35.392
35.7618
35.5769
35.355
35.1701
34.9112
35.9837
35.2071
34.7633
34.7263
34.8743
35.1331
34.8743
35.429
35.0962
34.9852
36.2426
36.0947
36.3536
35.8358
35.8358
35.7249
35.318
34.8373
36.1686
35.5769
35.6509
35.1701
36.1317
37.3151
36.4645
36.6864
36.3905
36.5754
37.0932
36.5754
36.2426
35.503
35.503
35.503
36.3166
36.5015
35.6509
35.9837
35.2071
35.2811
36.2426
35.7988
35.355
35.9098
34.8743
35.6879
34.9112
35.2441
34.5784
35.7249
36.0207
35.355
35.8358
35.5769
35.1331
35.6879
35.9467
35.6509
35.1701
34.2456
34.9112
34.5784
34.4305
35.6139
35.503
35.8728
35.7988
35.6509
35.318
34.0237
35.0222
34.5044
34.8373
33.6908
33.432
33.8388
33.5429
32.5814
33.6169
33.358
33.0251
32.2855
32.5814
31.4719
32.4334
31.6198
32.1006
32.1376
33.0621
32.8033
32.6183
33.358
33.321
33.2101
33.0621
32.9512
32.8402
33.284
32.4704
32.6183
32.5074
33.0991
33.1731
33.0621
32.5444
32.4334
33.247
31.7678
31.6568
31.9896
31.6938
31.287
32.0266
30.8432
32.6553
32.2855
33.1731
32.2485
32.7663
33.2101
33.358
33.0251
32.5814
32.3225
32.6923
32.0636
32.2485
31.7308
32.9142
32.6183
33.432
33.6908
33.395
32.7293
33.321
32.0266
32.8033
33.0621
33.0991
31.25
32.0636
32.3595
32.2855
30.8432
32.3964
32.3225
32.9882
32.9512
31.6568
32.6553
31.6938
32.1376
32.7293
33.0621
31.9157
31.5828
31.5089
30.7692
29.7337
30.8432
30.6953
30.4734
30.3254
30.2885
30.2145
28.9201
28.4024
28.6982
29.4379
27.108
25.8136
25.8876
25.5178
24.4453
23.7796
23.8166
22.5222
22.6331
22.892
21.5237
21.4867
20.4142
20.0814
20.895
19.5636
19.1568
18.3062
17.7885
17.3817
17.0488
16.716
16.679
16.9009
16.679
17.2337
17.4186
17.0118
17.3447
17.1967
17.2337
17.1598
16.3092
16.4941
16.9009
16.679
17.4556
17.6775
16.8639
18.0473
17.8994
18.1583
18.787
18.713
18.4541
18.0843
18.0473
18.75
18.8609
19.4527
18.75
18.8609
18.6021
18.2322
18.0473
17.8994
17.3817
18.4911
17.6036
17.1598
16.9749
17.0118
16.679
16.3831
15.8284
16.3831
16.9009
16.0873
16.1982
15.6435
16.1243
16.3462
16.4941
15.9763
15.7914
15.9763
15.7175
15.3107
14.7929
15.0888
15.5325
16.0133
16.0873
15.9024
16.1243
15.7175
15.7914
15.4956
16.3462
17.0118
16.9379
17.0858
17.7885
17.2707
17.3077
17.4556
18.1213
17.8254
18.1213
17.9364
17.5666
17.1967
16.9749
17.2707
16.5311
17.3817
16.8269
16.5311
17.1967
17.1598
16.605
16.1243
15.7914
16.4941
15.5325
16.0873
16.1612
15.9763
15.5695
16.0133
15.5325
15.1257
14.645
15.0148
14.8669
14.9778
14.608
14.8669
14.9778
14.9778
14.534
15.3846
15.2737
15.6805
15.3107
16.1612
15.6805
17.3817
18.0104
17.2707
17.7145
17.2337
16.642
17.1967
17.7515
19.2308
18.713
18.8609
17.9364
18.4541
17.9364
17.7145
17.4926
17.8994
19.1198
19.4896
19.1568
18.9719
18.75
18.2692
18.4911
18.2692
18.0473
17.6036
17.6405
18.0473
17.6405
17.3077
17.4926
18.2322
16.9379
17.2707
17.5296
17.1228
17.0858
17.6775
17.6036
16.8269
16.0873
16.568
16.3462
16.642
16.642
16.3831
16.4941
16.3831
16.1243
16.2352
16.4571
16.8639
16.9379
16.716
17.4556
17.3817
16.7899
16.9379
17.0118
17.6775
17.9734
17.8994
18.0843
18.8979
18.787
18.0843
18.4911
18.4541
18.2322
18.0843
18.4541
18.6021
18.3432
18.6391
18.6021
19.2308
19.8964
20.5251
20.5621
20.932
21.3757
20.821
20.4512
21.5237
20.895
20.784
20.5991
21.4867
20.747
21.1908
20.932
20.895
21.1908
21.1169
21.3757
21.0429
21.1169
21.0059
21.3388
21.5976
21.4867
21.9305
21.6346
22.5962
21.5607
22.1524
21.7086
22.2633
21.6716
22.1893
22.929
22.892
22.929
22.3373
23.0399
22.818
23.8905
22.6331
22.966
22.7441
23.4098
23.7796
22.6701
23.3728
22.7441
22.3003
21.5976
21.7086
22.3003
22.2633
21.4127
20.3402
20.4142
20.3402
19.8595
19.8964
18.9719
19.1568
17.8624
17.7515
17.9364
17.4926
17.4926
17.6405
18.1583
17.7885
17.8624
18.1213
17.8254
17.8624
17.1967
16.9379
17.9734
16.7899
16.716
16.9379
17.1967
17.0488
17.0858
17.0488
17.1228
16.7899
17.1228
17.4926
17.8624
18.4911
17.8254
17.7145
17.1598
17.6405
17.4926
16.7899
17.3077
17.6775
16.4571
16.3462
16.5311
17.0858
17.7515
16.9749
17.8994
17.8624
17.8994
18.676
18.6391
19.8964
19.4896
20.0444
20.1923
20.6361
20.1183
20.1553
20.0444
19.4157
19.5266
19.8225
19.1568
20.1183
19.3787
19.3417
19.7115
19.8225
19.8225
20.3033
19.9704
20.3033
20.2293
20.0074
19.9334
20.4142
20.6731
20.6731
19.5636
19.0828
19.0828
18.9719
18.6391
19.1568
18.6021
19.1938
19.0459
19.0089
19.9704
20.1553
20.5991
20.784
20.5251
19.4896
21.5237
20.6361
20.4882
20.0814
19.7115
19.6746
18.5281
18.3802
18.1953
18.2322
17.8254
18.824
18.3802
18.787
19.0459
17.9364
18.9349
18.713
18.824
18.9719
19.1938
18.787
18.5281
18.0473
18.4541
17.7885
17.0858
16.4941
17.4556
17.1228
16.716
16.2722
16.716
16.1243
16.2352
16.4941
16.9379
17.1228
16.4201
16.642
17.1598
18.6391
18.6021
18.1213
17.6036
17.7515
17.7515
17.6036
17.6405
16.8269
16.3462
17.0488
15.9393
16.679
16.4571
16.8639
17.0488
16.2352
16.753
17.2707
17.2707
16.568
16.2722
16.1982
16.4201
16.7899
17.1967
17.6036
17.8624
17.9734
18.6021
17.9364
17.4556
18.0843
19.1568
18.9719
17.1598
17.8254
17.5666
18.5281
18.2692
18.6021
18.6021
18.5651
18.5651
19.0459
18.8609
19.4157
19.4157
19.4157
19.1938
19.4157
18.75
18.5651
18.5651
18.4172
18.4541
18.6391
18.6021
19.7115
19.2678
19.9334
18.824
19.4527
19.9704
20.5251
21.4867
21.3388
20.858
21.0799
20.895
19.9704
20.1183
19.6006
19.4896
20.2663
19.3417
19.6746
19.9334
20.0444
20.747
20.4882
20.747
20.3402
20.1553
20.6361
20.6361
21.1538
21.0059
20.5251
21.0799
20.895
20.5991
20.0074
19.6006
18.824
18.713
17.9364
18.6391
18.5651
19.0459
18.75
19.2678
19.2308
19.5266
19.6746
18.9719
18.4172
18.3432
18.824
18.5651
19.3047
18.6021
18.5651
19.7115
19.0089
19.4157
19.1568
19.3417
19.0459
20.2293
20.0814
21.4127
21.4127
20.2293
20.784
20.932
20.858
20.5991
19.9704
19.2308
20.858
20.7101
20.4142
20.784
21.0059
20.784
20.784
21.1169
21.0799
20.6731
21.5237
20.1923
20.6731
21.1538
20.9689
21.3018
22.2263
20.7101
21.7456
21.2648
21.3018
21.4867
20.932
20.7101
20.3772
20.4142
20.895
21.2278
20.7101
20.3772
19.8225
20.0074
20.3033
19.3417
19.7485
19.6746
19.5636
20.0444
19.6376
19.1568
18.9349
19.7115
18.8979
19.0828
18.9349
18.5651
17.8624
17.8254
18.5281
18.0843
18.4172
18.1953
18.676
18.4172
18.0843
18.3802
18.0473
18.0473
17.3447
17.4186
17.7145
17.5296
17.7515
17.6775
18.0473
18.2692
18.2322
18.1213
18.1213
18.1213
17.7885
19.0089
18.8979
19.1198
18.8979
19.3417
19.1198
20.0444
20.5251
20.5991
20.784
20.0814
20.1923
21.0059
20.1553
20.2663
19.9334
19.9334
20.0444
18.9719
19.6746
20.2663
19.9704
20.0814
20.4882
20.0074
20.4512
20.895
20.2663
21.0059
21.1538
20.895
20.858
20.9689
20.6731
21.1538
20.932
20.7101
20.784
21.0429
21.5976
20.784
21.0429
20.932
21.1169
21.5237
21.5607
22.0044
21.1169
22.5222
23.2249
23.6686
22.6331
22.7811
23.2618
23.1509
22.7441
22.5222
22.7071
22.2633
21.9305
22.0414
22.0044
21.2278
22.0784
22.3373
21.5237
21.6716
21.1169
21.2278
21.7086
22.0414
22.1154
21.3018
21.5237
22.0414
21.0799
21.9305
20.9689
21.3388
20.0444
20.747
20.2293
19.9704
20.3402
20.0074
19.2678
20.0444
18.824
19.1568
19.4157
19.5266
19.7115
19.0459
19.0828
19.7855
19.6376
18.787
19.8964
18.9719
18.75
18.6021
19.0459
18.676
18.1583
18.0473
18.2692
18.2692
18.8609
18.2692
18.6391
18.1213
18.4172
18.5281
18.3062
19.0828
18.713
19.3787
19.4896
20.0074
19.8595
19.4896
19.2678
19.3047
18.9349
18.9719
18.9719
19.6006
19.7485
19.7485
19.6746
19.6746
20.9689
21.1169
20.2663
20.6361
20.5621
21.8935
22.0044
21.8935
22.4482
21.4127
20.4142
19.8225
21.3018
21.1538
21.6716
21.1169
21.5976
20.4882
20.895
20.6731
21.0059
20.932
21.0799
20.747
21.1908
21.4127
21.7086
21.7086
21.7456
21.7086
21.5976
21.3757
22.4112
21.7825
21.1538
21.0059
21.0799
21.4127
21.1908
20.821
20.821
21.0059
20.5251
20.3033
21.5607
21.3388
21.1169
20.895
20.0444
20.4142
20.6361
20.1553
20.3402
19.3417
19.1198
19.4157
18.5281
18.5651
18.787
18.75
18.1213
19.4527
19.0089
19.1198
20.1183
19.6746
19.7485
19.8964
19.1938
19.7855
19.0828
19.6006
18.8609
19.0459
19.0828
18.0843
17.7515
17.7885
17.8254
17.7885
18.5281
18.3802
19.4527
19.2308
20.0074
18.713
19.6746
20.0074
20.3772
20.3772
20.784
21.6346
21.1908
20.2663
19.8964
20.3033
19.9334
20.3033
20.6731
21.0429
21.6716
21.4497
21.3757
21.8565
22.1893
22.7071
22.4112
23.3358
23.7796
23.7426
23.5577
23.1139
24.3713
24.4453
24.2973
23.7426
23.8166
23.8166
23.5947
23.1879
23.3358
22.892
23.0399
23.5577
23.9645
24.1124
23.5207
23.7796
24.0385
24.0385
24.0385
23.7056
24.7411
24.3713
25
24.3713
25.1109
24.5192
24.963
24.4822
24.5562
23.7426
24.1124
23.9275
23.8166
23.6317
24.2604
24.0385
23.8905
23.4467
23.4837
22.6331
22.7071
21.8935
22.4482
21.1538
20.895
21.7825
21.9675
20.6731
20.784
20.1183
19.6746
19.5266
18.8609
19.4157
19.0828
18.713
18.824
18.1953
17.9734
17.7885
17.1598
16.1243
15.7914
14.608
13.9423
13.2766
12.9068
12.7219
12.426
11.6124
10.9098
11.1317
9.35651
8.65385
7.80325
7.58136
7.2855
6.69379
6.54586
6.13905
5.8432
4.88166
4.88166
3.9571
3.21746
2.32988
1.6642
2.73669
2.44083
2.25592
2.07101
1.62722
1.44231
1.51627
1.22041
1.22041
1.55325
1.59024
1.44231
1.6642
1.73817
1.59024
1.55325
1.73817
1.77515
2.07101
2.25592
2.36686
2.40385
2.25592
1.84911
1.99704
2.25592
2.03402
2.10799
1.96006
1.92308
1.6642
1.59024
1.55325
2.07101
2.07101
2.18195
1.96006
1.99704
1.88609
1.73817
1.33136
1.84911
2.44083
1.99704
1.59024
1.6642
1.84911
1.70118
1.84911
1.6642
3.80917
3.5503
3.73521
3.84615
3.73521
3.66124
3.40237
3.29142
5.25148
4.95562
4.91864
5.54734
5.02959
4.51183
4.88166
4.69675
5.65828
5.32544
4.69675
4.9926
5.02959
5.06657
5.10355
5.32544
5.39941
5.36243
5.91716
5.80621
5.28846
4.5858
4.28994
4.32692
4.21598
4.10503
3.9571
4.03107
3.73521
4.28994
3.73521
4.25296
4.21598
4.43787
4.62278
4.88166
4.84467
5.39941
5.73225
5.39941
5.73225
5.58432
5.17751
5.25148
4.91864
4.47485
4.69675
4.73373
4.28994
3.69822
3.80917
3.3284
3.58728
2.9216
3.5503
3.88314
3.88314
3.3284
3.40237
4.03107
4.47485
4.17899
4.14201
4.25296
3.58728
2.9216
2.66272
2.51479
2.66272
2.66272
2.2929
2.55178
2.51479
1.96006
1.6642
1.73817
1.62722
1.96006
1.81213
1.81213
1.96006
1.73817
1.59024
1.55325
1.51627
1.73817
1.36834
1.62722
1.40533
1.47929
1.59024
1.47929
1.47929
1.44231
1.40533
1.36834
1.36834
0.998521
2.18195
1.77515
1.73817
1.81213
1.70118
1.33136
1.29438
1.44231
2.18195
2.07101
2.03402
1.88609
1.77515
1.6642
1.88609
1.81213
1.96006
1.96006
2.18195
2.32988
2.14497
1.92308
2.18195
2.14497
2.10799
2.2929
2.36686
2.51479
2.44083
2.47781
2.44083
2.2929
2.44083
2.58876
2.62574
2.47781
2.18195
2.40385
2.62574
2.44083
2.2929
2.32988
2.6997
2.58876
2.73669
2.99556
2.77367
2.66272
3.25444
3.18047
2.84763
3.3284
2.88462
3.21746
3.06953
3.3284
3.10651
3.36538
3.40237
3.43935
3.43935
3.66124
3.69822
3.73521
3.80917
3.62426
4.06805
4.21598
4.17899
4.17899
4.36391
4.47485
4.5858
4.06805
4.17899
3.73521
4.36391
4.95562
5.06657
5.6213
6.06509
6.17604
5.76923
5.58432
5.88018
6.21302
6.36095
6.98964
7.35947
6.69379
5.10355
5.69527
4.9926
5.17751
5.54734
5.88018
6.25
6.02811
4.65976
4.51183
4.28994
4.65976
4.5858
4.95562
4.95562
5.32544
4.21598
4.5858
4.32692
4.47485
5.17751
5.43639
5.32544
5.51036
4.36391
4.03107
4.21598
4.10503
3.9571
3.9571
4.03107
4.32692
4.28994
4.62278
4.84467
5.06657
5.06657
4.9926
4.9926
4.80769
4.91864
5.88018
5.91716
5.73225
5.69527
5.39941
5.80621
5.54734
5.47337
5.36243
4.9926
5.14053
4.77071
5.2145
5.36243
5.25148
4.65976
4.17899
4.69675
4.51183
4.36391
4.43787
4.06805
3.88314
3.92012
3.69822
3.47633
3.18047
3.5503
3.40237
3.10651
3.5503
3.47633
2.40385
2.58876
2.40385
2.66272
2.51479
2.99556
2.9216
3.21746
2.95858
2.14497
2.40385
2.32988
2.55178
2.40385
2.44083
2.58876
2.6997
2.40385
2.47781
2.40385
2.6997
2.81065
2.66272
2.62574
2.81065
2.58876
3.06953
2.84763
2.99556
2.95858
3.25444
3.03254
2.84763
3.10651
2.84763
2.6997
2.9216
2.99556
2.66272
2.66272
2.66272
2.77367
2.6997
2.6997
2.6997
2.47781
2.66272
2.47781
2.47781
2.55178
3.14349
2.99556
2.9216
2.9216
2.99556
3.29142
3.21746
3.21746
4.14201
4.17899
4.73373
4.5858
4.77071
4.69675
4.43787
4.65976
3.58728
3.58728
3.58728
3.62426
3.88314
3.77219
3.77219
4.06805
2.9216
3.06953
2.99556
2.88462
2.77367
2.73669
2.99556
2.58876
2.77367
2.55178
2.51479
2.58876
2.47781
1.99704
1.96006
1.88609
2.58876
2.2929
2.58876
2.36686
2.62574
2.36686
2.55178
2.44083
2.51479
3.40237
3.73521
3.40237
3.9571
3.9571
3.66124
3.62426
3.80917
4.28994
4.62278
4.9926
4.91864
4.9926
4.77071
4.84467
4.80769
4.47485
4.36391
4.28994
4.21598
4.10503
4.14201
3.99408
3.84615
4.40089
4.54882
4.47485
3.99408
3.92012
3.80917
3.73521
3.84615
2.77367
2.9216
2.88462
2.73669
2.6997
2.77367
2.47781
2.18195
2.07101
1.96006
2.10799
1.99704
1.96006
2.03402
1.70118
1.70118
1.70118
3.5503
3.40237
3.47633
3.80917
3.80917
3.88314
3.88314
4.06805
4.9926
5.06657
5.32544
4.80769
5.14053
5.06657
4.80769
4.84467
2.14497
2.36686
2.32988
2.10799
1.92308
2.07101
1.84911
2.25592
1.29438
1.18343
1.22041
1.0355
1.2574
1.22041
1.33136
1.14645
1.36834
1.33136
1.62722
1.44231
1.29438
1.29438
1.29438
1.55325
2.84763
2.9216
2.73669
2.88462
2.95858
3.43935
3.43935
3.21746
3.3284
4.65976
5.02959
4.84467
4.77071
4.77071
5.39941
5.65828
5.76923
4.88166
4.73373
4.5858
4.47485
4.9926
5.32544
5.28846
5.02959
7.02663
7.02663
6.98964
7.17456
7.13757
7.10059
6.95266
6.47189
7.98817
8.39497
8.69083
7.98817
8.91272
9.02367
8.65385
8.13609
4.32692
3.9571
4.51183
4.43787
4.43787
4.36391
4.03107
3.77219
4.06805
2.6997
2.99556
2.81065
3.03254
2.73669
3.03254
2.77367
3.03254
3.21746
3.36538
3.14349
3.36538
2.9216
3.36538
3.47633
4.10503
2.62574
2.51479
2.58876
2.84763
2.55178
2.47781
2.51479
2.18195
1.99704
2.07101
2.81065
2.44083
2.6997
2.77367
2.9216
2.77367
3.06953
2.84763
2.77367
2.58876
2.36686
2.44083
2.32988
2.44083
5.47337
5.36243
5.6213
6.02811
5.95414
6.06509
6.02811
5.80621
6.02811
7.58136
7.43343
7.10059
7.24852
7.84024
7.58136
7.24852
7.69231
5.88018
5.80621
6.39793
6.28698
5.80621
5.99112
5.8432
5.65828
3.43935
3.47633
3.03254
3.21746
3.25444
3.40237
2.99556
2.95858
2.51479
2.51479
2.2929
2.14497
1.88609
1.88609
1.96006
1.70118
1.88609
2.32988
2.10799
1.92308
1.77515
1.88609
1.96006
1.92308
3.36538
3.66124
3.58728
3.80917
3.88314
3.73521
3.88314
3.73521
3.58728
4.21598
4.43787
4.65976
4.65976
5.36243
5.32544
4.69675
5.36243
4.51183
4.80769
4.77071
5.06657
4.73373
4.9926
5.02959
4.91864
8.72781
8.61686
8.35799
8.76479
9.13462
8.43195
8.61686
9.06065
8.21006
7.98817
7.9142
7.5074
8.21006
7.2855
7.39645
8.06213
4.32692
4.5858
4.40089
4.69675
3.80917
4.40089
4.51183
4.43787
4.32692
4.73373
4.65976
4.84467
4.84467
4.43787
4.32692
4.62278
4.17899
2.84763
2.84763
2.9216
2.95858
2.77367
2.95858
2.73669
2.66272
2.10799
2.2929
2.03402
2.07101
1.92308
2.07101
1.73817
1.88609
1.29438
1.51627
1.36834
1.55325
1.36834
1.22041
1.40533
1.33136
2.44083
2.14497
1.84911
2.62574
2.40385
2.21893
2.07101
2.25592
5.47337
5.6213
5.54734
5.88018
5.91716
5.69527
5.80621
6.06509
5.39941
4.25296
4.06805
3.77219
3.62426
4.28994
3.58728
3.99408
4.36391
1.40533
1.51627
1.59024
1.59024
1.6642
1.59024
1.47929
1.51627
1.29438
1.40533
1.36834
1.22041
1.18343
1.29438
1.14645
1.36834
1.92308
1.6642
1.96006
1.81213
2.03402
1.81213
2.10799
1.99704
4.14201
4.36391
4.25296
3.99408
3.77219
4.17899
4.17899
4.62278
4.88166
5.36243
5.32544
4.9926
5.28846
5.28846
5.39941
5.06657
5.28846
6.8787
6.69379
7.02663
7.02663
6.54586
7.13757
6.98964
6.8787
9.94822
9.87426
9.24556
9.54142
9.20858
8.76479
9.61538
8.72781
5.65828
5.28846
5.36243
5.58432
5.2145
5.17751
5.17751
5.39941
3.77219
3.5503
3.29142
3.47633
3.73521
3.43935
3.43935
3.62426
2.55178
2.84763
3.18047
3.51331
3.10651
3.69822
3.14349
3.21746
3.18047
2.18195
1.99704
2.14497
2.10799
2.51479
2.44083
2.55178
2.36686
2.32988
1.81213
1.92308
1.77515
1.70118
1.70118
2.07101
2.03402
3.43935
3.5503
3.58728
3.66124
3.84615
3.73521
3.73521
3.77219
3.66124
3.88314
4.14201
3.9571
4.03107
3.88314
3.99408
3.84615
4.9926
5.14053
4.62278
4.65976
4.88166
5.28846
4.80769
4.51183
4.80769
4.47485
4.21598
4.06805
3.84615
3.84615
3.77219
4.14201
4.5858
4.17899
4.03107
4.17899
4.14201
4.03107
4.51183
4.21598
3.9571
3.03254
3.21746
3.10651
3.3284
3.21746
3.21746
2.99556
3.40237
3.14349
3.25444
2.88462
2.95858
2.73669
2.88462
2.84763
2.9216
3.69822
4.36391
4.28994
4.10503
4.14201
4.17899
4.47485
4.21598
4.25296
4.28994
4.17899
4.06805
3.69822
3.62426
3.88314
4.14201
4.5858
5.58432
5.73225
5.80621
5.88018
5.69527
5.65828
5.39941
5.51036
5.25148
6.02811
5.91716
5.65828
5.6213
5.95414
5.69527
5.8432
4.77071
5.36243
4.54882
4.69675
5.28846
5.17751
4.80769
4.80769
4.06805
4.36391
4.32692
4.36391
4.62278
4.77071
5.10355
4.95562
4.69675
4.43787
4.5858
4.40089
4.84467
4.73373
4.10503
4.25296
5.17751
4.73373
4.51183
3.80917
4.10503
4.28994
4.17899
4.62278
4.84467
3.66124
3.21746
3.58728
3.43935
3.5503
3.80917
3.40237
3.73521
3.25444
2.95858
3.03254
3.73521
3.77219
3.80917
3.5503
3.62426
3.25444
3.06953
2.95858
3.25444
3.29142
3.36538
3.03254
2.73669
2.99556
3.51331
2.9216
3.14349
3.43935
3.18047
3.29142
3.88314
3.06953
2.9216
2.9216
2.73669
2.88462
2.6997
2.99556
2.9216
2.6997
2.9216
3.10651
3.14349
3.18047
3.14349
3.21746
3.21746
3.18047
3.62426
3.66124
3.51331
3.62426
3.58728
3.66124
4.03107
4.10503
4.51183
4.06805
4.06805
4.28994
4.21598
3.77219
4.14201
3.92012
4.28994
3.73521
3.58728
4.21598
3.88314
4.06805
4.03107
4.40089
4.21598
3.88314
4.14201
3.80917
4.21598
3.92012
3.99408
3.9571
4.32692
3.73521
3.88314
3.73521
3.47633
3.62426
4.03107
3.84615
4.03107
4.32692
4.03107
4.17899
4.10503
4.36391
3.92012
4.43787
4.47485
3.43935
3.51331
3.25444
3.40237
4.14201
3.92012
4.28994
4.14201
5.2145
5.36243
4.65976
4.73373
4.36391
4.51183
4.36391
4.03107
4.5858
4.62278
4.9926
5.47337
5.58432
5.6213
5.91716
6.17604
5.10355
5.10355
5.02959
5.2145
4.73373
4.47485
4.21598
3.84615
3.88314
3.62426
3.69822
3.88314
3.73521
3.84615
3.62426
3.73521
3.73521
3.06953
3.3284
4.25296
3.84615
4.21598
3.99408
4.43787
4.28994
3.47633
3.73521
3.92012
3.92012
4.36391
3.99408
3.9571
3.29142
4.25296
3.99408
3.47633
3.43935
3.5503
3.43935
3.29142
3.3284
2.95858
3.03254
3.29142
3.47633
3.14349
3.58728
3.40237
3.73521
3.9571
3.92012
3.69822
3.47633
3.43935
3.77219
3.40237
3.73521
4.03107
3.80917
3.69822
3.21746
3.14349
3.03254
2.88462
2.81065
2.73669
2.58876
2.73669
2.47781
2.62574
2.84763
2.66272
2.95858
3.06953
3.18047
3.29142
3.3284
3.69822
3.40237
3.25444
3.29142
2.62574
2.95858
2.95858
2.9216
2.6997
3.14349
3.03254
2.95858
2.84763
2.84763
2.9216
3.06953
2.88462
2.81065
2.6997
3.18047
2.9216
2.58876
3.21746
3.5503
3.51331
3.88314
3.58728
3.29142
2.6997
2.77367
2.99556
2.95858
2.51479
2.40385
2.62574
2.95858
3.14349
2.88462
2.99556
2.9216
2.9216
2.88462
2.95858
2.6997
2.73669
2.81065
2.81065
3.40237
3.43935
3.66124
3.77219
3.69822
4.14201
3.3284
3.5503
3.77219
3.40237
3.25444
3.21746
3.03254
3.29142
3.21746
3.18047
2.9216
3.06953
2.77367
2.95858
2.88462
2.84763
3.03254
2.44083
2.47781
2.14497
2.66272
2.73669
2.66272
2.55178
2.32988
2.77367
2.95858
3.03254
2.77367
2.95858
2.44083
2.77367
2.84763
2.47781
2.77367
2.62574
2.84763
2.81065
2.95858
2.58876
2.9216